update,points,mean_tasks,total_tasks,total_orgs,task_0,task_1,task_2,task_3,task_4,task_5,task_6,task_7,task_8
0,0,nan,0,10,0,0,0,0,0,0,0,0,0
1,0,nan,0,10,0,0,0,0,0,0,0,0,0
2,0,nan,0,10,0,0,0,0,0,0,0,0,0
3,12,8,8,11,0,0,0,0,0,0,0,0,1
4,12,8,8,11,0,0,0,0,0,0,0,0,1
5,12,8,8,11,0,0,0,0,0,0,0,0,1
6,12,8,8,11,0,0,0,0,0,0,0,0,1
7,12,8,8,11,0,0,0,0,0,0,0,0,1
8,12,8,8,11,0,0,0,0,0,0,0,0,1
9,12,8,8,11,0,0,0,0,0,0,0,0,1
10,12,8,8,11,0,0,0,0,0,0,0,0,1
11,12,8,8,11,0,0,0,0,0,0,0,0,1
12,12,8,8,11,0,0,0,0,0,0,0,0,1
13,24,8,8,12,0,0,0,0,0,0,0,0,1
14,16,8,16,14,0,0,0,0,0,0,0,0,2
15,16,8,16,14,0,0,0,0,0,0,0,0,2
16,28,8,24,15,0,0,0,0,0,0,0,0,3
17,40,8,32,16,0,0,0,0,0,0,0,0,4
18,40,8,32,16,0,0,0,0,0,0,0,0,4
19,52,8,40,17,0,0,0,0,0,0,0,0,5
20,64,8,48,18,0,0,0,0,0,0,0,0,6
21,64,8,48,18,0,0,0,0,0,0,0,0,6
22,64,8,48,18,0,0,0,0,0,0,0,0,6
23,76,8,56,19,0,0,0,0,0,0,0,0,7
24,76,8,56,19,0,0,0,0,0,0,0,0,7
25,76,8,56,19,0,0,0,0,0,0,0,0,7
26,88,8,64,20,0,0,0,0,0,0,0,0,8
27,88,8,64,20,0,0,0,0,0,0,0,0,8
28,88,8,64,20,0,0,0,0,0,0,0,0,8
29,88,8,64,20,0,0,0,0,0,0,0,0,8
30,88,8,64,20,0,0,0,0,0,0,0,0,8
31,88,8,64,20,0,0,0,0,0,0,0,0,8
32,88,8,64,20,0,0,0,0,0,0,0,0,8
33,88,8,64,20,0,0,0,0,0,0,0,0,8
34,88,8,64,20,0,0,0,0,0,0,0,0,8
35,88,8,64,20,0,0,0,0,0,0,0,0,8
36,88,8,64,20,0,0,0,0,0,0,0,0,8
37,88,8,64,20,0,0,0,0,0,0,0,0,8
38,112,8,72,21,0,0,0,0,0,0,0,0,9
39,92,8,72,22,0,0,0,0,0,0,0,0,9
40,92,8,72,22,0,0,0,0,0,0,0,0,9
41,92,8,72,22,0,0,0,0,0,0,0,0,9
42,92,8,72,22,0,0,0,0,0,0,0,0,9
43,92,8,72,22,0,0,0,0,0,0,0,0,9
44,92,8,72,22,0,0,0,0,0,0,0,0,9
45,92,8,72,22,0,0,0,0,0,0,0,0,9
46,92,8,72,22,0,0,0,0,0,0,0,0,9
47,92,8,72,22,0,0,0,0,0,0,0,0,9
48,92,8,72,22,0,0,0,0,0,0,0,0,9
49,104,8,80,23,0,0,0,0,0,0,0,0,10
50,104,8,80,23,0,0,0,0,0,0,0,0,10
51,104,8,80,23,0,0,0,0,0,0,0,0,10
52,128,8,80,23,0,0,0,0,0,0,0,0,10
53,108,8,80,23,0,0,0,0,0,0,0,0,10
54,108,8,80,23,0,0,0,0,0,0,0,0,10
55,120,8,80,24,0,0,0,0,0,0,0,0,10
56,120,8,80,24,0,0,0,0,0,0,0,0,10
57,120,8,80,24,0,0,0,0,0,0,0,0,10
58,132,8,80,24,0,0,0,0,0,0,0,0,10
59,112,8,80,25,0,0,0,0,0,0,0,0,10
60,112,8,80,25,0,0,0,0,0,0,0,0,10
61,124,8,80,25,0,0,0,0,0,0,0,0,10
62,124,8,80,25,0,0,0,0,0,0,0,0,10
63,124,8,80,25,0,0,0,0,0,0,0,0,10
64,136,8,80,25,0,0,0,0,0,0,0,0,10
65,128,8,88,26,0,0,0,0,0,0,0,0,11
66,128,8,80,26,0,0,0,0,0,0,0,0,10
67,120,8,80,28,0,0,0,0,0,0,0,0,10
68,100,8,80,29,0,0,0,0,0,0,0,0,10
69,100,8,80,29,0,0,0,0,0,0,0,0,10
70,112,8,80,30,0,0,0,0,0,0,0,0,10
71,124,8,88,30,0,0,0,0,0,0,0,0,11
72,124,8,88,30,0,0,0,0,0,0,0,0,11
73,136,8,88,30,0,0,0,0,0,0,0,0,11
74,108,8,88,30,0,0,0,0,0,0,0,0,11
75,120,8,88,30,0,0,0,0,0,0,0,0,11
76,132,8,88,31,0,0,0,0,0,0,0,0,11
77,124,8,96,32,0,0,0,0,0,0,0,0,12
78,124,8,88,32,0,0,0,0,0,0,0,0,11
79,104,8,88,32,0,0,0,0,0,0,0,0,11
80,104,8,88,32,0,0,0,0,0,0,0,0,11
81,140,8,88,32,0,0,0,0,0,0,0,0,11
82,140,8,88,32,0,0,0,0,0,0,0,0,11
83,140,8,88,32,0,0,0,0,0,0,0,0,11
84,164,8,96,33,0,0,0,0,0,0,0,0,12
85,144,8,96,33,0,0,0,0,0,0,0,0,12
86,144,8,96,33,0,0,0,0,0,0,0,0,12
87,160,8,96,34,0,0,0,0,0,0,0,0,12
88,140,8,96,34,0,0,0,0,0,0,0,0,12
89,140,8,96,34,0,0,0,0,0,0,0,0,12
90,152,8,96,34,0,0,0,0,0,0,0,0,12
91,144,8,104,35,0,0,0,0,0,0,0,0,13
92,156,8,104,35,0,0,0,0,0,0,0,0,13
93,168,8,104,35,0,0,0,0,0,0,0,0,13
94,160,8,112,35,0,0,0,0,0,0,0,0,14
95,160,8,112,35,0,0,0,0,0,0,0,0,14
96,172,8,112,35,0,0,0,0,0,0,0,0,14
97,208,8,120,36,0,0,0,0,0,0,0,0,15
98,164,8,120,36,0,0,0,0,0,0,0,0,15
99,176,8,120,36,0,0,0,0,0,0,0,0,15
100,172,8,128,37,0,0,0,0,0,0,0,0,16
101,172,8,128,37,0,0,0,0,0,0,0,0,16
102,196,8,136,38,0,0,0,0,0,0,0,0,17
103,208,8,136,38,0,0,0,0,0,0,0,0,17
104,212,8,136,40,0,0,0,0,0,0,0,0,17
105,156,8,120,40,0,0,0,0,0,0,0,0,15
106,156,8,120,40,0,0,0,0,0,0,0,0,15
107,180,8,128,41,0,0,0,0,0,0,0,0,16
108,192,8,128,41,0,0,0,0,0,0,0,0,16
109,192,8,128,41,0,0,0,0,0,0,0,0,16
110,216,8,136,41,0,0,0,0,0,0,0,0,17
111,196,8,136,41,0,0,0,0,0,0,0,0,17
112,196,8,136,41,0,0,0,0,0,0,0,0,17
113,220,8,144,42,0,0,0,0,0,0,0,0,18
114,232,8,144,43,0,0,0,0,0,0,0,0,18
115,212,8,144,44,0,0,0,0,0,0,0,0,18
116,224,8,144,44,0,0,0,0,0,0,0,0,18
117,216,8,144,44,0,0,0,0,0,0,0,0,18
118,208,8,144,45,0,0,0,0,0,0,0,0,18
119,200,8,136,45,0,0,0,0,0,0,0,0,17
120,188,8,136,45,0,0,0,0,0,0,0,0,17
121,200,8,144,45,0,0,0,0,0,0,0,0,18
122,224,8,152,45,0,0,0,0,0,0,0,0,19
123,224,8,152,45,0,0,0,0,0,0,0,0,19
124,236,8,152,45,0,0,0,0,0,0,0,0,19
125,228,8,152,45,0,0,0,0,0,0,0,0,19
126,208,8,152,45,0,0,0,0,0,0,0,0,19
127,208,8,152,45,0,0,0,0,0,0,0,0,19
128,208,8,136,45,0,0,0,0,0,0,0,0,17
129,208,8,136,45,0,0,0,0,0,0,0,0,17
130,220,8,136,45,0,0,0,0,0,0,0,0,17
131,224,8,136,45,0,0,0,0,0,0,0,0,17
132,184,8,136,45,0,0,0,0,0,0,0,0,17
133,184,8,136,45,0,0,0,0,0,0,0,0,17
134,184,8,136,45,0,0,0,0,0,0,0,0,17
135,196,8,136,45,0,0,0,0,0,0,0,0,17
136,196,8,136,45,0,0,0,0,0,0,0,0,17
137,196,8,136,45,0,0,0,0,0,0,0,0,17
138,220,8,144,45,0,0,0,0,0,0,0,0,18
139,212,8,152,45,0,0,0,0,0,0,0,0,19
140,224,8,152,46,0,0,0,0,0,0,0,0,19
141,240,8,160,49,0,0,0,0,0,0,0,0,20
142,232,8,160,50,0,0,0,0,0,0,0,0,20
143,224,8,160,52,0,0,0,0,0,0,0,0,20
144,204,8,160,52,0,0,0,0,0,0,0,0,20
145,204,8,160,52,0,0,0,0,0,0,0,0,20
146,212,8,152,52,0,0,0,0,0,0,0,0,19
147,248,8,168,53,0,0,0,0,0,0,0,0,21
148,248,8,168,54,0,0,0,0,0,0,0,0,21
149,260,8,168,54,0,0,0,0,0,0,0,0,21
150,272,8,176,54,0,0,0,0,0,0,0,0,22
151,288,8,176,55,0,0,0,0,0,0,0,0,22
152,260,8,168,56,0,0,0,0,0,0,0,0,21
153,252,8,168,57,0,0,0,0,0,0,0,0,21
154,256,8,176,57,0,0,0,0,0,0,0,0,22
155,236,8,176,58,0,0,0,0,0,0,0,0,22
156,248,8,184,59,0,0,0,0,0,0,0,0,23
157,284,8,192,60,0,0,0,0,0,0,0,0,24
158,268,8,200,61,0,0,0,0,0,0,0,0,25
159,252,8,192,61,0,0,0,0,0,0,0,0,24
160,228,8,192,61,0,0,0,0,0,0,0,0,24
161,252,8,192,61,0,0,0,0,0,0,0,0,24
162,264,8,192,61,0,0,0,0,0,0,0,0,24
163,276,8,192,61,0,0,0,0,0,0,0,0,24
164,300,8,200,63,0,0,0,0,0,0,0,0,25
165,232,8,192,63,0,0,0,0,0,0,0,0,24
166,256,8,184,64,0,0,0,0,0,0,0,0,23
167,248,8,192,65,0,0,0,0,0,0,0,0,24
168,256,8,184,65,0,0,0,0,0,0,0,0,23
169,244,8,184,65,0,0,0,0,0,0,0,0,23
170,260,8,200,66,0,0,0,0,0,0,0,0,25
171,272,8,208,66,0,0,0,0,0,0,0,0,26
172,304,8,216,67,0,0,0,0,0,0,0,0,27
173,372,8,224,69,0,0,0,0,0,0,0,0,28
174,340,8,232,70,0,0,0,0,0,0,0,0,29
175,340,8,248,71,0,0,0,0,0,0,0,0,31
176,364,8,248,71,0,0,0,0,0,0,0,0,31
177,368,8,248,72,0,0,0,0,0,0,0,0,31
178,336,8,240,72,0,0,0,0,0,0,0,0,30
179,352,8,256,74,0,0,0,0,0,0,0,0,32
180,324,8,264,74,0,0,0,0,0,0,0,0,33
181,348,8,264,75,0,0,0,0,0,0,0,0,33
182,352,8,288,77,0,0,0,0,0,0,0,0,36
183,384,8,256,77,0,0,0,0,0,0,0,0,32
184,396,8,264,79,0,0,0,0,0,0,0,0,33
185,348,8,256,80,0,0,0,0,0,0,0,0,32
186,396,8,280,80,0,0,0,0,0,0,0,0,35
187,400,8,280,81,0,0,0,0,0,0,0,0,35
188,376,8,280,81,0,0,0,0,0,0,0,0,35
189,420,8,288,81,0,0,0,0,0,0,0,0,36
190,436,8,296,81,0,0,0,0,0,0,0,0,37
191,416,8,296,81,0,0,0,0,0,0,0,0,37
192,440,8,296,82,0,0,0,0,0,0,0,0,37
193,428,8,312,83,0,0,0,0,0,0,0,0,39
194,464,8,312,83,0,0,0,0,0,0,0,0,39
195,448,8,320,83,0,0,0,0,0,0,0,0,40
196,472,8,320,83,0,0,0,0,0,0,0,0,40
197,444,8,312,83,0,0,0,0,0,0,0,0,39
198,448,8,320,83,0,0,0,0,0,0,0,0,40
199,464,8,320,83,0,0,0,0,0,0,0,0,40
200,448,8,312,84,0,0,0,0,0,0,0,0,39
201,404,8,304,84,0,0,0,0,0,0,0,0,38
202,460,8,296,85,0,0,0,0,0,0,0,0,37
203,408,8,296,85,0,0,0,0,0,0,0,0,37
204,384,8,296,85,0,0,0,0,0,0,0,0,37
205,440,8,296,85,0,0,0,0,0,0,0,0,37
206,400,8,304,85,0,0,0,0,0,0,0,0,38
207,396,8,280,85,0,0,0,0,0,0,0,0,35
208,416,8,280,85,0,0,0,0,0,0,0,0,35
209,396,8,280,85,0,0,0,0,0,0,0,0,35
210,396,8,272,86,0,0,0,0,0,0,0,0,34
211,348,8,272,86,0,0,0,0,0,0,0,0,34
212,360,8,280,86,0,0,0,0,0,0,0,0,35
213,408,8,304,87,0,0,0,0,0,0,0,0,38
214,416,8,304,87,0,0,0,0,0,0,0,0,38
215,404,8,304,87,0,0,0,0,0,0,0,0,38
216,420,8,320,88,0,0,0,0,0,0,0,0,40
217,416,8,312,88,0,0,0,0,0,0,0,0,39
218,408,8,320,88,0,0,0,0,0,0,0,0,40
219,456,8,328,89,0,0,0,0,0,0,0,0,41
220,480,8,336,89,0,0,0,0,0,0,0,0,42
221,492,8,336,89,0,0,0,0,0,0,0,0,42
222,452,8,336,90,0,0,0,0,0,0,0,0,42
223,476,8,328,90,0,0,0,0,0,0,0,0,41
224,448,8,312,91,0,0,0,0,0,0,0,0,39
225,416,8,304,91,0,0,0,0,0,0,0,0,38
226,408,8,312,91,0,0,0,0,0,0,0,0,39
227,444,8,328,91,0,0,0,0,0,0,0,0,41
228,444,8,328,91,0,0,0,0,0,0,0,0,41
229,456,8,312,91,0,0,0,0,0,0,0,0,39
230,464,8,288,91,0,0,0,0,0,0,0,0,36
231,364,8,272,91,0,0,0,0,0,0,0,0,34
232,400,8,280,91,0,0,0,0,0,0,0,0,35
233,392,8,296,91,0,0,0,0,0,0,0,0,37
234,424,8,304,91,0,0,0,0,0,0,0,0,38
235,448,8,288,91,0,0,0,0,0,0,0,0,36
236,400,8,296,91,0,0,0,0,0,0,0,0,37
237,444,8,296,91,0,0,0,0,0,0,0,0,37
238,428,8,304,92,0,0,0,0,0,0,0,0,38
239,432,8,304,92,0,0,0,0,0,0,0,0,38
240,460,8,320,92,0,0,0,0,0,0,0,0,40
241,464,8,336,92,0,0,0,0,0,0,0,0,42
242,492,8,344,92,0,0,0,0,0,0,0,0,43
243,516,8,352,92,0,0,0,0,0,0,0,0,44
244,572,8,360,93,0,0,0,0,0,0,0,0,45
245,532,8,368,93,0,0,0,0,0,0,0,0,46
246,544,8,368,93,0,0,0,0,0,0,0,0,46
247,588,8,376,94,0,0,0,0,0,0,0,0,47
248,528,8,368,94,0,0,0,0,0,0,0,0,46
249,536,8,368,94,0,0,0,0,0,0,0,0,46
250,552,8,384,94,0,0,0,0,0,0,0,0,48
251,564,8,392,95,0,0,0,0,0,0,0,0,49
252,532,8,392,95,0,0,0,0,0,0,0,0,49
253,536,8,376,95,0,0,0,0,0,0,0,0,47
254,568,8,416,96,0,0,0,0,0,0,0,0,52
255,524,8,400,96,0,0,0,0,0,0,0,0,50
256,548,8,408,97,0,0,0,0,0,0,0,0,51
257,568,8,392,97,0,0,0,0,0,0,0,0,49
258,572,8,408,97,0,0,0,0,0,0,0,0,51
259,552,8,408,99,0,0,0,0,0,0,0,0,51
260,628,8,432,99,0,0,0,0,0,0,0,0,54
261,680,8,440,100,0,0,0,0,0,0,0,0,55
262,600,8,432,100,0,0,0,0,0,0,0,0,54
263,604,8,424,100,0,0,0,0,0,0,0,0,53
264,624,8,432,100,0,0,0,0,0,0,0,0,54
265,632,8,456,100,0,0,0,0,0,0,0,0,57
266,668,8,472,100,0,0,0,0,0,0,0,0,59
267,708,8,464,100,0,0,0,0,0,0,0,0,58
268,668,8,472,100,0,0,0,0,0,0,0,0,59
269,656,8,432,100,0,0,0,0,0,0,0,0,54
270,560,8,432,100,0,0,0,0,0,0,0,0,54
271,616,8,440,100,0,0,0,0,0,0,0,0,55
272,608,8,440,100,0,0,0,0,0,0,0,0,55
273,656,8,448,100,0,0,0,0,0,0,0,0,56
274,620,8,440,100,0,0,0,0,0,0,0,0,55
275,592,8,440,100,0,0,0,0,0,0,0,0,55
276,576,8,448,100,0,0,0,0,0,0,0,0,56
277,616,8,424,100,0,0,0,0,0,0,0,0,53
278,580,8,440,100,0,0,0,0,0,0,0,0,55
279,616,8,432,100,0,0,0,0,0,0,0,0,54
280,548,8,416,100,0,0,0,0,0,0,0,0,52
281,584,8,408,100,0,0,0,0,0,0,0,0,51
282,616,8,424,100,0,0,0,0,0,0,0,0,53
283,572,8,392,100,0,0,0,0,0,0,0,0,49
284,624,8,416,100,0,0,0,0,0,0,0,0,52
285,628,8,392,100,0,0,0,0,0,0,0,0,49
286,544,8,368,100,0,0,0,0,0,0,0,0,46
287,520,8,368,100,0,0,0,0,0,0,0,0,46
288,564,8,376,100,0,0,0,0,0,0,0,0,47
289,616,8,400,100,0,0,0,0,0,0,0,0,50
290,556,8,392,100,0,0,0,0,0,0,0,0,49
291,548,8,376,100,0,0,0,0,0,0,0,0,47
292,524,8,384,100,0,0,0,0,0,0,0,0,48
293,544,8,376,100,0,0,0,0,0,0,0,0,47
294,544,8,384,100,0,0,0,0,0,0,0,0,48
295,496,8,384,100,0,0,0,0,0,0,0,0,48
296,524,8,408,100,0,0,0,0,0,0,0,0,51
297,596,8,408,100,0,0,0,0,0,0,0,0,51
298,600,8,400,100,0,0,0,0,0,0,0,0,50
299,596,8,384,100,0,0,0,0,0,0,0,0,48
300,572,8,368,100,0,0,0,0,0,0,0,0,46
301,532,8,368,100,0,0,0,0,0,0,0,0,46
302,588,8,360,100,0,0,0,0,0,0,0,0,45
303,532,8,360,100,0,0,0,0,0,0,0,0,45
304,512,8,376,100,0,0,0,0,0,0,0,0,47
305,604,8,408,100,0,0,0,0,0,0,0,0,51
306,580,8,400,100,0,0,0,0,0,0,0,0,50
307,576,8,368,100,0,0,0,0,0,0,0,0,46
308,536,8,352,100,0,0,0,0,0,0,0,0,44
309,584,8,368,100,0,0,0,0,0,0,0,0,46
310,544,8,376,100,0,0,0,0,0,0,0,0,47
311,568,8,392,100,0,0,0,0,0,0,0,0,49
312,600,8,416,100,0,0,0,0,0,0,0,0,52
313,688,8,432,100,0,0,0,0,0,0,0,0,54
314,680,8,424,100,0,0,0,0,0,0,0,0,53
315,604,8,408,100,0,0,0,0,0,0,0,0,51
316,624,8,384,100,0,0,0,0,0,0,0,0,48
317,664,8,384,100,0,0,0,0,0,0,0,0,48
318,584,8,352,100,0,0,0,0,0,0,0,0,44
319,508,8,368,100,0,0,0,0,0,0,0,0,46
320,584,8,376,100,0,0,0,0,0,0,0,0,47
321,568,8,336,100,0,0,0,0,0,0,0,0,42
322,612,8,352,100,0,0,0,0,0,0,0,0,44
323,528,8,328,100,0,0,0,0,0,0,0,0,41
324,548,8,344,100,0,0,0,0,0,0,0,0,43
325,492,8,328,100,0,0,0,0,0,0,0,0,41
326,564,8,328,100,0,0,0,0,0,0,0,0,41
327,524,8,336,100,0,0,0,0,0,0,0,0,42
328,572,8,328,100,0,0,0,0,0,0,0,0,41
329,516,8,328,100,0,0,0,0,0,0,0,0,41
330,572,8,336,100,0,0,0,0,0,0,0,0,42
331,624,8,360,100,0,0,0,0,0,0,0,0,45
332,508,8,328,100,0,0,0,0,0,0,0,0,41
333,564,8,360,100,0,0,0,0,0,0,0,0,45
334,568,8,376,100,0,0,0,0,0,0,0,0,47
335,668,8,392,100,0,0,0,0,0,0,0,0,49
336,620,8,368,100,0,0,0,0,0,0,0,0,46
337,600,8,376,100,0,0,0,0,0,0,0,0,47
338,624,8,384,100,0,0,0,0,0,0,0,0,48
339,604,8,368,100,0,0,0,0,0,0,0,0,46
340,536,8,336,100,0,0,0,0,0,0,0,0,42
341,508,8,360,100,0,0,0,0,0,0,0,0,45
342,656,8,368,100,0,0,0,0,0,0,0,0,46
343,644,8,408,100,0,0,0,0,0,0,0,0,51
344,676,8,384,100,0,0,0,0,0,0,0,0,48
345,716,8,376,100,0,0,0,0,0,0,0,0,47
346,572,8,368,100,0,0,0,0,0,0,0,0,46
347,664,8,368,100,0,0,0,0,0,0,0,0,46
348,656,8,368,100,0,0,0,0,0,0,0,0,46
349,568,8,352,100,0,0,0,0,0,0,0,0,44
350,648,8,376,100,0,0,0,0,0,0,0,0,47
351,612,8,360,100,0,0,0,0,0,0,0,0,45
352,596,8,352,100,0,0,0,0,0,0,0,0,44
353,596,8,344,100,0,0,0,0,0,0,0,0,43
354,568,8,336,100,0,0,0,0,0,0,0,0,42
355,620,8,328,100,0,0,0,0,0,0,0,0,41
356,504,8,352,100,0,0,0,0,0,0,0,0,44
357,608,8,352,100,0,0,0,0,0,0,0,0,44
358,592,8,344,100,0,0,0,0,0,0,0,0,43
359,592,8,392,100,0,0,0,0,0,0,0,0,49
360,688,8,400,100,0,0,0,0,0,0,0,0,50
361,600,8,376,100,0,0,0,0,0,0,0,0,47
362,732,8,416,100,0,0,0,0,0,0,0,0,52
363,748,8,400,100,0,0,0,0,0,0,0,0,50
364,752,8,416,100,0,0,0,0,0,0,0,0,52
365,584,8,392,100,0,0,0,0,0,0,0,0,49
366,700,8,400,100,0,0,0,0,0,0,0,0,50
367,764,8,400,100,0,0,0,0,0,0,0,0,50
368,768,8,416,100,0,0,0,0,0,0,0,0,52
369,704,8,376,100,0,0,0,0,0,0,0,0,47
370,560,8,352,100,0,0,0,0,0,0,0,0,44
371,520,8,344,100,0,0,0,0,0,0,0,0,43
372,604,8,384,100,0,0,0,0,0,0,0,0,48
373,596,8,384,100,0,0,0,0,0,0,0,0,48
374,616,8,408,100,0,0,0,0,0,0,0,0,51
375,664,8,392,100,0,0,0,0,0,0,0,0,49
376,632,8,392,100,0,0,0,0,0,0,0,0,49
377,660,8,400,100,0,0,0,0,0,0,0,0,50
378,664,8,384,100,0,0,0,0,0,0,0,0,48
379,632,8,408,100,0,0,0,0,0,0,0,0,51
380,648,8,424,100,0,0,0,0,0,0,0,0,53
381,696,8,408,100,0,0,0,0,0,0,0,0,51
382,820,8,432,100,0,0,0,0,0,0,0,0,54
383,776,8,400,100,0,0,0,0,0,0,0,0,50
384,792,8,432,100,0,0,0,0,0,0,0,0,54
385,824,8,464,100,0,0,0,0,0,0,0,0,58
386,976,8,440,100,0,0,0,0,0,0,0,0,55
387,888,8,424,100,0,0,0,0,0,0,0,0,53
388,792,8,424,100,0,0,0,0,0,0,0,0,53
389,880,8,408,100,0,0,0,0,0,0,0,0,51
390,936,8,424,100,0,0,0,0,0,0,0,0,53
391,1028,8,416,100,0,0,0,0,0,0,0,0,52
392,940,8,440,100,0,0,0,0,0,0,0,0,55
393,1088,8,456,100,0,0,0,0,0,0,0,0,57
394,900,8,432,100,0,0,0,0,0,0,0,0,54
395,956,8,432,100,0,0,0,0,0,0,0,0,54
396,856,8,432,100,0,0,0,0,0,0,0,0,54
397,936,8,440,100,0,0,0,0,0,0,0,0,55
398,1124,8,424,100,0,0,0,0,0,0,0,0,53
399,928,8,408,100,0,0,0,0,0,0,0,0,51
400,776,8,368,100,0,0,0,0,0,0,0,0,46
401,716,8,416,100,0,0,0,0,0,0,0,0,52
402,576,8,408,100,0,0,0,0,0,0,0,0,51
403,616,8,408,100,0,0,0,0,0,0,0,0,51
404,656,8,424,100,0,0,0,0,0,0,0,0,53
405,748,8,424,100,0,0,0,0,0,0,0,0,53
406,880,8,416,100,0,0,0,0,0,0,0,0,52
407,820,8,416,100,0,0,0,0,0,0,0,0,52
408,1120,8,432,100,0,0,0,0,0,0,0,0,54
409,1144,8,448,100,0,0,0,0,0,0,0,0,56
410,1388,8,464,100,0,0,0,0,0,0,0,0,58
411,1112,8,488,100,0,0,0,0,0,0,0,0,61
412,1260,8,488,100,0,0,0,0,0,0,0,0,61
413,1444,8,504,100,0,0,0,0,0,0,0,0,63
414,1648,8,488,100,0,0,0,0,0,0,0,0,61
415,1444,8,488,100,0,0,0,0,0,0,0,0,61
416,1136,8,480,100,0,0,0,0,0,0,0,0,60
417,1320,8,456,100,0,0,0,0,0,0,0,0,57
418,1292,8,480,100,0,0,0,0,0,0,0,0,60
419,1488,8,488,100,0,0,0,0,0,0,0,0,61
420,1452,8,480,100,0,0,0,0,0,0,0,0,60
421,1628,8,480,100,0,0,0,0,0,0,0,0,60
422,1608,8,440,100,0,0,0,0,0,0,0,0,55
423,1456,8,448,100,0,0,0,0,0,0,0,0,56
424,1176,8,432,100,0,0,0,0,0,0,0,0,54
425,1268,8,416,100,0,0,0,0,0,0,0,0,52
426,1288,8,448,100,0,0,0,0,0,0,0,0,56
427,1472,8,432,100,0,0,0,0,0,0,0,0,54
428,1632,8,456,100,0,0,0,0,0,0,0,0,57
429,1368,8,448,100,0,0,0,0,0,0,0,0,56
430,1560,8,464,100,0,0,0,0,0,0,0,0,58
431,1556,8,440,100,0,0,0,0,0,0,0,0,55
432,1564,8,416,100,0,0,0,0,0,0,0,0,52
433,1968,8,448,100,0,0,0,0,0,0,0,0,56
434,2312,8,456,100,0,0,0,0,0,0,0,0,57
435,1760,8,408,100,0,0,0,0,0,0,0,0,51
436,1692,8,392,100,0,0,0,0,0,0,0,0,49
437,1472,8,352,100,0,0,0,0,0,0,0,0,44
438,1344,8,400,100,0,0,0,0,0,0,0,0,50
439,1588,8,408,100,0,0,0,0,0,0,0,0,51
440,1532,8,400,100,0,0,0,0,0,0,0,0,50
441,1768,8,392,100,0,0,0,0,0,0,0,0,49
442,1940,8,368,100,0,0,0,0,0,0,0,0,46
443,2052,8,392,100,0,0,0,0,0,0,0,0,49
444,1956,8,424,100,0,0,0,0,0,0,0,0,53
445,1824,8,456,100,0,0,0,0,0,0,0,0,57
446,2024,8,440,100,0,0,0,0,0,0,0,0,55
447,1924,8,432,100,0,0,0,0,0,0,0,0,54
448,1968,8,416,100,0,0,0,0,0,0,0,0,52
449,1828,8,448,100,0,0,0,0,0,0,0,0,56
450,2032,8,440,100,0,0,0,0,0,0,0,0,55
451,2336,8,384,100,0,0,0,0,0,0,0,0,48
452,2412,8,376,100,0,0,0,0,0,0,0,0,47
453,2884,8,408,100,0,0,0,0,0,0,0,0,51
454,2644,8,384,100,0,0,0,0,0,0,0,0,48
455,2360,8,376,100,0,0,0,0,0,0,0,0,47
456,2256,8,384,100,0,0,0,0,0,0,0,0,48
457,2160,8,376,100,0,0,0,0,0,0,0,0,47
458,1920,8,400,100,0,0,0,0,0,0,0,0,50
459,1884,8,400,100,0,0,0,0,0,0,0,0,50
460,2508,8,424,100,0,0,0,0,0,0,0,0,53
461,2424,8,408,100,0,0,0,0,0,0,0,0,51
462,2544,8,376,100,0,0,0,0,0,0,0,0,47
463,2540,8,416,100,0,0,0,0,0,0,0,0,52
464,3080,8,424,100,0,0,0,0,0,0,0,0,53
465,3352,8,416,100,0,0,0,0,0,0,0,0,52
466,2924,8,408,100,0,0,0,0,0,0,0,0,51
467,2772,8,368,100,0,0,0,0,0,0,0,0,46
468,2712,8,424,100,0,0,0,0,0,0,0,0,53
469,2692,8,440,100,0,0,0,0,0,0,0,0,55
470,2492,8,440,100,0,0,0,0,0,0,0,0,55
471,2904,8,432,100,0,0,0,0,0,0,0,0,54
472,2616,8,424,100,0,0,0,0,0,0,0,0,53
473,3152,8,440,100,0,0,0,0,0,0,0,0,55
474,2980,8,432,100,0,0,0,0,0,0,0,0,54
475,2684,8,448,100,0,0,0,0,0,0,0,0,56
476,3208,8,416,100,0,0,0,0,0,0,0,0,52
477,2564,8,408,100,0,0,0,0,0,0,0,0,51
478,3068,8,416,100,0,0,0,0,0,0,0,0,52
479,2948,8,392,100,0,0,0,0,0,0,0,0,49
480,2444,8,360,100,0,0,0,0,0,0,0,0,45
481,1904,8,392,100,0,0,0,0,0,0,0,0,49
482,2040,8,424,100,0,0,0,0,0,0,0,0,53
483,2584,8,464,100,0,0,0,0,0,0,0,0,58
484,2248,8,424,100,0,0,0,0,0,0,0,0,53
485,2332,8,424,100,0,0,0,0,0,0,0,0,53
486,1568,8,408,100,0,0,0,0,0,0,0,0,51
487,1440,8,440,100,0,0,0,0,0,0,0,0,55
488,1284,8,456,100,0,0,0,0,0,0,0,0,57
489,984,8,440,100,0,0,0,0,0,0,0,0,55
490,1536,8,472,100,0,0,0,0,0,0,0,0,59
491,1548,8,432,100,0,0,0,0,0,0,0,0,54
492,1964,8,440,100,0,0,0,0,0,0,0,0,55
493,1772,8,464,100,0,0,0,0,0,0,0,0,58
494,1896,8,488,100,0,0,0,0,0,0,0,0,61
495,2136,8,456,100,0,0,0,0,0,0,0,0,57
496,2020,8,424,100,0,0,0,0,0,0,0,0,53
497,1800,8,400,100,0,0,0,0,0,0,0,0,50
498,1604,8,408,100,0,0,0,0,0,0,0,0,51
499,1932,8,384,100,0,0,0,0,0,0,0,0,48
500,1948,8,432,100,0,0,0,0,0,0,0,0,54
501,2220,8,408,100,0,0,0,0,0,0,0,0,51
502,1592,8,416,100,0,0,0,0,0,0,0,0,52
503,1880,8,368,100,0,0,0,0,0,0,0,0,46
504,1996,8,400,100,0,0,0,0,0,0,0,0,50
505,1716,8,384,100,0,0,0,0,0,0,0,0,48
506,1684,8,424,100,0,0,0,0,0,0,0,0,53
507,1832,8,480,100,0,0,0,0,0,0,0,0,60
508,2088,8,480,100,0,0,0,0,0,0,0,0,60
509,1640,8,400,100,0,0,0,0,0,0,0,0,50
510,1952,8,440,100,0,0,0,0,0,0,0,0,55
511,2148,8,384,100,0,0,0,0,0,0,0,0,48
512,1828,8,408,100,0,0,0,0,0,0,0,0,51
513,1936,8,432,100,0,0,0,0,0,0,0,0,54
514,2160,8,440,100,0,0,0,0,0,0,0,0,55
515,2428,8,472,100,0,0,0,0,0,0,0,0,59
516,2576,8,440,100,0,0,0,0,0,0,0,0,55
517,2408,8,456,100,0,0,0,0,0,0,0,0,57
518,1732,8,448,100,0,0,0,0,0,0,0,0,56
519,1744,8,472,100,0,0,0,0,0,0,0,0,59
520,1848,8,472,100,0,0,0,0,0,0,0,0,59
521,1572,8,448,100,0,0,0,0,0,0,0,0,56
522,1732,8,424,100,0,0,0,0,0,0,0,0,53
523,1820,8,416,100,0,0,0,0,0,0,0,0,52
524,1968,8,416,100,0,0,0,0,0,0,0,0,52
525,1788,8,464,100,0,0,0,0,0,0,0,0,58
526,1416,8,448,100,0,0,0,0,0,0,0,0,56
527,1712,8,456,100,0,0,0,0,0,0,0,0,57
528,2020,8,464,100,0,0,0,0,0,0,0,0,58
529,1952,8,440,100,0,0,0,0,0,0,0,0,55
530,2068,8,416,100,0,0,0,0,0,0,0,0,52
531,2256,8,416,100,0,0,0,0,0,0,0,0,52
532,2240,8,416,100,0,0,0,0,0,0,0,0,52
533,2048,8,416,100,0,0,0,0,0,0,0,0,52
534,2112,8,400,100,0,0,0,0,0,0,0,0,50
535,2000,8,416,100,0,0,0,0,0,0,0,0,52
536,1864,8,368,100,0,0,0,0,0,0,0,0,46
537,1928,8,400,100,0,0,0,0,0,0,0,0,50
538,2172,8,392,100,0,0,0,0,0,0,0,0,49
539,1872,8,376,100,0,0,0,0,0,0,0,0,47
540,1980,8,392,100,0,0,0,0,0,0,0,0,49
541,1664,8,416,100,0,0,0,0,0,0,0,0,52
542,1720,8,400,100,0,0,0,0,0,0,0,0,50
543,1440,8,400,100,0,0,0,0,0,0,0,0,50
544,1376,8,408,100,0,0,0,0,0,0,0,0,51
545,1268,8,448,100,0,0,0,0,0,0,0,0,56
546,1188,8,456,100,0,0,0,0,0,0,0,0,57
547,1572,8,472,100,0,0,0,0,0,0,0,0,59
548,1020,8,424,100,0,0,0,0,0,0,0,0,53
549,1092,8,480,100,0,0,0,0,0,0,0,0,60
550,1104,8,440,100,0,0,0,0,0,0,0,0,55
551,1320,8,448,100,0,0,0,0,0,0,0,0,56
552,1444,8,432,100,0,0,0,0,0,0,0,0,54
553,1172,8,424,100,0,0,0,0,0,0,0,0,53
554,1152,8,456,100,0,0,0,0,0,0,0,0,57
555,1172,8,488,100,0,0,0,0,0,0,0,0,61
556,1104,8,480,100,0,0,0,0,0,0,0,0,60
557,1152,8,448,100,0,0,0,0,0,0,0,0,56
558,1232,8,456,100,0,0,0,0,0,0,0,0,57
559,1408,8,464,100,0,0,0,0,0,0,0,0,58
560,1440,8,472,100,0,0,0,0,0,0,0,0,59
561,1380,8,464,100,0,0,0,0,0,0,0,0,58
562,1404,8,440,100,0,0,0,0,0,0,0,0,55
563,1300,8,448,100,0,0,0,0,0,0,0,0,56
564,1576,8,448,100,0,0,0,0,0,0,0,0,56
565,1396,8,456,100,0,0,0,0,0,0,0,0,57
566,1428,8,416,100,0,0,0,0,0,0,0,0,52
567,1404,8,408,100,0,0,0,0,0,0,0,0,51
568,1464,8,424,100,0,0,0,0,0,0,0,0,53
569,1632,8,440,100,0,0,0,0,0,0,0,0,55
570,1728,8,424,100,0,0,0,0,0,0,0,0,53
571,1760,8,440,100,0,0,0,0,0,0,0,0,55
572,1496,8,448,100,0,0,0,0,0,0,0,0,56
573,1712,8,416,100,0,0,0,0,0,0,0,0,52
574,1200,8,416,100,0,0,0,0,0,0,0,0,52
575,1312,8,424,100,0,0,0,0,0,0,0,0,53
576,1116,8,392,100,0,0,0,0,0,0,0,0,49
577,1436,8,376,100,0,0,0,0,0,0,0,0,47
578,1544,8,392,100,0,0,0,0,0,0,0,0,49
579,1336,8,368,100,0,0,0,0,0,0,0,0,46
580,1104,8,376,100,0,0,0,0,0,0,0,0,47
581,1096,8,392,100,0,0,0,0,0,0,0,0,49
582,1168,8,432,100,0,0,0,0,0,0,0,0,54
583,1468,8,456,100,0,0,0,0,0,0,0,0,57
584,1564,8,480,100,0,0,0,0,0,0,0,0,60
585,1376,8,448,100,0,0,0,0,0,0,0,0,56
586,1408,8,464,100,0,0,0,0,0,0,0,0,58
587,1344,8,480,100,0,0,0,0,0,0,0,0,60
588,1172,8,480,100,0,0,0,0,0,0,0,0,60
589,1144,8,432,100,0,0,0,0,0,0,0,0,54
590,1312,8,456,100,0,0,0,0,0,0,0,0,57
591,1440,8,464,100,0,0,0,0,0,0,0,0,58
592,1676,8,440,100,0,0,0,0,0,0,0,0,55
593,1320,8,432,100,0,0,0,0,0,0,0,0,54
594,1336,8,424,100,0,0,0,0,0,0,0,0,53
595,1676,8,448,100,0,0,0,0,0,0,0,0,56
596,1524,8,440,100,0,0,0,0,0,0,0,0,55
597,1400,8,440,100,0,0,0,0,0,0,0,0,55
598,1456,8,424,100,0,0,0,0,0,0,0,0,53
599,1396,8,424,100,0,0,0,0,0,0,0,0,53
600,1236,8,440,100,0,0,0,0,0,0,0,0,55
601,1184,8,424,100,0,0,0,0,0,0,0,0,53
602,1208,8,456,100,0,0,0,0,0,0,0,0,57
603,1552,8,472,100,0,0,0,0,0,0,0,0,59
604,1436,8,456,100,0,0,0,0,0,0,0,0,57
605,1260,8,432,100,0,0,0,0,0,0,0,0,54
606,1020,8,392,100,0,0,0,0,0,0,0,0,49
607,1172,8,416,100,0,0,0,0,0,0,0,0,52
608,1236,8,448,100,0,0,0,0,0,0,0,0,56
609,1256,8,432,100,0,0,0,0,0,0,0,0,54
610,1412,8,416,100,0,0,0,0,0,0,0,0,52
611,1104,8,424,100,0,0,0,0,0,0,0,0,53
612,1336,8,432,100,0,0,0,0,0,0,0,0,54
613,1376,8,424,100,0,0,0,0,0,0,0,0,53
614,1600,8,424,100,0,0,0,0,0,0,0,0,53
615,1316,8,432,100,0,0,0,0,0,0,0,0,54
616,1356,8,408,100,0,0,0,0,0,0,0,0,51
617,1284,8,448,100,0,0,0,0,0,0,0,0,56
618,1340,8,408,100,0,0,0,0,0,0,0,0,51
619,1272,8,424,100,0,0,0,0,0,0,0,0,53
620,1324,8,432,100,0,0,0,0,0,0,0,0,54
621,1208,8,432,100,0,0,0,0,0,0,0,0,54
622,1220,8,416,100,0,0,0,0,0,0,0,0,52
623,1480,8,416,100,0,0,0,0,0,0,0,0,52
624,1240,8,392,100,0,0,0,0,0,0,0,0,49
625,1292,8,432,100,0,0,0,0,0,0,0,0,54
626,1328,8,400,100,0,0,0,0,0,0,0,0,50
627,1080,8,400,100,0,0,0,0,0,0,0,0,50
628,1240,8,472,100,0,0,0,0,0,0,0,0,59
629,1368,8,480,100,0,0,0,0,0,0,0,0,60
630,1520,8,456,100,0,0,0,0,0,0,0,0,57
631,1684,8,440,100,0,0,0,0,0,0,0,0,55
632,1376,8,392,100,0,0,0,0,0,0,0,0,49
633,1576,8,408,100,0,0,0,0,0,0,0,0,51
634,1364,8,400,100,0,0,0,0,0,0,0,0,50
635,1248,8,400,100,0,0,0,0,0,0,0,0,50
636,1420,8,400,100,0,0,0,0,0,0,0,0,50
637,1344,8,376,100,0,0,0,0,0,0,0,0,47
638,1572,8,368,100,0,0,0,0,0,0,0,0,46
639,1236,8,360,100,0,0,0,0,0,0,0,0,45
640,1552,8,424,100,0,0,0,0,0,0,0,0,53
641,1136,8,408,100,0,0,0,0,0,0,0,0,51
642,1144,8,416,100,0,0,0,0,0,0,0,0,52
643,1448,8,456,100,0,0,0,0,0,0,0,0,57
644,1172,8,408,100,0,0,0,0,0,0,0,0,51
645,1124,8,448,100,0,0,0,0,0,0,0,0,56
646,1168,8,440,100,0,0,0,0,0,0,0,0,55
647,1188,8,448,100,0,0,0,0,0,0,0,0,56
648,1372,8,432,100,0,0,0,0,0,0,0,0,54
649,1412,8,416,100,0,0,0,0,0,0,0,0,52
650,1484,8,432,100,0,0,0,0,0,0,0,0,54
651,1384,8,392,100,0,0,0,0,0,0,0,0,49
652,1444,8,432,100,0,0,0,0,0,0,0,0,54
653,1616,8,400,100,0,0,0,0,0,0,0,0,50
654,1760,8,424,100,0,0,0,0,0,0,0,0,53
655,1640,8,448,100,0,0,0,0,0,0,0,0,56
656,1708,8,440,100,0,0,0,0,0,0,0,0,55
657,2052,8,464,100,0,0,0,0,0,0,0,0,58
658,2252,8,408,100,0,0,0,0,0,0,0,0,51
659,1936,8,432,100,0,0,0,0,0,0,0,0,54
660,2060,8,448,100,0,0,0,0,0,0,0,0,56
661,1716,8,456,100,0,0,0,0,0,0,0,0,57
662,1468,8,416,100,0,0,0,0,0,0,0,0,52
663,1672,8,416,100,0,0,0,0,0,0,0,0,52
664,1704,8,416,100,0,0,0,0,0,0,0,0,52
665,1572,8,416,100,0,0,0,0,0,0,0,0,52
666,1768,8,424,100,0,0,0,0,0,0,0,0,53
667,1724,8,416,100,0,0,0,0,0,0,0,0,52
668,1836,8,416,100,0,0,0,0,0,0,0,0,52
669,1844,8,392,100,0,0,0,0,0,0,0,0,49
670,2004,8,384,100,0,0,0,0,0,0,0,0,48
671,1984,8,400,100,0,0,0,0,0,0,0,0,50
672,1844,8,368,100,0,0,0,0,0,0,0,0,46
673,2320,8,432,100,0,0,0,0,0,0,0,0,54
674,2684,8,448,100,0,0,0,0,0,0,0,0,56
675,2836,8,424,100,0,0,0,0,0,0,0,0,53
676,2404,8,432,100,0,0,0,0,0,0,0,0,54
677,2240,8,384,100,0,0,0,0,0,0,0,0,48
678,1776,8,416,100,0,0,0,0,0,0,0,0,52
679,2120,8,440,100,0,0,0,0,0,0,0,0,55
680,1448,8,400,100,0,0,0,0,0,0,0,0,50
681,1444,8,384,100,0,0,0,0,0,0,0,0,48
682,1372,8,432,100,0,0,0,0,0,0,0,0,54
683,1456,8,416,100,0,0,0,0,0,0,0,0,52
684,1508,8,432,100,0,0,0,0,0,0,0,0,54
685,1588,8,448,100,0,0,0,0,0,0,0,0,56
686,1880,8,440,100,0,0,0,0,0,0,0,0,55
687,1452,8,400,100,0,0,0,0,0,0,0,0,50
688,1472,8,416,100,0,0,0,0,0,0,0,0,52
689,1444,8,408,100,0,0,0,0,0,0,0,0,51
690,1528,8,416,100,0,0,0,0,0,0,0,0,52
691,1540,8,400,100,0,0,0,0,0,0,0,0,50
692,1608,8,424,100,0,0,0,0,0,0,0,0,53
693,1608,8,424,100,0,0,0,0,0,0,0,0,53
694,1288,8,408,100,0,0,0,0,0,0,0,0,51
695,1476,8,400,100,0,0,0,0,0,0,0,0,50
696,1492,8,424,100,0,0,0,0,0,0,0,0,53
697,1540,8,472,100,0,0,0,0,0,0,0,0,59
698,1836,8,472,100,0,0,0,0,0,0,0,0,59
699,1768,8,464,100,0,0,0,0,0,0,0,0,58
700,1476,8,448,100,0,0,0,0,0,0,0,0,56
701,1824,8,448,100,0,0,0,0,0,0,0,0,56
702,1956,8,400,100,0,0,0,0,0,0,0,0,50
703,2296,8,416,100,0,0,0,0,0,0,0,0,52
704,2304,8,392,100,0,0,0,0,0,0,0,0,49
705,2196,8,416,100,0,0,0,0,0,0,0,0,52
706,1452,8,408,100,0,0,0,0,0,0,0,0,51
707,1460,8,424,100,0,0,0,0,0,0,0,0,53
708,1376,8,376,100,0,0,0,0,0,0,0,0,47
709,1464,8,400,100,0,0,0,0,0,0,0,0,50
710,1780,8,416,100,0,0,0,0,0,0,0,0,52
711,1436,8,424,100,0,0,0,0,0,0,0,0,53
712,1900,8,464,100,0,0,0,0,0,0,0,0,58
713,1684,8,432,100,0,0,0,0,0,0,0,0,54
714,1704,8,416,100,0,0,0,0,0,0,0,0,52
715,1588,8,424,100,0,0,0,0,0,0,0,0,53
716,1852,8,440,100,0,0,0,0,0,0,0,0,55
717,1592,8,408,100,0,0,0,0,0,0,0,0,51
718,1636,8,440,100,0,0,0,0,0,0,0,0,55
719,1896,8,472,100,0,0,0,0,0,0,0,0,59
720,1752,8,424,100,0,0,0,0,0,0,0,0,53
721,2112,8,416,100,0,0,0,0,0,0,0,0,52
722,2244,8,448,100,0,0,0,0,0,0,0,0,56
723,1908,8,416,100,0,0,0,0,0,0,0,0,52
724,1976,8,416,100,0,0,0,0,0,0,0,0,52
725,2240,8,416,100,0,0,0,0,0,0,0,0,52
726,1720,8,376,100,0,0,0,0,0,0,0,0,47
727,1552,8,384,100,0,0,0,0,0,0,0,0,48
728,1644,8,392,100,0,0,0,0,0,0,0,0,49
729,1792,8,408,100,0,0,0,0,0,0,0,0,51
730,1640,8,432,100,0,0,0,0,0,0,0,0,54
731,1748,8,424,100,0,0,0,0,0,0,0,0,53
732,1392,8,416,100,0,0,0,0,0,0,0,0,52
733,1412,8,440,100,0,0,0,0,0,0,0,0,55
734,1604,8,448,100,0,0,0,0,0,0,0,0,56
735,1276,8,432,100,0,0,0,0,0,0,0,0,54
736,1276,8,464,100,0,0,0,0,0,0,0,0,58
737,1148,8,448,100,0,0,0,0,0,0,0,0,56
738,1244,8,416,100,0,0,0,0,0,0,0,0,52
739,1344,8,392,100,0,0,0,0,0,0,0,0,49
740,1452,8,400,100,0,0,0,0,0,0,0,0,50
741,1328,8,408,100,0,0,0,0,0,0,0,0,51
742,1488,8,376,100,0,0,0,0,0,0,0,0,47
743,1456,8,384,100,0,0,0,0,0,0,0,0,48
744,1124,8,384,100,0,0,0,0,0,0,0,0,48
745,1228,8,400,100,0,0,0,0,0,0,0,0,50
746,1384,8,416,100,0,0,0,0,0,0,0,0,52
747,1292,8,416,100,0,0,0,0,0,0,0,0,52
748,1504,8,424,100,0,0,0,0,0,0,0,0,53
749,1664,8,456,100,0,0,0,0,0,0,0,0,57
750,1416,8,456,100,0,0,0,0,0,0,0,0,57
751,1164,8,424,100,0,0,0,0,0,0,0,0,53
752,1364,8,432,100,0,0,0,0,0,0,0,0,54
753,1304,8,456,100,0,0,0,0,0,0,0,0,57
754,1452,8,432,100,0,0,0,0,0,0,0,0,54
755,1500,8,416,100,0,0,0,0,0,0,0,0,52
756,1420,8,432,100,0,0,0,0,0,0,0,0,54
757,1420,8,464,100,0,0,0,0,0,0,0,0,58
758,1324,8,440,100,0,0,0,0,0,0,0,0,55
759,1452,8,416,100,0,0,0,0,0,0,0,0,52
760,1792,8,424,100,0,0,0,0,0,0,0,0,53
761,1608,8,400,100,0,0,0,0,0,0,0,0,50
762,1712,8,416,100,0,0,0,0,0,0,0,0,52
763,1348,8,392,100,0,0,0,0,0,0,0,0,49
764,1448,8,408,100,0,0,0,0,0,0,0,0,51
765,1468,8,384,100,0,0,0,0,0,0,0,0,48
766,1404,8,392,100,0,0,0,0,0,0,0,0,49
767,1380,8,408,100,0,0,0,0,0,0,0,0,51
768,1844,8,400,100,0,0,0,0,0,0,0,0,50
769,1668,8,424,100,0,0,0,0,0,0,0,0,53
770,2072,8,456,100,0,0,0,0,0,0,0,0,57
771,1552,8,416,100,0,0,0,0,0,0,0,0,52
772,1688,8,440,100,0,0,0,0,0,0,0,0,55
773,1612,8,440,100,0,0,0,0,0,0,0,0,55
774,1388,8,424,100,0,0,0,0,0,0,0,0,53
775,1364,8,448,100,0,0,0,0,0,0,0,0,56
776,1096,8,440,100,0,0,0,0,0,0,0,0,55
777,1164,8,432,100,0,0,0,0,0,0,0,0,54
778,1636,8,448,100,0,0,0,0,0,0,0,0,56
779,1592,8,440,100,0,0,0,0,0,0,0,0,55
780,1560,8,432,100,0,0,0,0,0,0,0,0,54
781,1440,8,448,100,0,0,0,0,0,0,0,0,56
782,1396,8,440,100,0,0,0,0,0,0,0,0,55
783,1632,8,416,100,0,0,0,0,0,0,0,0,52
784,1676,8,416,100,0,0,0,0,0,0,0,0,52
785,1760,8,464,100,0,0,0,0,0,0,0,0,58
786,1780,8,448,100,0,0,0,0,0,0,0,0,56
787,1636,8,424,100,0,0,0,0,0,0,0,0,53
788,1600,8,424,100,0,0,0,0,0,0,0,0,53
789,1384,8,384,100,0,0,0,0,0,0,0,0,48
790,1404,8,376,100,0,0,0,0,0,0,0,0,47
791,1540,8,384,100,0,0,0,0,0,0,0,0,48
792,1420,8,376,100,0,0,0,0,0,0,0,0,47
793,1264,8,368,100,0,0,0,0,0,0,0,0,46
794,1300,8,384,100,0,0,0,0,0,0,0,0,48
795,1256,8,432,100,0,0,0,0,0,0,0,0,54
796,1236,8,400,100,0,0,0,0,0,0,0,0,50
797,1080,8,400,100,0,0,0,0,0,0,0,0,50
798,1376,8,440,100,0,0,0,0,0,0,0,0,55
799,1364,8,392,100,0,0,0,0,0,0,0,0,49
800,1508,8,400,100,0,0,0,0,0,0,0,0,50
801,1436,8,424,100,0,0,0,0,0,0,0,0,53
802,1132,8,368,100,0,0,0,0,0,0,0,0,46
803,1184,8,376,100,0,0,0,0,0,0,0,0,47
804,1268,8,400,100,0,0,0,0,0,0,0,0,50
805,1292,8,400,100,0,0,0,0,0,0,0,0,50
806,1468,8,400,100,0,0,0,0,0,0,0,0,50
807,1380,8,424,100,0,0,0,0,0,0,0,0,53
808,1664,8,464,100,0,0,0,0,0,0,0,0,58
809,1396,8,464,100,0,0,0,0,0,0,0,0,58
810,1556,8,472,100,0,0,0,0,0,0,0,0,59
811,1300,8,448,100,0,0,0,0,0,0,0,0,56
812,1480,8,408,100,0,0,0,0,0,0,0,0,51
813,1232,8,456,100,0,0,0,0,0,0,0,0,57
814,1108,8,480,100,0,0,0,0,0,0,0,0,60
815,1184,8,472,100,0,0,0,0,0,0,0,0,59
816,1088,8,480,100,0,0,0,0,0,0,0,0,60
817,1004,8,472,100,0,0,0,0,0,0,0,0,59
818,908,8,448,100,0,0,0,0,0,0,0,0,56
819,1156,8,432,100,0,0,0,0,0,0,0,0,54
820,1032,8,432,100,0,0,0,0,0,0,0,0,54
821,1308,8,432,100,0,0,0,0,0,0,0,0,54
822,1248,8,440,100,0,0,0,0,0,0,0,0,55
823,932,8,424,100,0,0,0,0,0,0,0,0,53
824,1124,8,464,100,0,0,0,0,0,0,0,0,58
825,1232,8,456,100,0,0,0,0,0,0,0,0,57
826,1204,8,432,100,0,0,0,0,0,0,0,0,54
827,1476,8,424,100,0,0,0,0,0,0,0,0,53
828,1620,8,400,100,0,0,0,0,0,0,0,0,50
829,1708,8,424,100,0,0,0,0,0,0,0,0,53
830,1584,8,448,100,0,0,0,0,0,0,0,0,56
831,1436,8,448,100,0,0,0,0,0,0,0,0,56
832,1416,8,424,100,0,0,0,0,0,0,0,0,53
833,1432,8,480,100,0,0,0,0,0,0,0,0,60
834,1712,8,480,100,0,0,0,0,0,0,0,0,60
835,1900,8,488,100,0,0,0,0,0,0,0,0,61
836,1936,8,464,100,0,0,0,0,0,0,0,0,58
837,1604,8,440,100,0,0,0,0,0,0,0,0,55
838,1488,8,432,100,0,0,0,0,0,0,0,0,54
839,1772,8,456,100,0,0,0,0,0,0,0,0,57
840,1280,8,440,100,0,0,0,0,0,0,0,0,55
841,1208,8,456,100,0,0,0,0,0,0,0,0,57
842,1400,8,440,100,0,0,0,0,0,0,0,0,55
843,1444,8,456,100,0,0,0,0,0,0,0,0,57
844,1444,8,424,100,0,0,0,0,0,0,0,0,53
845,1316,8,424,100,0,0,0,0,0,0,0,0,53
846,1520,8,408,100,0,0,0,0,0,0,0,0,51
847,1464,8,432,100,0,0,0,0,0,0,0,0,54
848,1184,8,408,100,0,0,0,0,0,0,0,0,51
849,1544,8,424,100,0,0,0,0,0,0,0,0,53
850,1524,8,432,100,0,0,0,0,0,0,0,0,54
851,1328,8,440,100,0,0,0,0,0,0,0,0,55
852,1188,8,472,100,0,0,0,0,0,0,0,0,59
853,1340,8,464,100,0,0,0,0,0,0,0,0,58
854,1752,8,480,100,0,0,0,0,0,0,0,0,60
855,1724,8,432,100,0,0,0,0,0,0,0,0,54
856,1752,8,408,100,0,0,0,0,0,0,0,0,51
857,1872,8,432,100,0,0,0,0,0,0,0,0,54
858,1720,8,440,100,0,0,0,0,0,0,0,0,55
859,1904,8,448,100,0,0,0,0,0,0,0,0,56
860,1932,8,424,100,0,0,0,0,0,0,0,0,53
861,1732,8,392,100,0,0,0,0,0,0,0,0,49
862,1748,8,440,100,0,0,0,0,0,0,0,0,55
863,1880,8,440,100,0,0,0,0,0,0,0,0,55
864,1976,8,416,100,0,0,0,0,0,0,0,0,52
865,2344,8,424,100,0,0,0,0,0,0,0,0,53
866,2136,8,408,100,0,0,0,0,0,0,0,0,51
867,1728,8,368,100,0,0,0,0,0,0,0,0,46
868,1988,8,400,100,0,0,0,0,0,0,0,0,50
869,1832,8,392,100,0,0,0,0,0,0,0,0,49
870,2068,8,408,100,0,0,0,0,0,0,0,0,51
871,1992,8,408,100,0,0,0,0,0,0,0,0,51
872,1496,8,456,100,0,0,0,0,0,0,0,0,57
873,1628,8,448,100,0,0,0,0,0,0,0,0,56
874,1636,8,480,100,0,0,0,0,0,0,0,0,60
875,984,8,480,100,0,0,0,0,0,0,0,0,60
876,1024,8,480,100,0,0,0,0,0,0,0,0,60
877,956,8,464,100,0,0,0,0,0,0,0,0,58
878,976,8,456,100,0,0,0,0,0,0,0,0,57
879,960,8,456,100,0,0,0,0,0,0,0,0,57
880,1224,8,496,100,0,0,0,0,0,0,0,0,62
881,1352,8,504,100,0,0,0,0,0,0,0,0,63
882,1312,8,488,100,0,0,0,0,0,0,0,0,61
883,1388,8,464,100,0,0,0,0,0,0,0,0,58
884,1140,8,456,100,0,0,0,0,0,0,0,0,57
885,1068,8,448,100,0,0,0,0,0,0,0,0,56
886,1084,8,464,100,0,0,0,0,0,0,0,0,58
887,1168,8,488,100,0,0,0,0,0,0,0,0,61
888,1328,8,496,100,0,0,0,0,0,0,0,0,62
889,1072,8,464,100,0,0,0,0,0,0,0,0,58
890,1080,8,464,100,0,0,0,0,0,0,0,0,58
891,1148,8,464,100,0,0,0,0,0,0,0,0,58
892,1000,8,392,100,0,0,0,0,0,0,0,0,49
893,1128,8,416,100,0,0,0,0,0,0,0,0,52
894,1208,8,400,100,0,0,0,0,0,0,0,0,50
895,1052,8,416,100,0,0,0,0,0,0,0,0,52
896,984,8,424,100,0,0,0,0,0,0,0,0,53
897,1072,8,400,100,0,0,0,0,0,0,0,0,50
898,1156,8,416,100,0,0,0,0,0,0,0,0,52
899,1128,8,416,100,0,0,0,0,0,0,0,0,52
900,824,8,440,100,0,0,0,0,0,0,0,0,55
901,996,8,464,100,0,0,0,0,0,0,0,0,58
902,808,8,448,100,0,0,0,0,0,0,0,0,56
903,688,8,448,100,0,0,0,0,0,0,0,0,56
904,768,8,424,100,0,0,0,0,0,0,0,0,53
905,728,8,408,100,0,0,0,0,0,0,0,0,51
906,876,8,456,100,0,0,0,0,0,0,0,0,57
907,1048,8,472,100,0,0,0,0,0,0,0,0,59
908,880,8,408,100,0,0,0,0,0,0,0,0,51
909,1100,8,416,100,0,0,0,0,0,0,0,0,52
910,924,8,416,100,0,0,0,0,0,0,0,0,52
911,944,8,416,100,0,0,0,0,0,0,0,0,52
912,996,8,408,100,0,0,0,0,0,0,0,0,51
913,968,8,400,100,0,0,0,0,0,0,0,0,50
914,1108,8,424,100,0,0,0,0,0,0,0,0,53
915,1016,8,408,100,0,0,0,0,0,0,0,0,51
916,1168,8,424,100,0,0,0,0,0,0,0,0,53
917,1116,8,400,100,0,0,0,0,0,0,0,0,50
918,1196,8,424,100,0,0,0,0,0,0,0,0,53
919,1264,8,416,100,0,0,0,0,0,0,0,0,52
920,1312,8,432,100,0,0,0,0,0,0,0,0,54
921,1332,8,432,100,0,0,0,0,0,0,0,0,54
922,1340,8,416,100,0,0,0,0,0,0,0,0,52
923,1232,8,416,100,0,0,0,0,0,0,0,0,52
924,924,8,376,100,0,0,0,0,0,0,0,0,47
925,980,8,376,100,0,0,0,0,0,0,0,0,47
926,864,8,400,100,0,0,0,0,0,0,0,0,50
927,1060,8,424,100,0,0,0,0,0,0,0,0,53
928,1136,8,432,100,0,0,0,0,0,0,0,0,54
929,936,8,424,100,0,0,0,0,0,0,0,0,53
930,984,8,440,100,0,0,0,0,0,0,0,0,55
931,952,8,416,100,0,0,0,0,0,0,0,0,52
932,936,8,392,100,0,0,0,0,0,0,0,0,49
933,1016,8,416,100,0,0,0,0,0,0,0,0,52
934,880,8,408,100,0,0,0,0,0,0,0,0,51
935,1096,8,448,100,0,0,0,0,0,0,0,0,56
936,1060,8,408,100,0,0,0,0,0,0,0,0,51
937,992,8,424,100,0,0,0,0,0,0,0,0,53
938,1112,8,464,100,0,0,0,0,0,0,0,0,58
939,1084,8,432,100,0,0,0,0,0,0,0,0,54
940,1172,8,456,100,0,0,0,0,0,0,0,0,57
941,1292,8,448,100,0,0,0,0,0,0,0,0,56
942,1232,8,416,100,0,0,0,0,0,0,0,0,52
943,1504,8,440,100,0,0,0,0,0,0,0,0,55
944,1404,8,408,100,0,0,0,0,0,0,0,0,51
945,1416,8,424,100,0,0,0,0,0,0,0,0,53
946,1348,8,448,100,0,0,0,0,0,0,0,0,56
947,1280,8,392,100,0,0,0,0,0,0,0,0,49
948,1296,8,392,100,0,0,0,0,0,0,0,0,49
949,1012,8,400,100,0,0,0,0,0,0,0,0,50
950,1132,8,424,100,0,0,0,0,0,0,0,0,53
951,1260,8,448,100,0,0,0,0,0,0,0,0,56
952,1148,8,456,100,0,0,0,0,0,0,0,0,57
953,1188,8,464,100,0,0,0,0,0,0,0,0,58
954,1016,8,480,100,0,0,0,0,0,0,0,0,60
955,1112,8,472,100,0,0,0,0,0,0,0,0,59
956,1084,8,456,100,0,0,0,0,0,0,0,0,57
957,1144,8,448,100,0,0,0,0,0,0,0,0,56
958,1276,8,456,100,0,0,0,0,0,0,0,0,57
959,1332,8,496,100,0,0,0,0,0,0,0,0,62
960,1336,8,448,100,0,0,0,0,0,0,0,0,56
961,1240,8,416,100,0,0,0,0,0,0,0,0,52
962,1200,8,440,100,0,0,0,0,0,0,0,0,55
963,1088,8,456,100,0,0,0,0,0,0,0,0,57
964,1172,8,456,100,0,0,0,0,0,0,0,0,57
965,1208,8,456,100,0,0,0,0,0,0,0,0,57
966,1200,8,432,100,0,0,0,0,0,0,0,0,54
967,1328,8,424,100,0,0,0,0,0,0,0,0,53
968,1080,8,448,100,0,0,0,0,0,0,0,0,56
969,1176,8,496,100,0,0,0,0,0,0,0,0,62
970,1424,8,472,100,0,0,0,0,0,0,0,0,59
971,1392,8,448,100,0,0,0,0,0,0,0,0,56
972,1176,8,448,100,0,0,0,0,0,0,0,0,56
973,1176,8,440,100,0,0,0,0,0,0,0,0,55
974,1192,8,488,100,0,0,0,0,0,0,0,0,61
975,1216,8,448,100,0,0,0,0,0,0,0,0,56
976,1360,8,424,100,0,0,0,0,0,0,0,0,53
977,1644,8,456,100,0,0,0,0,0,0,0,0,57
978,1464,8,408,100,0,0,0,0,0,0,0,0,51
979,1076,8,392,100,0,0,0,0,0,0,0,0,49
980,1032,8,400,100,0,0,0,0,0,0,0,0,50
981,1096,8,424,100,0,0,0,0,0,0,0,0,53
982,1216,8,408,100,0,0,0,0,0,0,0,0,51
983,1192,8,416,100,0,0,0,0,0,0,0,0,52
984,828,8,400,100,0,0,0,0,0,0,0,0,50
985,944,8,408,100,0,0,0,0,0,0,0,0,51
986,1060,8,400,100,0,0,0,0,0,0,0,0,50
987,1220,8,424,100,0,0,0,0,0,0,0,0,53
988,1368,8,424,100,0,0,0,0,0,0,0,0,53
989,1496,8,408,100,0,0,0,0,0,0,0,0,51
990,1616,8,376,100,0,0,0,0,0,0,0,0,47
991,1680,8,384,100,0,0,0,0,0,0,0,0,48
992,1020,8,400,100,0,0,0,0,0,0,0,0,50
993,1328,8,416,100,0,0,0,0,0,0,0,0,52
994,996,8,424,100,0,0,0,0,0,0,0,0,53
995,952,8,416,100,0,0,0,0,0,0,0,0,52
996,888,8,464,100,0,0,0,0,0,0,0,0,58
997,952,8,464,100,0,0,0,0,0,0,0,0,58
998,908,8,456,100,0,0,0,0,0,0,0,0,57
999,836,8,416,100,0,0,0,0,0,0,0,0,52
