update,points,mean_tasks,total_tasks,total_orgs,task_0,task_1,task_2,task_3,task_4,task_5,task_6,task_7,task_8
0,0,nan,0,8,0,0,0,0,0,0,0,0,0
1,0,nan,0,8,0,0,0,0,0,0,0,0,0
2,12,8,8,9,0,0,0,0,0,0,0,0,1
3,12,8,8,9,0,0,0,0,0,0,0,0,1
4,24,8,16,10,0,0,0,0,0,0,0,0,2
5,24,8,16,10,0,0,0,0,0,0,0,0,2
6,48,8,32,12,0,0,0,0,0,0,0,0,4
7,48,8,32,12,0,0,0,0,0,0,0,0,4
8,60,8,40,13,0,0,0,0,0,0,0,0,5
9,60,8,40,13,0,0,0,0,0,0,0,0,5
10,60,8,40,13,0,0,0,0,0,0,0,0,5
11,72,8,40,14,0,0,0,0,0,0,0,0,5
12,64,8,48,16,0,0,0,0,0,0,0,0,6
13,76,8,56,17,0,0,0,0,0,0,0,0,7
14,76,8,56,17,0,0,0,0,0,0,0,0,7
15,88,8,64,18,0,0,0,0,0,0,0,0,8
16,88,8,64,18,0,0,0,0,0,0,0,0,8
17,88,8,64,18,0,0,0,0,0,0,0,0,8
18,112,8,72,19,0,0,0,0,0,0,0,0,9
19,112,8,72,19,0,0,0,0,0,0,0,0,9
20,124,8,80,20,0,0,0,0,0,0,0,0,10
21,124,8,80,20,0,0,0,0,0,0,0,0,10
22,136,8,88,21,0,0,0,0,0,0,0,0,11
23,136,8,88,21,0,0,0,0,0,0,0,0,11
24,160,8,96,22,0,0,0,0,0,0,0,0,12
25,136,8,88,22,0,0,0,0,0,0,0,0,11
26,128,8,96,23,0,0,0,0,0,0,0,0,12
27,128,8,96,23,0,0,0,0,0,0,0,0,12
28,152,8,112,24,0,0,0,0,0,0,0,0,14
29,152,8,112,24,0,0,0,0,0,0,0,0,14
30,164,8,120,25,0,0,0,0,0,0,0,0,15
31,164,8,120,25,0,0,0,0,0,0,0,0,15
32,176,8,128,26,0,0,0,0,0,0,0,0,16
33,200,8,128,27,0,0,0,0,0,0,0,0,16
34,180,8,120,27,0,0,0,0,0,0,0,0,15
35,192,8,128,28,0,0,0,0,0,0,0,0,16
36,204,8,128,28,0,0,0,0,0,0,0,0,16
37,216,8,136,29,0,0,0,0,0,0,0,0,17
38,216,8,136,29,0,0,0,0,0,0,0,0,17
39,240,8,144,30,0,0,0,0,0,0,0,0,18
40,232,8,144,31,0,0,0,0,0,0,0,0,18
41,212,8,144,32,0,0,0,0,0,0,0,0,18
42,224,8,144,32,0,0,0,0,0,0,0,0,18
43,208,8,136,32,0,0,0,0,0,0,0,0,17
44,196,8,136,32,0,0,0,0,0,0,0,0,17
45,196,8,136,32,0,0,0,0,0,0,0,0,17
46,196,8,136,32,0,0,0,0,0,0,0,0,17
47,216,8,144,33,0,0,0,0,0,0,0,0,18
48,216,8,136,33,0,0,0,0,0,0,0,0,17
49,196,8,136,33,0,0,0,0,0,0,0,0,17
50,220,8,144,34,0,0,0,0,0,0,0,0,18
51,188,8,136,34,0,0,0,0,0,0,0,0,17
52,200,8,144,35,0,0,0,0,0,0,0,0,18
53,200,8,144,35,0,0,0,0,0,0,0,0,18
54,212,8,144,36,0,0,0,0,0,0,0,0,18
55,224,8,152,37,0,0,0,0,0,0,0,0,19
56,220,8,144,37,0,0,0,0,0,0,0,0,18
57,232,8,152,39,0,0,0,0,0,0,0,0,19
58,236,8,152,42,0,0,0,0,0,0,0,0,19
59,188,8,144,42,0,0,0,0,0,0,0,0,18
60,168,8,136,42,0,0,0,0,0,0,0,0,17
61,168,8,136,42,0,0,0,0,0,0,0,0,17
62,200,8,136,43,0,0,0,0,0,0,0,0,17
63,236,8,144,44,0,0,0,0,0,0,0,0,18
64,228,8,144,44,0,0,0,0,0,0,0,0,18
65,216,8,144,44,0,0,0,0,0,0,0,0,18
66,232,8,160,45,0,0,0,0,0,0,0,0,20
67,224,8,160,46,0,0,0,0,0,0,0,0,20
68,252,8,176,47,0,0,0,0,0,0,0,0,22
69,292,8,168,48,0,0,0,0,0,0,0,0,21
70,232,8,168,48,0,0,0,0,0,0,0,0,21
71,228,8,160,48,0,0,0,0,0,0,0,0,20
72,216,8,160,48,0,0,0,0,0,0,0,0,20
73,280,8,192,53,0,0,0,0,0,0,0,0,24
74,276,8,192,55,0,0,0,0,0,0,0,0,24
75,288,8,192,55,0,0,0,0,0,0,0,0,24
76,256,8,176,56,0,0,0,0,0,0,0,0,22
77,284,8,176,58,0,0,0,0,0,0,0,0,22
78,376,8,208,59,0,0,0,0,0,0,0,0,26
79,312,8,208,61,0,0,0,0,0,0,0,0,26
80,280,8,192,61,0,0,0,0,0,0,0,0,24
81,324,8,208,62,0,0,0,0,0,0,0,0,26
82,364,8,208,64,0,0,0,0,0,0,0,0,26
83,380,8,192,67,0,0,0,0,0,0,0,0,24
84,296,8,192,68,0,0,0,0,0,0,0,0,24
85,276,8,192,68,0,0,0,0,0,0,0,0,24
86,344,8,200,70,0,0,0,0,0,0,0,0,25
87,312,8,216,70,0,0,0,0,0,0,0,0,27
88,372,8,208,71,0,0,0,0,0,0,0,0,26
89,344,8,208,72,0,0,0,0,0,0,0,0,26
90,324,8,208,73,0,0,0,0,0,0,0,0,26
91,300,8,208,75,0,0,0,0,0,0,0,0,26
92,384,8,216,75,0,0,0,0,0,0,0,0,27
93,372,8,232,75,0,0,0,0,0,0,0,0,29
94,372,8,232,78,0,0,0,0,0,0,0,0,29
95,356,8,224,81,0,0,0,0,0,0,0,0,28
96,384,8,224,82,0,0,0,0,0,0,0,0,28
97,312,8,200,82,0,0,0,0,0,0,0,0,25
98,320,8,208,82,0,0,0,0,0,0,0,0,26
99,336,8,216,82,0,0,0,0,0,0,0,0,27
100,372,8,232,82,0,0,0,0,0,0,0,0,29
101,460,8,232,83,0,0,0,0,0,0,0,0,29
102,400,8,240,84,0,0,0,0,0,0,0,0,30
103,388,8,256,85,0,0,0,0,0,0,0,0,32
104,464,8,248,87,0,0,0,0,0,0,0,0,31
105,332,8,248,88,0,0,0,0,0,0,0,0,31
106,420,8,264,89,0,0,0,0,0,0,0,0,33
107,412,8,232,89,0,0,0,0,0,0,0,0,29
108,400,8,248,89,0,0,0,0,0,0,0,0,31
109,396,8,232,89,0,0,0,0,0,0,0,0,29
110,392,8,232,89,0,0,0,0,0,0,0,0,29
111,388,8,240,89,0,0,0,0,0,0,0,0,30
112,396,8,224,90,0,0,0,0,0,0,0,0,28
113,372,8,232,90,0,0,0,0,0,0,0,0,29
114,452,8,208,90,0,0,0,0,0,0,0,0,26
115,368,8,216,91,0,0,0,0,0,0,0,0,27
116,480,8,232,92,0,0,0,0,0,0,0,0,29
117,492,8,224,92,0,0,0,0,0,0,0,0,28
118,396,8,256,92,0,0,0,0,0,0,0,0,32
119,424,8,248,92,0,0,0,0,0,0,0,0,31
120,400,8,208,95,0,0,0,0,0,0,0,0,26
121,416,8,232,95,0,0,0,0,0,0,0,0,29
122,480,8,248,97,0,0,0,0,0,0,0,0,31
123,484,8,264,97,0,0,0,0,0,0,0,0,33
124,484,8,248,98,0,0,0,0,0,0,0,0,31
125,548,8,264,99,0,0,0,0,0,0,0,0,33
126,412,8,264,100,0,0,0,0,0,0,0,0,33
127,492,8,280,100,0,0,0,0,0,0,0,0,35
128,492,8,256,100,0,0,0,0,0,0,0,0,32
129,400,8,240,100,0,0,0,0,0,0,0,0,30
130,420,8,240,100,0,0,0,0,0,0,0,0,30
131,464,8,272,100,0,0,0,0,0,0,0,0,34
132,552,8,288,100,0,0,0,0,0,0,0,0,36
133,500,8,264,100,0,0,0,0,0,0,0,0,33
134,456,8,264,100,0,0,0,0,0,0,0,0,33
135,492,8,272,100,0,0,0,0,0,0,0,0,34
136,444,8,256,100,0,0,0,0,0,0,0,0,32
137,412,8,272,100,0,0,0,0,0,0,0,0,34
138,520,8,280,100,0,0,0,0,0,0,0,0,35
139,440,8,248,100,0,0,0,0,0,0,0,0,31
140,480,8,280,100,0,0,0,0,0,0,0,0,35
141,624,8,256,100,0,0,0,0,0,0,0,0,32
142,496,8,288,100,0,0,0,0,0,0,0,0,36
143,596,8,272,100,0,0,0,0,0,0,0,0,34
144,640,8,296,100,0,0,0,0,0,0,0,0,37
145,640,8,288,100,0,0,0,0,0,0,0,0,36
146,612,8,272,100,0,0,0,0,0,0,0,0,34
147,536,8,264,100,0,0,0,0,0,0,0,0,33
148,572,8,248,100,0,0,0,0,0,0,0,0,31
149,604,8,264,100,0,0,0,0,0,0,0,0,33
150,428,8,248,100,0,0,0,0,0,0,0,0,31
151,584,8,256,100,0,0,0,0,0,0,0,0,32
152,608,8,288,100,0,0,0,0,0,0,0,0,36
153,496,8,248,100,0,0,0,0,0,0,0,0,31
154,428,8,240,100,0,0,0,0,0,0,0,0,30
155,408,8,224,100,0,0,0,0,0,0,0,0,28
156,468,8,240,100,0,0,0,0,0,0,0,0,30
157,508,8,272,100,0,0,0,0,0,0,0,0,34
158,512,8,264,100,0,0,0,0,0,0,0,0,33
159,492,8,240,100,0,0,0,0,0,0,0,0,30
160,496,8,240,100,0,0,0,0,0,0,0,0,30
161,564,8,264,100,0,0,0,0,0,0,0,0,33
162,560,8,264,100,0,0,0,0,0,0,0,0,33
163,476,8,288,100,0,0,0,0,0,0,0,0,36
164,536,8,272,100,0,0,0,0,0,0,0,0,34
165,592,8,240,100,0,0,0,0,0,0,0,0,30
166,568,8,272,100,0,0,0,0,0,0,0,0,34
167,656,8,240,100,0,0,0,0,0,0,0,0,30
168,556,8,256,100,0,0,0,0,0,0,0,0,32
169,612,8,248,100,0,0,0,0,0,0,0,0,31
170,700,8,280,100,0,0,0,0,0,0,0,0,35
171,784,8,296,100,0,0,0,0,0,0,0,0,37
172,536,8,304,100,0,0,0,0,0,0,0,0,38
173,524,8,288,100,0,0,0,0,0,0,0,0,36
174,580,8,304,100,0,0,0,0,0,0,0,0,38
175,516,8,272,100,0,0,0,0,0,0,0,0,34
176,468,8,264,100,0,0,0,0,0,0,0,0,33
177,540,8,288,100,0,0,0,0,0,0,0,0,36
178,572,8,272,100,0,0,0,0,0,0,0,0,34
179,560,8,312,100,0,0,0,0,0,0,0,0,39
180,536,8,312,100,0,0,0,0,0,0,0,0,39
181,576,8,304,100,0,0,0,0,0,0,0,0,38
182,604,8,280,100,0,0,0,0,0,0,0,0,35
183,588,8,320,100,0,0,0,0,0,0,0,0,40
184,564,8,296,100,0,0,0,0,0,0,0,0,37
185,440,8,272,100,0,0,0,0,0,0,0,0,34
186,568,8,312,100,0,0,0,0,0,0,0,0,39
187,588,8,312,100,0,0,0,0,0,0,0,0,39
188,468,8,296,100,0,0,0,0,0,0,0,0,37
189,616,8,320,100,0,0,0,0,0,0,0,0,40
190,600,8,328,100,0,0,0,0,0,0,0,0,41
191,528,8,328,100,0,0,0,0,0,0,0,0,41
192,584,8,296,100,0,0,0,0,0,0,0,0,37
193,512,8,320,100,0,0,0,0,0,0,0,0,40
194,592,8,320,100,0,0,0,0,0,0,0,0,40
195,588,8,296,100,0,0,0,0,0,0,0,0,37
196,528,8,336,100,0,0,0,0,0,0,0,0,42
197,560,8,296,100,0,0,0,0,0,0,0,0,37
198,532,8,288,100,0,0,0,0,0,0,0,0,36
199,444,8,272,100,0,0,0,0,0,0,0,0,34
200,488,8,296,100,0,0,0,0,0,0,0,0,37
201,464,8,304,100,0,0,0,0,0,0,0,0,38
202,480,8,272,100,0,0,0,0,0,0,0,0,34
203,524,8,280,100,0,0,0,0,0,0,0,0,35
204,524,8,280,100,0,0,0,0,0,0,0,0,35
205,520,8,280,100,0,0,0,0,0,0,0,0,35
206,560,8,288,100,0,0,0,0,0,0,0,0,36
207,576,8,296,100,0,0,0,0,0,0,0,0,37
208,532,8,288,100,0,0,0,0,0,0,0,0,36
209,556,8,296,100,0,0,0,0,0,0,0,0,37
210,556,8,304,100,0,0,0,0,0,0,0,0,38
211,576,8,312,100,0,0,0,0,0,0,0,0,39
212,656,8,336,100,0,0,0,0,0,0,0,0,42
213,584,8,320,100,0,0,0,0,0,0,0,0,40
214,576,8,320,100,0,0,0,0,0,0,0,0,40
215,532,8,320,100,0,0,0,0,0,0,0,0,40
216,652,8,328,100,0,0,0,0,0,0,0,0,41
217,540,8,312,100,0,0,0,0,0,0,0,0,39
218,532,8,304,100,0,0,0,0,0,0,0,0,38
219,552,8,296,100,0,0,0,0,0,0,0,0,37
220,532,8,288,100,0,0,0,0,0,0,0,0,36
221,576,8,264,100,0,0,0,0,0,0,0,0,33
222,564,8,312,100,0,0,0,0,0,0,0,0,39
223,664,8,336,100,0,0,0,0,0,0,0,0,42
224,588,8,336,100,0,0,0,0,0,0,0,0,42
225,716,8,376,100,0,0,0,0,0,0,0,0,47
226,688,8,376,100,0,0,0,0,0,0,0,0,47
227,568,8,336,100,0,0,0,0,0,0,0,0,42
228,692,8,376,100,0,0,0,0,0,0,0,0,47
229,612,8,352,100,0,0,0,0,0,0,0,0,44
230,748,8,400,100,0,0,0,0,0,0,0,0,50
231,772,8,416,100,0,0,0,0,0,0,0,0,52
232,740,8,432,100,0,0,0,0,0,0,0,0,54
233,800,8,384,100,0,0,0,0,0,0,0,0,48
234,696,8,384,100,0,0,0,0,0,0,0,0,48
235,624,8,352,100,0,0,0,0,0,0,0,0,44
236,680,8,376,100,0,0,0,0,0,0,0,0,47
237,696,8,424,100,0,0,0,0,0,0,0,0,53
238,720,8,392,100,0,0,0,0,0,0,0,0,49
239,704,8,360,100,0,0,0,0,0,0,0,0,45
240,644,8,360,100,0,0,0,0,0,0,0,0,45
241,628,8,352,100,0,0,0,0,0,0,0,0,44
242,688,8,408,100,0,0,0,0,0,0,0,0,51
243,724,8,448,100,0,0,0,0,0,0,0,0,56
244,800,8,440,100,0,0,0,0,0,0,0,0,55
245,788,8,392,100,0,0,0,0,0,0,0,0,49
246,728,8,416,100,0,0,0,0,0,0,0,0,52
247,676,8,392,100,0,0,0,0,0,0,0,0,49
248,708,8,408,100,0,0,0,0,0,0,0,0,51
249,792,8,424,100,0,0,0,0,0,0,0,0,53
250,724,8,440,100,0,0,0,0,0,0,0,0,55
251,776,8,408,100,0,0,0,0,0,0,0,0,51
252,656,8,368,100,0,0,0,0,0,0,0,0,46
253,732,8,384,100,0,0,0,0,0,0,0,0,48
254,812,8,400,100,0,0,0,0,0,0,0,0,50
255,820,8,368,100,0,0,0,0,0,0,0,0,46
256,664,8,400,100,0,0,0,0,0,0,0,0,50
257,680,8,368,100,0,0,0,0,0,0,0,0,46
258,620,8,408,100,0,0,0,0,0,0,0,0,51
259,672,8,400,100,0,0,0,0,0,0,0,0,50
260,724,8,408,100,0,0,0,0,0,0,0,0,51
261,720,8,392,100,0,0,0,0,0,0,0,0,49
262,632,8,392,100,0,0,0,0,0,0,0,0,49
263,716,8,392,100,0,0,0,0,0,0,0,0,49
264,712,8,408,100,0,0,0,0,0,0,0,0,51
265,848,8,424,100,0,0,0,0,0,0,0,0,53
266,728,8,400,100,0,0,0,0,0,0,0,0,50
267,712,8,416,100,0,0,0,0,0,0,0,0,52
268,700,8,416,100,0,0,0,0,0,0,0,0,52
269,732,8,400,100,0,0,0,0,0,0,0,0,50
270,732,8,416,100,0,0,0,0,0,0,0,0,52
271,772,8,432,100,0,0,0,0,0,0,0,0,54
272,804,8,424,100,0,0,0,0,0,0,0,0,53
273,872,8,440,100,0,0,0,0,0,0,0,0,55
274,800,8,424,100,0,0,0,0,0,0,0,0,53
275,856,8,424,100,0,0,0,0,0,0,0,0,53
276,848,8,464,100,0,0,0,0,0,0,0,0,58
277,996,8,464,100,0,0,0,0,0,0,0,0,58
278,816,8,456,100,0,0,0,0,0,0,0,0,57
279,744,8,472,100,0,0,0,0,0,0,0,0,59
280,808,8,480,100,0,0,0,0,0,0,0,0,60
281,816,8,472,100,0,0,0,0,0,0,0,0,59
282,780,8,464,100,0,0,0,0,0,0,0,0,58
283,716,8,432,100,0,0,0,0,0,0,0,0,54
284,760,8,408,100,0,0,0,0,0,0,0,0,51
285,788,8,424,100,0,0,0,0,0,0,0,0,53
286,704,8,424,100,0,0,0,0,0,0,0,0,53
287,876,8,440,100,0,0,0,0,0,0,0,0,55
288,1016,8,448,100,0,0,0,0,0,0,0,0,56
289,1072,8,448,100,0,0,0,0,0,0,0,0,56
290,1180,8,472,100,0,0,0,0,0,0,0,0,59
291,1224,8,488,100,0,0,0,0,0,0,0,0,61
292,1104,8,504,100,0,0,0,0,0,0,0,0,63
293,1252,8,472,100,0,0,0,0,0,0,0,0,59
294,884,8,464,100,0,0,0,0,0,0,0,0,58
295,988,8,448,100,0,0,0,0,0,0,0,0,56
296,960,8,480,100,0,0,0,0,0,0,0,0,60
297,1020,8,464,100,0,0,0,0,0,0,0,0,58
298,824,8,472,100,0,0,0,0,0,0,0,0,59
299,860,8,456,100,0,0,0,0,0,0,0,0,57
300,836,8,440,100,0,0,0,0,0,0,0,0,55
301,732,8,472,100,0,0,0,0,0,0,0,0,59
302,648,8,424,100,0,0,0,0,0,0,0,0,53
303,784,8,448,100,0,0,0,0,0,0,0,0,56
304,828,8,448,100,0,0,0,0,0,0,0,0,56
305,868,8,456,100,0,0,0,0,0,0,0,0,57
306,896,8,480,100,0,0,0,0,0,0,0,0,60
307,836,8,464,100,0,0,0,0,0,0,0,0,58
308,944,8,440,100,0,0,0,0,0,0,0,0,55
309,1040,8,456,100,0,0,0,0,0,0,0,0,57
310,1228,8,456,100,0,0,0,0,0,0,0,0,57
311,1116,8,456,100,0,0,0,0,0,0,0,0,57
312,956,8,416,100,0,0,0,0,0,0,0,0,52
313,1032,8,416,100,0,0,0,0,0,0,0,0,52
314,1092,8,408,100,0,0,0,0,0,0,0,0,51
315,984,8,400,100,0,0,0,0,0,0,0,0,50
316,1044,8,392,100,0,0,0,0,0,0,0,0,49
317,912,8,408,100,0,0,0,0,0,0,0,0,51
318,1336,8,456,100,0,0,0,0,0,0,0,0,57
319,1164,8,440,100,0,0,0,0,0,0,0,0,55
320,1156,8,448,100,0,0,0,0,0,0,0,0,56
321,1200,8,464,100,0,0,0,0,0,0,0,0,58
322,1104,8,464,100,0,0,0,0,0,0,0,0,58
323,1140,8,408,100,0,0,0,0,0,0,0,0,51
324,1300,8,384,100,0,0,0,0,0,0,0,0,48
325,1508,8,384,100,0,0,0,0,0,0,0,0,48
326,1724,8,424,100,0,0,0,0,0,0,0,0,53
327,1732,8,432,100,0,0,0,0,0,0,0,0,54
328,1808,8,408,100,0,0,0,0,0,0,0,0,51
329,1768,8,400,100,0,0,0,0,0,0,0,0,50
330,1700,8,416,100,0,0,0,0,0,0,0,0,52
331,1760,8,400,100,0,0,0,0,0,0,0,0,50
332,1408,8,368,100,0,0,0,0,0,0,0,0,46
333,1164,8,352,100,0,0,0,0,0,0,0,0,44
334,1324,8,384,100,0,0,0,0,0,0,0,0,48
335,1380,8,424,100,0,0,0,0,0,0,0,0,53
336,1072,8,400,100,0,0,0,0,0,0,0,0,50
337,1208,8,432,100,0,0,0,0,0,0,0,0,54
338,1048,8,408,100,0,0,0,0,0,0,0,0,51
339,1172,8,424,100,0,0,0,0,0,0,0,0,53
340,1028,8,416,100,0,0,0,0,0,0,0,0,52
341,968,8,400,100,0,0,0,0,0,0,0,0,50
342,1000,8,400,100,0,0,0,0,0,0,0,0,50
343,1060,8,464,100,0,0,0,0,0,0,0,0,58
344,1236,8,456,100,0,0,0,0,0,0,0,0,57
345,1264,8,440,100,0,0,0,0,0,0,0,0,55
346,1336,8,400,100,0,0,0,0,0,0,0,0,50
347,1252,8,456,100,0,0,0,0,0,0,0,0,57
348,988,8,448,100,0,0,0,0,0,0,0,0,56
349,924,8,464,100,0,0,0,0,0,0,0,0,58
350,792,8,456,100,0,0,0,0,0,0,0,0,57
351,884,8,440,100,0,0,0,0,0,0,0,0,55
352,1000,8,432,100,0,0,0,0,0,0,0,0,54
353,980,8,448,100,0,0,0,0,0,0,0,0,56
354,1132,8,440,100,0,0,0,0,0,0,0,0,55
355,1312,8,480,100,0,0,0,0,0,0,0,0,60
356,1016,8,424,100,0,0,0,0,0,0,0,0,53
357,956,8,432,100,0,0,0,0,0,0,0,0,54
358,1076,8,456,100,0,0,0,0,0,0,0,0,57
359,1120,8,472,100,0,0,0,0,0,0,0,0,59
360,932,8,424,100,0,0,0,0,0,0,0,0,53
361,744,8,432,100,0,0,0,0,0,0,0,0,54
362,912,8,432,100,0,0,0,0,0,0,0,0,54
363,884,8,440,100,0,0,0,0,0,0,0,0,55
364,912,8,424,100,0,0,0,0,0,0,0,0,53
365,956,8,400,100,0,0,0,0,0,0,0,0,50
366,872,8,416,100,0,0,0,0,0,0,0,0,52
367,772,8,440,100,0,0,0,0,0,0,0,0,55
368,984,8,448,100,0,0,0,0,0,0,0,0,56
369,1144,8,456,100,0,0,0,0,0,0,0,0,57
370,1256,8,456,100,0,0,0,0,0,0,0,0,57
371,1192,8,424,100,0,0,0,0,0,0,0,0,53
372,1264,8,424,100,0,0,0,0,0,0,0,0,53
373,1392,8,448,100,0,0,0,0,0,0,0,0,56
374,1420,8,448,100,0,0,0,0,0,0,0,0,56
375,1220,8,456,100,0,0,0,0,0,0,0,0,57
376,1340,8,408,100,0,0,0,0,0,0,0,0,51
377,1644,8,448,100,0,0,0,0,0,0,0,0,56
378,1448,8,448,100,0,0,0,0,0,0,0,0,56
379,1548,8,432,100,0,0,0,0,0,0,0,0,54
380,1760,8,456,100,0,0,0,0,0,0,0,0,57
381,1780,8,424,100,0,0,0,0,0,0,0,0,53
382,1576,8,416,100,0,0,0,0,0,0,0,0,52
383,1572,8,424,100,0,0,0,0,0,0,0,0,53
384,2056,8,432,100,0,0,0,0,0,0,0,0,54
385,2144,8,416,100,0,0,0,0,0,0,0,0,52
386,2400,8,408,100,0,0,0,0,0,0,0,0,51
387,1984,8,400,100,0,0,0,0,0,0,0,0,50
388,2012,8,400,100,0,0,0,0,0,0,0,0,50
389,2040,8,416,100,0,0,0,0,0,0,0,0,52
390,1800,8,376,100,0,0,0,0,0,0,0,0,47
391,1988,8,384,100,0,0,0,0,0,0,0,0,48
392,1660,8,368,100,0,0,0,0,0,0,0,0,46
393,2040,8,392,100,0,0,0,0,0,0,0,0,49
394,1936,8,376,100,0,0,0,0,0,0,0,0,47
395,2000,8,440,100,0,0,0,0,0,0,0,0,55
396,2200,8,448,100,0,0,0,0,0,0,0,0,56
397,2284,8,440,100,0,0,0,0,0,0,0,0,55
398,1780,8,408,100,0,0,0,0,0,0,0,0,51
399,1176,8,432,100,0,0,0,0,0,0,0,0,54
400,1320,8,432,100,0,0,0,0,0,0,0,0,54
401,1560,8,472,100,0,0,0,0,0,0,0,0,59
402,1592,8,432,100,0,0,0,0,0,0,0,0,54
403,1544,8,432,100,0,0,0,0,0,0,0,0,54
404,1580,8,464,100,0,0,0,0,0,0,0,0,58
405,1412,8,472,100,0,0,0,0,0,0,0,0,59
406,1372,8,432,100,0,0,0,0,0,0,0,0,54
407,1316,8,432,100,0,0,0,0,0,0,0,0,54
408,1520,8,440,100,0,0,0,0,0,0,0,0,55
409,1884,8,448,100,0,0,0,0,0,0,0,0,56
410,1936,8,464,100,0,0,0,0,0,0,0,0,58
411,1880,8,456,100,0,0,0,0,0,0,0,0,57
412,1824,8,448,100,0,0,0,0,0,0,0,0,56
413,1968,8,440,100,0,0,0,0,0,0,0,0,55
414,1804,8,424,100,0,0,0,0,0,0,0,0,53
415,2060,8,440,100,0,0,0,0,0,0,0,0,55
416,1860,8,440,100,0,0,0,0,0,0,0,0,55
417,1808,8,392,100,0,0,0,0,0,0,0,0,49
418,1616,8,384,100,0,0,0,0,0,0,0,0,48
419,2076,8,408,100,0,0,0,0,0,0,0,0,51
420,2084,8,376,100,0,0,0,0,0,0,0,0,47
421,1916,8,408,100,0,0,0,0,0,0,0,0,51
422,2088,8,432,100,0,0,0,0,0,0,0,0,54
423,2152,8,432,100,0,0,0,0,0,0,0,0,54
424,2324,8,440,100,0,0,0,0,0,0,0,0,55
425,2348,8,408,100,0,0,0,0,0,0,0,0,51
426,2344,8,416,100,0,0,0,0,0,0,0,0,52
427,2528,8,416,100,0,0,0,0,0,0,0,0,52
428,2148,8,416,100,0,0,0,0,0,0,0,0,52
429,1736,8,368,100,0,0,0,0,0,0,0,0,46
430,1828,8,392,100,0,0,0,0,0,0,0,0,49
431,1868,8,408,100,0,0,0,0,0,0,0,0,51
432,1852,8,416,100,0,0,0,0,0,0,0,0,52
433,2216,8,408,100,0,0,0,0,0,0,0,0,51
434,2028,8,448,100,0,0,0,0,0,0,0,0,56
435,2116,8,448,100,0,0,0,0,0,0,0,0,56
436,2008,8,440,100,0,0,0,0,0,0,0,0,55
437,1612,8,448,100,0,0,0,0,0,0,0,0,56
438,1624,8,416,100,0,0,0,0,0,0,0,0,52
439,1732,8,400,100,0,0,0,0,0,0,0,0,50
440,1620,8,416,100,0,0,0,0,0,0,0,0,52
441,1536,8,424,100,0,0,0,0,0,0,0,0,53
442,1476,8,400,100,0,0,0,0,0,0,0,0,50
443,1560,8,408,100,0,0,0,0,0,0,0,0,51
444,1572,8,416,100,0,0,0,0,0,0,0,0,52
445,1564,8,416,100,0,0,0,0,0,0,0,0,52
446,1212,8,424,100,0,0,0,0,0,0,0,0,53
447,1416,8,472,100,0,0,0,0,0,0,0,0,59
448,1520,8,464,100,0,0,0,0,0,0,0,0,58
449,1868,8,464,100,0,0,0,0,0,0,0,0,58
450,1760,8,440,100,0,0,0,0,0,0,0,0,55
451,1476,8,440,100,0,0,0,0,0,0,0,0,55
452,1632,8,448,100,0,0,0,0,0,0,0,0,56
453,1844,8,456,100,0,0,0,0,0,0,0,0,57
454,1676,8,400,100,0,0,0,0,0,0,0,0,50
455,1728,8,432,100,0,0,0,0,0,0,0,0,54
456,1796,8,432,100,0,0,0,0,0,0,0,0,54
457,1904,8,424,100,0,0,0,0,0,0,0,0,53
458,1900,8,408,100,0,0,0,0,0,0,0,0,51
459,2028,8,416,100,0,0,0,0,0,0,0,0,52
460,2160,8,392,100,0,0,0,0,0,0,0,0,49
461,2412,8,432,100,0,0,0,0,0,0,0,0,54
462,2732,8,440,100,0,0,0,0,0,0,0,0,55
463,2396,8,416,100,0,0,0,0,0,0,0,0,52
464,2152,8,424,100,0,0,0,0,0,0,0,0,53
465,2360,8,456,100,0,0,0,0,0,0,0,0,57
466,2504,8,416,100,0,0,0,0,0,0,0,0,52
467,2244,8,424,100,0,0,0,0,0,0,0,0,53
468,2000,8,384,100,0,0,0,0,0,0,0,0,48
469,1516,8,408,100,0,0,0,0,0,0,0,0,51
470,1456,8,392,100,0,0,0,0,0,0,0,0,49
471,1572,8,408,100,0,0,0,0,0,0,0,0,51
472,1592,8,440,100,0,0,0,0,0,0,0,0,55
473,1420,8,416,100,0,0,0,0,0,0,0,0,52
474,1400,8,448,100,0,0,0,0,0,0,0,0,56
475,1488,8,440,100,0,0,0,0,0,0,0,0,55
476,1452,8,376,100,0,0,0,0,0,0,0,0,47
477,1328,8,360,100,0,0,0,0,0,0,0,0,45
478,1272,8,424,100,0,0,0,0,0,0,0,0,53
479,1220,8,432,100,0,0,0,0,0,0,0,0,54
480,1416,8,440,100,0,0,0,0,0,0,0,0,55
481,1680,8,440,100,0,0,0,0,0,0,0,0,55
482,1484,8,448,100,0,0,0,0,0,0,0,0,56
483,1680,8,440,100,0,0,0,0,0,0,0,0,55
484,1548,8,424,100,0,0,0,0,0,0,0,0,53
485,1716,8,440,100,0,0,0,0,0,0,0,0,55
486,1260,8,440,100,0,0,0,0,0,0,0,0,55
487,1468,8,424,100,0,0,0,0,0,0,0,0,53
488,1020,8,392,100,0,0,0,0,0,0,0,0,49
489,1268,8,408,100,0,0,0,0,0,0,0,0,51
490,1296,8,432,100,0,0,0,0,0,0,0,0,54
491,1420,8,416,100,0,0,0,0,0,0,0,0,52
492,1620,8,416,100,0,0,0,0,0,0,0,0,52
493,1276,8,408,100,0,0,0,0,0,0,0,0,51
494,940,8,392,100,0,0,0,0,0,0,0,0,49
495,1032,8,456,100,0,0,0,0,0,0,0,0,57
496,1128,8,496,100,0,0,0,0,0,0,0,0,62
497,1020,8,464,100,0,0,0,0,0,0,0,0,58
498,976,8,496,100,0,0,0,0,0,0,0,0,62
499,936,8,456,100,0,0,0,0,0,0,0,0,57
500,884,8,424,100,0,0,0,0,0,0,0,0,53
501,896,8,424,100,0,0,0,0,0,0,0,0,53
502,952,8,440,100,0,0,0,0,0,0,0,0,55
503,1032,8,432,100,0,0,0,0,0,0,0,0,54
504,1096,8,440,100,0,0,0,0,0,0,0,0,55
505,1104,8,408,100,0,0,0,0,0,0,0,0,51
506,816,8,416,100,0,0,0,0,0,0,0,0,52
507,896,8,448,100,0,0,0,0,0,0,0,0,56
508,992,8,464,100,0,0,0,0,0,0,0,0,58
509,1028,8,448,100,0,0,0,0,0,0,0,0,56
510,976,8,440,100,0,0,0,0,0,0,0,0,55
511,968,8,424,100,0,0,0,0,0,0,0,0,53
512,824,8,440,100,0,0,0,0,0,0,0,0,55
513,876,8,424,100,0,0,0,0,0,0,0,0,53
514,916,8,400,100,0,0,0,0,0,0,0,0,50
515,1080,8,376,100,0,0,0,0,0,0,0,0,47
516,1056,8,368,100,0,0,0,0,0,0,0,0,46
517,1124,8,360,100,0,0,0,0,0,0,0,0,45
518,1168,8,352,100,0,0,0,0,0,0,0,0,44
519,1316,8,384,100,0,0,0,0,0,0,0,0,48
520,1228,8,368,100,0,0,0,0,0,0,0,0,46
521,1360,8,376,100,0,0,0,0,0,0,0,0,47
522,1272,8,408,100,0,0,0,0,0,0,0,0,51
523,1572,8,440,100,0,0,0,0,0,0,0,0,55
524,1516,8,424,100,0,0,0,0,0,0,0,0,53
525,1716,8,408,100,0,0,0,0,0,0,0,0,51
526,1244,8,400,100,0,0,0,0,0,0,0,0,50
527,1456,8,416,100,0,0,0,0,0,0,0,0,52
528,1352,8,384,100,0,0,0,0,0,0,0,0,48
529,1456,8,400,100,0,0,0,0,0,0,0,0,50
530,1112,8,400,100,0,0,0,0,0,0,0,0,50
531,1392,8,416,100,0,0,0,0,0,0,0,0,52
532,1360,8,440,100,0,0,0,0,0,0,0,0,55
533,1140,8,432,100,0,0,0,0,0,0,0,0,54
534,1424,8,440,100,0,0,0,0,0,0,0,0,55
535,1240,8,440,100,0,0,0,0,0,0,0,0,55
536,1232,8,424,100,0,0,0,0,0,0,0,0,53
537,1272,8,408,100,0,0,0,0,0,0,0,0,51
538,1244,8,424,100,0,0,0,0,0,0,0,0,53
539,1464,8,424,100,0,0,0,0,0,0,0,0,53
540,1228,8,424,100,0,0,0,0,0,0,0,0,53
541,1400,8,424,100,0,0,0,0,0,0,0,0,53
542,1492,8,408,100,0,0,0,0,0,0,0,0,51
543,1672,8,408,100,0,0,0,0,0,0,0,0,51
544,1464,8,424,100,0,0,0,0,0,0,0,0,53
545,1536,8,448,100,0,0,0,0,0,0,0,0,56
546,1548,8,424,100,0,0,0,0,0,0,0,0,53
547,1700,8,384,100,0,0,0,0,0,0,0,0,48
548,1532,8,392,100,0,0,0,0,0,0,0,0,49
549,1804,8,424,100,0,0,0,0,0,0,0,0,53
550,1752,8,440,100,0,0,0,0,0,0,0,0,55
551,2072,8,472,100,0,0,0,0,0,0,0,0,59
552,2296,8,456,100,0,0,0,0,0,0,0,0,57
553,2460,8,488,100,0,0,0,0,0,0,0,0,61
554,1788,8,456,100,0,0,0,0,0,0,0,0,57
555,1588,8,440,100,0,0,0,0,0,0,0,0,55
556,1596,8,416,100,0,0,0,0,0,0,0,0,52
557,1980,8,456,100,0,0,0,0,0,0,0,0,57
558,2368,8,440,100,0,0,0,0,0,0,0,0,55
559,2180,8,432,100,0,0,0,0,0,0,0,0,54
560,2020,8,432,100,0,0,0,0,0,0,0,0,54
561,1620,8,416,100,0,0,0,0,0,0,0,0,52
562,1572,8,416,100,0,0,0,0,0,0,0,0,52
563,1488,8,432,100,0,0,0,0,0,0,0,0,54
564,1244,8,400,100,0,0,0,0,0,0,0,0,50
565,1524,8,416,100,0,0,0,0,0,0,0,0,52
566,1596,8,440,100,0,0,0,0,0,0,0,0,55
567,1636,8,408,100,0,0,0,0,0,0,0,0,51
568,1748,8,416,100,0,0,0,0,0,0,0,0,52
569,1764,8,400,100,0,0,0,0,0,0,0,0,50
570,1696,8,416,100,0,0,0,0,0,0,0,0,52
571,1888,8,392,100,0,0,0,0,0,0,0,0,49
572,1928,8,408,100,0,0,0,0,0,0,0,0,51
573,1816,8,392,100,0,0,0,0,0,0,0,0,49
574,1792,8,416,100,0,0,0,0,0,0,0,0,52
575,1444,8,416,100,0,0,0,0,0,0,0,0,52
576,1256,8,432,100,0,0,0,0,0,0,0,0,54
577,1568,8,440,100,0,0,0,0,0,0,0,0,55
578,1852,8,480,100,0,0,0,0,0,0,0,0,60
579,2012,8,480,100,0,0,0,0,0,0,0,0,60
580,1608,8,448,100,0,0,0,0,0,0,0,0,56
581,1560,8,456,100,0,0,0,0,0,0,0,0,57
582,1776,8,464,100,0,0,0,0,0,0,0,0,58
583,1832,8,440,100,0,0,0,0,0,0,0,0,55
584,1848,8,416,100,0,0,0,0,0,0,0,0,52
585,1416,8,400,100,0,0,0,0,0,0,0,0,50
586,1424,8,400,100,0,0,0,0,0,0,0,0,50
587,1320,8,384,100,0,0,0,0,0,0,0,0,48
588,1128,8,400,100,0,0,0,0,0,0,0,0,50
589,1276,8,408,100,0,0,0,0,0,0,0,0,51
590,1216,8,464,100,0,0,0,0,0,0,0,0,58
591,1060,8,472,100,0,0,0,0,0,0,0,0,59
592,960,8,472,100,0,0,0,0,0,0,0,0,59
593,1080,8,432,100,0,0,0,0,0,0,0,0,54
594,1232,8,456,100,0,0,0,0,0,0,0,0,57
595,1420,8,440,100,0,0,0,0,0,0,0,0,55
596,1608,8,432,100,0,0,0,0,0,0,0,0,54
597,1864,8,448,100,0,0,0,0,0,0,0,0,56
598,1756,8,424,100,0,0,0,0,0,0,0,0,53
599,1644,8,392,100,0,0,0,0,0,0,0,0,49
600,1272,8,400,100,0,0,0,0,0,0,0,0,50
601,1220,8,408,100,0,0,0,0,0,0,0,0,51
602,1400,8,392,100,0,0,0,0,0,0,0,0,49
603,1564,8,400,100,0,0,0,0,0,0,0,0,50
604,1236,8,400,100,0,0,0,0,0,0,0,0,50
605,1088,8,368,100,0,0,0,0,0,0,0,0,46
606,1196,8,408,100,0,0,0,0,0,0,0,0,51
607,980,8,400,100,0,0,0,0,0,0,0,0,50
608,1188,8,424,100,0,0,0,0,0,0,0,0,53
609,1356,8,416,100,0,0,0,0,0,0,0,0,52
610,1116,8,440,100,0,0,0,0,0,0,0,0,55
611,1416,8,440,100,0,0,0,0,0,0,0,0,55
612,1304,8,424,100,0,0,0,0,0,0,0,0,53
613,1432,8,424,100,0,0,0,0,0,0,0,0,53
614,1228,8,424,100,0,0,0,0,0,0,0,0,53
615,1228,8,480,100,0,0,0,0,0,0,0,0,60
616,1312,8,456,100,0,0,0,0,0,0,0,0,57
617,1172,8,448,100,0,0,0,0,0,0,0,0,56
618,1340,8,472,100,0,0,0,0,0,0,0,0,59
619,1268,8,496,100,0,0,0,0,0,0,0,0,62
620,1508,8,464,100,0,0,0,0,0,0,0,0,58
621,1268,8,424,100,0,0,0,0,0,0,0,0,53
622,1560,8,456,100,0,0,0,0,0,0,0,0,57
623,1468,8,464,100,0,0,0,0,0,0,0,0,58
624,1472,8,440,100,0,0,0,0,0,0,0,0,55
625,1376,8,496,100,0,0,0,0,0,0,0,0,62
626,1332,8,464,100,0,0,0,0,0,0,0,0,58
627,1120,8,424,100,0,0,0,0,0,0,0,0,53
628,948,8,392,100,0,0,0,0,0,0,0,0,49
629,1088,8,432,100,0,0,0,0,0,0,0,0,54
630,1084,8,440,100,0,0,0,0,0,0,0,0,55
631,1132,8,416,100,0,0,0,0,0,0,0,0,52
632,1160,8,416,100,0,0,0,0,0,0,0,0,52
633,1344,8,448,100,0,0,0,0,0,0,0,0,56
634,1108,8,432,100,0,0,0,0,0,0,0,0,54
635,1020,8,424,100,0,0,0,0,0,0,0,0,53
636,924,8,408,100,0,0,0,0,0,0,0,0,51
637,944,8,440,100,0,0,0,0,0,0,0,0,55
638,1232,8,456,100,0,0,0,0,0,0,0,0,57
639,1392,8,488,100,0,0,0,0,0,0,0,0,61
640,1444,8,464,100,0,0,0,0,0,0,0,0,58
641,1320,8,448,100,0,0,0,0,0,0,0,0,56
642,1116,8,448,100,0,0,0,0,0,0,0,0,56
643,1032,8,448,100,0,0,0,0,0,0,0,0,56
644,1136,8,440,100,0,0,0,0,0,0,0,0,55
645,1284,8,464,100,0,0,0,0,0,0,0,0,58
646,1500,8,464,100,0,0,0,0,0,0,0,0,58
647,1548,8,448,100,0,0,0,0,0,0,0,0,56
648,1748,8,440,100,0,0,0,0,0,0,0,0,55
649,1928,8,456,100,0,0,0,0,0,0,0,0,57
650,2096,8,424,100,0,0,0,0,0,0,0,0,53
651,2256,8,424,100,0,0,0,0,0,0,0,0,53
652,1960,8,480,100,0,0,0,0,0,0,0,0,60
653,1576,8,504,100,0,0,0,0,0,0,0,0,63
654,1328,8,472,100,0,0,0,0,0,0,0,0,59
655,1084,8,488,100,0,0,0,0,0,0,0,0,61
656,1200,8,504,100,0,0,0,0,0,0,0,0,63
657,1404,8,512,100,0,0,0,0,0,0,0,0,64
658,1352,8,512,100,0,0,0,0,0,0,0,0,64
659,1336,8,472,100,0,0,0,0,0,0,0,0,59
660,1296,8,464,100,0,0,0,0,0,0,0,0,58
661,1184,8,456,100,0,0,0,0,0,0,0,0,57
662,1004,8,472,100,0,0,0,0,0,0,0,0,59
663,1180,8,504,100,0,0,0,0,0,0,0,0,63
664,1352,8,512,100,0,0,0,0,0,0,0,0,64
665,1716,8,472,100,0,0,0,0,0,0,0,0,59
666,1788,8,472,100,0,0,0,0,0,0,0,0,59
667,2044,8,432,100,0,0,0,0,0,0,0,0,54
668,1844,8,456,100,0,0,0,0,0,0,0,0,57
669,2112,8,472,100,0,0,0,0,0,0,0,0,59
670,1696,8,432,100,0,0,0,0,0,0,0,0,54
671,1980,8,448,100,0,0,0,0,0,0,0,0,56
672,1876,8,432,100,0,0,0,0,0,0,0,0,54
673,1872,8,408,100,0,0,0,0,0,0,0,0,51
674,1324,8,408,100,0,0,0,0,0,0,0,0,51
675,1168,8,400,100,0,0,0,0,0,0,0,0,50
676,1160,8,416,100,0,0,0,0,0,0,0,0,52
677,1340,8,400,100,0,0,0,0,0,0,0,0,50
678,1548,8,384,100,0,0,0,0,0,0,0,0,48
679,2124,8,408,100,0,0,0,0,0,0,0,0,51
680,2008,8,384,100,0,0,0,0,0,0,0,0,48
681,2144,8,376,100,0,0,0,0,0,0,0,0,47
682,2544,8,424,100,0,0,0,0,0,0,0,0,53
683,2208,8,424,100,0,0,0,0,0,0,0,0,53
684,1572,8,440,100,0,0,0,0,0,0,0,0,55
685,1696,8,448,100,0,0,0,0,0,0,0,0,56
686,1268,8,416,100,0,0,0,0,0,0,0,0,52
687,1040,8,472,100,0,0,0,0,0,0,0,0,59
688,1172,8,472,100,0,0,0,0,0,0,0,0,59
689,1276,8,472,100,0,0,0,0,0,0,0,0,59
690,1348,8,448,100,0,0,0,0,0,0,0,0,56
691,1568,8,432,100,0,0,0,0,0,0,0,0,54
692,1488,8,440,100,0,0,0,0,0,0,0,0,55
693,1648,8,416,100,0,0,0,0,0,0,0,0,52
694,1704,8,424,100,0,0,0,0,0,0,0,0,53
695,1536,8,432,100,0,0,0,0,0,0,0,0,54
696,1200,8,456,100,0,0,0,0,0,0,0,0,57
697,1472,8,448,100,0,0,0,0,0,0,0,0,56
698,1052,8,432,100,0,0,0,0,0,0,0,0,54
699,1168,8,432,100,0,0,0,0,0,0,0,0,54
700,1288,8,424,100,0,0,0,0,0,0,0,0,53
701,892,8,432,100,0,0,0,0,0,0,0,0,54
702,964,8,472,100,0,0,0,0,0,0,0,0,59
703,1140,8,464,100,0,0,0,0,0,0,0,0,58
704,1164,8,440,100,0,0,0,0,0,0,0,0,55
705,1224,8,432,100,0,0,0,0,0,0,0,0,54
706,1172,8,456,100,0,0,0,0,0,0,0,0,57
707,1288,8,464,100,0,0,0,0,0,0,0,0,58
708,1028,8,448,100,0,0,0,0,0,0,0,0,56
709,1032,8,464,100,0,0,0,0,0,0,0,0,58
710,1048,8,472,100,0,0,0,0,0,0,0,0,59
711,1052,8,472,100,0,0,0,0,0,0,0,0,59
712,1212,8,464,100,0,0,0,0,0,0,0,0,58
713,1128,8,440,100,0,0,0,0,0,0,0,0,55
714,1264,8,432,100,0,0,0,0,0,0,0,0,54
715,1252,8,448,100,0,0,0,0,0,0,0,0,56
716,1320,8,464,100,0,0,0,0,0,0,0,0,58
717,1304,8,496,100,0,0,0,0,0,0,0,0,62
718,1340,8,480,100,0,0,0,0,0,0,0,0,60
719,1144,8,480,100,0,0,0,0,0,0,0,0,60
720,1268,8,512,100,0,0,0,0,0,0,0,0,64
721,1592,8,528,100,0,0,0,0,0,0,0,0,66
722,1716,8,520,100,0,0,0,0,0,0,0,0,65
723,1972,8,488,100,0,0,0,0,0,0,0,0,61
724,1772,8,456,100,0,0,0,0,0,0,0,0,57
725,1520,8,440,100,0,0,0,0,0,0,0,0,55
726,1920,8,432,100,0,0,0,0,0,0,0,0,54
727,1480,8,440,100,0,0,0,0,0,0,0,0,55
728,1828,8,464,100,0,0,0,0,0,0,0,0,58
729,2264,8,480,100,0,0,0,0,0,0,0,0,60
730,2340,8,448,100,0,0,0,0,0,0,0,0,56
731,2948,8,440,100,0,0,0,0,0,0,0,0,55
732,2916,8,408,100,0,0,0,0,0,0,0,0,51
733,3228,8,416,100,0,0,0,0,0,0,0,0,52
734,3600,8,408,100,0,0,0,0,0,0,0,0,51
735,4024,8,384,100,0,0,0,0,0,0,0,0,48
736,3504,8,408,100,0,0,0,0,0,0,0,0,51
737,3636,8,408,100,0,0,0,0,0,0,0,0,51
738,3812,8,408,100,0,0,0,0,0,0,0,0,51
739,3136,8,400,100,0,0,0,0,0,0,0,0,50
740,3944,8,408,100,0,0,0,0,0,0,0,0,51
741,3208,8,392,100,0,0,0,0,0,0,0,0,49
742,2944,8,384,100,0,0,0,0,0,0,0,0,48
743,2988,8,400,100,0,0,0,0,0,0,0,0,50
744,2444,8,416,100,0,0,0,0,0,0,0,0,52
745,2440,8,392,100,0,0,0,0,0,0,0,0,49
746,2760,8,416,100,0,0,0,0,0,0,0,0,52
747,3504,8,408,100,0,0,0,0,0,0,0,0,51
748,3252,8,392,100,0,0,0,0,0,0,0,0,49
749,2924,8,392,100,0,0,0,0,0,0,0,0,49
750,3500,8,416,100,0,0,0,0,0,0,0,0,52
751,3304,8,392,100,0,0,0,0,0,0,0,0,49
752,2928,8,384,100,0,0,0,0,0,0,0,0,48
753,3120,8,392,100,0,0,0,0,0,0,0,0,49
754,3252,8,376,100,0,0,0,0,0,0,0,0,47
755,2920,8,368,100,0,0,0,0,0,0,0,0,46
756,3384,8,440,100,0,0,0,0,0,0,0,0,55
757,3724,8,392,100,0,0,0,0,0,0,0,0,49
758,4200,8,456,100,0,0,0,0,0,0,0,0,57
759,4512,8,440,100,0,0,0,0,0,0,0,0,55
760,4832,8,408,100,0,0,0,0,0,0,0,0,51
761,4496,8,424,100,0,0,0,0,0,0,0,0,53
762,3632,8,408,100,0,0,0,0,0,0,0,0,51
763,4240,8,384,100,0,0,0,0,0,0,0,0,48
764,4328,8,440,100,0,0,0,0,0,0,0,0,55
765,4768,8,408,100,0,0,0,0,0,0,0,0,51
766,4360,8,408,100,0,0,0,0,0,0,0,0,51
767,3692,8,400,100,0,0,0,0,0,0,0,0,50
768,3560,8,424,100,0,0,0,0,0,0,0,0,53
769,4200,8,392,100,0,0,0,0,0,0,0,0,49
770,3704,8,384,100,0,0,0,0,0,0,0,0,48
771,4348,8,392,100,0,0,0,0,0,0,0,0,49
772,3952,8,384,100,0,0,0,0,0,0,0,0,48
773,3736,8,400,100,0,0,0,0,0,0,0,0,50
774,3416,8,448,100,0,0,0,0,0,0,0,0,56
775,3472,8,448,100,0,0,0,0,0,0,0,0,56
776,3260,8,456,100,0,0,0,0,0,0,0,0,57
777,3284,8,472,100,0,0,0,0,0,0,0,0,59
778,2432,8,440,100,0,0,0,0,0,0,0,0,55
779,3268,8,488,100,0,0,0,0,0,0,0,0,61
780,2676,8,464,100,0,0,0,0,0,0,0,0,58
781,2968,8,480,100,0,0,0,0,0,0,0,0,60
782,2760,8,456,100,0,0,0,0,0,0,0,0,57
783,2904,8,424,100,0,0,0,0,0,0,0,0,53
784,2884,8,416,100,0,0,0,0,0,0,0,0,52
785,3452,8,384,100,0,0,0,0,0,0,0,0,48
786,3456,8,376,100,0,0,0,0,0,0,0,0,47
787,3832,8,376,100,0,0,0,0,0,0,0,0,47
788,4864,8,424,100,0,0,0,0,0,0,0,0,53
789,4976,8,384,100,0,0,0,0,0,0,0,0,48
790,3844,8,392,100,0,0,0,0,0,0,0,0,49
791,4496,8,360,100,0,0,0,0,0,0,0,0,45
792,4612,8,376,100,0,0,0,0,0,0,0,0,47
793,3772,8,352,100,0,0,0,0,0,0,0,0,44
794,3660,8,320,100,0,0,0,0,0,0,0,0,40
795,3232,8,336,100,0,0,0,0,0,0,0,0,42
796,3832,8,344,100,0,0,0,0,0,0,0,0,43
797,3024,8,352,100,0,0,0,0,0,0,0,0,44
798,3312,8,368,100,0,0,0,0,0,0,0,0,46
799,3796,8,400,100,0,0,0,0,0,0,0,0,50
800,3576,8,384,100,0,0,0,0,0,0,0,0,48
801,4712,8,416,100,0,0,0,0,0,0,0,0,52
802,4536,8,392,100,0,0,0,0,0,0,0,0,49
803,5272,8,392,100,0,0,0,0,0,0,0,0,49
804,4600,8,368,100,0,0,0,0,0,0,0,0,46
805,4528,8,392,100,0,0,0,0,0,0,0,0,49
806,4708,8,424,100,0,0,0,0,0,0,0,0,53
807,5708,8,416,100,0,0,0,0,0,0,0,0,52
808,4828,8,360,100,0,0,0,0,0,0,0,0,45
809,4868,8,392,100,0,0,0,0,0,0,0,0,49
810,3612,8,400,100,0,0,0,0,0,0,0,0,50
811,3872,8,416,100,0,0,0,0,0,0,0,0,52
812,3712,8,416,100,0,0,0,0,0,0,0,0,52
813,3512,8,368,100,0,0,0,0,0,0,0,0,46
814,4164,8,384,100,0,0,0,0,0,0,0,0,48
815,4720,8,408,100,0,0,0,0,0,0,0,0,51
816,5192,8,368,100,0,0,0,0,0,0,0,0,46
817,4780,8,384,100,0,0,0,0,0,0,0,0,48
818,4508,8,392,100,0,0,0,0,0,0,0,0,49
819,5716,8,392,100,0,0,0,0,0,0,0,0,49
820,5244,8,368,100,0,0,0,0,0,0,0,0,46
821,5364,8,400,100,0,0,0,0,0,0,0,0,50
822,6548,8,416,100,0,0,0,0,0,0,0,0,52
823,5384,8,416,100,0,0,0,0,0,0,0,0,52
824,4688,8,392,100,0,0,0,0,0,0,0,0,49
825,4932,8,432,100,0,0,0,0,0,0,0,0,54
826,4336,8,440,100,0,0,0,0,0,0,0,0,55
827,3876,8,440,100,0,0,0,0,0,0,0,0,55
828,4216,8,384,100,0,0,0,0,0,0,0,0,48
829,3668,8,384,100,0,0,0,0,0,0,0,0,48
830,3428,8,392,100,0,0,0,0,0,0,0,0,49
831,3776,8,408,100,0,0,0,0,0,0,0,0,51
832,4704,8,416,100,0,0,0,0,0,0,0,0,52
833,3604,8,408,100,0,0,0,0,0,0,0,0,51
834,2860,8,408,100,0,0,0,0,0,0,0,0,51
835,3084,8,416,100,0,0,0,0,0,0,0,0,52
836,3528,8,424,100,0,0,0,0,0,0,0,0,53
837,3268,8,424,100,0,0,0,0,0,0,0,0,53
838,3600,8,432,100,0,0,0,0,0,0,0,0,54
839,4068,8,408,100,0,0,0,0,0,0,0,0,51
840,4956,8,376,100,0,0,0,0,0,0,0,0,47
841,4556,8,424,100,0,0,0,0,0,0,0,0,53
842,4204,8,392,100,0,0,0,0,0,0,0,0,49
843,4324,8,416,100,0,0,0,0,0,0,0,0,52
844,2880,8,424,100,0,0,0,0,0,0,0,0,53
845,2932,8,400,100,0,0,0,0,0,0,0,0,50
846,2732,8,400,100,0,0,0,0,0,0,0,0,50
847,2840,8,432,100,0,0,0,0,0,0,0,0,54
848,3188,8,400,100,0,0,0,0,0,0,0,0,50
849,3428,8,424,100,0,0,0,0,0,0,0,0,53
850,3492,8,424,100,0,0,0,0,0,0,0,0,53
851,3824,8,432,100,0,0,0,0,0,0,0,0,54
852,3292,8,416,100,0,0,0,0,0,0,0,0,52
853,2556,8,384,100,0,0,0,0,0,0,0,0,48
854,3144,8,392,100,0,0,0,0,0,0,0,0,49
855,2804,8,392,100,0,0,0,0,0,0,0,0,49
856,3368,8,384,100,0,0,0,0,0,0,0,0,48
857,4024,8,400,100,0,0,0,0,0,0,0,0,50
858,4080,8,424,100,0,0,0,0,0,0,0,0,53
859,3852,8,448,100,0,0,0,0,0,0,0,0,56
860,4744,8,400,100,0,0,0,0,0,0,0,0,50
861,4412,8,416,100,0,0,0,0,0,0,0,0,52
862,4484,8,408,100,0,0,0,0,0,0,0,0,51
863,4712,8,408,100,0,0,0,0,0,0,0,0,51
864,5056,8,400,100,0,0,0,0,0,0,0,0,50
865,4132,8,384,100,0,0,0,0,0,0,0,0,48
866,5420,8,416,100,0,0,0,0,0,0,0,0,52
867,4924,8,416,100,0,0,0,0,0,0,0,0,52
868,4772,8,360,100,0,0,0,0,0,0,0,0,45
869,5080,8,376,100,0,0,0,0,0,0,0,0,47
870,3836,8,360,100,0,0,0,0,0,0,0,0,45
871,2628,8,352,100,0,0,0,0,0,0,0,0,44
872,2924,8,368,100,0,0,0,0,0,0,0,0,46
873,3480,8,416,100,0,0,0,0,0,0,0,0,52
874,3548,8,360,100,0,0,0,0,0,0,0,0,45
875,3252,8,352,100,0,0,0,0,0,0,0,0,44
876,3456,8,376,100,0,0,0,0,0,0,0,0,47
877,2908,8,368,100,0,0,0,0,0,0,0,0,46
878,2848,8,416,100,0,0,0,0,0,0,0,0,52
879,2576,8,440,100,0,0,0,0,0,0,0,0,55
880,3464,8,432,100,0,0,0,0,0,0,0,0,54
881,3336,8,432,100,0,0,0,0,0,0,0,0,54
882,3512,8,440,100,0,0,0,0,0,0,0,0,55
883,3616,8,432,100,0,0,0,0,0,0,0,0,54
884,3140,8,392,100,0,0,0,0,0,0,0,0,49
885,3220,8,416,100,0,0,0,0,0,0,0,0,52
886,3412,8,392,100,0,0,0,0,0,0,0,0,49
887,3460,8,416,100,0,0,0,0,0,0,0,0,52
888,4464,8,448,100,0,0,0,0,0,0,0,0,56
889,3764,8,416,100,0,0,0,0,0,0,0,0,52
890,3524,8,392,100,0,0,0,0,0,0,0,0,49
891,3384,8,392,100,0,0,0,0,0,0,0,0,49
892,3396,8,400,100,0,0,0,0,0,0,0,0,50
893,3148,8,360,100,0,0,0,0,0,0,0,0,45
894,3460,8,400,100,0,0,0,0,0,0,0,0,50
895,3388,8,384,100,0,0,0,0,0,0,0,0,48
896,3328,8,376,100,0,0,0,0,0,0,0,0,47
897,2976,8,424,100,0,0,0,0,0,0,0,0,53
898,3524,8,400,100,0,0,0,0,0,0,0,0,50
899,3472,8,424,100,0,0,0,0,0,0,0,0,53
900,2976,8,408,100,0,0,0,0,0,0,0,0,51
901,3436,8,448,100,0,0,0,0,0,0,0,0,56
902,4200,8,456,100,0,0,0,0,0,0,0,0,57
903,4472,8,440,100,0,0,0,0,0,0,0,0,55
904,5016,8,464,100,0,0,0,0,0,0,0,0,58
905,3668,8,448,100,0,0,0,0,0,0,0,0,56
906,3800,8,448,100,0,0,0,0,0,0,0,0,56
907,3504,8,400,100,0,0,0,0,0,0,0,0,50
908,3604,8,392,100,0,0,0,0,0,0,0,0,49
909,3864,8,432,100,0,0,0,0,0,0,0,0,54
910,3944,8,416,100,0,0,0,0,0,0,0,0,52
911,4808,8,432,100,0,0,0,0,0,0,0,0,54
912,4688,8,408,100,0,0,0,0,0,0,0,0,51
913,4272,8,400,100,0,0,0,0,0,0,0,0,50
914,3708,8,416,100,0,0,0,0,0,0,0,0,52
915,3064,8,392,100,0,0,0,0,0,0,0,0,49
916,3408,8,424,100,0,0,0,0,0,0,0,0,53
917,3500,8,392,100,0,0,0,0,0,0,0,0,49
918,4032,8,400,100,0,0,0,0,0,0,0,0,50
919,4540,8,384,100,0,0,0,0,0,0,0,0,48
920,4800,8,392,100,0,0,0,0,0,0,0,0,49
921,4608,8,392,100,0,0,0,0,0,0,0,0,49
922,5040,8,392,100,0,0,0,0,0,0,0,0,49
923,5060,8,400,100,0,0,0,0,0,0,0,0,50
924,4864,8,440,100,0,0,0,0,0,0,0,0,55
925,5184,8,392,100,0,0,0,0,0,0,0,0,49
926,4516,8,384,100,0,0,0,0,0,0,0,0,48
927,4600,8,352,100,0,0,0,0,0,0,0,0,44
928,4984,8,392,100,0,0,0,0,0,0,0,0,49
929,4168,8,400,100,0,0,0,0,0,0,0,0,50
930,2772,8,424,100,0,0,0,0,0,0,0,0,53
931,3376,8,464,100,0,0,0,0,0,0,0,0,58
932,3236,8,424,100,0,0,0,0,0,0,0,0,53
933,3368,8,384,100,0,0,0,0,0,0,0,0,48
934,3600,8,400,100,0,0,0,0,0,0,0,0,50
935,2884,8,360,100,0,0,0,0,0,0,0,0,45
936,3360,8,408,100,0,0,0,0,0,0,0,0,51
937,3536,8,384,100,0,0,0,0,0,0,0,0,48
938,3264,8,392,100,0,0,0,0,0,0,0,0,49
939,2788,8,352,100,0,0,0,0,0,0,0,0,44
940,2760,8,400,100,0,0,0,0,0,0,0,0,50
941,3088,8,424,100,0,0,0,0,0,0,0,0,53
942,2056,8,424,100,0,0,0,0,0,0,0,0,53
943,2128,8,400,100,0,0,0,0,0,0,0,0,50
944,2244,8,384,100,0,0,0,0,0,0,0,0,48
945,2016,8,392,100,0,0,0,0,0,0,0,0,49
946,1664,8,384,100,0,0,0,0,0,0,0,0,48
947,1928,8,432,100,0,0,0,0,0,0,0,0,54
948,1900,8,392,100,0,0,0,0,0,0,0,0,49
949,1788,8,424,100,0,0,0,0,0,0,0,0,53
950,2372,8,440,100,0,0,0,0,0,0,0,0,55
951,2588,8,416,100,0,0,0,0,0,0,0,0,52
952,2476,8,432,100,0,0,0,0,0,0,0,0,54
953,2764,8,416,100,0,0,0,0,0,0,0,0,52
954,2528,8,416,100,0,0,0,0,0,0,0,0,52
955,1768,8,440,100,0,0,0,0,0,0,0,0,55
956,1916,8,400,100,0,0,0,0,0,0,0,0,50
957,2284,8,424,100,0,0,0,0,0,0,0,0,53
958,2340,8,440,100,0,0,0,0,0,0,0,0,55
959,2796,8,440,100,0,0,0,0,0,0,0,0,55
960,2676,8,400,100,0,0,0,0,0,0,0,0,50
961,2472,8,392,100,0,0,0,0,0,0,0,0,49
962,2524,8,400,100,0,0,0,0,0,0,0,0,50
963,2836,8,400,100,0,0,0,0,0,0,0,0,50
964,2056,8,392,100,0,0,0,0,0,0,0,0,49
965,1656,8,368,100,0,0,0,0,0,0,0,0,46
966,2108,8,424,100,0,0,0,0,0,0,0,0,53
967,2544,8,464,100,0,0,0,0,0,0,0,0,58
968,2480,8,456,100,0,0,0,0,0,0,0,0,57
969,2372,8,424,100,0,0,0,0,0,0,0,0,53
970,3144,8,488,100,0,0,0,0,0,0,0,0,61
971,3228,8,440,100,0,0,0,0,0,0,0,0,55
972,3108,8,400,100,0,0,0,0,0,0,0,0,50
973,2840,8,392,100,0,0,0,0,0,0,0,0,49
974,2508,8,400,100,0,0,0,0,0,0,0,0,50
975,2304,8,408,100,0,0,0,0,0,0,0,0,51
976,2416,8,384,100,0,0,0,0,0,0,0,0,48
977,2384,8,440,100,0,0,0,0,0,0,0,0,55
978,1780,8,424,100,0,0,0,0,0,0,0,0,53
979,1916,8,424,100,0,0,0,0,0,0,0,0,53
980,2144,8,360,100,0,0,0,0,0,0,0,0,45
981,1984,8,368,100,0,0,0,0,0,0,0,0,46
982,2084,8,432,100,0,0,0,0,0,0,0,0,54
983,1880,8,384,100,0,0,0,0,0,0,0,0,48
984,2396,8,384,100,0,0,0,0,0,0,0,0,48
985,1760,8,400,100,0,0,0,0,0,0,0,0,50
986,2124,8,392,100,0,0,0,0,0,0,0,0,49
987,2404,8,448,100,0,0,0,0,0,0,0,0,56
988,2324,8,456,100,0,0,0,0,0,0,0,0,57
989,2704,8,456,100,0,0,0,0,0,0,0,0,57
990,3124,8,440,100,0,0,0,0,0,0,0,0,55
991,2936,8,416,100,0,0,0,0,0,0,0,0,52
992,2848,8,400,100,0,0,0,0,0,0,0,0,50
993,3244,8,440,100,0,0,0,0,0,0,0,0,55
994,3092,8,440,100,0,0,0,0,0,0,0,0,55
995,2392,8,408,100,0,0,0,0,0,0,0,0,51
996,2860,8,432,100,0,0,0,0,0,0,0,0,54
997,3152,8,424,100,0,0,0,0,0,0,0,0,53
998,2724,8,408,100,0,0,0,0,0,0,0,0,51
999,3192,8,416,100,0,0,0,0,0,0,0,0,52
