update,points,mean_tasks,total_tasks,total_orgs,task_0,task_1,task_2,task_3,task_4,task_5,task_6,task_7,task_8
0,0,nan,0,10,0,0,0,0,0,0,0,0,0
1,0,nan,0,10,0,0,0,0,0,0,0,0,0
2,0,nan,0,10,0,0,0,0,0,0,0,0,0
3,12,8,8,11,0,0,0,0,0,0,0,0,1
4,12,8,8,11,0,0,0,0,0,0,0,0,1
5,12,8,8,11,0,0,0,0,0,0,0,0,1
6,36,8,16,12,0,0,0,0,0,0,0,0,2
7,16,8,16,12,0,0,0,0,0,0,0,0,2
8,16,8,16,12,0,0,0,0,0,0,0,0,2
9,16,8,16,12,0,0,0,0,0,0,0,0,2
10,28,8,16,12,0,0,0,0,0,0,0,0,2
11,8,8,16,13,0,0,0,0,0,0,0,0,2
12,8,8,16,13,0,0,0,0,0,0,0,0,2
13,8,8,16,13,0,0,0,0,0,0,0,0,2
14,8,8,16,13,0,0,0,0,0,0,0,0,2
15,20,8,16,14,0,0,0,0,0,0,0,0,2
16,20,8,16,14,0,0,0,0,0,0,0,0,2
17,20,8,16,14,0,0,0,0,0,0,0,0,2
18,20,8,16,14,0,0,0,0,0,0,0,0,2
19,32,8,16,14,0,0,0,0,0,0,0,0,2
20,12,8,16,14,0,0,0,0,0,0,0,0,2
21,12,8,16,14,0,0,0,0,0,0,0,0,2
22,12,8,16,14,0,0,0,0,0,0,0,0,2
23,24,8,16,14,0,0,0,0,0,0,0,0,2
24,24,8,16,14,0,0,0,0,0,0,0,0,2
25,24,8,16,14,0,0,0,0,0,0,0,0,2
26,24,8,16,14,0,0,0,0,0,0,0,0,2
27,32,8,8,14,0,0,0,0,0,0,0,0,1
28,12,8,8,14,0,0,0,0,0,0,0,0,1
29,12,8,8,14,0,0,0,0,0,0,0,0,1
30,12,8,8,14,0,0,0,0,0,0,0,0,1
31,24,8,8,14,0,0,0,0,0,0,0,0,1
32,4,8,8,14,0,0,0,0,0,0,0,0,1
33,4,8,8,14,0,0,0,0,0,0,0,0,1
34,4,8,8,14,0,0,0,0,0,0,0,0,1
35,4,8,8,14,0,0,0,0,0,0,0,0,1
36,16,8,8,14,0,0,0,0,0,0,0,0,1
37,16,8,8,14,0,0,0,0,0,0,0,0,1
38,16,8,8,14,0,0,0,0,0,0,0,0,1
39,16,8,8,14,0,0,0,0,0,0,0,0,1
40,28,8,8,14,0,0,0,0,0,0,0,0,1
41,8,8,8,14,0,0,0,0,0,0,0,0,1
42,8,8,8,14,0,0,0,0,0,0,0,0,1
43,8,8,8,14,0,0,0,0,0,0,0,0,1
44,20,8,8,14,0,0,0,0,0,0,0,0,1
45,20,8,8,14,0,0,0,0,0,0,0,0,1
46,20,8,8,14,0,0,0,0,0,0,0,0,1
47,20,8,8,14,0,0,0,0,0,0,0,0,1
48,32,8,8,14,0,0,0,0,0,0,0,0,1
49,12,8,8,14,0,0,0,0,0,0,0,0,1
50,12,8,8,14,0,0,0,0,0,0,0,0,1
51,12,8,8,14,0,0,0,0,0,0,0,0,1
52,24,8,8,14,0,0,0,0,0,0,0,0,1
53,4,8,8,15,0,0,0,0,0,0,0,0,1
54,4,8,8,15,0,0,0,0,0,0,0,0,1
55,4,8,8,15,0,0,0,0,0,0,0,0,1
56,4,8,8,15,0,0,0,0,0,0,0,0,1
57,16,8,8,15,0,0,0,0,0,0,0,0,1
58,16,8,8,15,0,0,0,0,0,0,0,0,1
59,16,8,8,15,0,0,0,0,0,0,0,0,1
60,16,8,8,15,0,0,0,0,0,0,0,0,1
61,28,8,8,16,0,0,0,0,0,0,0,0,1
62,8,8,8,16,0,0,0,0,0,0,0,0,1
63,8,8,8,16,0,0,0,0,0,0,0,0,1
64,8,8,8,16,0,0,0,0,0,0,0,0,1
65,20,8,8,16,0,0,0,0,0,0,0,0,1
66,20,8,8,16,0,0,0,0,0,0,0,0,1
67,20,8,8,16,0,0,0,0,0,0,0,0,1
68,32,8,16,16,0,0,0,0,0,0,0,0,2
69,44,8,16,16,0,0,0,0,0,0,0,0,2
70,24,8,16,16,0,0,0,0,0,0,0,0,2
71,24,8,16,16,0,0,0,0,0,0,0,0,2
72,24,8,16,16,0,0,0,0,0,0,0,0,2
73,24,8,8,16,0,0,0,0,0,0,0,0,1
74,4,8,8,16,0,0,0,0,0,0,0,0,1
75,4,8,8,16,0,0,0,0,0,0,0,0,1
76,4,8,8,16,0,0,0,0,0,0,0,0,1
77,4,8,8,16,0,0,0,0,0,0,0,0,1
78,16,8,8,16,0,0,0,0,0,0,0,0,1
79,16,8,8,16,0,0,0,0,0,0,0,0,1
80,16,8,8,16,0,0,0,0,0,0,0,0,1
81,16,8,8,16,0,0,0,0,0,0,0,0,1
82,28,8,8,16,0,0,0,0,0,0,0,0,1
83,8,8,8,16,0,0,0,0,0,0,0,0,1
84,8,8,8,16,0,0,0,0,0,0,0,0,1
85,8,8,8,16,0,0,0,0,0,0,0,0,1
86,20,8,8,16,0,0,0,0,0,0,0,0,1
87,20,8,8,16,0,0,0,0,0,0,0,0,1
88,20,8,8,16,0,0,0,0,0,0,0,0,1
89,20,8,8,16,0,0,0,0,0,0,0,0,1
90,32,8,8,16,0,0,0,0,0,0,0,0,1
91,12,8,8,16,0,0,0,0,0,0,0,0,1
92,12,8,8,16,0,0,0,0,0,0,0,0,1
93,12,8,8,16,0,0,0,0,0,0,0,0,1
94,24,8,8,16,0,0,0,0,0,0,0,0,1
95,4,8,8,16,0,0,0,0,0,0,0,0,1
96,4,8,8,16,0,0,0,0,0,0,0,0,1
97,4,8,8,16,0,0,0,0,0,0,0,0,1
98,4,8,8,16,0,0,0,0,0,0,0,0,1
99,16,8,8,16,0,0,0,0,0,0,0,0,1
100,16,8,8,16,0,0,0,0,0,0,0,0,1
101,16,8,8,16,0,0,0,0,0,0,0,0,1
102,16,8,8,16,0,0,0,0,0,0,0,0,1
103,28,8,8,16,0,0,0,0,0,0,0,0,1
104,8,8,8,16,0,0,0,0,0,0,0,0,1
105,8,8,8,16,0,0,0,0,0,0,0,0,1
106,8,8,8,16,0,0,0,0,0,0,0,0,1
107,20,8,8,16,0,0,0,0,0,0,0,0,1
108,20,8,8,16,0,0,0,0,0,0,0,0,1
109,20,8,8,16,0,0,0,0,0,0,0,0,1
110,20,8,8,16,0,0,0,0,0,0,0,0,1
111,32,8,8,16,0,0,0,0,0,0,0,0,1
112,12,8,8,16,0,0,0,0,0,0,0,0,1
113,12,8,8,16,0,0,0,0,0,0,0,0,1
114,12,8,8,16,0,0,0,0,0,0,0,0,1
115,24,8,8,16,0,0,0,0,0,0,0,0,1
116,4,8,8,16,0,0,0,0,0,0,0,0,1
117,4,8,8,16,0,0,0,0,0,0,0,0,1
118,4,8,8,16,0,0,0,0,0,0,0,0,1
119,4,8,8,16,0,0,0,0,0,0,0,0,1
120,16,8,8,16,0,0,0,0,0,0,0,0,1
121,16,8,8,16,0,0,0,0,0,0,0,0,1
122,16,8,8,16,0,0,0,0,0,0,0,0,1
123,16,8,8,16,0,0,0,0,0,0,0,0,1
124,28,8,8,16,0,0,0,0,0,0,0,0,1
125,8,8,8,16,0,0,0,0,0,0,0,0,1
126,8,8,8,16,0,0,0,0,0,0,0,0,1
127,8,8,8,16,0,0,0,0,0,0,0,0,1
128,20,8,8,16,0,0,0,0,0,0,0,0,1
129,20,8,8,16,0,0,0,0,0,0,0,0,1
130,20,8,8,16,0,0,0,0,0,0,0,0,1
131,20,8,8,16,0,0,0,0,0,0,0,0,1
132,32,8,8,16,0,0,0,0,0,0,0,0,1
133,12,8,8,16,0,0,0,0,0,0,0,0,1
134,12,8,8,16,0,0,0,0,0,0,0,0,1
135,24,8,16,17,0,0,0,0,0,0,0,0,2
136,36,8,16,17,0,0,0,0,0,0,0,0,2
137,16,8,16,17,0,0,0,0,0,0,0,0,2
138,16,8,16,17,0,0,0,0,0,0,0,0,2
139,16,8,16,17,0,0,0,0,0,0,0,0,2
140,16,8,16,17,0,0,0,0,0,0,0,0,2
141,28,8,16,17,0,0,0,0,0,0,0,0,2
142,28,8,16,17,0,0,0,0,0,0,0,0,2
143,28,8,16,17,0,0,0,0,0,0,0,0,2
144,28,8,16,17,0,0,0,0,0,0,0,0,2
145,40,8,16,17,0,0,0,0,0,0,0,0,2
146,20,8,16,17,0,0,0,0,0,0,0,0,2
147,20,8,16,17,0,0,0,0,0,0,0,0,2
148,20,8,16,17,0,0,0,0,0,0,0,0,2
149,20,8,8,17,0,0,0,0,0,0,0,0,1
150,20,8,8,17,0,0,0,0,0,0,0,0,1
151,20,8,8,17,0,0,0,0,0,0,0,0,1
152,20,8,8,17,0,0,0,0,0,0,0,0,1
153,32,8,8,17,0,0,0,0,0,0,0,0,1
154,12,8,8,17,0,0,0,0,0,0,0,0,1
155,12,8,8,17,0,0,0,0,0,0,0,0,1
156,12,8,8,17,0,0,0,0,0,0,0,0,1
157,24,8,8,17,0,0,0,0,0,0,0,0,1
158,4,8,8,17,0,0,0,0,0,0,0,0,1
159,4,8,8,17,0,0,0,0,0,0,0,0,1
160,4,8,8,17,0,0,0,0,0,0,0,0,1
161,4,8,8,17,0,0,0,0,0,0,0,0,1
162,16,8,8,17,0,0,0,0,0,0,0,0,1
163,16,8,8,17,0,0,0,0,0,0,0,0,1
164,16,8,8,17,0,0,0,0,0,0,0,0,1
165,16,8,8,17,0,0,0,0,0,0,0,0,1
166,40,8,16,17,0,0,0,0,0,0,0,0,2
167,20,8,16,17,0,0,0,0,0,0,0,0,2
168,20,8,16,17,0,0,0,0,0,0,0,0,2
169,32,8,16,18,0,0,0,0,0,0,0,0,2
170,24,8,16,18,0,0,0,0,0,0,0,0,2
171,24,8,16,18,0,0,0,0,0,0,0,0,2
172,24,8,16,18,0,0,0,0,0,0,0,0,2
173,24,8,16,18,0,0,0,0,0,0,0,0,2
174,36,8,16,18,0,0,0,0,0,0,0,0,2
175,16,8,16,18,0,0,0,0,0,0,0,0,2
176,16,8,16,18,0,0,0,0,0,0,0,0,2
177,16,8,16,18,0,0,0,0,0,0,0,0,2
178,28,8,16,18,0,0,0,0,0,0,0,0,2
179,8,8,16,18,0,0,0,0,0,0,0,0,2
180,8,8,16,18,0,0,0,0,0,0,0,0,2
181,20,8,24,19,0,0,0,0,0,0,0,0,3
182,20,8,24,19,0,0,0,0,0,0,0,0,3
183,32,8,24,19,0,0,0,0,0,0,0,0,3
184,32,8,24,19,0,0,0,0,0,0,0,0,3
185,32,8,24,19,0,0,0,0,0,0,0,0,3
186,32,8,24,19,0,0,0,0,0,0,0,0,3
187,40,8,16,19,0,0,0,0,0,0,0,0,2
188,20,8,16,19,0,0,0,0,0,0,0,0,2
189,20,8,16,19,0,0,0,0,0,0,0,0,2
190,20,8,16,19,0,0,0,0,0,0,0,0,2
191,32,8,16,19,0,0,0,0,0,0,0,0,2
192,32,8,16,19,0,0,0,0,0,0,0,0,2
193,32,8,16,19,0,0,0,0,0,0,0,0,2
194,32,8,16,19,0,0,0,0,0,0,0,0,2
195,44,8,16,19,0,0,0,0,0,0,0,0,2
196,12,8,8,19,0,0,0,0,0,0,0,0,1
197,12,8,8,19,0,0,0,0,0,0,0,0,1
198,12,8,8,19,0,0,0,0,0,0,0,0,1
199,24,8,8,19,0,0,0,0,0,0,0,0,1
200,4,8,8,19,0,0,0,0,0,0,0,0,1
201,4,8,8,19,0,0,0,0,0,0,0,0,1
202,4,8,8,19,0,0,0,0,0,0,0,0,1
203,4,8,8,19,0,0,0,0,0,0,0,0,1
204,16,8,8,19,0,0,0,0,0,0,0,0,1
205,16,8,8,19,0,0,0,0,0,0,0,0,1
206,16,8,8,19,0,0,0,0,0,0,0,0,1
207,60,8,16,20,0,0,0,0,0,0,0,0,2
208,52,8,16,20,0,0,0,0,0,0,0,0,2
209,8,8,16,20,0,0,0,0,0,0,0,0,2
210,52,8,24,21,0,0,0,0,0,0,0,0,3
211,76,8,32,23,0,0,0,0,0,0,0,0,4
212,44,8,24,23,0,0,0,0,0,0,0,0,3
213,32,8,32,24,0,0,0,0,0,0,0,0,4
214,108,8,40,25,0,0,0,0,0,0,0,0,5
215,132,8,48,26,0,0,0,0,0,0,0,0,6
216,116,8,48,28,0,0,0,0,0,0,0,0,6
217,108,8,48,30,0,0,0,0,0,0,0,0,6
218,88,8,48,31,0,0,0,0,0,0,0,0,6
219,152,8,64,32,0,0,0,0,0,0,0,0,8
220,192,8,80,34,0,0,0,0,0,0,0,0,10
221,84,8,64,34,0,0,0,0,0,0,0,0,8
222,216,8,96,37,0,0,0,0,0,0,0,0,12
223,176,8,96,39,0,0,0,0,0,0,0,0,12
224,92,8,88,39,0,0,0,0,0,0,0,0,11
225,116,8,104,41,0,0,0,0,0,0,0,0,13
226,204,8,120,43,0,0,0,0,0,0,0,0,15
227,184,8,128,45,0,0,0,0,0,0,0,0,16
228,180,8,144,49,0,0,0,0,0,0,0,0,18
229,196,8,152,51,0,0,0,0,0,0,0,0,19
230,272,8,160,53,0,0,0,0,0,0,0,0,20
231,260,8,152,55,0,0,0,0,0,0,0,0,19
232,192,8,168,59,0,0,0,0,0,0,0,0,21
233,212,8,192,60,0,0,0,0,0,0,0,0,24
234,248,8,216,63,0,0,0,0,0,0,0,0,27
235,340,8,248,65,0,0,0,0,0,0,0,0,31
236,392,8,248,65,0,0,0,0,0,0,0,0,31
237,328,8,264,67,0,0,0,0,0,0,0,0,33
238,356,8,296,69,0,0,0,0,0,0,0,0,37
239,404,8,304,74,0,0,0,0,0,0,0,0,38
240,388,8,320,76,0,0,0,0,0,0,0,0,40
241,408,8,344,77,0,0,0,0,0,0,0,0,43
242,456,8,376,78,0,0,0,0,0,0,0,0,47
243,480,8,392,79,0,0,0,0,0,0,0,0,49
244,504,8,400,80,0,0,0,0,0,0,0,0,50
245,524,8,400,80,0,0,0,0,0,0,0,0,50
246,520,8,408,80,0,0,0,0,0,0,0,0,51
247,576,8,432,82,0,0,0,0,0,0,0,0,54
248,648,8,440,85,0,0,0,0,0,0,0,0,55
249,564,8,416,87,0,0,0,0,0,0,0,0,52
250,576,8,408,87,0,0,0,0,0,0,0,0,51
251,652,8,392,87,0,0,0,0,0,0,0,0,49
252,540,8,384,88,0,0,0,0,0,0,0,0,48
253,540,8,368,91,0,0,0,0,0,0,0,0,46
254,516,8,376,94,0,0,0,0,0,0,0,0,47
255,604,8,392,95,0,0,0,0,0,0,0,0,49
256,536,8,392,95,0,0,0,0,0,0,0,0,49
257,512,8,376,95,0,0,0,0,0,0,0,0,47
258,668,8,400,95,0,0,0,0,0,0,0,0,50
259,544,8,392,96,0,0,0,0,0,0,0,0,49
260,652,8,432,96,0,0,0,0,0,0,0,0,54
261,692,8,416,96,0,0,0,0,0,0,0,0,52
262,572,8,384,97,0,0,0,0,0,0,0,0,48
263,476,8,384,97,0,0,0,0,0,0,0,0,48
264,532,8,400,98,0,0,0,0,0,0,0,0,50
265,616,8,400,99,0,0,0,0,0,0,0,0,50
266,536,8,416,99,0,0,0,0,0,0,0,0,52
267,612,8,424,99,0,0,0,0,0,0,0,0,53
268,552,8,424,99,0,0,0,0,0,0,0,0,53
269,528,8,400,99,0,0,0,0,0,0,0,0,50
270,484,8,392,99,0,0,0,0,0,0,0,0,49
271,504,8,416,99,0,0,0,0,0,0,0,0,52
272,540,8,408,100,0,0,0,0,0,0,0,0,51
273,536,8,432,100,0,0,0,0,0,0,0,0,54
274,628,8,456,100,0,0,0,0,0,0,0,0,57
275,612,8,456,100,0,0,0,0,0,0,0,0,57
276,644,8,448,100,0,0,0,0,0,0,0,0,56
277,612,8,416,100,0,0,0,0,0,0,0,0,52
278,552,8,408,100,0,0,0,0,0,0,0,0,51
279,504,8,400,100,0,0,0,0,0,0,0,0,50
280,500,8,400,100,0,0,0,0,0,0,0,0,50
281,620,8,384,100,0,0,0,0,0,0,0,0,48
282,616,8,400,100,0,0,0,0,0,0,0,0,50
283,592,8,384,100,0,0,0,0,0,0,0,0,48
284,576,8,368,100,0,0,0,0,0,0,0,0,46
285,740,8,368,100,0,0,0,0,0,0,0,0,46
286,512,8,336,100,0,0,0,0,0,0,0,0,42
287,580,8,320,100,0,0,0,0,0,0,0,0,40
288,644,8,328,100,0,0,0,0,0,0,0,0,41
289,760,8,328,100,0,0,0,0,0,0,0,0,41
290,680,8,304,100,0,0,0,0,0,0,0,0,38
291,724,8,328,100,0,0,0,0,0,0,0,0,41
292,528,8,304,100,0,0,0,0,0,0,0,0,38
293,544,8,344,100,0,0,0,0,0,0,0,0,43
294,616,8,376,100,0,0,0,0,0,0,0,0,47
295,632,8,336,100,0,0,0,0,0,0,0,0,42
296,636,8,352,100,0,0,0,0,0,0,0,0,44
297,632,8,376,100,0,0,0,0,0,0,0,0,47
298,696,8,352,100,0,0,0,0,0,0,0,0,44
299,692,8,368,100,0,0,0,0,0,0,0,0,46
300,720,8,384,100,0,0,0,0,0,0,0,0,48
301,652,8,368,100,0,0,0,0,0,0,0,0,46
302,552,8,368,100,0,0,0,0,0,0,0,0,46
303,592,8,384,100,0,0,0,0,0,0,0,0,48
304,756,8,400,100,0,0,0,0,0,0,0,0,50
305,592,8,376,100,0,0,0,0,0,0,0,0,47
306,648,8,384,100,0,0,0,0,0,0,0,0,48
307,680,8,392,100,0,0,0,0,0,0,0,0,49
308,668,8,392,100,0,0,0,0,0,0,0,0,49
309,784,8,416,100,0,0,0,0,0,0,0,0,52
310,852,8,416,100,0,0,0,0,0,0,0,0,52
311,920,8,416,100,0,0,0,0,0,0,0,0,52
312,964,8,392,100,0,0,0,0,0,0,0,0,49
313,840,8,376,100,0,0,0,0,0,0,0,0,47
314,856,8,392,100,0,0,0,0,0,0,0,0,49
315,880,8,432,100,0,0,0,0,0,0,0,0,54
316,932,8,440,100,0,0,0,0,0,0,0,0,55
317,968,8,456,100,0,0,0,0,0,0,0,0,57
318,936,8,424,100,0,0,0,0,0,0,0,0,53
319,864,8,408,100,0,0,0,0,0,0,0,0,51
320,892,8,408,100,0,0,0,0,0,0,0,0,51
321,828,8,400,100,0,0,0,0,0,0,0,0,50
322,820,8,368,100,0,0,0,0,0,0,0,0,46
323,892,8,376,100,0,0,0,0,0,0,0,0,47
324,920,8,392,100,0,0,0,0,0,0,0,0,49
325,880,8,392,100,0,0,0,0,0,0,0,0,49
326,788,8,408,100,0,0,0,0,0,0,0,0,51
327,888,8,384,100,0,0,0,0,0,0,0,0,48
328,544,8,352,100,0,0,0,0,0,0,0,0,44
329,536,8,352,100,0,0,0,0,0,0,0,0,44
330,572,8,384,100,0,0,0,0,0,0,0,0,48
331,588,8,392,100,0,0,0,0,0,0,0,0,49
332,644,8,408,100,0,0,0,0,0,0,0,0,51
333,648,8,416,100,0,0,0,0,0,0,0,0,52
334,620,8,408,100,0,0,0,0,0,0,0,0,51
335,672,8,408,100,0,0,0,0,0,0,0,0,51
336,700,8,392,100,0,0,0,0,0,0,0,0,49
337,628,8,408,100,0,0,0,0,0,0,0,0,51
338,644,8,392,100,0,0,0,0,0,0,0,0,49
339,688,8,392,100,0,0,0,0,0,0,0,0,49
340,648,8,376,100,0,0,0,0,0,0,0,0,47
341,604,8,376,100,0,0,0,0,0,0,0,0,47
342,644,8,360,100,0,0,0,0,0,0,0,0,45
343,648,8,416,100,0,0,0,0,0,0,0,0,52
344,724,8,416,100,0,0,0,0,0,0,0,0,52
345,796,8,424,100,0,0,0,0,0,0,0,0,53
346,708,8,424,100,0,0,0,0,0,0,0,0,53
347,724,8,448,100,0,0,0,0,0,0,0,0,56
348,752,8,424,100,0,0,0,0,0,0,0,0,53
349,752,8,440,100,0,0,0,0,0,0,0,0,55
350,712,8,448,100,0,0,0,0,0,0,0,0,56
351,716,8,456,100,0,0,0,0,0,0,0,0,57
352,664,8,400,100,0,0,0,0,0,0,0,0,50
353,652,8,424,100,0,0,0,0,0,0,0,0,53
354,760,8,472,100,0,0,0,0,0,0,0,0,59
355,684,8,456,100,0,0,0,0,0,0,0,0,57
356,660,8,424,100,0,0,0,0,0,0,0,0,53
357,560,8,408,100,0,0,0,0,0,0,0,0,51
358,648,8,416,100,0,0,0,0,0,0,0,0,52
359,608,8,440,100,0,0,0,0,0,0,0,0,55
360,684,8,424,100,0,0,0,0,0,0,0,0,53
361,700,8,456,100,0,0,0,0,0,0,0,0,57
362,660,8,448,100,0,0,0,0,0,0,0,0,56
363,592,8,448,100,0,0,0,0,0,0,0,0,56
364,632,8,424,100,0,0,0,0,0,0,0,0,53
365,700,8,408,100,0,0,0,0,0,0,0,0,51
366,732,8,408,100,0,0,0,0,0,0,0,0,51
367,604,8,384,100,0,0,0,0,0,0,0,0,48
368,656,8,392,100,0,0,0,0,0,0,0,0,49
369,680,8,408,100,0,0,0,0,0,0,0,0,51
370,756,8,400,100,0,0,0,0,0,0,0,0,50
371,756,8,424,100,0,0,0,0,0,0,0,0,53
372,832,8,440,100,0,0,0,0,0,0,0,0,55
373,740,8,416,100,0,0,0,0,0,0,0,0,52
374,808,8,424,100,0,0,0,0,0,0,0,0,53
375,692,8,424,100,0,0,0,0,0,0,0,0,53
376,756,8,400,100,0,0,0,0,0,0,0,0,50
377,736,8,424,100,0,0,0,0,0,0,0,0,53
378,704,8,424,100,0,0,0,0,0,0,0,0,53
379,712,8,456,100,0,0,0,0,0,0,0,0,57
380,792,8,416,100,0,0,0,0,0,0,0,0,52
381,768,8,440,100,0,0,0,0,0,0,0,0,55
382,800,8,432,100,0,0,0,0,0,0,0,0,54
383,896,8,424,100,0,0,0,0,0,0,0,0,53
384,932,8,440,100,0,0,0,0,0,0,0,0,55
385,764,8,416,100,0,0,0,0,0,0,0,0,52
386,960,8,464,100,0,0,0,0,0,0,0,0,58
387,848,8,416,100,0,0,0,0,0,0,0,0,52
388,904,8,408,100,0,0,0,0,0,0,0,0,51
389,836,8,408,100,0,0,0,0,0,0,0,0,51
390,884,8,448,100,0,0,0,0,0,0,0,0,56
391,872,8,432,100,0,0,0,0,0,0,0,0,54
392,1028,8,464,100,0,0,0,0,0,0,0,0,58
393,1116,8,456,100,0,0,0,0,0,0,0,0,57
394,1232,8,440,100,0,0,0,0,0,0,0,0,55
395,1208,8,440,100,0,0,0,0,0,0,0,0,55
396,1168,8,432,100,0,0,0,0,0,0,0,0,54
397,1312,8,464,100,0,0,0,0,0,0,0,0,58
398,852,8,440,100,0,0,0,0,0,0,0,0,55
399,848,8,464,100,0,0,0,0,0,0,0,0,58
400,904,8,448,100,0,0,0,0,0,0,0,0,56
401,952,8,448,100,0,0,0,0,0,0,0,0,56
402,968,8,456,100,0,0,0,0,0,0,0,0,57
403,692,8,432,100,0,0,0,0,0,0,0,0,54
404,700,8,456,100,0,0,0,0,0,0,0,0,57
405,712,8,408,100,0,0,0,0,0,0,0,0,51
406,780,8,432,100,0,0,0,0,0,0,0,0,54
407,788,8,432,100,0,0,0,0,0,0,0,0,54
408,652,8,384,100,0,0,0,0,0,0,0,0,48
409,900,8,440,100,0,0,0,0,0,0,0,0,55
410,864,8,456,100,0,0,0,0,0,0,0,0,57
411,844,8,432,100,0,0,0,0,0,0,0,0,54
412,656,8,440,100,0,0,0,0,0,0,0,0,55
413,756,8,416,100,0,0,0,0,0,0,0,0,52
414,684,8,408,100,0,0,0,0,0,0,0,0,51
415,772,8,424,100,0,0,0,0,0,0,0,0,53
416,776,8,456,100,0,0,0,0,0,0,0,0,57
417,820,8,456,100,0,0,0,0,0,0,0,0,57
418,916,8,472,100,0,0,0,0,0,0,0,0,59
419,760,8,432,100,0,0,0,0,0,0,0,0,54
420,800,8,416,100,0,0,0,0,0,0,0,0,52
421,708,8,408,100,0,0,0,0,0,0,0,0,51
422,820,8,456,100,0,0,0,0,0,0,0,0,57
423,920,8,448,100,0,0,0,0,0,0,0,0,56
424,808,8,432,100,0,0,0,0,0,0,0,0,54
425,796,8,432,100,0,0,0,0,0,0,0,0,54
426,896,8,440,100,0,0,0,0,0,0,0,0,55
427,832,8,456,100,0,0,0,0,0,0,0,0,57
428,896,8,480,100,0,0,0,0,0,0,0,0,60
429,784,8,464,100,0,0,0,0,0,0,0,0,58
430,812,8,512,100,0,0,0,0,0,0,0,0,64
431,748,8,504,100,0,0,0,0,0,0,0,0,63
432,740,8,520,100,0,0,0,0,0,0,0,0,65
433,884,8,576,100,0,0,0,0,0,0,0,0,72
434,904,8,560,100,0,0,0,0,0,0,0,0,70
435,820,8,544,100,0,0,0,0,0,0,0,0,68
436,828,8,528,100,0,0,0,0,0,0,0,0,66
437,724,8,512,100,0,0,0,0,0,0,0,0,64
438,688,8,496,100,0,0,0,0,0,0,0,0,62
439,708,8,456,100,0,0,0,0,0,0,0,0,57
440,580,8,456,100,0,0,0,0,0,0,0,0,57
441,784,8,480,100,0,0,0,0,0,0,0,0,60
442,644,8,456,100,0,0,0,0,0,0,0,0,57
443,604,8,448,100,0,0,0,0,0,0,0,0,56
444,684,8,456,100,0,0,0,0,0,0,0,0,57
445,644,8,440,100,0,0,0,0,0,0,0,0,55
446,832,8,456,100,0,0,0,0,0,0,0,0,57
447,824,8,464,100,0,0,0,0,0,0,0,0,58
448,876,8,480,100,0,0,0,0,0,0,0,0,60
449,940,8,480,100,0,0,0,0,0,0,0,0,60
450,812,8,496,100,0,0,0,0,0,0,0,0,62
451,860,8,488,100,0,0,0,0,0,0,0,0,61
452,940,8,504,100,0,0,0,0,0,0,0,0,63
453,852,8,496,100,0,0,0,0,0,0,0,0,62
454,1024,8,512,100,0,0,0,0,0,0,0,0,64
455,928,8,488,100,0,0,0,0,0,0,0,0,61
456,856,8,464,100,0,0,0,0,0,0,0,0,58
457,828,8,480,100,0,0,0,0,0,0,0,0,60
458,780,8,480,100,0,0,0,0,0,0,0,0,60
459,720,8,448,100,0,0,0,0,0,0,0,0,56
460,860,8,480,100,0,0,0,0,0,0,0,0,60
461,876,8,440,100,0,0,0,0,0,0,0,0,55
462,888,8,424,100,0,0,0,0,0,0,0,0,53
463,736,8,408,100,0,0,0,0,0,0,0,0,51
464,668,8,456,100,0,0,0,0,0,0,0,0,57
465,800,8,488,100,0,0,0,0,0,0,0,0,61
466,880,8,480,100,0,0,0,0,0,0,0,0,60
467,908,8,480,100,0,0,0,0,0,0,0,0,60
468,760,8,480,100,0,0,0,0,0,0,0,0,60
469,804,8,488,100,0,0,0,0,0,0,0,0,61
470,820,8,496,100,0,0,0,0,0,0,0,0,62
471,860,8,536,100,0,0,0,0,0,0,0,0,67
472,996,8,520,100,0,0,0,0,0,0,0,0,65
473,916,8,520,100,0,0,0,0,0,0,0,0,65
474,816,8,504,100,0,0,0,0,0,0,0,0,63
475,952,8,488,100,0,0,0,0,0,0,0,0,61
476,868,8,456,100,0,0,0,0,0,0,0,0,57
477,876,8,456,100,0,0,0,0,0,0,0,0,57
478,936,8,440,100,0,0,0,0,0,0,0,0,55
479,948,8,464,100,0,0,0,0,0,0,0,0,58
480,836,8,424,100,0,0,0,0,0,0,0,0,53
481,896,8,480,100,0,0,0,0,0,0,0,0,60
482,776,8,440,100,0,0,0,0,0,0,0,0,55
483,780,8,432,100,0,0,0,0,0,0,0,0,54
484,744,8,464,100,0,0,0,0,0,0,0,0,58
485,804,8,496,100,0,0,0,0,0,0,0,0,62
486,800,8,536,100,0,0,0,0,0,0,0,0,67
487,848,8,544,100,0,0,0,0,0,0,0,0,68
488,828,8,520,100,0,0,0,0,0,0,0,0,65
489,756,8,488,100,0,0,0,0,0,0,0,0,61
490,804,8,480,100,0,0,0,0,0,0,0,0,60
491,740,8,456,100,0,0,0,0,0,0,0,0,57
492,840,8,480,100,0,0,0,0,0,0,0,0,60
493,796,8,480,100,0,0,0,0,0,0,0,0,60
494,696,8,464,100,0,0,0,0,0,0,0,0,58
495,816,8,504,100,0,0,0,0,0,0,0,0,63
496,804,8,480,100,0,0,0,0,0,0,0,0,60
497,788,8,472,100,0,0,0,0,0,0,0,0,59
498,844,8,504,100,0,0,0,0,0,0,0,0,63
499,884,8,512,100,0,0,0,0,0,0,0,0,64
500,884,8,512,100,0,0,0,0,0,0,0,0,64
501,840,8,528,100,0,0,0,0,0,0,0,0,66
502,844,8,520,100,0,0,0,0,0,0,0,0,65
503,872,8,536,100,0,0,0,0,0,0,0,0,67
504,848,8,496,100,0,0,0,0,0,0,0,0,62
505,776,8,472,100,0,0,0,0,0,0,0,0,59
506,764,8,480,100,0,0,0,0,0,0,0,0,60
507,692,8,456,100,0,0,0,0,0,0,0,0,57
508,796,8,512,100,0,0,0,0,0,0,0,0,64
509,776,8,488,100,0,0,0,0,0,0,0,0,61
510,776,8,488,100,0,0,0,0,0,0,0,0,61
511,740,8,472,100,0,0,0,0,0,0,0,0,59
512,728,8,464,100,0,0,0,0,0,0,0,0,58
513,740,8,456,100,0,0,0,0,0,0,0,0,57
514,684,8,456,100,0,0,0,0,0,0,0,0,57
515,820,8,496,100,0,0,0,0,0,0,0,0,62
516,860,8,496,100,0,0,0,0,0,0,0,0,62
517,752,8,464,100,0,0,0,0,0,0,0,0,58
518,720,8,424,100,0,0,0,0,0,0,0,0,53
519,672,8,432,100,0,0,0,0,0,0,0,0,54
520,704,8,448,100,0,0,0,0,0,0,0,0,56
521,700,8,448,100,0,0,0,0,0,0,0,0,56
522,700,8,464,100,0,0,0,0,0,0,0,0,58
523,720,8,456,100,0,0,0,0,0,0,0,0,57
524,716,8,464,100,0,0,0,0,0,0,0,0,58
525,736,8,480,100,0,0,0,0,0,0,0,0,60
526,800,8,488,100,0,0,0,0,0,0,0,0,61
527,792,8,456,100,0,0,0,0,0,0,0,0,57
528,844,8,456,100,0,0,0,0,0,0,0,0,57
529,756,8,424,100,0,0,0,0,0,0,0,0,53
530,872,8,448,100,0,0,0,0,0,0,0,0,56
531,760,8,432,100,0,0,0,0,0,0,0,0,54
532,788,8,480,100,0,0,0,0,0,0,0,0,60
533,868,8,496,100,0,0,0,0,0,0,0,0,62
534,988,8,512,100,0,0,0,0,0,0,0,0,64
535,808,8,480,100,0,0,0,0,0,0,0,0,60
536,764,8,496,100,0,0,0,0,0,0,0,0,62
537,884,8,480,100,0,0,0,0,0,0,0,0,60
538,868,8,504,100,0,0,0,0,0,0,0,0,63
539,868,8,488,100,0,0,0,0,0,0,0,0,61
540,928,8,496,100,0,0,0,0,0,0,0,0,62
541,848,8,440,100,0,0,0,0,0,0,0,0,55
542,832,8,480,100,0,0,0,0,0,0,0,0,60
543,828,8,448,100,0,0,0,0,0,0,0,0,56
544,768,8,464,100,0,0,0,0,0,0,0,0,58
545,856,8,520,100,0,0,0,0,0,0,0,0,65
546,852,8,488,100,0,0,0,0,0,0,0,0,61
547,860,8,496,100,0,0,0,0,0,0,0,0,62
548,892,8,488,100,0,0,0,0,0,0,0,0,61
549,944,8,496,100,0,0,0,0,0,0,0,0,62
550,848,8,448,100,0,0,0,0,0,0,0,0,56
551,776,8,464,100,0,0,0,0,0,0,0,0,58
552,784,8,472,100,0,0,0,0,0,0,0,0,59
553,860,8,496,100,0,0,0,0,0,0,0,0,62
554,792,8,472,100,0,0,0,0,0,0,0,0,59
555,796,8,448,100,0,0,0,0,0,0,0,0,56
556,972,8,440,100,0,0,0,0,0,0,0,0,55
557,1012,8,432,100,0,0,0,0,0,0,0,0,54
558,876,8,424,100,0,0,0,0,0,0,0,0,53
559,956,8,448,100,0,0,0,0,0,0,0,0,56
560,792,8,432,100,0,0,0,0,0,0,0,0,54
561,852,8,416,100,0,0,0,0,0,0,0,0,52
562,832,8,416,100,0,0,0,0,0,0,0,0,52
563,852,8,416,100,0,0,0,0,0,0,0,0,52
564,860,8,432,100,0,0,0,0,0,0,0,0,54
565,796,8,472,100,0,0,0,0,0,0,0,0,59
566,832,8,440,100,0,0,0,0,0,0,0,0,55
567,844,8,440,100,0,0,0,0,0,0,0,0,55
568,776,8,424,100,0,0,0,0,0,0,0,0,53
569,936,8,432,100,0,0,0,0,0,0,0,0,54
570,732,8,440,100,0,0,0,0,0,0,0,0,55
571,688,8,440,100,0,0,0,0,0,0,0,0,55
572,708,8,464,100,0,0,0,0,0,0,0,0,58
573,636,8,472,100,0,0,0,0,0,0,0,0,59
574,720,8,520,100,0,0,0,0,0,0,0,0,65
575,824,8,520,100,0,0,0,0,0,0,0,0,65
576,900,8,504,100,0,0,0,0,0,0,0,0,63
577,844,8,512,100,0,0,0,0,0,0,0,0,64
578,864,8,504,100,0,0,0,0,0,0,0,0,63
579,944,8,512,100,0,0,0,0,0,0,0,0,64
580,756,8,456,100,0,0,0,0,0,0,0,0,57
581,896,8,504,100,0,0,0,0,0,0,0,0,63
582,836,8,472,100,0,0,0,0,0,0,0,0,59
583,964,8,496,100,0,0,0,0,0,0,0,0,62
584,804,8,496,100,0,0,0,0,0,0,0,0,62
585,884,8,552,100,0,0,0,0,0,0,0,0,69
586,836,8,544,100,0,0,0,0,0,0,0,0,68
587,892,8,552,100,0,0,0,0,0,0,0,0,69
588,900,8,528,100,0,0,0,0,0,0,0,0,66
589,712,8,528,100,0,0,0,0,0,0,0,0,66
590,704,8,512,100,0,0,0,0,0,0,0,0,64
591,744,8,504,100,0,0,0,0,0,0,0,0,63
592,716,8,512,100,0,0,0,0,0,0,0,0,64
593,772,8,512,100,0,0,0,0,0,0,0,0,64
594,792,8,504,100,0,0,0,0,0,0,0,0,63
595,724,8,488,100,0,0,0,0,0,0,0,0,61
596,852,8,520,100,0,0,0,0,0,0,0,0,65
597,784,8,504,100,0,0,0,0,0,0,0,0,63
598,728,8,472,100,0,0,0,0,0,0,0,0,59
599,868,8,496,100,0,0,0,0,0,0,0,0,62
600,708,8,472,100,0,0,0,0,0,0,0,0,59
601,800,8,480,100,0,0,0,0,0,0,0,0,60
602,840,8,496,100,0,0,0,0,0,0,0,0,62
603,824,8,488,100,0,0,0,0,0,0,0,0,61
604,924,8,512,100,0,0,0,0,0,0,0,0,64
605,940,8,528,100,0,0,0,0,0,0,0,0,66
606,864,8,536,100,0,0,0,0,0,0,0,0,67
607,984,8,496,100,0,0,0,0,0,0,0,0,62
608,1116,8,512,100,0,0,0,0,0,0,0,0,64
609,1068,8,496,100,0,0,0,0,0,0,0,0,62
610,924,8,512,100,0,0,0,0,0,0,0,0,64
611,980,8,504,100,0,0,0,0,0,0,0,0,63
612,948,8,520,100,0,0,0,0,0,0,0,0,65
613,984,8,520,100,0,0,0,0,0,0,0,0,65
614,832,8,464,100,0,0,0,0,0,0,0,0,58
615,948,8,456,100,0,0,0,0,0,0,0,0,57
616,1044,8,456,100,0,0,0,0,0,0,0,0,57
617,812,8,488,100,0,0,0,0,0,0,0,0,61
618,956,8,504,100,0,0,0,0,0,0,0,0,63
619,960,8,472,100,0,0,0,0,0,0,0,0,59
620,1024,8,512,100,0,0,0,0,0,0,0,0,64
621,996,8,512,100,0,0,0,0,0,0,0,0,64
622,992,8,496,100,0,0,0,0,0,0,0,0,62
623,828,8,472,100,0,0,0,0,0,0,0,0,59
624,668,8,472,100,0,0,0,0,0,0,0,0,59
625,1060,8,512,100,0,0,0,0,0,0,0,0,64
626,824,8,472,100,0,0,0,0,0,0,0,0,59
627,860,8,456,100,0,0,0,0,0,0,0,0,57
628,940,8,456,100,0,0,0,0,0,0,0,0,57
629,900,8,456,100,0,0,0,0,0,0,0,0,57
630,1104,8,512,100,0,0,0,0,0,0,0,0,64
631,1100,8,520,100,0,0,0,0,0,0,0,0,65
632,1080,8,496,100,0,0,0,0,0,0,0,0,62
633,1084,8,496,100,0,0,0,0,0,0,0,0,62
634,1204,8,512,100,0,0,0,0,0,0,0,0,64
635,1240,8,512,100,0,0,0,0,0,0,0,0,64
636,1328,8,544,100,0,0,0,0,0,0,0,0,68
637,1428,8,528,100,0,0,0,0,0,0,0,0,66
638,1344,8,480,100,0,0,0,0,0,0,0,0,60
639,1532,8,512,100,0,0,0,0,0,0,0,0,64
640,1728,8,512,100,0,0,0,0,0,0,0,0,64
641,1144,8,512,100,0,0,0,0,0,0,0,0,64
642,972,8,464,100,0,0,0,0,0,0,0,0,58
643,992,8,448,100,0,0,0,0,0,0,0,0,56
644,924,8,456,100,0,0,0,0,0,0,0,0,57
645,808,8,488,100,0,0,0,0,0,0,0,0,61
646,876,8,496,100,0,0,0,0,0,0,0,0,62
647,712,8,488,100,0,0,0,0,0,0,0,0,61
648,844,8,488,100,0,0,0,0,0,0,0,0,61
649,844,8,488,100,0,0,0,0,0,0,0,0,61
650,740,8,488,100,0,0,0,0,0,0,0,0,61
651,788,8,464,100,0,0,0,0,0,0,0,0,58
652,892,8,496,100,0,0,0,0,0,0,0,0,62
653,864,8,480,100,0,0,0,0,0,0,0,0,60
654,764,8,464,100,0,0,0,0,0,0,0,0,58
655,900,8,480,100,0,0,0,0,0,0,0,0,60
656,884,8,456,100,0,0,0,0,0,0,0,0,57
657,740,8,424,100,0,0,0,0,0,0,0,0,53
658,836,8,456,100,0,0,0,0,0,0,0,0,57
659,768,8,448,100,0,0,0,0,0,0,0,0,56
660,748,8,432,100,0,0,0,0,0,0,0,0,54
661,840,8,456,100,0,0,0,0,0,0,0,0,57
662,728,8,424,100,0,0,0,0,0,0,0,0,53
663,824,8,464,100,0,0,0,0,0,0,0,0,58
664,896,8,456,100,0,0,0,0,0,0,0,0,57
665,1080,8,480,100,0,0,0,0,0,0,0,0,60
666,1116,8,480,100,0,0,0,0,0,0,0,0,60
667,1120,8,448,100,0,0,0,0,0,0,0,0,56
668,1140,8,432,100,0,0,0,0,0,0,0,0,54
669,1228,8,440,100,0,0,0,0,0,0,0,0,55
670,1404,8,464,100,0,0,0,0,0,0,0,0,58
671,1464,8,440,100,0,0,0,0,0,0,0,0,55
672,1476,8,432,100,0,0,0,0,0,0,0,0,54
673,1104,8,456,100,0,0,0,0,0,0,0,0,57
674,1524,8,496,100,0,0,0,0,0,0,0,0,62
675,1856,8,472,100,0,0,0,0,0,0,0,0,59
676,1744,8,472,100,0,0,0,0,0,0,0,0,59
677,1616,8,472,100,0,0,0,0,0,0,0,0,59
678,1780,8,464,100,0,0,0,0,0,0,0,0,58
679,1416,8,464,100,0,0,0,0,0,0,0,0,58
680,1624,8,448,100,0,0,0,0,0,0,0,0,56
681,1916,8,472,100,0,0,0,0,0,0,0,0,59
682,2316,8,480,100,0,0,0,0,0,0,0,0,60
683,2256,8,424,100,0,0,0,0,0,0,0,0,53
684,2024,8,440,100,0,0,0,0,0,0,0,0,55
685,2328,8,456,100,0,0,0,0,0,0,0,0,57
686,2404,8,400,100,0,0,0,0,0,0,0,0,50
687,1616,8,432,100,0,0,0,0,0,0,0,0,54
688,2032,8,448,100,0,0,0,0,0,0,0,0,56
689,2552,8,456,100,0,0,0,0,0,0,0,0,57
690,2412,8,448,100,0,0,0,0,0,0,0,0,56
691,2608,8,464,100,0,0,0,0,0,0,0,0,58
692,2156,8,472,100,0,0,0,0,0,0,0,0,59
693,1664,8,464,100,0,0,0,0,0,0,0,0,58
694,2008,8,464,100,0,0,0,0,0,0,0,0,58
695,2164,8,472,100,0,0,0,0,0,0,0,0,59
696,2044,8,432,100,0,0,0,0,0,0,0,0,54
697,2088,8,456,100,0,0,0,0,0,0,0,0,57
698,2080,8,408,100,0,0,0,0,0,0,0,0,51
699,2152,8,408,100,0,0,0,0,0,0,0,0,51
700,2184,8,408,100,0,0,0,0,0,0,0,0,51
701,2340,8,440,100,0,0,0,0,0,0,0,0,55
702,2320,8,416,100,0,0,0,0,0,0,0,0,52
703,2400,8,416,100,0,0,0,0,0,0,0,0,52
704,2168,8,416,100,0,0,0,0,0,0,0,0,52
705,1712,8,432,100,0,0,0,0,0,0,0,0,54
706,2080,8,416,100,0,0,0,0,0,0,0,0,52
707,2304,8,440,100,0,0,0,0,0,0,0,0,55
708,1608,8,392,100,0,0,0,0,0,0,0,0,49
709,1932,8,424,100,0,0,0,0,0,0,0,0,53
710,2176,8,392,100,0,0,0,0,0,0,0,0,49
711,1968,8,400,100,0,0,0,0,0,0,0,0,50
712,2156,8,416,100,0,0,0,0,0,0,0,0,52
713,2608,8,424,100,0,0,0,0,0,0,0,0,53
714,2464,8,440,100,0,0,0,0,0,0,0,0,55
715,2160,8,456,100,0,0,0,0,0,0,0,0,57
716,2316,8,440,100,0,0,0,0,0,0,0,0,55
717,2412,8,464,100,0,0,0,0,0,0,0,0,58
718,1972,8,424,100,0,0,0,0,0,0,0,0,53
719,1796,8,400,100,0,0,0,0,0,0,0,0,50
720,2336,8,456,100,0,0,0,0,0,0,0,0,57
721,2488,8,408,100,0,0,0,0,0,0,0,0,51
722,3032,8,448,100,0,0,0,0,0,0,0,0,56
723,2636,8,432,100,0,0,0,0,0,0,0,0,54
724,3156,8,448,100,0,0,0,0,0,0,0,0,56
725,2888,8,416,100,0,0,0,0,0,0,0,0,52
726,3088,8,416,100,0,0,0,0,0,0,0,0,52
727,2776,8,400,100,0,0,0,0,0,0,0,0,50
728,3120,8,432,100,0,0,0,0,0,0,0,0,54
729,2748,8,424,100,0,0,0,0,0,0,0,0,53
730,2924,8,400,100,0,0,0,0,0,0,0,0,50
731,2896,8,432,100,0,0,0,0,0,0,0,0,54
732,3300,8,432,100,0,0,0,0,0,0,0,0,54
733,3696,8,432,100,0,0,0,0,0,0,0,0,54
734,3392,8,408,100,0,0,0,0,0,0,0,0,51
735,2700,8,416,100,0,0,0,0,0,0,0,0,52
736,2828,8,400,100,0,0,0,0,0,0,0,0,50
737,3552,8,424,100,0,0,0,0,0,0,0,0,53
738,3728,8,400,100,0,0,0,0,0,0,0,0,50
739,3716,8,408,100,0,0,0,0,0,0,0,0,51
740,3952,8,440,100,0,0,0,0,0,0,0,0,55
741,3940,8,432,100,0,0,0,0,0,0,0,0,54
742,3656,8,416,100,0,0,0,0,0,0,0,0,52
743,2556,8,400,100,0,0,0,0,0,0,0,0,50
744,2116,8,408,100,0,0,0,0,0,0,0,0,51
745,2796,8,456,100,0,0,0,0,0,0,0,0,57
746,2536,8,440,100,0,0,0,0,0,0,0,0,55
747,2676,8,464,100,0,0,0,0,0,0,0,0,58
748,2700,8,448,100,0,0,0,0,0,0,0,0,56
749,2268,8,456,100,0,0,0,0,0,0,0,0,57
750,2444,8,432,100,0,0,0,0,0,0,0,0,54
751,2780,8,440,100,0,0,0,0,0,0,0,0,55
752,2364,8,432,100,0,0,0,0,0,0,0,0,54
753,2808,8,432,100,0,0,0,0,0,0,0,0,54
754,2768,8,424,100,0,0,0,0,0,0,0,0,53
755,2700,8,400,100,0,0,0,0,0,0,0,0,50
756,2308,8,424,100,0,0,0,0,0,0,0,0,53
757,1888,8,456,100,0,0,0,0,0,0,0,0,57
758,1796,8,448,100,0,0,0,0,0,0,0,0,56
759,1988,8,480,100,0,0,0,0,0,0,0,0,60
760,2132,8,440,100,0,0,0,0,0,0,0,0,55
761,2564,8,432,100,0,0,0,0,0,0,0,0,54
762,2096,8,424,100,0,0,0,0,0,0,0,0,53
763,1740,8,408,100,0,0,0,0,0,0,0,0,51
764,1260,8,448,100,0,0,0,0,0,0,0,0,56
765,1568,8,496,100,0,0,0,0,0,0,0,0,62
766,1804,8,432,100,0,0,0,0,0,0,0,0,54
767,2048,8,440,100,0,0,0,0,0,0,0,0,55
768,1668,8,392,100,0,0,0,0,0,0,0,0,49
769,1808,8,424,100,0,0,0,0,0,0,0,0,53
770,2300,8,448,100,0,0,0,0,0,0,0,0,56
771,2168,8,408,100,0,0,0,0,0,0,0,0,51
772,2416,8,440,100,0,0,0,0,0,0,0,0,55
773,2528,8,392,100,0,0,0,0,0,0,0,0,49
774,2504,8,400,100,0,0,0,0,0,0,0,0,50
775,1928,8,448,100,0,0,0,0,0,0,0,0,56
776,1772,8,432,100,0,0,0,0,0,0,0,0,54
777,1556,8,416,100,0,0,0,0,0,0,0,0,52
778,1612,8,376,100,0,0,0,0,0,0,0,0,47
779,1528,8,416,100,0,0,0,0,0,0,0,0,52
780,1840,8,416,100,0,0,0,0,0,0,0,0,52
781,1964,8,424,100,0,0,0,0,0,0,0,0,53
782,2228,8,456,100,0,0,0,0,0,0,0,0,57
783,2440,8,432,100,0,0,0,0,0,0,0,0,54
784,2540,8,400,100,0,0,0,0,0,0,0,0,50
785,2540,8,384,100,0,0,0,0,0,0,0,0,48
786,2552,8,416,100,0,0,0,0,0,0,0,0,52
787,2616,8,408,100,0,0,0,0,0,0,0,0,51
788,2564,8,416,100,0,0,0,0,0,0,0,0,52
789,2600,8,440,100,0,0,0,0,0,0,0,0,55
790,2516,8,432,100,0,0,0,0,0,0,0,0,54
791,2776,8,456,100,0,0,0,0,0,0,0,0,57
792,2840,8,432,100,0,0,0,0,0,0,0,0,54
793,3124,8,384,100,0,0,0,0,0,0,0,0,48
794,2712,8,400,100,0,0,0,0,0,0,0,0,50
795,2776,8,360,100,0,0,0,0,0,0,0,0,45
796,2324,8,368,100,0,0,0,0,0,0,0,0,46
797,3032,8,400,100,0,0,0,0,0,0,0,0,50
798,3456,8,408,100,0,0,0,0,0,0,0,0,51
799,3708,8,368,100,0,0,0,0,0,0,0,0,46
800,3596,8,392,100,0,0,0,0,0,0,0,0,49
801,4036,8,424,100,0,0,0,0,0,0,0,0,53
802,3416,8,408,100,0,0,0,0,0,0,0,0,51
803,3084,8,448,100,0,0,0,0,0,0,0,0,56
804,3336,8,392,100,0,0,0,0,0,0,0,0,49
805,2640,8,408,100,0,0,0,0,0,0,0,0,51
806,3212,8,368,100,0,0,0,0,0,0,0,0,46
807,3188,8,392,100,0,0,0,0,0,0,0,0,49
808,3268,8,400,100,0,0,0,0,0,0,0,0,50
809,3808,8,416,100,0,0,0,0,0,0,0,0,52
810,3316,8,416,100,0,0,0,0,0,0,0,0,52
811,3668,8,440,100,0,0,0,0,0,0,0,0,55
812,3704,8,392,100,0,0,0,0,0,0,0,0,49
813,3764,8,392,100,0,0,0,0,0,0,0,0,49
814,3452,8,376,100,0,0,0,0,0,0,0,0,47
815,3720,8,376,100,0,0,0,0,0,0,0,0,47
816,2988,8,408,100,0,0,0,0,0,0,0,0,51
817,3724,8,408,100,0,0,0,0,0,0,0,0,51
818,4276,8,376,100,0,0,0,0,0,0,0,0,47
819,4092,8,376,100,0,0,0,0,0,0,0,0,47
820,4192,8,440,100,0,0,0,0,0,0,0,0,55
821,3416,8,416,100,0,0,0,0,0,0,0,0,52
822,3072,8,416,100,0,0,0,0,0,0,0,0,52
823,4044,8,400,100,0,0,0,0,0,0,0,0,50
824,3900,8,376,100,0,0,0,0,0,0,0,0,47
825,3820,8,392,100,0,0,0,0,0,0,0,0,49
826,3516,8,376,100,0,0,0,0,0,0,0,0,47
827,3464,8,392,100,0,0,0,0,0,0,0,0,49
828,3500,8,416,100,0,0,0,0,0,0,0,0,52
829,3612,8,384,100,0,0,0,0,0,0,0,0,48
830,2828,8,408,100,0,0,0,0,0,0,0,0,51
831,2664,8,408,100,0,0,0,0,0,0,0,0,51
832,2112,8,368,100,0,0,0,0,0,0,0,0,46
833,2404,8,392,100,0,0,0,0,0,0,0,0,49
834,2872,8,448,100,0,0,0,0,0,0,0,0,56
835,2488,8,408,100,0,0,0,0,0,0,0,0,51
836,3052,8,432,100,0,0,0,0,0,0,0,0,54
837,2820,8,408,100,0,0,0,0,0,0,0,0,51
838,2972,8,440,100,0,0,0,0,0,0,0,0,55
839,2520,8,400,100,0,0,0,0,0,0,0,0,50
840,2336,8,368,100,0,0,0,0,0,0,0,0,46
841,2180,8,400,100,0,0,0,0,0,0,0,0,50
842,2572,8,424,100,0,0,0,0,0,0,0,0,53
843,3000,8,416,100,0,0,0,0,0,0,0,0,52
844,3948,8,384,100,0,0,0,0,0,0,0,0,48
845,4100,8,400,100,0,0,0,0,0,0,0,0,50
846,3544,8,392,100,0,0,0,0,0,0,0,0,49
847,4236,8,440,100,0,0,0,0,0,0,0,0,55
848,3476,8,392,100,0,0,0,0,0,0,0,0,49
849,3736,8,400,100,0,0,0,0,0,0,0,0,50
850,3704,8,368,100,0,0,0,0,0,0,0,0,46
851,3716,8,360,100,0,0,0,0,0,0,0,0,45
852,3624,8,376,100,0,0,0,0,0,0,0,0,47
853,3044,8,376,100,0,0,0,0,0,0,0,0,47
854,3956,8,400,100,0,0,0,0,0,0,0,0,50
855,3200,8,368,100,0,0,0,0,0,0,0,0,46
856,2868,8,376,100,0,0,0,0,0,0,0,0,47
857,3504,8,416,100,0,0,0,0,0,0,0,0,52
858,3416,8,392,100,0,0,0,0,0,0,0,0,49
859,2792,8,384,100,0,0,0,0,0,0,0,0,48
860,2692,8,376,100,0,0,0,0,0,0,0,0,47
861,2220,8,376,100,0,0,0,0,0,0,0,0,47
862,2732,8,392,100,0,0,0,0,0,0,0,0,49
863,2624,8,432,100,0,0,0,0,0,0,0,0,54
864,2716,8,400,100,0,0,0,0,0,0,0,0,50
865,2776,8,416,100,0,0,0,0,0,0,0,0,52
866,3300,8,440,100,0,0,0,0,0,0,0,0,55
867,3228,8,440,100,0,0,0,0,0,0,0,0,55
868,2340,8,440,100,0,0,0,0,0,0,0,0,55
869,2532,8,464,100,0,0,0,0,0,0,0,0,58
870,1848,8,424,100,0,0,0,0,0,0,0,0,53
871,1960,8,424,100,0,0,0,0,0,0,0,0,53
872,2632,8,448,100,0,0,0,0,0,0,0,0,56
873,2064,8,392,100,0,0,0,0,0,0,0,0,49
874,2520,8,408,100,0,0,0,0,0,0,0,0,51
875,3108,8,424,100,0,0,0,0,0,0,0,0,53
876,2628,8,376,100,0,0,0,0,0,0,0,0,47
877,2624,8,376,100,0,0,0,0,0,0,0,0,47
878,2444,8,408,100,0,0,0,0,0,0,0,0,51
879,2640,8,400,100,0,0,0,0,0,0,0,0,50
880,2956,8,384,100,0,0,0,0,0,0,0,0,48
881,2916,8,352,100,0,0,0,0,0,0,0,0,44
882,2704,8,376,100,0,0,0,0,0,0,0,0,47
883,3168,8,360,100,0,0,0,0,0,0,0,0,45
884,2308,8,336,100,0,0,0,0,0,0,0,0,42
885,2756,8,352,100,0,0,0,0,0,0,0,0,44
886,2140,8,336,100,0,0,0,0,0,0,0,0,42
887,1888,8,368,100,0,0,0,0,0,0,0,0,46
888,2156,8,384,100,0,0,0,0,0,0,0,0,48
889,2244,8,384,100,0,0,0,0,0,0,0,0,48
890,2416,8,384,100,0,0,0,0,0,0,0,0,48
891,2108,8,384,100,0,0,0,0,0,0,0,0,48
892,2416,8,424,100,0,0,0,0,0,0,0,0,53
893,2244,8,432,100,0,0,0,0,0,0,0,0,54
894,2224,8,432,100,0,0,0,0,0,0,0,0,54
895,2696,8,456,100,0,0,0,0,0,0,0,0,57
896,2524,8,440,100,0,0,0,0,0,0,0,0,55
897,2700,8,392,100,0,0,0,0,0,0,0,0,49
898,2052,8,408,100,0,0,0,0,0,0,0,0,51
899,2044,8,408,100,0,0,0,0,0,0,0,0,51
900,1956,8,384,100,0,0,0,0,0,0,0,0,48
901,2188,8,400,100,0,0,0,0,0,0,0,0,50
902,2164,8,424,100,0,0,0,0,0,0,0,0,53
903,2080,8,440,100,0,0,0,0,0,0,0,0,55
904,2544,8,448,100,0,0,0,0,0,0,0,0,56
905,2648,8,440,100,0,0,0,0,0,0,0,0,55
906,2468,8,416,100,0,0,0,0,0,0,0,0,52
907,2284,8,392,100,0,0,0,0,0,0,0,0,49
908,2192,8,352,100,0,0,0,0,0,0,0,0,44
909,2036,8,360,100,0,0,0,0,0,0,0,0,45
910,2028,8,408,100,0,0,0,0,0,0,0,0,51
911,2280,8,408,100,0,0,0,0,0,0,0,0,51
912,2480,8,408,100,0,0,0,0,0,0,0,0,51
913,2352,8,408,100,0,0,0,0,0,0,0,0,51
914,2876,8,432,100,0,0,0,0,0,0,0,0,54
915,3336,8,424,100,0,0,0,0,0,0,0,0,53
916,3228,8,416,100,0,0,0,0,0,0,0,0,52
917,3008,8,392,100,0,0,0,0,0,0,0,0,49
918,3132,8,400,100,0,0,0,0,0,0,0,0,50
919,3100,8,432,100,0,0,0,0,0,0,0,0,54
920,3580,8,416,100,0,0,0,0,0,0,0,0,52
921,2780,8,424,100,0,0,0,0,0,0,0,0,53
922,2808,8,400,100,0,0,0,0,0,0,0,0,50
923,2692,8,424,100,0,0,0,0,0,0,0,0,53
924,2832,8,432,100,0,0,0,0,0,0,0,0,54
925,2812,8,432,100,0,0,0,0,0,0,0,0,54
926,3320,8,440,100,0,0,0,0,0,0,0,0,55
927,3400,8,400,100,0,0,0,0,0,0,0,0,50
928,2988,8,400,100,0,0,0,0,0,0,0,0,50
929,2860,8,424,100,0,0,0,0,0,0,0,0,53
930,2960,8,424,100,0,0,0,0,0,0,0,0,53
931,2996,8,432,100,0,0,0,0,0,0,0,0,54
932,2528,8,424,100,0,0,0,0,0,0,0,0,53
933,2296,8,432,100,0,0,0,0,0,0,0,0,54
934,2688,8,440,100,0,0,0,0,0,0,0,0,55
935,3116,8,432,100,0,0,0,0,0,0,0,0,54
936,3108,8,432,100,0,0,0,0,0,0,0,0,54
937,2512,8,464,100,0,0,0,0,0,0,0,0,58
938,2400,8,496,100,0,0,0,0,0,0,0,0,62
939,2328,8,512,100,0,0,0,0,0,0,0,0,64
940,1936,8,496,100,0,0,0,0,0,0,0,0,62
941,2188,8,472,100,0,0,0,0,0,0,0,0,59
942,2428,8,440,100,0,0,0,0,0,0,0,0,55
943,2244,8,448,100,0,0,0,0,0,0,0,0,56
944,2108,8,440,100,0,0,0,0,0,0,0,0,55
945,1672,8,416,100,0,0,0,0,0,0,0,0,52
946,1684,8,400,100,0,0,0,0,0,0,0,0,50
947,1752,8,416,100,0,0,0,0,0,0,0,0,52
948,1524,8,400,100,0,0,0,0,0,0,0,0,50
949,1920,8,416,100,0,0,0,0,0,0,0,0,52
950,1680,8,432,100,0,0,0,0,0,0,0,0,54
951,1620,8,432,100,0,0,0,0,0,0,0,0,54
952,1884,8,448,100,0,0,0,0,0,0,0,0,56
953,1628,8,464,100,0,0,0,0,0,0,0,0,58
954,1724,8,440,100,0,0,0,0,0,0,0,0,55
955,2000,8,440,100,0,0,0,0,0,0,0,0,55
956,2108,8,432,100,0,0,0,0,0,0,0,0,54
957,2688,8,448,100,0,0,0,0,0,0,0,0,56
958,2008,8,472,100,0,0,0,0,0,0,0,0,59
959,2068,8,440,100,0,0,0,0,0,0,0,0,55
960,2276,8,432,100,0,0,0,0,0,0,0,0,54
961,2432,8,424,100,0,0,0,0,0,0,0,0,53
962,2600,8,424,100,0,0,0,0,0,0,0,0,53
963,2304,8,440,100,0,0,0,0,0,0,0,0,55
964,1728,8,440,100,0,0,0,0,0,0,0,0,55
965,1592,8,432,100,0,0,0,0,0,0,0,0,54
966,1616,8,416,100,0,0,0,0,0,0,0,0,52
967,1804,8,440,100,0,0,0,0,0,0,0,0,55
968,2028,8,440,100,0,0,0,0,0,0,0,0,55
969,2172,8,408,100,0,0,0,0,0,0,0,0,51
970,2056,8,400,100,0,0,0,0,0,0,0,0,50
971,1568,8,392,100,0,0,0,0,0,0,0,0,49
972,2100,8,432,100,0,0,0,0,0,0,0,0,54
973,1836,8,392,100,0,0,0,0,0,0,0,0,49
974,2192,8,424,100,0,0,0,0,0,0,0,0,53
975,2256,8,424,100,0,0,0,0,0,0,0,0,53
976,3028,8,416,100,0,0,0,0,0,0,0,0,52
977,3252,8,392,100,0,0,0,0,0,0,0,0,49
978,3300,8,424,100,0,0,0,0,0,0,0,0,53
979,2604,8,416,100,0,0,0,0,0,0,0,0,52
980,2888,8,424,100,0,0,0,0,0,0,0,0,53
981,3572,8,440,100,0,0,0,0,0,0,0,0,55
982,3172,8,440,100,0,0,0,0,0,0,0,0,55
983,3112,8,440,100,0,0,0,0,0,0,0,0,55
984,2476,8,400,100,0,0,0,0,0,0,0,0,50
985,2292,8,400,100,0,0,0,0,0,0,0,0,50
986,2348,8,432,100,0,0,0,0,0,0,0,0,54
987,2248,8,392,100,0,0,0,0,0,0,0,0,49
988,2432,8,416,100,0,0,0,0,0,0,0,0,52
989,2132,8,376,100,0,0,0,0,0,0,0,0,47
990,2364,8,384,100,0,0,0,0,0,0,0,0,48
991,2940,8,408,100,0,0,0,0,0,0,0,0,51
992,3120,8,424,100,0,0,0,0,0,0,0,0,53
993,2900,8,432,100,0,0,0,0,0,0,0,0,54
994,2584,8,424,100,0,0,0,0,0,0,0,0,53
995,2012,8,416,100,0,0,0,0,0,0,0,0,52
996,2620,8,432,100,0,0,0,0,0,0,0,0,54
997,2036,8,384,100,0,0,0,0,0,0,0,0,48
998,2560,8,408,100,0,0,0,0,0,0,0,0,51
999,3060,8,432,100,0,0,0,0,0,0,0,0,54
