update,points,mean_tasks,total_tasks,total_orgs,task_0,task_1,task_2,task_3,task_4,task_5,task_6,task_7,task_8
0,0,nan,0,10,0,0,0,0,0,0,0,0,0
1,0,nan,0,10,0,0,0,0,0,0,0,0,0
2,0,nan,0,10,0,0,0,0,0,0,0,0,0
3,0,nan,0,10,0,0,0,0,0,0,0,0,0
4,0,nan,0,10,0,0,0,0,0,0,0,0,0
5,0,nan,0,10,0,0,0,0,0,0,0,0,0
6,0,nan,0,10,0,0,0,0,0,0,0,0,0
7,0,nan,0,10,0,0,0,0,0,0,0,0,0
8,0,nan,0,10,0,0,0,0,0,0,0,0,0
9,12,8,8,11,0,0,0,0,0,0,0,0,1
10,12,8,8,11,0,0,0,0,0,0,0,0,1
11,12,8,8,11,0,0,0,0,0,0,0,0,1
12,12,8,8,11,0,0,0,0,0,0,0,0,1
13,12,8,8,11,0,0,0,0,0,0,0,0,1
14,12,8,8,11,0,0,0,0,0,0,0,0,1
15,12,8,8,11,0,0,0,0,0,0,0,0,1
16,12,8,8,11,0,0,0,0,0,0,0,0,1
17,12,8,8,11,0,0,0,0,0,0,0,0,1
18,12,8,8,11,0,0,0,0,0,0,0,0,1
19,12,8,8,11,0,0,0,0,0,0,0,0,1
20,24,8,8,12,0,0,0,0,0,0,0,0,1
21,4,8,8,13,0,0,0,0,0,0,0,0,1
22,4,8,8,13,0,0,0,0,0,0,0,0,1
23,4,8,8,13,0,0,0,0,0,0,0,0,1
24,4,8,8,13,0,0,0,0,0,0,0,0,1
25,4,8,8,13,0,0,0,0,0,0,0,0,1
26,4,8,8,13,0,0,0,0,0,0,0,0,1
27,16,8,16,14,0,0,0,0,0,0,0,0,2
28,28,8,16,14,0,0,0,0,0,0,0,0,2
29,8,8,16,15,0,0,0,0,0,0,0,0,2
30,8,8,16,15,0,0,0,0,0,0,0,0,2
31,20,8,16,15,0,0,0,0,0,0,0,0,2
32,20,8,16,15,0,0,0,0,0,0,0,0,2
33,20,8,16,15,0,0,0,0,0,0,0,0,2
34,20,8,16,15,0,0,0,0,0,0,0,0,2
35,20,8,16,15,0,0,0,0,0,0,0,0,2
36,28,8,24,16,0,0,0,0,0,0,0,0,3
37,24,8,16,16,0,0,0,0,0,0,0,0,2
38,4,8,16,17,0,0,0,0,0,0,0,0,2
39,4,8,16,17,0,0,0,0,0,0,0,0,2
40,4,8,16,17,0,0,0,0,0,0,0,0,2
41,4,8,16,17,0,0,0,0,0,0,0,0,2
42,12,8,8,17,0,0,0,0,0,0,0,0,1
43,12,8,8,17,0,0,0,0,0,0,0,0,1
44,24,8,16,18,0,0,0,0,0,0,0,0,2
45,36,8,16,18,0,0,0,0,0,0,0,0,2
46,28,8,24,20,0,0,0,0,0,0,0,0,3
47,28,8,24,20,0,0,0,0,0,0,0,0,3
48,40,8,32,20,0,0,0,0,0,0,0,0,4
49,36,8,32,20,0,0,0,0,0,0,0,0,4
50,36,8,24,20,0,0,0,0,0,0,0,0,3
51,24,8,32,21,0,0,0,0,0,0,0,0,4
52,24,8,32,21,0,0,0,0,0,0,0,0,4
53,36,8,40,21,0,0,0,0,0,0,0,0,5
54,36,8,40,21,0,0,0,0,0,0,0,0,5
55,36,8,40,21,0,0,0,0,0,0,0,0,5
56,60,8,40,22,0,0,0,0,0,0,0,0,5
57,52,8,40,22,0,0,0,0,0,0,0,0,5
58,52,8,40,22,0,0,0,0,0,0,0,0,5
59,32,8,40,23,0,0,0,0,0,0,0,0,5
60,44,8,48,24,0,0,0,0,0,0,0,0,6
61,44,8,48,24,0,0,0,0,0,0,0,0,6
62,40,8,48,24,0,0,0,0,0,0,0,0,6
63,40,8,48,24,0,0,0,0,0,0,0,0,6
64,52,8,48,25,0,0,0,0,0,0,0,0,6
65,8,8,48,25,0,0,0,0,0,0,0,0,6
66,20,8,40,25,0,0,0,0,0,0,0,0,5
67,32,8,40,25,0,0,0,0,0,0,0,0,5
68,56,8,40,25,0,0,0,0,0,0,0,0,5
69,32,8,32,25,0,0,0,0,0,0,0,0,4
70,32,8,32,25,0,0,0,0,0,0,0,0,4
71,44,8,40,25,0,0,0,0,0,0,0,0,5
72,56,8,48,25,0,0,0,0,0,0,0,0,6
73,56,8,48,25,0,0,0,0,0,0,0,0,6
74,56,8,48,25,0,0,0,0,0,0,0,0,6
75,64,8,48,25,0,0,0,0,0,0,0,0,6
76,56,8,56,27,0,0,0,0,0,0,0,0,7
77,56,8,56,27,0,0,0,0,0,0,0,0,7
78,56,8,48,27,0,0,0,0,0,0,0,0,6
79,56,8,48,27,0,0,0,0,0,0,0,0,6
80,56,8,48,27,0,0,0,0,0,0,0,0,6
81,68,8,48,28,0,0,0,0,0,0,0,0,6
82,48,8,48,28,0,0,0,0,0,0,0,0,6
83,56,8,48,28,0,0,0,0,0,0,0,0,6
84,56,8,48,28,0,0,0,0,0,0,0,0,6
85,92,8,56,29,0,0,0,0,0,0,0,0,7
86,84,8,56,30,0,0,0,0,0,0,0,0,7
87,76,8,64,31,0,0,0,0,0,0,0,0,8
88,100,8,64,31,0,0,0,0,0,0,0,0,8
89,60,8,64,31,0,0,0,0,0,0,0,0,8
90,60,8,64,31,0,0,0,0,0,0,0,0,8
91,60,8,64,31,0,0,0,0,0,0,0,0,8
92,72,8,64,31,0,0,0,0,0,0,0,0,8
93,84,8,56,32,0,0,0,0,0,0,0,0,7
94,64,8,56,33,0,0,0,0,0,0,0,0,7
95,64,8,56,33,0,0,0,0,0,0,0,0,7
96,60,8,56,33,0,0,0,0,0,0,0,0,7
97,72,8,64,34,0,0,0,0,0,0,0,0,8
98,92,8,64,34,0,0,0,0,0,0,0,0,8
99,44,8,64,34,0,0,0,0,0,0,0,0,8
100,56,8,64,34,0,0,0,0,0,0,0,0,8
101,80,8,80,35,0,0,0,0,0,0,0,0,10
102,92,8,80,36,0,0,0,0,0,0,0,0,10
103,92,8,80,36,0,0,0,0,0,0,0,0,10
104,88,8,88,37,0,0,0,0,0,0,0,0,11
105,100,8,88,37,0,0,0,0,0,0,0,0,11
106,104,8,80,37,0,0,0,0,0,0,0,0,10
107,108,8,80,38,0,0,0,0,0,0,0,0,10
108,108,8,88,39,0,0,0,0,0,0,0,0,11
109,100,8,88,39,0,0,0,0,0,0,0,0,11
110,88,8,80,39,0,0,0,0,0,0,0,0,10
111,96,8,80,39,0,0,0,0,0,0,0,0,10
112,88,8,80,40,0,0,0,0,0,0,0,0,10
113,72,8,88,40,0,0,0,0,0,0,0,0,11
114,80,8,88,40,0,0,0,0,0,0,0,0,11
115,80,8,80,40,0,0,0,0,0,0,0,0,10
116,72,8,80,41,0,0,0,0,0,0,0,0,10
117,76,8,80,41,0,0,0,0,0,0,0,0,10
118,56,8,80,41,0,0,0,0,0,0,0,0,10
119,52,8,88,41,0,0,0,0,0,0,0,0,11
120,52,8,88,41,0,0,0,0,0,0,0,0,11
121,64,8,88,41,0,0,0,0,0,0,0,0,11
122,100,8,88,41,0,0,0,0,0,0,0,0,11
123,124,8,96,42,0,0,0,0,0,0,0,0,12
124,112,8,96,42,0,0,0,0,0,0,0,0,12
125,136,8,104,42,0,0,0,0,0,0,0,0,13
126,136,8,104,42,0,0,0,0,0,0,0,0,13
127,172,8,120,44,0,0,0,0,0,0,0,0,15
128,148,8,120,44,0,0,0,0,0,0,0,0,15
129,168,8,120,44,0,0,0,0,0,0,0,0,15
130,192,8,120,45,0,0,0,0,0,0,0,0,15
131,164,8,120,47,0,0,0,0,0,0,0,0,15
132,184,8,112,48,0,0,0,0,0,0,0,0,14
133,188,8,104,50,0,0,0,0,0,0,0,0,13
134,96,8,104,51,0,0,0,0,0,0,0,0,13
135,96,8,104,51,0,0,0,0,0,0,0,0,13
136,108,8,112,51,0,0,0,0,0,0,0,0,14
137,132,8,112,52,0,0,0,0,0,0,0,0,14
138,136,8,120,54,0,0,0,0,0,0,0,0,15
139,172,8,128,54,0,0,0,0,0,0,0,0,16
140,188,8,144,54,0,0,0,0,0,0,0,0,18
141,224,8,144,56,0,0,0,0,0,0,0,0,18
142,184,8,152,57,0,0,0,0,0,0,0,0,19
143,200,8,136,58,0,0,0,0,0,0,0,0,17
144,188,8,136,59,0,0,0,0,0,0,0,0,17
145,168,8,128,59,0,0,0,0,0,0,0,0,16
146,168,8,136,59,0,0,0,0,0,0,0,0,17
147,148,8,136,59,0,0,0,0,0,0,0,0,17
148,232,8,160,62,0,0,0,0,0,0,0,0,20
149,256,8,152,63,0,0,0,0,0,0,0,0,19
150,280,8,160,63,0,0,0,0,0,0,0,0,20
151,220,8,152,65,0,0,0,0,0,0,0,0,19
152,192,8,152,66,0,0,0,0,0,0,0,0,19
153,204,8,152,67,0,0,0,0,0,0,0,0,19
154,204,8,160,67,0,0,0,0,0,0,0,0,20
155,252,8,184,69,0,0,0,0,0,0,0,0,23
156,240,8,176,70,0,0,0,0,0,0,0,0,22
157,256,8,176,72,0,0,0,0,0,0,0,0,22
158,216,8,184,74,0,0,0,0,0,0,0,0,23
159,276,8,192,74,0,0,0,0,0,0,0,0,24
160,292,8,200,74,0,0,0,0,0,0,0,0,25
161,328,8,192,75,0,0,0,0,0,0,0,0,24
162,244,8,200,75,0,0,0,0,0,0,0,0,25
163,268,8,208,76,0,0,0,0,0,0,0,0,26
164,268,8,216,78,0,0,0,0,0,0,0,0,27
165,284,8,216,79,0,0,0,0,0,0,0,0,27
166,264,8,208,80,0,0,0,0,0,0,0,0,26
167,248,8,200,80,0,0,0,0,0,0,0,0,25
168,276,8,224,81,0,0,0,0,0,0,0,0,28
169,284,8,216,81,0,0,0,0,0,0,0,0,27
170,324,8,224,81,0,0,0,0,0,0,0,0,28
171,352,8,232,81,0,0,0,0,0,0,0,0,29
172,284,8,232,82,0,0,0,0,0,0,0,0,29
173,296,8,240,82,0,0,0,0,0,0,0,0,30
174,300,8,232,82,0,0,0,0,0,0,0,0,29
175,292,8,248,82,0,0,0,0,0,0,0,0,31
176,292,8,248,82,0,0,0,0,0,0,0,0,31
177,320,8,256,82,0,0,0,0,0,0,0,0,32
178,268,8,224,82,0,0,0,0,0,0,0,0,28
179,204,8,208,82,0,0,0,0,0,0,0,0,26
180,260,8,208,82,0,0,0,0,0,0,0,0,26
181,256,8,208,83,0,0,0,0,0,0,0,0,26
182,228,8,232,84,0,0,0,0,0,0,0,0,29
183,208,8,224,84,0,0,0,0,0,0,0,0,28
184,220,8,216,84,0,0,0,0,0,0,0,0,27
185,252,8,216,86,0,0,0,0,0,0,0,0,27
186,252,8,216,86,0,0,0,0,0,0,0,0,27
187,264,8,216,86,0,0,0,0,0,0,0,0,27
188,280,8,224,87,0,0,0,0,0,0,0,0,28
189,316,8,216,87,0,0,0,0,0,0,0,0,27
190,300,8,216,88,0,0,0,0,0,0,0,0,27
191,320,8,216,88,0,0,0,0,0,0,0,0,27
192,264,8,224,89,0,0,0,0,0,0,0,0,28
193,244,8,224,89,0,0,0,0,0,0,0,0,28
194,268,8,232,89,0,0,0,0,0,0,0,0,29
195,292,8,224,90,0,0,0,0,0,0,0,0,28
196,240,8,224,90,0,0,0,0,0,0,0,0,28
197,208,8,224,90,0,0,0,0,0,0,0,0,28
198,232,8,224,91,0,0,0,0,0,0,0,0,28
199,248,8,240,92,0,0,0,0,0,0,0,0,30
200,308,8,264,93,0,0,0,0,0,0,0,0,33
201,312,8,256,93,0,0,0,0,0,0,0,0,32
202,304,8,272,93,0,0,0,0,0,0,0,0,34
203,308,8,288,94,0,0,0,0,0,0,0,0,36
204,296,8,296,94,0,0,0,0,0,0,0,0,37
205,352,8,296,94,0,0,0,0,0,0,0,0,37
206,332,8,280,94,0,0,0,0,0,0,0,0,35
207,320,8,280,94,0,0,0,0,0,0,0,0,35
208,292,8,272,94,0,0,0,0,0,0,0,0,34
209,296,8,272,94,0,0,0,0,0,0,0,0,34
210,332,8,280,94,0,0,0,0,0,0,0,0,35
211,336,8,256,94,0,0,0,0,0,0,0,0,32
212,292,8,280,94,0,0,0,0,0,0,0,0,35
213,368,8,288,94,0,0,0,0,0,0,0,0,36
214,380,8,280,95,0,0,0,0,0,0,0,0,35
215,392,8,296,95,0,0,0,0,0,0,0,0,37
216,416,8,296,96,0,0,0,0,0,0,0,0,37
217,344,8,312,98,0,0,0,0,0,0,0,0,39
218,428,8,344,98,0,0,0,0,0,0,0,0,43
219,400,8,344,98,0,0,0,0,0,0,0,0,43
220,412,8,312,98,0,0,0,0,0,0,0,0,39
221,412,8,328,98,0,0,0,0,0,0,0,0,41
222,388,8,320,98,0,0,0,0,0,0,0,0,40
223,444,8,344,98,0,0,0,0,0,0,0,0,43
224,396,8,336,98,0,0,0,0,0,0,0,0,42
225,424,8,328,99,0,0,0,0,0,0,0,0,41
226,416,8,312,99,0,0,0,0,0,0,0,0,39
227,488,8,312,99,0,0,0,0,0,0,0,0,39
228,416,8,288,99,0,0,0,0,0,0,0,0,36
229,464,8,312,100,0,0,0,0,0,0,0,0,39
230,500,8,288,100,0,0,0,0,0,0,0,0,36
231,540,8,296,100,0,0,0,0,0,0,0,0,37
232,512,8,280,100,0,0,0,0,0,0,0,0,35
233,560,8,272,100,0,0,0,0,0,0,0,0,34
234,544,8,288,100,0,0,0,0,0,0,0,0,36
235,624,8,296,100,0,0,0,0,0,0,0,0,37
236,720,8,328,100,0,0,0,0,0,0,0,0,41
237,508,8,336,100,0,0,0,0,0,0,0,0,42
238,624,8,336,100,0,0,0,0,0,0,0,0,42
239,580,8,328,100,0,0,0,0,0,0,0,0,41
240,672,8,296,100,0,0,0,0,0,0,0,0,37
241,536,8,312,100,0,0,0,0,0,0,0,0,39
242,556,8,304,100,0,0,0,0,0,0,0,0,38
243,592,8,312,100,0,0,0,0,0,0,0,0,39
244,600,8,328,100,0,0,0,0,0,0,0,0,41
245,592,8,328,100,0,0,0,0,0,0,0,0,41
246,588,8,360,100,0,0,0,0,0,0,0,0,45
247,588,8,320,100,0,0,0,0,0,0,0,0,40
248,500,8,312,100,0,0,0,0,0,0,0,0,39
249,544,8,352,100,0,0,0,0,0,0,0,0,44
250,608,8,336,100,0,0,0,0,0,0,0,0,42
251,684,8,368,100,0,0,0,0,0,0,0,0,46
252,784,8,344,100,0,0,0,0,0,0,0,0,43
253,740,8,352,100,0,0,0,0,0,0,0,0,44
254,724,8,336,100,0,0,0,0,0,0,0,0,42
255,840,8,320,100,0,0,0,0,0,0,0,0,40
256,876,8,328,100,0,0,0,0,0,0,0,0,41
257,608,8,328,100,0,0,0,0,0,0,0,0,41
258,672,8,352,100,0,0,0,0,0,0,0,0,44
259,816,8,360,100,0,0,0,0,0,0,0,0,45
260,828,8,336,100,0,0,0,0,0,0,0,0,42
261,508,8,336,100,0,0,0,0,0,0,0,0,42
262,468,8,328,100,0,0,0,0,0,0,0,0,41
263,540,8,336,100,0,0,0,0,0,0,0,0,42
264,608,8,360,100,0,0,0,0,0,0,0,0,45
265,572,8,360,100,0,0,0,0,0,0,0,0,45
266,548,8,384,100,0,0,0,0,0,0,0,0,48
267,568,8,368,100,0,0,0,0,0,0,0,0,46
268,644,8,352,100,0,0,0,0,0,0,0,0,44
269,600,8,376,100,0,0,0,0,0,0,0,0,47
270,736,8,376,100,0,0,0,0,0,0,0,0,47
271,840,8,400,100,0,0,0,0,0,0,0,0,50
272,992,8,392,100,0,0,0,0,0,0,0,0,49
273,924,8,376,100,0,0,0,0,0,0,0,0,47
274,1116,8,400,100,0,0,0,0,0,0,0,0,50
275,1096,8,392,100,0,0,0,0,0,0,0,0,49
276,776,8,400,100,0,0,0,0,0,0,0,0,50
277,944,8,368,100,0,0,0,0,0,0,0,0,46
278,940,8,360,100,0,0,0,0,0,0,0,0,45
279,980,8,360,100,0,0,0,0,0,0,0,0,45
280,828,8,360,100,0,0,0,0,0,0,0,0,45
281,780,8,344,100,0,0,0,0,0,0,0,0,43
282,944,8,344,100,0,0,0,0,0,0,0,0,43
283,1188,8,360,100,0,0,0,0,0,0,0,0,45
284,880,8,328,100,0,0,0,0,0,0,0,0,41
285,984,8,328,100,0,0,0,0,0,0,0,0,41
286,864,8,320,100,0,0,0,0,0,0,0,0,40
287,764,8,336,100,0,0,0,0,0,0,0,0,42
288,740,8,360,100,0,0,0,0,0,0,0,0,45
289,836,8,344,100,0,0,0,0,0,0,0,0,43
290,884,8,368,100,0,0,0,0,0,0,0,0,46
291,872,8,352,100,0,0,0,0,0,0,0,0,44
292,1084,8,328,100,0,0,0,0,0,0,0,0,41
293,944,8,336,100,0,0,0,0,0,0,0,0,42
294,948,8,336,100,0,0,0,0,0,0,0,0,42
295,1032,8,344,100,0,0,0,0,0,0,0,0,43
296,1272,8,344,100,0,0,0,0,0,0,0,0,43
297,1204,8,352,100,0,0,0,0,0,0,0,0,44
298,1400,8,344,100,0,0,0,0,0,0,0,0,43
299,1572,8,328,100,0,0,0,0,0,0,0,0,41
300,1544,8,352,100,0,0,0,0,0,0,0,0,44
301,1612,8,376,100,0,0,0,0,0,0,0,0,47
302,1640,8,368,100,0,0,0,0,0,0,0,0,46
303,1824,8,392,100,0,0,0,0,0,0,0,0,49
304,1740,8,368,100,0,0,0,0,0,0,0,0,46
305,1984,8,392,100,0,0,0,0,0,0,0,0,49
306,1644,8,368,100,0,0,0,0,0,0,0,0,46
307,1848,8,376,100,0,0,0,0,0,0,0,0,47
308,1704,8,344,100,0,0,0,0,0,0,0,0,43
309,1860,8,328,100,0,0,0,0,0,0,0,0,41
310,1320,8,384,100,0,0,0,0,0,0,0,0,48
311,884,8,352,100,0,0,0,0,0,0,0,0,44
312,976,8,336,100,0,0,0,0,0,0,0,0,42
313,1092,8,344,100,0,0,0,0,0,0,0,0,43
314,1448,8,344,100,0,0,0,0,0,0,0,0,43
315,1736,8,360,100,0,0,0,0,0,0,0,0,45
316,1796,8,344,100,0,0,0,0,0,0,0,0,43
317,1708,8,344,100,0,0,0,0,0,0,0,0,43
318,1620,8,352,100,0,0,0,0,0,0,0,0,44
319,1200,8,368,100,0,0,0,0,0,0,0,0,46
320,1268,8,384,100,0,0,0,0,0,0,0,0,48
321,1312,8,336,100,0,0,0,0,0,0,0,0,42
322,1404,8,360,100,0,0,0,0,0,0,0,0,45
323,1148,8,320,100,0,0,0,0,0,0,0,0,40
324,712,8,336,100,0,0,0,0,0,0,0,0,42
325,772,8,328,100,0,0,0,0,0,0,0,0,41
326,912,8,344,100,0,0,0,0,0,0,0,0,43
327,848,8,336,100,0,0,0,0,0,0,0,0,42
328,880,8,352,100,0,0,0,0,0,0,0,0,44
329,844,8,384,100,0,0,0,0,0,0,0,0,48
330,892,8,400,100,0,0,0,0,0,0,0,0,50
331,956,8,408,100,0,0,0,0,0,0,0,0,51
332,1088,8,416,100,0,0,0,0,0,0,0,0,52
333,752,8,408,100,0,0,0,0,0,0,0,0,51
334,744,8,408,100,0,0,0,0,0,0,0,0,51
335,776,8,400,100,0,0,0,0,0,0,0,0,50
336,844,8,400,100,0,0,0,0,0,0,0,0,50
337,1012,8,408,100,0,0,0,0,0,0,0,0,51
338,1004,8,392,100,0,0,0,0,0,0,0,0,49
339,1048,8,376,100,0,0,0,0,0,0,0,0,47
340,1240,8,384,100,0,0,0,0,0,0,0,0,48
341,1024,8,392,100,0,0,0,0,0,0,0,0,49
342,1148,8,392,100,0,0,0,0,0,0,0,0,49
343,848,8,392,100,0,0,0,0,0,0,0,0,49
344,864,8,376,100,0,0,0,0,0,0,0,0,47
345,720,8,376,100,0,0,0,0,0,0,0,0,47
346,684,8,352,100,0,0,0,0,0,0,0,0,44
347,628,8,328,100,0,0,0,0,0,0,0,0,41
348,644,8,352,100,0,0,0,0,0,0,0,0,44
349,768,8,376,100,0,0,0,0,0,0,0,0,47
350,800,8,400,100,0,0,0,0,0,0,0,0,50
351,948,8,400,100,0,0,0,0,0,0,0,0,50
352,1012,8,408,100,0,0,0,0,0,0,0,0,51
353,912,8,368,100,0,0,0,0,0,0,0,0,46
354,1060,8,376,100,0,0,0,0,0,0,0,0,47
355,836,8,344,100,0,0,0,0,0,0,0,0,43
356,944,8,384,100,0,0,0,0,0,0,0,0,48
357,1056,8,344,100,0,0,0,0,0,0,0,0,43
358,1232,8,336,100,0,0,0,0,0,0,0,0,42
359,1408,8,352,100,0,0,0,0,0,0,0,0,44
360,1476,8,352,100,0,0,0,0,0,0,0,0,44
361,1624,8,360,100,0,0,0,0,0,0,0,0,45
362,1620,8,368,100,0,0,0,0,0,0,0,0,46
363,1964,8,368,100,0,0,0,0,0,0,0,0,46
364,1884,8,352,100,0,0,0,0,0,0,0,0,44
365,1680,8,344,100,0,0,0,0,0,0,0,0,43
366,1368,8,328,100,0,0,0,0,0,0,0,0,41
367,1580,8,344,100,0,0,0,0,0,0,0,0,43
368,1944,8,336,100,0,0,0,0,0,0,0,0,42
369,1896,8,320,100,0,0,0,0,0,0,0,0,40
370,1416,8,328,100,0,0,0,0,0,0,0,0,41
371,1776,8,408,100,0,0,0,0,0,0,0,0,51
372,1484,8,360,100,0,0,0,0,0,0,0,0,45
373,1864,8,392,100,0,0,0,0,0,0,0,0,49
374,2032,8,400,100,0,0,0,0,0,0,0,0,50
375,2276,8,376,100,0,0,0,0,0,0,0,0,47
376,2308,8,392,100,0,0,0,0,0,0,0,0,49
377,2084,8,400,100,0,0,0,0,0,0,0,0,50
378,1492,8,416,100,0,0,0,0,0,0,0,0,52
379,1528,8,384,100,0,0,0,0,0,0,0,0,48
380,1600,8,384,100,0,0,0,0,0,0,0,0,48
381,1804,8,416,100,0,0,0,0,0,0,0,0,52
382,1840,8,400,100,0,0,0,0,0,0,0,0,50
383,1808,8,360,100,0,0,0,0,0,0,0,0,45
384,1308,8,336,100,0,0,0,0,0,0,0,0,42
385,1424,8,312,100,0,0,0,0,0,0,0,0,39
386,1448,8,352,100,0,0,0,0,0,0,0,0,44
387,1520,8,336,100,0,0,0,0,0,0,0,0,42
388,1472,8,304,100,0,0,0,0,0,0,0,0,38
389,1328,8,288,100,0,0,0,0,0,0,0,0,36
390,1372,8,304,100,0,0,0,0,0,0,0,0,38
391,1592,8,336,100,0,0,0,0,0,0,0,0,42
392,1700,8,352,100,0,0,0,0,0,0,0,0,44
393,1628,8,360,100,0,0,0,0,0,0,0,0,45
394,1588,8,360,100,0,0,0,0,0,0,0,0,45
395,1512,8,344,100,0,0,0,0,0,0,0,0,43
396,1372,8,312,100,0,0,0,0,0,0,0,0,39
397,1508,8,336,100,0,0,0,0,0,0,0,0,42
398,1600,8,336,100,0,0,0,0,0,0,0,0,42
399,1704,8,312,100,0,0,0,0,0,0,0,0,39
400,1696,8,336,100,0,0,0,0,0,0,0,0,42
401,1660,8,328,100,0,0,0,0,0,0,0,0,41
402,1652,8,344,100,0,0,0,0,0,0,0,0,43
403,1836,8,368,100,0,0,0,0,0,0,0,0,46
404,1984,8,384,100,0,0,0,0,0,0,0,0,48
405,2132,8,416,100,0,0,0,0,0,0,0,0,52
406,2184,8,392,100,0,0,0,0,0,0,0,0,49
407,2160,8,384,100,0,0,0,0,0,0,0,0,48
408,2044,8,376,100,0,0,0,0,0,0,0,0,47
409,2164,8,376,100,0,0,0,0,0,0,0,0,47
410,2208,8,352,100,0,0,0,0,0,0,0,0,44
411,2252,8,320,100,0,0,0,0,0,0,0,0,40
412,2296,8,328,100,0,0,0,0,0,0,0,0,41
413,2440,8,304,100,0,0,0,0,0,0,0,0,38
414,2372,8,312,100,0,0,0,0,0,0,0,0,39
415,2496,8,320,100,0,0,0,0,0,0,0,0,40
416,2756,8,336,100,0,0,0,0,0,0,0,0,42
417,2844,8,312,100,0,0,0,0,0,0,0,0,39
418,2704,8,288,100,0,0,0,0,0,0,0,0,36
419,2584,8,296,100,0,0,0,0,0,0,0,0,37
420,2524,8,288,100,0,0,0,0,0,0,0,0,36
421,2816,8,336,100,0,0,0,0,0,0,0,0,42
422,2804,8,344,100,0,0,0,0,0,0,0,0,43
423,1160,8,328,100,0,0,0,0,0,0,0,0,41
424,1364,8,368,100,0,0,0,0,0,0,0,0,46
425,1196,8,336,100,0,0,0,0,0,0,0,0,42
426,976,8,304,100,0,0,0,0,0,0,0,0,38
427,972,8,304,100,0,0,0,0,0,0,0,0,38
428,904,8,344,100,0,0,0,0,0,0,0,0,43
429,856,8,360,100,0,0,0,0,0,0,0,0,45
430,788,8,360,100,0,0,0,0,0,0,0,0,45
431,924,8,368,100,0,0,0,0,0,0,0,0,46
432,1068,8,360,100,0,0,0,0,0,0,0,0,45
433,1012,8,328,100,0,0,0,0,0,0,0,0,41
434,1116,8,368,100,0,0,0,0,0,0,0,0,46
435,964,8,336,100,0,0,0,0,0,0,0,0,42
436,1176,8,352,100,0,0,0,0,0,0,0,0,44
437,1132,8,328,100,0,0,0,0,0,0,0,0,41
438,1440,8,344,100,0,0,0,0,0,0,0,0,43
439,1468,8,336,100,0,0,0,0,0,0,0,0,42
440,1716,8,336,100,0,0,0,0,0,0,0,0,42
441,1816,8,360,100,0,0,0,0,0,0,0,0,45
442,1932,8,384,100,0,0,0,0,0,0,0,0,48
443,1084,8,368,100,0,0,0,0,0,0,0,0,46
444,1132,8,376,100,0,0,0,0,0,0,0,0,47
445,1036,8,384,100,0,0,0,0,0,0,0,0,48
446,1244,8,400,100,0,0,0,0,0,0,0,0,50
447,880,8,384,100,0,0,0,0,0,0,0,0,48
448,1012,8,384,100,0,0,0,0,0,0,0,0,48
449,1288,8,408,100,0,0,0,0,0,0,0,0,51
450,1400,8,392,100,0,0,0,0,0,0,0,0,49
451,1404,8,392,100,0,0,0,0,0,0,0,0,49
452,1476,8,400,100,0,0,0,0,0,0,0,0,50
453,1704,8,408,100,0,0,0,0,0,0,0,0,51
454,1668,8,400,100,0,0,0,0,0,0,0,0,50
455,1740,8,376,100,0,0,0,0,0,0,0,0,47
456,1368,8,376,100,0,0,0,0,0,0,0,0,47
457,1360,8,352,100,0,0,0,0,0,0,0,0,44
458,1484,8,360,100,0,0,0,0,0,0,0,0,45
459,1656,8,360,100,0,0,0,0,0,0,0,0,45
460,1572,8,352,100,0,0,0,0,0,0,0,0,44
461,1476,8,360,100,0,0,0,0,0,0,0,0,45
462,1440,8,352,100,0,0,0,0,0,0,0,0,44
463,1852,8,400,100,0,0,0,0,0,0,0,0,50
464,2124,8,360,100,0,0,0,0,0,0,0,0,45
465,1412,8,376,100,0,0,0,0,0,0,0,0,47
466,1332,8,384,100,0,0,0,0,0,0,0,0,48
467,1260,8,376,100,0,0,0,0,0,0,0,0,47
468,1572,8,392,100,0,0,0,0,0,0,0,0,49
469,1868,8,376,100,0,0,0,0,0,0,0,0,47
470,2176,8,384,100,0,0,0,0,0,0,0,0,48
471,2444,8,376,100,0,0,0,0,0,0,0,0,47
472,2448,8,344,100,0,0,0,0,0,0,0,0,43
473,2636,8,360,100,0,0,0,0,0,0,0,0,45
474,2928,8,400,100,0,0,0,0,0,0,0,0,50
475,2596,8,392,100,0,0,0,0,0,0,0,0,49
476,2632,8,376,100,0,0,0,0,0,0,0,0,47
477,2432,8,360,100,0,0,0,0,0,0,0,0,45
478,2568,8,328,100,0,0,0,0,0,0,0,0,41
479,1944,8,320,100,0,0,0,0,0,0,0,0,40
480,1564,8,352,100,0,0,0,0,0,0,0,0,44
481,1860,8,328,100,0,0,0,0,0,0,0,0,41
482,1952,8,336,100,0,0,0,0,0,0,0,0,42
483,1524,8,376,100,0,0,0,0,0,0,0,0,47
484,1576,8,376,100,0,0,0,0,0,0,0,0,47
485,1868,8,408,100,0,0,0,0,0,0,0,0,51
486,1612,8,400,100,0,0,0,0,0,0,0,0,50
487,876,8,392,100,0,0,0,0,0,0,0,0,49
488,1072,8,448,100,0,0,0,0,0,0,0,0,56
489,1068,8,408,100,0,0,0,0,0,0,0,0,51
490,1328,8,400,100,0,0,0,0,0,0,0,0,50
491,1452,8,368,100,0,0,0,0,0,0,0,0,46
492,1200,8,392,100,0,0,0,0,0,0,0,0,49
493,1512,8,400,100,0,0,0,0,0,0,0,0,50
494,1824,8,408,100,0,0,0,0,0,0,0,0,51
495,1184,8,328,100,0,0,0,0,0,0,0,0,41
496,1460,8,392,100,0,0,0,0,0,0,0,0,49
497,1248,8,376,100,0,0,0,0,0,0,0,0,47
498,1304,8,384,100,0,0,0,0,0,0,0,0,48
499,1424,8,384,100,0,0,0,0,0,0,0,0,48
500,1368,8,344,100,0,0,0,0,0,0,0,0,43
501,1488,8,344,100,0,0,0,0,0,0,0,0,43
502,1144,8,392,100,0,0,0,0,0,0,0,0,49
503,1100,8,360,100,0,0,0,0,0,0,0,0,45
504,888,8,376,100,0,0,0,0,0,0,0,0,47
505,852,8,400,100,0,0,0,0,0,0,0,0,50
506,908,8,456,100,0,0,0,0,0,0,0,0,57
507,1036,8,464,100,0,0,0,0,0,0,0,0,58
508,992,8,456,100,0,0,0,0,0,0,0,0,57
509,1184,8,464,100,0,0,0,0,0,0,0,0,58
510,952,8,464,100,0,0,0,0,0,0,0,0,58
511,984,8,456,100,0,0,0,0,0,0,0,0,57
512,952,8,440,100,0,0,0,0,0,0,0,0,55
513,1012,8,464,100,0,0,0,0,0,0,0,0,58
514,1000,8,440,100,0,0,0,0,0,0,0,0,55
515,1084,8,448,100,0,0,0,0,0,0,0,0,56
516,1040,8,448,100,0,0,0,0,0,0,0,0,56
517,1092,8,448,100,0,0,0,0,0,0,0,0,56
518,856,8,408,100,0,0,0,0,0,0,0,0,51
519,884,8,424,100,0,0,0,0,0,0,0,0,53
520,752,8,424,100,0,0,0,0,0,0,0,0,53
521,732,8,424,100,0,0,0,0,0,0,0,0,53
522,828,8,432,100,0,0,0,0,0,0,0,0,54
523,848,8,424,100,0,0,0,0,0,0,0,0,53
524,1076,8,440,100,0,0,0,0,0,0,0,0,55
525,936,8,440,100,0,0,0,0,0,0,0,0,55
526,1088,8,464,100,0,0,0,0,0,0,0,0,58
527,1180,8,440,100,0,0,0,0,0,0,0,0,55
528,1172,8,416,100,0,0,0,0,0,0,0,0,52
529,1424,8,416,100,0,0,0,0,0,0,0,0,52
530,1260,8,376,100,0,0,0,0,0,0,0,0,47
531,1628,8,376,100,0,0,0,0,0,0,0,0,47
532,1748,8,360,100,0,0,0,0,0,0,0,0,45
533,1304,8,368,100,0,0,0,0,0,0,0,0,46
534,1172,8,368,100,0,0,0,0,0,0,0,0,46
535,1120,8,360,100,0,0,0,0,0,0,0,0,45
536,1288,8,360,100,0,0,0,0,0,0,0,0,45
537,1348,8,344,100,0,0,0,0,0,0,0,0,43
538,1400,8,336,100,0,0,0,0,0,0,0,0,42
539,1640,8,344,100,0,0,0,0,0,0,0,0,43
540,1396,8,344,100,0,0,0,0,0,0,0,0,43
541,1464,8,352,100,0,0,0,0,0,0,0,0,44
542,1060,8,336,100,0,0,0,0,0,0,0,0,42
543,952,8,328,100,0,0,0,0,0,0,0,0,41
544,840,8,328,100,0,0,0,0,0,0,0,0,41
545,976,8,384,100,0,0,0,0,0,0,0,0,48
546,1164,8,368,100,0,0,0,0,0,0,0,0,46
547,940,8,360,100,0,0,0,0,0,0,0,0,45
548,908,8,360,100,0,0,0,0,0,0,0,0,45
549,996,8,360,100,0,0,0,0,0,0,0,0,45
550,1028,8,376,100,0,0,0,0,0,0,0,0,47
551,960,8,360,100,0,0,0,0,0,0,0,0,45
552,1044,8,384,100,0,0,0,0,0,0,0,0,48
553,1016,8,424,100,0,0,0,0,0,0,0,0,53
554,920,8,384,100,0,0,0,0,0,0,0,0,48
555,944,8,408,100,0,0,0,0,0,0,0,0,51
556,924,8,392,100,0,0,0,0,0,0,0,0,49
557,920,8,408,100,0,0,0,0,0,0,0,0,51
558,1068,8,416,100,0,0,0,0,0,0,0,0,52
559,996,8,376,100,0,0,0,0,0,0,0,0,47
560,772,8,376,100,0,0,0,0,0,0,0,0,47
561,600,8,392,100,0,0,0,0,0,0,0,0,49
562,700,8,416,100,0,0,0,0,0,0,0,0,52
563,744,8,400,100,0,0,0,0,0,0,0,0,50
564,808,8,424,100,0,0,0,0,0,0,0,0,53
565,740,8,408,100,0,0,0,0,0,0,0,0,51
566,672,8,384,100,0,0,0,0,0,0,0,0,48
567,596,8,384,100,0,0,0,0,0,0,0,0,48
568,728,8,424,100,0,0,0,0,0,0,0,0,53
569,680,8,416,100,0,0,0,0,0,0,0,0,52
570,680,8,408,100,0,0,0,0,0,0,0,0,51
571,644,8,376,100,0,0,0,0,0,0,0,0,47
572,648,8,384,100,0,0,0,0,0,0,0,0,48
573,608,8,376,100,0,0,0,0,0,0,0,0,47
574,708,8,376,100,0,0,0,0,0,0,0,0,47
575,768,8,376,100,0,0,0,0,0,0,0,0,47
576,744,8,368,100,0,0,0,0,0,0,0,0,46
577,636,8,368,100,0,0,0,0,0,0,0,0,46
578,748,8,384,100,0,0,0,0,0,0,0,0,48
579,644,8,400,100,0,0,0,0,0,0,0,0,50
580,828,8,424,100,0,0,0,0,0,0,0,0,53
581,816,8,408,100,0,0,0,0,0,0,0,0,51
582,820,8,408,100,0,0,0,0,0,0,0,0,51
583,960,8,416,100,0,0,0,0,0,0,0,0,52
584,1088,8,416,100,0,0,0,0,0,0,0,0,52
585,932,8,464,100,0,0,0,0,0,0,0,0,58
586,1160,8,448,100,0,0,0,0,0,0,0,0,56
587,1272,8,416,100,0,0,0,0,0,0,0,0,52
588,1200,8,456,100,0,0,0,0,0,0,0,0,57
589,1084,8,432,100,0,0,0,0,0,0,0,0,54
590,1396,8,456,100,0,0,0,0,0,0,0,0,57
591,1788,8,368,100,0,0,0,0,0,0,0,0,46
592,1996,8,376,100,0,0,0,0,0,0,0,0,47
593,936,8,344,100,0,0,0,0,0,0,0,0,43
594,996,8,384,100,0,0,0,0,0,0,0,0,48
595,1352,8,360,100,0,0,0,0,0,0,0,0,45
596,1076,8,360,100,0,0,0,0,0,0,0,0,45
597,1428,8,400,100,0,0,0,0,0,0,0,0,50
598,1320,8,424,100,0,0,0,0,0,0,0,0,53
599,1312,8,392,100,0,0,0,0,0,0,0,0,49
600,1648,8,424,100,0,0,0,0,0,0,0,0,53
601,1472,8,424,100,0,0,0,0,0,0,0,0,53
602,1248,8,456,100,0,0,0,0,0,0,0,0,57
603,1576,8,488,100,0,0,0,0,0,0,0,0,61
604,2000,8,472,100,0,0,0,0,0,0,0,0,59
605,1836,8,424,100,0,0,0,0,0,0,0,0,53
606,2180,8,416,100,0,0,0,0,0,0,0,0,52
607,2336,8,416,100,0,0,0,0,0,0,0,0,52
608,2760,8,408,100,0,0,0,0,0,0,0,0,51
609,3204,8,392,100,0,0,0,0,0,0,0,0,49
610,3236,8,416,100,0,0,0,0,0,0,0,0,52
611,2076,8,408,100,0,0,0,0,0,0,0,0,51
612,2072,8,400,100,0,0,0,0,0,0,0,0,50
613,1856,8,352,100,0,0,0,0,0,0,0,0,44
614,1728,8,368,100,0,0,0,0,0,0,0,0,46
615,2452,8,440,100,0,0,0,0,0,0,0,0,55
616,2528,8,384,100,0,0,0,0,0,0,0,0,48
617,2708,8,416,100,0,0,0,0,0,0,0,0,52
618,3080,8,408,100,0,0,0,0,0,0,0,0,51
619,3536,8,384,100,0,0,0,0,0,0,0,0,48
620,4064,8,376,100,0,0,0,0,0,0,0,0,47
621,3636,8,352,100,0,0,0,0,0,0,0,0,44
622,3260,8,352,100,0,0,0,0,0,0,0,0,44
623,3988,8,368,100,0,0,0,0,0,0,0,0,46
624,1796,8,360,100,0,0,0,0,0,0,0,0,45
625,2764,8,392,100,0,0,0,0,0,0,0,0,49
626,3368,8,408,100,0,0,0,0,0,0,0,0,51
627,4324,8,456,100,0,0,0,0,0,0,0,0,57
628,2936,8,392,100,0,0,0,0,0,0,0,0,49
629,3216,8,416,100,0,0,0,0,0,0,0,0,52
630,3880,8,432,100,0,0,0,0,0,0,0,0,54
631,3564,8,424,100,0,0,0,0,0,0,0,0,53
632,4312,8,400,100,0,0,0,0,0,0,0,0,50
633,4208,8,416,100,0,0,0,0,0,0,0,0,52
634,4828,8,400,100,0,0,0,0,0,0,0,0,50
635,3624,8,456,100,0,0,0,0,0,0,0,0,57
636,3644,8,424,100,0,0,0,0,0,0,0,0,53
637,3520,8,416,100,0,0,0,0,0,0,0,0,52
638,3976,8,384,100,0,0,0,0,0,0,0,0,48
639,3648,8,392,100,0,0,0,0,0,0,0,0,49
640,4312,8,400,100,0,0,0,0,0,0,0,0,50
641,3048,8,392,100,0,0,0,0,0,0,0,0,49
642,2592,8,376,100,0,0,0,0,0,0,0,0,47
643,2936,8,392,100,0,0,0,0,0,0,0,0,49
644,3952,8,392,100,0,0,0,0,0,0,0,0,49
645,3312,8,384,100,0,0,0,0,0,0,0,0,48
646,3412,8,400,100,0,0,0,0,0,0,0,0,50
647,4012,8,424,100,0,0,0,0,0,0,0,0,53
648,3552,8,384,100,0,0,0,0,0,0,0,0,48
649,3432,8,376,100,0,0,0,0,0,0,0,0,47
650,2680,8,440,100,0,0,0,0,0,0,0,0,55
651,3040,8,408,100,0,0,0,0,0,0,0,0,51
652,2208,8,376,100,0,0,0,0,0,0,0,0,47
653,2860,8,376,100,0,0,0,0,0,0,0,0,47
654,3176,8,376,100,0,0,0,0,0,0,0,0,47
655,3292,8,368,100,0,0,0,0,0,0,0,0,46
656,2924,8,400,100,0,0,0,0,0,0,0,0,50
657,1940,8,416,100,0,0,0,0,0,0,0,0,52
658,1764,8,416,100,0,0,0,0,0,0,0,0,52
659,2152,8,440,100,0,0,0,0,0,0,0,0,55
660,2380,8,424,100,0,0,0,0,0,0,0,0,53
661,2240,8,456,100,0,0,0,0,0,0,0,0,57
662,1784,8,456,100,0,0,0,0,0,0,0,0,57
663,1800,8,464,100,0,0,0,0,0,0,0,0,58
664,1992,8,456,100,0,0,0,0,0,0,0,0,57
665,1312,8,432,100,0,0,0,0,0,0,0,0,54
666,1484,8,432,100,0,0,0,0,0,0,0,0,54
667,960,8,408,100,0,0,0,0,0,0,0,0,51
668,904,8,416,100,0,0,0,0,0,0,0,0,52
669,956,8,440,100,0,0,0,0,0,0,0,0,55
670,1024,8,416,100,0,0,0,0,0,0,0,0,52
671,1244,8,400,100,0,0,0,0,0,0,0,0,50
672,1124,8,392,100,0,0,0,0,0,0,0,0,49
673,1220,8,424,100,0,0,0,0,0,0,0,0,53
674,1108,8,432,100,0,0,0,0,0,0,0,0,54
675,1280,8,464,100,0,0,0,0,0,0,0,0,58
676,1424,8,448,100,0,0,0,0,0,0,0,0,56
677,1684,8,448,100,0,0,0,0,0,0,0,0,56
678,1688,8,392,100,0,0,0,0,0,0,0,0,49
679,1016,8,424,100,0,0,0,0,0,0,0,0,53
680,1160,8,424,100,0,0,0,0,0,0,0,0,53
681,1448,8,424,100,0,0,0,0,0,0,0,0,53
682,1632,8,440,100,0,0,0,0,0,0,0,0,55
683,1880,8,440,100,0,0,0,0,0,0,0,0,55
684,2172,8,432,100,0,0,0,0,0,0,0,0,54
685,1732,8,408,100,0,0,0,0,0,0,0,0,51
686,1308,8,432,100,0,0,0,0,0,0,0,0,54
687,1376,8,440,100,0,0,0,0,0,0,0,0,55
688,1132,8,456,100,0,0,0,0,0,0,0,0,57
689,1076,8,440,100,0,0,0,0,0,0,0,0,55
690,1152,8,440,100,0,0,0,0,0,0,0,0,55
691,916,8,424,100,0,0,0,0,0,0,0,0,53
692,732,8,400,100,0,0,0,0,0,0,0,0,50
693,776,8,408,100,0,0,0,0,0,0,0,0,51
694,856,8,408,100,0,0,0,0,0,0,0,0,51
695,752,8,416,100,0,0,0,0,0,0,0,0,52
696,768,8,408,100,0,0,0,0,0,0,0,0,51
697,844,8,392,100,0,0,0,0,0,0,0,0,49
698,712,8,376,100,0,0,0,0,0,0,0,0,47
699,780,8,400,100,0,0,0,0,0,0,0,0,50
700,868,8,424,100,0,0,0,0,0,0,0,0,53
701,856,8,408,100,0,0,0,0,0,0,0,0,51
702,924,8,424,100,0,0,0,0,0,0,0,0,53
703,860,8,424,100,0,0,0,0,0,0,0,0,53
704,912,8,464,100,0,0,0,0,0,0,0,0,58
705,876,8,496,100,0,0,0,0,0,0,0,0,62
706,952,8,512,100,0,0,0,0,0,0,0,0,64
707,868,8,480,100,0,0,0,0,0,0,0,0,60
708,740,8,480,100,0,0,0,0,0,0,0,0,60
709,792,8,456,100,0,0,0,0,0,0,0,0,57
710,808,8,424,100,0,0,0,0,0,0,0,0,53
711,736,8,408,100,0,0,0,0,0,0,0,0,51
712,752,8,424,100,0,0,0,0,0,0,0,0,53
713,764,8,456,100,0,0,0,0,0,0,0,0,57
714,860,8,408,100,0,0,0,0,0,0,0,0,51
715,740,8,408,100,0,0,0,0,0,0,0,0,51
716,884,8,472,100,0,0,0,0,0,0,0,0,59
717,892,8,448,100,0,0,0,0,0,0,0,0,56
718,820,8,464,100,0,0,0,0,0,0,0,0,58
719,924,8,472,100,0,0,0,0,0,0,0,0,59
720,916,8,480,100,0,0,0,0,0,0,0,0,60
721,920,8,496,100,0,0,0,0,0,0,0,0,62
722,920,8,456,100,0,0,0,0,0,0,0,0,57
723,1040,8,464,100,0,0,0,0,0,0,0,0,58
724,812,8,440,100,0,0,0,0,0,0,0,0,55
725,744,8,392,100,0,0,0,0,0,0,0,0,49
726,744,8,376,100,0,0,0,0,0,0,0,0,47
727,812,8,368,100,0,0,0,0,0,0,0,0,46
728,748,8,440,100,0,0,0,0,0,0,0,0,55
729,996,8,400,100,0,0,0,0,0,0,0,0,50
730,904,8,392,100,0,0,0,0,0,0,0,0,49
731,1132,8,416,100,0,0,0,0,0,0,0,0,52
732,1580,8,448,100,0,0,0,0,0,0,0,0,56
733,1024,8,376,100,0,0,0,0,0,0,0,0,47
734,1192,8,408,100,0,0,0,0,0,0,0,0,51
735,1516,8,432,100,0,0,0,0,0,0,0,0,54
736,1940,8,448,100,0,0,0,0,0,0,0,0,56
737,2224,8,416,100,0,0,0,0,0,0,0,0,52
738,2708,8,416,100,0,0,0,0,0,0,0,0,52
739,1968,8,456,100,0,0,0,0,0,0,0,0,57
740,2300,8,456,100,0,0,0,0,0,0,0,0,57
741,1580,8,424,100,0,0,0,0,0,0,0,0,53
742,1124,8,432,100,0,0,0,0,0,0,0,0,54
743,1124,8,432,100,0,0,0,0,0,0,0,0,54
744,1408,8,448,100,0,0,0,0,0,0,0,0,56
745,1176,8,424,100,0,0,0,0,0,0,0,0,53
746,1340,8,440,100,0,0,0,0,0,0,0,0,55
747,1148,8,424,100,0,0,0,0,0,0,0,0,53
748,1164,8,448,100,0,0,0,0,0,0,0,0,56
749,1384,8,448,100,0,0,0,0,0,0,0,0,56
750,932,8,432,100,0,0,0,0,0,0,0,0,54
751,900,8,424,100,0,0,0,0,0,0,0,0,53
752,780,8,392,100,0,0,0,0,0,0,0,0,49
753,936,8,432,100,0,0,0,0,0,0,0,0,54
754,812,8,424,100,0,0,0,0,0,0,0,0,53
755,760,8,440,100,0,0,0,0,0,0,0,0,55
756,820,8,456,100,0,0,0,0,0,0,0,0,57
757,816,8,472,100,0,0,0,0,0,0,0,0,59
758,912,8,464,100,0,0,0,0,0,0,0,0,58
759,920,8,472,100,0,0,0,0,0,0,0,0,59
760,912,8,464,100,0,0,0,0,0,0,0,0,58
761,924,8,464,100,0,0,0,0,0,0,0,0,58
762,964,8,456,100,0,0,0,0,0,0,0,0,57
763,1020,8,456,100,0,0,0,0,0,0,0,0,57
764,984,8,424,100,0,0,0,0,0,0,0,0,53
765,848,8,432,100,0,0,0,0,0,0,0,0,54
766,828,8,440,100,0,0,0,0,0,0,0,0,55
767,816,8,448,100,0,0,0,0,0,0,0,0,56
768,748,8,424,100,0,0,0,0,0,0,0,0,53
769,832,8,440,100,0,0,0,0,0,0,0,0,55
770,944,8,384,100,0,0,0,0,0,0,0,0,48
771,852,8,400,100,0,0,0,0,0,0,0,0,50
772,896,8,432,100,0,0,0,0,0,0,0,0,54
773,1028,8,416,100,0,0,0,0,0,0,0,0,52
774,988,8,392,100,0,0,0,0,0,0,0,0,49
775,1112,8,432,100,0,0,0,0,0,0,0,0,54
776,1040,8,424,100,0,0,0,0,0,0,0,0,53
777,1100,8,448,100,0,0,0,0,0,0,0,0,56
778,1136,8,448,100,0,0,0,0,0,0,0,0,56
779,1216,8,424,100,0,0,0,0,0,0,0,0,53
780,1316,8,408,100,0,0,0,0,0,0,0,0,51
781,1128,8,408,100,0,0,0,0,0,0,0,0,51
782,1228,8,432,100,0,0,0,0,0,0,0,0,54
783,1288,8,416,100,0,0,0,0,0,0,0,0,52
784,1400,8,432,100,0,0,0,0,0,0,0,0,54
785,1424,8,400,100,0,0,0,0,0,0,0,0,50
786,1596,8,416,100,0,0,0,0,0,0,0,0,52
787,1260,8,400,100,0,0,0,0,0,0,0,0,50
788,1112,8,392,100,0,0,0,0,0,0,0,0,49
789,924,8,416,100,0,0,0,0,0,0,0,0,52
790,976,8,456,100,0,0,0,0,0,0,0,0,57
791,1144,8,448,100,0,0,0,0,0,0,0,0,56
792,1000,8,408,100,0,0,0,0,0,0,0,0,51
793,928,8,368,100,0,0,0,0,0,0,0,0,46
794,744,8,408,100,0,0,0,0,0,0,0,0,51
795,920,8,456,100,0,0,0,0,0,0,0,0,57
796,928,8,440,100,0,0,0,0,0,0,0,0,55
797,1080,8,464,100,0,0,0,0,0,0,0,0,58
798,1144,8,432,100,0,0,0,0,0,0,0,0,54
799,1144,8,424,100,0,0,0,0,0,0,0,0,53
800,1192,8,424,100,0,0,0,0,0,0,0,0,53
801,1244,8,416,100,0,0,0,0,0,0,0,0,52
802,976,8,400,100,0,0,0,0,0,0,0,0,50
803,1128,8,440,100,0,0,0,0,0,0,0,0,55
804,1284,8,448,100,0,0,0,0,0,0,0,0,56
805,1240,8,432,100,0,0,0,0,0,0,0,0,54
806,1220,8,424,100,0,0,0,0,0,0,0,0,53
807,812,8,440,100,0,0,0,0,0,0,0,0,55
808,768,8,464,100,0,0,0,0,0,0,0,0,58
809,680,8,440,100,0,0,0,0,0,0,0,0,55
810,736,8,408,100,0,0,0,0,0,0,0,0,51
811,716,8,424,100,0,0,0,0,0,0,0,0,53
812,788,8,440,100,0,0,0,0,0,0,0,0,55
813,812,8,432,100,0,0,0,0,0,0,0,0,54
814,892,8,456,100,0,0,0,0,0,0,0,0,57
815,820,8,440,100,0,0,0,0,0,0,0,0,55
816,840,8,456,100,0,0,0,0,0,0,0,0,57
817,916,8,464,100,0,0,0,0,0,0,0,0,58
818,872,8,448,100,0,0,0,0,0,0,0,0,56
819,892,8,448,100,0,0,0,0,0,0,0,0,56
820,872,8,440,100,0,0,0,0,0,0,0,0,55
821,856,8,456,100,0,0,0,0,0,0,0,0,57
822,964,8,488,100,0,0,0,0,0,0,0,0,61
823,956,8,456,100,0,0,0,0,0,0,0,0,57
824,1012,8,432,100,0,0,0,0,0,0,0,0,54
825,776,8,392,100,0,0,0,0,0,0,0,0,49
826,732,8,384,100,0,0,0,0,0,0,0,0,48
827,676,8,384,100,0,0,0,0,0,0,0,0,48
828,732,8,408,100,0,0,0,0,0,0,0,0,51
829,792,8,424,100,0,0,0,0,0,0,0,0,53
830,780,8,416,100,0,0,0,0,0,0,0,0,52
831,856,8,440,100,0,0,0,0,0,0,0,0,55
832,824,8,432,100,0,0,0,0,0,0,0,0,54
833,880,8,456,100,0,0,0,0,0,0,0,0,57
834,764,8,448,100,0,0,0,0,0,0,0,0,56
835,788,8,464,100,0,0,0,0,0,0,0,0,58
836,884,8,464,100,0,0,0,0,0,0,0,0,58
837,832,8,448,100,0,0,0,0,0,0,0,0,56
838,932,8,456,100,0,0,0,0,0,0,0,0,57
839,1064,8,448,100,0,0,0,0,0,0,0,0,56
840,956,8,440,100,0,0,0,0,0,0,0,0,55
841,952,8,456,100,0,0,0,0,0,0,0,0,57
842,976,8,432,100,0,0,0,0,0,0,0,0,54
843,1060,8,432,100,0,0,0,0,0,0,0,0,54
844,1096,8,432,100,0,0,0,0,0,0,0,0,54
845,1220,8,448,100,0,0,0,0,0,0,0,0,56
846,944,8,504,100,0,0,0,0,0,0,0,0,63
847,1024,8,512,100,0,0,0,0,0,0,0,0,64
848,984,8,488,100,0,0,0,0,0,0,0,0,61
849,1020,8,480,100,0,0,0,0,0,0,0,0,60
850,960,8,456,100,0,0,0,0,0,0,0,0,57
851,800,8,456,100,0,0,0,0,0,0,0,0,57
852,940,8,496,100,0,0,0,0,0,0,0,0,62
853,932,8,496,100,0,0,0,0,0,0,0,0,62
854,1068,8,488,100,0,0,0,0,0,0,0,0,61
855,1120,8,456,100,0,0,0,0,0,0,0,0,57
856,1008,8,464,100,0,0,0,0,0,0,0,0,58
857,1344,8,520,100,0,0,0,0,0,0,0,0,65
858,1168,8,464,100,0,0,0,0,0,0,0,0,58
859,1204,8,464,100,0,0,0,0,0,0,0,0,58
860,1140,8,472,100,0,0,0,0,0,0,0,0,59
861,1072,8,432,100,0,0,0,0,0,0,0,0,54
862,1192,8,440,100,0,0,0,0,0,0,0,0,55
863,1172,8,424,100,0,0,0,0,0,0,0,0,53
864,1232,8,408,100,0,0,0,0,0,0,0,0,51
865,1188,8,400,100,0,0,0,0,0,0,0,0,50
866,1184,8,392,100,0,0,0,0,0,0,0,0,49
867,1224,8,400,100,0,0,0,0,0,0,0,0,50
868,1212,8,424,100,0,0,0,0,0,0,0,0,53
869,1344,8,416,100,0,0,0,0,0,0,0,0,52
870,1676,8,448,100,0,0,0,0,0,0,0,0,56
871,1396,8,432,100,0,0,0,0,0,0,0,0,54
872,1360,8,400,100,0,0,0,0,0,0,0,0,50
873,1268,8,432,100,0,0,0,0,0,0,0,0,54
874,1172,8,440,100,0,0,0,0,0,0,0,0,55
875,1348,8,448,100,0,0,0,0,0,0,0,0,56
876,1248,8,456,100,0,0,0,0,0,0,0,0,57
877,1280,8,408,100,0,0,0,0,0,0,0,0,51
878,1276,8,432,100,0,0,0,0,0,0,0,0,54
879,888,8,416,100,0,0,0,0,0,0,0,0,52
880,1156,8,456,100,0,0,0,0,0,0,0,0,57
881,1032,8,456,100,0,0,0,0,0,0,0,0,57
882,1028,8,448,100,0,0,0,0,0,0,0,0,56
883,1100,8,416,100,0,0,0,0,0,0,0,0,52
884,1064,8,432,100,0,0,0,0,0,0,0,0,54
885,1372,8,424,100,0,0,0,0,0,0,0,0,53
886,1532,8,432,100,0,0,0,0,0,0,0,0,54
887,1564,8,432,100,0,0,0,0,0,0,0,0,54
888,1396,8,472,100,0,0,0,0,0,0,0,0,59
889,1180,8,416,100,0,0,0,0,0,0,0,0,52
890,1260,8,424,100,0,0,0,0,0,0,0,0,53
891,1312,8,424,100,0,0,0,0,0,0,0,0,53
892,1364,8,424,100,0,0,0,0,0,0,0,0,53
893,1408,8,400,100,0,0,0,0,0,0,0,0,50
894,1704,8,472,100,0,0,0,0,0,0,0,0,59
895,1504,8,472,100,0,0,0,0,0,0,0,0,59
896,1608,8,472,100,0,0,0,0,0,0,0,0,59
897,1304,8,448,100,0,0,0,0,0,0,0,0,56
898,1128,8,432,100,0,0,0,0,0,0,0,0,54
899,1264,8,440,100,0,0,0,0,0,0,0,0,55
900,1272,8,432,100,0,0,0,0,0,0,0,0,54
901,1136,8,432,100,0,0,0,0,0,0,0,0,54
902,1216,8,432,100,0,0,0,0,0,0,0,0,54
903,1148,8,416,100,0,0,0,0,0,0,0,0,52
904,1420,8,408,100,0,0,0,0,0,0,0,0,51
905,1716,8,424,100,0,0,0,0,0,0,0,0,53
906,1796,8,408,100,0,0,0,0,0,0,0,0,51
907,2052,8,400,100,0,0,0,0,0,0,0,0,50
908,2232,8,440,100,0,0,0,0,0,0,0,0,55
909,2680,8,440,100,0,0,0,0,0,0,0,0,55
910,2092,8,416,100,0,0,0,0,0,0,0,0,52
911,1924,8,400,100,0,0,0,0,0,0,0,0,50
912,1392,8,376,100,0,0,0,0,0,0,0,0,47
913,1604,8,392,100,0,0,0,0,0,0,0,0,49
914,1936,8,408,100,0,0,0,0,0,0,0,0,51
915,1752,8,416,100,0,0,0,0,0,0,0,0,52
916,1900,8,392,100,0,0,0,0,0,0,0,0,49
917,1872,8,384,100,0,0,0,0,0,0,0,0,48
918,1796,8,416,100,0,0,0,0,0,0,0,0,52
919,2212,8,392,100,0,0,0,0,0,0,0,0,49
920,2140,8,432,100,0,0,0,0,0,0,0,0,54
921,2052,8,400,100,0,0,0,0,0,0,0,0,50
922,2308,8,424,100,0,0,0,0,0,0,0,0,53
923,2440,8,440,100,0,0,0,0,0,0,0,0,55
924,2124,8,416,100,0,0,0,0,0,0,0,0,52
925,1636,8,424,100,0,0,0,0,0,0,0,0,53
926,2228,8,448,100,0,0,0,0,0,0,0,0,56
927,2008,8,424,100,0,0,0,0,0,0,0,0,53
928,1928,8,424,100,0,0,0,0,0,0,0,0,53
929,1824,8,464,100,0,0,0,0,0,0,0,0,58
930,2180,8,448,100,0,0,0,0,0,0,0,0,56
931,2344,8,416,100,0,0,0,0,0,0,0,0,52
932,2104,8,424,100,0,0,0,0,0,0,0,0,53
933,2488,8,448,100,0,0,0,0,0,0,0,0,56
934,1852,8,448,100,0,0,0,0,0,0,0,0,56
935,2088,8,448,100,0,0,0,0,0,0,0,0,56
936,2084,8,416,100,0,0,0,0,0,0,0,0,52
937,1680,8,400,100,0,0,0,0,0,0,0,0,50
938,1564,8,408,100,0,0,0,0,0,0,0,0,51
939,1596,8,424,100,0,0,0,0,0,0,0,0,53
940,1316,8,448,100,0,0,0,0,0,0,0,0,56
941,1408,8,448,100,0,0,0,0,0,0,0,0,56
942,1272,8,440,100,0,0,0,0,0,0,0,0,55
943,1040,8,456,100,0,0,0,0,0,0,0,0,57
944,1224,8,472,100,0,0,0,0,0,0,0,0,59
945,1348,8,472,100,0,0,0,0,0,0,0,0,59
946,1260,8,440,100,0,0,0,0,0,0,0,0,55
947,1436,8,464,100,0,0,0,0,0,0,0,0,58
948,1208,8,472,100,0,0,0,0,0,0,0,0,59
949,1020,8,440,100,0,0,0,0,0,0,0,0,55
950,968,8,424,100,0,0,0,0,0,0,0,0,53
951,1084,8,424,100,0,0,0,0,0,0,0,0,53
952,1236,8,416,100,0,0,0,0,0,0,0,0,52
953,1468,8,408,100,0,0,0,0,0,0,0,0,51
954,1500,8,400,100,0,0,0,0,0,0,0,0,50
955,1764,8,400,100,0,0,0,0,0,0,0,0,50
956,1908,8,408,100,0,0,0,0,0,0,0,0,51
957,2256,8,432,100,0,0,0,0,0,0,0,0,54
958,2196,8,440,100,0,0,0,0,0,0,0,0,55
959,1812,8,424,100,0,0,0,0,0,0,0,0,53
960,1616,8,416,100,0,0,0,0,0,0,0,0,52
961,1776,8,440,100,0,0,0,0,0,0,0,0,55
962,1848,8,400,100,0,0,0,0,0,0,0,0,50
963,1540,8,400,100,0,0,0,0,0,0,0,0,50
964,1760,8,392,100,0,0,0,0,0,0,0,0,49
965,1992,8,440,100,0,0,0,0,0,0,0,0,55
966,2056,8,408,100,0,0,0,0,0,0,0,0,51
967,1680,8,464,100,0,0,0,0,0,0,0,0,58
968,1760,8,448,100,0,0,0,0,0,0,0,0,56
969,1280,8,432,100,0,0,0,0,0,0,0,0,54
970,1456,8,456,100,0,0,0,0,0,0,0,0,57
971,1080,8,472,100,0,0,0,0,0,0,0,0,59
972,1256,8,464,100,0,0,0,0,0,0,0,0,58
973,1148,8,456,100,0,0,0,0,0,0,0,0,57
974,1212,8,456,100,0,0,0,0,0,0,0,0,57
975,1296,8,456,100,0,0,0,0,0,0,0,0,57
976,892,8,456,100,0,0,0,0,0,0,0,0,57
977,1156,8,448,100,0,0,0,0,0,0,0,0,56
978,1296,8,432,100,0,0,0,0,0,0,0,0,54
979,1200,8,376,100,0,0,0,0,0,0,0,0,47
980,1288,8,400,100,0,0,0,0,0,0,0,0,50
981,1392,8,400,100,0,0,0,0,0,0,0,0,50
982,1536,8,392,100,0,0,0,0,0,0,0,0,49
983,1636,8,384,100,0,0,0,0,0,0,0,0,48
984,1992,8,392,100,0,0,0,0,0,0,0,0,49
985,1908,8,416,100,0,0,0,0,0,0,0,0,52
986,1528,8,400,100,0,0,0,0,0,0,0,0,50
987,1824,8,360,100,0,0,0,0,0,0,0,0,45
988,1768,8,376,100,0,0,0,0,0,0,0,0,47
989,1604,8,400,100,0,0,0,0,0,0,0,0,50
990,1564,8,424,100,0,0,0,0,0,0,0,0,53
991,1608,8,408,100,0,0,0,0,0,0,0,0,51
992,1796,8,392,100,0,0,0,0,0,0,0,0,49
993,1668,8,424,100,0,0,0,0,0,0,0,0,53
994,1584,8,424,100,0,0,0,0,0,0,0,0,53
995,1888,8,456,100,0,0,0,0,0,0,0,0,57
996,2232,8,432,100,0,0,0,0,0,0,0,0,54
997,1820,8,400,100,0,0,0,0,0,0,0,0,50
998,1900,8,408,100,0,0,0,0,0,0,0,0,51
999,1864,8,400,100,0,0,0,0,0,0,0,0,50
