update,points,mean_tasks,total_tasks,total_orgs,task_0,task_1,task_2,task_3,task_4,task_5,task_6,task_7,task_8
0,0,nan,0,9,0,0,0,0,0,0,0,0,0
1,0,nan,0,9,0,0,0,0,0,0,0,0,0
2,0,nan,0,9,0,0,0,0,0,0,0,0,0
3,0,nan,0,9,0,0,0,0,0,0,0,0,0
4,12,8,8,10,0,0,0,0,0,0,0,0,1
5,12,8,8,10,0,0,0,0,0,0,0,0,1
6,24,8,16,11,0,0,0,0,0,0,0,0,2
7,36,8,16,12,0,0,0,0,0,0,0,0,2
8,28,8,24,12,0,0,0,0,0,0,0,0,3
9,28,8,24,12,0,0,0,0,0,0,0,0,3
10,28,8,24,12,0,0,0,0,0,0,0,0,3
11,28,8,24,12,0,0,0,0,0,0,0,0,3
12,40,8,32,12,0,0,0,0,0,0,0,0,4
13,40,8,32,12,0,0,0,0,0,0,0,0,4
14,52,8,40,13,0,0,0,0,0,0,0,0,5
15,52,8,40,13,0,0,0,0,0,0,0,0,5
16,52,8,40,13,0,0,0,0,0,0,0,0,5
17,64,8,40,14,0,0,0,0,0,0,0,0,5
18,64,8,40,14,0,0,0,0,0,0,0,0,5
19,64,8,48,14,0,0,0,0,0,0,0,0,6
20,76,8,56,15,0,0,0,0,0,0,0,0,7
21,76,8,56,15,0,0,0,0,0,0,0,0,7
22,76,8,56,15,0,0,0,0,0,0,0,0,7
23,76,8,56,15,0,0,0,0,0,0,0,0,7
24,88,8,56,15,0,0,0,0,0,0,0,0,7
25,68,8,56,16,0,0,0,0,0,0,0,0,7
26,80,8,56,16,0,0,0,0,0,0,0,0,7
27,84,8,56,17,0,0,0,0,0,0,0,0,7
28,64,8,56,17,0,0,0,0,0,0,0,0,7
29,64,8,56,17,0,0,0,0,0,0,0,0,7
30,76,8,56,17,0,0,0,0,0,0,0,0,7
31,64,8,64,18,0,0,0,0,0,0,0,0,8
32,76,8,72,18,0,0,0,0,0,0,0,0,9
33,100,8,72,19,0,0,0,0,0,0,0,0,9
34,112,8,72,20,0,0,0,0,0,0,0,0,9
35,112,8,72,20,0,0,0,0,0,0,0,0,9
36,92,8,72,21,0,0,0,0,0,0,0,0,9
37,104,8,72,22,0,0,0,0,0,0,0,0,9
38,104,8,64,22,0,0,0,0,0,0,0,0,8
39,84,8,64,23,0,0,0,0,0,0,0,0,8
40,84,8,64,23,0,0,0,0,0,0,0,0,8
41,96,8,72,23,0,0,0,0,0,0,0,0,9
42,96,8,72,23,0,0,0,0,0,0,0,0,9
43,108,8,80,24,0,0,0,0,0,0,0,0,10
44,144,8,80,25,0,0,0,0,0,0,0,0,10
45,100,8,72,25,0,0,0,0,0,0,0,0,9
46,100,8,72,25,0,0,0,0,0,0,0,0,9
47,112,8,72,25,0,0,0,0,0,0,0,0,9
48,92,8,72,25,0,0,0,0,0,0,0,0,9
49,92,8,80,25,0,0,0,0,0,0,0,0,10
50,104,8,80,25,0,0,0,0,0,0,0,0,10
51,84,8,72,25,0,0,0,0,0,0,0,0,9
52,84,8,72,25,0,0,0,0,0,0,0,0,9
53,96,8,80,25,0,0,0,0,0,0,0,0,10
54,108,8,80,25,0,0,0,0,0,0,0,0,10
55,124,8,88,26,0,0,0,0,0,0,0,0,11
56,112,8,80,26,0,0,0,0,0,0,0,0,10
57,116,8,80,27,0,0,0,0,0,0,0,0,10
58,76,8,80,28,0,0,0,0,0,0,0,0,10
59,100,8,96,29,0,0,0,0,0,0,0,0,12
60,124,8,104,29,0,0,0,0,0,0,0,0,13
61,104,8,104,30,0,0,0,0,0,0,0,0,13
62,156,8,112,31,0,0,0,0,0,0,0,0,14
63,132,8,104,31,0,0,0,0,0,0,0,0,13
64,188,8,120,33,0,0,0,0,0,0,0,0,15
65,160,8,104,33,0,0,0,0,0,0,0,0,13
66,136,8,112,34,0,0,0,0,0,0,0,0,14
67,116,8,104,34,0,0,0,0,0,0,0,0,13
68,140,8,104,35,0,0,0,0,0,0,0,0,13
69,140,8,112,37,0,0,0,0,0,0,0,0,14
70,176,8,128,39,0,0,0,0,0,0,0,0,16
71,164,8,120,40,0,0,0,0,0,0,0,0,15
72,224,8,144,44,0,0,0,0,0,0,0,0,18
73,220,8,160,45,0,0,0,0,0,0,0,0,20
74,268,8,184,47,0,0,0,0,0,0,0,0,23
75,240,8,184,48,0,0,0,0,0,0,0,0,23
76,232,8,184,50,0,0,0,0,0,0,0,0,23
77,268,8,208,52,0,0,0,0,0,0,0,0,26
78,280,8,208,52,0,0,0,0,0,0,0,0,26
79,296,8,216,54,0,0,0,0,0,0,0,0,27
80,284,8,216,54,0,0,0,0,0,0,0,0,27
81,340,8,224,55,0,0,0,0,0,0,0,0,28
82,268,8,224,57,0,0,0,0,0,0,0,0,28
83,280,8,240,59,0,0,0,0,0,0,0,0,30
84,300,8,240,59,0,0,0,0,0,0,0,0,30
85,316,8,256,60,0,0,0,0,0,0,0,0,32
86,316,8,248,61,0,0,0,0,0,0,0,0,31
87,348,8,256,61,0,0,0,0,0,0,0,0,32
88,336,8,264,63,0,0,0,0,0,0,0,0,33
89,304,8,256,64,0,0,0,0,0,0,0,0,32
90,388,8,304,67,0,0,0,0,0,0,0,0,38
91,380,8,304,68,0,0,0,0,0,0,0,0,38
92,400,8,304,70,0,0,0,0,0,0,0,0,38
93,372,8,320,73,0,0,0,0,0,0,0,0,40
94,428,8,336,76,0,0,0,0,0,0,0,0,42
95,432,8,344,76,0,0,0,0,0,0,0,0,43
96,448,8,360,78,0,0,0,0,0,0,0,0,45
97,460,8,360,78,0,0,0,0,0,0,0,0,45
98,516,8,376,80,0,0,0,0,0,0,0,0,47
99,564,8,376,82,0,0,0,0,0,0,0,0,47
100,468,8,360,82,0,0,0,0,0,0,0,0,45
101,528,8,384,83,0,0,0,0,0,0,0,0,48
102,524,8,384,83,0,0,0,0,0,0,0,0,48
103,496,8,368,83,0,0,0,0,0,0,0,0,46
104,500,8,376,83,0,0,0,0,0,0,0,0,47
105,540,8,392,84,0,0,0,0,0,0,0,0,49
106,496,8,376,84,0,0,0,0,0,0,0,0,47
107,520,8,400,85,0,0,0,0,0,0,0,0,50
108,576,8,392,85,0,0,0,0,0,0,0,0,49
109,544,8,400,88,0,0,0,0,0,0,0,0,50
110,616,8,416,91,0,0,0,0,0,0,0,0,52
111,528,8,400,91,0,0,0,0,0,0,0,0,50
112,588,8,432,91,0,0,0,0,0,0,0,0,54
113,572,8,440,92,0,0,0,0,0,0,0,0,55
114,592,8,432,93,0,0,0,0,0,0,0,0,54
115,660,8,448,94,0,0,0,0,0,0,0,0,56
116,564,8,440,94,0,0,0,0,0,0,0,0,55
117,576,8,448,94,0,0,0,0,0,0,0,0,56
118,600,8,456,94,0,0,0,0,0,0,0,0,57
119,656,8,464,95,0,0,0,0,0,0,0,0,58
120,604,8,448,95,0,0,0,0,0,0,0,0,56
121,704,8,472,97,0,0,0,0,0,0,0,0,59
122,640,8,464,98,0,0,0,0,0,0,0,0,58
123,640,8,488,98,0,0,0,0,0,0,0,0,61
124,692,8,480,98,0,0,0,0,0,0,0,0,60
125,736,8,512,99,0,0,0,0,0,0,0,0,64
126,736,8,520,100,0,0,0,0,0,0,0,0,65
127,704,8,512,100,0,0,0,0,0,0,0,0,64
128,652,8,504,100,0,0,0,0,0,0,0,0,63
129,664,8,480,100,0,0,0,0,0,0,0,0,60
130,660,8,472,100,0,0,0,0,0,0,0,0,59
131,660,8,464,100,0,0,0,0,0,0,0,0,58
132,532,8,440,100,0,0,0,0,0,0,0,0,55
133,576,8,472,100,0,0,0,0,0,0,0,0,59
134,592,8,464,100,0,0,0,0,0,0,0,0,58
135,608,8,448,100,0,0,0,0,0,0,0,0,56
136,600,8,432,100,0,0,0,0,0,0,0,0,54
137,512,8,432,100,0,0,0,0,0,0,0,0,54
138,564,8,432,100,0,0,0,0,0,0,0,0,54
139,548,8,432,100,0,0,0,0,0,0,0,0,54
140,572,8,400,100,0,0,0,0,0,0,0,0,50
141,560,8,400,100,0,0,0,0,0,0,0,0,50
142,500,8,392,100,0,0,0,0,0,0,0,0,49
143,540,8,408,100,0,0,0,0,0,0,0,0,51
144,584,8,424,100,0,0,0,0,0,0,0,0,53
145,636,8,400,100,0,0,0,0,0,0,0,0,50
146,456,8,360,100,0,0,0,0,0,0,0,0,45
147,516,8,392,100,0,0,0,0,0,0,0,0,49
148,588,8,416,100,0,0,0,0,0,0,0,0,52
149,552,8,400,100,0,0,0,0,0,0,0,0,50
150,560,8,424,100,0,0,0,0,0,0,0,0,53
151,584,8,440,100,0,0,0,0,0,0,0,0,55
152,612,8,432,100,0,0,0,0,0,0,0,0,54
153,708,8,456,100,0,0,0,0,0,0,0,0,57
154,652,8,456,100,0,0,0,0,0,0,0,0,57
155,724,8,440,100,0,0,0,0,0,0,0,0,55
156,604,8,432,100,0,0,0,0,0,0,0,0,54
157,604,8,424,100,0,0,0,0,0,0,0,0,53
158,472,8,392,100,0,0,0,0,0,0,0,0,49
159,576,8,408,100,0,0,0,0,0,0,0,0,51
160,552,8,432,100,0,0,0,0,0,0,0,0,54
161,632,8,472,100,0,0,0,0,0,0,0,0,59
162,592,8,464,100,0,0,0,0,0,0,0,0,58
163,612,8,456,100,0,0,0,0,0,0,0,0,57
164,516,8,464,100,0,0,0,0,0,0,0,0,58
165,608,8,472,100,0,0,0,0,0,0,0,0,59
166,540,8,464,100,0,0,0,0,0,0,0,0,58
167,584,8,472,100,0,0,0,0,0,0,0,0,59
168,608,8,448,100,0,0,0,0,0,0,0,0,56
169,620,8,448,100,0,0,0,0,0,0,0,0,56
170,528,8,448,100,0,0,0,0,0,0,0,0,56
171,696,8,472,100,0,0,0,0,0,0,0,0,59
172,592,8,448,100,0,0,0,0,0,0,0,0,56
173,552,8,440,100,0,0,0,0,0,0,0,0,55
174,600,8,456,100,0,0,0,0,0,0,0,0,57
175,580,8,440,100,0,0,0,0,0,0,0,0,55
176,564,8,448,100,0,0,0,0,0,0,0,0,56
177,584,8,432,100,0,0,0,0,0,0,0,0,54
178,592,8,448,100,0,0,0,0,0,0,0,0,56
179,680,8,456,100,0,0,0,0,0,0,0,0,57
180,624,8,464,100,0,0,0,0,0,0,0,0,58
181,632,8,456,100,0,0,0,0,0,0,0,0,57
182,628,8,472,100,0,0,0,0,0,0,0,0,59
183,616,8,488,100,0,0,0,0,0,0,0,0,61
184,624,8,464,100,0,0,0,0,0,0,0,0,58
185,632,8,464,100,0,0,0,0,0,0,0,0,58
186,540,8,464,100,0,0,0,0,0,0,0,0,58
187,676,8,472,100,0,0,0,0,0,0,0,0,59
188,600,8,464,100,0,0,0,0,0,0,0,0,58
189,624,8,456,100,0,0,0,0,0,0,0,0,57
190,592,8,448,100,0,0,0,0,0,0,0,0,56
191,692,8,472,100,0,0,0,0,0,0,0,0,59
192,636,8,448,100,0,0,0,0,0,0,0,0,56
193,620,8,440,100,0,0,0,0,0,0,0,0,55
194,660,8,472,100,0,0,0,0,0,0,0,0,59
195,656,8,464,100,0,0,0,0,0,0,0,0,58
196,656,8,472,100,0,0,0,0,0,0,0,0,59
197,684,8,464,100,0,0,0,0,0,0,0,0,58
198,652,8,456,100,0,0,0,0,0,0,0,0,57
199,584,8,440,100,0,0,0,0,0,0,0,0,55
200,552,8,408,100,0,0,0,0,0,0,0,0,51
201,524,8,400,100,0,0,0,0,0,0,0,0,50
202,588,8,384,100,0,0,0,0,0,0,0,0,48
203,608,8,368,100,0,0,0,0,0,0,0,0,46
204,572,8,408,100,0,0,0,0,0,0,0,0,51
205,616,8,392,100,0,0,0,0,0,0,0,0,49
206,716,8,424,100,0,0,0,0,0,0,0,0,53
207,760,8,448,100,0,0,0,0,0,0,0,0,56
208,704,8,400,100,0,0,0,0,0,0,0,0,50
209,684,8,432,100,0,0,0,0,0,0,0,0,54
210,656,8,384,100,0,0,0,0,0,0,0,0,48
211,552,8,416,100,0,0,0,0,0,0,0,0,52
212,628,8,408,100,0,0,0,0,0,0,0,0,51
213,640,8,416,100,0,0,0,0,0,0,0,0,52
214,584,8,424,100,0,0,0,0,0,0,0,0,53
215,592,8,456,100,0,0,0,0,0,0,0,0,57
216,632,8,464,100,0,0,0,0,0,0,0,0,58
217,688,8,464,100,0,0,0,0,0,0,0,0,58
218,684,8,472,100,0,0,0,0,0,0,0,0,59
219,680,8,488,100,0,0,0,0,0,0,0,0,61
220,716,8,496,100,0,0,0,0,0,0,0,0,62
221,700,8,480,100,0,0,0,0,0,0,0,0,60
222,620,8,440,100,0,0,0,0,0,0,0,0,55
223,604,8,464,100,0,0,0,0,0,0,0,0,58
224,680,8,472,100,0,0,0,0,0,0,0,0,59
225,724,8,480,100,0,0,0,0,0,0,0,0,60
226,672,8,480,100,0,0,0,0,0,0,0,0,60
227,748,8,496,100,0,0,0,0,0,0,0,0,62
228,736,8,488,100,0,0,0,0,0,0,0,0,61
229,768,8,480,100,0,0,0,0,0,0,0,0,60
230,620,8,448,100,0,0,0,0,0,0,0,0,56
231,672,8,440,100,0,0,0,0,0,0,0,0,55
232,676,8,440,100,0,0,0,0,0,0,0,0,55
233,528,8,400,100,0,0,0,0,0,0,0,0,50
234,572,8,408,100,0,0,0,0,0,0,0,0,51
235,612,8,376,100,0,0,0,0,0,0,0,0,47
236,620,8,368,100,0,0,0,0,0,0,0,0,46
237,608,8,392,100,0,0,0,0,0,0,0,0,49
238,680,8,392,100,0,0,0,0,0,0,0,0,49
239,592,8,384,100,0,0,0,0,0,0,0,0,48
240,580,8,376,100,0,0,0,0,0,0,0,0,47
241,592,8,376,100,0,0,0,0,0,0,0,0,47
242,652,8,392,100,0,0,0,0,0,0,0,0,49
243,692,8,400,100,0,0,0,0,0,0,0,0,50
244,672,8,432,100,0,0,0,0,0,0,0,0,54
245,644,8,416,100,0,0,0,0,0,0,0,0,52
246,600,8,408,100,0,0,0,0,0,0,0,0,51
247,592,8,424,100,0,0,0,0,0,0,0,0,53
248,704,8,432,100,0,0,0,0,0,0,0,0,54
249,688,8,384,100,0,0,0,0,0,0,0,0,48
250,548,8,360,100,0,0,0,0,0,0,0,0,45
251,572,8,400,100,0,0,0,0,0,0,0,0,50
252,712,8,392,100,0,0,0,0,0,0,0,0,49
253,528,8,368,100,0,0,0,0,0,0,0,0,46
254,640,8,432,100,0,0,0,0,0,0,0,0,54
255,704,8,440,100,0,0,0,0,0,0,0,0,55
256,612,8,440,100,0,0,0,0,0,0,0,0,55
257,680,8,440,100,0,0,0,0,0,0,0,0,55
258,716,8,424,100,0,0,0,0,0,0,0,0,53
259,624,8,408,100,0,0,0,0,0,0,0,0,51
260,664,8,432,100,0,0,0,0,0,0,0,0,54
261,812,8,440,100,0,0,0,0,0,0,0,0,55
262,680,8,440,100,0,0,0,0,0,0,0,0,55
263,580,8,416,100,0,0,0,0,0,0,0,0,52
264,728,8,416,100,0,0,0,0,0,0,0,0,52
265,664,8,432,100,0,0,0,0,0,0,0,0,54
266,792,8,448,100,0,0,0,0,0,0,0,0,56
267,696,8,456,100,0,0,0,0,0,0,0,0,57
268,704,8,488,100,0,0,0,0,0,0,0,0,61
269,724,8,456,100,0,0,0,0,0,0,0,0,57
270,824,8,448,100,0,0,0,0,0,0,0,0,56
271,848,8,416,100,0,0,0,0,0,0,0,0,52
272,708,8,432,100,0,0,0,0,0,0,0,0,54
273,760,8,424,100,0,0,0,0,0,0,0,0,53
274,772,8,432,100,0,0,0,0,0,0,0,0,54
275,744,8,448,100,0,0,0,0,0,0,0,0,56
276,676,8,432,100,0,0,0,0,0,0,0,0,54
277,792,8,448,100,0,0,0,0,0,0,0,0,56
278,836,8,408,100,0,0,0,0,0,0,0,0,51
279,780,8,408,100,0,0,0,0,0,0,0,0,51
280,708,8,416,100,0,0,0,0,0,0,0,0,52
281,752,8,416,100,0,0,0,0,0,0,0,0,52
282,756,8,400,100,0,0,0,0,0,0,0,0,50
283,848,8,424,100,0,0,0,0,0,0,0,0,53
284,876,8,456,100,0,0,0,0,0,0,0,0,57
285,1016,8,488,100,0,0,0,0,0,0,0,0,61
286,1008,8,488,100,0,0,0,0,0,0,0,0,61
287,1100,8,456,100,0,0,0,0,0,0,0,0,57
288,956,8,464,100,0,0,0,0,0,0,0,0,58
289,832,8,432,100,0,0,0,0,0,0,0,0,54
290,812,8,448,100,0,0,0,0,0,0,0,0,56
291,844,8,488,100,0,0,0,0,0,0,0,0,61
292,772,8,448,100,0,0,0,0,0,0,0,0,56
293,804,8,456,100,0,0,0,0,0,0,0,0,57
294,732,8,472,100,0,0,0,0,0,0,0,0,59
295,812,8,472,100,0,0,0,0,0,0,0,0,59
296,792,8,456,100,0,0,0,0,0,0,0,0,57
297,736,8,440,100,0,0,0,0,0,0,0,0,55
298,868,8,464,100,0,0,0,0,0,0,0,0,58
299,832,8,472,100,0,0,0,0,0,0,0,0,59
300,1040,8,472,100,0,0,0,0,0,0,0,0,59
301,1136,8,480,100,0,0,0,0,0,0,0,0,60
302,1384,8,432,100,0,0,0,0,0,0,0,0,54
303,1508,8,432,100,0,0,0,0,0,0,0,0,54
304,1608,8,456,100,0,0,0,0,0,0,0,0,57
305,1804,8,480,100,0,0,0,0,0,0,0,0,60
306,1236,8,456,100,0,0,0,0,0,0,0,0,57
307,1216,8,416,100,0,0,0,0,0,0,0,0,52
308,1372,8,432,100,0,0,0,0,0,0,0,0,54
309,1360,8,472,100,0,0,0,0,0,0,0,0,59
310,1488,8,456,100,0,0,0,0,0,0,0,0,57
311,1640,8,432,100,0,0,0,0,0,0,0,0,54
312,1636,8,448,100,0,0,0,0,0,0,0,0,56
313,1660,8,464,100,0,0,0,0,0,0,0,0,58
314,1680,8,432,100,0,0,0,0,0,0,0,0,54
315,740,8,424,100,0,0,0,0,0,0,0,0,53
316,920,8,440,100,0,0,0,0,0,0,0,0,55
317,904,8,424,100,0,0,0,0,0,0,0,0,53
318,816,8,456,100,0,0,0,0,0,0,0,0,57
319,668,8,440,100,0,0,0,0,0,0,0,0,55
320,792,8,440,100,0,0,0,0,0,0,0,0,55
321,864,8,472,100,0,0,0,0,0,0,0,0,59
322,708,8,448,100,0,0,0,0,0,0,0,0,56
323,696,8,456,100,0,0,0,0,0,0,0,0,57
324,768,8,448,100,0,0,0,0,0,0,0,0,56
325,684,8,480,100,0,0,0,0,0,0,0,0,60
326,620,8,464,100,0,0,0,0,0,0,0,0,58
327,732,8,496,100,0,0,0,0,0,0,0,0,62
328,668,8,488,100,0,0,0,0,0,0,0,0,61
329,724,8,504,100,0,0,0,0,0,0,0,0,63
330,704,8,496,100,0,0,0,0,0,0,0,0,62
331,656,8,472,100,0,0,0,0,0,0,0,0,59
332,732,8,472,100,0,0,0,0,0,0,0,0,59
333,764,8,464,100,0,0,0,0,0,0,0,0,58
334,668,8,456,100,0,0,0,0,0,0,0,0,57
335,724,8,448,100,0,0,0,0,0,0,0,0,56
336,672,8,448,100,0,0,0,0,0,0,0,0,56
337,752,8,464,100,0,0,0,0,0,0,0,0,58
338,728,8,456,100,0,0,0,0,0,0,0,0,57
339,688,8,424,100,0,0,0,0,0,0,0,0,53
340,868,8,456,100,0,0,0,0,0,0,0,0,57
341,824,8,456,100,0,0,0,0,0,0,0,0,57
342,784,8,432,100,0,0,0,0,0,0,0,0,54
343,880,8,456,100,0,0,0,0,0,0,0,0,57
344,1036,8,496,100,0,0,0,0,0,0,0,0,62
345,1060,8,480,100,0,0,0,0,0,0,0,0,60
346,956,8,504,100,0,0,0,0,0,0,0,0,63
347,952,8,472,100,0,0,0,0,0,0,0,0,59
348,900,8,504,100,0,0,0,0,0,0,0,0,63
349,956,8,512,100,0,0,0,0,0,0,0,0,64
350,720,8,496,100,0,0,0,0,0,0,0,0,62
351,724,8,488,100,0,0,0,0,0,0,0,0,61
352,812,8,520,100,0,0,0,0,0,0,0,0,65
353,764,8,512,100,0,0,0,0,0,0,0,0,64
354,760,8,472,100,0,0,0,0,0,0,0,0,59
355,876,8,488,100,0,0,0,0,0,0,0,0,61
356,808,8,456,100,0,0,0,0,0,0,0,0,57
357,848,8,472,100,0,0,0,0,0,0,0,0,59
358,808,8,472,100,0,0,0,0,0,0,0,0,59
359,744,8,448,100,0,0,0,0,0,0,0,0,56
360,748,8,448,100,0,0,0,0,0,0,0,0,56
361,732,8,448,100,0,0,0,0,0,0,0,0,56
362,600,8,432,100,0,0,0,0,0,0,0,0,54
363,672,8,416,100,0,0,0,0,0,0,0,0,52
364,680,8,416,100,0,0,0,0,0,0,0,0,52
365,556,8,424,100,0,0,0,0,0,0,0,0,53
366,620,8,432,100,0,0,0,0,0,0,0,0,54
367,716,8,456,100,0,0,0,0,0,0,0,0,57
368,696,8,464,100,0,0,0,0,0,0,0,0,58
369,800,8,496,100,0,0,0,0,0,0,0,0,62
370,700,8,512,100,0,0,0,0,0,0,0,0,64
371,756,8,496,100,0,0,0,0,0,0,0,0,62
372,796,8,496,100,0,0,0,0,0,0,0,0,62
373,740,8,480,100,0,0,0,0,0,0,0,0,60
374,776,8,488,100,0,0,0,0,0,0,0,0,61
375,900,8,456,100,0,0,0,0,0,0,0,0,57
376,1004,8,448,100,0,0,0,0,0,0,0,0,56
377,888,8,472,100,0,0,0,0,0,0,0,0,59
378,1020,8,464,100,0,0,0,0,0,0,0,0,58
379,1024,8,464,100,0,0,0,0,0,0,0,0,58
380,1204,8,440,100,0,0,0,0,0,0,0,0,55
381,1344,8,432,100,0,0,0,0,0,0,0,0,54
382,1352,8,424,100,0,0,0,0,0,0,0,0,53
383,1524,8,464,100,0,0,0,0,0,0,0,0,58
384,1752,8,504,100,0,0,0,0,0,0,0,0,63
385,1956,8,480,100,0,0,0,0,0,0,0,0,60
386,1764,8,448,100,0,0,0,0,0,0,0,0,56
387,1532,8,440,100,0,0,0,0,0,0,0,0,55
388,1684,8,416,100,0,0,0,0,0,0,0,0,52
389,1944,8,408,100,0,0,0,0,0,0,0,0,51
390,932,8,384,100,0,0,0,0,0,0,0,0,48
391,940,8,400,100,0,0,0,0,0,0,0,0,50
392,780,8,432,100,0,0,0,0,0,0,0,0,54
393,876,8,440,100,0,0,0,0,0,0,0,0,55
394,944,8,432,100,0,0,0,0,0,0,0,0,54
395,1052,8,424,100,0,0,0,0,0,0,0,0,53
396,1080,8,408,100,0,0,0,0,0,0,0,0,51
397,1232,8,424,100,0,0,0,0,0,0,0,0,53
398,1004,8,456,100,0,0,0,0,0,0,0,0,57
399,1020,8,448,100,0,0,0,0,0,0,0,0,56
400,1104,8,464,100,0,0,0,0,0,0,0,0,58
401,736,8,448,100,0,0,0,0,0,0,0,0,56
402,776,8,480,100,0,0,0,0,0,0,0,0,60
403,740,8,504,100,0,0,0,0,0,0,0,0,63
404,740,8,504,100,0,0,0,0,0,0,0,0,63
405,708,8,528,100,0,0,0,0,0,0,0,0,66
406,748,8,528,100,0,0,0,0,0,0,0,0,66
407,724,8,512,100,0,0,0,0,0,0,0,0,64
408,744,8,528,100,0,0,0,0,0,0,0,0,66
409,796,8,504,100,0,0,0,0,0,0,0,0,63
410,696,8,488,100,0,0,0,0,0,0,0,0,61
411,680,8,480,100,0,0,0,0,0,0,0,0,60
412,792,8,544,100,0,0,0,0,0,0,0,0,68
413,780,8,536,100,0,0,0,0,0,0,0,0,67
414,808,8,512,100,0,0,0,0,0,0,0,0,64
415,780,8,488,100,0,0,0,0,0,0,0,0,61
416,712,8,456,100,0,0,0,0,0,0,0,0,57
417,660,8,464,100,0,0,0,0,0,0,0,0,58
418,620,8,472,100,0,0,0,0,0,0,0,0,59
419,668,8,480,100,0,0,0,0,0,0,0,0,60
420,808,8,480,100,0,0,0,0,0,0,0,0,60
421,720,8,448,100,0,0,0,0,0,0,0,0,56
422,656,8,456,100,0,0,0,0,0,0,0,0,57
423,648,8,456,100,0,0,0,0,0,0,0,0,57
424,640,8,448,100,0,0,0,0,0,0,0,0,56
425,624,8,448,100,0,0,0,0,0,0,0,0,56
426,596,8,448,100,0,0,0,0,0,0,0,0,56
427,652,8,448,100,0,0,0,0,0,0,0,0,56
428,716,8,472,100,0,0,0,0,0,0,0,0,59
429,672,8,456,100,0,0,0,0,0,0,0,0,57
430,672,8,432,100,0,0,0,0,0,0,0,0,54
431,664,8,408,100,0,0,0,0,0,0,0,0,51
432,676,8,464,100,0,0,0,0,0,0,0,0,58
433,728,8,472,100,0,0,0,0,0,0,0,0,59
434,872,8,480,100,0,0,0,0,0,0,0,0,60
435,720,8,464,100,0,0,0,0,0,0,0,0,58
436,832,8,480,100,0,0,0,0,0,0,0,0,60
437,792,8,448,100,0,0,0,0,0,0,0,0,56
438,768,8,488,100,0,0,0,0,0,0,0,0,61
439,796,8,472,100,0,0,0,0,0,0,0,0,59
440,764,8,464,100,0,0,0,0,0,0,0,0,58
441,820,8,456,100,0,0,0,0,0,0,0,0,57
442,884,8,456,100,0,0,0,0,0,0,0,0,57
443,908,8,432,100,0,0,0,0,0,0,0,0,54
444,792,8,456,100,0,0,0,0,0,0,0,0,57
445,884,8,464,100,0,0,0,0,0,0,0,0,58
446,856,8,448,100,0,0,0,0,0,0,0,0,56
447,744,8,456,100,0,0,0,0,0,0,0,0,57
448,776,8,488,100,0,0,0,0,0,0,0,0,61
449,796,8,488,100,0,0,0,0,0,0,0,0,61
450,896,8,512,100,0,0,0,0,0,0,0,0,64
451,852,8,480,100,0,0,0,0,0,0,0,0,60
452,876,8,472,100,0,0,0,0,0,0,0,0,59
453,848,8,448,100,0,0,0,0,0,0,0,0,56
454,808,8,472,100,0,0,0,0,0,0,0,0,59
455,764,8,440,100,0,0,0,0,0,0,0,0,55
456,808,8,456,100,0,0,0,0,0,0,0,0,57
457,688,8,440,100,0,0,0,0,0,0,0,0,55
458,716,8,408,100,0,0,0,0,0,0,0,0,51
459,764,8,416,100,0,0,0,0,0,0,0,0,52
460,724,8,416,100,0,0,0,0,0,0,0,0,52
461,876,8,456,100,0,0,0,0,0,0,0,0,57
462,844,8,440,100,0,0,0,0,0,0,0,0,55
463,788,8,424,100,0,0,0,0,0,0,0,0,53
464,712,8,408,100,0,0,0,0,0,0,0,0,51
465,700,8,456,100,0,0,0,0,0,0,0,0,57
466,720,8,440,100,0,0,0,0,0,0,0,0,55
467,692,8,440,100,0,0,0,0,0,0,0,0,55
468,724,8,416,100,0,0,0,0,0,0,0,0,52
469,700,8,408,100,0,0,0,0,0,0,0,0,51
470,744,8,432,100,0,0,0,0,0,0,0,0,54
471,660,8,432,100,0,0,0,0,0,0,0,0,54
472,668,8,456,100,0,0,0,0,0,0,0,0,57
473,696,8,456,100,0,0,0,0,0,0,0,0,57
474,692,8,456,100,0,0,0,0,0,0,0,0,57
475,756,8,472,100,0,0,0,0,0,0,0,0,59
476,688,8,440,100,0,0,0,0,0,0,0,0,55
477,652,8,432,100,0,0,0,0,0,0,0,0,54
478,724,8,424,100,0,0,0,0,0,0,0,0,53
479,736,8,464,100,0,0,0,0,0,0,0,0,58
480,740,8,408,100,0,0,0,0,0,0,0,0,51
481,664,8,400,100,0,0,0,0,0,0,0,0,50
482,752,8,440,100,0,0,0,0,0,0,0,0,55
483,728,8,440,100,0,0,0,0,0,0,0,0,55
484,724,8,448,100,0,0,0,0,0,0,0,0,56
485,828,8,480,100,0,0,0,0,0,0,0,0,60
486,840,8,448,100,0,0,0,0,0,0,0,0,56
487,872,8,456,100,0,0,0,0,0,0,0,0,57
488,828,8,400,100,0,0,0,0,0,0,0,0,50
489,804,8,408,100,0,0,0,0,0,0,0,0,51
490,916,8,416,100,0,0,0,0,0,0,0,0,52
491,1012,8,432,100,0,0,0,0,0,0,0,0,54
492,848,8,440,100,0,0,0,0,0,0,0,0,55
493,832,8,464,100,0,0,0,0,0,0,0,0,58
494,980,8,448,100,0,0,0,0,0,0,0,0,56
495,996,8,416,100,0,0,0,0,0,0,0,0,52
496,860,8,424,100,0,0,0,0,0,0,0,0,53
497,932,8,400,100,0,0,0,0,0,0,0,0,50
498,720,8,400,100,0,0,0,0,0,0,0,0,50
499,820,8,400,100,0,0,0,0,0,0,0,0,50
500,692,8,416,100,0,0,0,0,0,0,0,0,52
501,760,8,424,100,0,0,0,0,0,0,0,0,53
502,748,8,416,100,0,0,0,0,0,0,0,0,52
503,740,8,440,100,0,0,0,0,0,0,0,0,55
504,712,8,416,100,0,0,0,0,0,0,0,0,52
505,812,8,440,100,0,0,0,0,0,0,0,0,55
506,688,8,400,100,0,0,0,0,0,0,0,0,50
507,692,8,432,100,0,0,0,0,0,0,0,0,54
508,804,8,432,100,0,0,0,0,0,0,0,0,54
509,828,8,408,100,0,0,0,0,0,0,0,0,51
510,880,8,416,100,0,0,0,0,0,0,0,0,52
511,784,8,400,100,0,0,0,0,0,0,0,0,50
512,704,8,416,100,0,0,0,0,0,0,0,0,52
513,764,8,440,100,0,0,0,0,0,0,0,0,55
514,796,8,408,100,0,0,0,0,0,0,0,0,51
515,756,8,408,100,0,0,0,0,0,0,0,0,51
516,728,8,384,100,0,0,0,0,0,0,0,0,48
517,860,8,376,100,0,0,0,0,0,0,0,0,47
518,784,8,384,100,0,0,0,0,0,0,0,0,48
519,700,8,352,100,0,0,0,0,0,0,0,0,44
520,684,8,384,100,0,0,0,0,0,0,0,0,48
521,808,8,392,100,0,0,0,0,0,0,0,0,49
522,788,8,432,100,0,0,0,0,0,0,0,0,54
523,840,8,448,100,0,0,0,0,0,0,0,0,56
524,940,8,480,100,0,0,0,0,0,0,0,0,60
525,748,8,472,100,0,0,0,0,0,0,0,0,59
526,776,8,472,100,0,0,0,0,0,0,0,0,59
527,784,8,480,100,0,0,0,0,0,0,0,0,60
528,876,8,456,100,0,0,0,0,0,0,0,0,57
529,948,8,448,100,0,0,0,0,0,0,0,0,56
530,832,8,456,100,0,0,0,0,0,0,0,0,57
531,712,8,448,100,0,0,0,0,0,0,0,0,56
532,800,8,472,100,0,0,0,0,0,0,0,0,59
533,828,8,432,100,0,0,0,0,0,0,0,0,54
534,700,8,408,100,0,0,0,0,0,0,0,0,51
535,868,8,416,100,0,0,0,0,0,0,0,0,52
536,992,8,432,100,0,0,0,0,0,0,0,0,54
537,824,8,392,100,0,0,0,0,0,0,0,0,49
538,916,8,440,100,0,0,0,0,0,0,0,0,55
539,916,8,440,100,0,0,0,0,0,0,0,0,55
540,896,8,432,100,0,0,0,0,0,0,0,0,54
541,852,8,424,100,0,0,0,0,0,0,0,0,53
542,920,8,440,100,0,0,0,0,0,0,0,0,55
543,868,8,440,100,0,0,0,0,0,0,0,0,55
544,936,8,400,100,0,0,0,0,0,0,0,0,50
545,892,8,432,100,0,0,0,0,0,0,0,0,54
546,912,8,456,100,0,0,0,0,0,0,0,0,57
547,872,8,464,100,0,0,0,0,0,0,0,0,58
548,828,8,456,100,0,0,0,0,0,0,0,0,57
549,848,8,464,100,0,0,0,0,0,0,0,0,58
550,928,8,480,100,0,0,0,0,0,0,0,0,60
551,860,8,456,100,0,0,0,0,0,0,0,0,57
552,928,8,448,100,0,0,0,0,0,0,0,0,56
553,880,8,416,100,0,0,0,0,0,0,0,0,52
554,764,8,384,100,0,0,0,0,0,0,0,0,48
555,868,8,416,100,0,0,0,0,0,0,0,0,52
556,788,8,440,100,0,0,0,0,0,0,0,0,55
557,948,8,464,100,0,0,0,0,0,0,0,0,58
558,1012,8,496,100,0,0,0,0,0,0,0,0,62
559,872,8,472,100,0,0,0,0,0,0,0,0,59
560,820,8,480,100,0,0,0,0,0,0,0,0,60
561,732,8,448,100,0,0,0,0,0,0,0,0,56
562,704,8,464,100,0,0,0,0,0,0,0,0,58
563,716,8,456,100,0,0,0,0,0,0,0,0,57
564,776,8,488,100,0,0,0,0,0,0,0,0,61
565,856,8,496,100,0,0,0,0,0,0,0,0,62
566,848,8,464,100,0,0,0,0,0,0,0,0,58
567,916,8,448,100,0,0,0,0,0,0,0,0,56
568,980,8,440,100,0,0,0,0,0,0,0,0,55
569,1000,8,456,100,0,0,0,0,0,0,0,0,57
570,1040,8,456,100,0,0,0,0,0,0,0,0,57
571,972,8,464,100,0,0,0,0,0,0,0,0,58
572,1004,8,432,100,0,0,0,0,0,0,0,0,54
573,984,8,448,100,0,0,0,0,0,0,0,0,56
574,844,8,480,100,0,0,0,0,0,0,0,0,60
575,992,8,472,100,0,0,0,0,0,0,0,0,59
576,800,8,416,100,0,0,0,0,0,0,0,0,52
577,812,8,456,100,0,0,0,0,0,0,0,0,57
578,788,8,472,100,0,0,0,0,0,0,0,0,59
579,824,8,472,100,0,0,0,0,0,0,0,0,59
580,896,8,512,100,0,0,0,0,0,0,0,0,64
581,836,8,480,100,0,0,0,0,0,0,0,0,60
582,716,8,472,100,0,0,0,0,0,0,0,0,59
583,824,8,512,100,0,0,0,0,0,0,0,0,64
584,768,8,488,100,0,0,0,0,0,0,0,0,61
585,824,8,496,100,0,0,0,0,0,0,0,0,62
586,968,8,528,100,0,0,0,0,0,0,0,0,66
587,856,8,480,100,0,0,0,0,0,0,0,0,60
588,876,8,488,100,0,0,0,0,0,0,0,0,61
589,852,8,496,100,0,0,0,0,0,0,0,0,62
590,892,8,488,100,0,0,0,0,0,0,0,0,61
591,736,8,448,100,0,0,0,0,0,0,0,0,56
592,788,8,456,100,0,0,0,0,0,0,0,0,57
593,860,8,456,100,0,0,0,0,0,0,0,0,57
594,916,8,488,100,0,0,0,0,0,0,0,0,61
595,780,8,464,100,0,0,0,0,0,0,0,0,58
596,780,8,472,100,0,0,0,0,0,0,0,0,59
597,956,8,488,100,0,0,0,0,0,0,0,0,61
598,788,8,456,100,0,0,0,0,0,0,0,0,57
599,664,8,456,100,0,0,0,0,0,0,0,0,57
600,696,8,432,100,0,0,0,0,0,0,0,0,54
601,772,8,448,100,0,0,0,0,0,0,0,0,56
602,740,8,472,100,0,0,0,0,0,0,0,0,59
603,788,8,464,100,0,0,0,0,0,0,0,0,58
604,720,8,480,100,0,0,0,0,0,0,0,0,60
605,740,8,512,100,0,0,0,0,0,0,0,0,64
606,812,8,544,100,0,0,0,0,0,0,0,0,68
607,792,8,512,100,0,0,0,0,0,0,0,0,64
608,732,8,480,100,0,0,0,0,0,0,0,0,60
609,708,8,480,100,0,0,0,0,0,0,0,0,60
610,748,8,448,100,0,0,0,0,0,0,0,0,56
611,816,8,456,100,0,0,0,0,0,0,0,0,57
612,912,8,488,100,0,0,0,0,0,0,0,0,61
613,1020,8,504,100,0,0,0,0,0,0,0,0,63
614,1012,8,504,100,0,0,0,0,0,0,0,0,63
615,832,8,480,100,0,0,0,0,0,0,0,0,60
616,960,8,472,100,0,0,0,0,0,0,0,0,59
617,1032,8,464,100,0,0,0,0,0,0,0,0,58
618,992,8,472,100,0,0,0,0,0,0,0,0,59
619,1068,8,472,100,0,0,0,0,0,0,0,0,59
620,820,8,448,100,0,0,0,0,0,0,0,0,56
621,792,8,472,100,0,0,0,0,0,0,0,0,59
622,844,8,488,100,0,0,0,0,0,0,0,0,61
623,820,8,512,100,0,0,0,0,0,0,0,0,64
624,920,8,512,100,0,0,0,0,0,0,0,0,64
625,908,8,480,100,0,0,0,0,0,0,0,0,60
626,860,8,480,100,0,0,0,0,0,0,0,0,60
627,932,8,488,100,0,0,0,0,0,0,0,0,61
628,872,8,504,100,0,0,0,0,0,0,0,0,63
629,856,8,464,100,0,0,0,0,0,0,0,0,58
630,800,8,432,100,0,0,0,0,0,0,0,0,54
631,704,8,408,100,0,0,0,0,0,0,0,0,51
632,732,8,416,100,0,0,0,0,0,0,0,0,52
633,692,8,440,100,0,0,0,0,0,0,0,0,55
634,660,8,392,100,0,0,0,0,0,0,0,0,49
635,572,8,368,100,0,0,0,0,0,0,0,0,46
636,624,8,392,100,0,0,0,0,0,0,0,0,49
637,740,8,376,100,0,0,0,0,0,0,0,0,47
638,680,8,416,100,0,0,0,0,0,0,0,0,52
639,920,8,448,100,0,0,0,0,0,0,0,0,56
640,764,8,440,100,0,0,0,0,0,0,0,0,55
641,812,8,448,100,0,0,0,0,0,0,0,0,56
642,992,8,432,100,0,0,0,0,0,0,0,0,54
643,1072,8,472,100,0,0,0,0,0,0,0,0,59
644,1236,8,504,100,0,0,0,0,0,0,0,0,63
645,1144,8,480,100,0,0,0,0,0,0,0,0,60
646,1136,8,504,100,0,0,0,0,0,0,0,0,63
647,1060,8,488,100,0,0,0,0,0,0,0,0,61
648,1200,8,496,100,0,0,0,0,0,0,0,0,62
649,1216,8,504,100,0,0,0,0,0,0,0,0,63
650,1272,8,464,100,0,0,0,0,0,0,0,0,58
651,1348,8,448,100,0,0,0,0,0,0,0,0,56
652,1332,8,464,100,0,0,0,0,0,0,0,0,58
653,1416,8,440,100,0,0,0,0,0,0,0,0,55
654,1248,8,448,100,0,0,0,0,0,0,0,0,56
655,1380,8,448,100,0,0,0,0,0,0,0,0,56
656,1396,8,464,100,0,0,0,0,0,0,0,0,58
657,1036,8,456,100,0,0,0,0,0,0,0,0,57
658,892,8,400,100,0,0,0,0,0,0,0,0,50
659,1016,8,448,100,0,0,0,0,0,0,0,0,56
660,1180,8,424,100,0,0,0,0,0,0,0,0,53
661,1132,8,424,100,0,0,0,0,0,0,0,0,53
662,1248,8,424,100,0,0,0,0,0,0,0,0,53
663,1340,8,440,100,0,0,0,0,0,0,0,0,55
664,1024,8,384,100,0,0,0,0,0,0,0,0,48
665,796,8,376,100,0,0,0,0,0,0,0,0,47
666,984,8,416,100,0,0,0,0,0,0,0,0,52
667,836,8,416,100,0,0,0,0,0,0,0,0,52
668,844,8,424,100,0,0,0,0,0,0,0,0,53
669,992,8,432,100,0,0,0,0,0,0,0,0,54
670,948,8,424,100,0,0,0,0,0,0,0,0,53
671,768,8,424,100,0,0,0,0,0,0,0,0,53
672,868,8,456,100,0,0,0,0,0,0,0,0,57
673,732,8,440,100,0,0,0,0,0,0,0,0,55
674,912,8,448,100,0,0,0,0,0,0,0,0,56
675,1196,8,480,100,0,0,0,0,0,0,0,0,60
676,932,8,432,100,0,0,0,0,0,0,0,0,54
677,912,8,432,100,0,0,0,0,0,0,0,0,54
678,964,8,456,100,0,0,0,0,0,0,0,0,57
679,1076,8,480,100,0,0,0,0,0,0,0,0,60
680,896,8,480,100,0,0,0,0,0,0,0,0,60
681,904,8,456,100,0,0,0,0,0,0,0,0,57
682,884,8,432,100,0,0,0,0,0,0,0,0,54
683,888,8,448,100,0,0,0,0,0,0,0,0,56
684,696,8,488,100,0,0,0,0,0,0,0,0,61
685,660,8,448,100,0,0,0,0,0,0,0,0,56
686,704,8,456,100,0,0,0,0,0,0,0,0,57
687,884,8,480,100,0,0,0,0,0,0,0,0,60
688,704,8,424,100,0,0,0,0,0,0,0,0,53
689,748,8,440,100,0,0,0,0,0,0,0,0,55
690,700,8,424,100,0,0,0,0,0,0,0,0,53
691,624,8,416,100,0,0,0,0,0,0,0,0,52
692,764,8,416,100,0,0,0,0,0,0,0,0,52
693,892,8,448,100,0,0,0,0,0,0,0,0,56
694,1032,8,464,100,0,0,0,0,0,0,0,0,58
695,1036,8,424,100,0,0,0,0,0,0,0,0,53
696,1140,8,408,100,0,0,0,0,0,0,0,0,51
697,1340,8,432,100,0,0,0,0,0,0,0,0,54
698,1412,8,456,100,0,0,0,0,0,0,0,0,57
699,1364,8,472,100,0,0,0,0,0,0,0,0,59
700,1424,8,464,100,0,0,0,0,0,0,0,0,58
701,1680,8,432,100,0,0,0,0,0,0,0,0,54
702,1704,8,424,100,0,0,0,0,0,0,0,0,53
703,1724,8,456,100,0,0,0,0,0,0,0,0,57
704,1028,8,472,100,0,0,0,0,0,0,0,0,59
705,1076,8,440,100,0,0,0,0,0,0,0,0,55
706,1260,8,488,100,0,0,0,0,0,0,0,0,61
707,1300,8,416,100,0,0,0,0,0,0,0,0,52
708,1456,8,416,100,0,0,0,0,0,0,0,0,52
709,1300,8,416,100,0,0,0,0,0,0,0,0,52
710,1404,8,440,100,0,0,0,0,0,0,0,0,55
711,1612,8,400,100,0,0,0,0,0,0,0,0,50
712,1364,8,384,100,0,0,0,0,0,0,0,0,48
713,1368,8,416,100,0,0,0,0,0,0,0,0,52
714,1468,8,408,100,0,0,0,0,0,0,0,0,51
715,1868,8,432,100,0,0,0,0,0,0,0,0,54
716,2220,8,440,100,0,0,0,0,0,0,0,0,55
717,2688,8,448,100,0,0,0,0,0,0,0,0,56
718,2640,8,480,100,0,0,0,0,0,0,0,0,60
719,2708,8,432,100,0,0,0,0,0,0,0,0,54
720,1576,8,400,100,0,0,0,0,0,0,0,0,50
721,1336,8,416,100,0,0,0,0,0,0,0,0,52
722,1672,8,384,100,0,0,0,0,0,0,0,0,48
723,1784,8,408,100,0,0,0,0,0,0,0,0,51
724,2012,8,424,100,0,0,0,0,0,0,0,0,53
725,1644,8,392,100,0,0,0,0,0,0,0,0,49
726,1964,8,400,100,0,0,0,0,0,0,0,0,50
727,2544,8,392,100,0,0,0,0,0,0,0,0,49
728,2400,8,408,100,0,0,0,0,0,0,0,0,51
729,2736,8,408,100,0,0,0,0,0,0,0,0,51
730,2708,8,400,100,0,0,0,0,0,0,0,0,50
731,3008,8,392,100,0,0,0,0,0,0,0,0,49
732,2708,8,384,100,0,0,0,0,0,0,0,0,48
733,1820,8,344,100,0,0,0,0,0,0,0,0,43
734,1612,8,384,100,0,0,0,0,0,0,0,0,48
735,2268,8,416,100,0,0,0,0,0,0,0,0,52
736,2352,8,400,100,0,0,0,0,0,0,0,0,50
737,2280,8,456,100,0,0,0,0,0,0,0,0,57
738,2408,8,480,100,0,0,0,0,0,0,0,0,60
739,2288,8,440,100,0,0,0,0,0,0,0,0,55
740,2192,8,408,100,0,0,0,0,0,0,0,0,51
741,1848,8,432,100,0,0,0,0,0,0,0,0,54
742,2412,8,448,100,0,0,0,0,0,0,0,0,56
743,2544,8,456,100,0,0,0,0,0,0,0,0,57
744,2580,8,440,100,0,0,0,0,0,0,0,0,55
745,2132,8,432,100,0,0,0,0,0,0,0,0,54
746,2140,8,440,100,0,0,0,0,0,0,0,0,55
747,2064,8,416,100,0,0,0,0,0,0,0,0,52
748,2324,8,408,100,0,0,0,0,0,0,0,0,51
749,2252,8,424,100,0,0,0,0,0,0,0,0,53
750,2384,8,424,100,0,0,0,0,0,0,0,0,53
751,3220,8,464,100,0,0,0,0,0,0,0,0,58
752,3136,8,392,100,0,0,0,0,0,0,0,0,49
753,2656,8,440,100,0,0,0,0,0,0,0,0,55
754,3132,8,392,100,0,0,0,0,0,0,0,0,49
755,3864,8,456,100,0,0,0,0,0,0,0,0,57
756,3124,8,440,100,0,0,0,0,0,0,0,0,55
757,3124,8,432,100,0,0,0,0,0,0,0,0,54
758,3060,8,440,100,0,0,0,0,0,0,0,0,55
759,3164,8,424,100,0,0,0,0,0,0,0,0,53
760,2520,8,408,100,0,0,0,0,0,0,0,0,51
761,2824,8,416,100,0,0,0,0,0,0,0,0,52
762,2696,8,424,100,0,0,0,0,0,0,0,0,53
763,2688,8,424,100,0,0,0,0,0,0,0,0,53
764,2500,8,424,100,0,0,0,0,0,0,0,0,53
765,2648,8,408,100,0,0,0,0,0,0,0,0,51
766,3140,8,424,100,0,0,0,0,0,0,0,0,53
767,3428,8,424,100,0,0,0,0,0,0,0,0,53
768,3232,8,392,100,0,0,0,0,0,0,0,0,49
769,3872,8,376,100,0,0,0,0,0,0,0,0,47
770,3552,8,384,100,0,0,0,0,0,0,0,0,48
771,3396,8,360,100,0,0,0,0,0,0,0,0,45
772,3564,8,400,100,0,0,0,0,0,0,0,0,50
773,3296,8,432,100,0,0,0,0,0,0,0,0,54
774,3572,8,424,100,0,0,0,0,0,0,0,0,53
775,3432,8,424,100,0,0,0,0,0,0,0,0,53
776,3632,8,432,100,0,0,0,0,0,0,0,0,54
777,3812,8,448,100,0,0,0,0,0,0,0,0,56
778,4208,8,432,100,0,0,0,0,0,0,0,0,54
779,4104,8,440,100,0,0,0,0,0,0,0,0,55
780,3068,8,416,100,0,0,0,0,0,0,0,0,52
781,3608,8,440,100,0,0,0,0,0,0,0,0,55
782,4352,8,448,100,0,0,0,0,0,0,0,0,56
783,4236,8,424,100,0,0,0,0,0,0,0,0,53
784,4516,8,400,100,0,0,0,0,0,0,0,0,50
785,4992,8,392,100,0,0,0,0,0,0,0,0,49
786,5368,8,384,100,0,0,0,0,0,0,0,0,48
787,5088,8,392,100,0,0,0,0,0,0,0,0,49
788,5036,8,400,100,0,0,0,0,0,0,0,0,50
789,5760,8,400,100,0,0,0,0,0,0,0,0,50
790,5040,8,392,100,0,0,0,0,0,0,0,0,49
791,5124,8,392,100,0,0,0,0,0,0,0,0,49
792,5408,8,400,100,0,0,0,0,0,0,0,0,50
793,4596,8,376,100,0,0,0,0,0,0,0,0,47
794,4224,8,360,100,0,0,0,0,0,0,0,0,45
795,3364,8,360,100,0,0,0,0,0,0,0,0,45
796,3148,8,368,100,0,0,0,0,0,0,0,0,46
797,2676,8,408,100,0,0,0,0,0,0,0,0,51
798,2988,8,392,100,0,0,0,0,0,0,0,0,49
799,3188,8,408,100,0,0,0,0,0,0,0,0,51
800,3104,8,464,100,0,0,0,0,0,0,0,0,58
801,3236,8,448,100,0,0,0,0,0,0,0,0,56
802,3548,8,440,100,0,0,0,0,0,0,0,0,55
803,3108,8,432,100,0,0,0,0,0,0,0,0,54
804,3096,8,408,100,0,0,0,0,0,0,0,0,51
805,3520,8,408,100,0,0,0,0,0,0,0,0,51
806,4076,8,384,100,0,0,0,0,0,0,0,0,48
807,4948,8,392,100,0,0,0,0,0,0,0,0,49
808,4236,8,376,100,0,0,0,0,0,0,0,0,47
809,4232,8,392,100,0,0,0,0,0,0,0,0,49
810,3112,8,416,100,0,0,0,0,0,0,0,0,52
811,3060,8,384,100,0,0,0,0,0,0,0,0,48
812,2916,8,456,100,0,0,0,0,0,0,0,0,57
813,2928,8,440,100,0,0,0,0,0,0,0,0,55
814,2904,8,416,100,0,0,0,0,0,0,0,0,52
815,3028,8,432,100,0,0,0,0,0,0,0,0,54
816,3124,8,424,100,0,0,0,0,0,0,0,0,53
817,3536,8,416,100,0,0,0,0,0,0,0,0,52
818,3084,8,424,100,0,0,0,0,0,0,0,0,53
819,3784,8,440,100,0,0,0,0,0,0,0,0,55
820,3296,8,416,100,0,0,0,0,0,0,0,0,52
821,3724,8,440,100,0,0,0,0,0,0,0,0,55
822,4008,8,432,100,0,0,0,0,0,0,0,0,54
823,4192,8,424,100,0,0,0,0,0,0,0,0,53
824,4848,8,416,100,0,0,0,0,0,0,0,0,52
825,4280,8,432,100,0,0,0,0,0,0,0,0,54
826,4796,8,400,100,0,0,0,0,0,0,0,0,50
827,5516,8,408,100,0,0,0,0,0,0,0,0,51
828,3816,8,400,100,0,0,0,0,0,0,0,0,50
829,3916,8,440,100,0,0,0,0,0,0,0,0,55
830,4076,8,456,100,0,0,0,0,0,0,0,0,57
831,4580,8,456,100,0,0,0,0,0,0,0,0,57
832,3948,8,440,100,0,0,0,0,0,0,0,0,55
833,2848,8,424,100,0,0,0,0,0,0,0,0,53
834,3408,8,464,100,0,0,0,0,0,0,0,0,58
835,4220,8,456,100,0,0,0,0,0,0,0,0,57
836,4032,8,440,100,0,0,0,0,0,0,0,0,55
837,3960,8,440,100,0,0,0,0,0,0,0,0,55
838,3832,8,440,100,0,0,0,0,0,0,0,0,55
839,4504,8,448,100,0,0,0,0,0,0,0,0,56
840,4236,8,456,100,0,0,0,0,0,0,0,0,57
841,4212,8,432,100,0,0,0,0,0,0,0,0,54
842,3488,8,400,100,0,0,0,0,0,0,0,0,50
843,3208,8,400,100,0,0,0,0,0,0,0,0,50
844,3416,8,408,100,0,0,0,0,0,0,0,0,51
845,2992,8,392,100,0,0,0,0,0,0,0,0,49
846,3384,8,408,100,0,0,0,0,0,0,0,0,51
847,4084,8,424,100,0,0,0,0,0,0,0,0,53
848,3772,8,360,100,0,0,0,0,0,0,0,0,45
849,3952,8,392,100,0,0,0,0,0,0,0,0,49
850,4616,8,448,100,0,0,0,0,0,0,0,0,56
851,4676,8,480,100,0,0,0,0,0,0,0,0,60
852,4700,8,416,100,0,0,0,0,0,0,0,0,52
853,4392,8,440,100,0,0,0,0,0,0,0,0,55
854,4952,8,384,100,0,0,0,0,0,0,0,0,48
855,3916,8,392,100,0,0,0,0,0,0,0,0,49
856,3736,8,392,100,0,0,0,0,0,0,0,0,49
857,4192,8,392,100,0,0,0,0,0,0,0,0,49
858,4924,8,408,100,0,0,0,0,0,0,0,0,51
859,4120,8,408,100,0,0,0,0,0,0,0,0,51
860,4304,8,376,100,0,0,0,0,0,0,0,0,47
861,4964,8,384,100,0,0,0,0,0,0,0,0,48
862,3960,8,368,100,0,0,0,0,0,0,0,0,46
863,4004,8,400,100,0,0,0,0,0,0,0,0,50
864,3300,8,392,100,0,0,0,0,0,0,0,0,49
865,3716,8,400,100,0,0,0,0,0,0,0,0,50
866,3764,8,400,100,0,0,0,0,0,0,0,0,50
867,3760,8,424,100,0,0,0,0,0,0,0,0,53
868,3984,8,448,100,0,0,0,0,0,0,0,0,56
869,4664,8,424,100,0,0,0,0,0,0,0,0,53
870,4348,8,368,100,0,0,0,0,0,0,0,0,46
871,3308,8,416,100,0,0,0,0,0,0,0,0,52
872,3976,8,416,100,0,0,0,0,0,0,0,0,52
873,4448,8,416,100,0,0,0,0,0,0,0,0,52
874,3692,8,384,100,0,0,0,0,0,0,0,0,48
875,3016,8,416,100,0,0,0,0,0,0,0,0,52
876,2576,8,392,100,0,0,0,0,0,0,0,0,49
877,2760,8,440,100,0,0,0,0,0,0,0,0,55
878,2620,8,440,100,0,0,0,0,0,0,0,0,55
879,3232,8,464,100,0,0,0,0,0,0,0,0,58
880,3004,8,432,100,0,0,0,0,0,0,0,0,54
881,3020,8,392,100,0,0,0,0,0,0,0,0,49
882,3008,8,432,100,0,0,0,0,0,0,0,0,54
883,2496,8,448,100,0,0,0,0,0,0,0,0,56
884,3152,8,416,100,0,0,0,0,0,0,0,0,52
885,2820,8,456,100,0,0,0,0,0,0,0,0,57
886,2948,8,456,100,0,0,0,0,0,0,0,0,57
887,2836,8,448,100,0,0,0,0,0,0,0,0,56
888,2612,8,408,100,0,0,0,0,0,0,0,0,51
889,2892,8,448,100,0,0,0,0,0,0,0,0,56
890,2816,8,424,100,0,0,0,0,0,0,0,0,53
891,2500,8,424,100,0,0,0,0,0,0,0,0,53
892,2928,8,440,100,0,0,0,0,0,0,0,0,55
893,3244,8,400,100,0,0,0,0,0,0,0,0,50
894,3340,8,440,100,0,0,0,0,0,0,0,0,55
895,2204,8,400,100,0,0,0,0,0,0,0,0,50
896,2256,8,376,100,0,0,0,0,0,0,0,0,47
897,2236,8,344,100,0,0,0,0,0,0,0,0,43
898,2916,8,424,100,0,0,0,0,0,0,0,0,53
899,3288,8,384,100,0,0,0,0,0,0,0,0,48
900,3184,8,416,100,0,0,0,0,0,0,0,0,52
901,2752,8,416,100,0,0,0,0,0,0,0,0,52
902,3020,8,432,100,0,0,0,0,0,0,0,0,54
903,2696,8,416,100,0,0,0,0,0,0,0,0,52
904,3128,8,416,100,0,0,0,0,0,0,0,0,52
905,3016,8,440,100,0,0,0,0,0,0,0,0,55
906,2984,8,424,100,0,0,0,0,0,0,0,0,53
907,2900,8,448,100,0,0,0,0,0,0,0,0,56
908,2644,8,456,100,0,0,0,0,0,0,0,0,57
909,2948,8,400,100,0,0,0,0,0,0,0,0,50
910,3364,8,384,100,0,0,0,0,0,0,0,0,48
911,2800,8,424,100,0,0,0,0,0,0,0,0,53
912,3820,8,448,100,0,0,0,0,0,0,0,0,56
913,2752,8,416,100,0,0,0,0,0,0,0,0,52
914,2660,8,400,100,0,0,0,0,0,0,0,0,50
915,3088,8,456,100,0,0,0,0,0,0,0,0,57
916,2420,8,400,100,0,0,0,0,0,0,0,0,50
917,2936,8,448,100,0,0,0,0,0,0,0,0,56
918,2548,8,432,100,0,0,0,0,0,0,0,0,54
919,2920,8,432,100,0,0,0,0,0,0,0,0,54
920,3004,8,448,100,0,0,0,0,0,0,0,0,56
921,3044,8,424,100,0,0,0,0,0,0,0,0,53
922,3144,8,392,100,0,0,0,0,0,0,0,0,49
923,3416,8,424,100,0,0,0,0,0,0,0,0,53
924,3592,8,376,100,0,0,0,0,0,0,0,0,47
925,3896,8,400,100,0,0,0,0,0,0,0,0,50
926,2460,8,392,100,0,0,0,0,0,0,0,0,49
927,2460,8,408,100,0,0,0,0,0,0,0,0,51
928,2464,8,400,100,0,0,0,0,0,0,0,0,50
929,2852,8,400,100,0,0,0,0,0,0,0,0,50
930,2724,8,416,100,0,0,0,0,0,0,0,0,52
931,2940,8,408,100,0,0,0,0,0,0,0,0,51
932,3240,8,392,100,0,0,0,0,0,0,0,0,49
933,2944,8,400,100,0,0,0,0,0,0,0,0,50
934,3204,8,424,100,0,0,0,0,0,0,0,0,53
935,2976,8,408,100,0,0,0,0,0,0,0,0,51
936,2956,8,448,100,0,0,0,0,0,0,0,0,56
937,2876,8,432,100,0,0,0,0,0,0,0,0,54
938,3460,8,440,100,0,0,0,0,0,0,0,0,55
939,4088,8,416,100,0,0,0,0,0,0,0,0,52
940,3532,8,384,100,0,0,0,0,0,0,0,0,48
941,3528,8,392,100,0,0,0,0,0,0,0,0,49
942,2020,8,392,100,0,0,0,0,0,0,0,0,49
943,2252,8,400,100,0,0,0,0,0,0,0,0,50
944,2584,8,408,100,0,0,0,0,0,0,0,0,51
945,2824,8,432,100,0,0,0,0,0,0,0,0,54
946,2748,8,432,100,0,0,0,0,0,0,0,0,54
947,3076,8,416,100,0,0,0,0,0,0,0,0,52
948,2824,8,384,100,0,0,0,0,0,0,0,0,48
949,2596,8,424,100,0,0,0,0,0,0,0,0,53
950,1512,8,384,100,0,0,0,0,0,0,0,0,48
951,1520,8,408,100,0,0,0,0,0,0,0,0,51
952,1536,8,432,100,0,0,0,0,0,0,0,0,54
953,1352,8,408,100,0,0,0,0,0,0,0,0,51
954,1544,8,456,100,0,0,0,0,0,0,0,0,57
955,1896,8,424,100,0,0,0,0,0,0,0,0,53
956,2192,8,392,100,0,0,0,0,0,0,0,0,49
957,1936,8,416,100,0,0,0,0,0,0,0,0,52
958,2372,8,424,100,0,0,0,0,0,0,0,0,53
959,2208,8,400,100,0,0,0,0,0,0,0,0,50
960,2612,8,416,100,0,0,0,0,0,0,0,0,52
961,2944,8,424,100,0,0,0,0,0,0,0,0,53
962,3376,8,424,100,0,0,0,0,0,0,0,0,53
963,2804,8,392,100,0,0,0,0,0,0,0,0,49
964,2892,8,432,100,0,0,0,0,0,0,0,0,54
965,2912,8,440,100,0,0,0,0,0,0,0,0,55
966,3540,8,440,100,0,0,0,0,0,0,0,0,55
967,4260,8,424,100,0,0,0,0,0,0,0,0,53
968,4292,8,400,100,0,0,0,0,0,0,0,0,50
969,4236,8,392,100,0,0,0,0,0,0,0,0,49
970,4372,8,432,100,0,0,0,0,0,0,0,0,54
971,3960,8,416,100,0,0,0,0,0,0,0,0,52
972,4148,8,392,100,0,0,0,0,0,0,0,0,49
973,4468,8,424,100,0,0,0,0,0,0,0,0,53
974,3812,8,416,100,0,0,0,0,0,0,0,0,52
975,4004,8,368,100,0,0,0,0,0,0,0,0,46
976,4704,8,432,100,0,0,0,0,0,0,0,0,54
977,4396,8,384,100,0,0,0,0,0,0,0,0,48
978,4584,8,400,100,0,0,0,0,0,0,0,0,50
979,3556,8,360,100,0,0,0,0,0,0,0,0,45
980,3824,8,384,100,0,0,0,0,0,0,0,0,48
981,3836,8,400,100,0,0,0,0,0,0,0,0,50
982,2936,8,424,100,0,0,0,0,0,0,0,0,53
983,3540,8,440,100,0,0,0,0,0,0,0,0,55
984,3312,8,432,100,0,0,0,0,0,0,0,0,54
985,3072,8,440,100,0,0,0,0,0,0,0,0,55
986,3164,8,424,100,0,0,0,0,0,0,0,0,53
987,3008,8,424,100,0,0,0,0,0,0,0,0,53
988,2172,8,352,100,0,0,0,0,0,0,0,0,44
989,2748,8,408,100,0,0,0,0,0,0,0,0,51
990,3376,8,376,100,0,0,0,0,0,0,0,0,47
991,2036,8,360,100,0,0,0,0,0,0,0,0,45
992,2064,8,368,100,0,0,0,0,0,0,0,0,46
993,2444,8,376,100,0,0,0,0,0,0,0,0,47
994,2524,8,408,100,0,0,0,0,0,0,0,0,51
995,2504,8,416,100,0,0,0,0,0,0,0,0,52
996,3476,8,432,100,0,0,0,0,0,0,0,0,54
997,3076,8,424,100,0,0,0,0,0,0,0,0,53
998,3264,8,400,100,0,0,0,0,0,0,0,0,50
999,2776,8,432,100,0,0,0,0,0,0,0,0,54
