update,points,mean_tasks,total_tasks,total_orgs,task_0,task_1,task_2,task_3,task_4,task_5,task_6,task_7,task_8
0,0,nan,0,10,0,0,0,0,0,0,0,0,0
1,0,nan,0,10,0,0,0,0,0,0,0,0,0
2,0,nan,0,10,0,0,0,0,0,0,0,0,0
3,0,nan,0,10,0,0,0,0,0,0,0,0,0
4,0,nan,0,10,0,0,0,0,0,0,0,0,0
5,0,nan,0,10,0,0,0,0,0,0,0,0,0
6,0,nan,0,10,0,0,0,0,0,0,0,0,0
7,0,nan,0,10,0,0,0,0,0,0,0,0,0
8,0,nan,0,10,0,0,0,0,0,0,0,0,0
9,0,nan,0,10,0,0,0,0,0,0,0,0,0
10,12,8,8,11,0,0,0,0,0,0,0,0,1
11,12,8,8,11,0,0,0,0,0,0,0,0,1
12,12,8,8,11,0,0,0,0,0,0,0,0,1
13,12,8,8,11,0,0,0,0,0,0,0,0,1
14,12,8,8,11,0,0,0,0,0,0,0,0,1
15,12,8,8,11,0,0,0,0,0,0,0,0,1
16,12,8,8,11,0,0,0,0,0,0,0,0,1
17,12,8,8,11,0,0,0,0,0,0,0,0,1
18,12,8,8,11,0,0,0,0,0,0,0,0,1
19,12,8,8,11,0,0,0,0,0,0,0,0,1
20,24,8,8,11,0,0,0,0,0,0,0,0,1
21,4,8,8,12,0,0,0,0,0,0,0,0,1
22,4,8,8,12,0,0,0,0,0,0,0,0,1
23,4,8,8,12,0,0,0,0,0,0,0,0,1
24,4,8,8,12,0,0,0,0,0,0,0,0,1
25,4,8,8,12,0,0,0,0,0,0,0,0,1
26,4,8,8,12,0,0,0,0,0,0,0,0,1
27,4,8,8,12,0,0,0,0,0,0,0,0,1
28,4,8,8,12,0,0,0,0,0,0,0,0,1
29,4,8,8,12,0,0,0,0,0,0,0,0,1
30,16,8,8,13,0,0,0,0,0,0,0,0,1
31,16,8,8,13,0,0,0,0,0,0,0,0,1
32,16,8,8,13,0,0,0,0,0,0,0,0,1
33,16,8,8,13,0,0,0,0,0,0,0,0,1
34,16,8,8,13,0,0,0,0,0,0,0,0,1
35,16,8,8,13,0,0,0,0,0,0,0,0,1
36,16,8,8,13,0,0,0,0,0,0,0,0,1
37,16,8,8,13,0,0,0,0,0,0,0,0,1
38,16,8,8,13,0,0,0,0,0,0,0,0,1
39,16,8,8,13,0,0,0,0,0,0,0,0,1
40,28,8,8,14,0,0,0,0,0,0,0,0,1
41,8,8,8,15,0,0,0,0,0,0,0,0,1
42,8,8,8,15,0,0,0,0,0,0,0,0,1
43,8,8,8,15,0,0,0,0,0,0,0,0,1
44,8,8,8,15,0,0,0,0,0,0,0,0,1
45,8,8,8,15,0,0,0,0,0,0,0,0,1
46,8,8,8,15,0,0,0,0,0,0,0,0,1
47,8,8,8,15,0,0,0,0,0,0,0,0,1
48,8,8,8,15,0,0,0,0,0,0,0,0,1
49,8,8,8,15,0,0,0,0,0,0,0,0,1
50,20,8,8,16,0,0,0,0,0,0,0,0,1
51,20,8,8,16,0,0,0,0,0,0,0,0,1
52,20,8,8,16,0,0,0,0,0,0,0,0,1
53,20,8,8,16,0,0,0,0,0,0,0,0,1
54,20,8,8,16,0,0,0,0,0,0,0,0,1
55,20,8,8,16,0,0,0,0,0,0,0,0,1
56,32,8,16,16,0,0,0,0,0,0,0,0,2
57,32,8,16,16,0,0,0,0,0,0,0,0,2
58,32,8,16,16,0,0,0,0,0,0,0,0,2
59,32,8,16,16,0,0,0,0,0,0,0,0,2
60,44,8,16,16,0,0,0,0,0,0,0,0,2
61,24,8,16,16,0,0,0,0,0,0,0,0,2
62,24,8,16,16,0,0,0,0,0,0,0,0,2
63,24,8,16,16,0,0,0,0,0,0,0,0,2
64,24,8,16,16,0,0,0,0,0,0,0,0,2
65,24,8,16,16,0,0,0,0,0,0,0,0,2
66,24,8,16,16,0,0,0,0,0,0,0,0,2
67,24,8,16,16,0,0,0,0,0,0,0,0,2
68,24,8,16,16,0,0,0,0,0,0,0,0,2
69,24,8,16,16,0,0,0,0,0,0,0,0,2
70,48,8,24,17,0,0,0,0,0,0,0,0,3
71,28,8,24,17,0,0,0,0,0,0,0,0,3
72,28,8,24,17,0,0,0,0,0,0,0,0,3
73,28,8,24,17,0,0,0,0,0,0,0,0,3
74,28,8,24,17,0,0,0,0,0,0,0,0,3
75,28,8,24,17,0,0,0,0,0,0,0,0,3
76,28,8,24,17,0,0,0,0,0,0,0,0,3
77,28,8,24,17,0,0,0,0,0,0,0,0,3
78,28,8,24,17,0,0,0,0,0,0,0,0,3
79,28,8,24,17,0,0,0,0,0,0,0,0,3
80,52,8,24,18,0,0,0,0,0,0,0,0,3
81,32,8,24,18,0,0,0,0,0,0,0,0,3
82,32,8,24,18,0,0,0,0,0,0,0,0,3
83,32,8,24,18,0,0,0,0,0,0,0,0,3
84,32,8,24,18,0,0,0,0,0,0,0,0,3
85,32,8,24,18,0,0,0,0,0,0,0,0,3
86,32,8,24,18,0,0,0,0,0,0,0,0,3
87,32,8,24,18,0,0,0,0,0,0,0,0,3
88,32,8,24,18,0,0,0,0,0,0,0,0,3
89,32,8,24,18,0,0,0,0,0,0,0,0,3
90,56,8,24,18,0,0,0,0,0,0,0,0,3
91,20,8,16,18,0,0,0,0,0,0,0,0,2
92,20,8,16,18,0,0,0,0,0,0,0,0,2
93,20,8,16,18,0,0,0,0,0,0,0,0,2
94,20,8,16,18,0,0,0,0,0,0,0,0,2
95,20,8,16,18,0,0,0,0,0,0,0,0,2
96,20,8,16,18,0,0,0,0,0,0,0,0,2
97,20,8,16,18,0,0,0,0,0,0,0,0,2
98,20,8,16,18,0,0,0,0,0,0,0,0,2
99,20,8,16,18,0,0,0,0,0,0,0,0,2
100,32,8,16,18,0,0,0,0,0,0,0,0,2
101,32,8,16,18,0,0,0,0,0,0,0,0,2
102,32,8,16,18,0,0,0,0,0,0,0,0,2
103,32,8,16,18,0,0,0,0,0,0,0,0,2
104,32,8,16,18,0,0,0,0,0,0,0,0,2
105,32,8,16,18,0,0,0,0,0,0,0,0,2
106,32,8,16,18,0,0,0,0,0,0,0,0,2
107,32,8,16,18,0,0,0,0,0,0,0,0,2
108,32,8,16,18,0,0,0,0,0,0,0,0,2
109,32,8,16,18,0,0,0,0,0,0,0,0,2
110,24,8,16,18,0,0,0,0,0,0,0,0,2
111,24,8,16,18,0,0,0,0,0,0,0,0,2
112,24,8,16,18,0,0,0,0,0,0,0,0,2
113,24,8,16,18,0,0,0,0,0,0,0,0,2
114,24,8,16,18,0,0,0,0,0,0,0,0,2
115,24,8,16,18,0,0,0,0,0,0,0,0,2
116,24,8,16,18,0,0,0,0,0,0,0,0,2
117,24,8,16,18,0,0,0,0,0,0,0,0,2
118,24,8,16,18,0,0,0,0,0,0,0,0,2
119,24,8,16,18,0,0,0,0,0,0,0,0,2
120,36,8,16,19,0,0,0,0,0,0,0,0,2
121,16,8,16,19,0,0,0,0,0,0,0,0,2
122,16,8,16,19,0,0,0,0,0,0,0,0,2
123,16,8,16,19,0,0,0,0,0,0,0,0,2
124,16,8,16,19,0,0,0,0,0,0,0,0,2
125,16,8,16,19,0,0,0,0,0,0,0,0,2
126,16,8,16,19,0,0,0,0,0,0,0,0,2
127,16,8,16,19,0,0,0,0,0,0,0,0,2
128,16,8,16,19,0,0,0,0,0,0,0,0,2
129,16,8,16,19,0,0,0,0,0,0,0,0,2
130,28,8,16,19,0,0,0,0,0,0,0,0,2
131,28,8,16,19,0,0,0,0,0,0,0,0,2
132,28,8,16,19,0,0,0,0,0,0,0,0,2
133,28,8,16,19,0,0,0,0,0,0,0,0,2
134,28,8,16,19,0,0,0,0,0,0,0,0,2
135,28,8,16,19,0,0,0,0,0,0,0,0,2
136,28,8,16,19,0,0,0,0,0,0,0,0,2
137,28,8,16,19,0,0,0,0,0,0,0,0,2
138,28,8,16,19,0,0,0,0,0,0,0,0,2
139,28,8,16,19,0,0,0,0,0,0,0,0,2
140,40,8,16,19,0,0,0,0,0,0,0,0,2
141,20,8,16,20,0,0,0,0,0,0,0,0,2
142,20,8,16,20,0,0,0,0,0,0,0,0,2
143,20,8,16,20,0,0,0,0,0,0,0,0,2
144,20,8,16,20,0,0,0,0,0,0,0,0,2
145,20,8,16,20,0,0,0,0,0,0,0,0,2
146,20,8,16,20,0,0,0,0,0,0,0,0,2
147,20,8,16,20,0,0,0,0,0,0,0,0,2
148,20,8,16,20,0,0,0,0,0,0,0,0,2
149,20,8,16,20,0,0,0,0,0,0,0,0,2
150,24,8,16,20,0,0,0,0,0,0,0,0,2
151,24,8,16,20,0,0,0,0,0,0,0,0,2
152,24,8,16,20,0,0,0,0,0,0,0,0,2
153,24,8,16,20,0,0,0,0,0,0,0,0,2
154,24,8,16,20,0,0,0,0,0,0,0,0,2
155,24,8,16,20,0,0,0,0,0,0,0,0,2
156,24,8,16,20,0,0,0,0,0,0,0,0,2
157,24,8,16,20,0,0,0,0,0,0,0,0,2
158,24,8,16,20,0,0,0,0,0,0,0,0,2
159,24,8,16,20,0,0,0,0,0,0,0,0,2
160,36,8,16,21,0,0,0,0,0,0,0,0,2
161,16,8,16,21,0,0,0,0,0,0,0,0,2
162,16,8,16,21,0,0,0,0,0,0,0,0,2
163,16,8,16,21,0,0,0,0,0,0,0,0,2
164,16,8,16,21,0,0,0,0,0,0,0,0,2
165,16,8,16,21,0,0,0,0,0,0,0,0,2
166,16,8,16,21,0,0,0,0,0,0,0,0,2
167,16,8,16,21,0,0,0,0,0,0,0,0,2
168,16,8,16,21,0,0,0,0,0,0,0,0,2
169,16,8,16,21,0,0,0,0,0,0,0,0,2
170,28,8,16,21,0,0,0,0,0,0,0,0,2
171,28,8,16,21,0,0,0,0,0,0,0,0,2
172,28,8,16,21,0,0,0,0,0,0,0,0,2
173,28,8,16,21,0,0,0,0,0,0,0,0,2
174,28,8,16,21,0,0,0,0,0,0,0,0,2
175,28,8,16,21,0,0,0,0,0,0,0,0,2
176,28,8,16,21,0,0,0,0,0,0,0,0,2
177,28,8,16,21,0,0,0,0,0,0,0,0,2
178,28,8,16,21,0,0,0,0,0,0,0,0,2
179,28,8,16,21,0,0,0,0,0,0,0,0,2
180,40,8,16,22,0,0,0,0,0,0,0,0,2
181,20,8,16,22,0,0,0,0,0,0,0,0,2
182,20,8,16,22,0,0,0,0,0,0,0,0,2
183,20,8,16,22,0,0,0,0,0,0,0,0,2
184,20,8,16,22,0,0,0,0,0,0,0,0,2
185,20,8,16,22,0,0,0,0,0,0,0,0,2
186,20,8,16,22,0,0,0,0,0,0,0,0,2
187,20,8,16,22,0,0,0,0,0,0,0,0,2
188,20,8,16,22,0,0,0,0,0,0,0,0,2
189,20,8,16,22,0,0,0,0,0,0,0,0,2
190,32,8,16,22,0,0,0,0,0,0,0,0,2
191,32,8,16,22,0,0,0,0,0,0,0,0,2
192,32,8,16,22,0,0,0,0,0,0,0,0,2
193,32,8,16,22,0,0,0,0,0,0,0,0,2
194,32,8,16,22,0,0,0,0,0,0,0,0,2
195,32,8,16,22,0,0,0,0,0,0,0,0,2
196,32,8,16,22,0,0,0,0,0,0,0,0,2
197,32,8,16,22,0,0,0,0,0,0,0,0,2
198,32,8,16,22,0,0,0,0,0,0,0,0,2
199,32,8,16,22,0,0,0,0,0,0,0,0,2
200,44,8,16,22,0,0,0,0,0,0,0,0,2
201,24,8,16,22,0,0,0,0,0,0,0,0,2
202,24,8,16,22,0,0,0,0,0,0,0,0,2
203,24,8,16,22,0,0,0,0,0,0,0,0,2
204,24,8,16,22,0,0,0,0,0,0,0,0,2
205,24,8,16,22,0,0,0,0,0,0,0,0,2
206,24,8,16,22,0,0,0,0,0,0,0,0,2
207,24,8,16,22,0,0,0,0,0,0,0,0,2
208,24,8,16,22,0,0,0,0,0,0,0,0,2
209,24,8,16,22,0,0,0,0,0,0,0,0,2
210,36,8,16,22,0,0,0,0,0,0,0,0,2
211,16,8,16,22,0,0,0,0,0,0,0,0,2
212,28,8,24,22,0,0,0,0,0,0,0,0,3
213,28,8,24,22,0,0,0,0,0,0,0,0,3
214,28,8,24,22,0,0,0,0,0,0,0,0,3
215,28,8,24,22,0,0,0,0,0,0,0,0,3
216,28,8,24,22,0,0,0,0,0,0,0,0,3
217,28,8,24,22,0,0,0,0,0,0,0,0,3
218,28,8,24,22,0,0,0,0,0,0,0,0,3
219,28,8,24,22,0,0,0,0,0,0,0,0,3
220,40,8,24,22,0,0,0,0,0,0,0,0,3
221,52,8,32,22,0,0,0,0,0,0,0,0,4
222,52,8,32,22,0,0,0,0,0,0,0,0,4
223,52,8,32,22,0,0,0,0,0,0,0,0,4
224,52,8,32,22,0,0,0,0,0,0,0,0,4
225,52,8,32,22,0,0,0,0,0,0,0,0,4
226,52,8,32,22,0,0,0,0,0,0,0,0,4
227,52,8,32,22,0,0,0,0,0,0,0,0,4
228,52,8,32,22,0,0,0,0,0,0,0,0,4
229,52,8,32,22,0,0,0,0,0,0,0,0,4
230,52,8,24,22,0,0,0,0,0,0,0,0,3
231,32,8,24,22,0,0,0,0,0,0,0,0,3
232,32,8,24,22,0,0,0,0,0,0,0,0,3
233,32,8,24,22,0,0,0,0,0,0,0,0,3
234,32,8,24,22,0,0,0,0,0,0,0,0,3
235,32,8,24,22,0,0,0,0,0,0,0,0,3
236,32,8,24,22,0,0,0,0,0,0,0,0,3
237,32,8,24,22,0,0,0,0,0,0,0,0,3
238,32,8,24,22,0,0,0,0,0,0,0,0,3
239,32,8,24,22,0,0,0,0,0,0,0,0,3
240,56,8,32,24,0,0,0,0,0,0,0,0,4
241,56,8,32,24,0,0,0,0,0,0,0,0,4
242,56,8,32,24,0,0,0,0,0,0,0,0,4
243,56,8,32,24,0,0,0,0,0,0,0,0,4
244,56,8,32,24,0,0,0,0,0,0,0,0,4
245,56,8,32,24,0,0,0,0,0,0,0,0,4
246,56,8,32,24,0,0,0,0,0,0,0,0,4
247,56,8,32,24,0,0,0,0,0,0,0,0,4
248,56,8,32,24,0,0,0,0,0,0,0,0,4
249,56,8,32,24,0,0,0,0,0,0,0,0,4
250,80,8,32,25,0,0,0,0,0,0,0,0,4
251,40,8,32,25,0,0,0,0,0,0,0,0,4
252,40,8,32,25,0,0,0,0,0,0,0,0,4
253,40,8,32,25,0,0,0,0,0,0,0,0,4
254,40,8,32,25,0,0,0,0,0,0,0,0,4
255,40,8,32,25,0,0,0,0,0,0,0,0,4
256,40,8,32,25,0,0,0,0,0,0,0,0,4
257,40,8,32,25,0,0,0,0,0,0,0,0,4
258,40,8,32,25,0,0,0,0,0,0,0,0,4
259,40,8,32,25,0,0,0,0,0,0,0,0,4
260,64,8,32,26,0,0,0,0,0,0,0,0,4
261,56,8,40,26,0,0,0,0,0,0,0,0,5
262,56,8,40,26,0,0,0,0,0,0,0,0,5
263,56,8,40,26,0,0,0,0,0,0,0,0,5
264,56,8,40,26,0,0,0,0,0,0,0,0,5
265,56,8,40,26,0,0,0,0,0,0,0,0,5
266,56,8,40,26,0,0,0,0,0,0,0,0,5
267,56,8,40,26,0,0,0,0,0,0,0,0,5
268,56,8,40,26,0,0,0,0,0,0,0,0,5
269,56,8,40,26,0,0,0,0,0,0,0,0,5
270,52,8,32,26,0,0,0,0,0,0,0,0,4
271,76,8,40,26,0,0,0,0,0,0,0,0,5
272,56,8,40,26,0,0,0,0,0,0,0,0,5
273,56,8,40,26,0,0,0,0,0,0,0,0,5
274,56,8,40,26,0,0,0,0,0,0,0,0,5
275,56,8,32,26,0,0,0,0,0,0,0,0,4
276,36,8,32,26,0,0,0,0,0,0,0,0,4
277,36,8,32,26,0,0,0,0,0,0,0,0,4
278,36,8,32,26,0,0,0,0,0,0,0,0,4
279,36,8,32,26,0,0,0,0,0,0,0,0,4
280,48,8,32,26,0,0,0,0,0,0,0,0,4
281,36,8,24,26,0,0,0,0,0,0,0,0,3
282,48,8,32,26,0,0,0,0,0,0,0,0,4
283,48,8,32,26,0,0,0,0,0,0,0,0,4
284,48,8,32,26,0,0,0,0,0,0,0,0,4
285,48,8,32,26,0,0,0,0,0,0,0,0,4
286,48,8,32,26,0,0,0,0,0,0,0,0,4
287,48,8,32,26,0,0,0,0,0,0,0,0,4
288,48,8,32,26,0,0,0,0,0,0,0,0,4
289,48,8,32,26,0,0,0,0,0,0,0,0,4
290,60,8,32,26,0,0,0,0,0,0,0,0,4
291,88,8,40,28,0,0,0,0,0,0,0,0,5
292,72,8,48,29,0,0,0,0,0,0,0,0,6
293,52,8,48,29,0,0,0,0,0,0,0,0,6
294,52,8,48,29,0,0,0,0,0,0,0,0,6
295,52,8,48,29,0,0,0,0,0,0,0,0,6
296,64,8,56,30,0,0,0,0,0,0,0,0,7
297,64,8,56,30,0,0,0,0,0,0,0,0,7
298,76,8,64,30,0,0,0,0,0,0,0,0,8
299,76,8,64,30,0,0,0,0,0,0,0,0,8
300,76,8,64,30,0,0,0,0,0,0,0,0,8
301,112,8,56,32,0,0,0,0,0,0,0,0,7
302,40,8,40,33,0,0,0,0,0,0,0,0,5
303,52,8,48,33,0,0,0,0,0,0,0,0,6
304,52,8,48,33,0,0,0,0,0,0,0,0,6
305,52,8,48,33,0,0,0,0,0,0,0,0,6
306,64,8,56,34,0,0,0,0,0,0,0,0,7
307,64,8,56,34,0,0,0,0,0,0,0,0,7
308,76,8,64,34,0,0,0,0,0,0,0,0,8
309,76,8,64,34,0,0,0,0,0,0,0,0,8
310,76,8,64,34,0,0,0,0,0,0,0,0,8
311,108,8,56,34,0,0,0,0,0,0,0,0,7
312,96,8,56,35,0,0,0,0,0,0,0,0,7
313,76,8,56,35,0,0,0,0,0,0,0,0,7
314,88,8,64,35,0,0,0,0,0,0,0,0,8
315,88,8,64,35,0,0,0,0,0,0,0,0,8
316,100,8,72,35,0,0,0,0,0,0,0,0,9
317,112,8,80,35,0,0,0,0,0,0,0,0,10
318,112,8,80,35,0,0,0,0,0,0,0,0,10
319,112,8,80,35,0,0,0,0,0,0,0,0,10
320,112,8,80,35,0,0,0,0,0,0,0,0,10
321,160,8,88,35,0,0,0,0,0,0,0,0,11
322,136,8,80,36,0,0,0,0,0,0,0,0,10
323,88,8,72,36,0,0,0,0,0,0,0,0,9
324,100,8,80,36,0,0,0,0,0,0,0,0,10
325,112,8,80,36,0,0,0,0,0,0,0,0,10
326,76,8,72,36,0,0,0,0,0,0,0,0,9
327,76,8,72,36,0,0,0,0,0,0,0,0,9
328,88,8,72,37,0,0,0,0,0,0,0,0,9
329,76,8,72,37,0,0,0,0,0,0,0,0,9
330,76,8,72,37,0,0,0,0,0,0,0,0,9
331,132,8,88,41,0,0,0,0,0,0,0,0,11
332,124,8,88,42,0,0,0,0,0,0,0,0,11
333,136,8,96,42,0,0,0,0,0,0,0,0,12
334,148,8,104,43,0,0,0,0,0,0,0,0,13
335,172,8,120,44,0,0,0,0,0,0,0,0,15
336,184,8,120,44,0,0,0,0,0,0,0,0,15
337,196,8,120,44,0,0,0,0,0,0,0,0,15
338,220,8,128,44,0,0,0,0,0,0,0,0,16
339,196,8,120,44,0,0,0,0,0,0,0,0,15
340,204,8,128,45,0,0,0,0,0,0,0,0,16
341,252,8,136,46,0,0,0,0,0,0,0,0,17
342,236,8,120,46,0,0,0,0,0,0,0,0,15
343,192,8,112,46,0,0,0,0,0,0,0,0,14
344,168,8,120,47,0,0,0,0,0,0,0,0,15
345,180,8,120,47,0,0,0,0,0,0,0,0,15
346,172,8,128,47,0,0,0,0,0,0,0,0,16
347,184,8,136,47,0,0,0,0,0,0,0,0,17
348,196,8,144,48,0,0,0,0,0,0,0,0,18
349,196,8,144,48,0,0,0,0,0,0,0,0,18
350,220,8,144,49,0,0,0,0,0,0,0,0,18
351,236,8,144,49,0,0,0,0,0,0,0,0,18
352,208,8,144,49,0,0,0,0,0,0,0,0,18
353,232,8,160,51,0,0,0,0,0,0,0,0,20
354,244,8,160,52,0,0,0,0,0,0,0,0,20
355,220,8,152,52,0,0,0,0,0,0,0,0,19
356,244,8,168,53,0,0,0,0,0,0,0,0,21
357,268,8,176,54,0,0,0,0,0,0,0,0,22
358,248,8,168,54,0,0,0,0,0,0,0,0,21
359,224,8,160,54,0,0,0,0,0,0,0,0,20
360,256,8,152,54,0,0,0,0,0,0,0,0,19
361,268,8,144,55,0,0,0,0,0,0,0,0,18
362,216,8,136,55,0,0,0,0,0,0,0,0,17
363,232,8,160,56,0,0,0,0,0,0,0,0,20
364,244,8,168,56,0,0,0,0,0,0,0,0,21
365,232,8,168,57,0,0,0,0,0,0,0,0,21
366,236,8,160,57,0,0,0,0,0,0,0,0,20
367,264,8,184,57,0,0,0,0,0,0,0,0,23
368,300,8,192,59,0,0,0,0,0,0,0,0,24
369,264,8,184,60,0,0,0,0,0,0,0,0,23
370,292,8,200,63,0,0,0,0,0,0,0,0,25
371,344,8,232,68,0,0,0,0,0,0,0,0,29
372,468,8,248,70,0,0,0,0,0,0,0,0,31
373,356,8,224,72,0,0,0,0,0,0,0,0,28
374,364,8,256,75,0,0,0,0,0,0,0,0,32
375,468,8,248,78,0,0,0,0,0,0,0,0,31
376,408,8,256,80,0,0,0,0,0,0,0,0,32
377,376,8,264,82,0,0,0,0,0,0,0,0,33
378,568,8,312,85,0,0,0,0,0,0,0,0,39
379,536,8,272,85,0,0,0,0,0,0,0,0,34
380,312,8,264,86,0,0,0,0,0,0,0,0,33
381,360,8,288,87,0,0,0,0,0,0,0,0,36
382,452,8,320,88,0,0,0,0,0,0,0,0,40
383,468,8,336,90,0,0,0,0,0,0,0,0,42
384,488,8,352,91,0,0,0,0,0,0,0,0,44
385,496,8,352,93,0,0,0,0,0,0,0,0,44
386,508,8,336,93,0,0,0,0,0,0,0,0,42
387,472,8,376,94,0,0,0,0,0,0,0,0,47
388,576,8,376,95,0,0,0,0,0,0,0,0,47
389,612,8,392,96,0,0,0,0,0,0,0,0,49
390,492,8,408,97,0,0,0,0,0,0,0,0,51
391,572,8,440,97,0,0,0,0,0,0,0,0,55
392,584,8,440,97,0,0,0,0,0,0,0,0,55
393,580,8,440,97,0,0,0,0,0,0,0,0,55
394,592,8,432,97,0,0,0,0,0,0,0,0,54
395,536,8,400,98,0,0,0,0,0,0,0,0,50
396,516,8,400,98,0,0,0,0,0,0,0,0,50
397,632,8,424,99,0,0,0,0,0,0,0,0,53
398,588,8,408,99,0,0,0,0,0,0,0,0,51
399,520,8,408,100,0,0,0,0,0,0,0,0,51
400,504,8,416,100,0,0,0,0,0,0,0,0,52
401,620,8,448,100,0,0,0,0,0,0,0,0,56
402,636,8,448,100,0,0,0,0,0,0,0,0,56
403,628,8,432,100,0,0,0,0,0,0,0,0,54
404,564,8,440,100,0,0,0,0,0,0,0,0,55
405,688,8,440,100,0,0,0,0,0,0,0,0,55
406,616,8,424,100,0,0,0,0,0,0,0,0,53
407,636,8,432,100,0,0,0,0,0,0,0,0,54
408,644,8,408,100,0,0,0,0,0,0,0,0,51
409,688,8,440,100,0,0,0,0,0,0,0,0,55
410,684,8,416,100,0,0,0,0,0,0,0,0,52
411,644,8,448,100,0,0,0,0,0,0,0,0,56
412,804,8,456,100,0,0,0,0,0,0,0,0,57
413,668,8,432,100,0,0,0,0,0,0,0,0,54
414,608,8,424,100,0,0,0,0,0,0,0,0,53
415,564,8,448,100,0,0,0,0,0,0,0,0,56
416,696,8,448,100,0,0,0,0,0,0,0,0,56
417,584,8,456,100,0,0,0,0,0,0,0,0,57
418,644,8,464,100,0,0,0,0,0,0,0,0,58
419,572,8,456,100,0,0,0,0,0,0,0,0,57
420,636,8,448,100,0,0,0,0,0,0,0,0,56
421,564,8,432,100,0,0,0,0,0,0,0,0,54
422,636,8,416,100,0,0,0,0,0,0,0,0,52
423,524,8,448,100,0,0,0,0,0,0,0,0,56
424,616,8,432,100,0,0,0,0,0,0,0,0,54
425,608,8,424,100,0,0,0,0,0,0,0,0,53
426,600,8,424,100,0,0,0,0,0,0,0,0,53
427,572,8,432,100,0,0,0,0,0,0,0,0,54
428,596,8,424,100,0,0,0,0,0,0,0,0,53
429,504,8,440,100,0,0,0,0,0,0,0,0,55
430,584,8,432,100,0,0,0,0,0,0,0,0,54
431,560,8,432,100,0,0,0,0,0,0,0,0,54
432,684,8,464,100,0,0,0,0,0,0,0,0,58
433,592,8,456,100,0,0,0,0,0,0,0,0,57
434,584,8,456,100,0,0,0,0,0,0,0,0,57
435,600,8,424,100,0,0,0,0,0,0,0,0,53
436,544,8,416,100,0,0,0,0,0,0,0,0,52
437,604,8,456,100,0,0,0,0,0,0,0,0,57
438,636,8,448,100,0,0,0,0,0,0,0,0,56
439,632,8,448,100,0,0,0,0,0,0,0,0,56
440,688,8,440,100,0,0,0,0,0,0,0,0,55
441,584,8,424,100,0,0,0,0,0,0,0,0,53
442,504,8,440,100,0,0,0,0,0,0,0,0,55
443,584,8,488,100,0,0,0,0,0,0,0,0,61
444,680,8,480,100,0,0,0,0,0,0,0,0,60
445,600,8,480,100,0,0,0,0,0,0,0,0,60
446,640,8,488,100,0,0,0,0,0,0,0,0,61
447,636,8,480,100,0,0,0,0,0,0,0,0,60
448,560,8,472,100,0,0,0,0,0,0,0,0,59
449,684,8,504,100,0,0,0,0,0,0,0,0,63
450,692,8,496,100,0,0,0,0,0,0,0,0,62
451,680,8,512,100,0,0,0,0,0,0,0,0,64
452,724,8,504,100,0,0,0,0,0,0,0,0,63
453,716,8,480,100,0,0,0,0,0,0,0,0,60
454,620,8,440,100,0,0,0,0,0,0,0,0,55
455,652,8,416,100,0,0,0,0,0,0,0,0,52
456,700,8,432,100,0,0,0,0,0,0,0,0,54
457,612,8,384,100,0,0,0,0,0,0,0,0,48
458,644,8,400,100,0,0,0,0,0,0,0,0,50
459,724,8,392,100,0,0,0,0,0,0,0,0,49
460,624,8,384,100,0,0,0,0,0,0,0,0,48
461,708,8,408,100,0,0,0,0,0,0,0,0,51
462,768,8,392,100,0,0,0,0,0,0,0,0,49
463,804,8,416,100,0,0,0,0,0,0,0,0,52
464,844,8,424,100,0,0,0,0,0,0,0,0,53
465,796,8,424,100,0,0,0,0,0,0,0,0,53
466,728,8,408,100,0,0,0,0,0,0,0,0,51
467,768,8,416,100,0,0,0,0,0,0,0,0,52
468,848,8,448,100,0,0,0,0,0,0,0,0,56
469,932,8,400,100,0,0,0,0,0,0,0,0,50
470,964,8,392,100,0,0,0,0,0,0,0,0,49
471,572,8,352,100,0,0,0,0,0,0,0,0,44
472,620,8,352,100,0,0,0,0,0,0,0,0,44
473,616,8,336,100,0,0,0,0,0,0,0,0,42
474,584,8,336,100,0,0,0,0,0,0,0,0,42
475,656,8,352,100,0,0,0,0,0,0,0,0,44
476,716,8,384,100,0,0,0,0,0,0,0,0,48
477,784,8,384,100,0,0,0,0,0,0,0,0,48
478,816,8,408,100,0,0,0,0,0,0,0,0,51
479,768,8,416,100,0,0,0,0,0,0,0,0,52
480,756,8,432,100,0,0,0,0,0,0,0,0,54
481,700,8,416,100,0,0,0,0,0,0,0,0,52
482,764,8,432,100,0,0,0,0,0,0,0,0,54
483,716,8,416,100,0,0,0,0,0,0,0,0,52
484,896,8,424,100,0,0,0,0,0,0,0,0,53
485,548,8,408,100,0,0,0,0,0,0,0,0,51
486,596,8,408,100,0,0,0,0,0,0,0,0,51
487,588,8,400,100,0,0,0,0,0,0,0,0,50
488,632,8,448,100,0,0,0,0,0,0,0,0,56
489,696,8,464,100,0,0,0,0,0,0,0,0,58
490,760,8,480,100,0,0,0,0,0,0,0,0,60
491,684,8,448,100,0,0,0,0,0,0,0,0,56
492,724,8,464,100,0,0,0,0,0,0,0,0,58
493,760,8,416,100,0,0,0,0,0,0,0,0,52
494,600,8,392,100,0,0,0,0,0,0,0,0,49
495,756,8,440,100,0,0,0,0,0,0,0,0,55
496,704,8,480,100,0,0,0,0,0,0,0,0,60
497,756,8,448,100,0,0,0,0,0,0,0,0,56
498,900,8,480,100,0,0,0,0,0,0,0,0,60
499,908,8,472,100,0,0,0,0,0,0,0,0,59
500,916,8,480,100,0,0,0,0,0,0,0,0,60
501,984,8,512,100,0,0,0,0,0,0,0,0,64
502,832,8,496,100,0,0,0,0,0,0,0,0,62
503,768,8,448,100,0,0,0,0,0,0,0,0,56
504,744,8,504,100,0,0,0,0,0,0,0,0,63
505,828,8,504,100,0,0,0,0,0,0,0,0,63
506,884,8,488,100,0,0,0,0,0,0,0,0,61
507,736,8,496,100,0,0,0,0,0,0,0,0,62
508,860,8,512,100,0,0,0,0,0,0,0,0,64
509,1032,8,520,100,0,0,0,0,0,0,0,0,65
510,944,8,504,100,0,0,0,0,0,0,0,0,63
511,916,8,536,100,0,0,0,0,0,0,0,0,67
512,984,8,512,100,0,0,0,0,0,0,0,0,64
513,996,8,520,100,0,0,0,0,0,0,0,0,65
514,792,8,504,100,0,0,0,0,0,0,0,0,63
515,824,8,496,100,0,0,0,0,0,0,0,0,62
516,940,8,448,100,0,0,0,0,0,0,0,0,56
517,864,8,416,100,0,0,0,0,0,0,0,0,52
518,816,8,440,100,0,0,0,0,0,0,0,0,55
519,664,8,392,100,0,0,0,0,0,0,0,0,49
520,744,8,400,100,0,0,0,0,0,0,0,0,50
521,712,8,440,100,0,0,0,0,0,0,0,0,55
522,692,8,448,100,0,0,0,0,0,0,0,0,56
523,856,8,480,100,0,0,0,0,0,0,0,0,60
524,1008,8,440,100,0,0,0,0,0,0,0,0,55
525,812,8,440,100,0,0,0,0,0,0,0,0,55
526,916,8,440,100,0,0,0,0,0,0,0,0,55
527,932,8,440,100,0,0,0,0,0,0,0,0,55
528,880,8,440,100,0,0,0,0,0,0,0,0,55
529,800,8,416,100,0,0,0,0,0,0,0,0,52
530,640,8,408,100,0,0,0,0,0,0,0,0,51
531,804,8,440,100,0,0,0,0,0,0,0,0,55
532,788,8,432,100,0,0,0,0,0,0,0,0,54
533,672,8,416,100,0,0,0,0,0,0,0,0,52
534,692,8,416,100,0,0,0,0,0,0,0,0,52
535,648,8,408,100,0,0,0,0,0,0,0,0,51
536,764,8,432,100,0,0,0,0,0,0,0,0,54
537,788,8,432,100,0,0,0,0,0,0,0,0,54
538,704,8,424,100,0,0,0,0,0,0,0,0,53
539,728,8,416,100,0,0,0,0,0,0,0,0,52
540,808,8,456,100,0,0,0,0,0,0,0,0,57
541,772,8,416,100,0,0,0,0,0,0,0,0,52
542,856,8,416,100,0,0,0,0,0,0,0,0,52
543,856,8,408,100,0,0,0,0,0,0,0,0,51
544,792,8,368,100,0,0,0,0,0,0,0,0,46
545,736,8,376,100,0,0,0,0,0,0,0,0,47
546,796,8,400,100,0,0,0,0,0,0,0,0,50
547,716,8,384,100,0,0,0,0,0,0,0,0,48
548,692,8,384,100,0,0,0,0,0,0,0,0,48
549,760,8,400,100,0,0,0,0,0,0,0,0,50
550,732,8,400,100,0,0,0,0,0,0,0,0,50
551,768,8,400,100,0,0,0,0,0,0,0,0,50
552,788,8,408,100,0,0,0,0,0,0,0,0,51
553,844,8,432,100,0,0,0,0,0,0,0,0,54
554,772,8,416,100,0,0,0,0,0,0,0,0,52
555,812,8,416,100,0,0,0,0,0,0,0,0,52
556,896,8,400,100,0,0,0,0,0,0,0,0,50
557,784,8,376,100,0,0,0,0,0,0,0,0,47
558,688,8,376,100,0,0,0,0,0,0,0,0,47
559,808,8,416,100,0,0,0,0,0,0,0,0,52
560,868,8,416,100,0,0,0,0,0,0,0,0,52
561,828,8,384,100,0,0,0,0,0,0,0,0,48
562,840,8,376,100,0,0,0,0,0,0,0,0,47
563,744,8,368,100,0,0,0,0,0,0,0,0,46
564,704,8,384,100,0,0,0,0,0,0,0,0,48
565,772,8,392,100,0,0,0,0,0,0,0,0,49
566,800,8,400,100,0,0,0,0,0,0,0,0,50
567,868,8,408,100,0,0,0,0,0,0,0,0,51
568,800,8,400,100,0,0,0,0,0,0,0,0,50
569,780,8,408,100,0,0,0,0,0,0,0,0,51
570,780,8,384,100,0,0,0,0,0,0,0,0,48
571,828,8,392,100,0,0,0,0,0,0,0,0,49
572,732,8,368,100,0,0,0,0,0,0,0,0,46
573,712,8,392,100,0,0,0,0,0,0,0,0,49
574,760,8,368,100,0,0,0,0,0,0,0,0,46
575,648,8,328,100,0,0,0,0,0,0,0,0,41
576,708,8,368,100,0,0,0,0,0,0,0,0,46
577,808,8,392,100,0,0,0,0,0,0,0,0,49
578,796,8,384,100,0,0,0,0,0,0,0,0,48
579,736,8,360,100,0,0,0,0,0,0,0,0,45
580,640,8,304,100,0,0,0,0,0,0,0,0,38
581,616,8,344,100,0,0,0,0,0,0,0,0,43
582,700,8,360,100,0,0,0,0,0,0,0,0,45
583,732,8,368,100,0,0,0,0,0,0,0,0,46
584,784,8,360,100,0,0,0,0,0,0,0,0,45
585,792,8,392,100,0,0,0,0,0,0,0,0,49
586,776,8,376,100,0,0,0,0,0,0,0,0,47
587,664,8,344,100,0,0,0,0,0,0,0,0,43
588,748,8,368,100,0,0,0,0,0,0,0,0,46
589,716,8,384,100,0,0,0,0,0,0,0,0,48
590,676,8,352,100,0,0,0,0,0,0,0,0,44
591,660,8,360,100,0,0,0,0,0,0,0,0,45
592,784,8,384,100,0,0,0,0,0,0,0,0,48
593,796,8,392,100,0,0,0,0,0,0,0,0,49
594,748,8,384,100,0,0,0,0,0,0,0,0,48
595,828,8,400,100,0,0,0,0,0,0,0,0,50
596,828,8,416,100,0,0,0,0,0,0,0,0,52
597,708,8,368,100,0,0,0,0,0,0,0,0,46
598,832,8,400,100,0,0,0,0,0,0,0,0,50
599,720,8,384,100,0,0,0,0,0,0,0,0,48
600,852,8,384,100,0,0,0,0,0,0,0,0,48
601,776,8,392,100,0,0,0,0,0,0,0,0,49
602,916,8,424,100,0,0,0,0,0,0,0,0,53
603,848,8,384,100,0,0,0,0,0,0,0,0,48
604,980,8,376,100,0,0,0,0,0,0,0,0,47
605,960,8,376,100,0,0,0,0,0,0,0,0,47
606,756,8,376,100,0,0,0,0,0,0,0,0,47
607,820,8,384,100,0,0,0,0,0,0,0,0,48
608,928,8,432,100,0,0,0,0,0,0,0,0,54
609,976,8,424,100,0,0,0,0,0,0,0,0,53
610,884,8,408,100,0,0,0,0,0,0,0,0,51
611,852,8,368,100,0,0,0,0,0,0,0,0,46
612,824,8,376,100,0,0,0,0,0,0,0,0,47
613,808,8,376,100,0,0,0,0,0,0,0,0,47
614,720,8,360,100,0,0,0,0,0,0,0,0,45
615,732,8,384,100,0,0,0,0,0,0,0,0,48
616,720,8,408,100,0,0,0,0,0,0,0,0,51
617,676,8,384,100,0,0,0,0,0,0,0,0,48
618,676,8,328,100,0,0,0,0,0,0,0,0,41
619,644,8,328,100,0,0,0,0,0,0,0,0,41
620,720,8,312,100,0,0,0,0,0,0,0,0,39
621,832,8,344,100,0,0,0,0,0,0,0,0,43
622,828,8,336,100,0,0,0,0,0,0,0,0,42
623,816,8,344,100,0,0,0,0,0,0,0,0,43
624,884,8,384,100,0,0,0,0,0,0,0,0,48
625,748,8,384,100,0,0,0,0,0,0,0,0,48
626,688,8,392,100,0,0,0,0,0,0,0,0,49
627,796,8,424,100,0,0,0,0,0,0,0,0,53
628,760,8,368,100,0,0,0,0,0,0,0,0,46
629,740,8,400,100,0,0,0,0,0,0,0,0,50
630,684,8,400,100,0,0,0,0,0,0,0,0,50
631,680,8,408,100,0,0,0,0,0,0,0,0,51
632,876,8,464,100,0,0,0,0,0,0,0,0,58
633,824,8,432,100,0,0,0,0,0,0,0,0,54
634,764,8,424,100,0,0,0,0,0,0,0,0,53
635,764,8,432,100,0,0,0,0,0,0,0,0,54
636,808,8,472,100,0,0,0,0,0,0,0,0,59
637,876,8,464,100,0,0,0,0,0,0,0,0,58
638,880,8,424,100,0,0,0,0,0,0,0,0,53
639,880,8,416,100,0,0,0,0,0,0,0,0,52
640,948,8,424,100,0,0,0,0,0,0,0,0,53
641,1008,8,416,100,0,0,0,0,0,0,0,0,52
642,928,8,392,100,0,0,0,0,0,0,0,0,49
643,668,8,392,100,0,0,0,0,0,0,0,0,49
644,796,8,400,100,0,0,0,0,0,0,0,0,50
645,940,8,400,100,0,0,0,0,0,0,0,0,50
646,732,8,408,100,0,0,0,0,0,0,0,0,51
647,768,8,440,100,0,0,0,0,0,0,0,0,55
648,792,8,408,100,0,0,0,0,0,0,0,0,51
649,812,8,448,100,0,0,0,0,0,0,0,0,56
650,844,8,432,100,0,0,0,0,0,0,0,0,54
651,900,8,432,100,0,0,0,0,0,0,0,0,54
652,724,8,416,100,0,0,0,0,0,0,0,0,52
653,736,8,400,100,0,0,0,0,0,0,0,0,50
654,856,8,424,100,0,0,0,0,0,0,0,0,53
655,840,8,416,100,0,0,0,0,0,0,0,0,52
656,724,8,416,100,0,0,0,0,0,0,0,0,52
657,740,8,432,100,0,0,0,0,0,0,0,0,54
658,788,8,424,100,0,0,0,0,0,0,0,0,53
659,832,8,408,100,0,0,0,0,0,0,0,0,51
660,908,8,416,100,0,0,0,0,0,0,0,0,52
661,852,8,384,100,0,0,0,0,0,0,0,0,48
662,876,8,424,100,0,0,0,0,0,0,0,0,53
663,912,8,416,100,0,0,0,0,0,0,0,0,52
664,920,8,352,100,0,0,0,0,0,0,0,0,44
665,892,8,376,100,0,0,0,0,0,0,0,0,47
666,1008,8,368,100,0,0,0,0,0,0,0,0,46
667,852,8,368,100,0,0,0,0,0,0,0,0,46
668,856,8,336,100,0,0,0,0,0,0,0,0,42
669,1056,8,368,100,0,0,0,0,0,0,0,0,46
670,1060,8,352,100,0,0,0,0,0,0,0,0,44
671,900,8,376,100,0,0,0,0,0,0,0,0,47
672,1132,8,384,100,0,0,0,0,0,0,0,0,48
673,988,8,392,100,0,0,0,0,0,0,0,0,49
674,1084,8,416,100,0,0,0,0,0,0,0,0,52
675,1076,8,392,100,0,0,0,0,0,0,0,0,49
676,888,8,344,100,0,0,0,0,0,0,0,0,43
677,920,8,424,100,0,0,0,0,0,0,0,0,53
678,1072,8,392,100,0,0,0,0,0,0,0,0,49
679,1040,8,376,100,0,0,0,0,0,0,0,0,47
680,964,8,384,100,0,0,0,0,0,0,0,0,48
681,1192,8,424,100,0,0,0,0,0,0,0,0,53
682,1036,8,392,100,0,0,0,0,0,0,0,0,49
683,1112,8,424,100,0,0,0,0,0,0,0,0,53
684,1180,8,432,100,0,0,0,0,0,0,0,0,54
685,1168,8,432,100,0,0,0,0,0,0,0,0,54
686,1068,8,432,100,0,0,0,0,0,0,0,0,54
687,1088,8,400,100,0,0,0,0,0,0,0,0,50
688,1076,8,376,100,0,0,0,0,0,0,0,0,47
689,1240,8,408,100,0,0,0,0,0,0,0,0,51
690,1184,8,408,100,0,0,0,0,0,0,0,0,51
691,1028,8,408,100,0,0,0,0,0,0,0,0,51
692,1052,8,432,100,0,0,0,0,0,0,0,0,54
693,1096,8,400,100,0,0,0,0,0,0,0,0,50
694,908,8,424,100,0,0,0,0,0,0,0,0,53
695,1100,8,376,100,0,0,0,0,0,0,0,0,47
696,1212,8,408,100,0,0,0,0,0,0,0,0,51
697,1068,8,368,100,0,0,0,0,0,0,0,0,46
698,1068,8,368,100,0,0,0,0,0,0,0,0,46
699,1184,8,344,100,0,0,0,0,0,0,0,0,43
700,964,8,368,100,0,0,0,0,0,0,0,0,46
701,1180,8,392,100,0,0,0,0,0,0,0,0,49
702,1416,8,376,100,0,0,0,0,0,0,0,0,47
703,1600,8,384,100,0,0,0,0,0,0,0,0,48
704,1560,8,392,100,0,0,0,0,0,0,0,0,49
705,1460,8,448,100,0,0,0,0,0,0,0,0,56
706,1544,8,416,100,0,0,0,0,0,0,0,0,52
707,1772,8,392,100,0,0,0,0,0,0,0,0,49
708,1568,8,368,100,0,0,0,0,0,0,0,0,46
709,1456,8,352,100,0,0,0,0,0,0,0,0,44
710,1500,8,328,100,0,0,0,0,0,0,0,0,41
711,1576,8,384,100,0,0,0,0,0,0,0,0,48
712,1712,8,376,100,0,0,0,0,0,0,0,0,47
713,1476,8,376,100,0,0,0,0,0,0,0,0,47
714,1480,8,400,100,0,0,0,0,0,0,0,0,50
715,1312,8,416,100,0,0,0,0,0,0,0,0,52
716,1224,8,408,100,0,0,0,0,0,0,0,0,51
717,1248,8,432,100,0,0,0,0,0,0,0,0,54
718,1336,8,416,100,0,0,0,0,0,0,0,0,52
719,1536,8,424,100,0,0,0,0,0,0,0,0,53
720,1404,8,392,100,0,0,0,0,0,0,0,0,49
721,1472,8,400,100,0,0,0,0,0,0,0,0,50
722,1224,8,392,100,0,0,0,0,0,0,0,0,49
723,1328,8,376,100,0,0,0,0,0,0,0,0,47
724,1280,8,392,100,0,0,0,0,0,0,0,0,49
725,1332,8,408,100,0,0,0,0,0,0,0,0,51
726,868,8,408,100,0,0,0,0,0,0,0,0,51
727,1044,8,392,100,0,0,0,0,0,0,0,0,49
728,1188,8,416,100,0,0,0,0,0,0,0,0,52
729,1304,8,424,100,0,0,0,0,0,0,0,0,53
730,1420,8,424,100,0,0,0,0,0,0,0,0,53
731,1280,8,432,100,0,0,0,0,0,0,0,0,54
732,1320,8,408,100,0,0,0,0,0,0,0,0,51
733,1364,8,416,100,0,0,0,0,0,0,0,0,52
734,1604,8,424,100,0,0,0,0,0,0,0,0,53
735,1752,8,408,100,0,0,0,0,0,0,0,0,51
736,1296,8,384,100,0,0,0,0,0,0,0,0,48
737,1368,8,408,100,0,0,0,0,0,0,0,0,51
738,1156,8,424,100,0,0,0,0,0,0,0,0,53
739,1224,8,416,100,0,0,0,0,0,0,0,0,52
740,1188,8,408,100,0,0,0,0,0,0,0,0,51
741,1436,8,408,100,0,0,0,0,0,0,0,0,51
742,1148,8,384,100,0,0,0,0,0,0,0,0,48
743,1316,8,424,100,0,0,0,0,0,0,0,0,53
744,1504,8,432,100,0,0,0,0,0,0,0,0,54
745,1340,8,416,100,0,0,0,0,0,0,0,0,52
746,1444,8,408,100,0,0,0,0,0,0,0,0,51
747,1632,8,400,100,0,0,0,0,0,0,0,0,50
748,1600,8,432,100,0,0,0,0,0,0,0,0,54
749,1832,8,416,100,0,0,0,0,0,0,0,0,52
750,2024,8,424,100,0,0,0,0,0,0,0,0,53
751,1912,8,440,100,0,0,0,0,0,0,0,0,55
752,924,8,440,100,0,0,0,0,0,0,0,0,55
753,864,8,432,100,0,0,0,0,0,0,0,0,54
754,1048,8,424,100,0,0,0,0,0,0,0,0,53
755,1336,8,480,100,0,0,0,0,0,0,0,0,60
756,1400,8,464,100,0,0,0,0,0,0,0,0,58
757,1500,8,448,100,0,0,0,0,0,0,0,0,56
758,1324,8,448,100,0,0,0,0,0,0,0,0,56
759,1484,8,464,100,0,0,0,0,0,0,0,0,58
760,1660,8,456,100,0,0,0,0,0,0,0,0,57
761,1776,8,472,100,0,0,0,0,0,0,0,0,59
762,1820,8,448,100,0,0,0,0,0,0,0,0,56
763,1724,8,456,100,0,0,0,0,0,0,0,0,57
764,1132,8,464,100,0,0,0,0,0,0,0,0,58
765,1312,8,472,100,0,0,0,0,0,0,0,0,59
766,1156,8,440,100,0,0,0,0,0,0,0,0,55
767,1360,8,480,100,0,0,0,0,0,0,0,0,60
768,1300,8,464,100,0,0,0,0,0,0,0,0,58
769,1368,8,440,100,0,0,0,0,0,0,0,0,55
770,1532,8,440,100,0,0,0,0,0,0,0,0,55
771,1708,8,432,100,0,0,0,0,0,0,0,0,54
772,1536,8,400,100,0,0,0,0,0,0,0,0,50
773,1816,8,416,100,0,0,0,0,0,0,0,0,52
774,1972,8,376,100,0,0,0,0,0,0,0,0,47
775,1844,8,408,100,0,0,0,0,0,0,0,0,51
776,2136,8,416,100,0,0,0,0,0,0,0,0,52
777,2072,8,392,100,0,0,0,0,0,0,0,0,49
778,2160,8,368,100,0,0,0,0,0,0,0,0,46
779,1628,8,368,100,0,0,0,0,0,0,0,0,46
780,1368,8,384,100,0,0,0,0,0,0,0,0,48
781,1724,8,384,100,0,0,0,0,0,0,0,0,48
782,1480,8,384,100,0,0,0,0,0,0,0,0,48
783,1928,8,424,100,0,0,0,0,0,0,0,0,53
784,1956,8,456,100,0,0,0,0,0,0,0,0,57
785,1876,8,464,100,0,0,0,0,0,0,0,0,58
786,1804,8,432,100,0,0,0,0,0,0,0,0,54
787,1536,8,432,100,0,0,0,0,0,0,0,0,54
788,1832,8,432,100,0,0,0,0,0,0,0,0,54
789,1668,8,392,100,0,0,0,0,0,0,0,0,49
790,1816,8,400,100,0,0,0,0,0,0,0,0,50
791,1536,8,376,100,0,0,0,0,0,0,0,0,47
792,1640,8,360,100,0,0,0,0,0,0,0,0,45
793,1392,8,368,100,0,0,0,0,0,0,0,0,46
794,1532,8,352,100,0,0,0,0,0,0,0,0,44
795,1512,8,352,100,0,0,0,0,0,0,0,0,44
796,1156,8,360,100,0,0,0,0,0,0,0,0,45
797,1140,8,344,100,0,0,0,0,0,0,0,0,43
798,1200,8,368,100,0,0,0,0,0,0,0,0,46
799,1544,8,408,100,0,0,0,0,0,0,0,0,51
800,1548,8,424,100,0,0,0,0,0,0,0,0,53
801,1712,8,464,100,0,0,0,0,0,0,0,0,58
802,1536,8,424,100,0,0,0,0,0,0,0,0,53
803,1572,8,392,100,0,0,0,0,0,0,0,0,49
804,1864,8,400,100,0,0,0,0,0,0,0,0,50
805,1912,8,400,100,0,0,0,0,0,0,0,0,50
806,1996,8,408,100,0,0,0,0,0,0,0,0,51
807,1852,8,408,100,0,0,0,0,0,0,0,0,51
808,1512,8,392,100,0,0,0,0,0,0,0,0,49
809,1280,8,400,100,0,0,0,0,0,0,0,0,50
810,1000,8,408,100,0,0,0,0,0,0,0,0,51
811,960,8,408,100,0,0,0,0,0,0,0,0,51
812,1240,8,456,100,0,0,0,0,0,0,0,0,57
813,1352,8,432,100,0,0,0,0,0,0,0,0,54
814,1188,8,432,100,0,0,0,0,0,0,0,0,54
815,1504,8,456,100,0,0,0,0,0,0,0,0,57
816,1496,8,456,100,0,0,0,0,0,0,0,0,57
817,1528,8,424,100,0,0,0,0,0,0,0,0,53
818,1496,8,400,100,0,0,0,0,0,0,0,0,50
819,1328,8,408,100,0,0,0,0,0,0,0,0,51
820,1368,8,432,100,0,0,0,0,0,0,0,0,54
821,1604,8,448,100,0,0,0,0,0,0,0,0,56
822,1344,8,416,100,0,0,0,0,0,0,0,0,52
823,1264,8,424,100,0,0,0,0,0,0,0,0,53
824,1416,8,416,100,0,0,0,0,0,0,0,0,52
825,1360,8,408,100,0,0,0,0,0,0,0,0,51
826,1260,8,432,100,0,0,0,0,0,0,0,0,54
827,1500,8,432,100,0,0,0,0,0,0,0,0,54
828,1576,8,432,100,0,0,0,0,0,0,0,0,54
829,1616,8,448,100,0,0,0,0,0,0,0,0,56
830,1732,8,496,100,0,0,0,0,0,0,0,0,62
831,1588,8,456,100,0,0,0,0,0,0,0,0,57
832,1228,8,408,100,0,0,0,0,0,0,0,0,51
833,1508,8,432,100,0,0,0,0,0,0,0,0,54
834,1468,8,440,100,0,0,0,0,0,0,0,0,55
835,1124,8,376,100,0,0,0,0,0,0,0,0,47
836,1388,8,424,100,0,0,0,0,0,0,0,0,53
837,1436,8,400,100,0,0,0,0,0,0,0,0,50
838,1724,8,440,100,0,0,0,0,0,0,0,0,55
839,1736,8,448,100,0,0,0,0,0,0,0,0,56
840,1596,8,408,100,0,0,0,0,0,0,0,0,51
841,1444,8,432,100,0,0,0,0,0,0,0,0,54
842,1220,8,400,100,0,0,0,0,0,0,0,0,50
843,1088,8,448,100,0,0,0,0,0,0,0,0,56
844,1088,8,424,100,0,0,0,0,0,0,0,0,53
845,1248,8,464,100,0,0,0,0,0,0,0,0,58
846,1072,8,464,100,0,0,0,0,0,0,0,0,58
847,916,8,424,100,0,0,0,0,0,0,0,0,53
848,1216,8,424,100,0,0,0,0,0,0,0,0,53
849,1212,8,408,100,0,0,0,0,0,0,0,0,51
850,1320,8,400,100,0,0,0,0,0,0,0,0,50
851,1032,8,400,100,0,0,0,0,0,0,0,0,50
852,1272,8,424,100,0,0,0,0,0,0,0,0,53
853,1284,8,432,100,0,0,0,0,0,0,0,0,54
854,1408,8,440,100,0,0,0,0,0,0,0,0,55
855,1480,8,408,100,0,0,0,0,0,0,0,0,51
856,1544,8,400,100,0,0,0,0,0,0,0,0,50
857,1600,8,392,100,0,0,0,0,0,0,0,0,49
858,1444,8,408,100,0,0,0,0,0,0,0,0,51
859,1240,8,400,100,0,0,0,0,0,0,0,0,50
860,1204,8,432,100,0,0,0,0,0,0,0,0,54
861,1192,8,416,100,0,0,0,0,0,0,0,0,52
862,1000,8,408,100,0,0,0,0,0,0,0,0,51
863,1176,8,384,100,0,0,0,0,0,0,0,0,48
864,892,8,416,100,0,0,0,0,0,0,0,0,52
865,1076,8,392,100,0,0,0,0,0,0,0,0,49
866,1168,8,400,100,0,0,0,0,0,0,0,0,50
867,1268,8,392,100,0,0,0,0,0,0,0,0,49
868,1336,8,384,100,0,0,0,0,0,0,0,0,48
869,1380,8,424,100,0,0,0,0,0,0,0,0,53
870,1176,8,408,100,0,0,0,0,0,0,0,0,51
871,1388,8,416,100,0,0,0,0,0,0,0,0,52
872,1600,8,408,100,0,0,0,0,0,0,0,0,51
873,1592,8,456,100,0,0,0,0,0,0,0,0,57
874,1376,8,440,100,0,0,0,0,0,0,0,0,55
875,1232,8,472,100,0,0,0,0,0,0,0,0,59
876,1256,8,448,100,0,0,0,0,0,0,0,0,56
877,1336,8,432,100,0,0,0,0,0,0,0,0,54
878,1144,8,400,100,0,0,0,0,0,0,0,0,50
879,1120,8,448,100,0,0,0,0,0,0,0,0,56
880,1316,8,480,100,0,0,0,0,0,0,0,0,60
881,1032,8,472,100,0,0,0,0,0,0,0,0,59
882,908,8,464,100,0,0,0,0,0,0,0,0,58
883,880,8,464,100,0,0,0,0,0,0,0,0,58
884,960,8,440,100,0,0,0,0,0,0,0,0,55
885,1156,8,512,100,0,0,0,0,0,0,0,0,64
886,1056,8,464,100,0,0,0,0,0,0,0,0,58
887,1100,8,472,100,0,0,0,0,0,0,0,0,59
888,1320,8,480,100,0,0,0,0,0,0,0,0,60
889,1156,8,504,100,0,0,0,0,0,0,0,0,63
890,1304,8,472,100,0,0,0,0,0,0,0,0,59
891,1208,8,448,100,0,0,0,0,0,0,0,0,56
892,972,8,448,100,0,0,0,0,0,0,0,0,56
893,1136,8,432,100,0,0,0,0,0,0,0,0,54
894,1168,8,432,100,0,0,0,0,0,0,0,0,54
895,1404,8,440,100,0,0,0,0,0,0,0,0,55
896,1160,8,424,100,0,0,0,0,0,0,0,0,53
897,1172,8,424,100,0,0,0,0,0,0,0,0,53
898,1188,8,432,100,0,0,0,0,0,0,0,0,54
899,1372,8,464,100,0,0,0,0,0,0,0,0,58
900,1140,8,472,100,0,0,0,0,0,0,0,0,59
901,860,8,456,100,0,0,0,0,0,0,0,0,57
902,960,8,416,100,0,0,0,0,0,0,0,0,52
903,1104,8,392,100,0,0,0,0,0,0,0,0,49
904,1208,8,416,100,0,0,0,0,0,0,0,0,52
905,1244,8,408,100,0,0,0,0,0,0,0,0,51
906,1204,8,400,100,0,0,0,0,0,0,0,0,50
907,1236,8,416,100,0,0,0,0,0,0,0,0,52
908,1088,8,440,100,0,0,0,0,0,0,0,0,55
909,1148,8,448,100,0,0,0,0,0,0,0,0,56
910,1280,8,424,100,0,0,0,0,0,0,0,0,53
911,1424,8,400,100,0,0,0,0,0,0,0,0,50
912,1024,8,424,100,0,0,0,0,0,0,0,0,53
913,1108,8,408,100,0,0,0,0,0,0,0,0,51
914,1212,8,432,100,0,0,0,0,0,0,0,0,54
915,1332,8,432,100,0,0,0,0,0,0,0,0,54
916,1624,8,488,100,0,0,0,0,0,0,0,0,61
917,1408,8,440,100,0,0,0,0,0,0,0,0,55
918,1032,8,416,100,0,0,0,0,0,0,0,0,52
919,896,8,432,100,0,0,0,0,0,0,0,0,54
920,956,8,448,100,0,0,0,0,0,0,0,0,56
921,1128,8,448,100,0,0,0,0,0,0,0,0,56
922,1080,8,432,100,0,0,0,0,0,0,0,0,54
923,1120,8,456,100,0,0,0,0,0,0,0,0,57
924,1332,8,496,100,0,0,0,0,0,0,0,0,62
925,1344,8,472,100,0,0,0,0,0,0,0,0,59
926,1504,8,472,100,0,0,0,0,0,0,0,0,59
927,1280,8,456,100,0,0,0,0,0,0,0,0,57
928,1044,8,424,100,0,0,0,0,0,0,0,0,53
929,1092,8,400,100,0,0,0,0,0,0,0,0,50
930,1120,8,408,100,0,0,0,0,0,0,0,0,51
931,1192,8,408,100,0,0,0,0,0,0,0,0,51
932,1480,8,440,100,0,0,0,0,0,0,0,0,55
933,1160,8,400,100,0,0,0,0,0,0,0,0,50
934,1116,8,392,100,0,0,0,0,0,0,0,0,49
935,1196,8,376,100,0,0,0,0,0,0,0,0,47
936,1172,8,400,100,0,0,0,0,0,0,0,0,50
937,1416,8,392,100,0,0,0,0,0,0,0,0,49
938,1508,8,376,100,0,0,0,0,0,0,0,0,47
939,1476,8,384,100,0,0,0,0,0,0,0,0,48
940,1852,8,392,100,0,0,0,0,0,0,0,0,49
941,1736,8,416,100,0,0,0,0,0,0,0,0,52
942,1544,8,400,100,0,0,0,0,0,0,0,0,50
943,1492,8,344,100,0,0,0,0,0,0,0,0,43
944,1268,8,336,100,0,0,0,0,0,0,0,0,42
945,1532,8,400,100,0,0,0,0,0,0,0,0,50
946,1672,8,392,100,0,0,0,0,0,0,0,0,49
947,1244,8,344,100,0,0,0,0,0,0,0,0,43
948,1604,8,360,100,0,0,0,0,0,0,0,0,45
949,1444,8,392,100,0,0,0,0,0,0,0,0,49
950,1324,8,368,100,0,0,0,0,0,0,0,0,46
951,1380,8,416,100,0,0,0,0,0,0,0,0,52
952,1456,8,368,100,0,0,0,0,0,0,0,0,46
953,1280,8,400,100,0,0,0,0,0,0,0,0,50
954,1216,8,416,100,0,0,0,0,0,0,0,0,52
955,1464,8,432,100,0,0,0,0,0,0,0,0,54
956,1220,8,440,100,0,0,0,0,0,0,0,0,55
957,1136,8,464,100,0,0,0,0,0,0,0,0,58
958,1088,8,472,100,0,0,0,0,0,0,0,0,59
959,980,8,416,100,0,0,0,0,0,0,0,0,52
960,988,8,424,100,0,0,0,0,0,0,0,0,53
961,1092,8,416,100,0,0,0,0,0,0,0,0,52
962,1280,8,432,100,0,0,0,0,0,0,0,0,54
963,1416,8,416,100,0,0,0,0,0,0,0,0,52
964,1164,8,392,100,0,0,0,0,0,0,0,0,49
965,1316,8,416,100,0,0,0,0,0,0,0,0,52
966,1468,8,400,100,0,0,0,0,0,0,0,0,50
967,972,8,360,100,0,0,0,0,0,0,0,0,45
968,1280,8,352,100,0,0,0,0,0,0,0,0,44
969,1380,8,360,100,0,0,0,0,0,0,0,0,45
970,1344,8,352,100,0,0,0,0,0,0,0,0,44
971,1504,8,352,100,0,0,0,0,0,0,0,0,44
972,1572,8,384,100,0,0,0,0,0,0,0,0,48
973,1180,8,344,100,0,0,0,0,0,0,0,0,43
974,1040,8,424,100,0,0,0,0,0,0,0,0,53
975,1252,8,384,100,0,0,0,0,0,0,0,0,48
976,1364,8,416,100,0,0,0,0,0,0,0,0,52
977,1532,8,448,100,0,0,0,0,0,0,0,0,56
978,1440,8,408,100,0,0,0,0,0,0,0,0,51
979,1248,8,376,100,0,0,0,0,0,0,0,0,47
980,1076,8,384,100,0,0,0,0,0,0,0,0,48
981,1184,8,392,100,0,0,0,0,0,0,0,0,49
982,1316,8,384,100,0,0,0,0,0,0,0,0,48
983,1284,8,384,100,0,0,0,0,0,0,0,0,48
984,1504,8,400,100,0,0,0,0,0,0,0,0,50
985,1328,8,408,100,0,0,0,0,0,0,0,0,51
986,1408,8,384,100,0,0,0,0,0,0,0,0,48
987,1508,8,400,100,0,0,0,0,0,0,0,0,50
988,1192,8,408,100,0,0,0,0,0,0,0,0,51
989,1184,8,408,100,0,0,0,0,0,0,0,0,51
990,1340,8,392,100,0,0,0,0,0,0,0,0,49
991,1436,8,384,100,0,0,0,0,0,0,0,0,48
992,1304,8,368,100,0,0,0,0,0,0,0,0,46
993,1708,8,376,100,0,0,0,0,0,0,0,0,47
994,1616,8,360,100,0,0,0,0,0,0,0,0,45
995,1752,8,408,100,0,0,0,0,0,0,0,0,51
996,1732,8,432,100,0,0,0,0,0,0,0,0,54
997,1496,8,408,100,0,0,0,0,0,0,0,0,51
998,1696,8,416,100,0,0,0,0,0,0,0,0,52
999,1428,8,392,100,0,0,0,0,0,0,0,0,49
