update,points,mean_tasks,total_tasks,total_orgs,task_0,task_1,task_2,task_3,task_4,task_5,task_6,task_7,task_8
0,0,nan,0,9,0,0,0,0,0,0,0,0,0
1,0,nan,0,9,0,0,0,0,0,0,0,0,0
2,0,nan,0,9,0,0,0,0,0,0,0,0,0
3,0,nan,0,9,0,0,0,0,0,0,0,0,0
4,0,nan,0,9,0,0,0,0,0,0,0,0,0
5,0,nan,0,9,0,0,0,0,0,0,0,0,0
6,0,nan,0,9,0,0,0,0,0,0,0,0,0
7,0,nan,0,9,0,0,0,0,0,0,0,0,0
8,0,nan,0,9,0,0,0,0,0,0,0,0,0
9,0,nan,0,9,0,0,0,0,0,0,0,0,0
10,0,nan,0,9,0,0,0,0,0,0,0,0,0
11,0,nan,0,9,0,0,0,0,0,0,0,0,0
12,0,nan,0,9,0,0,0,0,0,0,0,0,0
13,0,nan,0,9,0,0,0,0,0,0,0,0,0
14,0,nan,0,9,0,0,0,0,0,0,0,0,0
15,0,nan,0,9,0,0,0,0,0,0,0,0,0
16,0,nan,0,9,0,0,0,0,0,0,0,0,0
17,12,8,8,10,0,0,0,0,0,0,0,0,1
18,12,8,8,10,0,0,0,0,0,0,0,0,1
19,12,8,8,10,0,0,0,0,0,0,0,0,1
20,12,8,8,10,0,0,0,0,0,0,0,0,1
21,12,8,8,10,0,0,0,0,0,0,0,0,1
22,12,8,8,10,0,0,0,0,0,0,0,0,1
23,12,8,8,10,0,0,0,0,0,0,0,0,1
24,24,8,8,11,0,0,0,0,0,0,0,0,1
25,4,8,8,12,0,0,0,0,0,0,0,0,1
26,4,8,8,12,0,0,0,0,0,0,0,0,1
27,4,8,8,12,0,0,0,0,0,0,0,0,1
28,4,8,8,12,0,0,0,0,0,0,0,0,1
29,4,8,8,12,0,0,0,0,0,0,0,0,1
30,4,8,8,12,0,0,0,0,0,0,0,0,1
31,16,8,16,12,0,0,0,0,0,0,0,0,2
32,28,8,16,13,0,0,0,0,0,0,0,0,2
33,28,8,16,13,0,0,0,0,0,0,0,0,2
34,40,8,24,14,0,0,0,0,0,0,0,0,3
35,40,8,24,14,0,0,0,0,0,0,0,0,3
36,40,8,24,14,0,0,0,0,0,0,0,0,3
37,40,8,24,14,0,0,0,0,0,0,0,0,3
38,52,8,24,14,0,0,0,0,0,0,0,0,3
39,32,8,24,14,0,0,0,0,0,0,0,0,3
40,44,8,24,15,0,0,0,0,0,0,0,0,3
41,24,8,24,16,0,0,0,0,0,0,0,0,3
42,24,8,24,16,0,0,0,0,0,0,0,0,3
43,24,8,24,16,0,0,0,0,0,0,0,0,3
44,24,8,24,16,0,0,0,0,0,0,0,0,3
45,24,8,24,16,0,0,0,0,0,0,0,0,3
46,36,8,24,16,0,0,0,0,0,0,0,0,3
47,36,8,24,16,0,0,0,0,0,0,0,0,3
48,36,8,16,16,0,0,0,0,0,0,0,0,2
49,36,8,16,16,0,0,0,0,0,0,0,0,2
50,36,8,16,16,0,0,0,0,0,0,0,0,2
51,36,8,16,16,0,0,0,0,0,0,0,0,2
52,36,8,16,16,0,0,0,0,0,0,0,0,2
53,48,8,24,17,0,0,0,0,0,0,0,0,3
54,48,8,16,17,0,0,0,0,0,0,0,0,2
55,28,8,16,18,0,0,0,0,0,0,0,0,2
56,44,8,16,19,0,0,0,0,0,0,0,0,2
57,24,8,16,19,0,0,0,0,0,0,0,0,2
58,36,8,24,19,0,0,0,0,0,0,0,0,3
59,36,8,24,19,0,0,0,0,0,0,0,0,3
60,36,8,24,19,0,0,0,0,0,0,0,0,3
61,36,8,24,19,0,0,0,0,0,0,0,0,3
62,36,8,24,19,0,0,0,0,0,0,0,0,3
63,48,8,24,20,0,0,0,0,0,0,0,0,3
64,28,8,24,20,0,0,0,0,0,0,0,0,3
65,52,8,32,21,0,0,0,0,0,0,0,0,4
66,44,8,32,23,0,0,0,0,0,0,0,0,4
67,24,8,32,23,0,0,0,0,0,0,0,0,4
68,24,8,32,23,0,0,0,0,0,0,0,0,4
69,24,8,32,23,0,0,0,0,0,0,0,0,4
70,24,8,32,23,0,0,0,0,0,0,0,0,4
71,36,8,32,23,0,0,0,0,0,0,0,0,4
72,32,8,24,23,0,0,0,0,0,0,0,0,3
73,20,8,16,23,0,0,0,0,0,0,0,0,2
74,20,8,16,23,0,0,0,0,0,0,0,0,2
75,20,8,16,23,0,0,0,0,0,0,0,0,2
76,20,8,16,23,0,0,0,0,0,0,0,0,2
77,20,8,16,23,0,0,0,0,0,0,0,0,2
78,20,8,16,23,0,0,0,0,0,0,0,0,2
79,20,8,16,23,0,0,0,0,0,0,0,0,2
80,32,8,16,23,0,0,0,0,0,0,0,0,2
81,44,8,24,24,0,0,0,0,0,0,0,0,3
82,44,8,24,24,0,0,0,0,0,0,0,0,3
83,56,8,24,25,0,0,0,0,0,0,0,0,3
84,36,8,24,26,0,0,0,0,0,0,0,0,3
85,36,8,24,26,0,0,0,0,0,0,0,0,3
86,36,8,24,26,0,0,0,0,0,0,0,0,3
87,48,8,32,26,0,0,0,0,0,0,0,0,4
88,60,8,32,26,0,0,0,0,0,0,0,0,4
89,52,8,32,26,0,0,0,0,0,0,0,0,4
90,32,8,32,26,0,0,0,0,0,0,0,0,4
91,44,8,32,26,0,0,0,0,0,0,0,0,4
92,44,8,32,26,0,0,0,0,0,0,0,0,4
93,44,8,32,26,0,0,0,0,0,0,0,0,4
94,44,8,32,26,0,0,0,0,0,0,0,0,4
95,56,8,40,26,0,0,0,0,0,0,0,0,5
96,68,8,40,26,0,0,0,0,0,0,0,0,5
97,116,8,56,28,0,0,0,0,0,0,0,0,7
98,88,8,48,28,0,0,0,0,0,0,0,0,6
99,80,8,56,29,0,0,0,0,0,0,0,0,7
100,80,8,56,29,0,0,0,0,0,0,0,0,7
101,92,8,56,29,0,0,0,0,0,0,0,0,7
102,84,8,56,29,0,0,0,0,0,0,0,0,7
103,76,8,64,30,0,0,0,0,0,0,0,0,8
104,88,8,64,30,0,0,0,0,0,0,0,0,8
105,80,8,64,30,0,0,0,0,0,0,0,0,8
106,128,8,80,31,0,0,0,0,0,0,0,0,10
107,96,8,72,31,0,0,0,0,0,0,0,0,9
108,68,8,64,31,0,0,0,0,0,0,0,0,8
109,80,8,64,31,0,0,0,0,0,0,0,0,8
110,60,8,56,31,0,0,0,0,0,0,0,0,7
111,72,8,56,31,0,0,0,0,0,0,0,0,7
112,36,8,48,31,0,0,0,0,0,0,0,0,6
113,36,8,48,31,0,0,0,0,0,0,0,0,6
114,60,8,64,32,0,0,0,0,0,0,0,0,8
115,96,8,80,34,0,0,0,0,0,0,0,0,10
116,88,8,72,34,0,0,0,0,0,0,0,0,9
117,92,8,80,34,0,0,0,0,0,0,0,0,10
118,72,8,80,34,0,0,0,0,0,0,0,0,10
119,108,8,80,35,0,0,0,0,0,0,0,0,10
120,88,8,80,36,0,0,0,0,0,0,0,0,10
121,88,8,80,36,0,0,0,0,0,0,0,0,10
122,92,8,80,36,0,0,0,0,0,0,0,0,10
123,104,8,88,36,0,0,0,0,0,0,0,0,11
124,100,8,88,36,0,0,0,0,0,0,0,0,11
125,120,8,72,37,0,0,0,0,0,0,0,0,9
126,92,8,72,38,0,0,0,0,0,0,0,0,9
127,84,8,72,38,0,0,0,0,0,0,0,0,9
128,88,8,80,39,0,0,0,0,0,0,0,0,10
129,100,8,88,39,0,0,0,0,0,0,0,0,11
130,84,8,88,39,0,0,0,0,0,0,0,0,11
131,84,8,88,39,0,0,0,0,0,0,0,0,11
132,84,8,96,39,0,0,0,0,0,0,0,0,12
133,120,8,96,40,0,0,0,0,0,0,0,0,12
134,76,8,88,40,0,0,0,0,0,0,0,0,11
135,124,8,88,41,0,0,0,0,0,0,0,0,11
136,116,8,88,42,0,0,0,0,0,0,0,0,11
137,108,8,88,42,0,0,0,0,0,0,0,0,11
138,104,8,88,42,0,0,0,0,0,0,0,0,11
139,112,8,96,42,0,0,0,0,0,0,0,0,12
140,144,8,96,42,0,0,0,0,0,0,0,0,12
141,136,8,104,43,0,0,0,0,0,0,0,0,13
142,136,8,104,43,0,0,0,0,0,0,0,0,13
143,116,8,104,44,0,0,0,0,0,0,0,0,13
144,128,8,104,44,0,0,0,0,0,0,0,0,13
145,132,8,96,44,0,0,0,0,0,0,0,0,12
146,124,8,96,45,0,0,0,0,0,0,0,0,12
147,132,8,88,45,0,0,0,0,0,0,0,0,11
148,116,8,88,46,0,0,0,0,0,0,0,0,11
149,128,8,96,46,0,0,0,0,0,0,0,0,12
150,136,8,88,46,0,0,0,0,0,0,0,0,11
151,128,8,88,46,0,0,0,0,0,0,0,0,11
152,124,8,72,46,0,0,0,0,0,0,0,0,9
153,116,8,72,48,0,0,0,0,0,0,0,0,9
154,108,8,72,48,0,0,0,0,0,0,0,0,9
155,156,8,80,48,0,0,0,0,0,0,0,0,10
156,128,8,80,49,0,0,0,0,0,0,0,0,10
157,76,8,88,49,0,0,0,0,0,0,0,0,11
158,96,8,96,49,0,0,0,0,0,0,0,0,12
159,120,8,96,49,0,0,0,0,0,0,0,0,12
160,148,8,96,50,0,0,0,0,0,0,0,0,12
161,148,8,96,50,0,0,0,0,0,0,0,0,12
162,128,8,96,51,0,0,0,0,0,0,0,0,12
163,140,8,88,51,0,0,0,0,0,0,0,0,11
164,140,8,80,51,0,0,0,0,0,0,0,0,10
165,152,8,80,51,0,0,0,0,0,0,0,0,10
166,132,8,104,52,0,0,0,0,0,0,0,0,13
167,136,8,104,52,0,0,0,0,0,0,0,0,13
168,124,8,96,53,0,0,0,0,0,0,0,0,12
169,128,8,104,53,0,0,0,0,0,0,0,0,13
170,128,8,104,53,0,0,0,0,0,0,0,0,13
171,176,8,112,53,0,0,0,0,0,0,0,0,14
172,140,8,120,53,0,0,0,0,0,0,0,0,15
173,120,8,120,54,0,0,0,0,0,0,0,0,15
174,128,8,128,54,0,0,0,0,0,0,0,0,16
175,164,8,128,54,0,0,0,0,0,0,0,0,16
176,160,8,128,55,0,0,0,0,0,0,0,0,16
177,164,8,136,58,0,0,0,0,0,0,0,0,17
178,176,8,144,58,0,0,0,0,0,0,0,0,18
179,224,8,144,58,0,0,0,0,0,0,0,0,18
180,156,8,136,59,0,0,0,0,0,0,0,0,17
181,188,8,128,60,0,0,0,0,0,0,0,0,16
182,124,8,128,60,0,0,0,0,0,0,0,0,16
183,124,8,120,60,0,0,0,0,0,0,0,0,15
184,116,8,120,60,0,0,0,0,0,0,0,0,15
185,152,8,128,61,0,0,0,0,0,0,0,0,16
186,160,8,128,61,0,0,0,0,0,0,0,0,16
187,204,8,120,61,0,0,0,0,0,0,0,0,15
188,176,8,128,62,0,0,0,0,0,0,0,0,16
189,176,8,128,62,0,0,0,0,0,0,0,0,16
190,140,8,128,63,0,0,0,0,0,0,0,0,16
191,164,8,136,63,0,0,0,0,0,0,0,0,17
192,188,8,136,63,0,0,0,0,0,0,0,0,17
193,236,8,136,63,0,0,0,0,0,0,0,0,17
194,212,8,152,65,0,0,0,0,0,0,0,0,19
195,216,8,152,67,0,0,0,0,0,0,0,0,19
196,212,8,144,68,0,0,0,0,0,0,0,0,18
197,172,8,136,68,0,0,0,0,0,0,0,0,17
198,160,8,136,68,0,0,0,0,0,0,0,0,17
199,184,8,128,68,0,0,0,0,0,0,0,0,16
200,164,8,128,68,0,0,0,0,0,0,0,0,16
201,200,8,120,68,0,0,0,0,0,0,0,0,15
202,216,8,120,69,0,0,0,0,0,0,0,0,15
203,232,8,136,70,0,0,0,0,0,0,0,0,17
204,248,8,136,71,0,0,0,0,0,0,0,0,17
205,232,8,136,71,0,0,0,0,0,0,0,0,17
206,236,8,144,71,0,0,0,0,0,0,0,0,18
207,224,8,144,71,0,0,0,0,0,0,0,0,18
208,224,8,136,71,0,0,0,0,0,0,0,0,17
209,228,8,128,71,0,0,0,0,0,0,0,0,16
210,168,8,136,73,0,0,0,0,0,0,0,0,17
211,248,8,144,73,0,0,0,0,0,0,0,0,18
212,224,8,144,73,0,0,0,0,0,0,0,0,18
213,196,8,136,73,0,0,0,0,0,0,0,0,17
214,212,8,144,74,0,0,0,0,0,0,0,0,18
215,172,8,144,74,0,0,0,0,0,0,0,0,18
216,184,8,152,75,0,0,0,0,0,0,0,0,19
217,196,8,144,75,0,0,0,0,0,0,0,0,18
218,244,8,168,75,0,0,0,0,0,0,0,0,21
219,276,8,168,76,0,0,0,0,0,0,0,0,21
220,276,8,160,78,0,0,0,0,0,0,0,0,20
221,224,8,168,79,0,0,0,0,0,0,0,0,21
222,260,8,168,79,0,0,0,0,0,0,0,0,21
223,220,8,168,79,0,0,0,0,0,0,0,0,21
224,268,8,176,79,0,0,0,0,0,0,0,0,22
225,220,8,168,80,0,0,0,0,0,0,0,0,21
226,224,8,168,80,0,0,0,0,0,0,0,0,21
227,224,8,160,81,0,0,0,0,0,0,0,0,20
228,220,8,168,81,0,0,0,0,0,0,0,0,21
229,236,8,168,81,0,0,0,0,0,0,0,0,21
230,256,8,176,82,0,0,0,0,0,0,0,0,22
231,268,8,176,83,0,0,0,0,0,0,0,0,22
232,236,8,160,83,0,0,0,0,0,0,0,0,20
233,224,8,176,84,0,0,0,0,0,0,0,0,22
234,260,8,192,84,0,0,0,0,0,0,0,0,24
235,228,8,192,84,0,0,0,0,0,0,0,0,24
236,232,8,192,85,0,0,0,0,0,0,0,0,24
237,312,8,208,85,0,0,0,0,0,0,0,0,26
238,256,8,208,85,0,0,0,0,0,0,0,0,26
239,240,8,216,85,0,0,0,0,0,0,0,0,27
240,256,8,224,85,0,0,0,0,0,0,0,0,28
241,304,8,240,85,0,0,0,0,0,0,0,0,30
242,324,8,232,85,0,0,0,0,0,0,0,0,29
243,332,8,224,87,0,0,0,0,0,0,0,0,28
244,308,8,232,89,0,0,0,0,0,0,0,0,29
245,300,8,224,89,0,0,0,0,0,0,0,0,28
246,280,8,224,89,0,0,0,0,0,0,0,0,28
247,364,8,232,89,0,0,0,0,0,0,0,0,29
248,324,8,232,90,0,0,0,0,0,0,0,0,29
249,296,8,232,90,0,0,0,0,0,0,0,0,29
250,256,8,216,90,0,0,0,0,0,0,0,0,27
251,232,8,224,90,0,0,0,0,0,0,0,0,28
252,224,8,224,90,0,0,0,0,0,0,0,0,28
253,252,8,224,90,0,0,0,0,0,0,0,0,28
254,248,8,224,91,0,0,0,0,0,0,0,0,28
255,268,8,232,92,0,0,0,0,0,0,0,0,29
256,256,8,224,93,0,0,0,0,0,0,0,0,28
257,296,8,224,93,0,0,0,0,0,0,0,0,28
258,280,8,232,93,0,0,0,0,0,0,0,0,29
259,276,8,216,93,0,0,0,0,0,0,0,0,27
260,348,8,224,93,0,0,0,0,0,0,0,0,28
261,312,8,224,94,0,0,0,0,0,0,0,0,28
262,276,8,224,94,0,0,0,0,0,0,0,0,28
263,300,8,216,95,0,0,0,0,0,0,0,0,27
264,236,8,216,95,0,0,0,0,0,0,0,0,27
265,340,8,224,95,0,0,0,0,0,0,0,0,28
266,292,8,216,95,0,0,0,0,0,0,0,0,27
267,308,8,208,96,0,0,0,0,0,0,0,0,26
268,232,8,216,96,0,0,0,0,0,0,0,0,27
269,220,8,216,96,0,0,0,0,0,0,0,0,27
270,280,8,224,96,0,0,0,0,0,0,0,0,28
271,256,8,224,96,0,0,0,0,0,0,0,0,28
272,236,8,224,96,0,0,0,0,0,0,0,0,28
273,296,8,224,96,0,0,0,0,0,0,0,0,28
274,304,8,232,97,0,0,0,0,0,0,0,0,29
275,280,8,232,97,0,0,0,0,0,0,0,0,29
276,336,8,224,97,0,0,0,0,0,0,0,0,28
277,320,8,224,97,0,0,0,0,0,0,0,0,28
278,316,8,224,97,0,0,0,0,0,0,0,0,28
279,312,8,216,97,0,0,0,0,0,0,0,0,27
280,304,8,216,97,0,0,0,0,0,0,0,0,27
281,292,8,200,97,0,0,0,0,0,0,0,0,25
282,356,8,216,98,0,0,0,0,0,0,0,0,27
283,312,8,216,98,0,0,0,0,0,0,0,0,27
284,296,8,232,98,0,0,0,0,0,0,0,0,29
285,344,8,248,98,0,0,0,0,0,0,0,0,31
286,328,8,256,98,0,0,0,0,0,0,0,0,32
287,364,8,240,99,0,0,0,0,0,0,0,0,30
288,324,8,240,99,0,0,0,0,0,0,0,0,30
289,324,8,232,99,0,0,0,0,0,0,0,0,29
290,296,8,232,99,0,0,0,0,0,0,0,0,29
291,396,8,248,99,0,0,0,0,0,0,0,0,31
292,316,8,232,99,0,0,0,0,0,0,0,0,29
293,356,8,248,99,0,0,0,0,0,0,0,0,31
294,340,8,224,99,0,0,0,0,0,0,0,0,28
295,264,8,216,99,0,0,0,0,0,0,0,0,27
296,224,8,200,99,0,0,0,0,0,0,0,0,25
297,292,8,224,99,0,0,0,0,0,0,0,0,28
298,296,8,232,99,0,0,0,0,0,0,0,0,29
299,356,8,232,99,0,0,0,0,0,0,0,0,29
300,312,8,240,99,0,0,0,0,0,0,0,0,30
301,308,8,224,99,0,0,0,0,0,0,0,0,28
302,316,8,232,99,0,0,0,0,0,0,0,0,29
303,344,8,240,99,0,0,0,0,0,0,0,0,30
304,296,8,240,99,0,0,0,0,0,0,0,0,30
305,300,8,240,99,0,0,0,0,0,0,0,0,30
306,348,8,224,99,0,0,0,0,0,0,0,0,28
307,344,8,224,99,0,0,0,0,0,0,0,0,28
308,360,8,232,99,0,0,0,0,0,0,0,0,29
309,420,8,256,99,0,0,0,0,0,0,0,0,32
310,384,8,256,99,0,0,0,0,0,0,0,0,32
311,388,8,240,99,0,0,0,0,0,0,0,0,30
312,356,8,232,99,0,0,0,0,0,0,0,0,29
313,316,8,224,99,0,0,0,0,0,0,0,0,28
314,296,8,224,99,0,0,0,0,0,0,0,0,28
315,332,8,232,99,0,0,0,0,0,0,0,0,29
316,296,8,224,99,0,0,0,0,0,0,0,0,28
317,292,8,232,99,0,0,0,0,0,0,0,0,29
318,372,8,256,99,0,0,0,0,0,0,0,0,32
319,336,8,240,99,0,0,0,0,0,0,0,0,30
320,380,8,264,99,0,0,0,0,0,0,0,0,33
321,464,8,280,99,0,0,0,0,0,0,0,0,35
322,412,8,288,99,0,0,0,0,0,0,0,0,36
323,408,8,280,99,0,0,0,0,0,0,0,0,35
324,400,8,280,99,0,0,0,0,0,0,0,0,35
325,396,8,272,99,0,0,0,0,0,0,0,0,34
326,388,8,272,99,0,0,0,0,0,0,0,0,34
327,396,8,264,99,0,0,0,0,0,0,0,0,33
328,408,8,264,99,0,0,0,0,0,0,0,0,33
329,416,8,240,99,0,0,0,0,0,0,0,0,30
330,340,8,240,99,0,0,0,0,0,0,0,0,30
331,352,8,240,99,0,0,0,0,0,0,0,0,30
332,316,8,256,99,0,0,0,0,0,0,0,0,32
333,308,8,232,99,0,0,0,0,0,0,0,0,29
334,320,8,248,99,0,0,0,0,0,0,0,0,31
335,344,8,264,99,0,0,0,0,0,0,0,0,33
336,392,8,272,99,0,0,0,0,0,0,0,0,34
337,432,8,288,99,0,0,0,0,0,0,0,0,36
338,396,8,288,99,0,0,0,0,0,0,0,0,36
339,432,8,264,99,0,0,0,0,0,0,0,0,33
340,344,8,280,99,0,0,0,0,0,0,0,0,35
341,380,8,304,99,0,0,0,0,0,0,0,0,38
342,392,8,296,100,0,0,0,0,0,0,0,0,37
343,512,8,328,100,0,0,0,0,0,0,0,0,41
344,464,8,312,100,0,0,0,0,0,0,0,0,39
345,424,8,304,100,0,0,0,0,0,0,0,0,38
346,372,8,296,100,0,0,0,0,0,0,0,0,37
347,420,8,296,100,0,0,0,0,0,0,0,0,37
348,404,8,312,100,0,0,0,0,0,0,0,0,39
349,396,8,312,100,0,0,0,0,0,0,0,0,39
350,424,8,320,100,0,0,0,0,0,0,0,0,40
351,456,8,344,100,0,0,0,0,0,0,0,0,43
352,484,8,352,100,0,0,0,0,0,0,0,0,44
353,556,8,360,100,0,0,0,0,0,0,0,0,45
354,532,8,352,100,0,0,0,0,0,0,0,0,44
355,524,8,352,100,0,0,0,0,0,0,0,0,44
356,496,8,336,100,0,0,0,0,0,0,0,0,42
357,440,8,336,100,0,0,0,0,0,0,0,0,42
358,404,8,344,100,0,0,0,0,0,0,0,0,43
359,416,8,344,100,0,0,0,0,0,0,0,0,43
360,488,8,336,100,0,0,0,0,0,0,0,0,42
361,456,8,344,100,0,0,0,0,0,0,0,0,43
362,564,8,360,100,0,0,0,0,0,0,0,0,45
363,472,8,344,100,0,0,0,0,0,0,0,0,43
364,428,8,336,100,0,0,0,0,0,0,0,0,42
365,472,8,360,100,0,0,0,0,0,0,0,0,45
366,508,8,368,100,0,0,0,0,0,0,0,0,46
367,504,8,352,100,0,0,0,0,0,0,0,0,44
368,520,8,344,100,0,0,0,0,0,0,0,0,43
369,536,8,344,100,0,0,0,0,0,0,0,0,43
370,588,8,376,100,0,0,0,0,0,0,0,0,47
371,496,8,376,100,0,0,0,0,0,0,0,0,47
372,600,8,384,100,0,0,0,0,0,0,0,0,48
373,480,8,336,100,0,0,0,0,0,0,0,0,42
374,532,8,360,100,0,0,0,0,0,0,0,0,45
375,452,8,352,100,0,0,0,0,0,0,0,0,44
376,472,8,360,100,0,0,0,0,0,0,0,0,45
377,540,8,344,100,0,0,0,0,0,0,0,0,43
378,588,8,344,100,0,0,0,0,0,0,0,0,43
379,464,8,312,100,0,0,0,0,0,0,0,0,39
380,496,8,344,100,0,0,0,0,0,0,0,0,43
381,568,8,352,100,0,0,0,0,0,0,0,0,44
382,552,8,368,100,0,0,0,0,0,0,0,0,46
383,536,8,360,100,0,0,0,0,0,0,0,0,45
384,548,8,376,100,0,0,0,0,0,0,0,0,47
385,544,8,384,100,0,0,0,0,0,0,0,0,48
386,560,8,384,100,0,0,0,0,0,0,0,0,48
387,584,8,392,100,0,0,0,0,0,0,0,0,49
388,532,8,384,100,0,0,0,0,0,0,0,0,48
389,672,8,400,100,0,0,0,0,0,0,0,0,50
390,612,8,416,100,0,0,0,0,0,0,0,0,52
391,560,8,400,100,0,0,0,0,0,0,0,0,50
392,636,8,392,100,0,0,0,0,0,0,0,0,49
393,664,8,424,100,0,0,0,0,0,0,0,0,53
394,584,8,432,100,0,0,0,0,0,0,0,0,54
395,552,8,448,100,0,0,0,0,0,0,0,0,56
396,616,8,456,100,0,0,0,0,0,0,0,0,57
397,648,8,432,100,0,0,0,0,0,0,0,0,54
398,584,8,440,100,0,0,0,0,0,0,0,0,55
399,572,8,464,100,0,0,0,0,0,0,0,0,58
400,608,8,464,100,0,0,0,0,0,0,0,0,58
401,728,8,456,100,0,0,0,0,0,0,0,0,57
402,660,8,456,100,0,0,0,0,0,0,0,0,57
403,560,8,456,100,0,0,0,0,0,0,0,0,57
404,640,8,480,100,0,0,0,0,0,0,0,0,60
405,624,8,480,100,0,0,0,0,0,0,0,0,60
406,700,8,496,100,0,0,0,0,0,0,0,0,62
407,604,8,472,100,0,0,0,0,0,0,0,0,59
408,604,8,480,100,0,0,0,0,0,0,0,0,60
409,632,8,504,100,0,0,0,0,0,0,0,0,63
410,712,8,520,100,0,0,0,0,0,0,0,0,65
411,724,8,512,100,0,0,0,0,0,0,0,0,64
412,732,8,520,100,0,0,0,0,0,0,0,0,65
413,680,8,520,100,0,0,0,0,0,0,0,0,65
414,700,8,496,100,0,0,0,0,0,0,0,0,62
415,756,8,528,100,0,0,0,0,0,0,0,0,66
416,728,8,528,100,0,0,0,0,0,0,0,0,66
417,676,8,528,100,0,0,0,0,0,0,0,0,66
418,716,8,504,100,0,0,0,0,0,0,0,0,63
419,612,8,520,100,0,0,0,0,0,0,0,0,65
420,676,8,520,100,0,0,0,0,0,0,0,0,65
421,696,8,520,100,0,0,0,0,0,0,0,0,65
422,740,8,520,100,0,0,0,0,0,0,0,0,65
423,732,8,512,100,0,0,0,0,0,0,0,0,64
424,780,8,496,100,0,0,0,0,0,0,0,0,62
425,784,8,504,100,0,0,0,0,0,0,0,0,63
426,764,8,488,100,0,0,0,0,0,0,0,0,61
427,772,8,512,100,0,0,0,0,0,0,0,0,64
428,724,8,496,100,0,0,0,0,0,0,0,0,62
429,784,8,488,100,0,0,0,0,0,0,0,0,61
430,732,8,440,100,0,0,0,0,0,0,0,0,55
431,652,8,472,100,0,0,0,0,0,0,0,0,59
432,672,8,488,100,0,0,0,0,0,0,0,0,61
433,688,8,488,100,0,0,0,0,0,0,0,0,61
434,724,8,480,100,0,0,0,0,0,0,0,0,60
435,712,8,488,100,0,0,0,0,0,0,0,0,61
436,692,8,472,100,0,0,0,0,0,0,0,0,59
437,640,8,456,100,0,0,0,0,0,0,0,0,57
438,592,8,464,100,0,0,0,0,0,0,0,0,58
439,620,8,488,100,0,0,0,0,0,0,0,0,61
440,632,8,480,100,0,0,0,0,0,0,0,0,60
441,600,8,472,100,0,0,0,0,0,0,0,0,59
442,628,8,488,100,0,0,0,0,0,0,0,0,61
443,684,8,496,100,0,0,0,0,0,0,0,0,62
444,772,8,496,100,0,0,0,0,0,0,0,0,62
445,724,8,480,100,0,0,0,0,0,0,0,0,60
446,728,8,480,100,0,0,0,0,0,0,0,0,60
447,724,8,456,100,0,0,0,0,0,0,0,0,57
448,644,8,432,100,0,0,0,0,0,0,0,0,54
449,636,8,440,100,0,0,0,0,0,0,0,0,55
450,592,8,448,100,0,0,0,0,0,0,0,0,56
451,676,8,472,100,0,0,0,0,0,0,0,0,59
452,644,8,448,100,0,0,0,0,0,0,0,0,56
453,700,8,480,100,0,0,0,0,0,0,0,0,60
454,676,8,448,100,0,0,0,0,0,0,0,0,56
455,652,8,456,100,0,0,0,0,0,0,0,0,57
456,804,8,472,100,0,0,0,0,0,0,0,0,59
457,628,8,424,100,0,0,0,0,0,0,0,0,53
458,532,8,424,100,0,0,0,0,0,0,0,0,53
459,556,8,424,100,0,0,0,0,0,0,0,0,53
460,600,8,408,100,0,0,0,0,0,0,0,0,51
461,640,8,400,100,0,0,0,0,0,0,0,0,50
462,720,8,416,100,0,0,0,0,0,0,0,0,52
463,728,8,432,100,0,0,0,0,0,0,0,0,54
464,756,8,464,100,0,0,0,0,0,0,0,0,58
465,796,8,472,100,0,0,0,0,0,0,0,0,59
466,744,8,480,100,0,0,0,0,0,0,0,0,60
467,748,8,448,100,0,0,0,0,0,0,0,0,56
468,652,8,456,100,0,0,0,0,0,0,0,0,57
469,748,8,488,100,0,0,0,0,0,0,0,0,61
470,724,8,480,100,0,0,0,0,0,0,0,0,60
471,736,8,472,100,0,0,0,0,0,0,0,0,59
472,788,8,480,100,0,0,0,0,0,0,0,0,60
473,896,8,496,100,0,0,0,0,0,0,0,0,62
474,932,8,512,100,0,0,0,0,0,0,0,0,64
475,888,8,504,100,0,0,0,0,0,0,0,0,63
476,888,8,496,100,0,0,0,0,0,0,0,0,62
477,1024,8,472,100,0,0,0,0,0,0,0,0,59
478,868,8,448,100,0,0,0,0,0,0,0,0,56
479,728,8,440,100,0,0,0,0,0,0,0,0,55
480,784,8,448,100,0,0,0,0,0,0,0,0,56
481,900,8,480,100,0,0,0,0,0,0,0,0,60
482,1000,8,480,100,0,0,0,0,0,0,0,0,60
483,980,8,440,100,0,0,0,0,0,0,0,0,55
484,896,8,472,100,0,0,0,0,0,0,0,0,59
485,956,8,472,100,0,0,0,0,0,0,0,0,59
486,1072,8,448,100,0,0,0,0,0,0,0,0,56
487,876,8,384,100,0,0,0,0,0,0,0,0,48
488,1000,8,440,100,0,0,0,0,0,0,0,0,55
489,1016,8,456,100,0,0,0,0,0,0,0,0,57
490,1092,8,448,100,0,0,0,0,0,0,0,0,56
491,1016,8,432,100,0,0,0,0,0,0,0,0,54
492,928,8,432,100,0,0,0,0,0,0,0,0,54
493,928,8,456,100,0,0,0,0,0,0,0,0,57
494,916,8,480,100,0,0,0,0,0,0,0,0,60
495,880,8,488,100,0,0,0,0,0,0,0,0,61
496,864,8,472,100,0,0,0,0,0,0,0,0,59
497,752,8,472,100,0,0,0,0,0,0,0,0,59
498,740,8,456,100,0,0,0,0,0,0,0,0,57
499,816,8,464,100,0,0,0,0,0,0,0,0,58
500,840,8,464,100,0,0,0,0,0,0,0,0,58
501,724,8,456,100,0,0,0,0,0,0,0,0,57
502,748,8,464,100,0,0,0,0,0,0,0,0,58
503,732,8,440,100,0,0,0,0,0,0,0,0,55
504,724,8,448,100,0,0,0,0,0,0,0,0,56
505,764,8,456,100,0,0,0,0,0,0,0,0,57
506,836,8,424,100,0,0,0,0,0,0,0,0,53
507,664,8,416,100,0,0,0,0,0,0,0,0,52
508,768,8,432,100,0,0,0,0,0,0,0,0,54
509,836,8,432,100,0,0,0,0,0,0,0,0,54
510,772,8,424,100,0,0,0,0,0,0,0,0,53
511,980,8,456,100,0,0,0,0,0,0,0,0,57
512,1000,8,432,100,0,0,0,0,0,0,0,0,54
513,900,8,440,100,0,0,0,0,0,0,0,0,55
514,916,8,464,100,0,0,0,0,0,0,0,0,58
515,928,8,432,100,0,0,0,0,0,0,0,0,54
516,820,8,456,100,0,0,0,0,0,0,0,0,57
517,756,8,440,100,0,0,0,0,0,0,0,0,55
518,828,8,480,100,0,0,0,0,0,0,0,0,60
519,772,8,424,100,0,0,0,0,0,0,0,0,53
520,808,8,464,100,0,0,0,0,0,0,0,0,58
521,868,8,440,100,0,0,0,0,0,0,0,0,55
522,1040,8,472,100,0,0,0,0,0,0,0,0,59
523,952,8,408,100,0,0,0,0,0,0,0,0,51
524,900,8,408,100,0,0,0,0,0,0,0,0,51
525,952,8,408,100,0,0,0,0,0,0,0,0,51
526,1064,8,440,100,0,0,0,0,0,0,0,0,55
527,948,8,408,100,0,0,0,0,0,0,0,0,51
528,964,8,424,100,0,0,0,0,0,0,0,0,53
529,944,8,416,100,0,0,0,0,0,0,0,0,52
530,892,8,408,100,0,0,0,0,0,0,0,0,51
531,952,8,424,100,0,0,0,0,0,0,0,0,53
532,920,8,440,100,0,0,0,0,0,0,0,0,55
533,1020,8,448,100,0,0,0,0,0,0,0,0,56
534,1104,8,440,100,0,0,0,0,0,0,0,0,55
535,1052,8,424,100,0,0,0,0,0,0,0,0,53
536,1096,8,440,100,0,0,0,0,0,0,0,0,55
537,1188,8,456,100,0,0,0,0,0,0,0,0,57
538,904,8,472,100,0,0,0,0,0,0,0,0,59
539,832,8,456,100,0,0,0,0,0,0,0,0,57
540,784,8,464,100,0,0,0,0,0,0,0,0,58
541,796,8,432,100,0,0,0,0,0,0,0,0,54
542,916,8,440,100,0,0,0,0,0,0,0,0,55
543,920,8,440,100,0,0,0,0,0,0,0,0,55
544,828,8,408,100,0,0,0,0,0,0,0,0,51
545,764,8,440,100,0,0,0,0,0,0,0,0,55
546,776,8,424,100,0,0,0,0,0,0,0,0,53
547,844,8,464,100,0,0,0,0,0,0,0,0,58
548,976,8,440,100,0,0,0,0,0,0,0,0,55
549,900,8,448,100,0,0,0,0,0,0,0,0,56
550,980,8,464,100,0,0,0,0,0,0,0,0,58
551,908,8,448,100,0,0,0,0,0,0,0,0,56
552,860,8,464,100,0,0,0,0,0,0,0,0,58
553,832,8,456,100,0,0,0,0,0,0,0,0,57
554,852,8,424,100,0,0,0,0,0,0,0,0,53
555,932,8,408,100,0,0,0,0,0,0,0,0,51
556,1024,8,432,100,0,0,0,0,0,0,0,0,54
557,1120,8,416,100,0,0,0,0,0,0,0,0,52
558,956,8,432,100,0,0,0,0,0,0,0,0,54
559,1100,8,432,100,0,0,0,0,0,0,0,0,54
560,1136,8,424,100,0,0,0,0,0,0,0,0,53
561,1176,8,440,100,0,0,0,0,0,0,0,0,55
562,1144,8,408,100,0,0,0,0,0,0,0,0,51
563,920,8,376,100,0,0,0,0,0,0,0,0,47
564,880,8,368,100,0,0,0,0,0,0,0,0,46
565,912,8,424,100,0,0,0,0,0,0,0,0,53
566,952,8,424,100,0,0,0,0,0,0,0,0,53
567,932,8,384,100,0,0,0,0,0,0,0,0,48
568,752,8,392,100,0,0,0,0,0,0,0,0,49
569,732,8,384,100,0,0,0,0,0,0,0,0,48
570,696,8,376,100,0,0,0,0,0,0,0,0,47
571,796,8,384,100,0,0,0,0,0,0,0,0,48
572,1008,8,408,100,0,0,0,0,0,0,0,0,51
573,1224,8,408,100,0,0,0,0,0,0,0,0,51
574,1120,8,400,100,0,0,0,0,0,0,0,0,50
575,1256,8,424,100,0,0,0,0,0,0,0,0,53
576,1068,8,416,100,0,0,0,0,0,0,0,0,52
577,964,8,400,100,0,0,0,0,0,0,0,0,50
578,924,8,376,100,0,0,0,0,0,0,0,0,47
579,1152,8,400,100,0,0,0,0,0,0,0,0,50
580,1276,8,408,100,0,0,0,0,0,0,0,0,51
581,1304,8,408,100,0,0,0,0,0,0,0,0,51
582,1224,8,392,100,0,0,0,0,0,0,0,0,49
583,1224,8,392,100,0,0,0,0,0,0,0,0,49
584,1144,8,360,100,0,0,0,0,0,0,0,0,45
585,1244,8,384,100,0,0,0,0,0,0,0,0,48
586,1256,8,400,100,0,0,0,0,0,0,0,0,50
587,1324,8,408,100,0,0,0,0,0,0,0,0,51
588,1088,8,400,100,0,0,0,0,0,0,0,0,50
589,852,8,408,100,0,0,0,0,0,0,0,0,51
590,900,8,432,100,0,0,0,0,0,0,0,0,54
591,976,8,416,100,0,0,0,0,0,0,0,0,52
592,924,8,424,100,0,0,0,0,0,0,0,0,53
593,1012,8,424,100,0,0,0,0,0,0,0,0,53
594,1028,8,424,100,0,0,0,0,0,0,0,0,53
595,1132,8,408,100,0,0,0,0,0,0,0,0,51
596,1128,8,408,100,0,0,0,0,0,0,0,0,51
597,980,8,352,100,0,0,0,0,0,0,0,0,44
598,708,8,352,100,0,0,0,0,0,0,0,0,44
599,796,8,392,100,0,0,0,0,0,0,0,0,49
600,836,8,400,100,0,0,0,0,0,0,0,0,50
601,820,8,392,100,0,0,0,0,0,0,0,0,49
602,920,8,384,100,0,0,0,0,0,0,0,0,48
603,784,8,384,100,0,0,0,0,0,0,0,0,48
604,888,8,392,100,0,0,0,0,0,0,0,0,49
605,840,8,416,100,0,0,0,0,0,0,0,0,52
606,908,8,424,100,0,0,0,0,0,0,0,0,53
607,884,8,440,100,0,0,0,0,0,0,0,0,55
608,992,8,416,100,0,0,0,0,0,0,0,0,52
609,996,8,384,100,0,0,0,0,0,0,0,0,48
610,752,8,352,100,0,0,0,0,0,0,0,0,44
611,888,8,384,100,0,0,0,0,0,0,0,0,48
612,1012,8,376,100,0,0,0,0,0,0,0,0,47
613,1028,8,376,100,0,0,0,0,0,0,0,0,47
614,1044,8,384,100,0,0,0,0,0,0,0,0,48
615,1224,8,408,100,0,0,0,0,0,0,0,0,51
616,1276,8,416,100,0,0,0,0,0,0,0,0,52
617,1068,8,392,100,0,0,0,0,0,0,0,0,49
618,1180,8,392,100,0,0,0,0,0,0,0,0,49
619,1200,8,416,100,0,0,0,0,0,0,0,0,52
620,1296,8,416,100,0,0,0,0,0,0,0,0,52
621,1032,8,376,100,0,0,0,0,0,0,0,0,47
622,1016,8,400,100,0,0,0,0,0,0,0,0,50
623,996,8,424,100,0,0,0,0,0,0,0,0,53
624,1088,8,424,100,0,0,0,0,0,0,0,0,53
625,1044,8,408,100,0,0,0,0,0,0,0,0,51
626,896,8,384,100,0,0,0,0,0,0,0,0,48
627,1044,8,384,100,0,0,0,0,0,0,0,0,48
628,908,8,368,100,0,0,0,0,0,0,0,0,46
629,808,8,376,100,0,0,0,0,0,0,0,0,47
630,900,8,416,100,0,0,0,0,0,0,0,0,52
631,832,8,432,100,0,0,0,0,0,0,0,0,54
632,932,8,456,100,0,0,0,0,0,0,0,0,57
633,880,8,472,100,0,0,0,0,0,0,0,0,59
634,812,8,424,100,0,0,0,0,0,0,0,0,53
635,908,8,448,100,0,0,0,0,0,0,0,0,56
636,816,8,392,100,0,0,0,0,0,0,0,0,49
637,872,8,416,100,0,0,0,0,0,0,0,0,52
638,924,8,424,100,0,0,0,0,0,0,0,0,53
639,972,8,416,100,0,0,0,0,0,0,0,0,52
640,932,8,408,100,0,0,0,0,0,0,0,0,51
641,1064,8,440,100,0,0,0,0,0,0,0,0,55
642,1220,8,456,100,0,0,0,0,0,0,0,0,57
643,948,8,400,100,0,0,0,0,0,0,0,0,50
644,804,8,416,100,0,0,0,0,0,0,0,0,52
645,972,8,456,100,0,0,0,0,0,0,0,0,57
646,888,8,408,100,0,0,0,0,0,0,0,0,51
647,1072,8,440,100,0,0,0,0,0,0,0,0,55
648,920,8,400,100,0,0,0,0,0,0,0,0,50
649,1116,8,440,100,0,0,0,0,0,0,0,0,55
650,824,8,400,100,0,0,0,0,0,0,0,0,50
651,808,8,392,100,0,0,0,0,0,0,0,0,49
652,936,8,440,100,0,0,0,0,0,0,0,0,55
653,1100,8,424,100,0,0,0,0,0,0,0,0,53
654,984,8,368,100,0,0,0,0,0,0,0,0,46
655,1032,8,400,100,0,0,0,0,0,0,0,0,50
656,1060,8,368,100,0,0,0,0,0,0,0,0,46
657,1052,8,352,100,0,0,0,0,0,0,0,0,44
658,964,8,360,100,0,0,0,0,0,0,0,0,45
659,904,8,360,100,0,0,0,0,0,0,0,0,45
660,1048,8,416,100,0,0,0,0,0,0,0,0,52
661,1116,8,376,100,0,0,0,0,0,0,0,0,47
662,1092,8,392,100,0,0,0,0,0,0,0,0,49
663,1056,8,424,100,0,0,0,0,0,0,0,0,53
664,996,8,416,100,0,0,0,0,0,0,0,0,52
665,1088,8,432,100,0,0,0,0,0,0,0,0,54
666,1128,8,424,100,0,0,0,0,0,0,0,0,53
667,1200,8,416,100,0,0,0,0,0,0,0,0,52
668,1108,8,408,100,0,0,0,0,0,0,0,0,51
669,1016,8,416,100,0,0,0,0,0,0,0,0,52
670,1112,8,392,100,0,0,0,0,0,0,0,0,49
671,1024,8,392,100,0,0,0,0,0,0,0,0,49
672,1156,8,432,100,0,0,0,0,0,0,0,0,54
673,1012,8,424,100,0,0,0,0,0,0,0,0,53
674,1044,8,408,100,0,0,0,0,0,0,0,0,51
675,1056,8,432,100,0,0,0,0,0,0,0,0,54
676,1172,8,448,100,0,0,0,0,0,0,0,0,56
677,1104,8,456,100,0,0,0,0,0,0,0,0,57
678,1224,8,456,100,0,0,0,0,0,0,0,0,57
679,940,8,424,100,0,0,0,0,0,0,0,0,53
680,800,8,400,100,0,0,0,0,0,0,0,0,50
681,956,8,424,100,0,0,0,0,0,0,0,0,53
682,1028,8,416,100,0,0,0,0,0,0,0,0,52
683,916,8,408,100,0,0,0,0,0,0,0,0,51
684,944,8,424,100,0,0,0,0,0,0,0,0,53
685,992,8,424,100,0,0,0,0,0,0,0,0,53
686,1044,8,448,100,0,0,0,0,0,0,0,0,56
687,948,8,464,100,0,0,0,0,0,0,0,0,58
688,944,8,456,100,0,0,0,0,0,0,0,0,57
689,872,8,472,100,0,0,0,0,0,0,0,0,59
690,956,8,440,100,0,0,0,0,0,0,0,0,55
691,956,8,440,100,0,0,0,0,0,0,0,0,55
692,932,8,408,100,0,0,0,0,0,0,0,0,51
693,1028,8,424,100,0,0,0,0,0,0,0,0,53
694,1036,8,448,100,0,0,0,0,0,0,0,0,56
695,816,8,440,100,0,0,0,0,0,0,0,0,55
696,896,8,488,100,0,0,0,0,0,0,0,0,61
697,864,8,472,100,0,0,0,0,0,0,0,0,59
698,1108,8,496,100,0,0,0,0,0,0,0,0,62
699,972,8,456,100,0,0,0,0,0,0,0,0,57
700,976,8,408,100,0,0,0,0,0,0,0,0,51
701,828,8,376,100,0,0,0,0,0,0,0,0,47
702,812,8,408,100,0,0,0,0,0,0,0,0,51
703,924,8,440,100,0,0,0,0,0,0,0,0,55
704,984,8,456,100,0,0,0,0,0,0,0,0,57
705,940,8,432,100,0,0,0,0,0,0,0,0,54
706,908,8,424,100,0,0,0,0,0,0,0,0,53
707,768,8,424,100,0,0,0,0,0,0,0,0,53
708,932,8,440,100,0,0,0,0,0,0,0,0,55
709,852,8,408,100,0,0,0,0,0,0,0,0,51
710,860,8,448,100,0,0,0,0,0,0,0,0,56
711,924,8,440,100,0,0,0,0,0,0,0,0,55
712,856,8,424,100,0,0,0,0,0,0,0,0,53
713,964,8,424,100,0,0,0,0,0,0,0,0,53
714,912,8,408,100,0,0,0,0,0,0,0,0,51
715,1032,8,464,100,0,0,0,0,0,0,0,0,58
716,956,8,440,100,0,0,0,0,0,0,0,0,55
717,816,8,400,100,0,0,0,0,0,0,0,0,50
718,820,8,408,100,0,0,0,0,0,0,0,0,51
719,868,8,440,100,0,0,0,0,0,0,0,0,55
720,868,8,424,100,0,0,0,0,0,0,0,0,53
721,844,8,464,100,0,0,0,0,0,0,0,0,58
722,888,8,464,100,0,0,0,0,0,0,0,0,58
723,1004,8,464,100,0,0,0,0,0,0,0,0,58
724,724,8,456,100,0,0,0,0,0,0,0,0,57
725,584,8,440,100,0,0,0,0,0,0,0,0,55
726,724,8,448,100,0,0,0,0,0,0,0,0,56
727,860,8,472,100,0,0,0,0,0,0,0,0,59
728,884,8,464,100,0,0,0,0,0,0,0,0,58
729,860,8,456,100,0,0,0,0,0,0,0,0,57
730,904,8,456,100,0,0,0,0,0,0,0,0,57
731,884,8,480,100,0,0,0,0,0,0,0,0,60
732,884,8,488,100,0,0,0,0,0,0,0,0,61
733,984,8,496,100,0,0,0,0,0,0,0,0,62
734,880,8,488,100,0,0,0,0,0,0,0,0,61
735,808,8,472,100,0,0,0,0,0,0,0,0,59
736,824,8,456,100,0,0,0,0,0,0,0,0,57
737,880,8,456,100,0,0,0,0,0,0,0,0,57
738,796,8,448,100,0,0,0,0,0,0,0,0,56
739,816,8,464,100,0,0,0,0,0,0,0,0,58
740,876,8,464,100,0,0,0,0,0,0,0,0,58
741,896,8,464,100,0,0,0,0,0,0,0,0,58
742,984,8,464,100,0,0,0,0,0,0,0,0,58
743,1008,8,440,100,0,0,0,0,0,0,0,0,55
744,1080,8,432,100,0,0,0,0,0,0,0,0,54
745,980,8,408,100,0,0,0,0,0,0,0,0,51
746,1000,8,400,100,0,0,0,0,0,0,0,0,50
747,1072,8,408,100,0,0,0,0,0,0,0,0,51
748,776,8,408,100,0,0,0,0,0,0,0,0,51
749,756,8,384,100,0,0,0,0,0,0,0,0,48
750,888,8,416,100,0,0,0,0,0,0,0,0,52
751,792,8,416,100,0,0,0,0,0,0,0,0,52
752,852,8,384,100,0,0,0,0,0,0,0,0,48
753,868,8,416,100,0,0,0,0,0,0,0,0,52
754,868,8,416,100,0,0,0,0,0,0,0,0,52
755,876,8,432,100,0,0,0,0,0,0,0,0,54
756,936,8,400,100,0,0,0,0,0,0,0,0,50
757,1024,8,376,100,0,0,0,0,0,0,0,0,47
758,896,8,368,100,0,0,0,0,0,0,0,0,46
759,816,8,384,100,0,0,0,0,0,0,0,0,48
760,780,8,368,100,0,0,0,0,0,0,0,0,46
761,912,8,416,100,0,0,0,0,0,0,0,0,52
762,880,8,368,100,0,0,0,0,0,0,0,0,46
763,660,8,392,100,0,0,0,0,0,0,0,0,49
764,852,8,400,100,0,0,0,0,0,0,0,0,50
765,832,8,416,100,0,0,0,0,0,0,0,0,52
766,776,8,408,100,0,0,0,0,0,0,0,0,51
767,800,8,408,100,0,0,0,0,0,0,0,0,51
768,760,8,392,100,0,0,0,0,0,0,0,0,49
769,840,8,432,100,0,0,0,0,0,0,0,0,54
770,756,8,416,100,0,0,0,0,0,0,0,0,52
771,816,8,408,100,0,0,0,0,0,0,0,0,51
772,912,8,440,100,0,0,0,0,0,0,0,0,55
773,912,8,416,100,0,0,0,0,0,0,0,0,52
774,1020,8,424,100,0,0,0,0,0,0,0,0,53
775,1052,8,408,100,0,0,0,0,0,0,0,0,51
776,1232,8,432,100,0,0,0,0,0,0,0,0,54
777,1212,8,400,100,0,0,0,0,0,0,0,0,50
778,1424,8,400,100,0,0,0,0,0,0,0,0,50
779,1792,8,448,100,0,0,0,0,0,0,0,0,56
780,1652,8,472,100,0,0,0,0,0,0,0,0,59
781,1424,8,432,100,0,0,0,0,0,0,0,0,54
782,1740,8,448,100,0,0,0,0,0,0,0,0,56
783,1756,8,416,100,0,0,0,0,0,0,0,0,52
784,1324,8,448,100,0,0,0,0,0,0,0,0,56
785,1336,8,408,100,0,0,0,0,0,0,0,0,51
786,1368,8,432,100,0,0,0,0,0,0,0,0,54
787,1388,8,432,100,0,0,0,0,0,0,0,0,54
788,1708,8,432,100,0,0,0,0,0,0,0,0,54
789,1616,8,392,100,0,0,0,0,0,0,0,0,49
790,2000,8,448,100,0,0,0,0,0,0,0,0,56
791,1904,8,424,100,0,0,0,0,0,0,0,0,53
792,1540,8,440,100,0,0,0,0,0,0,0,0,55
793,1536,8,432,100,0,0,0,0,0,0,0,0,54
794,1488,8,384,100,0,0,0,0,0,0,0,0,48
795,1668,8,432,100,0,0,0,0,0,0,0,0,54
796,1452,8,448,100,0,0,0,0,0,0,0,0,56
797,1564,8,464,100,0,0,0,0,0,0,0,0,58
798,1868,8,472,100,0,0,0,0,0,0,0,0,59
799,1984,8,456,100,0,0,0,0,0,0,0,0,57
800,1688,8,480,100,0,0,0,0,0,0,0,0,60
801,1836,8,448,100,0,0,0,0,0,0,0,0,56
802,1224,8,432,100,0,0,0,0,0,0,0,0,54
803,1328,8,432,100,0,0,0,0,0,0,0,0,54
804,1500,8,456,100,0,0,0,0,0,0,0,0,57
805,1732,8,424,100,0,0,0,0,0,0,0,0,53
806,2088,8,440,100,0,0,0,0,0,0,0,0,55
807,1792,8,408,100,0,0,0,0,0,0,0,0,51
808,1956,8,448,100,0,0,0,0,0,0,0,0,56
809,2184,8,464,100,0,0,0,0,0,0,0,0,58
810,2432,8,448,100,0,0,0,0,0,0,0,0,56
811,2008,8,400,100,0,0,0,0,0,0,0,0,50
812,1880,8,416,100,0,0,0,0,0,0,0,0,52
813,2040,8,400,100,0,0,0,0,0,0,0,0,50
814,2152,8,376,100,0,0,0,0,0,0,0,0,47
815,2684,8,408,100,0,0,0,0,0,0,0,0,51
816,2292,8,400,100,0,0,0,0,0,0,0,0,50
817,2620,8,408,100,0,0,0,0,0,0,0,0,51
818,2532,8,432,100,0,0,0,0,0,0,0,0,54
819,2304,8,440,100,0,0,0,0,0,0,0,0,55
820,2356,8,472,100,0,0,0,0,0,0,0,0,59
821,2360,8,440,100,0,0,0,0,0,0,0,0,55
822,2844,8,408,100,0,0,0,0,0,0,0,0,51
823,2768,8,376,100,0,0,0,0,0,0,0,0,47
824,2812,8,360,100,0,0,0,0,0,0,0,0,45
825,2624,8,368,100,0,0,0,0,0,0,0,0,46
826,3452,8,376,100,0,0,0,0,0,0,0,0,47
827,3360,8,400,100,0,0,0,0,0,0,0,0,50
828,3040,8,408,100,0,0,0,0,0,0,0,0,51
829,2916,8,392,100,0,0,0,0,0,0,0,0,49
830,2428,8,408,100,0,0,0,0,0,0,0,0,51
831,2660,8,432,100,0,0,0,0,0,0,0,0,54
832,2960,8,464,100,0,0,0,0,0,0,0,0,58
833,3080,8,472,100,0,0,0,0,0,0,0,0,59
834,2896,8,416,100,0,0,0,0,0,0,0,0,52
835,3000,8,440,100,0,0,0,0,0,0,0,0,55
836,2576,8,424,100,0,0,0,0,0,0,0,0,53
837,2428,8,392,100,0,0,0,0,0,0,0,0,49
838,2732,8,416,100,0,0,0,0,0,0,0,0,52
839,2688,8,408,100,0,0,0,0,0,0,0,0,51
840,2308,8,408,100,0,0,0,0,0,0,0,0,51
841,1936,8,440,100,0,0,0,0,0,0,0,0,55
842,1908,8,448,100,0,0,0,0,0,0,0,0,56
843,1708,8,408,100,0,0,0,0,0,0,0,0,51
844,1632,8,400,100,0,0,0,0,0,0,0,0,50
845,1692,8,424,100,0,0,0,0,0,0,0,0,53
846,1960,8,464,100,0,0,0,0,0,0,0,0,58
847,2224,8,464,100,0,0,0,0,0,0,0,0,58
848,1816,8,416,100,0,0,0,0,0,0,0,0,52
849,1964,8,400,100,0,0,0,0,0,0,0,0,50
850,2204,8,408,100,0,0,0,0,0,0,0,0,51
851,2344,8,368,100,0,0,0,0,0,0,0,0,46
852,2308,8,400,100,0,0,0,0,0,0,0,0,50
853,1580,8,408,100,0,0,0,0,0,0,0,0,51
854,1828,8,384,100,0,0,0,0,0,0,0,0,48
855,1548,8,392,100,0,0,0,0,0,0,0,0,49
856,1296,8,416,100,0,0,0,0,0,0,0,0,52
857,1388,8,432,100,0,0,0,0,0,0,0,0,54
858,1424,8,416,100,0,0,0,0,0,0,0,0,52
859,1300,8,432,100,0,0,0,0,0,0,0,0,54
860,1304,8,432,100,0,0,0,0,0,0,0,0,54
861,1252,8,416,100,0,0,0,0,0,0,0,0,52
862,844,8,432,100,0,0,0,0,0,0,0,0,54
863,1044,8,432,100,0,0,0,0,0,0,0,0,54
864,1188,8,416,100,0,0,0,0,0,0,0,0,52
865,1128,8,432,100,0,0,0,0,0,0,0,0,54
866,1348,8,456,100,0,0,0,0,0,0,0,0,57
867,1380,8,432,100,0,0,0,0,0,0,0,0,54
868,1376,8,416,100,0,0,0,0,0,0,0,0,52
869,856,8,408,100,0,0,0,0,0,0,0,0,51
870,848,8,392,100,0,0,0,0,0,0,0,0,49
871,900,8,392,100,0,0,0,0,0,0,0,0,49
872,884,8,424,100,0,0,0,0,0,0,0,0,53
873,936,8,448,100,0,0,0,0,0,0,0,0,56
874,968,8,440,100,0,0,0,0,0,0,0,0,55
875,1068,8,448,100,0,0,0,0,0,0,0,0,56
876,1176,8,440,100,0,0,0,0,0,0,0,0,55
877,1060,8,432,100,0,0,0,0,0,0,0,0,54
878,1076,8,456,100,0,0,0,0,0,0,0,0,57
879,936,8,456,100,0,0,0,0,0,0,0,0,57
880,996,8,456,100,0,0,0,0,0,0,0,0,57
881,876,8,440,100,0,0,0,0,0,0,0,0,55
882,844,8,448,100,0,0,0,0,0,0,0,0,56
883,924,8,480,100,0,0,0,0,0,0,0,0,60
884,1028,8,448,100,0,0,0,0,0,0,0,0,56
885,980,8,456,100,0,0,0,0,0,0,0,0,57
886,992,8,424,100,0,0,0,0,0,0,0,0,53
887,936,8,424,100,0,0,0,0,0,0,0,0,53
888,1000,8,416,100,0,0,0,0,0,0,0,0,52
889,1056,8,408,100,0,0,0,0,0,0,0,0,51
890,1036,8,400,100,0,0,0,0,0,0,0,0,50
891,900,8,376,100,0,0,0,0,0,0,0,0,47
892,1104,8,392,100,0,0,0,0,0,0,0,0,49
893,948,8,408,100,0,0,0,0,0,0,0,0,51
894,964,8,448,100,0,0,0,0,0,0,0,0,56
895,1116,8,448,100,0,0,0,0,0,0,0,0,56
896,1200,8,480,100,0,0,0,0,0,0,0,0,60
897,1120,8,472,100,0,0,0,0,0,0,0,0,59
898,1232,8,472,100,0,0,0,0,0,0,0,0,59
899,1224,8,464,100,0,0,0,0,0,0,0,0,58
900,1060,8,472,100,0,0,0,0,0,0,0,0,59
901,1000,8,424,100,0,0,0,0,0,0,0,0,53
902,724,8,448,100,0,0,0,0,0,0,0,0,56
903,896,8,480,100,0,0,0,0,0,0,0,0,60
904,968,8,472,100,0,0,0,0,0,0,0,0,59
905,720,8,440,100,0,0,0,0,0,0,0,0,55
906,768,8,416,100,0,0,0,0,0,0,0,0,52
907,872,8,472,100,0,0,0,0,0,0,0,0,59
908,924,8,456,100,0,0,0,0,0,0,0,0,57
909,876,8,488,100,0,0,0,0,0,0,0,0,61
910,836,8,464,100,0,0,0,0,0,0,0,0,58
911,848,8,448,100,0,0,0,0,0,0,0,0,56
912,804,8,408,100,0,0,0,0,0,0,0,0,51
913,984,8,440,100,0,0,0,0,0,0,0,0,55
914,908,8,432,100,0,0,0,0,0,0,0,0,54
915,936,8,432,100,0,0,0,0,0,0,0,0,54
916,944,8,432,100,0,0,0,0,0,0,0,0,54
917,912,8,432,100,0,0,0,0,0,0,0,0,54
918,1068,8,432,100,0,0,0,0,0,0,0,0,54
919,1092,8,432,100,0,0,0,0,0,0,0,0,54
920,1116,8,432,100,0,0,0,0,0,0,0,0,54
921,1040,8,416,100,0,0,0,0,0,0,0,0,52
922,984,8,392,100,0,0,0,0,0,0,0,0,49
923,856,8,376,100,0,0,0,0,0,0,0,0,47
924,792,8,384,100,0,0,0,0,0,0,0,0,48
925,976,8,416,100,0,0,0,0,0,0,0,0,52
926,1124,8,408,100,0,0,0,0,0,0,0,0,51
927,1100,8,400,100,0,0,0,0,0,0,0,0,50
928,1256,8,424,100,0,0,0,0,0,0,0,0,53
929,1248,8,368,100,0,0,0,0,0,0,0,0,46
930,1276,8,400,100,0,0,0,0,0,0,0,0,50
931,1440,8,408,100,0,0,0,0,0,0,0,0,51
932,1256,8,384,100,0,0,0,0,0,0,0,0,48
933,1300,8,408,100,0,0,0,0,0,0,0,0,51
934,1332,8,424,100,0,0,0,0,0,0,0,0,53
935,1232,8,424,100,0,0,0,0,0,0,0,0,53
936,1472,8,424,100,0,0,0,0,0,0,0,0,53
937,1524,8,424,100,0,0,0,0,0,0,0,0,53
938,1280,8,408,100,0,0,0,0,0,0,0,0,51
939,1112,8,424,100,0,0,0,0,0,0,0,0,53
940,1152,8,416,100,0,0,0,0,0,0,0,0,52
941,1328,8,448,100,0,0,0,0,0,0,0,0,56
942,1376,8,440,100,0,0,0,0,0,0,0,0,55
943,1472,8,432,100,0,0,0,0,0,0,0,0,54
944,1580,8,456,100,0,0,0,0,0,0,0,0,57
945,1288,8,456,100,0,0,0,0,0,0,0,0,57
946,1376,8,456,100,0,0,0,0,0,0,0,0,57
947,1280,8,448,100,0,0,0,0,0,0,0,0,56
948,1440,8,456,100,0,0,0,0,0,0,0,0,57
949,1260,8,456,100,0,0,0,0,0,0,0,0,57
950,1384,8,424,100,0,0,0,0,0,0,0,0,53
951,1444,8,440,100,0,0,0,0,0,0,0,0,55
952,1288,8,416,100,0,0,0,0,0,0,0,0,52
953,1172,8,400,100,0,0,0,0,0,0,0,0,50
954,1328,8,440,100,0,0,0,0,0,0,0,0,55
955,948,8,408,100,0,0,0,0,0,0,0,0,51
956,1080,8,440,100,0,0,0,0,0,0,0,0,55
957,1136,8,440,100,0,0,0,0,0,0,0,0,55
958,1096,8,440,100,0,0,0,0,0,0,0,0,55
959,1188,8,440,100,0,0,0,0,0,0,0,0,55
960,1352,8,432,100,0,0,0,0,0,0,0,0,54
961,1456,8,432,100,0,0,0,0,0,0,0,0,54
962,1188,8,440,100,0,0,0,0,0,0,0,0,55
963,1028,8,400,100,0,0,0,0,0,0,0,0,50
964,904,8,392,100,0,0,0,0,0,0,0,0,49
965,1092,8,416,100,0,0,0,0,0,0,0,0,52
966,1372,8,440,100,0,0,0,0,0,0,0,0,55
967,1436,8,464,100,0,0,0,0,0,0,0,0,58
968,1320,8,440,100,0,0,0,0,0,0,0,0,55
969,1276,8,472,100,0,0,0,0,0,0,0,0,59
970,1460,8,488,100,0,0,0,0,0,0,0,0,61
971,1164,8,456,100,0,0,0,0,0,0,0,0,57
972,1080,8,472,100,0,0,0,0,0,0,0,0,59
973,1024,8,480,100,0,0,0,0,0,0,0,0,60
974,900,8,456,100,0,0,0,0,0,0,0,0,57
975,860,8,432,100,0,0,0,0,0,0,0,0,54
976,848,8,432,100,0,0,0,0,0,0,0,0,54
977,872,8,424,100,0,0,0,0,0,0,0,0,53
978,788,8,424,100,0,0,0,0,0,0,0,0,53
979,892,8,464,100,0,0,0,0,0,0,0,0,58
980,896,8,448,100,0,0,0,0,0,0,0,0,56
981,820,8,432,100,0,0,0,0,0,0,0,0,54
982,928,8,456,100,0,0,0,0,0,0,0,0,57
983,968,8,472,100,0,0,0,0,0,0,0,0,59
984,908,8,456,100,0,0,0,0,0,0,0,0,57
985,952,8,464,100,0,0,0,0,0,0,0,0,58
986,984,8,416,100,0,0,0,0,0,0,0,0,52
987,844,8,432,100,0,0,0,0,0,0,0,0,54
988,796,8,424,100,0,0,0,0,0,0,0,0,53
989,856,8,440,100,0,0,0,0,0,0,0,0,55
990,920,8,432,100,0,0,0,0,0,0,0,0,54
991,796,8,376,100,0,0,0,0,0,0,0,0,47
992,1028,8,424,100,0,0,0,0,0,0,0,0,53
993,1016,8,440,100,0,0,0,0,0,0,0,0,55
994,984,8,368,100,0,0,0,0,0,0,0,0,46
995,1084,8,432,100,0,0,0,0,0,0,0,0,54
996,1124,8,432,100,0,0,0,0,0,0,0,0,54
997,1188,8,432,100,0,0,0,0,0,0,0,0,54
998,924,8,392,100,0,0,0,0,0,0,0,0,49
999,960,8,448,100,0,0,0,0,0,0,0,0,56
