update,points,mean_tasks,total_tasks,total_orgs,task_0,task_1,task_2,task_3,task_4,task_5,task_6,task_7,task_8
0,0,nan,0,10,0,0,0,0,0,0,0,0,0
1,0,nan,0,10,0,0,0,0,0,0,0,0,0
2,0,nan,0,10,0,0,0,0,0,0,0,0,0
3,0,nan,0,10,0,0,0,0,0,0,0,0,0
4,0,nan,0,10,0,0,0,0,0,0,0,0,0
5,0,nan,0,10,0,0,0,0,0,0,0,0,0
6,0,nan,0,10,0,0,0,0,0,0,0,0,0
7,0,nan,0,10,0,0,0,0,0,0,0,0,0
8,0,nan,0,10,0,0,0,0,0,0,0,0,0
9,44,8,8,11,0,0,0,0,0,0,0,0,1
10,24,8,8,12,0,0,0,0,0,0,0,0,1
11,0,8,8,12,0,0,0,0,0,0,0,0,1
12,0,8,8,12,0,0,0,0,0,0,0,0,1
13,0,8,8,12,0,0,0,0,0,0,0,0,1
14,0,8,8,12,0,0,0,0,0,0,0,0,1
15,0,8,8,12,0,0,0,0,0,0,0,0,1
16,0,8,8,12,0,0,0,0,0,0,0,0,1
17,0,8,8,12,0,0,0,0,0,0,0,0,1
18,0,8,8,12,0,0,0,0,0,0,0,0,1
19,24,8,16,14,0,0,0,0,0,0,0,0,2
20,24,8,16,14,0,0,0,0,0,0,0,0,2
21,24,8,16,14,0,0,0,0,0,0,0,0,2
22,24,8,16,14,0,0,0,0,0,0,0,0,2
23,24,8,16,14,0,0,0,0,0,0,0,0,2
24,24,8,16,14,0,0,0,0,0,0,0,0,2
25,24,8,16,14,0,0,0,0,0,0,0,0,2
26,24,8,16,14,0,0,0,0,0,0,0,0,2
27,36,8,24,14,0,0,0,0,0,0,0,0,3
28,80,8,32,15,0,0,0,0,0,0,0,0,4
29,60,8,32,15,0,0,0,0,0,0,0,0,4
30,40,8,32,16,0,0,0,0,0,0,0,0,4
31,40,8,32,16,0,0,0,0,0,0,0,0,4
32,40,8,32,16,0,0,0,0,0,0,0,0,4
33,52,8,40,17,0,0,0,0,0,0,0,0,5
34,52,8,40,17,0,0,0,0,0,0,0,0,5
35,52,8,32,17,0,0,0,0,0,0,0,0,4
36,32,8,32,18,0,0,0,0,0,0,0,0,4
37,32,8,32,18,0,0,0,0,0,0,0,0,4
38,44,8,40,18,0,0,0,0,0,0,0,0,5
39,88,8,40,18,0,0,0,0,0,0,0,0,5
40,68,8,40,19,0,0,0,0,0,0,0,0,5
41,44,8,40,19,0,0,0,0,0,0,0,0,5
42,44,8,40,19,0,0,0,0,0,0,0,0,5
43,44,8,40,19,0,0,0,0,0,0,0,0,5
44,56,8,48,20,0,0,0,0,0,0,0,0,6
45,128,8,40,20,0,0,0,0,0,0,0,0,5
46,152,8,48,21,0,0,0,0,0,0,0,0,6
47,64,8,48,21,0,0,0,0,0,0,0,0,6
48,52,8,48,22,0,0,0,0,0,0,0,0,6
49,32,8,48,22,0,0,0,0,0,0,0,0,6
50,32,8,48,22,0,0,0,0,0,0,0,0,6
51,44,8,48,22,0,0,0,0,0,0,0,0,6
52,56,8,48,23,0,0,0,0,0,0,0,0,6
53,36,8,48,23,0,0,0,0,0,0,0,0,6
54,36,8,48,23,0,0,0,0,0,0,0,0,6
55,36,8,48,23,0,0,0,0,0,0,0,0,6
56,36,8,48,23,0,0,0,0,0,0,0,0,6
57,48,8,56,23,0,0,0,0,0,0,0,0,7
58,72,8,56,25,0,0,0,0,0,0,0,0,7
59,52,8,56,25,0,0,0,0,0,0,0,0,7
60,64,8,56,25,0,0,0,0,0,0,0,0,7
61,88,8,64,27,0,0,0,0,0,0,0,0,8
62,64,8,48,27,0,0,0,0,0,0,0,0,6
63,44,8,48,28,0,0,0,0,0,0,0,0,6
64,44,8,48,28,0,0,0,0,0,0,0,0,6
65,44,8,48,28,0,0,0,0,0,0,0,0,6
66,56,8,48,28,0,0,0,0,0,0,0,0,6
67,56,8,48,28,0,0,0,0,0,0,0,0,6
68,80,8,56,28,0,0,0,0,0,0,0,0,7
69,44,8,48,28,0,0,0,0,0,0,0,0,6
70,40,8,40,28,0,0,0,0,0,0,0,0,5
71,28,8,40,29,0,0,0,0,0,0,0,0,5
72,28,8,40,29,0,0,0,0,0,0,0,0,5
73,28,8,40,29,0,0,0,0,0,0,0,0,5
74,40,8,48,29,0,0,0,0,0,0,0,0,6
75,52,8,56,29,0,0,0,0,0,0,0,0,7
76,52,8,56,29,0,0,0,0,0,0,0,0,7
77,64,8,64,29,0,0,0,0,0,0,0,0,8
78,120,8,72,30,0,0,0,0,0,0,0,0,9
79,80,8,72,31,0,0,0,0,0,0,0,0,9
80,60,8,72,31,0,0,0,0,0,0,0,0,9
81,60,8,72,31,0,0,0,0,0,0,0,0,9
82,60,8,72,31,0,0,0,0,0,0,0,0,9
83,60,8,72,31,0,0,0,0,0,0,0,0,9
84,72,8,72,31,0,0,0,0,0,0,0,0,9
85,48,8,64,31,0,0,0,0,0,0,0,0,8
86,48,8,64,31,0,0,0,0,0,0,0,0,8
87,48,8,64,31,0,0,0,0,0,0,0,0,8
88,92,8,80,32,0,0,0,0,0,0,0,0,10
89,92,8,80,32,0,0,0,0,0,0,0,0,10
90,92,8,80,32,0,0,0,0,0,0,0,0,10
91,124,8,80,32,0,0,0,0,0,0,0,0,10
92,104,8,80,33,0,0,0,0,0,0,0,0,10
93,84,8,80,34,0,0,0,0,0,0,0,0,10
94,84,8,72,34,0,0,0,0,0,0,0,0,9
95,84,8,72,34,0,0,0,0,0,0,0,0,9
96,84,8,72,34,0,0,0,0,0,0,0,0,9
97,80,8,72,34,0,0,0,0,0,0,0,0,9
98,92,8,72,34,0,0,0,0,0,0,0,0,9
99,80,8,80,35,0,0,0,0,0,0,0,0,10
100,92,8,80,35,0,0,0,0,0,0,0,0,10
101,104,8,80,36,0,0,0,0,0,0,0,0,10
102,128,8,96,37,0,0,0,0,0,0,0,0,12
103,128,8,96,37,0,0,0,0,0,0,0,0,12
104,128,8,96,37,0,0,0,0,0,0,0,0,12
105,128,8,96,37,0,0,0,0,0,0,0,0,12
106,152,8,104,38,0,0,0,0,0,0,0,0,13
107,152,8,104,38,0,0,0,0,0,0,0,0,13
108,196,8,112,39,0,0,0,0,0,0,0,0,14
109,164,8,96,39,0,0,0,0,0,0,0,0,12
110,124,8,96,39,0,0,0,0,0,0,0,0,12
111,124,8,88,39,0,0,0,0,0,0,0,0,11
112,112,8,88,40,0,0,0,0,0,0,0,0,11
113,112,8,88,40,0,0,0,0,0,0,0,0,11
114,124,8,88,41,0,0,0,0,0,0,0,0,11
115,144,8,88,41,0,0,0,0,0,0,0,0,11
116,132,8,88,42,0,0,0,0,0,0,0,0,11
117,108,8,80,42,0,0,0,0,0,0,0,0,10
118,124,8,80,42,0,0,0,0,0,0,0,0,10
119,160,8,96,43,0,0,0,0,0,0,0,0,12
120,92,8,88,43,0,0,0,0,0,0,0,0,11
121,92,8,88,43,0,0,0,0,0,0,0,0,11
122,92,8,88,43,0,0,0,0,0,0,0,0,11
123,116,8,104,45,0,0,0,0,0,0,0,0,13
124,128,8,112,45,0,0,0,0,0,0,0,0,14
125,140,8,104,45,0,0,0,0,0,0,0,0,13
126,152,8,112,46,0,0,0,0,0,0,0,0,14
127,148,8,112,46,0,0,0,0,0,0,0,0,14
128,160,8,112,46,0,0,0,0,0,0,0,0,14
129,216,8,128,47,0,0,0,0,0,0,0,0,16
130,196,8,128,48,0,0,0,0,0,0,0,0,16
131,160,8,120,48,0,0,0,0,0,0,0,0,15
132,184,8,136,50,0,0,0,0,0,0,0,0,17
133,196,8,136,50,0,0,0,0,0,0,0,0,17
134,188,8,144,50,0,0,0,0,0,0,0,0,18
135,200,8,152,51,0,0,0,0,0,0,0,0,19
136,212,8,152,51,0,0,0,0,0,0,0,0,19
137,204,8,152,52,0,0,0,0,0,0,0,0,19
138,184,8,152,52,0,0,0,0,0,0,0,0,19
139,184,8,152,52,0,0,0,0,0,0,0,0,19
140,192,8,144,52,0,0,0,0,0,0,0,0,18
141,172,8,144,52,0,0,0,0,0,0,0,0,18
142,172,8,144,52,0,0,0,0,0,0,0,0,18
143,192,8,144,53,0,0,0,0,0,0,0,0,18
144,184,8,144,53,0,0,0,0,0,0,0,0,18
145,196,8,152,53,0,0,0,0,0,0,0,0,19
146,220,8,160,55,0,0,0,0,0,0,0,0,20
147,220,8,168,56,0,0,0,0,0,0,0,0,21
148,220,8,168,56,0,0,0,0,0,0,0,0,21
149,188,8,160,56,0,0,0,0,0,0,0,0,20
150,196,8,152,56,0,0,0,0,0,0,0,0,19
151,196,8,152,56,0,0,0,0,0,0,0,0,19
152,196,8,152,56,0,0,0,0,0,0,0,0,19
153,196,8,144,56,0,0,0,0,0,0,0,0,18
154,208,8,144,57,0,0,0,0,0,0,0,0,18
155,224,8,144,59,0,0,0,0,0,0,0,0,18
156,172,8,136,61,0,0,0,0,0,0,0,0,17
157,172,8,136,61,0,0,0,0,0,0,0,0,17
158,172,8,136,61,0,0,0,0,0,0,0,0,17
159,168,8,136,61,0,0,0,0,0,0,0,0,17
160,168,8,144,61,0,0,0,0,0,0,0,0,18
161,168,8,144,61,0,0,0,0,0,0,0,0,18
162,180,8,160,61,0,0,0,0,0,0,0,0,20
163,248,8,168,62,0,0,0,0,0,0,0,0,21
164,252,8,176,62,0,0,0,0,0,0,0,0,22
165,236,8,168,63,0,0,0,0,0,0,0,0,21
166,228,8,160,64,0,0,0,0,0,0,0,0,20
167,228,8,184,66,0,0,0,0,0,0,0,0,23
168,252,8,192,68,0,0,0,0,0,0,0,0,24
169,224,8,200,70,0,0,0,0,0,0,0,0,25
170,236,8,208,71,0,0,0,0,0,0,0,0,26
171,236,8,216,71,0,0,0,0,0,0,0,0,27
172,260,8,224,71,0,0,0,0,0,0,0,0,28
173,280,8,216,72,0,0,0,0,0,0,0,0,27
174,308,8,208,72,0,0,0,0,0,0,0,0,26
175,256,8,208,73,0,0,0,0,0,0,0,0,26
176,256,8,200,73,0,0,0,0,0,0,0,0,25
177,248,8,208,73,0,0,0,0,0,0,0,0,26
178,236,8,216,73,0,0,0,0,0,0,0,0,27
179,260,8,216,75,0,0,0,0,0,0,0,0,27
180,284,8,224,75,0,0,0,0,0,0,0,0,28
181,264,8,232,78,0,0,0,0,0,0,0,0,29
182,284,8,232,78,0,0,0,0,0,0,0,0,29
183,316,8,232,78,0,0,0,0,0,0,0,0,29
184,308,8,232,78,0,0,0,0,0,0,0,0,29
185,308,8,224,78,0,0,0,0,0,0,0,0,28
186,300,8,216,78,0,0,0,0,0,0,0,0,27
187,296,8,232,78,0,0,0,0,0,0,0,0,29
188,328,8,240,80,0,0,0,0,0,0,0,0,30
189,232,8,232,80,0,0,0,0,0,0,0,0,29
190,260,8,240,80,0,0,0,0,0,0,0,0,30
191,268,8,240,82,0,0,0,0,0,0,0,0,30
192,324,8,256,82,0,0,0,0,0,0,0,0,32
193,328,8,272,82,0,0,0,0,0,0,0,0,34
194,404,8,272,85,0,0,0,0,0,0,0,0,34
195,464,8,280,86,0,0,0,0,0,0,0,0,35
196,416,8,272,87,0,0,0,0,0,0,0,0,34
197,368,8,272,87,0,0,0,0,0,0,0,0,34
198,344,8,272,87,0,0,0,0,0,0,0,0,34
199,368,8,280,87,0,0,0,0,0,0,0,0,35
200,392,8,288,88,0,0,0,0,0,0,0,0,36
201,380,8,280,88,0,0,0,0,0,0,0,0,35
202,336,8,272,90,0,0,0,0,0,0,0,0,34
203,320,8,280,91,0,0,0,0,0,0,0,0,35
204,364,8,296,91,0,0,0,0,0,0,0,0,37
205,376,8,288,92,0,0,0,0,0,0,0,0,36
206,420,8,304,92,0,0,0,0,0,0,0,0,38
207,460,8,320,92,0,0,0,0,0,0,0,0,40
208,396,8,320,94,0,0,0,0,0,0,0,0,40
209,420,8,320,94,0,0,0,0,0,0,0,0,40
210,376,8,312,94,0,0,0,0,0,0,0,0,39
211,388,8,304,94,0,0,0,0,0,0,0,0,38
212,388,8,312,96,0,0,0,0,0,0,0,0,39
213,392,8,328,96,0,0,0,0,0,0,0,0,41
214,480,8,336,97,0,0,0,0,0,0,0,0,42
215,388,8,352,97,0,0,0,0,0,0,0,0,44
216,436,8,336,97,0,0,0,0,0,0,0,0,42
217,384,8,336,97,0,0,0,0,0,0,0,0,42
218,388,8,312,97,0,0,0,0,0,0,0,0,39
219,380,8,328,97,0,0,0,0,0,0,0,0,41
220,412,8,320,97,0,0,0,0,0,0,0,0,40
221,460,8,344,99,0,0,0,0,0,0,0,0,43
222,460,8,328,99,0,0,0,0,0,0,0,0,41
223,400,8,320,99,0,0,0,0,0,0,0,0,40
224,404,8,312,99,0,0,0,0,0,0,0,0,39
225,384,8,336,99,0,0,0,0,0,0,0,0,42
226,388,8,352,99,0,0,0,0,0,0,0,0,44
227,420,8,352,99,0,0,0,0,0,0,0,0,44
228,476,8,360,99,0,0,0,0,0,0,0,0,45
229,436,8,344,99,0,0,0,0,0,0,0,0,43
230,452,8,320,99,0,0,0,0,0,0,0,0,40
231,408,8,328,99,0,0,0,0,0,0,0,0,41
232,440,8,328,99,0,0,0,0,0,0,0,0,41
233,424,8,304,99,0,0,0,0,0,0,0,0,38
234,416,8,320,99,0,0,0,0,0,0,0,0,40
235,400,8,304,99,0,0,0,0,0,0,0,0,38
236,400,8,312,99,0,0,0,0,0,0,0,0,39
237,424,8,320,99,0,0,0,0,0,0,0,0,40
238,480,8,320,99,0,0,0,0,0,0,0,0,40
239,524,8,344,99,0,0,0,0,0,0,0,0,43
240,608,8,352,99,0,0,0,0,0,0,0,0,44
241,504,8,352,100,0,0,0,0,0,0,0,0,44
242,636,8,344,100,0,0,0,0,0,0,0,0,43
243,468,8,344,100,0,0,0,0,0,0,0,0,43
244,516,8,336,100,0,0,0,0,0,0,0,0,42
245,456,8,336,100,0,0,0,0,0,0,0,0,42
246,436,8,344,100,0,0,0,0,0,0,0,0,43
247,520,8,360,100,0,0,0,0,0,0,0,0,45
248,568,8,376,100,0,0,0,0,0,0,0,0,47
249,560,8,376,100,0,0,0,0,0,0,0,0,47
250,580,8,360,100,0,0,0,0,0,0,0,0,45
251,460,8,360,100,0,0,0,0,0,0,0,0,45
252,532,8,360,100,0,0,0,0,0,0,0,0,45
253,492,8,344,100,0,0,0,0,0,0,0,0,43
254,456,8,328,100,0,0,0,0,0,0,0,0,41
255,408,8,336,100,0,0,0,0,0,0,0,0,42
256,492,8,312,100,0,0,0,0,0,0,0,0,39
257,432,8,328,100,0,0,0,0,0,0,0,0,41
258,496,8,312,100,0,0,0,0,0,0,0,0,39
259,476,8,320,100,0,0,0,0,0,0,0,0,40
260,476,8,328,100,0,0,0,0,0,0,0,0,41
261,408,8,344,100,0,0,0,0,0,0,0,0,43
262,484,8,352,100,0,0,0,0,0,0,0,0,44
263,548,8,352,100,0,0,0,0,0,0,0,0,44
264,472,8,368,100,0,0,0,0,0,0,0,0,46
265,600,8,408,100,0,0,0,0,0,0,0,0,51
266,580,8,408,100,0,0,0,0,0,0,0,0,51
267,572,8,376,100,0,0,0,0,0,0,0,0,47
268,596,8,376,100,0,0,0,0,0,0,0,0,47
269,628,8,408,100,0,0,0,0,0,0,0,0,51
270,596,8,424,100,0,0,0,0,0,0,0,0,53
271,612,8,376,100,0,0,0,0,0,0,0,0,47
272,532,8,368,100,0,0,0,0,0,0,0,0,46
273,552,8,376,100,0,0,0,0,0,0,0,0,47
274,524,8,392,100,0,0,0,0,0,0,0,0,49
275,560,8,400,100,0,0,0,0,0,0,0,0,50
276,664,8,416,100,0,0,0,0,0,0,0,0,52
277,680,8,432,100,0,0,0,0,0,0,0,0,54
278,748,8,464,100,0,0,0,0,0,0,0,0,58
279,744,8,448,100,0,0,0,0,0,0,0,0,56
280,604,8,448,100,0,0,0,0,0,0,0,0,56
281,632,8,464,100,0,0,0,0,0,0,0,0,58
282,740,8,456,100,0,0,0,0,0,0,0,0,57
283,844,8,464,100,0,0,0,0,0,0,0,0,58
284,932,8,456,100,0,0,0,0,0,0,0,0,57
285,960,8,440,100,0,0,0,0,0,0,0,0,55
286,860,8,400,100,0,0,0,0,0,0,0,0,50
287,828,8,416,100,0,0,0,0,0,0,0,0,52
288,1040,8,440,100,0,0,0,0,0,0,0,0,55
289,756,8,448,100,0,0,0,0,0,0,0,0,56
290,1008,8,448,100,0,0,0,0,0,0,0,0,56
291,1160,8,464,100,0,0,0,0,0,0,0,0,58
292,1124,8,424,100,0,0,0,0,0,0,0,0,53
293,1316,8,440,100,0,0,0,0,0,0,0,0,55
294,1060,8,424,100,0,0,0,0,0,0,0,0,53
295,1200,8,448,100,0,0,0,0,0,0,0,0,56
296,1124,8,448,100,0,0,0,0,0,0,0,0,56
297,1324,8,448,100,0,0,0,0,0,0,0,0,56
298,1428,8,448,100,0,0,0,0,0,0,0,0,56
299,1176,8,432,100,0,0,0,0,0,0,0,0,54
300,1132,8,416,100,0,0,0,0,0,0,0,0,52
301,1352,8,416,100,0,0,0,0,0,0,0,0,52
302,1284,8,400,100,0,0,0,0,0,0,0,0,50
303,912,8,408,100,0,0,0,0,0,0,0,0,51
304,824,8,424,100,0,0,0,0,0,0,0,0,53
305,756,8,448,100,0,0,0,0,0,0,0,0,56
306,924,8,408,100,0,0,0,0,0,0,0,0,51
307,1080,8,408,100,0,0,0,0,0,0,0,0,51
308,1148,8,392,100,0,0,0,0,0,0,0,0,49
309,1012,8,424,100,0,0,0,0,0,0,0,0,53
310,996,8,432,100,0,0,0,0,0,0,0,0,54
311,1316,8,448,100,0,0,0,0,0,0,0,0,56
312,1192,8,416,100,0,0,0,0,0,0,0,0,52
313,1164,8,392,100,0,0,0,0,0,0,0,0,49
314,1480,8,408,100,0,0,0,0,0,0,0,0,51
315,1368,8,432,100,0,0,0,0,0,0,0,0,54
316,1620,8,424,100,0,0,0,0,0,0,0,0,53
317,1812,8,472,100,0,0,0,0,0,0,0,0,59
318,1408,8,424,100,0,0,0,0,0,0,0,0,53
319,1324,8,432,100,0,0,0,0,0,0,0,0,54
320,1500,8,464,100,0,0,0,0,0,0,0,0,58
321,1700,8,440,100,0,0,0,0,0,0,0,0,55
322,1244,8,376,100,0,0,0,0,0,0,0,0,47
323,1500,8,416,100,0,0,0,0,0,0,0,0,52
324,1624,8,424,100,0,0,0,0,0,0,0,0,53
325,1728,8,440,100,0,0,0,0,0,0,0,0,55
326,1700,8,416,100,0,0,0,0,0,0,0,0,52
327,1820,8,424,100,0,0,0,0,0,0,0,0,53
328,1580,8,456,100,0,0,0,0,0,0,0,0,57
329,1672,8,448,100,0,0,0,0,0,0,0,0,56
330,1468,8,480,100,0,0,0,0,0,0,0,0,60
331,1728,8,496,100,0,0,0,0,0,0,0,0,62
332,1780,8,472,100,0,0,0,0,0,0,0,0,59
333,1348,8,456,100,0,0,0,0,0,0,0,0,57
334,1316,8,456,100,0,0,0,0,0,0,0,0,57
335,1520,8,456,100,0,0,0,0,0,0,0,0,57
336,1848,8,448,100,0,0,0,0,0,0,0,0,56
337,1804,8,432,100,0,0,0,0,0,0,0,0,54
338,1836,8,432,100,0,0,0,0,0,0,0,0,54
339,1736,8,416,100,0,0,0,0,0,0,0,0,52
340,1864,8,424,100,0,0,0,0,0,0,0,0,53
341,1860,8,408,100,0,0,0,0,0,0,0,0,51
342,1884,8,432,100,0,0,0,0,0,0,0,0,54
343,1832,8,416,100,0,0,0,0,0,0,0,0,52
344,1988,8,392,100,0,0,0,0,0,0,0,0,49
345,2212,8,376,100,0,0,0,0,0,0,0,0,47
346,2416,8,400,100,0,0,0,0,0,0,0,0,50
347,1348,8,376,100,0,0,0,0,0,0,0,0,47
348,1212,8,376,100,0,0,0,0,0,0,0,0,47
349,1636,8,400,100,0,0,0,0,0,0,0,0,50
350,1208,8,424,100,0,0,0,0,0,0,0,0,53
351,1360,8,416,100,0,0,0,0,0,0,0,0,52
352,1280,8,392,100,0,0,0,0,0,0,0,0,49
353,1284,8,392,100,0,0,0,0,0,0,0,0,49
354,1296,8,400,100,0,0,0,0,0,0,0,0,50
355,1452,8,400,100,0,0,0,0,0,0,0,0,50
356,1432,8,400,100,0,0,0,0,0,0,0,0,50
357,1532,8,384,100,0,0,0,0,0,0,0,0,48
358,1804,8,432,100,0,0,0,0,0,0,0,0,54
359,1796,8,392,100,0,0,0,0,0,0,0,0,49
360,1752,8,384,100,0,0,0,0,0,0,0,0,48
361,2264,8,408,100,0,0,0,0,0,0,0,0,51
362,2032,8,376,100,0,0,0,0,0,0,0,0,47
363,1608,8,400,100,0,0,0,0,0,0,0,0,50
364,1764,8,376,100,0,0,0,0,0,0,0,0,47
365,1336,8,384,100,0,0,0,0,0,0,0,0,48
366,1388,8,408,100,0,0,0,0,0,0,0,0,51
367,1728,8,384,100,0,0,0,0,0,0,0,0,48
368,2132,8,360,100,0,0,0,0,0,0,0,0,45
369,2068,8,384,100,0,0,0,0,0,0,0,0,48
370,2240,8,384,100,0,0,0,0,0,0,0,0,48
371,1428,8,384,100,0,0,0,0,0,0,0,0,48
372,1904,8,392,100,0,0,0,0,0,0,0,0,49
373,1948,8,400,100,0,0,0,0,0,0,0,0,50
374,2120,8,448,100,0,0,0,0,0,0,0,0,56
375,2184,8,432,100,0,0,0,0,0,0,0,0,54
376,2684,8,432,100,0,0,0,0,0,0,0,0,54
377,2268,8,392,100,0,0,0,0,0,0,0,0,49
378,1448,8,416,100,0,0,0,0,0,0,0,0,52
379,1472,8,416,100,0,0,0,0,0,0,0,0,52
380,1644,8,416,100,0,0,0,0,0,0,0,0,52
381,1492,8,392,100,0,0,0,0,0,0,0,0,49
382,1196,8,336,100,0,0,0,0,0,0,0,0,42
383,1224,8,352,100,0,0,0,0,0,0,0,0,44
384,1700,8,424,100,0,0,0,0,0,0,0,0,53
385,1812,8,392,100,0,0,0,0,0,0,0,0,49
386,1788,8,360,100,0,0,0,0,0,0,0,0,45
387,1828,8,392,100,0,0,0,0,0,0,0,0,49
388,1640,8,384,100,0,0,0,0,0,0,0,0,48
389,1712,8,440,100,0,0,0,0,0,0,0,0,55
390,1540,8,464,100,0,0,0,0,0,0,0,0,58
391,1788,8,472,100,0,0,0,0,0,0,0,0,59
392,1644,8,424,100,0,0,0,0,0,0,0,0,53
393,1528,8,448,100,0,0,0,0,0,0,0,0,56
394,1692,8,424,100,0,0,0,0,0,0,0,0,53
395,1860,8,456,100,0,0,0,0,0,0,0,0,57
396,1328,8,432,100,0,0,0,0,0,0,0,0,54
397,1364,8,456,100,0,0,0,0,0,0,0,0,57
398,1348,8,448,100,0,0,0,0,0,0,0,0,56
399,1240,8,392,100,0,0,0,0,0,0,0,0,49
400,1356,8,432,100,0,0,0,0,0,0,0,0,54
401,1236,8,408,100,0,0,0,0,0,0,0,0,51
402,1404,8,440,100,0,0,0,0,0,0,0,0,55
403,1524,8,416,100,0,0,0,0,0,0,0,0,52
404,1224,8,432,100,0,0,0,0,0,0,0,0,54
405,1036,8,400,100,0,0,0,0,0,0,0,0,50
406,1236,8,376,100,0,0,0,0,0,0,0,0,47
407,1324,8,384,100,0,0,0,0,0,0,0,0,48
408,1656,8,432,100,0,0,0,0,0,0,0,0,54
409,1760,8,448,100,0,0,0,0,0,0,0,0,56
410,1488,8,416,100,0,0,0,0,0,0,0,0,52
411,1388,8,440,100,0,0,0,0,0,0,0,0,55
412,1516,8,424,100,0,0,0,0,0,0,0,0,53
413,1256,8,424,100,0,0,0,0,0,0,0,0,53
414,1348,8,424,100,0,0,0,0,0,0,0,0,53
415,1372,8,448,100,0,0,0,0,0,0,0,0,56
416,1544,8,480,100,0,0,0,0,0,0,0,0,60
417,1692,8,488,100,0,0,0,0,0,0,0,0,61
418,1684,8,440,100,0,0,0,0,0,0,0,0,55
419,1688,8,440,100,0,0,0,0,0,0,0,0,55
420,1788,8,432,100,0,0,0,0,0,0,0,0,54
421,1356,8,416,100,0,0,0,0,0,0,0,0,52
422,1484,8,440,100,0,0,0,0,0,0,0,0,55
423,1600,8,472,100,0,0,0,0,0,0,0,0,59
424,1588,8,448,100,0,0,0,0,0,0,0,0,56
425,1624,8,432,100,0,0,0,0,0,0,0,0,54
426,1020,8,432,100,0,0,0,0,0,0,0,0,54
427,1020,8,472,100,0,0,0,0,0,0,0,0,59
428,1112,8,464,100,0,0,0,0,0,0,0,0,58
429,968,8,416,100,0,0,0,0,0,0,0,0,52
430,932,8,424,100,0,0,0,0,0,0,0,0,53
431,1032,8,416,100,0,0,0,0,0,0,0,0,52
432,1072,8,408,100,0,0,0,0,0,0,0,0,51
433,1272,8,440,100,0,0,0,0,0,0,0,0,55
434,1388,8,456,100,0,0,0,0,0,0,0,0,57
435,1344,8,448,100,0,0,0,0,0,0,0,0,56
436,984,8,448,100,0,0,0,0,0,0,0,0,56
437,1068,8,464,100,0,0,0,0,0,0,0,0,58
438,1068,8,456,100,0,0,0,0,0,0,0,0,57
439,1000,8,432,100,0,0,0,0,0,0,0,0,54
440,852,8,432,100,0,0,0,0,0,0,0,0,54
441,992,8,440,100,0,0,0,0,0,0,0,0,55
442,844,8,472,100,0,0,0,0,0,0,0,0,59
443,908,8,448,100,0,0,0,0,0,0,0,0,56
444,1028,8,448,100,0,0,0,0,0,0,0,0,56
445,1124,8,424,100,0,0,0,0,0,0,0,0,53
446,1216,8,464,100,0,0,0,0,0,0,0,0,58
447,1204,8,448,100,0,0,0,0,0,0,0,0,56
448,1252,8,432,100,0,0,0,0,0,0,0,0,54
449,1340,8,472,100,0,0,0,0,0,0,0,0,59
450,1460,8,472,100,0,0,0,0,0,0,0,0,59
451,1640,8,480,100,0,0,0,0,0,0,0,0,60
452,860,8,464,100,0,0,0,0,0,0,0,0,58
453,848,8,480,100,0,0,0,0,0,0,0,0,60
454,1012,8,456,100,0,0,0,0,0,0,0,0,57
455,1100,8,432,100,0,0,0,0,0,0,0,0,54
456,1228,8,456,100,0,0,0,0,0,0,0,0,57
457,1336,8,456,100,0,0,0,0,0,0,0,0,57
458,1644,8,448,100,0,0,0,0,0,0,0,0,56
459,1492,8,432,100,0,0,0,0,0,0,0,0,54
460,1264,8,416,100,0,0,0,0,0,0,0,0,52
461,916,8,440,100,0,0,0,0,0,0,0,0,55
462,1068,8,424,100,0,0,0,0,0,0,0,0,53
463,1068,8,416,100,0,0,0,0,0,0,0,0,52
464,1104,8,424,100,0,0,0,0,0,0,0,0,53
465,1304,8,448,100,0,0,0,0,0,0,0,0,56
466,1360,8,416,100,0,0,0,0,0,0,0,0,52
467,1436,8,400,100,0,0,0,0,0,0,0,0,50
468,1232,8,408,100,0,0,0,0,0,0,0,0,51
469,1316,8,408,100,0,0,0,0,0,0,0,0,51
470,1024,8,400,100,0,0,0,0,0,0,0,0,50
471,936,8,368,100,0,0,0,0,0,0,0,0,46
472,1112,8,424,100,0,0,0,0,0,0,0,0,53
473,1320,8,384,100,0,0,0,0,0,0,0,0,48
474,1376,8,392,100,0,0,0,0,0,0,0,0,49
475,1200,8,392,100,0,0,0,0,0,0,0,0,49
476,1188,8,408,100,0,0,0,0,0,0,0,0,51
477,748,8,376,100,0,0,0,0,0,0,0,0,47
478,856,8,392,100,0,0,0,0,0,0,0,0,49
479,948,8,424,100,0,0,0,0,0,0,0,0,53
480,1168,8,480,100,0,0,0,0,0,0,0,0,60
481,1184,8,448,100,0,0,0,0,0,0,0,0,56
482,1312,8,480,100,0,0,0,0,0,0,0,0,60
483,1296,8,488,100,0,0,0,0,0,0,0,0,61
484,1252,8,456,100,0,0,0,0,0,0,0,0,57
485,1340,8,448,100,0,0,0,0,0,0,0,0,56
486,1080,8,464,100,0,0,0,0,0,0,0,0,58
487,1128,8,480,100,0,0,0,0,0,0,0,0,60
488,1160,8,456,100,0,0,0,0,0,0,0,0,57
489,1296,8,472,100,0,0,0,0,0,0,0,0,59
490,1044,8,464,100,0,0,0,0,0,0,0,0,58
491,1144,8,480,100,0,0,0,0,0,0,0,0,60
492,1164,8,440,100,0,0,0,0,0,0,0,0,55
493,860,8,464,100,0,0,0,0,0,0,0,0,58
494,908,8,464,100,0,0,0,0,0,0,0,0,58
495,940,8,432,100,0,0,0,0,0,0,0,0,54
496,872,8,432,100,0,0,0,0,0,0,0,0,54
497,904,8,432,100,0,0,0,0,0,0,0,0,54
498,972,8,424,100,0,0,0,0,0,0,0,0,53
499,1012,8,456,100,0,0,0,0,0,0,0,0,57
500,1104,8,472,100,0,0,0,0,0,0,0,0,59
501,788,8,448,100,0,0,0,0,0,0,0,0,56
502,848,8,392,100,0,0,0,0,0,0,0,0,49
503,896,8,400,100,0,0,0,0,0,0,0,0,50
504,920,8,416,100,0,0,0,0,0,0,0,0,52
505,892,8,432,100,0,0,0,0,0,0,0,0,54
506,1052,8,464,100,0,0,0,0,0,0,0,0,58
507,1220,8,448,100,0,0,0,0,0,0,0,0,56
508,1260,8,480,100,0,0,0,0,0,0,0,0,60
509,1348,8,488,100,0,0,0,0,0,0,0,0,61
510,1064,8,480,100,0,0,0,0,0,0,0,0,60
511,1024,8,488,100,0,0,0,0,0,0,0,0,61
512,1112,8,480,100,0,0,0,0,0,0,0,0,60
513,1004,8,472,100,0,0,0,0,0,0,0,0,59
514,1116,8,480,100,0,0,0,0,0,0,0,0,60
515,856,8,408,100,0,0,0,0,0,0,0,0,51
516,900,8,496,100,0,0,0,0,0,0,0,0,62
517,908,8,504,100,0,0,0,0,0,0,0,0,63
518,776,8,504,100,0,0,0,0,0,0,0,0,63
519,884,8,496,100,0,0,0,0,0,0,0,0,62
520,896,8,464,100,0,0,0,0,0,0,0,0,58
521,808,8,464,100,0,0,0,0,0,0,0,0,58
522,932,8,488,100,0,0,0,0,0,0,0,0,61
523,928,8,472,100,0,0,0,0,0,0,0,0,59
524,908,8,472,100,0,0,0,0,0,0,0,0,59
525,1004,8,440,100,0,0,0,0,0,0,0,0,55
526,900,8,456,100,0,0,0,0,0,0,0,0,57
527,800,8,448,100,0,0,0,0,0,0,0,0,56
528,924,8,464,100,0,0,0,0,0,0,0,0,58
529,844,8,448,100,0,0,0,0,0,0,0,0,56
530,884,8,472,100,0,0,0,0,0,0,0,0,59
531,908,8,440,100,0,0,0,0,0,0,0,0,55
532,816,8,416,100,0,0,0,0,0,0,0,0,52
533,640,8,432,100,0,0,0,0,0,0,0,0,54
534,820,8,448,100,0,0,0,0,0,0,0,0,56
535,956,8,488,100,0,0,0,0,0,0,0,0,61
536,924,8,448,100,0,0,0,0,0,0,0,0,56
537,920,8,440,100,0,0,0,0,0,0,0,0,55
538,904,8,424,100,0,0,0,0,0,0,0,0,53
539,984,8,448,100,0,0,0,0,0,0,0,0,56
540,1040,8,432,100,0,0,0,0,0,0,0,0,54
541,912,8,448,100,0,0,0,0,0,0,0,0,56
542,852,8,464,100,0,0,0,0,0,0,0,0,58
543,876,8,480,100,0,0,0,0,0,0,0,0,60
544,948,8,472,100,0,0,0,0,0,0,0,0,59
545,912,8,448,100,0,0,0,0,0,0,0,0,56
546,924,8,480,100,0,0,0,0,0,0,0,0,60
547,956,8,480,100,0,0,0,0,0,0,0,0,60
548,940,8,448,100,0,0,0,0,0,0,0,0,56
549,956,8,464,100,0,0,0,0,0,0,0,0,58
550,1080,8,456,100,0,0,0,0,0,0,0,0,57
551,1080,8,472,100,0,0,0,0,0,0,0,0,59
552,944,8,440,100,0,0,0,0,0,0,0,0,55
553,888,8,432,100,0,0,0,0,0,0,0,0,54
554,880,8,408,100,0,0,0,0,0,0,0,0,51
555,944,8,440,100,0,0,0,0,0,0,0,0,55
556,824,8,416,100,0,0,0,0,0,0,0,0,52
557,684,8,440,100,0,0,0,0,0,0,0,0,55
558,768,8,464,100,0,0,0,0,0,0,0,0,58
559,900,8,472,100,0,0,0,0,0,0,0,0,59
560,768,8,480,100,0,0,0,0,0,0,0,0,60
561,840,8,472,100,0,0,0,0,0,0,0,0,59
562,656,8,440,100,0,0,0,0,0,0,0,0,55
563,864,8,480,100,0,0,0,0,0,0,0,0,60
564,856,8,464,100,0,0,0,0,0,0,0,0,58
565,812,8,464,100,0,0,0,0,0,0,0,0,58
566,816,8,448,100,0,0,0,0,0,0,0,0,56
567,796,8,472,100,0,0,0,0,0,0,0,0,59
568,880,8,496,100,0,0,0,0,0,0,0,0,62
569,744,8,496,100,0,0,0,0,0,0,0,0,62
570,844,8,488,100,0,0,0,0,0,0,0,0,61
571,748,8,432,100,0,0,0,0,0,0,0,0,54
572,684,8,432,100,0,0,0,0,0,0,0,0,54
573,752,8,408,100,0,0,0,0,0,0,0,0,51
574,912,8,432,100,0,0,0,0,0,0,0,0,54
575,856,8,448,100,0,0,0,0,0,0,0,0,56
576,872,8,456,100,0,0,0,0,0,0,0,0,57
577,1000,8,480,100,0,0,0,0,0,0,0,0,60
578,832,8,472,100,0,0,0,0,0,0,0,0,59
579,608,8,448,100,0,0,0,0,0,0,0,0,56
580,660,8,448,100,0,0,0,0,0,0,0,0,56
581,656,8,472,100,0,0,0,0,0,0,0,0,59
582,764,8,496,100,0,0,0,0,0,0,0,0,62
583,784,8,464,100,0,0,0,0,0,0,0,0,58
584,812,8,472,100,0,0,0,0,0,0,0,0,59
585,852,8,448,100,0,0,0,0,0,0,0,0,56
586,1008,8,488,100,0,0,0,0,0,0,0,0,61
587,848,8,448,100,0,0,0,0,0,0,0,0,56
588,900,8,472,100,0,0,0,0,0,0,0,0,59
589,836,8,464,100,0,0,0,0,0,0,0,0,58
590,1004,8,472,100,0,0,0,0,0,0,0,0,59
591,900,8,456,100,0,0,0,0,0,0,0,0,57
592,1064,8,448,100,0,0,0,0,0,0,0,0,56
593,916,8,416,100,0,0,0,0,0,0,0,0,52
594,944,8,440,100,0,0,0,0,0,0,0,0,55
595,972,8,464,100,0,0,0,0,0,0,0,0,58
596,1124,8,456,100,0,0,0,0,0,0,0,0,57
597,900,8,440,100,0,0,0,0,0,0,0,0,55
598,904,8,448,100,0,0,0,0,0,0,0,0,56
599,936,8,432,100,0,0,0,0,0,0,0,0,54
600,892,8,432,100,0,0,0,0,0,0,0,0,54
601,988,8,408,100,0,0,0,0,0,0,0,0,51
602,932,8,432,100,0,0,0,0,0,0,0,0,54
603,1040,8,440,100,0,0,0,0,0,0,0,0,55
604,768,8,440,100,0,0,0,0,0,0,0,0,55
605,832,8,456,100,0,0,0,0,0,0,0,0,57
606,860,8,464,100,0,0,0,0,0,0,0,0,58
607,888,8,472,100,0,0,0,0,0,0,0,0,59
608,956,8,496,100,0,0,0,0,0,0,0,0,62
609,948,8,448,100,0,0,0,0,0,0,0,0,56
610,792,8,424,100,0,0,0,0,0,0,0,0,53
611,872,8,408,100,0,0,0,0,0,0,0,0,51
612,868,8,456,100,0,0,0,0,0,0,0,0,57
613,828,8,416,100,0,0,0,0,0,0,0,0,52
614,828,8,400,100,0,0,0,0,0,0,0,0,50
615,988,8,416,100,0,0,0,0,0,0,0,0,52
616,924,8,400,100,0,0,0,0,0,0,0,0,50
617,880,8,408,100,0,0,0,0,0,0,0,0,51
618,948,8,424,100,0,0,0,0,0,0,0,0,53
619,872,8,400,100,0,0,0,0,0,0,0,0,50
620,884,8,392,100,0,0,0,0,0,0,0,0,49
621,892,8,400,100,0,0,0,0,0,0,0,0,50
622,884,8,408,100,0,0,0,0,0,0,0,0,51
623,960,8,424,100,0,0,0,0,0,0,0,0,53
624,1028,8,408,100,0,0,0,0,0,0,0,0,51
625,928,8,400,100,0,0,0,0,0,0,0,0,50
626,1112,8,424,100,0,0,0,0,0,0,0,0,53
627,1276,8,472,100,0,0,0,0,0,0,0,0,59
628,1000,8,448,100,0,0,0,0,0,0,0,0,56
629,888,8,408,100,0,0,0,0,0,0,0,0,51
630,956,8,416,100,0,0,0,0,0,0,0,0,52
631,852,8,392,100,0,0,0,0,0,0,0,0,49
632,1132,8,424,100,0,0,0,0,0,0,0,0,53
633,1200,8,400,100,0,0,0,0,0,0,0,0,50
634,1352,8,416,100,0,0,0,0,0,0,0,0,52
635,1568,8,368,100,0,0,0,0,0,0,0,0,46
636,1456,8,368,100,0,0,0,0,0,0,0,0,46
637,1552,8,392,100,0,0,0,0,0,0,0,0,49
638,1716,8,392,100,0,0,0,0,0,0,0,0,49
639,1752,8,416,100,0,0,0,0,0,0,0,0,52
640,1624,8,432,100,0,0,0,0,0,0,0,0,54
641,1520,8,400,100,0,0,0,0,0,0,0,0,50
642,1364,8,368,100,0,0,0,0,0,0,0,0,46
643,1528,8,400,100,0,0,0,0,0,0,0,0,50
644,1444,8,344,100,0,0,0,0,0,0,0,0,43
645,1424,8,360,100,0,0,0,0,0,0,0,0,45
646,1428,8,376,100,0,0,0,0,0,0,0,0,47
647,1736,8,400,100,0,0,0,0,0,0,0,0,50
648,1128,8,400,100,0,0,0,0,0,0,0,0,50
649,1224,8,376,100,0,0,0,0,0,0,0,0,47
650,1352,8,392,100,0,0,0,0,0,0,0,0,49
651,1076,8,400,100,0,0,0,0,0,0,0,0,50
652,1312,8,384,100,0,0,0,0,0,0,0,0,48
653,1244,8,344,100,0,0,0,0,0,0,0,0,43
654,1552,8,376,100,0,0,0,0,0,0,0,0,47
655,1428,8,392,100,0,0,0,0,0,0,0,0,49
656,1708,8,376,100,0,0,0,0,0,0,0,0,47
657,1400,8,424,100,0,0,0,0,0,0,0,0,53
658,1260,8,408,100,0,0,0,0,0,0,0,0,51
659,1104,8,408,100,0,0,0,0,0,0,0,0,51
660,1296,8,416,100,0,0,0,0,0,0,0,0,52
661,1312,8,392,100,0,0,0,0,0,0,0,0,49
662,1232,8,376,100,0,0,0,0,0,0,0,0,47
663,1272,8,336,100,0,0,0,0,0,0,0,0,42
664,1428,8,368,100,0,0,0,0,0,0,0,0,46
665,1428,8,344,100,0,0,0,0,0,0,0,0,43
666,1772,8,368,100,0,0,0,0,0,0,0,0,46
667,1828,8,376,100,0,0,0,0,0,0,0,0,47
668,2224,8,392,100,0,0,0,0,0,0,0,0,49
669,2196,8,376,100,0,0,0,0,0,0,0,0,47
670,2424,8,416,100,0,0,0,0,0,0,0,0,52
671,2236,8,448,100,0,0,0,0,0,0,0,0,56
672,1936,8,448,100,0,0,0,0,0,0,0,0,56
673,2000,8,424,100,0,0,0,0,0,0,0,0,53
674,1544,8,392,100,0,0,0,0,0,0,0,0,49
675,1796,8,368,100,0,0,0,0,0,0,0,0,46
676,1732,8,376,100,0,0,0,0,0,0,0,0,47
677,1556,8,400,100,0,0,0,0,0,0,0,0,50
678,1280,8,408,100,0,0,0,0,0,0,0,0,51
679,1476,8,408,100,0,0,0,0,0,0,0,0,51
680,1384,8,400,100,0,0,0,0,0,0,0,0,50
681,1248,8,360,100,0,0,0,0,0,0,0,0,45
682,1076,8,352,100,0,0,0,0,0,0,0,0,44
683,1360,8,416,100,0,0,0,0,0,0,0,0,52
684,1384,8,416,100,0,0,0,0,0,0,0,0,52
685,1072,8,400,100,0,0,0,0,0,0,0,0,50
686,948,8,424,100,0,0,0,0,0,0,0,0,53
687,844,8,432,100,0,0,0,0,0,0,0,0,54
688,824,8,408,100,0,0,0,0,0,0,0,0,51
689,1004,8,392,100,0,0,0,0,0,0,0,0,49
690,1128,8,424,100,0,0,0,0,0,0,0,0,53
691,1008,8,416,100,0,0,0,0,0,0,0,0,52
692,1152,8,392,100,0,0,0,0,0,0,0,0,49
693,1080,8,400,100,0,0,0,0,0,0,0,0,50
694,1096,8,368,100,0,0,0,0,0,0,0,0,46
695,928,8,360,100,0,0,0,0,0,0,0,0,45
696,1208,8,384,100,0,0,0,0,0,0,0,0,48
697,1372,8,408,100,0,0,0,0,0,0,0,0,51
698,1252,8,392,100,0,0,0,0,0,0,0,0,49
699,1196,8,384,100,0,0,0,0,0,0,0,0,48
700,1332,8,392,100,0,0,0,0,0,0,0,0,49
701,1280,8,368,100,0,0,0,0,0,0,0,0,46
702,1412,8,392,100,0,0,0,0,0,0,0,0,49
703,1380,8,432,100,0,0,0,0,0,0,0,0,54
704,1280,8,424,100,0,0,0,0,0,0,0,0,53
705,1376,8,416,100,0,0,0,0,0,0,0,0,52
706,1404,8,408,100,0,0,0,0,0,0,0,0,51
707,1440,8,416,100,0,0,0,0,0,0,0,0,52
708,1116,8,376,100,0,0,0,0,0,0,0,0,47
709,1332,8,408,100,0,0,0,0,0,0,0,0,51
710,1472,8,416,100,0,0,0,0,0,0,0,0,52
711,1444,8,392,100,0,0,0,0,0,0,0,0,49
712,1520,8,360,100,0,0,0,0,0,0,0,0,45
713,1468,8,360,100,0,0,0,0,0,0,0,0,45
714,1288,8,344,100,0,0,0,0,0,0,0,0,43
715,1372,8,392,100,0,0,0,0,0,0,0,0,49
716,1324,8,392,100,0,0,0,0,0,0,0,0,49
717,1532,8,400,100,0,0,0,0,0,0,0,0,50
718,1424,8,400,100,0,0,0,0,0,0,0,0,50
719,1188,8,416,100,0,0,0,0,0,0,0,0,52
720,1040,8,440,100,0,0,0,0,0,0,0,0,55
721,1188,8,384,100,0,0,0,0,0,0,0,0,48
722,1412,8,416,100,0,0,0,0,0,0,0,0,52
723,1308,8,400,100,0,0,0,0,0,0,0,0,50
724,1508,8,400,100,0,0,0,0,0,0,0,0,50
725,1572,8,376,100,0,0,0,0,0,0,0,0,47
726,1524,8,408,100,0,0,0,0,0,0,0,0,51
727,1100,8,416,100,0,0,0,0,0,0,0,0,52
728,1144,8,384,100,0,0,0,0,0,0,0,0,48
729,1052,8,352,100,0,0,0,0,0,0,0,0,44
730,1284,8,376,100,0,0,0,0,0,0,0,0,47
731,1180,8,352,100,0,0,0,0,0,0,0,0,44
732,1252,8,368,100,0,0,0,0,0,0,0,0,46
733,1416,8,392,100,0,0,0,0,0,0,0,0,49
734,1420,8,368,100,0,0,0,0,0,0,0,0,46
735,1304,8,408,100,0,0,0,0,0,0,0,0,51
736,1344,8,376,100,0,0,0,0,0,0,0,0,47
737,1392,8,392,100,0,0,0,0,0,0,0,0,49
738,1272,8,336,100,0,0,0,0,0,0,0,0,42
739,932,8,384,100,0,0,0,0,0,0,0,0,48
740,968,8,384,100,0,0,0,0,0,0,0,0,48
741,1036,8,424,100,0,0,0,0,0,0,0,0,53
742,1004,8,416,100,0,0,0,0,0,0,0,0,52
743,1072,8,376,100,0,0,0,0,0,0,0,0,47
744,1104,8,352,100,0,0,0,0,0,0,0,0,44
745,1232,8,384,100,0,0,0,0,0,0,0,0,48
746,1448,8,408,100,0,0,0,0,0,0,0,0,51
747,1160,8,416,100,0,0,0,0,0,0,0,0,52
748,1200,8,408,100,0,0,0,0,0,0,0,0,51
749,936,8,384,100,0,0,0,0,0,0,0,0,48
750,1272,8,416,100,0,0,0,0,0,0,0,0,52
751,1600,8,384,100,0,0,0,0,0,0,0,0,48
752,1564,8,416,100,0,0,0,0,0,0,0,0,52
753,1288,8,416,100,0,0,0,0,0,0,0,0,52
754,1268,8,416,100,0,0,0,0,0,0,0,0,52
755,1296,8,432,100,0,0,0,0,0,0,0,0,54
756,1520,8,416,100,0,0,0,0,0,0,0,0,52
757,1296,8,384,100,0,0,0,0,0,0,0,0,48
758,1372,8,424,100,0,0,0,0,0,0,0,0,53
759,1200,8,400,100,0,0,0,0,0,0,0,0,50
760,1356,8,416,100,0,0,0,0,0,0,0,0,52
761,1312,8,392,100,0,0,0,0,0,0,0,0,49
762,1284,8,368,100,0,0,0,0,0,0,0,0,46
763,1260,8,392,100,0,0,0,0,0,0,0,0,49
764,996,8,352,100,0,0,0,0,0,0,0,0,44
765,1320,8,432,100,0,0,0,0,0,0,0,0,54
766,1508,8,432,100,0,0,0,0,0,0,0,0,54
767,1404,8,400,100,0,0,0,0,0,0,0,0,50
768,1508,8,376,100,0,0,0,0,0,0,0,0,47
769,1272,8,400,100,0,0,0,0,0,0,0,0,50
770,1320,8,384,100,0,0,0,0,0,0,0,0,48
771,1144,8,376,100,0,0,0,0,0,0,0,0,47
772,1208,8,408,100,0,0,0,0,0,0,0,0,51
773,1064,8,384,100,0,0,0,0,0,0,0,0,48
774,1236,8,368,100,0,0,0,0,0,0,0,0,46
775,1124,8,344,100,0,0,0,0,0,0,0,0,43
776,1208,8,352,100,0,0,0,0,0,0,0,0,44
777,1540,8,376,100,0,0,0,0,0,0,0,0,47
778,1548,8,416,100,0,0,0,0,0,0,0,0,52
779,1436,8,392,100,0,0,0,0,0,0,0,0,49
780,1420,8,392,100,0,0,0,0,0,0,0,0,49
781,1248,8,376,100,0,0,0,0,0,0,0,0,47
782,1136,8,408,100,0,0,0,0,0,0,0,0,51
783,968,8,384,100,0,0,0,0,0,0,0,0,48
784,1028,8,376,100,0,0,0,0,0,0,0,0,47
785,952,8,416,100,0,0,0,0,0,0,0,0,52
786,1040,8,424,100,0,0,0,0,0,0,0,0,53
787,1048,8,400,100,0,0,0,0,0,0,0,0,50
788,1116,8,392,100,0,0,0,0,0,0,0,0,49
789,880,8,376,100,0,0,0,0,0,0,0,0,47
790,1076,8,368,100,0,0,0,0,0,0,0,0,46
791,1164,8,408,100,0,0,0,0,0,0,0,0,51
792,988,8,416,100,0,0,0,0,0,0,0,0,52
793,812,8,432,100,0,0,0,0,0,0,0,0,54
794,896,8,424,100,0,0,0,0,0,0,0,0,53
795,992,8,424,100,0,0,0,0,0,0,0,0,53
796,972,8,376,100,0,0,0,0,0,0,0,0,47
797,1056,8,400,100,0,0,0,0,0,0,0,0,50
798,1008,8,424,100,0,0,0,0,0,0,0,0,53
799,940,8,440,100,0,0,0,0,0,0,0,0,55
800,872,8,432,100,0,0,0,0,0,0,0,0,54
801,1112,8,432,100,0,0,0,0,0,0,0,0,54
802,1280,8,416,100,0,0,0,0,0,0,0,0,52
803,1420,8,448,100,0,0,0,0,0,0,0,0,56
804,1392,8,416,100,0,0,0,0,0,0,0,0,52
805,1604,8,448,100,0,0,0,0,0,0,0,0,56
806,1564,8,416,100,0,0,0,0,0,0,0,0,52
807,1416,8,416,100,0,0,0,0,0,0,0,0,52
808,976,8,384,100,0,0,0,0,0,0,0,0,48
809,996,8,408,100,0,0,0,0,0,0,0,0,51
810,1040,8,424,100,0,0,0,0,0,0,0,0,53
811,976,8,432,100,0,0,0,0,0,0,0,0,54
812,1020,8,408,100,0,0,0,0,0,0,0,0,51
813,1008,8,384,100,0,0,0,0,0,0,0,0,48
814,936,8,416,100,0,0,0,0,0,0,0,0,52
815,1068,8,408,100,0,0,0,0,0,0,0,0,51
816,1276,8,432,100,0,0,0,0,0,0,0,0,54
817,1260,8,400,100,0,0,0,0,0,0,0,0,50
818,1196,8,384,100,0,0,0,0,0,0,0,0,48
819,1100,8,384,100,0,0,0,0,0,0,0,0,48
820,868,8,376,100,0,0,0,0,0,0,0,0,47
821,1064,8,400,100,0,0,0,0,0,0,0,0,50
822,772,8,392,100,0,0,0,0,0,0,0,0,49
823,900,8,400,100,0,0,0,0,0,0,0,0,50
824,896,8,400,100,0,0,0,0,0,0,0,0,50
825,844,8,408,100,0,0,0,0,0,0,0,0,51
826,836,8,448,100,0,0,0,0,0,0,0,0,56
827,856,8,424,100,0,0,0,0,0,0,0,0,53
828,848,8,440,100,0,0,0,0,0,0,0,0,55
829,908,8,416,100,0,0,0,0,0,0,0,0,52
830,996,8,432,100,0,0,0,0,0,0,0,0,54
831,1040,8,416,100,0,0,0,0,0,0,0,0,52
832,860,8,408,100,0,0,0,0,0,0,0,0,51
833,820,8,408,100,0,0,0,0,0,0,0,0,51
834,868,8,384,100,0,0,0,0,0,0,0,0,48
835,908,8,368,100,0,0,0,0,0,0,0,0,46
836,816,8,352,100,0,0,0,0,0,0,0,0,44
837,716,8,360,100,0,0,0,0,0,0,0,0,45
838,832,8,400,100,0,0,0,0,0,0,0,0,50
839,772,8,376,100,0,0,0,0,0,0,0,0,47
840,764,8,400,100,0,0,0,0,0,0,0,0,50
841,704,8,416,100,0,0,0,0,0,0,0,0,52
842,868,8,488,100,0,0,0,0,0,0,0,0,61
843,844,8,472,100,0,0,0,0,0,0,0,0,59
844,856,8,480,100,0,0,0,0,0,0,0,0,60
845,920,8,488,100,0,0,0,0,0,0,0,0,61
846,900,8,488,100,0,0,0,0,0,0,0,0,61
847,856,8,480,100,0,0,0,0,0,0,0,0,60
848,968,8,504,100,0,0,0,0,0,0,0,0,63
849,912,8,496,100,0,0,0,0,0,0,0,0,62
850,972,8,480,100,0,0,0,0,0,0,0,0,60
851,924,8,464,100,0,0,0,0,0,0,0,0,58
852,944,8,432,100,0,0,0,0,0,0,0,0,54
853,932,8,440,100,0,0,0,0,0,0,0,0,55
854,924,8,448,100,0,0,0,0,0,0,0,0,56
855,836,8,464,100,0,0,0,0,0,0,0,0,58
856,708,8,448,100,0,0,0,0,0,0,0,0,56
857,588,8,432,100,0,0,0,0,0,0,0,0,54
858,744,8,480,100,0,0,0,0,0,0,0,0,60
859,784,8,480,100,0,0,0,0,0,0,0,0,60
860,672,8,480,100,0,0,0,0,0,0,0,0,60
861,704,8,488,100,0,0,0,0,0,0,0,0,61
862,784,8,504,100,0,0,0,0,0,0,0,0,63
863,684,8,480,100,0,0,0,0,0,0,0,0,60
864,656,8,496,100,0,0,0,0,0,0,0,0,62
865,776,8,512,100,0,0,0,0,0,0,0,0,64
866,716,8,520,100,0,0,0,0,0,0,0,0,65
867,668,8,488,100,0,0,0,0,0,0,0,0,61
868,736,8,480,100,0,0,0,0,0,0,0,0,60
869,636,8,472,100,0,0,0,0,0,0,0,0,59
870,612,8,440,100,0,0,0,0,0,0,0,0,55
871,636,8,448,100,0,0,0,0,0,0,0,0,56
872,596,8,472,100,0,0,0,0,0,0,0,0,59
873,688,8,480,100,0,0,0,0,0,0,0,0,60
874,668,8,496,100,0,0,0,0,0,0,0,0,62
875,756,8,520,100,0,0,0,0,0,0,0,0,65
876,736,8,488,100,0,0,0,0,0,0,0,0,61
877,632,8,496,100,0,0,0,0,0,0,0,0,62
878,692,8,488,100,0,0,0,0,0,0,0,0,61
879,716,8,472,100,0,0,0,0,0,0,0,0,59
880,808,8,480,100,0,0,0,0,0,0,0,0,60
881,800,8,480,100,0,0,0,0,0,0,0,0,60
882,880,8,456,100,0,0,0,0,0,0,0,0,57
883,1068,8,480,100,0,0,0,0,0,0,0,0,60
884,1176,8,456,100,0,0,0,0,0,0,0,0,57
885,808,8,432,100,0,0,0,0,0,0,0,0,54
886,880,8,424,100,0,0,0,0,0,0,0,0,53
887,896,8,424,100,0,0,0,0,0,0,0,0,53
888,1164,8,480,100,0,0,0,0,0,0,0,0,60
889,1384,8,464,100,0,0,0,0,0,0,0,0,58
890,1560,8,416,100,0,0,0,0,0,0,0,0,52
891,1392,8,456,100,0,0,0,0,0,0,0,0,57
892,1540,8,432,100,0,0,0,0,0,0,0,0,54
893,936,8,384,100,0,0,0,0,0,0,0,0,48
894,984,8,392,100,0,0,0,0,0,0,0,0,49
895,908,8,408,100,0,0,0,0,0,0,0,0,51
896,1088,8,400,100,0,0,0,0,0,0,0,0,50
897,1060,8,384,100,0,0,0,0,0,0,0,0,48
898,984,8,384,100,0,0,0,0,0,0,0,0,48
899,1124,8,408,100,0,0,0,0,0,0,0,0,51
900,1144,8,376,100,0,0,0,0,0,0,0,0,47
901,1324,8,416,100,0,0,0,0,0,0,0,0,52
902,1288,8,416,100,0,0,0,0,0,0,0,0,52
903,1248,8,440,100,0,0,0,0,0,0,0,0,55
904,832,8,432,100,0,0,0,0,0,0,0,0,54
905,960,8,416,100,0,0,0,0,0,0,0,0,52
906,1308,8,424,100,0,0,0,0,0,0,0,0,53
907,1468,8,448,100,0,0,0,0,0,0,0,0,56
908,1368,8,408,100,0,0,0,0,0,0,0,0,51
909,1276,8,376,100,0,0,0,0,0,0,0,0,47
910,1564,8,384,100,0,0,0,0,0,0,0,0,48
911,1060,8,376,100,0,0,0,0,0,0,0,0,47
912,964,8,392,100,0,0,0,0,0,0,0,0,49
913,1200,8,432,100,0,0,0,0,0,0,0,0,54
914,1236,8,424,100,0,0,0,0,0,0,0,0,53
915,1364,8,440,100,0,0,0,0,0,0,0,0,55
916,1608,8,440,100,0,0,0,0,0,0,0,0,55
917,1492,8,440,100,0,0,0,0,0,0,0,0,55
918,1304,8,400,100,0,0,0,0,0,0,0,0,50
919,1208,8,400,100,0,0,0,0,0,0,0,0,50
920,1352,8,408,100,0,0,0,0,0,0,0,0,51
921,1392,8,400,100,0,0,0,0,0,0,0,0,50
922,1204,8,416,100,0,0,0,0,0,0,0,0,52
923,1012,8,432,100,0,0,0,0,0,0,0,0,54
924,1140,8,432,100,0,0,0,0,0,0,0,0,54
925,1040,8,408,100,0,0,0,0,0,0,0,0,51
926,1128,8,408,100,0,0,0,0,0,0,0,0,51
927,796,8,408,100,0,0,0,0,0,0,0,0,51
928,1036,8,416,100,0,0,0,0,0,0,0,0,52
929,1052,8,376,100,0,0,0,0,0,0,0,0,47
930,1020,8,384,100,0,0,0,0,0,0,0,0,48
931,1048,8,392,100,0,0,0,0,0,0,0,0,49
932,936,8,424,100,0,0,0,0,0,0,0,0,53
933,904,8,384,100,0,0,0,0,0,0,0,0,48
934,1068,8,408,100,0,0,0,0,0,0,0,0,51
935,1100,8,392,100,0,0,0,0,0,0,0,0,49
936,1180,8,400,100,0,0,0,0,0,0,0,0,50
937,1420,8,400,100,0,0,0,0,0,0,0,0,50
938,1372,8,360,100,0,0,0,0,0,0,0,0,45
939,1444,8,384,100,0,0,0,0,0,0,0,0,48
940,1316,8,384,100,0,0,0,0,0,0,0,0,48
941,1564,8,384,100,0,0,0,0,0,0,0,0,48
942,1784,8,408,100,0,0,0,0,0,0,0,0,51
943,1460,8,392,100,0,0,0,0,0,0,0,0,49
944,1780,8,432,100,0,0,0,0,0,0,0,0,54
945,2204,8,448,100,0,0,0,0,0,0,0,0,56
946,2204,8,456,100,0,0,0,0,0,0,0,0,57
947,2136,8,408,100,0,0,0,0,0,0,0,0,51
948,1500,8,416,100,0,0,0,0,0,0,0,0,52
949,1804,8,384,100,0,0,0,0,0,0,0,0,48
950,1948,8,392,100,0,0,0,0,0,0,0,0,49
951,2060,8,408,100,0,0,0,0,0,0,0,0,51
952,1640,8,376,100,0,0,0,0,0,0,0,0,47
953,1508,8,400,100,0,0,0,0,0,0,0,0,50
954,1828,8,424,100,0,0,0,0,0,0,0,0,53
955,1196,8,424,100,0,0,0,0,0,0,0,0,53
956,1472,8,440,100,0,0,0,0,0,0,0,0,55
957,1228,8,440,100,0,0,0,0,0,0,0,0,55
958,1328,8,464,100,0,0,0,0,0,0,0,0,58
959,1296,8,456,100,0,0,0,0,0,0,0,0,57
960,1316,8,456,100,0,0,0,0,0,0,0,0,57
961,1328,8,464,100,0,0,0,0,0,0,0,0,58
962,1076,8,480,100,0,0,0,0,0,0,0,0,60
963,1248,8,472,100,0,0,0,0,0,0,0,0,59
964,1116,8,472,100,0,0,0,0,0,0,0,0,59
965,1304,8,472,100,0,0,0,0,0,0,0,0,59
966,1572,8,472,100,0,0,0,0,0,0,0,0,59
967,1172,8,464,100,0,0,0,0,0,0,0,0,58
968,1172,8,408,100,0,0,0,0,0,0,0,0,51
969,1004,8,424,100,0,0,0,0,0,0,0,0,53
970,1220,8,432,100,0,0,0,0,0,0,0,0,54
971,1088,8,392,100,0,0,0,0,0,0,0,0,49
972,996,8,368,100,0,0,0,0,0,0,0,0,46
973,1156,8,376,100,0,0,0,0,0,0,0,0,47
974,1356,8,384,100,0,0,0,0,0,0,0,0,48
975,1516,8,376,100,0,0,0,0,0,0,0,0,47
976,1324,8,384,100,0,0,0,0,0,0,0,0,48
977,1356,8,376,100,0,0,0,0,0,0,0,0,47
978,1440,8,344,100,0,0,0,0,0,0,0,0,43
979,1680,8,384,100,0,0,0,0,0,0,0,0,48
980,1788,8,408,100,0,0,0,0,0,0,0,0,51
981,1464,8,408,100,0,0,0,0,0,0,0,0,51
982,1716,8,400,100,0,0,0,0,0,0,0,0,50
983,1676,8,384,100,0,0,0,0,0,0,0,0,48
984,1700,8,400,100,0,0,0,0,0,0,0,0,50
985,1656,8,424,100,0,0,0,0,0,0,0,0,53
986,1388,8,440,100,0,0,0,0,0,0,0,0,55
987,1620,8,416,100,0,0,0,0,0,0,0,0,52
988,1572,8,408,100,0,0,0,0,0,0,0,0,51
989,1680,8,424,100,0,0,0,0,0,0,0,0,53
990,1636,8,424,100,0,0,0,0,0,0,0,0,53
991,1508,8,424,100,0,0,0,0,0,0,0,0,53
992,1416,8,424,100,0,0,0,0,0,0,0,0,53
993,1184,8,400,100,0,0,0,0,0,0,0,0,50
994,1204,8,392,100,0,0,0,0,0,0,0,0,49
995,1028,8,384,100,0,0,0,0,0,0,0,0,48
996,1200,8,384,100,0,0,0,0,0,0,0,0,48
997,1072,8,400,100,0,0,0,0,0,0,0,0,50
998,1208,8,392,100,0,0,0,0,0,0,0,0,49
999,1440,8,368,100,0,0,0,0,0,0,0,0,46
