update,points,mean_tasks,total_tasks,total_orgs,task_0,task_1,task_2,task_3,task_4,task_5,task_6,task_7,task_8
0,0,nan,0,10,0,0,0,0,0,0,0,0,0
1,0,nan,0,10,0,0,0,0,0,0,0,0,0
2,0,nan,0,10,0,0,0,0,0,0,0,0,0
3,0,nan,0,10,0,0,0,0,0,0,0,0,0
4,0,nan,0,10,0,0,0,0,0,0,0,0,0
5,0,nan,0,10,0,0,0,0,0,0,0,0,0
6,24,8,16,12,0,0,0,0,0,0,0,0,2
7,24,8,16,12,0,0,0,0,0,0,0,0,2
8,24,8,16,12,0,0,0,0,0,0,0,0,2
9,36,8,24,13,0,0,0,0,0,0,0,0,3
10,36,8,24,13,0,0,0,0,0,0,0,0,3
11,36,8,24,13,0,0,0,0,0,0,0,0,3
12,48,8,32,14,0,0,0,0,0,0,0,0,4
13,48,8,32,14,0,0,0,0,0,0,0,0,4
14,48,8,32,14,0,0,0,0,0,0,0,0,4
15,48,8,32,14,0,0,0,0,0,0,0,0,4
16,60,8,32,15,0,0,0,0,0,0,0,0,4
17,28,8,24,15,0,0,0,0,0,0,0,0,3
18,40,8,32,16,0,0,0,0,0,0,0,0,4
19,40,8,32,16,0,0,0,0,0,0,0,0,4
20,40,8,32,16,0,0,0,0,0,0,0,0,4
21,40,8,32,16,0,0,0,0,0,0,0,0,4
22,40,8,32,16,0,0,0,0,0,0,0,0,4
23,40,8,32,16,0,0,0,0,0,0,0,0,4
24,40,8,32,16,0,0,0,0,0,0,0,0,4
25,40,8,32,16,0,0,0,0,0,0,0,0,4
26,52,8,32,16,0,0,0,0,0,0,0,0,4
27,52,8,32,16,0,0,0,0,0,0,0,0,4
28,52,8,32,16,0,0,0,0,0,0,0,0,4
29,52,8,32,16,0,0,0,0,0,0,0,0,4
30,52,8,32,16,0,0,0,0,0,0,0,0,4
31,52,8,32,16,0,0,0,0,0,0,0,0,4
32,52,8,32,16,0,0,0,0,0,0,0,0,4
33,52,8,32,16,0,0,0,0,0,0,0,0,4
34,52,8,32,16,0,0,0,0,0,0,0,0,4
35,52,8,32,16,0,0,0,0,0,0,0,0,4
36,64,8,32,16,0,0,0,0,0,0,0,0,4
37,32,8,24,16,0,0,0,0,0,0,0,0,3
38,44,8,32,17,0,0,0,0,0,0,0,0,4
39,56,8,40,18,0,0,0,0,0,0,0,0,5
40,56,8,40,18,0,0,0,0,0,0,0,0,5
41,68,8,48,19,0,0,0,0,0,0,0,0,6
42,68,8,48,19,0,0,0,0,0,0,0,0,6
43,80,8,48,20,0,0,0,0,0,0,0,0,6
44,60,8,48,20,0,0,0,0,0,0,0,0,6
45,60,8,48,20,0,0,0,0,0,0,0,0,6
46,72,8,48,21,0,0,0,0,0,0,0,0,6
47,72,8,48,21,0,0,0,0,0,0,0,0,6
48,84,8,56,22,0,0,0,0,0,0,0,0,7
49,84,8,56,22,0,0,0,0,0,0,0,0,7
50,108,8,64,24,0,0,0,0,0,0,0,0,8
51,76,8,56,24,0,0,0,0,0,0,0,0,7
52,88,8,64,25,0,0,0,0,0,0,0,0,8
53,108,8,64,26,0,0,0,0,0,0,0,0,8
54,108,8,64,26,0,0,0,0,0,0,0,0,8
55,120,8,72,26,0,0,0,0,0,0,0,0,9
56,144,8,72,26,0,0,0,0,0,0,0,0,9
57,104,8,72,27,0,0,0,0,0,0,0,0,9
58,116,8,80,27,0,0,0,0,0,0,0,0,10
59,128,8,88,28,0,0,0,0,0,0,0,0,11
60,140,8,96,29,0,0,0,0,0,0,0,0,12
61,140,8,96,29,0,0,0,0,0,0,0,0,12
62,164,8,112,30,0,0,0,0,0,0,0,0,14
63,164,8,104,30,0,0,0,0,0,0,0,0,13
64,144,8,104,30,0,0,0,0,0,0,0,0,13
65,144,8,104,30,0,0,0,0,0,0,0,0,13
66,156,8,112,30,0,0,0,0,0,0,0,0,14
67,156,8,112,30,0,0,0,0,0,0,0,0,14
68,168,8,120,30,0,0,0,0,0,0,0,0,15
69,168,8,120,30,0,0,0,0,0,0,0,0,15
70,192,8,128,30,0,0,0,0,0,0,0,0,16
71,160,8,120,30,0,0,0,0,0,0,0,0,15
72,184,8,128,30,0,0,0,0,0,0,0,0,16
73,176,8,128,31,0,0,0,0,0,0,0,0,16
74,188,8,128,32,0,0,0,0,0,0,0,0,16
75,168,8,128,32,0,0,0,0,0,0,0,0,16
76,180,8,136,33,0,0,0,0,0,0,0,0,17
77,192,8,144,34,0,0,0,0,0,0,0,0,18
78,212,8,144,35,0,0,0,0,0,0,0,0,18
79,196,8,152,37,0,0,0,0,0,0,0,0,19
80,204,8,152,38,0,0,0,0,0,0,0,0,19
81,212,8,144,38,0,0,0,0,0,0,0,0,18
82,180,8,136,38,0,0,0,0,0,0,0,0,17
83,192,8,144,38,0,0,0,0,0,0,0,0,18
84,216,8,152,39,0,0,0,0,0,0,0,0,19
85,228,8,160,40,0,0,0,0,0,0,0,0,20
86,232,8,168,42,0,0,0,0,0,0,0,0,21
87,208,8,160,42,0,0,0,0,0,0,0,0,20
88,220,8,168,43,0,0,0,0,0,0,0,0,21
89,220,8,168,43,0,0,0,0,0,0,0,0,21
90,240,8,168,43,0,0,0,0,0,0,0,0,21
91,240,8,168,43,0,0,0,0,0,0,0,0,21
92,240,8,168,43,0,0,0,0,0,0,0,0,21
93,240,8,168,43,0,0,0,0,0,0,0,0,21
94,240,8,168,43,0,0,0,0,0,0,0,0,21
95,252,8,168,43,0,0,0,0,0,0,0,0,21
96,264,8,176,44,0,0,0,0,0,0,0,0,22
97,220,8,176,44,0,0,0,0,0,0,0,0,22
98,220,8,176,44,0,0,0,0,0,0,0,0,22
99,232,8,176,44,0,0,0,0,0,0,0,0,22
100,232,8,168,44,0,0,0,0,0,0,0,0,21
101,244,8,168,45,0,0,0,0,0,0,0,0,21
102,248,8,176,46,0,0,0,0,0,0,0,0,22
103,224,8,176,46,0,0,0,0,0,0,0,0,22
104,224,8,176,46,0,0,0,0,0,0,0,0,22
105,236,8,176,46,0,0,0,0,0,0,0,0,22
106,248,8,160,47,0,0,0,0,0,0,0,0,20
107,216,8,168,47,0,0,0,0,0,0,0,0,21
108,240,8,176,47,0,0,0,0,0,0,0,0,22
109,224,8,168,47,0,0,0,0,0,0,0,0,21
110,224,8,160,47,0,0,0,0,0,0,0,0,20
111,248,8,168,48,0,0,0,0,0,0,0,0,21
112,284,8,176,48,0,0,0,0,0,0,0,0,22
113,272,8,176,48,0,0,0,0,0,0,0,0,22
114,272,8,168,48,0,0,0,0,0,0,0,0,21
115,272,8,168,49,0,0,0,0,0,0,0,0,21
116,252,8,152,49,0,0,0,0,0,0,0,0,19
117,236,8,168,50,0,0,0,0,0,0,0,0,21
118,248,8,160,50,0,0,0,0,0,0,0,0,20
119,224,8,152,50,0,0,0,0,0,0,0,0,19
120,212,8,160,50,0,0,0,0,0,0,0,0,20
121,236,8,160,50,0,0,0,0,0,0,0,0,20
122,220,8,152,51,0,0,0,0,0,0,0,0,19
123,220,8,168,52,0,0,0,0,0,0,0,0,21
124,256,8,184,53,0,0,0,0,0,0,0,0,23
125,236,8,176,53,0,0,0,0,0,0,0,0,22
126,276,8,192,55,0,0,0,0,0,0,0,0,24
127,300,8,192,55,0,0,0,0,0,0,0,0,24
128,276,8,192,55,0,0,0,0,0,0,0,0,24
129,288,8,208,56,0,0,0,0,0,0,0,0,26
130,264,8,200,56,0,0,0,0,0,0,0,0,25
131,288,8,216,57,0,0,0,0,0,0,0,0,27
132,316,8,224,58,0,0,0,0,0,0,0,0,28
133,276,8,208,58,0,0,0,0,0,0,0,0,26
134,280,8,224,61,0,0,0,0,0,0,0,0,28
135,312,8,232,62,0,0,0,0,0,0,0,0,29
136,320,8,224,64,0,0,0,0,0,0,0,0,28
137,336,8,248,67,0,0,0,0,0,0,0,0,31
138,368,8,240,69,0,0,0,0,0,0,0,0,30
139,284,8,232,70,0,0,0,0,0,0,0,0,29
140,308,8,248,73,0,0,0,0,0,0,0,0,31
141,340,8,288,74,0,0,0,0,0,0,0,0,36
142,444,8,304,76,0,0,0,0,0,0,0,0,38
143,440,8,304,78,0,0,0,0,0,0,0,0,38
144,416,8,328,82,0,0,0,0,0,0,0,0,41
145,404,8,328,84,0,0,0,0,0,0,0,0,41
146,504,8,360,86,0,0,0,0,0,0,0,0,45
147,528,8,344,86,0,0,0,0,0,0,0,0,43
148,592,8,376,89,0,0,0,0,0,0,0,0,47
149,524,8,384,91,0,0,0,0,0,0,0,0,48
150,500,8,408,92,0,0,0,0,0,0,0,0,51
151,584,8,432,93,0,0,0,0,0,0,0,0,54
152,624,8,432,94,0,0,0,0,0,0,0,0,54
153,584,8,400,94,0,0,0,0,0,0,0,0,50
154,516,8,416,96,0,0,0,0,0,0,0,0,52
155,508,8,400,97,0,0,0,0,0,0,0,0,50
156,520,8,432,97,0,0,0,0,0,0,0,0,54
157,528,8,424,97,0,0,0,0,0,0,0,0,53
158,516,8,408,97,0,0,0,0,0,0,0,0,51
159,476,8,392,97,0,0,0,0,0,0,0,0,49
160,540,8,416,97,0,0,0,0,0,0,0,0,52
161,528,8,416,97,0,0,0,0,0,0,0,0,52
162,568,8,400,97,0,0,0,0,0,0,0,0,50
163,532,8,376,98,0,0,0,0,0,0,0,0,47
164,496,8,376,98,0,0,0,0,0,0,0,0,47
165,524,8,392,99,0,0,0,0,0,0,0,0,49
166,504,8,416,100,0,0,0,0,0,0,0,0,52
167,556,8,416,100,0,0,0,0,0,0,0,0,52
168,560,8,424,100,0,0,0,0,0,0,0,0,53
169,584,8,416,100,0,0,0,0,0,0,0,0,52
170,648,8,400,100,0,0,0,0,0,0,0,0,50
171,648,8,400,100,0,0,0,0,0,0,0,0,50
172,624,8,424,100,0,0,0,0,0,0,0,0,53
173,728,8,424,100,0,0,0,0,0,0,0,0,53
174,784,8,440,100,0,0,0,0,0,0,0,0,55
175,756,8,424,100,0,0,0,0,0,0,0,0,53
176,828,8,424,100,0,0,0,0,0,0,0,0,53
177,924,8,392,100,0,0,0,0,0,0,0,0,49
178,864,8,384,100,0,0,0,0,0,0,0,0,48
179,808,8,392,100,0,0,0,0,0,0,0,0,49
180,924,8,400,100,0,0,0,0,0,0,0,0,50
181,940,8,392,100,0,0,0,0,0,0,0,0,49
182,1008,8,400,100,0,0,0,0,0,0,0,0,50
183,996,8,408,100,0,0,0,0,0,0,0,0,51
184,1156,8,408,100,0,0,0,0,0,0,0,0,51
185,984,8,384,100,0,0,0,0,0,0,0,0,48
186,924,8,408,100,0,0,0,0,0,0,0,0,51
187,1036,8,408,100,0,0,0,0,0,0,0,0,51
188,1032,8,424,100,0,0,0,0,0,0,0,0,53
189,1072,8,376,100,0,0,0,0,0,0,0,0,47
190,1156,8,392,100,0,0,0,0,0,0,0,0,49
191,1240,8,384,100,0,0,0,0,0,0,0,0,48
192,1348,8,424,100,0,0,0,0,0,0,0,0,53
193,1424,8,416,100,0,0,0,0,0,0,0,0,52
194,1556,8,440,100,0,0,0,0,0,0,0,0,55
195,1204,8,408,100,0,0,0,0,0,0,0,0,51
196,1180,8,368,100,0,0,0,0,0,0,0,0,46
197,1084,8,352,100,0,0,0,0,0,0,0,0,44
198,996,8,328,100,0,0,0,0,0,0,0,0,41
199,1060,8,352,100,0,0,0,0,0,0,0,0,44
200,1232,8,384,100,0,0,0,0,0,0,0,0,48
201,1112,8,400,100,0,0,0,0,0,0,0,0,50
202,1232,8,416,100,0,0,0,0,0,0,0,0,52
203,1336,8,408,100,0,0,0,0,0,0,0,0,51
204,1052,8,400,100,0,0,0,0,0,0,0,0,50
205,1128,8,416,100,0,0,0,0,0,0,0,0,52
206,1236,8,448,100,0,0,0,0,0,0,0,0,56
207,1192,8,448,100,0,0,0,0,0,0,0,0,56
208,1248,8,448,100,0,0,0,0,0,0,0,0,56
209,1188,8,432,100,0,0,0,0,0,0,0,0,54
210,1104,8,440,100,0,0,0,0,0,0,0,0,55
211,1208,8,448,100,0,0,0,0,0,0,0,0,56
212,1120,8,416,100,0,0,0,0,0,0,0,0,52
213,992,8,400,100,0,0,0,0,0,0,0,0,50
214,976,8,424,100,0,0,0,0,0,0,0,0,53
215,952,8,432,100,0,0,0,0,0,0,0,0,54
216,1044,8,400,100,0,0,0,0,0,0,0,0,50
217,1160,8,400,100,0,0,0,0,0,0,0,0,50
218,1244,8,408,100,0,0,0,0,0,0,0,0,51
219,1112,8,408,100,0,0,0,0,0,0,0,0,51
220,1280,8,408,100,0,0,0,0,0,0,0,0,51
221,1304,8,408,100,0,0,0,0,0,0,0,0,51
222,864,8,392,100,0,0,0,0,0,0,0,0,49
223,1132,8,400,100,0,0,0,0,0,0,0,0,50
224,1180,8,368,100,0,0,0,0,0,0,0,0,46
225,1048,8,408,100,0,0,0,0,0,0,0,0,51
226,1092,8,416,100,0,0,0,0,0,0,0,0,52
227,1152,8,368,100,0,0,0,0,0,0,0,0,46
228,1144,8,384,100,0,0,0,0,0,0,0,0,48
229,1196,8,376,100,0,0,0,0,0,0,0,0,47
230,1176,8,392,100,0,0,0,0,0,0,0,0,49
231,1252,8,416,100,0,0,0,0,0,0,0,0,52
232,1220,8,392,100,0,0,0,0,0,0,0,0,49
233,1024,8,416,100,0,0,0,0,0,0,0,0,52
234,972,8,392,100,0,0,0,0,0,0,0,0,49
235,1008,8,392,100,0,0,0,0,0,0,0,0,49
236,976,8,408,100,0,0,0,0,0,0,0,0,51
237,804,8,432,100,0,0,0,0,0,0,0,0,54
238,912,8,456,100,0,0,0,0,0,0,0,0,57
239,944,8,424,100,0,0,0,0,0,0,0,0,53
240,752,8,400,100,0,0,0,0,0,0,0,0,50
241,872,8,408,100,0,0,0,0,0,0,0,0,51
242,1012,8,416,100,0,0,0,0,0,0,0,0,52
243,940,8,400,100,0,0,0,0,0,0,0,0,50
244,936,8,376,100,0,0,0,0,0,0,0,0,47
245,1116,8,400,100,0,0,0,0,0,0,0,0,50
246,1140,8,400,100,0,0,0,0,0,0,0,0,50
247,1232,8,400,100,0,0,0,0,0,0,0,0,50
248,1240,8,376,100,0,0,0,0,0,0,0,0,47
249,1268,8,384,100,0,0,0,0,0,0,0,0,48
250,1180,8,368,100,0,0,0,0,0,0,0,0,46
251,1060,8,336,100,0,0,0,0,0,0,0,0,42
252,852,8,344,100,0,0,0,0,0,0,0,0,43
253,1112,8,392,100,0,0,0,0,0,0,0,0,49
254,1180,8,400,100,0,0,0,0,0,0,0,0,50
255,1100,8,376,100,0,0,0,0,0,0,0,0,47
256,1036,8,368,100,0,0,0,0,0,0,0,0,46
257,972,8,384,100,0,0,0,0,0,0,0,0,48
258,1060,8,432,100,0,0,0,0,0,0,0,0,54
259,1084,8,432,100,0,0,0,0,0,0,0,0,54
260,1124,8,448,100,0,0,0,0,0,0,0,0,56
261,1204,8,456,100,0,0,0,0,0,0,0,0,57
262,1128,8,432,100,0,0,0,0,0,0,0,0,54
263,1012,8,432,100,0,0,0,0,0,0,0,0,54
264,900,8,448,100,0,0,0,0,0,0,0,0,56
265,888,8,472,100,0,0,0,0,0,0,0,0,59
266,984,8,464,100,0,0,0,0,0,0,0,0,58
267,896,8,448,100,0,0,0,0,0,0,0,0,56
268,896,8,464,100,0,0,0,0,0,0,0,0,58
269,776,8,424,100,0,0,0,0,0,0,0,0,53
270,888,8,440,100,0,0,0,0,0,0,0,0,55
271,928,8,424,100,0,0,0,0,0,0,0,0,53
272,1080,8,448,100,0,0,0,0,0,0,0,0,56
273,1084,8,416,100,0,0,0,0,0,0,0,0,52
274,1188,8,424,100,0,0,0,0,0,0,0,0,53
275,1132,8,416,100,0,0,0,0,0,0,0,0,52
276,1204,8,408,100,0,0,0,0,0,0,0,0,51
277,1380,8,432,100,0,0,0,0,0,0,0,0,54
278,1448,8,424,100,0,0,0,0,0,0,0,0,53
279,1420,8,432,100,0,0,0,0,0,0,0,0,54
280,1356,8,376,100,0,0,0,0,0,0,0,0,47
281,1432,8,408,100,0,0,0,0,0,0,0,0,51
282,1456,8,360,100,0,0,0,0,0,0,0,0,45
283,1380,8,368,100,0,0,0,0,0,0,0,0,46
284,964,8,392,100,0,0,0,0,0,0,0,0,49
285,1112,8,424,100,0,0,0,0,0,0,0,0,53
286,808,8,376,100,0,0,0,0,0,0,0,0,47
287,860,8,368,100,0,0,0,0,0,0,0,0,46
288,824,8,400,100,0,0,0,0,0,0,0,0,50
289,816,8,360,100,0,0,0,0,0,0,0,0,45
290,820,8,368,100,0,0,0,0,0,0,0,0,46
291,988,8,384,100,0,0,0,0,0,0,0,0,48
292,1056,8,392,100,0,0,0,0,0,0,0,0,49
293,960,8,344,100,0,0,0,0,0,0,0,0,43
294,964,8,376,100,0,0,0,0,0,0,0,0,47
295,736,8,352,100,0,0,0,0,0,0,0,0,44
296,572,8,376,100,0,0,0,0,0,0,0,0,47
297,660,8,400,100,0,0,0,0,0,0,0,0,50
298,604,8,408,100,0,0,0,0,0,0,0,0,51
299,644,8,408,100,0,0,0,0,0,0,0,0,51
300,572,8,440,100,0,0,0,0,0,0,0,0,55
301,652,8,448,100,0,0,0,0,0,0,0,0,56
302,744,8,464,100,0,0,0,0,0,0,0,0,58
303,652,8,472,100,0,0,0,0,0,0,0,0,59
304,712,8,480,100,0,0,0,0,0,0,0,0,60
305,716,8,496,100,0,0,0,0,0,0,0,0,62
306,664,8,472,100,0,0,0,0,0,0,0,0,59
307,680,8,472,100,0,0,0,0,0,0,0,0,59
308,676,8,440,100,0,0,0,0,0,0,0,0,55
309,652,8,456,100,0,0,0,0,0,0,0,0,57
310,672,8,448,100,0,0,0,0,0,0,0,0,56
311,672,8,424,100,0,0,0,0,0,0,0,0,53
312,616,8,400,100,0,0,0,0,0,0,0,0,50
313,520,8,392,100,0,0,0,0,0,0,0,0,49
314,580,8,384,100,0,0,0,0,0,0,0,0,48
315,568,8,376,100,0,0,0,0,0,0,0,0,47
316,592,8,408,100,0,0,0,0,0,0,0,0,51
317,736,8,408,100,0,0,0,0,0,0,0,0,51
318,712,8,408,100,0,0,0,0,0,0,0,0,51
319,636,8,392,100,0,0,0,0,0,0,0,0,49
320,716,8,448,100,0,0,0,0,0,0,0,0,56
321,748,8,432,100,0,0,0,0,0,0,0,0,54
322,724,8,456,100,0,0,0,0,0,0,0,0,57
323,700,8,416,100,0,0,0,0,0,0,0,0,52
324,708,8,416,100,0,0,0,0,0,0,0,0,52
325,740,8,464,100,0,0,0,0,0,0,0,0,58
326,724,8,448,100,0,0,0,0,0,0,0,0,56
327,720,8,432,100,0,0,0,0,0,0,0,0,54
328,632,8,424,100,0,0,0,0,0,0,0,0,53
329,596,8,408,100,0,0,0,0,0,0,0,0,51
330,648,8,432,100,0,0,0,0,0,0,0,0,54
331,676,8,440,100,0,0,0,0,0,0,0,0,55
332,708,8,432,100,0,0,0,0,0,0,0,0,54
333,688,8,432,100,0,0,0,0,0,0,0,0,54
334,532,8,416,100,0,0,0,0,0,0,0,0,52
335,660,8,456,100,0,0,0,0,0,0,0,0,57
336,680,8,432,100,0,0,0,0,0,0,0,0,54
337,636,8,472,100,0,0,0,0,0,0,0,0,59
338,692,8,472,100,0,0,0,0,0,0,0,0,59
339,600,8,448,100,0,0,0,0,0,0,0,0,56
340,648,8,432,100,0,0,0,0,0,0,0,0,54
341,688,8,448,100,0,0,0,0,0,0,0,0,56
342,604,8,424,100,0,0,0,0,0,0,0,0,53
343,604,8,472,100,0,0,0,0,0,0,0,0,59
344,704,8,488,100,0,0,0,0,0,0,0,0,61
345,640,8,488,100,0,0,0,0,0,0,0,0,61
346,628,8,488,100,0,0,0,0,0,0,0,0,61
347,648,8,464,100,0,0,0,0,0,0,0,0,58
348,612,8,480,100,0,0,0,0,0,0,0,0,60
349,580,8,416,100,0,0,0,0,0,0,0,0,52
350,628,8,456,100,0,0,0,0,0,0,0,0,57
351,664,8,472,100,0,0,0,0,0,0,0,0,59
352,672,8,456,100,0,0,0,0,0,0,0,0,57
353,680,8,496,100,0,0,0,0,0,0,0,0,62
354,732,8,480,100,0,0,0,0,0,0,0,0,60
355,672,8,448,100,0,0,0,0,0,0,0,0,56
356,680,8,464,100,0,0,0,0,0,0,0,0,58
357,692,8,504,100,0,0,0,0,0,0,0,0,63
358,752,8,504,100,0,0,0,0,0,0,0,0,63
359,700,8,464,100,0,0,0,0,0,0,0,0,58
360,604,8,480,100,0,0,0,0,0,0,0,0,60
361,688,8,520,100,0,0,0,0,0,0,0,0,65
362,692,8,512,100,0,0,0,0,0,0,0,0,64
363,748,8,528,100,0,0,0,0,0,0,0,0,66
364,748,8,504,100,0,0,0,0,0,0,0,0,63
365,684,8,488,100,0,0,0,0,0,0,0,0,61
366,692,8,496,100,0,0,0,0,0,0,0,0,62
367,652,8,488,100,0,0,0,0,0,0,0,0,61
368,712,8,512,100,0,0,0,0,0,0,0,0,64
369,620,8,440,100,0,0,0,0,0,0,0,0,55
370,640,8,496,100,0,0,0,0,0,0,0,0,62
371,752,8,464,100,0,0,0,0,0,0,0,0,58
372,688,8,472,100,0,0,0,0,0,0,0,0,59
373,792,8,496,100,0,0,0,0,0,0,0,0,62
374,792,8,472,100,0,0,0,0,0,0,0,0,59
375,708,8,496,100,0,0,0,0,0,0,0,0,62
376,760,8,496,100,0,0,0,0,0,0,0,0,62
377,672,8,488,100,0,0,0,0,0,0,0,0,61
378,720,8,472,100,0,0,0,0,0,0,0,0,59
379,628,8,424,100,0,0,0,0,0,0,0,0,53
380,668,8,448,100,0,0,0,0,0,0,0,0,56
381,744,8,456,100,0,0,0,0,0,0,0,0,57
382,720,8,464,100,0,0,0,0,0,0,0,0,58
383,696,8,456,100,0,0,0,0,0,0,0,0,57
384,744,8,456,100,0,0,0,0,0,0,0,0,57
385,756,8,456,100,0,0,0,0,0,0,0,0,57
386,656,8,424,100,0,0,0,0,0,0,0,0,53
387,612,8,440,100,0,0,0,0,0,0,0,0,55
388,776,8,456,100,0,0,0,0,0,0,0,0,57
389,708,8,432,100,0,0,0,0,0,0,0,0,54
390,596,8,432,100,0,0,0,0,0,0,0,0,54
391,696,8,432,100,0,0,0,0,0,0,0,0,54
392,740,8,448,100,0,0,0,0,0,0,0,0,56
393,692,8,480,100,0,0,0,0,0,0,0,0,60
394,708,8,504,100,0,0,0,0,0,0,0,0,63
395,756,8,512,100,0,0,0,0,0,0,0,0,64
396,752,8,520,100,0,0,0,0,0,0,0,0,65
397,712,8,520,100,0,0,0,0,0,0,0,0,65
398,808,8,520,100,0,0,0,0,0,0,0,0,65
399,804,8,536,100,0,0,0,0,0,0,0,0,67
400,728,8,512,100,0,0,0,0,0,0,0,0,64
401,736,8,504,100,0,0,0,0,0,0,0,0,63
402,736,8,480,100,0,0,0,0,0,0,0,0,60
403,680,8,464,100,0,0,0,0,0,0,0,0,58
404,844,8,496,100,0,0,0,0,0,0,0,0,62
405,764,8,480,100,0,0,0,0,0,0,0,0,60
406,728,8,464,100,0,0,0,0,0,0,0,0,58
407,756,8,448,100,0,0,0,0,0,0,0,0,56
408,788,8,472,100,0,0,0,0,0,0,0,0,59
409,684,8,464,100,0,0,0,0,0,0,0,0,58
410,792,8,488,100,0,0,0,0,0,0,0,0,61
411,704,8,472,100,0,0,0,0,0,0,0,0,59
412,644,8,480,100,0,0,0,0,0,0,0,0,60
413,728,8,472,100,0,0,0,0,0,0,0,0,59
414,748,8,472,100,0,0,0,0,0,0,0,0,59
415,660,8,456,100,0,0,0,0,0,0,0,0,57
416,776,8,472,100,0,0,0,0,0,0,0,0,59
417,644,8,456,100,0,0,0,0,0,0,0,0,57
418,680,8,456,100,0,0,0,0,0,0,0,0,57
419,700,8,472,100,0,0,0,0,0,0,0,0,59
420,656,8,456,100,0,0,0,0,0,0,0,0,57
421,756,8,464,100,0,0,0,0,0,0,0,0,58
422,668,8,480,100,0,0,0,0,0,0,0,0,60
423,704,8,480,100,0,0,0,0,0,0,0,0,60
424,728,8,448,100,0,0,0,0,0,0,0,0,56
425,664,8,440,100,0,0,0,0,0,0,0,0,55
426,620,8,456,100,0,0,0,0,0,0,0,0,57
427,688,8,424,100,0,0,0,0,0,0,0,0,53
428,700,8,440,100,0,0,0,0,0,0,0,0,55
429,688,8,448,100,0,0,0,0,0,0,0,0,56
430,640,8,440,100,0,0,0,0,0,0,0,0,55
431,728,8,456,100,0,0,0,0,0,0,0,0,57
432,724,8,472,100,0,0,0,0,0,0,0,0,59
433,740,8,464,100,0,0,0,0,0,0,0,0,58
434,676,8,448,100,0,0,0,0,0,0,0,0,56
435,784,8,472,100,0,0,0,0,0,0,0,0,59
436,756,8,456,100,0,0,0,0,0,0,0,0,57
437,688,8,472,100,0,0,0,0,0,0,0,0,59
438,752,8,496,100,0,0,0,0,0,0,0,0,62
439,808,8,488,100,0,0,0,0,0,0,0,0,61
440,660,8,480,100,0,0,0,0,0,0,0,0,60
441,680,8,464,100,0,0,0,0,0,0,0,0,58
442,708,8,488,100,0,0,0,0,0,0,0,0,61
443,688,8,496,100,0,0,0,0,0,0,0,0,62
444,748,8,488,100,0,0,0,0,0,0,0,0,61
445,732,8,504,100,0,0,0,0,0,0,0,0,63
446,776,8,504,100,0,0,0,0,0,0,0,0,63
447,776,8,472,100,0,0,0,0,0,0,0,0,59
448,660,8,432,100,0,0,0,0,0,0,0,0,54
449,680,8,424,100,0,0,0,0,0,0,0,0,53
450,724,8,448,100,0,0,0,0,0,0,0,0,56
451,748,8,448,100,0,0,0,0,0,0,0,0,56
452,716,8,464,100,0,0,0,0,0,0,0,0,58
453,656,8,424,100,0,0,0,0,0,0,0,0,53
454,660,8,408,100,0,0,0,0,0,0,0,0,51
455,704,8,440,100,0,0,0,0,0,0,0,0,55
456,748,8,440,100,0,0,0,0,0,0,0,0,55
457,740,8,440,100,0,0,0,0,0,0,0,0,55
458,688,8,408,100,0,0,0,0,0,0,0,0,51
459,704,8,440,100,0,0,0,0,0,0,0,0,55
460,708,8,416,100,0,0,0,0,0,0,0,0,52
461,764,8,432,100,0,0,0,0,0,0,0,0,54
462,892,8,480,100,0,0,0,0,0,0,0,0,60
463,788,8,448,100,0,0,0,0,0,0,0,0,56
464,896,8,480,100,0,0,0,0,0,0,0,0,60
465,896,8,488,100,0,0,0,0,0,0,0,0,61
466,920,8,504,100,0,0,0,0,0,0,0,0,63
467,1036,8,488,100,0,0,0,0,0,0,0,0,61
468,1108,8,488,100,0,0,0,0,0,0,0,0,61
469,1076,8,472,100,0,0,0,0,0,0,0,0,59
470,1120,8,464,100,0,0,0,0,0,0,0,0,58
471,1104,8,480,100,0,0,0,0,0,0,0,0,60
472,952,8,472,100,0,0,0,0,0,0,0,0,59
473,1008,8,464,100,0,0,0,0,0,0,0,0,58
474,1120,8,504,100,0,0,0,0,0,0,0,0,63
475,964,8,480,100,0,0,0,0,0,0,0,0,60
476,1192,8,488,100,0,0,0,0,0,0,0,0,61
477,1220,8,488,100,0,0,0,0,0,0,0,0,61
478,768,8,432,100,0,0,0,0,0,0,0,0,54
479,992,8,448,100,0,0,0,0,0,0,0,0,56
480,832,8,432,100,0,0,0,0,0,0,0,0,54
481,904,8,440,100,0,0,0,0,0,0,0,0,55
482,1160,8,464,100,0,0,0,0,0,0,0,0,58
483,888,8,472,100,0,0,0,0,0,0,0,0,59
484,908,8,480,100,0,0,0,0,0,0,0,0,60
485,868,8,440,100,0,0,0,0,0,0,0,0,55
486,892,8,456,100,0,0,0,0,0,0,0,0,57
487,876,8,464,100,0,0,0,0,0,0,0,0,58
488,980,8,448,100,0,0,0,0,0,0,0,0,56
489,812,8,448,100,0,0,0,0,0,0,0,0,56
490,864,8,448,100,0,0,0,0,0,0,0,0,56
491,908,8,456,100,0,0,0,0,0,0,0,0,57
492,816,8,456,100,0,0,0,0,0,0,0,0,57
493,984,8,464,100,0,0,0,0,0,0,0,0,58
494,1048,8,472,100,0,0,0,0,0,0,0,0,59
495,1008,8,472,100,0,0,0,0,0,0,0,0,59
496,972,8,496,100,0,0,0,0,0,0,0,0,62
497,800,8,464,100,0,0,0,0,0,0,0,0,58
498,860,8,496,100,0,0,0,0,0,0,0,0,62
499,920,8,496,100,0,0,0,0,0,0,0,0,62
500,824,8,504,100,0,0,0,0,0,0,0,0,63
501,904,8,544,100,0,0,0,0,0,0,0,0,68
502,884,8,520,100,0,0,0,0,0,0,0,0,65
503,984,8,512,100,0,0,0,0,0,0,0,0,64
504,928,8,488,100,0,0,0,0,0,0,0,0,61
505,956,8,520,100,0,0,0,0,0,0,0,0,65
506,960,8,504,100,0,0,0,0,0,0,0,0,63
507,900,8,512,100,0,0,0,0,0,0,0,0,64
508,896,8,472,100,0,0,0,0,0,0,0,0,59
509,900,8,472,100,0,0,0,0,0,0,0,0,59
510,852,8,472,100,0,0,0,0,0,0,0,0,59
511,984,8,472,100,0,0,0,0,0,0,0,0,59
512,892,8,424,100,0,0,0,0,0,0,0,0,53
513,756,8,432,100,0,0,0,0,0,0,0,0,54
514,720,8,456,100,0,0,0,0,0,0,0,0,57
515,908,8,464,100,0,0,0,0,0,0,0,0,58
516,760,8,464,100,0,0,0,0,0,0,0,0,58
517,868,8,488,100,0,0,0,0,0,0,0,0,61
518,844,8,496,100,0,0,0,0,0,0,0,0,62
519,776,8,472,100,0,0,0,0,0,0,0,0,59
520,832,8,488,100,0,0,0,0,0,0,0,0,61
521,820,8,504,100,0,0,0,0,0,0,0,0,63
522,684,8,488,100,0,0,0,0,0,0,0,0,61
523,760,8,496,100,0,0,0,0,0,0,0,0,62
524,724,8,496,100,0,0,0,0,0,0,0,0,62
525,812,8,520,100,0,0,0,0,0,0,0,0,65
526,756,8,504,100,0,0,0,0,0,0,0,0,63
527,724,8,488,100,0,0,0,0,0,0,0,0,61
528,684,8,472,100,0,0,0,0,0,0,0,0,59
529,692,8,456,100,0,0,0,0,0,0,0,0,57
530,700,8,472,100,0,0,0,0,0,0,0,0,59
531,688,8,488,100,0,0,0,0,0,0,0,0,61
532,764,8,512,100,0,0,0,0,0,0,0,0,64
533,792,8,520,100,0,0,0,0,0,0,0,0,65
534,796,8,480,100,0,0,0,0,0,0,0,0,60
535,828,8,472,100,0,0,0,0,0,0,0,0,59
536,896,8,488,100,0,0,0,0,0,0,0,0,61
537,640,8,472,100,0,0,0,0,0,0,0,0,59
538,764,8,480,100,0,0,0,0,0,0,0,0,60
539,808,8,456,100,0,0,0,0,0,0,0,0,57
540,740,8,464,100,0,0,0,0,0,0,0,0,58
541,808,8,488,100,0,0,0,0,0,0,0,0,61
542,784,8,504,100,0,0,0,0,0,0,0,0,63
543,768,8,504,100,0,0,0,0,0,0,0,0,63
544,720,8,520,100,0,0,0,0,0,0,0,0,65
545,800,8,520,100,0,0,0,0,0,0,0,0,65
546,764,8,504,100,0,0,0,0,0,0,0,0,63
547,708,8,480,100,0,0,0,0,0,0,0,0,60
548,708,8,456,100,0,0,0,0,0,0,0,0,57
549,740,8,472,100,0,0,0,0,0,0,0,0,59
550,856,8,504,100,0,0,0,0,0,0,0,0,63
551,980,8,496,100,0,0,0,0,0,0,0,0,62
552,904,8,456,100,0,0,0,0,0,0,0,0,57
553,996,8,456,100,0,0,0,0,0,0,0,0,57
554,1092,8,440,100,0,0,0,0,0,0,0,0,55
555,956,8,432,100,0,0,0,0,0,0,0,0,54
556,1072,8,440,100,0,0,0,0,0,0,0,0,55
557,1064,8,456,100,0,0,0,0,0,0,0,0,57
558,1020,8,504,100,0,0,0,0,0,0,0,0,63
559,1196,8,464,100,0,0,0,0,0,0,0,0,58
560,884,8,456,100,0,0,0,0,0,0,0,0,57
561,960,8,496,100,0,0,0,0,0,0,0,0,62
562,872,8,488,100,0,0,0,0,0,0,0,0,61
563,1084,8,520,100,0,0,0,0,0,0,0,0,65
564,1016,8,512,100,0,0,0,0,0,0,0,0,64
565,1012,8,472,100,0,0,0,0,0,0,0,0,59
566,940,8,520,100,0,0,0,0,0,0,0,0,65
567,924,8,528,100,0,0,0,0,0,0,0,0,66
568,900,8,512,100,0,0,0,0,0,0,0,0,64
569,884,8,504,100,0,0,0,0,0,0,0,0,63
570,860,8,472,100,0,0,0,0,0,0,0,0,59
571,960,8,488,100,0,0,0,0,0,0,0,0,61
572,1032,8,528,100,0,0,0,0,0,0,0,0,66
573,984,8,464,100,0,0,0,0,0,0,0,0,58
574,1080,8,480,100,0,0,0,0,0,0,0,0,60
575,944,8,496,100,0,0,0,0,0,0,0,0,62
576,948,8,520,100,0,0,0,0,0,0,0,0,65
577,952,8,488,100,0,0,0,0,0,0,0,0,61
578,976,8,504,100,0,0,0,0,0,0,0,0,63
579,1084,8,512,100,0,0,0,0,0,0,0,0,64
580,900,8,448,100,0,0,0,0,0,0,0,0,56
581,944,8,456,100,0,0,0,0,0,0,0,0,57
582,1020,8,464,100,0,0,0,0,0,0,0,0,58
583,1244,8,520,100,0,0,0,0,0,0,0,0,65
584,1132,8,480,100,0,0,0,0,0,0,0,0,60
585,1032,8,464,100,0,0,0,0,0,0,0,0,58
586,772,8,456,100,0,0,0,0,0,0,0,0,57
587,1020,8,496,100,0,0,0,0,0,0,0,0,62
588,976,8,456,100,0,0,0,0,0,0,0,0,57
589,1156,8,464,100,0,0,0,0,0,0,0,0,58
590,1312,8,432,100,0,0,0,0,0,0,0,0,54
591,1136,8,472,100,0,0,0,0,0,0,0,0,59
592,1000,8,456,100,0,0,0,0,0,0,0,0,57
593,940,8,432,100,0,0,0,0,0,0,0,0,54
594,1220,8,480,100,0,0,0,0,0,0,0,0,60
595,1060,8,416,100,0,0,0,0,0,0,0,0,52
596,1164,8,416,100,0,0,0,0,0,0,0,0,52
597,1432,8,448,100,0,0,0,0,0,0,0,0,56
598,1360,8,448,100,0,0,0,0,0,0,0,0,56
599,1228,8,464,100,0,0,0,0,0,0,0,0,58
600,1236,8,464,100,0,0,0,0,0,0,0,0,58
601,1380,8,456,100,0,0,0,0,0,0,0,0,57
602,1352,8,432,100,0,0,0,0,0,0,0,0,54
603,1004,8,432,100,0,0,0,0,0,0,0,0,54
604,824,8,456,100,0,0,0,0,0,0,0,0,57
605,712,8,440,100,0,0,0,0,0,0,0,0,55
606,760,8,448,100,0,0,0,0,0,0,0,0,56
607,672,8,392,100,0,0,0,0,0,0,0,0,49
608,628,8,416,100,0,0,0,0,0,0,0,0,52
609,664,8,408,100,0,0,0,0,0,0,0,0,51
610,688,8,408,100,0,0,0,0,0,0,0,0,51
611,752,8,400,100,0,0,0,0,0,0,0,0,50
612,836,8,416,100,0,0,0,0,0,0,0,0,52
613,956,8,432,100,0,0,0,0,0,0,0,0,54
614,1028,8,440,100,0,0,0,0,0,0,0,0,55
615,1008,8,432,100,0,0,0,0,0,0,0,0,54
616,1104,8,448,100,0,0,0,0,0,0,0,0,56
617,1028,8,440,100,0,0,0,0,0,0,0,0,55
618,1092,8,424,100,0,0,0,0,0,0,0,0,53
619,1152,8,432,100,0,0,0,0,0,0,0,0,54
620,1340,8,456,100,0,0,0,0,0,0,0,0,57
621,1368,8,400,100,0,0,0,0,0,0,0,0,50
622,1316,8,384,100,0,0,0,0,0,0,0,0,48
623,1364,8,384,100,0,0,0,0,0,0,0,0,48
624,848,8,368,100,0,0,0,0,0,0,0,0,46
625,1092,8,376,100,0,0,0,0,0,0,0,0,47
626,860,8,384,100,0,0,0,0,0,0,0,0,48
627,1004,8,424,100,0,0,0,0,0,0,0,0,53
628,764,8,416,100,0,0,0,0,0,0,0,0,52
629,764,8,440,100,0,0,0,0,0,0,0,0,55
630,792,8,456,100,0,0,0,0,0,0,0,0,57
631,972,8,448,100,0,0,0,0,0,0,0,0,56
632,848,8,440,100,0,0,0,0,0,0,0,0,55
633,780,8,448,100,0,0,0,0,0,0,0,0,56
634,776,8,400,100,0,0,0,0,0,0,0,0,50
635,836,8,416,100,0,0,0,0,0,0,0,0,52
636,984,8,400,100,0,0,0,0,0,0,0,0,50
637,952,8,432,100,0,0,0,0,0,0,0,0,54
638,956,8,464,100,0,0,0,0,0,0,0,0,58
639,1112,8,432,100,0,0,0,0,0,0,0,0,54
640,916,8,440,100,0,0,0,0,0,0,0,0,55
641,1004,8,432,100,0,0,0,0,0,0,0,0,54
642,912,8,368,100,0,0,0,0,0,0,0,0,46
643,944,8,392,100,0,0,0,0,0,0,0,0,49
644,696,8,400,100,0,0,0,0,0,0,0,0,50
645,768,8,456,100,0,0,0,0,0,0,0,0,57
646,804,8,496,100,0,0,0,0,0,0,0,0,62
647,904,8,504,100,0,0,0,0,0,0,0,0,63
648,880,8,488,100,0,0,0,0,0,0,0,0,61
649,876,8,448,100,0,0,0,0,0,0,0,0,56
650,808,8,432,100,0,0,0,0,0,0,0,0,54
651,820,8,424,100,0,0,0,0,0,0,0,0,53
652,784,8,408,100,0,0,0,0,0,0,0,0,51
653,660,8,408,100,0,0,0,0,0,0,0,0,51
654,756,8,456,100,0,0,0,0,0,0,0,0,57
655,836,8,480,100,0,0,0,0,0,0,0,0,60
656,756,8,448,100,0,0,0,0,0,0,0,0,56
657,720,8,424,100,0,0,0,0,0,0,0,0,53
658,860,8,456,100,0,0,0,0,0,0,0,0,57
659,856,8,480,100,0,0,0,0,0,0,0,0,60
660,912,8,520,100,0,0,0,0,0,0,0,0,65
661,1008,8,552,100,0,0,0,0,0,0,0,0,69
662,996,8,528,100,0,0,0,0,0,0,0,0,66
663,824,8,528,100,0,0,0,0,0,0,0,0,66
664,816,8,528,100,0,0,0,0,0,0,0,0,66
665,796,8,504,100,0,0,0,0,0,0,0,0,63
666,828,8,480,100,0,0,0,0,0,0,0,0,60
667,716,8,472,100,0,0,0,0,0,0,0,0,59
668,796,8,488,100,0,0,0,0,0,0,0,0,61
669,864,8,464,100,0,0,0,0,0,0,0,0,58
670,756,8,440,100,0,0,0,0,0,0,0,0,55
671,692,8,456,100,0,0,0,0,0,0,0,0,57
672,744,8,456,100,0,0,0,0,0,0,0,0,57
673,760,8,440,100,0,0,0,0,0,0,0,0,55
674,768,8,448,100,0,0,0,0,0,0,0,0,56
675,748,8,472,100,0,0,0,0,0,0,0,0,59
676,828,8,504,100,0,0,0,0,0,0,0,0,63
677,732,8,504,100,0,0,0,0,0,0,0,0,63
678,796,8,496,100,0,0,0,0,0,0,0,0,62
679,736,8,520,100,0,0,0,0,0,0,0,0,65
680,780,8,520,100,0,0,0,0,0,0,0,0,65
681,732,8,528,100,0,0,0,0,0,0,0,0,66
682,688,8,496,100,0,0,0,0,0,0,0,0,62
683,660,8,488,100,0,0,0,0,0,0,0,0,61
684,692,8,496,100,0,0,0,0,0,0,0,0,62
685,700,8,480,100,0,0,0,0,0,0,0,0,60
686,724,8,504,100,0,0,0,0,0,0,0,0,63
687,740,8,488,100,0,0,0,0,0,0,0,0,61
688,692,8,488,100,0,0,0,0,0,0,0,0,61
689,700,8,488,100,0,0,0,0,0,0,0,0,61
690,748,8,504,100,0,0,0,0,0,0,0,0,63
691,764,8,520,100,0,0,0,0,0,0,0,0,65
692,696,8,496,100,0,0,0,0,0,0,0,0,62
693,736,8,480,100,0,0,0,0,0,0,0,0,60
694,732,8,440,100,0,0,0,0,0,0,0,0,55
695,732,8,464,100,0,0,0,0,0,0,0,0,58
696,736,8,448,100,0,0,0,0,0,0,0,0,56
697,708,8,448,100,0,0,0,0,0,0,0,0,56
698,664,8,464,100,0,0,0,0,0,0,0,0,58
699,716,8,488,100,0,0,0,0,0,0,0,0,61
700,680,8,464,100,0,0,0,0,0,0,0,0,58
701,776,8,504,100,0,0,0,0,0,0,0,0,63
702,840,8,520,100,0,0,0,0,0,0,0,0,65
703,780,8,504,100,0,0,0,0,0,0,0,0,63
704,804,8,496,100,0,0,0,0,0,0,0,0,62
705,756,8,480,100,0,0,0,0,0,0,0,0,60
706,720,8,488,100,0,0,0,0,0,0,0,0,61
707,764,8,488,100,0,0,0,0,0,0,0,0,61
708,796,8,512,100,0,0,0,0,0,0,0,0,64
709,832,8,480,100,0,0,0,0,0,0,0,0,60
710,812,8,464,100,0,0,0,0,0,0,0,0,58
711,800,8,440,100,0,0,0,0,0,0,0,0,55
712,736,8,456,100,0,0,0,0,0,0,0,0,57
713,708,8,448,100,0,0,0,0,0,0,0,0,56
714,724,8,432,100,0,0,0,0,0,0,0,0,54
715,692,8,448,100,0,0,0,0,0,0,0,0,56
716,724,8,488,100,0,0,0,0,0,0,0,0,61
717,900,8,496,100,0,0,0,0,0,0,0,0,62
718,816,8,496,100,0,0,0,0,0,0,0,0,62
719,796,8,504,100,0,0,0,0,0,0,0,0,63
720,840,8,520,100,0,0,0,0,0,0,0,0,65
721,824,8,496,100,0,0,0,0,0,0,0,0,62
722,808,8,488,100,0,0,0,0,0,0,0,0,61
723,812,8,472,100,0,0,0,0,0,0,0,0,59
724,904,8,472,100,0,0,0,0,0,0,0,0,59
725,864,8,408,100,0,0,0,0,0,0,0,0,51
726,780,8,384,100,0,0,0,0,0,0,0,0,48
727,708,8,416,100,0,0,0,0,0,0,0,0,52
728,808,8,424,100,0,0,0,0,0,0,0,0,53
729,908,8,464,100,0,0,0,0,0,0,0,0,58
730,916,8,472,100,0,0,0,0,0,0,0,0,59
731,780,8,432,100,0,0,0,0,0,0,0,0,54
732,860,8,440,100,0,0,0,0,0,0,0,0,55
733,848,8,416,100,0,0,0,0,0,0,0,0,52
734,836,8,464,100,0,0,0,0,0,0,0,0,58
735,880,8,432,100,0,0,0,0,0,0,0,0,54
736,916,8,424,100,0,0,0,0,0,0,0,0,53
737,996,8,392,100,0,0,0,0,0,0,0,0,49
738,936,8,416,100,0,0,0,0,0,0,0,0,52
739,1052,8,424,100,0,0,0,0,0,0,0,0,53
740,1100,8,440,100,0,0,0,0,0,0,0,0,55
741,1128,8,448,100,0,0,0,0,0,0,0,0,56
742,964,8,416,100,0,0,0,0,0,0,0,0,52
743,1080,8,416,100,0,0,0,0,0,0,0,0,52
744,1036,8,424,100,0,0,0,0,0,0,0,0,53
745,1124,8,448,100,0,0,0,0,0,0,0,0,56
746,1064,8,416,100,0,0,0,0,0,0,0,0,52
747,1140,8,424,100,0,0,0,0,0,0,0,0,53
748,1176,8,448,100,0,0,0,0,0,0,0,0,56
749,1128,8,448,100,0,0,0,0,0,0,0,0,56
750,1204,8,472,100,0,0,0,0,0,0,0,0,59
751,804,8,496,100,0,0,0,0,0,0,0,0,62
752,836,8,496,100,0,0,0,0,0,0,0,0,62
753,776,8,440,100,0,0,0,0,0,0,0,0,55
754,772,8,480,100,0,0,0,0,0,0,0,0,60
755,844,8,488,100,0,0,0,0,0,0,0,0,61
756,888,8,488,100,0,0,0,0,0,0,0,0,61
757,852,8,472,100,0,0,0,0,0,0,0,0,59
758,968,8,472,100,0,0,0,0,0,0,0,0,59
759,916,8,464,100,0,0,0,0,0,0,0,0,58
760,972,8,496,100,0,0,0,0,0,0,0,0,62
761,1004,8,480,100,0,0,0,0,0,0,0,0,60
762,748,8,464,100,0,0,0,0,0,0,0,0,58
763,692,8,416,100,0,0,0,0,0,0,0,0,52
764,688,8,424,100,0,0,0,0,0,0,0,0,53
765,756,8,440,100,0,0,0,0,0,0,0,0,55
766,852,8,456,100,0,0,0,0,0,0,0,0,57
767,804,8,416,100,0,0,0,0,0,0,0,0,52
768,788,8,384,100,0,0,0,0,0,0,0,0,48
769,696,8,424,100,0,0,0,0,0,0,0,0,53
770,816,8,448,100,0,0,0,0,0,0,0,0,56
771,832,8,448,100,0,0,0,0,0,0,0,0,56
772,856,8,464,100,0,0,0,0,0,0,0,0,58
773,904,8,448,100,0,0,0,0,0,0,0,0,56
774,852,8,440,100,0,0,0,0,0,0,0,0,55
775,848,8,464,100,0,0,0,0,0,0,0,0,58
776,888,8,464,100,0,0,0,0,0,0,0,0,58
777,932,8,472,100,0,0,0,0,0,0,0,0,59
778,868,8,472,100,0,0,0,0,0,0,0,0,59
779,916,8,464,100,0,0,0,0,0,0,0,0,58
780,824,8,456,100,0,0,0,0,0,0,0,0,57
781,804,8,448,100,0,0,0,0,0,0,0,0,56
782,824,8,432,100,0,0,0,0,0,0,0,0,54
783,832,8,472,100,0,0,0,0,0,0,0,0,59
784,784,8,488,100,0,0,0,0,0,0,0,0,61
785,832,8,488,100,0,0,0,0,0,0,0,0,61
786,816,8,448,100,0,0,0,0,0,0,0,0,56
787,768,8,448,100,0,0,0,0,0,0,0,0,56
788,768,8,472,100,0,0,0,0,0,0,0,0,59
789,768,8,480,100,0,0,0,0,0,0,0,0,60
790,796,8,512,100,0,0,0,0,0,0,0,0,64
791,796,8,496,100,0,0,0,0,0,0,0,0,62
792,904,8,568,100,0,0,0,0,0,0,0,0,71
793,884,8,520,100,0,0,0,0,0,0,0,0,65
794,756,8,504,100,0,0,0,0,0,0,0,0,63
795,776,8,504,100,0,0,0,0,0,0,0,0,63
796,804,8,512,100,0,0,0,0,0,0,0,0,64
797,888,8,544,100,0,0,0,0,0,0,0,0,68
798,772,8,512,100,0,0,0,0,0,0,0,0,64
799,832,8,488,100,0,0,0,0,0,0,0,0,61
800,848,8,504,100,0,0,0,0,0,0,0,0,63
801,792,8,496,100,0,0,0,0,0,0,0,0,62
802,872,8,496,100,0,0,0,0,0,0,0,0,62
803,848,8,496,100,0,0,0,0,0,0,0,0,62
804,796,8,480,100,0,0,0,0,0,0,0,0,60
805,784,8,488,100,0,0,0,0,0,0,0,0,61
806,828,8,456,100,0,0,0,0,0,0,0,0,57
807,756,8,456,100,0,0,0,0,0,0,0,0,57
808,696,8,424,100,0,0,0,0,0,0,0,0,53
809,696,8,448,100,0,0,0,0,0,0,0,0,56
810,744,8,464,100,0,0,0,0,0,0,0,0,58
811,732,8,448,100,0,0,0,0,0,0,0,0,56
812,700,8,432,100,0,0,0,0,0,0,0,0,54
813,756,8,456,100,0,0,0,0,0,0,0,0,57
814,880,8,456,100,0,0,0,0,0,0,0,0,57
815,888,8,464,100,0,0,0,0,0,0,0,0,58
816,888,8,464,100,0,0,0,0,0,0,0,0,58
817,744,8,448,100,0,0,0,0,0,0,0,0,56
818,760,8,432,100,0,0,0,0,0,0,0,0,54
819,804,8,480,100,0,0,0,0,0,0,0,0,60
820,820,8,488,100,0,0,0,0,0,0,0,0,61
821,832,8,488,100,0,0,0,0,0,0,0,0,61
822,868,8,488,100,0,0,0,0,0,0,0,0,61
823,932,8,472,100,0,0,0,0,0,0,0,0,59
824,828,8,448,100,0,0,0,0,0,0,0,0,56
825,808,8,440,100,0,0,0,0,0,0,0,0,55
826,812,8,432,100,0,0,0,0,0,0,0,0,54
827,788,8,440,100,0,0,0,0,0,0,0,0,55
828,752,8,440,100,0,0,0,0,0,0,0,0,55
829,776,8,488,100,0,0,0,0,0,0,0,0,61
830,852,8,496,100,0,0,0,0,0,0,0,0,62
831,724,8,488,100,0,0,0,0,0,0,0,0,61
832,812,8,488,100,0,0,0,0,0,0,0,0,61
833,852,8,480,100,0,0,0,0,0,0,0,0,60
834,888,8,520,100,0,0,0,0,0,0,0,0,65
835,872,8,496,100,0,0,0,0,0,0,0,0,62
836,844,8,472,100,0,0,0,0,0,0,0,0,59
837,896,8,472,100,0,0,0,0,0,0,0,0,59
838,728,8,456,100,0,0,0,0,0,0,0,0,57
839,960,8,520,100,0,0,0,0,0,0,0,0,65
840,912,8,504,100,0,0,0,0,0,0,0,0,63
841,900,8,480,100,0,0,0,0,0,0,0,0,60
842,848,8,504,100,0,0,0,0,0,0,0,0,63
843,880,8,488,100,0,0,0,0,0,0,0,0,61
844,920,8,488,100,0,0,0,0,0,0,0,0,61
845,964,8,512,100,0,0,0,0,0,0,0,0,64
846,980,8,472,100,0,0,0,0,0,0,0,0,59
847,1032,8,424,100,0,0,0,0,0,0,0,0,53
848,1168,8,472,100,0,0,0,0,0,0,0,0,59
849,932,8,440,100,0,0,0,0,0,0,0,0,55
850,968,8,472,100,0,0,0,0,0,0,0,0,59
851,960,8,448,100,0,0,0,0,0,0,0,0,56
852,988,8,424,100,0,0,0,0,0,0,0,0,53
853,1080,8,432,100,0,0,0,0,0,0,0,0,54
854,1148,8,440,100,0,0,0,0,0,0,0,0,55
855,1196,8,432,100,0,0,0,0,0,0,0,0,54
856,1220,8,400,100,0,0,0,0,0,0,0,0,50
857,1080,8,416,100,0,0,0,0,0,0,0,0,52
858,984,8,432,100,0,0,0,0,0,0,0,0,54
859,1012,8,432,100,0,0,0,0,0,0,0,0,54
860,1100,8,424,100,0,0,0,0,0,0,0,0,53
861,1064,8,432,100,0,0,0,0,0,0,0,0,54
862,968,8,440,100,0,0,0,0,0,0,0,0,55
863,952,8,456,100,0,0,0,0,0,0,0,0,57
864,1164,8,472,100,0,0,0,0,0,0,0,0,59
865,1148,8,456,100,0,0,0,0,0,0,0,0,57
866,1052,8,472,100,0,0,0,0,0,0,0,0,59
867,1004,8,480,100,0,0,0,0,0,0,0,0,60
868,884,8,496,100,0,0,0,0,0,0,0,0,62
869,948,8,504,100,0,0,0,0,0,0,0,0,63
870,1064,8,512,100,0,0,0,0,0,0,0,0,64
871,1184,8,488,100,0,0,0,0,0,0,0,0,61
872,1472,8,464,100,0,0,0,0,0,0,0,0,58
873,1416,8,472,100,0,0,0,0,0,0,0,0,59
874,1132,8,464,100,0,0,0,0,0,0,0,0,58
875,1308,8,456,100,0,0,0,0,0,0,0,0,57
876,1492,8,432,100,0,0,0,0,0,0,0,0,54
877,1292,8,432,100,0,0,0,0,0,0,0,0,54
878,1316,8,464,100,0,0,0,0,0,0,0,0,58
879,1184,8,424,100,0,0,0,0,0,0,0,0,53
880,1148,8,408,100,0,0,0,0,0,0,0,0,51
881,1296,8,440,100,0,0,0,0,0,0,0,0,55
882,1364,8,432,100,0,0,0,0,0,0,0,0,54
883,1472,8,424,100,0,0,0,0,0,0,0,0,53
884,1652,8,432,100,0,0,0,0,0,0,0,0,54
885,1388,8,480,100,0,0,0,0,0,0,0,0,60
886,1632,8,472,100,0,0,0,0,0,0,0,0,59
887,1580,8,456,100,0,0,0,0,0,0,0,0,57
888,1460,8,456,100,0,0,0,0,0,0,0,0,57
889,1376,8,440,100,0,0,0,0,0,0,0,0,55
890,1392,8,432,100,0,0,0,0,0,0,0,0,54
891,1144,8,424,100,0,0,0,0,0,0,0,0,53
892,1032,8,424,100,0,0,0,0,0,0,0,0,53
893,1020,8,432,100,0,0,0,0,0,0,0,0,54
894,860,8,408,100,0,0,0,0,0,0,0,0,51
895,860,8,384,100,0,0,0,0,0,0,0,0,48
896,960,8,400,100,0,0,0,0,0,0,0,0,50
897,792,8,392,100,0,0,0,0,0,0,0,0,49
898,1116,8,464,100,0,0,0,0,0,0,0,0,58
899,948,8,440,100,0,0,0,0,0,0,0,0,55
900,900,8,408,100,0,0,0,0,0,0,0,0,51
901,980,8,432,100,0,0,0,0,0,0,0,0,54
902,1360,8,448,100,0,0,0,0,0,0,0,0,56
903,1116,8,416,100,0,0,0,0,0,0,0,0,52
904,1420,8,424,100,0,0,0,0,0,0,0,0,53
905,1624,8,424,100,0,0,0,0,0,0,0,0,53
906,1700,8,416,100,0,0,0,0,0,0,0,0,52
907,1296,8,400,100,0,0,0,0,0,0,0,0,50
908,1368,8,384,100,0,0,0,0,0,0,0,0,48
909,1328,8,424,100,0,0,0,0,0,0,0,0,53
910,1360,8,424,100,0,0,0,0,0,0,0,0,53
911,1152,8,408,100,0,0,0,0,0,0,0,0,51
912,904,8,384,100,0,0,0,0,0,0,0,0,48
913,908,8,376,100,0,0,0,0,0,0,0,0,47
914,872,8,384,100,0,0,0,0,0,0,0,0,48
915,876,8,392,100,0,0,0,0,0,0,0,0,49
916,1012,8,424,100,0,0,0,0,0,0,0,0,53
917,1140,8,368,100,0,0,0,0,0,0,0,0,46
918,1112,8,352,100,0,0,0,0,0,0,0,0,44
919,984,8,360,100,0,0,0,0,0,0,0,0,45
920,1032,8,408,100,0,0,0,0,0,0,0,0,51
921,1232,8,400,100,0,0,0,0,0,0,0,0,50
922,1204,8,376,100,0,0,0,0,0,0,0,0,47
923,1332,8,376,100,0,0,0,0,0,0,0,0,47
924,1176,8,344,100,0,0,0,0,0,0,0,0,43
925,884,8,352,100,0,0,0,0,0,0,0,0,44
926,1120,8,392,100,0,0,0,0,0,0,0,0,49
927,1004,8,416,100,0,0,0,0,0,0,0,0,52
928,1004,8,432,100,0,0,0,0,0,0,0,0,54
929,1012,8,432,100,0,0,0,0,0,0,0,0,54
930,1024,8,432,100,0,0,0,0,0,0,0,0,54
931,1076,8,432,100,0,0,0,0,0,0,0,0,54
932,1064,8,448,100,0,0,0,0,0,0,0,0,56
933,1208,8,440,100,0,0,0,0,0,0,0,0,55
934,1020,8,432,100,0,0,0,0,0,0,0,0,54
935,864,8,432,100,0,0,0,0,0,0,0,0,54
936,912,8,424,100,0,0,0,0,0,0,0,0,53
937,1100,8,432,100,0,0,0,0,0,0,0,0,54
938,1192,8,448,100,0,0,0,0,0,0,0,0,56
939,956,8,440,100,0,0,0,0,0,0,0,0,55
940,892,8,456,100,0,0,0,0,0,0,0,0,57
941,920,8,448,100,0,0,0,0,0,0,0,0,56
942,972,8,440,100,0,0,0,0,0,0,0,0,55
943,1096,8,448,100,0,0,0,0,0,0,0,0,56
944,1276,8,464,100,0,0,0,0,0,0,0,0,58
945,1272,8,424,100,0,0,0,0,0,0,0,0,53
946,1076,8,416,100,0,0,0,0,0,0,0,0,52
947,1268,8,440,100,0,0,0,0,0,0,0,0,55
948,1292,8,440,100,0,0,0,0,0,0,0,0,55
949,1088,8,392,100,0,0,0,0,0,0,0,0,49
950,1092,8,432,100,0,0,0,0,0,0,0,0,54
951,992,8,440,100,0,0,0,0,0,0,0,0,55
952,852,8,408,100,0,0,0,0,0,0,0,0,51
953,980,8,416,100,0,0,0,0,0,0,0,0,52
954,1032,8,424,100,0,0,0,0,0,0,0,0,53
955,956,8,416,100,0,0,0,0,0,0,0,0,52
956,1128,8,432,100,0,0,0,0,0,0,0,0,54
957,1288,8,400,100,0,0,0,0,0,0,0,0,50
958,1464,8,416,100,0,0,0,0,0,0,0,0,52
959,960,8,376,100,0,0,0,0,0,0,0,0,47
960,1280,8,384,100,0,0,0,0,0,0,0,0,48
961,1236,8,384,100,0,0,0,0,0,0,0,0,48
962,1364,8,416,100,0,0,0,0,0,0,0,0,52
963,1416,8,416,100,0,0,0,0,0,0,0,0,52
964,1648,8,440,100,0,0,0,0,0,0,0,0,55
965,1512,8,424,100,0,0,0,0,0,0,0,0,53
966,1424,8,408,100,0,0,0,0,0,0,0,0,51
967,1556,8,400,100,0,0,0,0,0,0,0,0,50
968,1552,8,384,100,0,0,0,0,0,0,0,0,48
969,1424,8,408,100,0,0,0,0,0,0,0,0,51
970,1204,8,384,100,0,0,0,0,0,0,0,0,48
971,1164,8,400,100,0,0,0,0,0,0,0,0,50
972,1076,8,416,100,0,0,0,0,0,0,0,0,52
973,928,8,400,100,0,0,0,0,0,0,0,0,50
974,1008,8,376,100,0,0,0,0,0,0,0,0,47
975,1120,8,360,100,0,0,0,0,0,0,0,0,45
976,1056,8,392,100,0,0,0,0,0,0,0,0,49
977,1348,8,432,100,0,0,0,0,0,0,0,0,54
978,1272,8,424,100,0,0,0,0,0,0,0,0,53
979,1452,8,448,100,0,0,0,0,0,0,0,0,56
980,1572,8,416,100,0,0,0,0,0,0,0,0,52
981,1828,8,440,100,0,0,0,0,0,0,0,0,55
982,1348,8,400,100,0,0,0,0,0,0,0,0,50
983,1740,8,392,100,0,0,0,0,0,0,0,0,49
984,1640,8,384,100,0,0,0,0,0,0,0,0,48
985,1516,8,368,100,0,0,0,0,0,0,0,0,46
986,1172,8,360,100,0,0,0,0,0,0,0,0,45
987,1352,8,368,100,0,0,0,0,0,0,0,0,46
988,1344,8,432,100,0,0,0,0,0,0,0,0,54
989,1076,8,424,100,0,0,0,0,0,0,0,0,53
990,1200,8,384,100,0,0,0,0,0,0,0,0,48
991,832,8,376,100,0,0,0,0,0,0,0,0,47
992,908,8,392,100,0,0,0,0,0,0,0,0,49
993,1160,8,408,100,0,0,0,0,0,0,0,0,51
994,1248,8,424,100,0,0,0,0,0,0,0,0,53
995,1364,8,416,100,0,0,0,0,0,0,0,0,52
996,1256,8,424,100,0,0,0,0,0,0,0,0,53
997,1080,8,408,100,0,0,0,0,0,0,0,0,51
998,1004,8,384,100,0,0,0,0,0,0,0,0,48
999,1032,8,360,100,0,0,0,0,0,0,0,0,45
