update,points,mean_tasks,total_tasks,total_orgs,task_0,task_1,task_2,task_3,task_4,task_5,task_6,task_7,task_8
0,0,nan,0,10,0,0,0,0,0,0,0,0,0
1,0,nan,0,10,0,0,0,0,0,0,0,0,0
2,0,nan,0,10,0,0,0,0,0,0,0,0,0
3,0,nan,0,10,0,0,0,0,0,0,0,0,0
4,0,8,8,10,0,0,0,0,0,0,0,0,1
5,0,8,8,10,0,0,0,0,0,0,0,0,1
6,24,8,24,12,0,0,0,0,0,0,0,0,3
7,24,8,24,12,0,0,0,0,0,0,0,0,3
8,36,8,32,13,0,0,0,0,0,0,0,0,4
9,36,8,32,13,0,0,0,0,0,0,0,0,4
10,48,8,40,14,0,0,0,0,0,0,0,0,5
11,48,8,40,14,0,0,0,0,0,0,0,0,5
12,60,8,48,15,0,0,0,0,0,0,0,0,6
13,60,8,48,15,0,0,0,0,0,0,0,0,6
14,72,8,56,16,0,0,0,0,0,0,0,0,7
15,72,8,56,16,0,0,0,0,0,0,0,0,7
16,72,8,56,16,0,0,0,0,0,0,0,0,7
17,72,8,56,16,0,0,0,0,0,0,0,0,7
18,72,8,56,16,0,0,0,0,0,0,0,0,7
19,72,8,56,16,0,0,0,0,0,0,0,0,7
20,72,8,56,16,0,0,0,0,0,0,0,0,7
21,72,8,56,16,0,0,0,0,0,0,0,0,7
22,72,8,56,16,0,0,0,0,0,0,0,0,7
23,72,8,56,16,0,0,0,0,0,0,0,0,7
24,72,8,56,16,0,0,0,0,0,0,0,0,7
25,72,8,56,16,0,0,0,0,0,0,0,0,7
26,72,8,56,16,0,0,0,0,0,0,0,0,7
27,72,8,56,16,0,0,0,0,0,0,0,0,7
28,72,8,56,16,0,0,0,0,0,0,0,0,7
29,72,8,56,16,0,0,0,0,0,0,0,0,7
30,72,8,56,16,0,0,0,0,0,0,0,0,7
31,72,8,56,16,0,0,0,0,0,0,0,0,7
32,72,8,56,16,0,0,0,0,0,0,0,0,7
33,72,8,56,16,0,0,0,0,0,0,0,0,7
34,72,8,56,16,0,0,0,0,0,0,0,0,7
35,72,8,56,16,0,0,0,0,0,0,0,0,7
36,72,8,56,16,0,0,0,0,0,0,0,0,7
37,72,8,56,16,0,0,0,0,0,0,0,0,7
38,72,8,56,16,0,0,0,0,0,0,0,0,7
39,72,8,56,16,0,0,0,0,0,0,0,0,7
40,72,8,56,16,0,0,0,0,0,0,0,0,7
41,72,8,56,16,0,0,0,0,0,0,0,0,7
42,72,8,56,16,0,0,0,0,0,0,0,0,7
43,72,8,56,16,0,0,0,0,0,0,0,0,7
44,72,8,56,16,0,0,0,0,0,0,0,0,7
45,72,8,56,16,0,0,0,0,0,0,0,0,7
46,72,8,56,16,0,0,0,0,0,0,0,0,7
47,72,8,56,16,0,0,0,0,0,0,0,0,7
48,72,8,56,16,0,0,0,0,0,0,0,0,7
49,72,8,56,16,0,0,0,0,0,0,0,0,7
50,72,8,56,16,0,0,0,0,0,0,0,0,7
51,72,8,56,16,0,0,0,0,0,0,0,0,7
52,72,8,56,16,0,0,0,0,0,0,0,0,7
53,72,8,56,16,0,0,0,0,0,0,0,0,7
54,72,8,56,16,0,0,0,0,0,0,0,0,7
55,72,8,56,16,0,0,0,0,0,0,0,0,7
56,72,8,56,16,0,0,0,0,0,0,0,0,7
57,72,8,56,16,0,0,0,0,0,0,0,0,7
58,72,8,56,16,0,0,0,0,0,0,0,0,7
59,72,8,56,16,0,0,0,0,0,0,0,0,7
60,72,8,56,16,0,0,0,0,0,0,0,0,7
61,72,8,56,16,0,0,0,0,0,0,0,0,7
62,72,8,56,16,0,0,0,0,0,0,0,0,7
63,72,8,56,16,0,0,0,0,0,0,0,0,7
64,72,8,56,16,0,0,0,0,0,0,0,0,7
65,72,8,56,16,0,0,0,0,0,0,0,0,7
66,72,8,56,16,0,0,0,0,0,0,0,0,7
67,72,8,56,16,0,0,0,0,0,0,0,0,7
68,72,8,56,16,0,0,0,0,0,0,0,0,7
69,72,8,56,16,0,0,0,0,0,0,0,0,7
70,72,8,56,16,0,0,0,0,0,0,0,0,7
71,72,8,56,16,0,0,0,0,0,0,0,0,7
72,72,8,56,16,0,0,0,0,0,0,0,0,7
73,72,8,56,16,0,0,0,0,0,0,0,0,7
74,72,8,56,16,0,0,0,0,0,0,0,0,7
75,72,8,56,16,0,0,0,0,0,0,0,0,7
76,72,8,56,16,0,0,0,0,0,0,0,0,7
77,72,8,56,16,0,0,0,0,0,0,0,0,7
78,72,8,56,16,0,0,0,0,0,0,0,0,7
79,72,8,56,16,0,0,0,0,0,0,0,0,7
80,72,8,56,16,0,0,0,0,0,0,0,0,7
81,72,8,56,16,0,0,0,0,0,0,0,0,7
82,72,8,56,16,0,0,0,0,0,0,0,0,7
83,72,8,56,16,0,0,0,0,0,0,0,0,7
84,72,8,56,16,0,0,0,0,0,0,0,0,7
85,72,8,56,16,0,0,0,0,0,0,0,0,7
86,72,8,56,16,0,0,0,0,0,0,0,0,7
87,72,8,56,16,0,0,0,0,0,0,0,0,7
88,72,8,56,16,0,0,0,0,0,0,0,0,7
89,72,8,56,16,0,0,0,0,0,0,0,0,7
90,72,8,56,16,0,0,0,0,0,0,0,0,7
91,72,8,56,16,0,0,0,0,0,0,0,0,7
92,72,8,56,16,0,0,0,0,0,0,0,0,7
93,72,8,56,16,0,0,0,0,0,0,0,0,7
94,72,8,56,16,0,0,0,0,0,0,0,0,7
95,72,8,56,16,0,0,0,0,0,0,0,0,7
96,72,8,56,16,0,0,0,0,0,0,0,0,7
97,72,8,56,16,0,0,0,0,0,0,0,0,7
98,72,8,56,16,0,0,0,0,0,0,0,0,7
99,72,8,56,16,0,0,0,0,0,0,0,0,7
100,72,8,56,16,0,0,0,0,0,0,0,0,7
101,72,8,56,16,0,0,0,0,0,0,0,0,7
102,72,8,56,16,0,0,0,0,0,0,0,0,7
103,72,8,56,16,0,0,0,0,0,0,0,0,7
104,72,8,56,16,0,0,0,0,0,0,0,0,7
105,72,8,56,16,0,0,0,0,0,0,0,0,7
106,72,8,56,16,0,0,0,0,0,0,0,0,7
107,72,8,56,16,0,0,0,0,0,0,0,0,7
108,72,8,56,16,0,0,0,0,0,0,0,0,7
109,72,8,56,16,0,0,0,0,0,0,0,0,7
110,72,8,56,16,0,0,0,0,0,0,0,0,7
111,72,8,56,16,0,0,0,0,0,0,0,0,7
112,72,8,56,16,0,0,0,0,0,0,0,0,7
113,72,8,56,16,0,0,0,0,0,0,0,0,7
114,72,8,56,16,0,0,0,0,0,0,0,0,7
115,72,8,56,16,0,0,0,0,0,0,0,0,7
116,72,8,56,16,0,0,0,0,0,0,0,0,7
117,72,8,56,16,0,0,0,0,0,0,0,0,7
118,72,8,56,16,0,0,0,0,0,0,0,0,7
119,72,8,56,16,0,0,0,0,0,0,0,0,7
120,72,8,56,16,0,0,0,0,0,0,0,0,7
121,72,8,56,16,0,0,0,0,0,0,0,0,7
122,72,8,56,16,0,0,0,0,0,0,0,0,7
123,72,8,56,16,0,0,0,0,0,0,0,0,7
124,72,8,56,16,0,0,0,0,0,0,0,0,7
125,72,8,56,16,0,0,0,0,0,0,0,0,7
126,72,8,56,16,0,0,0,0,0,0,0,0,7
127,72,8,56,16,0,0,0,0,0,0,0,0,7
128,72,8,56,16,0,0,0,0,0,0,0,0,7
129,72,8,56,16,0,0,0,0,0,0,0,0,7
130,72,8,56,16,0,0,0,0,0,0,0,0,7
131,72,8,56,16,0,0,0,0,0,0,0,0,7
132,72,8,56,16,0,0,0,0,0,0,0,0,7
133,72,8,56,16,0,0,0,0,0,0,0,0,7
134,72,8,56,16,0,0,0,0,0,0,0,0,7
135,72,8,56,16,0,0,0,0,0,0,0,0,7
136,72,8,56,16,0,0,0,0,0,0,0,0,7
137,72,8,56,16,0,0,0,0,0,0,0,0,7
138,72,8,56,16,0,0,0,0,0,0,0,0,7
139,72,8,56,16,0,0,0,0,0,0,0,0,7
140,72,8,56,16,0,0,0,0,0,0,0,0,7
141,72,8,56,16,0,0,0,0,0,0,0,0,7
142,72,8,56,16,0,0,0,0,0,0,0,0,7
143,72,8,56,16,0,0,0,0,0,0,0,0,7
144,72,8,56,16,0,0,0,0,0,0,0,0,7
145,72,8,56,16,0,0,0,0,0,0,0,0,7
146,72,8,56,16,0,0,0,0,0,0,0,0,7
147,72,8,56,16,0,0,0,0,0,0,0,0,7
148,72,8,56,16,0,0,0,0,0,0,0,0,7
149,72,8,56,16,0,0,0,0,0,0,0,0,7
150,72,8,56,16,0,0,0,0,0,0,0,0,7
151,72,8,56,16,0,0,0,0,0,0,0,0,7
152,72,8,56,16,0,0,0,0,0,0,0,0,7
153,72,8,56,16,0,0,0,0,0,0,0,0,7
154,72,8,56,16,0,0,0,0,0,0,0,0,7
155,72,8,56,16,0,0,0,0,0,0,0,0,7
156,72,8,56,16,0,0,0,0,0,0,0,0,7
157,72,8,56,16,0,0,0,0,0,0,0,0,7
158,72,8,56,16,0,0,0,0,0,0,0,0,7
159,72,8,56,16,0,0,0,0,0,0,0,0,7
160,72,8,56,16,0,0,0,0,0,0,0,0,7
161,72,8,56,16,0,0,0,0,0,0,0,0,7
162,72,8,56,16,0,0,0,0,0,0,0,0,7
163,72,8,56,16,0,0,0,0,0,0,0,0,7
164,72,8,56,16,0,0,0,0,0,0,0,0,7
165,72,8,56,16,0,0,0,0,0,0,0,0,7
166,72,8,56,16,0,0,0,0,0,0,0,0,7
167,72,8,56,16,0,0,0,0,0,0,0,0,7
168,72,8,56,16,0,0,0,0,0,0,0,0,7
169,72,8,56,16,0,0,0,0,0,0,0,0,7
170,72,8,56,16,0,0,0,0,0,0,0,0,7
171,72,8,56,16,0,0,0,0,0,0,0,0,7
172,72,8,56,16,0,0,0,0,0,0,0,0,7
173,72,8,56,16,0,0,0,0,0,0,0,0,7
174,72,8,56,16,0,0,0,0,0,0,0,0,7
175,72,8,56,16,0,0,0,0,0,0,0,0,7
176,72,8,56,16,0,0,0,0,0,0,0,0,7
177,72,8,56,16,0,0,0,0,0,0,0,0,7
178,72,8,56,16,0,0,0,0,0,0,0,0,7
179,72,8,56,16,0,0,0,0,0,0,0,0,7
180,72,8,56,16,0,0,0,0,0,0,0,0,7
181,72,8,56,16,0,0,0,0,0,0,0,0,7
182,72,8,56,16,0,0,0,0,0,0,0,0,7
183,72,8,56,16,0,0,0,0,0,0,0,0,7
184,72,8,56,16,0,0,0,0,0,0,0,0,7
185,72,8,56,16,0,0,0,0,0,0,0,0,7
186,72,8,56,16,0,0,0,0,0,0,0,0,7
187,72,8,56,16,0,0,0,0,0,0,0,0,7
188,72,8,56,16,0,0,0,0,0,0,0,0,7
189,72,8,56,16,0,0,0,0,0,0,0,0,7
190,72,8,56,16,0,0,0,0,0,0,0,0,7
191,72,8,56,16,0,0,0,0,0,0,0,0,7
192,72,8,56,16,0,0,0,0,0,0,0,0,7
193,72,8,56,16,0,0,0,0,0,0,0,0,7
194,72,8,56,16,0,0,0,0,0,0,0,0,7
195,72,8,56,16,0,0,0,0,0,0,0,0,7
196,72,8,56,16,0,0,0,0,0,0,0,0,7
197,72,8,56,16,0,0,0,0,0,0,0,0,7
198,72,8,56,16,0,0,0,0,0,0,0,0,7
199,72,8,56,16,0,0,0,0,0,0,0,0,7
200,72,8,56,16,0,0,0,0,0,0,0,0,7
201,72,8,56,16,0,0,0,0,0,0,0,0,7
202,72,8,56,16,0,0,0,0,0,0,0,0,7
203,72,8,56,16,0,0,0,0,0,0,0,0,7
204,72,8,56,16,0,0,0,0,0,0,0,0,7
205,72,8,56,16,0,0,0,0,0,0,0,0,7
206,72,8,56,16,0,0,0,0,0,0,0,0,7
207,72,8,56,16,0,0,0,0,0,0,0,0,7
208,72,8,56,16,0,0,0,0,0,0,0,0,7
209,72,8,56,16,0,0,0,0,0,0,0,0,7
210,72,8,56,16,0,0,0,0,0,0,0,0,7
211,72,8,56,16,0,0,0,0,0,0,0,0,7
212,72,8,56,16,0,0,0,0,0,0,0,0,7
213,72,8,56,16,0,0,0,0,0,0,0,0,7
214,72,8,56,16,0,0,0,0,0,0,0,0,7
215,72,8,56,16,0,0,0,0,0,0,0,0,7
216,72,8,56,16,0,0,0,0,0,0,0,0,7
217,72,8,56,16,0,0,0,0,0,0,0,0,7
218,72,8,56,16,0,0,0,0,0,0,0,0,7
219,72,8,56,16,0,0,0,0,0,0,0,0,7
220,72,8,56,16,0,0,0,0,0,0,0,0,7
221,72,8,56,16,0,0,0,0,0,0,0,0,7
222,72,8,56,16,0,0,0,0,0,0,0,0,7
223,72,8,56,16,0,0,0,0,0,0,0,0,7
224,72,8,56,16,0,0,0,0,0,0,0,0,7
225,72,8,56,16,0,0,0,0,0,0,0,0,7
226,72,8,56,16,0,0,0,0,0,0,0,0,7
227,72,8,56,16,0,0,0,0,0,0,0,0,7
228,72,8,56,16,0,0,0,0,0,0,0,0,7
229,72,8,56,16,0,0,0,0,0,0,0,0,7
230,72,8,56,16,0,0,0,0,0,0,0,0,7
231,72,8,56,16,0,0,0,0,0,0,0,0,7
232,72,8,56,16,0,0,0,0,0,0,0,0,7
233,72,8,56,16,0,0,0,0,0,0,0,0,7
234,72,8,56,16,0,0,0,0,0,0,0,0,7
235,72,8,56,16,0,0,0,0,0,0,0,0,7
236,72,8,56,16,0,0,0,0,0,0,0,0,7
237,72,8,56,16,0,0,0,0,0,0,0,0,7
238,72,8,56,16,0,0,0,0,0,0,0,0,7
239,72,8,56,16,0,0,0,0,0,0,0,0,7
240,72,8,56,16,0,0,0,0,0,0,0,0,7
241,72,8,56,16,0,0,0,0,0,0,0,0,7
242,72,8,56,16,0,0,0,0,0,0,0,0,7
243,72,8,56,16,0,0,0,0,0,0,0,0,7
244,72,8,56,16,0,0,0,0,0,0,0,0,7
245,72,8,56,16,0,0,0,0,0,0,0,0,7
246,72,8,56,16,0,0,0,0,0,0,0,0,7
247,72,8,56,16,0,0,0,0,0,0,0,0,7
248,72,8,56,16,0,0,0,0,0,0,0,0,7
249,72,8,56,16,0,0,0,0,0,0,0,0,7
250,72,8,56,16,0,0,0,0,0,0,0,0,7
251,72,8,56,16,0,0,0,0,0,0,0,0,7
252,72,8,56,16,0,0,0,0,0,0,0,0,7
253,72,8,56,16,0,0,0,0,0,0,0,0,7
254,72,8,56,16,0,0,0,0,0,0,0,0,7
255,72,8,56,16,0,0,0,0,0,0,0,0,7
256,72,8,56,16,0,0,0,0,0,0,0,0,7
257,72,8,56,16,0,0,0,0,0,0,0,0,7
258,72,8,56,16,0,0,0,0,0,0,0,0,7
259,72,8,56,16,0,0,0,0,0,0,0,0,7
260,72,8,56,16,0,0,0,0,0,0,0,0,7
261,72,8,56,16,0,0,0,0,0,0,0,0,7
262,72,8,56,16,0,0,0,0,0,0,0,0,7
263,72,8,56,16,0,0,0,0,0,0,0,0,7
264,72,8,56,16,0,0,0,0,0,0,0,0,7
265,72,8,56,16,0,0,0,0,0,0,0,0,7
266,72,8,56,16,0,0,0,0,0,0,0,0,7
267,72,8,56,16,0,0,0,0,0,0,0,0,7
268,72,8,56,16,0,0,0,0,0,0,0,0,7
269,72,8,56,16,0,0,0,0,0,0,0,0,7
270,72,8,56,16,0,0,0,0,0,0,0,0,7
271,72,8,56,16,0,0,0,0,0,0,0,0,7
272,72,8,56,16,0,0,0,0,0,0,0,0,7
273,72,8,56,16,0,0,0,0,0,0,0,0,7
274,72,8,56,16,0,0,0,0,0,0,0,0,7
275,72,8,56,16,0,0,0,0,0,0,0,0,7
276,72,8,56,16,0,0,0,0,0,0,0,0,7
277,72,8,56,16,0,0,0,0,0,0,0,0,7
278,72,8,56,16,0,0,0,0,0,0,0,0,7
279,72,8,56,16,0,0,0,0,0,0,0,0,7
280,72,8,56,16,0,0,0,0,0,0,0,0,7
281,72,8,56,16,0,0,0,0,0,0,0,0,7
282,72,8,56,16,0,0,0,0,0,0,0,0,7
283,72,8,56,16,0,0,0,0,0,0,0,0,7
284,72,8,56,16,0,0,0,0,0,0,0,0,7
285,72,8,56,16,0,0,0,0,0,0,0,0,7
286,72,8,56,16,0,0,0,0,0,0,0,0,7
287,72,8,56,16,0,0,0,0,0,0,0,0,7
288,72,8,56,16,0,0,0,0,0,0,0,0,7
289,72,8,56,16,0,0,0,0,0,0,0,0,7
290,72,8,56,16,0,0,0,0,0,0,0,0,7
291,72,8,56,16,0,0,0,0,0,0,0,0,7
292,72,8,56,16,0,0,0,0,0,0,0,0,7
293,72,8,56,16,0,0,0,0,0,0,0,0,7
294,72,8,56,16,0,0,0,0,0,0,0,0,7
295,72,8,56,16,0,0,0,0,0,0,0,0,7
296,72,8,56,16,0,0,0,0,0,0,0,0,7
297,72,8,56,16,0,0,0,0,0,0,0,0,7
298,72,8,56,16,0,0,0,0,0,0,0,0,7
299,72,8,56,16,0,0,0,0,0,0,0,0,7
300,72,8,56,16,0,0,0,0,0,0,0,0,7
301,72,8,56,16,0,0,0,0,0,0,0,0,7
302,72,8,56,16,0,0,0,0,0,0,0,0,7
303,72,8,56,16,0,0,0,0,0,0,0,0,7
304,72,8,56,16,0,0,0,0,0,0,0,0,7
305,72,8,56,16,0,0,0,0,0,0,0,0,7
306,72,8,56,16,0,0,0,0,0,0,0,0,7
307,72,8,56,16,0,0,0,0,0,0,0,0,7
308,72,8,56,16,0,0,0,0,0,0,0,0,7
309,72,8,56,16,0,0,0,0,0,0,0,0,7
310,72,8,56,16,0,0,0,0,0,0,0,0,7
311,72,8,56,16,0,0,0,0,0,0,0,0,7
312,72,8,56,16,0,0,0,0,0,0,0,0,7
313,72,8,56,16,0,0,0,0,0,0,0,0,7
314,72,8,56,16,0,0,0,0,0,0,0,0,7
315,72,8,56,16,0,0,0,0,0,0,0,0,7
316,72,8,56,16,0,0,0,0,0,0,0,0,7
317,72,8,56,16,0,0,0,0,0,0,0,0,7
318,72,8,56,16,0,0,0,0,0,0,0,0,7
319,72,8,56,16,0,0,0,0,0,0,0,0,7
320,72,8,56,16,0,0,0,0,0,0,0,0,7
321,72,8,56,16,0,0,0,0,0,0,0,0,7
322,72,8,56,16,0,0,0,0,0,0,0,0,7
323,72,8,56,16,0,0,0,0,0,0,0,0,7
324,72,8,56,16,0,0,0,0,0,0,0,0,7
325,72,8,56,16,0,0,0,0,0,0,0,0,7
326,72,8,56,16,0,0,0,0,0,0,0,0,7
327,72,8,56,16,0,0,0,0,0,0,0,0,7
328,72,8,56,16,0,0,0,0,0,0,0,0,7
329,72,8,56,16,0,0,0,0,0,0,0,0,7
330,72,8,56,16,0,0,0,0,0,0,0,0,7
331,72,8,56,16,0,0,0,0,0,0,0,0,7
332,72,8,56,16,0,0,0,0,0,0,0,0,7
333,72,8,56,16,0,0,0,0,0,0,0,0,7
334,72,8,56,16,0,0,0,0,0,0,0,0,7
335,72,8,56,16,0,0,0,0,0,0,0,0,7
336,72,8,56,16,0,0,0,0,0,0,0,0,7
337,72,8,56,16,0,0,0,0,0,0,0,0,7
338,72,8,56,16,0,0,0,0,0,0,0,0,7
339,72,8,56,16,0,0,0,0,0,0,0,0,7
340,72,8,56,16,0,0,0,0,0,0,0,0,7
341,72,8,56,16,0,0,0,0,0,0,0,0,7
342,72,8,56,16,0,0,0,0,0,0,0,0,7
343,72,8,56,16,0,0,0,0,0,0,0,0,7
344,72,8,56,16,0,0,0,0,0,0,0,0,7
345,72,8,56,16,0,0,0,0,0,0,0,0,7
346,72,8,56,16,0,0,0,0,0,0,0,0,7
347,72,8,56,16,0,0,0,0,0,0,0,0,7
348,72,8,56,16,0,0,0,0,0,0,0,0,7
349,72,8,56,16,0,0,0,0,0,0,0,0,7
350,72,8,56,16,0,0,0,0,0,0,0,0,7
351,72,8,56,16,0,0,0,0,0,0,0,0,7
352,72,8,56,16,0,0,0,0,0,0,0,0,7
353,72,8,56,16,0,0,0,0,0,0,0,0,7
354,72,8,56,16,0,0,0,0,0,0,0,0,7
355,72,8,56,16,0,0,0,0,0,0,0,0,7
356,72,8,56,16,0,0,0,0,0,0,0,0,7
357,72,8,56,16,0,0,0,0,0,0,0,0,7
358,72,8,56,16,0,0,0,0,0,0,0,0,7
359,72,8,56,16,0,0,0,0,0,0,0,0,7
360,72,8,56,16,0,0,0,0,0,0,0,0,7
361,72,8,56,16,0,0,0,0,0,0,0,0,7
362,72,8,56,16,0,0,0,0,0,0,0,0,7
363,72,8,56,16,0,0,0,0,0,0,0,0,7
364,72,8,56,16,0,0,0,0,0,0,0,0,7
365,72,8,56,16,0,0,0,0,0,0,0,0,7
366,72,8,56,16,0,0,0,0,0,0,0,0,7
367,72,8,56,16,0,0,0,0,0,0,0,0,7
368,72,8,56,16,0,0,0,0,0,0,0,0,7
369,72,8,56,16,0,0,0,0,0,0,0,0,7
370,72,8,56,16,0,0,0,0,0,0,0,0,7
371,72,8,56,16,0,0,0,0,0,0,0,0,7
372,72,8,56,16,0,0,0,0,0,0,0,0,7
373,72,8,56,16,0,0,0,0,0,0,0,0,7
374,72,8,56,16,0,0,0,0,0,0,0,0,7
375,72,8,56,16,0,0,0,0,0,0,0,0,7
376,72,8,56,16,0,0,0,0,0,0,0,0,7
377,72,8,56,16,0,0,0,0,0,0,0,0,7
378,72,8,56,16,0,0,0,0,0,0,0,0,7
379,72,8,56,16,0,0,0,0,0,0,0,0,7
380,72,8,56,16,0,0,0,0,0,0,0,0,7
381,72,8,56,16,0,0,0,0,0,0,0,0,7
382,72,8,56,16,0,0,0,0,0,0,0,0,7
383,72,8,56,16,0,0,0,0,0,0,0,0,7
384,72,8,56,16,0,0,0,0,0,0,0,0,7
385,72,8,56,16,0,0,0,0,0,0,0,0,7
386,72,8,56,16,0,0,0,0,0,0,0,0,7
387,72,8,56,16,0,0,0,0,0,0,0,0,7
388,72,8,56,16,0,0,0,0,0,0,0,0,7
389,72,8,56,16,0,0,0,0,0,0,0,0,7
390,72,8,56,16,0,0,0,0,0,0,0,0,7
391,72,8,56,16,0,0,0,0,0,0,0,0,7
392,72,8,56,16,0,0,0,0,0,0,0,0,7
393,72,8,56,16,0,0,0,0,0,0,0,0,7
394,72,8,56,16,0,0,0,0,0,0,0,0,7
395,72,8,56,16,0,0,0,0,0,0,0,0,7
396,72,8,56,16,0,0,0,0,0,0,0,0,7
397,72,8,56,16,0,0,0,0,0,0,0,0,7
398,72,8,56,16,0,0,0,0,0,0,0,0,7
399,72,8,56,16,0,0,0,0,0,0,0,0,7
400,72,8,56,16,0,0,0,0,0,0,0,0,7
401,72,8,56,16,0,0,0,0,0,0,0,0,7
402,72,8,56,16,0,0,0,0,0,0,0,0,7
403,72,8,56,16,0,0,0,0,0,0,0,0,7
404,72,8,56,16,0,0,0,0,0,0,0,0,7
405,72,8,56,16,0,0,0,0,0,0,0,0,7
406,72,8,56,16,0,0,0,0,0,0,0,0,7
407,72,8,56,16,0,0,0,0,0,0,0,0,7
408,72,8,56,16,0,0,0,0,0,0,0,0,7
409,72,8,56,16,0,0,0,0,0,0,0,0,7
410,72,8,56,16,0,0,0,0,0,0,0,0,7
411,72,8,56,16,0,0,0,0,0,0,0,0,7
412,72,8,56,16,0,0,0,0,0,0,0,0,7
413,72,8,56,16,0,0,0,0,0,0,0,0,7
414,72,8,56,16,0,0,0,0,0,0,0,0,7
415,72,8,56,16,0,0,0,0,0,0,0,0,7
416,72,8,56,16,0,0,0,0,0,0,0,0,7
417,72,8,56,16,0,0,0,0,0,0,0,0,7
418,72,8,56,16,0,0,0,0,0,0,0,0,7
419,72,8,56,16,0,0,0,0,0,0,0,0,7
420,72,8,56,16,0,0,0,0,0,0,0,0,7
421,72,8,56,16,0,0,0,0,0,0,0,0,7
422,72,8,56,16,0,0,0,0,0,0,0,0,7
423,72,8,56,16,0,0,0,0,0,0,0,0,7
424,72,8,56,16,0,0,0,0,0,0,0,0,7
425,72,8,56,16,0,0,0,0,0,0,0,0,7
426,72,8,56,16,0,0,0,0,0,0,0,0,7
427,72,8,56,16,0,0,0,0,0,0,0,0,7
428,72,8,56,16,0,0,0,0,0,0,0,0,7
429,72,8,56,16,0,0,0,0,0,0,0,0,7
430,72,8,56,16,0,0,0,0,0,0,0,0,7
431,72,8,56,16,0,0,0,0,0,0,0,0,7
432,72,8,56,16,0,0,0,0,0,0,0,0,7
433,72,8,56,16,0,0,0,0,0,0,0,0,7
434,72,8,56,16,0,0,0,0,0,0,0,0,7
435,72,8,56,16,0,0,0,0,0,0,0,0,7
436,72,8,56,16,0,0,0,0,0,0,0,0,7
437,72,8,56,16,0,0,0,0,0,0,0,0,7
438,72,8,56,16,0,0,0,0,0,0,0,0,7
439,72,8,56,16,0,0,0,0,0,0,0,0,7
440,72,8,56,16,0,0,0,0,0,0,0,0,7
441,72,8,56,16,0,0,0,0,0,0,0,0,7
442,72,8,56,16,0,0,0,0,0,0,0,0,7
443,72,8,56,16,0,0,0,0,0,0,0,0,7
444,72,8,56,16,0,0,0,0,0,0,0,0,7
445,72,8,56,16,0,0,0,0,0,0,0,0,7
446,72,8,56,16,0,0,0,0,0,0,0,0,7
447,72,8,56,16,0,0,0,0,0,0,0,0,7
448,72,8,56,16,0,0,0,0,0,0,0,0,7
449,72,8,56,16,0,0,0,0,0,0,0,0,7
450,72,8,56,16,0,0,0,0,0,0,0,0,7
451,72,8,56,16,0,0,0,0,0,0,0,0,7
452,72,8,56,16,0,0,0,0,0,0,0,0,7
453,72,8,56,16,0,0,0,0,0,0,0,0,7
454,72,8,56,16,0,0,0,0,0,0,0,0,7
455,72,8,56,16,0,0,0,0,0,0,0,0,7
456,72,8,56,16,0,0,0,0,0,0,0,0,7
457,72,8,56,16,0,0,0,0,0,0,0,0,7
458,72,8,56,16,0,0,0,0,0,0,0,0,7
459,72,8,56,16,0,0,0,0,0,0,0,0,7
460,72,8,56,16,0,0,0,0,0,0,0,0,7
461,72,8,56,16,0,0,0,0,0,0,0,0,7
462,72,8,56,16,0,0,0,0,0,0,0,0,7
463,72,8,56,16,0,0,0,0,0,0,0,0,7
464,72,8,56,16,0,0,0,0,0,0,0,0,7
465,72,8,56,16,0,0,0,0,0,0,0,0,7
466,72,8,56,16,0,0,0,0,0,0,0,0,7
467,72,8,56,16,0,0,0,0,0,0,0,0,7
468,72,8,56,16,0,0,0,0,0,0,0,0,7
469,72,8,56,16,0,0,0,0,0,0,0,0,7
470,72,8,56,16,0,0,0,0,0,0,0,0,7
471,72,8,56,16,0,0,0,0,0,0,0,0,7
472,72,8,56,16,0,0,0,0,0,0,0,0,7
473,72,8,56,16,0,0,0,0,0,0,0,0,7
474,72,8,56,16,0,0,0,0,0,0,0,0,7
475,72,8,56,16,0,0,0,0,0,0,0,0,7
476,72,8,56,16,0,0,0,0,0,0,0,0,7
477,72,8,56,16,0,0,0,0,0,0,0,0,7
478,72,8,56,16,0,0,0,0,0,0,0,0,7
479,72,8,56,16,0,0,0,0,0,0,0,0,7
480,72,8,56,16,0,0,0,0,0,0,0,0,7
481,72,8,56,16,0,0,0,0,0,0,0,0,7
482,72,8,56,16,0,0,0,0,0,0,0,0,7
483,72,8,56,16,0,0,0,0,0,0,0,0,7
484,72,8,56,16,0,0,0,0,0,0,0,0,7
485,72,8,56,16,0,0,0,0,0,0,0,0,7
486,72,8,56,16,0,0,0,0,0,0,0,0,7
487,72,8,56,16,0,0,0,0,0,0,0,0,7
488,72,8,56,16,0,0,0,0,0,0,0,0,7
489,72,8,56,16,0,0,0,0,0,0,0,0,7
490,72,8,56,16,0,0,0,0,0,0,0,0,7
491,72,8,56,16,0,0,0,0,0,0,0,0,7
492,72,8,56,16,0,0,0,0,0,0,0,0,7
493,72,8,56,16,0,0,0,0,0,0,0,0,7
494,72,8,56,16,0,0,0,0,0,0,0,0,7
495,72,8,56,16,0,0,0,0,0,0,0,0,7
496,72,8,56,16,0,0,0,0,0,0,0,0,7
497,72,8,56,16,0,0,0,0,0,0,0,0,7
498,72,8,56,16,0,0,0,0,0,0,0,0,7
499,72,8,56,16,0,0,0,0,0,0,0,0,7
500,72,8,56,16,0,0,0,0,0,0,0,0,7
501,72,8,56,16,0,0,0,0,0,0,0,0,7
502,72,8,56,16,0,0,0,0,0,0,0,0,7
503,72,8,56,16,0,0,0,0,0,0,0,0,7
504,72,8,56,16,0,0,0,0,0,0,0,0,7
505,72,8,56,16,0,0,0,0,0,0,0,0,7
506,72,8,56,16,0,0,0,0,0,0,0,0,7
507,72,8,56,16,0,0,0,0,0,0,0,0,7
508,72,8,56,16,0,0,0,0,0,0,0,0,7
509,72,8,56,16,0,0,0,0,0,0,0,0,7
510,72,8,56,16,0,0,0,0,0,0,0,0,7
511,72,8,56,16,0,0,0,0,0,0,0,0,7
512,72,8,56,16,0,0,0,0,0,0,0,0,7
513,72,8,56,16,0,0,0,0,0,0,0,0,7
514,72,8,56,16,0,0,0,0,0,0,0,0,7
515,72,8,56,16,0,0,0,0,0,0,0,0,7
516,72,8,56,16,0,0,0,0,0,0,0,0,7
517,72,8,56,16,0,0,0,0,0,0,0,0,7
518,72,8,56,16,0,0,0,0,0,0,0,0,7
519,72,8,56,16,0,0,0,0,0,0,0,0,7
520,72,8,56,16,0,0,0,0,0,0,0,0,7
521,72,8,56,16,0,0,0,0,0,0,0,0,7
522,72,8,56,16,0,0,0,0,0,0,0,0,7
523,72,8,56,16,0,0,0,0,0,0,0,0,7
524,72,8,56,16,0,0,0,0,0,0,0,0,7
525,72,8,56,16,0,0,0,0,0,0,0,0,7
526,72,8,56,16,0,0,0,0,0,0,0,0,7
527,72,8,56,16,0,0,0,0,0,0,0,0,7
528,72,8,56,16,0,0,0,0,0,0,0,0,7
529,72,8,56,16,0,0,0,0,0,0,0,0,7
530,72,8,56,16,0,0,0,0,0,0,0,0,7
531,72,8,56,16,0,0,0,0,0,0,0,0,7
532,72,8,56,16,0,0,0,0,0,0,0,0,7
533,72,8,56,16,0,0,0,0,0,0,0,0,7
534,72,8,56,16,0,0,0,0,0,0,0,0,7
535,72,8,56,16,0,0,0,0,0,0,0,0,7
536,72,8,56,16,0,0,0,0,0,0,0,0,7
537,72,8,56,16,0,0,0,0,0,0,0,0,7
538,72,8,56,16,0,0,0,0,0,0,0,0,7
539,72,8,56,16,0,0,0,0,0,0,0,0,7
540,72,8,56,16,0,0,0,0,0,0,0,0,7
541,72,8,56,16,0,0,0,0,0,0,0,0,7
542,72,8,56,16,0,0,0,0,0,0,0,0,7
543,72,8,56,16,0,0,0,0,0,0,0,0,7
544,72,8,56,16,0,0,0,0,0,0,0,0,7
545,72,8,56,16,0,0,0,0,0,0,0,0,7
546,72,8,56,16,0,0,0,0,0,0,0,0,7
547,72,8,56,16,0,0,0,0,0,0,0,0,7
548,72,8,56,16,0,0,0,0,0,0,0,0,7
549,72,8,56,16,0,0,0,0,0,0,0,0,7
550,72,8,56,16,0,0,0,0,0,0,0,0,7
551,72,8,56,16,0,0,0,0,0,0,0,0,7
552,72,8,56,16,0,0,0,0,0,0,0,0,7
553,72,8,56,16,0,0,0,0,0,0,0,0,7
554,72,8,56,16,0,0,0,0,0,0,0,0,7
555,72,8,56,16,0,0,0,0,0,0,0,0,7
556,72,8,56,16,0,0,0,0,0,0,0,0,7
557,72,8,56,16,0,0,0,0,0,0,0,0,7
558,72,8,56,16,0,0,0,0,0,0,0,0,7
559,72,8,56,16,0,0,0,0,0,0,0,0,7
560,72,8,56,16,0,0,0,0,0,0,0,0,7
561,72,8,56,16,0,0,0,0,0,0,0,0,7
562,72,8,56,16,0,0,0,0,0,0,0,0,7
563,72,8,56,16,0,0,0,0,0,0,0,0,7
564,72,8,56,16,0,0,0,0,0,0,0,0,7
565,72,8,56,16,0,0,0,0,0,0,0,0,7
566,72,8,56,16,0,0,0,0,0,0,0,0,7
567,72,8,56,16,0,0,0,0,0,0,0,0,7
568,72,8,56,16,0,0,0,0,0,0,0,0,7
569,72,8,56,16,0,0,0,0,0,0,0,0,7
570,72,8,56,16,0,0,0,0,0,0,0,0,7
571,72,8,56,16,0,0,0,0,0,0,0,0,7
572,72,8,56,16,0,0,0,0,0,0,0,0,7
573,72,8,56,16,0,0,0,0,0,0,0,0,7
574,72,8,56,16,0,0,0,0,0,0,0,0,7
575,72,8,56,16,0,0,0,0,0,0,0,0,7
576,72,8,56,16,0,0,0,0,0,0,0,0,7
577,72,8,56,16,0,0,0,0,0,0,0,0,7
578,72,8,56,16,0,0,0,0,0,0,0,0,7
579,72,8,56,16,0,0,0,0,0,0,0,0,7
580,72,8,56,16,0,0,0,0,0,0,0,0,7
581,72,8,56,16,0,0,0,0,0,0,0,0,7
582,72,8,56,16,0,0,0,0,0,0,0,0,7
583,72,8,56,16,0,0,0,0,0,0,0,0,7
584,72,8,56,16,0,0,0,0,0,0,0,0,7
585,72,8,56,16,0,0,0,0,0,0,0,0,7
586,72,8,56,16,0,0,0,0,0,0,0,0,7
587,72,8,56,16,0,0,0,0,0,0,0,0,7
588,72,8,56,16,0,0,0,0,0,0,0,0,7
589,72,8,56,16,0,0,0,0,0,0,0,0,7
590,72,8,56,16,0,0,0,0,0,0,0,0,7
591,72,8,56,16,0,0,0,0,0,0,0,0,7
592,72,8,56,16,0,0,0,0,0,0,0,0,7
593,72,8,56,16,0,0,0,0,0,0,0,0,7
594,72,8,56,16,0,0,0,0,0,0,0,0,7
595,72,8,56,16,0,0,0,0,0,0,0,0,7
596,72,8,56,16,0,0,0,0,0,0,0,0,7
597,72,8,56,16,0,0,0,0,0,0,0,0,7
598,72,8,56,16,0,0,0,0,0,0,0,0,7
599,72,8,56,16,0,0,0,0,0,0,0,0,7
600,72,8,56,16,0,0,0,0,0,0,0,0,7
601,72,8,56,16,0,0,0,0,0,0,0,0,7
602,72,8,56,16,0,0,0,0,0,0,0,0,7
603,72,8,56,16,0,0,0,0,0,0,0,0,7
604,72,8,56,16,0,0,0,0,0,0,0,0,7
605,72,8,56,16,0,0,0,0,0,0,0,0,7
606,72,8,56,16,0,0,0,0,0,0,0,0,7
607,72,8,56,16,0,0,0,0,0,0,0,0,7
608,72,8,56,16,0,0,0,0,0,0,0,0,7
609,72,8,56,16,0,0,0,0,0,0,0,0,7
610,72,8,56,16,0,0,0,0,0,0,0,0,7
611,72,8,56,16,0,0,0,0,0,0,0,0,7
612,72,8,56,16,0,0,0,0,0,0,0,0,7
613,72,8,56,16,0,0,0,0,0,0,0,0,7
614,72,8,56,16,0,0,0,0,0,0,0,0,7
615,72,8,56,16,0,0,0,0,0,0,0,0,7
616,72,8,56,16,0,0,0,0,0,0,0,0,7
617,72,8,56,16,0,0,0,0,0,0,0,0,7
618,72,8,56,16,0,0,0,0,0,0,0,0,7
619,72,8,56,16,0,0,0,0,0,0,0,0,7
620,72,8,56,16,0,0,0,0,0,0,0,0,7
621,72,8,56,16,0,0,0,0,0,0,0,0,7
622,72,8,56,16,0,0,0,0,0,0,0,0,7
623,72,8,56,16,0,0,0,0,0,0,0,0,7
624,72,8,56,16,0,0,0,0,0,0,0,0,7
625,72,8,56,16,0,0,0,0,0,0,0,0,7
626,72,8,56,16,0,0,0,0,0,0,0,0,7
627,72,8,56,16,0,0,0,0,0,0,0,0,7
628,72,8,56,16,0,0,0,0,0,0,0,0,7
629,72,8,56,16,0,0,0,0,0,0,0,0,7
630,72,8,56,16,0,0,0,0,0,0,0,0,7
631,72,8,56,16,0,0,0,0,0,0,0,0,7
632,72,8,56,16,0,0,0,0,0,0,0,0,7
633,72,8,56,16,0,0,0,0,0,0,0,0,7
634,72,8,56,16,0,0,0,0,0,0,0,0,7
635,72,8,56,16,0,0,0,0,0,0,0,0,7
636,72,8,56,16,0,0,0,0,0,0,0,0,7
637,72,8,56,16,0,0,0,0,0,0,0,0,7
638,72,8,56,16,0,0,0,0,0,0,0,0,7
639,72,8,56,16,0,0,0,0,0,0,0,0,7
640,72,8,56,16,0,0,0,0,0,0,0,0,7
641,72,8,56,16,0,0,0,0,0,0,0,0,7
642,72,8,56,16,0,0,0,0,0,0,0,0,7
643,72,8,56,16,0,0,0,0,0,0,0,0,7
644,72,8,56,16,0,0,0,0,0,0,0,0,7
645,72,8,56,16,0,0,0,0,0,0,0,0,7
646,72,8,56,16,0,0,0,0,0,0,0,0,7
647,72,8,56,16,0,0,0,0,0,0,0,0,7
648,72,8,56,16,0,0,0,0,0,0,0,0,7
649,72,8,56,16,0,0,0,0,0,0,0,0,7
650,72,8,56,16,0,0,0,0,0,0,0,0,7
651,72,8,56,16,0,0,0,0,0,0,0,0,7
652,72,8,56,16,0,0,0,0,0,0,0,0,7
653,72,8,56,16,0,0,0,0,0,0,0,0,7
654,72,8,56,16,0,0,0,0,0,0,0,0,7
655,72,8,56,16,0,0,0,0,0,0,0,0,7
656,72,8,56,16,0,0,0,0,0,0,0,0,7
657,72,8,56,16,0,0,0,0,0,0,0,0,7
658,72,8,56,16,0,0,0,0,0,0,0,0,7
659,72,8,56,16,0,0,0,0,0,0,0,0,7
660,72,8,56,16,0,0,0,0,0,0,0,0,7
661,72,8,56,16,0,0,0,0,0,0,0,0,7
662,72,8,56,16,0,0,0,0,0,0,0,0,7
663,72,8,56,16,0,0,0,0,0,0,0,0,7
664,72,8,56,16,0,0,0,0,0,0,0,0,7
665,72,8,56,16,0,0,0,0,0,0,0,0,7
666,72,8,56,16,0,0,0,0,0,0,0,0,7
667,72,8,56,16,0,0,0,0,0,0,0,0,7
668,72,8,56,16,0,0,0,0,0,0,0,0,7
669,72,8,56,16,0,0,0,0,0,0,0,0,7
670,72,8,56,16,0,0,0,0,0,0,0,0,7
671,72,8,56,16,0,0,0,0,0,0,0,0,7
672,72,8,56,16,0,0,0,0,0,0,0,0,7
673,72,8,56,16,0,0,0,0,0,0,0,0,7
674,72,8,56,16,0,0,0,0,0,0,0,0,7
675,72,8,56,16,0,0,0,0,0,0,0,0,7
676,72,8,56,16,0,0,0,0,0,0,0,0,7
677,72,8,56,16,0,0,0,0,0,0,0,0,7
678,72,8,56,16,0,0,0,0,0,0,0,0,7
679,72,8,56,16,0,0,0,0,0,0,0,0,7
680,72,8,56,16,0,0,0,0,0,0,0,0,7
681,72,8,56,16,0,0,0,0,0,0,0,0,7
682,72,8,56,16,0,0,0,0,0,0,0,0,7
683,72,8,56,16,0,0,0,0,0,0,0,0,7
684,72,8,56,16,0,0,0,0,0,0,0,0,7
685,72,8,56,16,0,0,0,0,0,0,0,0,7
686,72,8,56,16,0,0,0,0,0,0,0,0,7
687,72,8,56,16,0,0,0,0,0,0,0,0,7
688,72,8,56,16,0,0,0,0,0,0,0,0,7
689,72,8,56,16,0,0,0,0,0,0,0,0,7
690,72,8,56,16,0,0,0,0,0,0,0,0,7
691,72,8,56,16,0,0,0,0,0,0,0,0,7
692,72,8,56,16,0,0,0,0,0,0,0,0,7
693,72,8,56,16,0,0,0,0,0,0,0,0,7
694,72,8,56,16,0,0,0,0,0,0,0,0,7
695,72,8,56,16,0,0,0,0,0,0,0,0,7
696,72,8,56,16,0,0,0,0,0,0,0,0,7
697,72,8,56,16,0,0,0,0,0,0,0,0,7
698,72,8,56,16,0,0,0,0,0,0,0,0,7
699,72,8,56,16,0,0,0,0,0,0,0,0,7
700,72,8,56,16,0,0,0,0,0,0,0,0,7
701,72,8,56,16,0,0,0,0,0,0,0,0,7
702,72,8,56,16,0,0,0,0,0,0,0,0,7
703,72,8,56,16,0,0,0,0,0,0,0,0,7
704,72,8,56,16,0,0,0,0,0,0,0,0,7
705,72,8,56,16,0,0,0,0,0,0,0,0,7
706,72,8,56,16,0,0,0,0,0,0,0,0,7
707,72,8,56,16,0,0,0,0,0,0,0,0,7
708,72,8,56,16,0,0,0,0,0,0,0,0,7
709,72,8,56,16,0,0,0,0,0,0,0,0,7
710,72,8,56,16,0,0,0,0,0,0,0,0,7
711,72,8,56,16,0,0,0,0,0,0,0,0,7
712,72,8,56,16,0,0,0,0,0,0,0,0,7
713,72,8,56,16,0,0,0,0,0,0,0,0,7
714,72,8,56,16,0,0,0,0,0,0,0,0,7
715,72,8,56,16,0,0,0,0,0,0,0,0,7
716,72,8,56,16,0,0,0,0,0,0,0,0,7
717,72,8,56,16,0,0,0,0,0,0,0,0,7
718,72,8,56,16,0,0,0,0,0,0,0,0,7
719,72,8,56,16,0,0,0,0,0,0,0,0,7
720,72,8,56,16,0,0,0,0,0,0,0,0,7
721,72,8,56,16,0,0,0,0,0,0,0,0,7
722,72,8,56,16,0,0,0,0,0,0,0,0,7
723,72,8,56,16,0,0,0,0,0,0,0,0,7
724,72,8,56,16,0,0,0,0,0,0,0,0,7
725,72,8,56,16,0,0,0,0,0,0,0,0,7
726,72,8,56,16,0,0,0,0,0,0,0,0,7
727,72,8,56,16,0,0,0,0,0,0,0,0,7
728,72,8,56,16,0,0,0,0,0,0,0,0,7
729,72,8,56,16,0,0,0,0,0,0,0,0,7
730,72,8,56,16,0,0,0,0,0,0,0,0,7
731,72,8,56,16,0,0,0,0,0,0,0,0,7
732,72,8,56,16,0,0,0,0,0,0,0,0,7
733,72,8,56,16,0,0,0,0,0,0,0,0,7
734,72,8,56,16,0,0,0,0,0,0,0,0,7
735,72,8,56,16,0,0,0,0,0,0,0,0,7
736,72,8,56,16,0,0,0,0,0,0,0,0,7
737,72,8,56,16,0,0,0,0,0,0,0,0,7
738,72,8,56,16,0,0,0,0,0,0,0,0,7
739,72,8,56,16,0,0,0,0,0,0,0,0,7
740,72,8,56,16,0,0,0,0,0,0,0,0,7
741,72,8,56,16,0,0,0,0,0,0,0,0,7
742,72,8,56,16,0,0,0,0,0,0,0,0,7
743,72,8,56,16,0,0,0,0,0,0,0,0,7
744,72,8,56,16,0,0,0,0,0,0,0,0,7
745,72,8,56,16,0,0,0,0,0,0,0,0,7
746,72,8,56,16,0,0,0,0,0,0,0,0,7
747,72,8,56,16,0,0,0,0,0,0,0,0,7
748,72,8,56,16,0,0,0,0,0,0,0,0,7
749,72,8,56,16,0,0,0,0,0,0,0,0,7
750,72,8,56,16,0,0,0,0,0,0,0,0,7
751,72,8,56,16,0,0,0,0,0,0,0,0,7
752,72,8,56,16,0,0,0,0,0,0,0,0,7
753,72,8,56,16,0,0,0,0,0,0,0,0,7
754,72,8,56,16,0,0,0,0,0,0,0,0,7
755,72,8,56,16,0,0,0,0,0,0,0,0,7
756,72,8,56,16,0,0,0,0,0,0,0,0,7
757,72,8,56,16,0,0,0,0,0,0,0,0,7
758,72,8,56,16,0,0,0,0,0,0,0,0,7
759,72,8,56,16,0,0,0,0,0,0,0,0,7
760,72,8,56,16,0,0,0,0,0,0,0,0,7
761,72,8,56,16,0,0,0,0,0,0,0,0,7
762,72,8,56,16,0,0,0,0,0,0,0,0,7
763,72,8,56,16,0,0,0,0,0,0,0,0,7
764,72,8,56,16,0,0,0,0,0,0,0,0,7
765,72,8,56,16,0,0,0,0,0,0,0,0,7
766,72,8,56,16,0,0,0,0,0,0,0,0,7
767,72,8,56,16,0,0,0,0,0,0,0,0,7
768,72,8,56,16,0,0,0,0,0,0,0,0,7
769,72,8,56,16,0,0,0,0,0,0,0,0,7
770,72,8,56,16,0,0,0,0,0,0,0,0,7
771,72,8,56,16,0,0,0,0,0,0,0,0,7
772,72,8,56,16,0,0,0,0,0,0,0,0,7
773,72,8,56,16,0,0,0,0,0,0,0,0,7
774,72,8,56,16,0,0,0,0,0,0,0,0,7
775,72,8,56,16,0,0,0,0,0,0,0,0,7
776,72,8,56,16,0,0,0,0,0,0,0,0,7
777,72,8,56,16,0,0,0,0,0,0,0,0,7
778,72,8,56,16,0,0,0,0,0,0,0,0,7
779,72,8,56,16,0,0,0,0,0,0,0,0,7
780,72,8,56,16,0,0,0,0,0,0,0,0,7
781,72,8,56,16,0,0,0,0,0,0,0,0,7
782,72,8,56,16,0,0,0,0,0,0,0,0,7
783,72,8,56,16,0,0,0,0,0,0,0,0,7
784,72,8,56,16,0,0,0,0,0,0,0,0,7
785,72,8,56,16,0,0,0,0,0,0,0,0,7
786,72,8,56,16,0,0,0,0,0,0,0,0,7
787,72,8,56,16,0,0,0,0,0,0,0,0,7
788,72,8,56,16,0,0,0,0,0,0,0,0,7
789,72,8,56,16,0,0,0,0,0,0,0,0,7
790,72,8,56,16,0,0,0,0,0,0,0,0,7
791,72,8,56,16,0,0,0,0,0,0,0,0,7
792,72,8,56,16,0,0,0,0,0,0,0,0,7
793,72,8,56,16,0,0,0,0,0,0,0,0,7
794,72,8,56,16,0,0,0,0,0,0,0,0,7
795,72,8,56,16,0,0,0,0,0,0,0,0,7
796,72,8,56,16,0,0,0,0,0,0,0,0,7
797,72,8,56,16,0,0,0,0,0,0,0,0,7
798,72,8,56,16,0,0,0,0,0,0,0,0,7
799,72,8,56,16,0,0,0,0,0,0,0,0,7
800,72,8,56,16,0,0,0,0,0,0,0,0,7
801,72,8,56,16,0,0,0,0,0,0,0,0,7
802,72,8,56,16,0,0,0,0,0,0,0,0,7
803,72,8,56,16,0,0,0,0,0,0,0,0,7
804,72,8,56,16,0,0,0,0,0,0,0,0,7
805,72,8,56,16,0,0,0,0,0,0,0,0,7
806,72,8,56,16,0,0,0,0,0,0,0,0,7
807,72,8,56,16,0,0,0,0,0,0,0,0,7
808,72,8,56,16,0,0,0,0,0,0,0,0,7
809,72,8,56,16,0,0,0,0,0,0,0,0,7
810,72,8,56,16,0,0,0,0,0,0,0,0,7
811,72,8,56,16,0,0,0,0,0,0,0,0,7
812,72,8,56,16,0,0,0,0,0,0,0,0,7
813,72,8,56,16,0,0,0,0,0,0,0,0,7
814,72,8,56,16,0,0,0,0,0,0,0,0,7
815,72,8,56,16,0,0,0,0,0,0,0,0,7
816,72,8,56,16,0,0,0,0,0,0,0,0,7
817,72,8,56,16,0,0,0,0,0,0,0,0,7
818,72,8,56,16,0,0,0,0,0,0,0,0,7
819,72,8,56,16,0,0,0,0,0,0,0,0,7
820,72,8,56,16,0,0,0,0,0,0,0,0,7
821,72,8,56,16,0,0,0,0,0,0,0,0,7
822,72,8,56,16,0,0,0,0,0,0,0,0,7
823,72,8,56,16,0,0,0,0,0,0,0,0,7
824,72,8,56,16,0,0,0,0,0,0,0,0,7
825,72,8,56,16,0,0,0,0,0,0,0,0,7
826,72,8,56,16,0,0,0,0,0,0,0,0,7
827,72,8,56,16,0,0,0,0,0,0,0,0,7
828,72,8,56,16,0,0,0,0,0,0,0,0,7
829,72,8,56,16,0,0,0,0,0,0,0,0,7
830,72,8,56,16,0,0,0,0,0,0,0,0,7
831,72,8,56,16,0,0,0,0,0,0,0,0,7
832,72,8,56,16,0,0,0,0,0,0,0,0,7
833,72,8,56,16,0,0,0,0,0,0,0,0,7
834,72,8,56,16,0,0,0,0,0,0,0,0,7
835,72,8,56,16,0,0,0,0,0,0,0,0,7
836,72,8,56,16,0,0,0,0,0,0,0,0,7
837,72,8,56,16,0,0,0,0,0,0,0,0,7
838,72,8,56,16,0,0,0,0,0,0,0,0,7
839,72,8,56,16,0,0,0,0,0,0,0,0,7
840,72,8,56,16,0,0,0,0,0,0,0,0,7
841,72,8,56,16,0,0,0,0,0,0,0,0,7
842,72,8,56,16,0,0,0,0,0,0,0,0,7
843,72,8,56,16,0,0,0,0,0,0,0,0,7
844,72,8,56,16,0,0,0,0,0,0,0,0,7
845,72,8,56,16,0,0,0,0,0,0,0,0,7
846,72,8,56,16,0,0,0,0,0,0,0,0,7
847,72,8,56,16,0,0,0,0,0,0,0,0,7
848,72,8,56,16,0,0,0,0,0,0,0,0,7
849,72,8,56,16,0,0,0,0,0,0,0,0,7
850,72,8,56,16,0,0,0,0,0,0,0,0,7
851,72,8,56,16,0,0,0,0,0,0,0,0,7
852,72,8,56,16,0,0,0,0,0,0,0,0,7
853,72,8,56,16,0,0,0,0,0,0,0,0,7
854,72,8,56,16,0,0,0,0,0,0,0,0,7
855,72,8,56,16,0,0,0,0,0,0,0,0,7
856,72,8,56,16,0,0,0,0,0,0,0,0,7
857,72,8,56,16,0,0,0,0,0,0,0,0,7
858,72,8,56,16,0,0,0,0,0,0,0,0,7
859,72,8,56,16,0,0,0,0,0,0,0,0,7
860,72,8,56,16,0,0,0,0,0,0,0,0,7
861,72,8,56,16,0,0,0,0,0,0,0,0,7
862,72,8,56,16,0,0,0,0,0,0,0,0,7
863,72,8,56,16,0,0,0,0,0,0,0,0,7
864,72,8,56,16,0,0,0,0,0,0,0,0,7
865,72,8,56,16,0,0,0,0,0,0,0,0,7
866,72,8,56,16,0,0,0,0,0,0,0,0,7
867,72,8,56,16,0,0,0,0,0,0,0,0,7
868,72,8,56,16,0,0,0,0,0,0,0,0,7
869,72,8,56,16,0,0,0,0,0,0,0,0,7
870,72,8,56,16,0,0,0,0,0,0,0,0,7
871,72,8,56,16,0,0,0,0,0,0,0,0,7
872,72,8,56,16,0,0,0,0,0,0,0,0,7
873,72,8,56,16,0,0,0,0,0,0,0,0,7
874,72,8,56,16,0,0,0,0,0,0,0,0,7
875,72,8,56,16,0,0,0,0,0,0,0,0,7
876,72,8,56,16,0,0,0,0,0,0,0,0,7
877,72,8,56,16,0,0,0,0,0,0,0,0,7
878,72,8,56,16,0,0,0,0,0,0,0,0,7
879,72,8,56,16,0,0,0,0,0,0,0,0,7
880,72,8,56,16,0,0,0,0,0,0,0,0,7
881,72,8,56,16,0,0,0,0,0,0,0,0,7
882,72,8,56,16,0,0,0,0,0,0,0,0,7
883,72,8,56,16,0,0,0,0,0,0,0,0,7
884,72,8,56,16,0,0,0,0,0,0,0,0,7
885,72,8,56,16,0,0,0,0,0,0,0,0,7
886,72,8,56,16,0,0,0,0,0,0,0,0,7
887,72,8,56,16,0,0,0,0,0,0,0,0,7
888,72,8,56,16,0,0,0,0,0,0,0,0,7
889,72,8,56,16,0,0,0,0,0,0,0,0,7
890,72,8,56,16,0,0,0,0,0,0,0,0,7
891,72,8,56,16,0,0,0,0,0,0,0,0,7
892,72,8,56,16,0,0,0,0,0,0,0,0,7
893,72,8,56,16,0,0,0,0,0,0,0,0,7
894,72,8,56,16,0,0,0,0,0,0,0,0,7
895,72,8,56,16,0,0,0,0,0,0,0,0,7
896,72,8,56,16,0,0,0,0,0,0,0,0,7
897,72,8,56,16,0,0,0,0,0,0,0,0,7
898,72,8,56,16,0,0,0,0,0,0,0,0,7
899,72,8,56,16,0,0,0,0,0,0,0,0,7
900,72,8,56,16,0,0,0,0,0,0,0,0,7
901,72,8,56,16,0,0,0,0,0,0,0,0,7
902,72,8,56,16,0,0,0,0,0,0,0,0,7
903,72,8,56,16,0,0,0,0,0,0,0,0,7
904,72,8,56,16,0,0,0,0,0,0,0,0,7
905,72,8,56,16,0,0,0,0,0,0,0,0,7
906,72,8,56,16,0,0,0,0,0,0,0,0,7
907,72,8,56,16,0,0,0,0,0,0,0,0,7
908,72,8,56,16,0,0,0,0,0,0,0,0,7
909,72,8,56,16,0,0,0,0,0,0,0,0,7
910,72,8,56,16,0,0,0,0,0,0,0,0,7
911,72,8,56,16,0,0,0,0,0,0,0,0,7
912,72,8,56,16,0,0,0,0,0,0,0,0,7
913,72,8,56,16,0,0,0,0,0,0,0,0,7
914,72,8,56,16,0,0,0,0,0,0,0,0,7
915,72,8,56,16,0,0,0,0,0,0,0,0,7
916,72,8,56,16,0,0,0,0,0,0,0,0,7
917,72,8,56,16,0,0,0,0,0,0,0,0,7
918,72,8,56,16,0,0,0,0,0,0,0,0,7
919,72,8,56,16,0,0,0,0,0,0,0,0,7
920,72,8,56,16,0,0,0,0,0,0,0,0,7
921,72,8,56,16,0,0,0,0,0,0,0,0,7
922,72,8,56,16,0,0,0,0,0,0,0,0,7
923,72,8,56,16,0,0,0,0,0,0,0,0,7
924,72,8,56,16,0,0,0,0,0,0,0,0,7
925,72,8,56,16,0,0,0,0,0,0,0,0,7
926,72,8,56,16,0,0,0,0,0,0,0,0,7
927,72,8,56,16,0,0,0,0,0,0,0,0,7
928,72,8,56,16,0,0,0,0,0,0,0,0,7
929,72,8,56,16,0,0,0,0,0,0,0,0,7
930,72,8,56,16,0,0,0,0,0,0,0,0,7
931,72,8,56,16,0,0,0,0,0,0,0,0,7
932,72,8,56,16,0,0,0,0,0,0,0,0,7
933,72,8,56,16,0,0,0,0,0,0,0,0,7
934,72,8,56,16,0,0,0,0,0,0,0,0,7
935,72,8,56,16,0,0,0,0,0,0,0,0,7
936,72,8,56,16,0,0,0,0,0,0,0,0,7
937,72,8,56,16,0,0,0,0,0,0,0,0,7
938,72,8,56,16,0,0,0,0,0,0,0,0,7
939,72,8,56,16,0,0,0,0,0,0,0,0,7
940,72,8,56,16,0,0,0,0,0,0,0,0,7
941,72,8,56,16,0,0,0,0,0,0,0,0,7
942,72,8,56,16,0,0,0,0,0,0,0,0,7
943,72,8,56,16,0,0,0,0,0,0,0,0,7
944,72,8,56,16,0,0,0,0,0,0,0,0,7
945,72,8,56,16,0,0,0,0,0,0,0,0,7
946,72,8,56,16,0,0,0,0,0,0,0,0,7
947,72,8,56,16,0,0,0,0,0,0,0,0,7
948,72,8,56,16,0,0,0,0,0,0,0,0,7
949,72,8,56,16,0,0,0,0,0,0,0,0,7
950,72,8,56,16,0,0,0,0,0,0,0,0,7
951,72,8,56,16,0,0,0,0,0,0,0,0,7
952,72,8,56,16,0,0,0,0,0,0,0,0,7
953,72,8,56,16,0,0,0,0,0,0,0,0,7
954,72,8,56,16,0,0,0,0,0,0,0,0,7
955,72,8,56,16,0,0,0,0,0,0,0,0,7
956,72,8,56,16,0,0,0,0,0,0,0,0,7
957,72,8,56,16,0,0,0,0,0,0,0,0,7
958,72,8,56,16,0,0,0,0,0,0,0,0,7
959,72,8,56,16,0,0,0,0,0,0,0,0,7
960,72,8,56,16,0,0,0,0,0,0,0,0,7
961,72,8,56,16,0,0,0,0,0,0,0,0,7
962,72,8,56,16,0,0,0,0,0,0,0,0,7
963,72,8,56,16,0,0,0,0,0,0,0,0,7
964,72,8,56,16,0,0,0,0,0,0,0,0,7
965,72,8,56,16,0,0,0,0,0,0,0,0,7
966,72,8,56,16,0,0,0,0,0,0,0,0,7
967,72,8,56,16,0,0,0,0,0,0,0,0,7
968,72,8,56,16,0,0,0,0,0,0,0,0,7
969,72,8,56,16,0,0,0,0,0,0,0,0,7
970,72,8,56,16,0,0,0,0,0,0,0,0,7
971,72,8,56,16,0,0,0,0,0,0,0,0,7
972,72,8,56,16,0,0,0,0,0,0,0,0,7
973,72,8,56,16,0,0,0,0,0,0,0,0,7
974,72,8,56,16,0,0,0,0,0,0,0,0,7
975,72,8,56,16,0,0,0,0,0,0,0,0,7
976,72,8,56,16,0,0,0,0,0,0,0,0,7
977,72,8,56,16,0,0,0,0,0,0,0,0,7
978,72,8,56,16,0,0,0,0,0,0,0,0,7
979,72,8,56,16,0,0,0,0,0,0,0,0,7
980,72,8,56,16,0,0,0,0,0,0,0,0,7
981,72,8,56,16,0,0,0,0,0,0,0,0,7
982,72,8,56,16,0,0,0,0,0,0,0,0,7
983,72,8,56,16,0,0,0,0,0,0,0,0,7
984,72,8,56,16,0,0,0,0,0,0,0,0,7
985,72,8,56,16,0,0,0,0,0,0,0,0,7
986,72,8,56,16,0,0,0,0,0,0,0,0,7
987,72,8,56,16,0,0,0,0,0,0,0,0,7
988,72,8,56,16,0,0,0,0,0,0,0,0,7
989,72,8,56,16,0,0,0,0,0,0,0,0,7
990,72,8,56,16,0,0,0,0,0,0,0,0,7
991,72,8,56,16,0,0,0,0,0,0,0,0,7
992,72,8,56,16,0,0,0,0,0,0,0,0,7
993,72,8,56,16,0,0,0,0,0,0,0,0,7
994,72,8,56,16,0,0,0,0,0,0,0,0,7
995,72,8,56,16,0,0,0,0,0,0,0,0,7
996,72,8,56,16,0,0,0,0,0,0,0,0,7
997,72,8,56,16,0,0,0,0,0,0,0,0,7
998,72,8,56,16,0,0,0,0,0,0,0,0,7
999,72,8,56,16,0,0,0,0,0,0,0,0,7
