update,points,mean_tasks,total_tasks,total_orgs,task_0,task_1,task_2,task_3,task_4,task_5,task_6,task_7,task_8
0,0,nan,0,10,0,0,0,0,0,0,0,0,0
1,12,8,8,11,0,0,0,0,0,0,0,0,1
2,24,8,16,12,0,0,0,0,0,0,0,0,2
3,48,8,32,13,0,0,0,0,0,0,0,0,4
4,72,8,48,15,0,0,0,0,0,0,0,0,6
5,84,8,56,16,0,0,0,0,0,0,0,0,7
6,108,8,64,18,0,0,0,0,0,0,0,0,8
7,108,8,72,19,0,0,0,0,0,0,0,0,9
8,96,8,72,20,0,0,0,0,0,0,0,0,9
9,156,8,88,23,0,0,0,0,0,0,0,0,11
10,132,8,96,25,0,0,0,0,0,0,0,0,12
11,156,8,112,28,0,0,0,0,0,0,0,0,14
12,224,8,120,30,0,0,0,0,0,0,0,0,15
13,268,8,104,33,0,0,0,0,0,0,0,0,13
14,396,8,144,38,0,0,0,0,0,0,0,0,18
15,340,8,144,43,0,0,0,0,0,0,0,0,18
16,424,8,144,45,0,0,0,0,0,0,0,0,18
17,472,8,168,49,0,0,0,0,0,0,0,0,21
18,596,8,176,50,0,0,0,0,0,0,0,0,22
19,612,8,184,52,0,0,0,0,0,0,0,0,23
20,676,8,200,57,0,0,0,0,0,0,0,0,25
21,764,8,224,61,0,0,0,0,0,0,0,0,28
22,912,8,224,64,0,0,0,0,0,0,0,0,28
23,864,8,224,66,0,0,0,0,0,0,0,0,28
24,948,8,224,67,0,0,0,0,0,0,0,0,28
25,1188,8,280,69,0,0,0,0,0,0,0,0,35
26,1376,8,312,74,0,0,0,0,0,0,0,0,39
27,952,8,328,79,0,0,0,0,0,0,0,0,41
28,844,8,368,84,0,0,0,0,0,0,0,0,46
29,964,8,384,90,0,0,0,0,0,0,0,0,48
30,1144,8,376,93,0,0,0,0,0,0,0,0,47
31,1260,8,368,95,0,0,0,0,0,0,0,0,46
32,1244,8,416,97,0,0,0,0,0,0,0,0,52
33,1464,8,400,97,0,0,0,0,0,0,0,0,50
34,1584,8,424,99,0,0,0,0,0,0,0,0,53
35,1640,8,448,100,0,0,0,0,0,0,0,0,56
36,1280,8,424,100,0,0,0,0,0,0,0,0,53
37,1396,8,448,100,0,0,0,0,0,0,0,0,56
38,1360,8,416,100,0,0,0,0,0,0,0,0,52
39,1600,8,464,100,0,0,0,0,0,0,0,0,58
40,1668,8,416,100,0,0,0,0,0,0,0,0,52
41,1576,8,456,100,0,0,0,0,0,0,0,0,57
42,1128,8,432,100,0,0,0,0,0,0,0,0,54
43,896,8,456,100,0,0,0,0,0,0,0,0,57
44,744,8,464,100,0,0,0,0,0,0,0,0,58
45,752,8,480,100,0,0,0,0,0,0,0,0,60
46,844,8,464,100,0,0,0,0,0,0,0,0,58
47,672,8,432,100,0,0,0,0,0,0,0,0,54
48,640,8,432,100,0,0,0,0,0,0,0,0,54
49,636,8,456,100,0,0,0,0,0,0,0,0,57
50,692,8,456,100,0,0,0,0,0,0,0,0,57
51,660,8,448,100,0,0,0,0,0,0,0,0,56
52,736,8,456,100,0,0,0,0,0,0,0,0,57
53,664,8,464,100,0,0,0,0,0,0,0,0,58
54,704,8,480,100,0,0,0,0,0,0,0,0,60
55,588,8,456,100,0,0,0,0,0,0,0,0,57
56,676,8,472,100,0,0,0,0,0,0,0,0,59
57,736,8,432,100,0,0,0,0,0,0,0,0,54
58,652,8,424,100,0,0,0,0,0,0,0,0,53
59,624,8,424,100,0,0,0,0,0,0,0,0,53
60,604,8,416,100,0,0,0,0,0,0,0,0,52
61,648,8,424,100,0,0,0,0,0,0,0,0,53
62,656,8,424,100,0,0,0,0,0,0,0,0,53
63,712,8,440,100,0,0,0,0,0,0,0,0,55
64,724,8,456,100,0,0,0,0,0,0,0,0,57
65,672,8,448,100,0,0,0,0,0,0,0,0,56
66,704,8,424,100,0,0,0,0,0,0,0,0,53
67,728,8,424,100,0,0,0,0,0,0,0,0,53
68,708,8,432,100,0,0,0,0,0,0,0,0,54
69,796,8,432,100,0,0,0,0,0,0,0,0,54
70,784,8,424,100,0,0,0,0,0,0,0,0,53
71,848,8,440,100,0,0,0,0,0,0,0,0,55
72,920,8,432,100,0,0,0,0,0,0,0,0,54
73,832,8,432,100,0,0,0,0,0,0,0,0,54
74,824,8,432,100,0,0,0,0,0,0,0,0,54
75,820,8,416,100,0,0,0,0,0,0,0,0,52
76,744,8,400,100,0,0,0,0,0,0,0,0,50
77,848,8,472,100,0,0,0,0,0,0,0,0,59
78,892,8,456,100,0,0,0,0,0,0,0,0,57
79,764,8,432,100,0,0,0,0,0,0,0,0,54
80,764,8,416,100,0,0,0,0,0,0,0,0,52
81,780,8,424,100,0,0,0,0,0,0,0,0,53
82,812,8,432,100,0,0,0,0,0,0,0,0,54
83,668,8,432,100,0,0,0,0,0,0,0,0,54
84,828,8,472,100,0,0,0,0,0,0,0,0,59
85,892,8,480,100,0,0,0,0,0,0,0,0,60
86,836,8,464,100,0,0,0,0,0,0,0,0,58
87,804,8,448,100,0,0,0,0,0,0,0,0,56
88,804,8,424,100,0,0,0,0,0,0,0,0,53
89,948,8,448,100,0,0,0,0,0,0,0,0,56
90,840,8,448,100,0,0,0,0,0,0,0,0,56
91,724,8,448,100,0,0,0,0,0,0,0,0,56
92,820,8,472,100,0,0,0,0,0,0,0,0,59
93,840,8,464,100,0,0,0,0,0,0,0,0,58
94,784,8,472,100,0,0,0,0,0,0,0,0,59
95,960,8,488,100,0,0,0,0,0,0,0,0,61
96,732,8,440,100,0,0,0,0,0,0,0,0,55
97,760,8,440,100,0,0,0,0,0,0,0,0,55
98,792,8,432,100,0,0,0,0,0,0,0,0,54
99,776,8,416,100,0,0,0,0,0,0,0,0,52
100,736,8,456,100,0,0,0,0,0,0,0,0,57
101,808,8,440,100,0,0,0,0,0,0,0,0,55
102,780,8,464,100,0,0,0,0,0,0,0,0,58
103,804,8,432,100,0,0,0,0,0,0,0,0,54
104,720,8,392,100,0,0,0,0,0,0,0,0,49
105,804,8,408,100,0,0,0,0,0,0,0,0,51
106,708,8,392,100,0,0,0,0,0,0,0,0,49
107,764,8,392,100,0,0,0,0,0,0,0,0,49
108,788,8,384,100,0,0,0,0,0,0,0,0,48
109,660,8,400,100,0,0,0,0,0,0,0,0,50
110,684,8,432,100,0,0,0,0,0,0,0,0,54
111,676,8,432,100,0,0,0,0,0,0,0,0,54
112,708,8,416,100,0,0,0,0,0,0,0,0,52
113,672,8,448,100,0,0,0,0,0,0,0,0,56
114,700,8,424,100,0,0,0,0,0,0,0,0,53
115,688,8,424,100,0,0,0,0,0,0,0,0,53
116,772,8,440,100,0,0,0,0,0,0,0,0,55
117,824,8,448,100,0,0,0,0,0,0,0,0,56
118,852,8,480,100,0,0,0,0,0,0,0,0,60
119,920,8,472,100,0,0,0,0,0,0,0,0,59
120,932,8,464,100,0,0,0,0,0,0,0,0,58
121,804,8,448,100,0,0,0,0,0,0,0,0,56
122,708,8,384,100,0,0,0,0,0,0,0,0,48
123,728,8,400,100,0,0,0,0,0,0,0,0,50
124,760,8,416,100,0,0,0,0,0,0,0,0,52
125,852,8,440,100,0,0,0,0,0,0,0,0,55
126,720,8,424,100,0,0,0,0,0,0,0,0,53
127,824,8,432,100,0,0,0,0,0,0,0,0,54
128,844,8,448,100,0,0,0,0,0,0,0,0,56
129,800,8,464,100,0,0,0,0,0,0,0,0,58
130,832,8,440,100,0,0,0,0,0,0,0,0,55
131,800,8,440,100,0,0,0,0,0,0,0,0,55
132,752,8,408,100,0,0,0,0,0,0,0,0,51
133,832,8,440,100,0,0,0,0,0,0,0,0,55
134,804,8,408,100,0,0,0,0,0,0,0,0,51
135,888,8,456,100,0,0,0,0,0,0,0,0,57
136,904,8,448,100,0,0,0,0,0,0,0,0,56
137,776,8,448,100,0,0,0,0,0,0,0,0,56
138,816,8,440,100,0,0,0,0,0,0,0,0,55
139,956,8,448,100,0,0,0,0,0,0,0,0,56
140,1052,8,456,100,0,0,0,0,0,0,0,0,57
141,1036,8,456,100,0,0,0,0,0,0,0,0,57
142,1044,8,448,100,0,0,0,0,0,0,0,0,56
143,972,8,472,100,0,0,0,0,0,0,0,0,59
144,1056,8,456,100,0,0,0,0,0,0,0,0,57
145,1052,8,464,100,0,0,0,0,0,0,0,0,58
146,872,8,448,100,0,0,0,0,0,0,0,0,56
147,856,8,408,100,0,0,0,0,0,0,0,0,51
148,836,8,424,100,0,0,0,0,0,0,0,0,53
149,812,8,416,100,0,0,0,0,0,0,0,0,52
150,956,8,424,100,0,0,0,0,0,0,0,0,53
151,744,8,376,100,0,0,0,0,0,0,0,0,47
152,832,8,392,100,0,0,0,0,0,0,0,0,49
153,708,8,376,100,0,0,0,0,0,0,0,0,47
154,712,8,392,100,0,0,0,0,0,0,0,0,49
155,784,8,376,100,0,0,0,0,0,0,0,0,47
156,872,8,392,100,0,0,0,0,0,0,0,0,49
157,944,8,400,100,0,0,0,0,0,0,0,0,50
158,908,8,400,100,0,0,0,0,0,0,0,0,50
159,844,8,408,100,0,0,0,0,0,0,0,0,51
160,856,8,416,100,0,0,0,0,0,0,0,0,52
161,832,8,416,100,0,0,0,0,0,0,0,0,52
162,848,8,424,100,0,0,0,0,0,0,0,0,53
163,856,8,424,100,0,0,0,0,0,0,0,0,53
164,944,8,424,100,0,0,0,0,0,0,0,0,53
165,840,8,432,100,0,0,0,0,0,0,0,0,54
166,736,8,400,100,0,0,0,0,0,0,0,0,50
167,772,8,400,100,0,0,0,0,0,0,0,0,50
168,720,8,384,100,0,0,0,0,0,0,0,0,48
169,784,8,400,100,0,0,0,0,0,0,0,0,50
170,784,8,416,100,0,0,0,0,0,0,0,0,52
171,908,8,440,100,0,0,0,0,0,0,0,0,55
172,748,8,440,100,0,0,0,0,0,0,0,0,55
173,892,8,424,100,0,0,0,0,0,0,0,0,53
174,700,8,384,100,0,0,0,0,0,0,0,0,48
175,716,8,432,100,0,0,0,0,0,0,0,0,54
176,836,8,416,100,0,0,0,0,0,0,0,0,52
177,920,8,440,100,0,0,0,0,0,0,0,0,55
178,920,8,408,100,0,0,0,0,0,0,0,0,51
179,796,8,360,100,0,0,0,0,0,0,0,0,45
180,852,8,376,100,0,0,0,0,0,0,0,0,47
181,740,8,376,100,0,0,0,0,0,0,0,0,47
182,844,8,400,100,0,0,0,0,0,0,0,0,50
183,796,8,432,100,0,0,0,0,0,0,0,0,54
184,724,8,432,100,0,0,0,0,0,0,0,0,54
185,800,8,424,100,0,0,0,0,0,0,0,0,53
186,892,8,424,100,0,0,0,0,0,0,0,0,53
187,836,8,408,100,0,0,0,0,0,0,0,0,51
188,964,8,432,100,0,0,0,0,0,0,0,0,54
189,744,8,392,100,0,0,0,0,0,0,0,0,49
190,860,8,400,100,0,0,0,0,0,0,0,0,50
191,804,8,376,100,0,0,0,0,0,0,0,0,47
192,816,8,392,100,0,0,0,0,0,0,0,0,49
193,924,8,408,100,0,0,0,0,0,0,0,0,51
194,876,8,424,100,0,0,0,0,0,0,0,0,53
195,828,8,432,100,0,0,0,0,0,0,0,0,54
196,828,8,400,100,0,0,0,0,0,0,0,0,50
197,836,8,416,100,0,0,0,0,0,0,0,0,52
198,784,8,392,100,0,0,0,0,0,0,0,0,49
199,900,8,416,100,0,0,0,0,0,0,0,0,52
200,692,8,424,100,0,0,0,0,0,0,0,0,53
201,816,8,424,100,0,0,0,0,0,0,0,0,53
202,736,8,408,100,0,0,0,0,0,0,0,0,51
203,748,8,400,100,0,0,0,0,0,0,0,0,50
204,780,8,400,100,0,0,0,0,0,0,0,0,50
205,764,8,392,100,0,0,0,0,0,0,0,0,49
206,736,8,400,100,0,0,0,0,0,0,0,0,50
207,644,8,400,100,0,0,0,0,0,0,0,0,50
208,716,8,408,100,0,0,0,0,0,0,0,0,51
209,752,8,424,100,0,0,0,0,0,0,0,0,53
210,724,8,416,100,0,0,0,0,0,0,0,0,52
211,780,8,392,100,0,0,0,0,0,0,0,0,49
212,628,8,400,100,0,0,0,0,0,0,0,0,50
213,648,8,424,100,0,0,0,0,0,0,0,0,53
214,760,8,448,100,0,0,0,0,0,0,0,0,56
215,736,8,432,100,0,0,0,0,0,0,0,0,54
216,640,8,400,100,0,0,0,0,0,0,0,0,50
217,660,8,424,100,0,0,0,0,0,0,0,0,53
218,672,8,416,100,0,0,0,0,0,0,0,0,52
219,764,8,456,100,0,0,0,0,0,0,0,0,57
220,828,8,440,100,0,0,0,0,0,0,0,0,55
221,804,8,424,100,0,0,0,0,0,0,0,0,53
222,700,8,424,100,0,0,0,0,0,0,0,0,53
223,816,8,440,100,0,0,0,0,0,0,0,0,55
224,736,8,424,100,0,0,0,0,0,0,0,0,53
225,696,8,464,100,0,0,0,0,0,0,0,0,58
226,880,8,480,100,0,0,0,0,0,0,0,0,60
227,848,8,480,100,0,0,0,0,0,0,0,0,60
228,848,8,456,100,0,0,0,0,0,0,0,0,57
229,816,8,456,100,0,0,0,0,0,0,0,0,57
230,892,8,472,100,0,0,0,0,0,0,0,0,59
231,960,8,480,100,0,0,0,0,0,0,0,0,60
232,1036,8,472,100,0,0,0,0,0,0,0,0,59
233,1032,8,464,100,0,0,0,0,0,0,0,0,58
234,840,8,472,100,0,0,0,0,0,0,0,0,59
235,912,8,472,100,0,0,0,0,0,0,0,0,59
236,844,8,456,100,0,0,0,0,0,0,0,0,57
237,908,8,456,100,0,0,0,0,0,0,0,0,57
238,808,8,448,100,0,0,0,0,0,0,0,0,56
239,804,8,440,100,0,0,0,0,0,0,0,0,55
240,764,8,416,100,0,0,0,0,0,0,0,0,52
241,752,8,432,100,0,0,0,0,0,0,0,0,54
242,744,8,408,100,0,0,0,0,0,0,0,0,51
243,804,8,384,100,0,0,0,0,0,0,0,0,48
244,748,8,384,100,0,0,0,0,0,0,0,0,48
245,660,8,368,100,0,0,0,0,0,0,0,0,46
246,648,8,376,100,0,0,0,0,0,0,0,0,47
247,832,8,432,100,0,0,0,0,0,0,0,0,54
248,856,8,416,100,0,0,0,0,0,0,0,0,52
249,828,8,424,100,0,0,0,0,0,0,0,0,53
250,848,8,384,100,0,0,0,0,0,0,0,0,48
251,852,8,408,100,0,0,0,0,0,0,0,0,51
252,1040,8,424,100,0,0,0,0,0,0,0,0,53
253,1020,8,440,100,0,0,0,0,0,0,0,0,55
254,1200,8,400,100,0,0,0,0,0,0,0,0,50
255,1196,8,440,100,0,0,0,0,0,0,0,0,55
256,920,8,440,100,0,0,0,0,0,0,0,0,55
257,788,8,448,100,0,0,0,0,0,0,0,0,56
258,772,8,408,100,0,0,0,0,0,0,0,0,51
259,904,8,448,100,0,0,0,0,0,0,0,0,56
260,952,8,448,100,0,0,0,0,0,0,0,0,56
261,1128,8,432,100,0,0,0,0,0,0,0,0,54
262,1300,8,432,100,0,0,0,0,0,0,0,0,54
263,1384,8,432,100,0,0,0,0,0,0,0,0,54
264,1340,8,424,100,0,0,0,0,0,0,0,0,53
265,1132,8,448,100,0,0,0,0,0,0,0,0,56
266,1252,8,400,100,0,0,0,0,0,0,0,0,50
267,1384,8,432,100,0,0,0,0,0,0,0,0,54
268,1296,8,392,100,0,0,0,0,0,0,0,0,49
269,1288,8,384,100,0,0,0,0,0,0,0,0,48
270,1228,8,392,100,0,0,0,0,0,0,0,0,49
271,1492,8,400,100,0,0,0,0,0,0,0,0,50
272,1496,8,400,100,0,0,0,0,0,0,0,0,50
273,1552,8,384,100,0,0,0,0,0,0,0,0,48
274,1584,8,360,100,0,0,0,0,0,0,0,0,45
275,1784,8,408,100,0,0,0,0,0,0,0,0,51
276,1216,8,392,100,0,0,0,0,0,0,0,0,49
277,1120,8,392,100,0,0,0,0,0,0,0,0,49
278,1472,8,448,100,0,0,0,0,0,0,0,0,56
279,1488,8,424,100,0,0,0,0,0,0,0,0,53
280,1500,8,408,100,0,0,0,0,0,0,0,0,51
281,1548,8,400,100,0,0,0,0,0,0,0,0,50
282,1580,8,432,100,0,0,0,0,0,0,0,0,54
283,1456,8,432,100,0,0,0,0,0,0,0,0,54
284,1592,8,400,100,0,0,0,0,0,0,0,0,50
285,1440,8,344,100,0,0,0,0,0,0,0,0,43
286,1628,8,384,100,0,0,0,0,0,0,0,0,48
287,1756,8,400,100,0,0,0,0,0,0,0,0,50
288,1944,8,432,100,0,0,0,0,0,0,0,0,54
289,2108,8,408,100,0,0,0,0,0,0,0,0,51
290,1752,8,448,100,0,0,0,0,0,0,0,0,56
291,1468,8,392,100,0,0,0,0,0,0,0,0,49
292,1436,8,416,100,0,0,0,0,0,0,0,0,52
293,1772,8,448,100,0,0,0,0,0,0,0,0,56
294,1932,8,424,100,0,0,0,0,0,0,0,0,53
295,2120,8,440,100,0,0,0,0,0,0,0,0,55
296,1588,8,432,100,0,0,0,0,0,0,0,0,54
297,1552,8,416,100,0,0,0,0,0,0,0,0,52
298,1608,8,424,100,0,0,0,0,0,0,0,0,53
299,1800,8,400,100,0,0,0,0,0,0,0,0,50
300,1700,8,376,100,0,0,0,0,0,0,0,0,47
301,1892,8,376,100,0,0,0,0,0,0,0,0,47
302,2044,8,416,100,0,0,0,0,0,0,0,0,52
303,1488,8,440,100,0,0,0,0,0,0,0,0,55
304,1680,8,424,100,0,0,0,0,0,0,0,0,53
305,1876,8,424,100,0,0,0,0,0,0,0,0,53
306,1524,8,424,100,0,0,0,0,0,0,0,0,53
307,1304,8,440,100,0,0,0,0,0,0,0,0,55
308,1448,8,400,100,0,0,0,0,0,0,0,0,50
309,1304,8,400,100,0,0,0,0,0,0,0,0,50
310,1076,8,416,100,0,0,0,0,0,0,0,0,52
311,1216,8,376,100,0,0,0,0,0,0,0,0,47
312,1200,8,368,100,0,0,0,0,0,0,0,0,46
313,1328,8,384,100,0,0,0,0,0,0,0,0,48
314,1368,8,384,100,0,0,0,0,0,0,0,0,48
315,1360,8,384,100,0,0,0,0,0,0,0,0,48
316,1304,8,384,100,0,0,0,0,0,0,0,0,48
317,1108,8,424,100,0,0,0,0,0,0,0,0,53
318,1264,8,440,100,0,0,0,0,0,0,0,0,55
319,1528,8,456,100,0,0,0,0,0,0,0,0,57
320,1572,8,448,100,0,0,0,0,0,0,0,0,56
321,1584,8,416,100,0,0,0,0,0,0,0,0,52
322,1560,8,424,100,0,0,0,0,0,0,0,0,53
323,1424,8,384,100,0,0,0,0,0,0,0,0,48
324,1552,8,368,100,0,0,0,0,0,0,0,0,46
325,1448,8,384,100,0,0,0,0,0,0,0,0,48
326,1552,8,344,100,0,0,0,0,0,0,0,0,43
327,1276,8,360,100,0,0,0,0,0,0,0,0,45
328,1292,8,384,100,0,0,0,0,0,0,0,0,48
329,1300,8,400,100,0,0,0,0,0,0,0,0,50
330,824,8,376,100,0,0,0,0,0,0,0,0,47
331,1180,8,416,100,0,0,0,0,0,0,0,0,52
332,1192,8,440,100,0,0,0,0,0,0,0,0,55
333,1204,8,448,100,0,0,0,0,0,0,0,0,56
334,1312,8,408,100,0,0,0,0,0,0,0,0,51
335,1036,8,432,100,0,0,0,0,0,0,0,0,54
336,1140,8,432,100,0,0,0,0,0,0,0,0,54
337,1196,8,432,100,0,0,0,0,0,0,0,0,54
338,1268,8,384,100,0,0,0,0,0,0,0,0,48
339,1016,8,376,100,0,0,0,0,0,0,0,0,47
340,1224,8,440,100,0,0,0,0,0,0,0,0,55
341,1252,8,448,100,0,0,0,0,0,0,0,0,56
342,1340,8,448,100,0,0,0,0,0,0,0,0,56
343,1340,8,408,100,0,0,0,0,0,0,0,0,51
344,1340,8,424,100,0,0,0,0,0,0,0,0,53
345,1544,8,376,100,0,0,0,0,0,0,0,0,47
346,1552,8,336,100,0,0,0,0,0,0,0,0,42
347,1696,8,360,100,0,0,0,0,0,0,0,0,45
348,1692,8,400,100,0,0,0,0,0,0,0,0,50
349,1624,8,384,100,0,0,0,0,0,0,0,0,48
350,920,8,376,100,0,0,0,0,0,0,0,0,47
351,1180,8,408,100,0,0,0,0,0,0,0,0,51
352,1204,8,416,100,0,0,0,0,0,0,0,0,52
353,1288,8,464,100,0,0,0,0,0,0,0,0,58
354,1284,8,432,100,0,0,0,0,0,0,0,0,54
355,892,8,432,100,0,0,0,0,0,0,0,0,54
356,1128,8,456,100,0,0,0,0,0,0,0,0,57
357,1200,8,424,100,0,0,0,0,0,0,0,0,53
358,1008,8,424,100,0,0,0,0,0,0,0,0,53
359,1112,8,424,100,0,0,0,0,0,0,0,0,53
360,1208,8,440,100,0,0,0,0,0,0,0,0,55
361,1116,8,432,100,0,0,0,0,0,0,0,0,54
362,1428,8,424,100,0,0,0,0,0,0,0,0,53
363,1460,8,368,100,0,0,0,0,0,0,0,0,46
364,1368,8,376,100,0,0,0,0,0,0,0,0,47
365,1516,8,360,100,0,0,0,0,0,0,0,0,45
366,1304,8,352,100,0,0,0,0,0,0,0,0,44
367,1244,8,360,100,0,0,0,0,0,0,0,0,45
368,1260,8,400,100,0,0,0,0,0,0,0,0,50
369,1488,8,416,100,0,0,0,0,0,0,0,0,52
370,1512,8,416,100,0,0,0,0,0,0,0,0,52
371,1424,8,424,100,0,0,0,0,0,0,0,0,53
372,1500,8,424,100,0,0,0,0,0,0,0,0,53
373,1316,8,424,100,0,0,0,0,0,0,0,0,53
374,1512,8,416,100,0,0,0,0,0,0,0,0,52
375,1604,8,408,100,0,0,0,0,0,0,0,0,51
376,1820,8,440,100,0,0,0,0,0,0,0,0,55
377,1792,8,416,100,0,0,0,0,0,0,0,0,52
378,1724,8,416,100,0,0,0,0,0,0,0,0,52
379,1924,8,392,100,0,0,0,0,0,0,0,0,49
380,2084,8,368,100,0,0,0,0,0,0,0,0,46
381,2336,8,400,100,0,0,0,0,0,0,0,0,50
382,2128,8,368,100,0,0,0,0,0,0,0,0,46
383,2452,8,400,100,0,0,0,0,0,0,0,0,50
384,1720,8,376,100,0,0,0,0,0,0,0,0,47
385,1656,8,336,100,0,0,0,0,0,0,0,0,42
386,1580,8,344,100,0,0,0,0,0,0,0,0,43
387,1652,8,360,100,0,0,0,0,0,0,0,0,45
388,1092,8,384,100,0,0,0,0,0,0,0,0,48
389,1148,8,352,100,0,0,0,0,0,0,0,0,44
390,1532,8,416,100,0,0,0,0,0,0,0,0,52
391,1468,8,400,100,0,0,0,0,0,0,0,0,50
392,1528,8,392,100,0,0,0,0,0,0,0,0,49
393,1252,8,376,100,0,0,0,0,0,0,0,0,47
394,1500,8,392,100,0,0,0,0,0,0,0,0,49
395,1540,8,416,100,0,0,0,0,0,0,0,0,52
396,1416,8,400,100,0,0,0,0,0,0,0,0,50
397,1560,8,400,100,0,0,0,0,0,0,0,0,50
398,1180,8,432,100,0,0,0,0,0,0,0,0,54
399,1076,8,400,100,0,0,0,0,0,0,0,0,50
400,1160,8,392,100,0,0,0,0,0,0,0,0,49
401,968,8,384,100,0,0,0,0,0,0,0,0,48
402,896,8,400,100,0,0,0,0,0,0,0,0,50
403,1016,8,384,100,0,0,0,0,0,0,0,0,48
404,1004,8,352,100,0,0,0,0,0,0,0,0,44
405,1216,8,392,100,0,0,0,0,0,0,0,0,49
406,1024,8,376,100,0,0,0,0,0,0,0,0,47
407,1260,8,392,100,0,0,0,0,0,0,0,0,49
408,1452,8,384,100,0,0,0,0,0,0,0,0,48
409,1604,8,416,100,0,0,0,0,0,0,0,0,52
410,1772,8,432,100,0,0,0,0,0,0,0,0,54
411,1672,8,448,100,0,0,0,0,0,0,0,0,56
412,1692,8,472,100,0,0,0,0,0,0,0,0,59
413,1708,8,464,100,0,0,0,0,0,0,0,0,58
414,1576,8,424,100,0,0,0,0,0,0,0,0,53
415,1996,8,424,100,0,0,0,0,0,0,0,0,53
416,2364,8,440,100,0,0,0,0,0,0,0,0,55
417,2480,8,408,100,0,0,0,0,0,0,0,0,51
418,2276,8,416,100,0,0,0,0,0,0,0,0,52
419,2252,8,416,100,0,0,0,0,0,0,0,0,52
420,1676,8,376,100,0,0,0,0,0,0,0,0,47
421,1944,8,392,100,0,0,0,0,0,0,0,0,49
422,1644,8,432,100,0,0,0,0,0,0,0,0,54
423,1752,8,416,100,0,0,0,0,0,0,0,0,52
424,1612,8,416,100,0,0,0,0,0,0,0,0,52
425,1936,8,432,100,0,0,0,0,0,0,0,0,54
426,1920,8,416,100,0,0,0,0,0,0,0,0,52
427,1932,8,432,100,0,0,0,0,0,0,0,0,54
428,1716,8,432,100,0,0,0,0,0,0,0,0,54
429,1552,8,440,100,0,0,0,0,0,0,0,0,55
430,1688,8,456,100,0,0,0,0,0,0,0,0,57
431,1756,8,456,100,0,0,0,0,0,0,0,0,57
432,1412,8,440,100,0,0,0,0,0,0,0,0,55
433,1616,8,400,100,0,0,0,0,0,0,0,0,50
434,2108,8,424,100,0,0,0,0,0,0,0,0,53
435,2508,8,424,100,0,0,0,0,0,0,0,0,53
436,2588,8,424,100,0,0,0,0,0,0,0,0,53
437,2780,8,424,100,0,0,0,0,0,0,0,0,53
438,2588,8,408,100,0,0,0,0,0,0,0,0,51
439,2676,8,440,100,0,0,0,0,0,0,0,0,55
440,2712,8,416,100,0,0,0,0,0,0,0,0,52
441,1896,8,384,100,0,0,0,0,0,0,0,0,48
442,2324,8,416,100,0,0,0,0,0,0,0,0,52
443,2428,8,416,100,0,0,0,0,0,0,0,0,52
444,2956,8,424,100,0,0,0,0,0,0,0,0,53
445,2812,8,424,100,0,0,0,0,0,0,0,0,53
446,2648,8,424,100,0,0,0,0,0,0,0,0,53
447,1816,8,432,100,0,0,0,0,0,0,0,0,54
448,1756,8,400,100,0,0,0,0,0,0,0,0,50
449,2084,8,424,100,0,0,0,0,0,0,0,0,53
450,2056,8,432,100,0,0,0,0,0,0,0,0,54
451,1400,8,408,100,0,0,0,0,0,0,0,0,51
452,1936,8,424,100,0,0,0,0,0,0,0,0,53
453,2236,8,432,100,0,0,0,0,0,0,0,0,54
454,2320,8,424,100,0,0,0,0,0,0,0,0,53
455,2476,8,408,100,0,0,0,0,0,0,0,0,51
456,2300,8,400,100,0,0,0,0,0,0,0,0,50
457,2352,8,376,100,0,0,0,0,0,0,0,0,47
458,2464,8,360,100,0,0,0,0,0,0,0,0,45
459,2628,8,360,100,0,0,0,0,0,0,0,0,45
460,2312,8,424,100,0,0,0,0,0,0,0,0,53
461,2156,8,408,100,0,0,0,0,0,0,0,0,51
462,2436,8,376,100,0,0,0,0,0,0,0,0,47
463,2568,8,384,100,0,0,0,0,0,0,0,0,48
464,2532,8,432,100,0,0,0,0,0,0,0,0,54
465,2680,8,424,100,0,0,0,0,0,0,0,0,53
466,2984,8,448,100,0,0,0,0,0,0,0,0,56
467,2860,8,408,100,0,0,0,0,0,0,0,0,51
468,2648,8,408,100,0,0,0,0,0,0,0,0,51
469,2068,8,384,100,0,0,0,0,0,0,0,0,48
470,2156,8,384,100,0,0,0,0,0,0,0,0,48
471,1992,8,400,100,0,0,0,0,0,0,0,0,50
472,2092,8,384,100,0,0,0,0,0,0,0,0,48
473,2012,8,432,100,0,0,0,0,0,0,0,0,54
474,1704,8,416,100,0,0,0,0,0,0,0,0,52
475,1912,8,392,100,0,0,0,0,0,0,0,0,49
476,1864,8,400,100,0,0,0,0,0,0,0,0,50
477,2068,8,408,100,0,0,0,0,0,0,0,0,51
478,2012,8,408,100,0,0,0,0,0,0,0,0,51
479,1796,8,376,100,0,0,0,0,0,0,0,0,47
480,1784,8,392,100,0,0,0,0,0,0,0,0,49
481,2112,8,408,100,0,0,0,0,0,0,0,0,51
482,2204,8,448,100,0,0,0,0,0,0,0,0,56
483,2424,8,408,100,0,0,0,0,0,0,0,0,51
484,2268,8,400,100,0,0,0,0,0,0,0,0,50
485,2312,8,456,100,0,0,0,0,0,0,0,0,57
486,2472,8,424,100,0,0,0,0,0,0,0,0,53
487,2876,8,400,100,0,0,0,0,0,0,0,0,50
488,2264,8,384,100,0,0,0,0,0,0,0,0,48
489,2940,8,392,100,0,0,0,0,0,0,0,0,49
490,2920,8,384,100,0,0,0,0,0,0,0,0,48
491,2712,8,384,100,0,0,0,0,0,0,0,0,48
492,2080,8,392,100,0,0,0,0,0,0,0,0,49
493,2564,8,384,100,0,0,0,0,0,0,0,0,48
494,2172,8,400,100,0,0,0,0,0,0,0,0,50
495,2048,8,424,100,0,0,0,0,0,0,0,0,53
496,2264,8,416,100,0,0,0,0,0,0,0,0,52
497,2504,8,440,100,0,0,0,0,0,0,0,0,55
498,2472,8,448,100,0,0,0,0,0,0,0,0,56
499,1688,8,440,100,0,0,0,0,0,0,0,0,55
500,1672,8,392,100,0,0,0,0,0,0,0,0,49
501,1980,8,392,100,0,0,0,0,0,0,0,0,49
502,2260,8,440,100,0,0,0,0,0,0,0,0,55
503,1904,8,416,100,0,0,0,0,0,0,0,0,52
504,2000,8,432,100,0,0,0,0,0,0,0,0,54
505,1772,8,448,100,0,0,0,0,0,0,0,0,56
506,2156,8,424,100,0,0,0,0,0,0,0,0,53
507,1944,8,416,100,0,0,0,0,0,0,0,0,52
508,2100,8,408,100,0,0,0,0,0,0,0,0,51
509,2376,8,416,100,0,0,0,0,0,0,0,0,52
510,2764,8,416,100,0,0,0,0,0,0,0,0,52
511,3080,8,432,100,0,0,0,0,0,0,0,0,54
512,2972,8,400,100,0,0,0,0,0,0,0,0,50
513,3240,8,392,100,0,0,0,0,0,0,0,0,49
514,3612,8,400,100,0,0,0,0,0,0,0,0,50
515,3320,8,400,100,0,0,0,0,0,0,0,0,50
516,2272,8,408,100,0,0,0,0,0,0,0,0,51
517,2104,8,480,100,0,0,0,0,0,0,0,0,60
518,1904,8,440,100,0,0,0,0,0,0,0,0,55
519,2112,8,416,100,0,0,0,0,0,0,0,0,52
520,2036,8,424,100,0,0,0,0,0,0,0,0,53
521,2768,8,424,100,0,0,0,0,0,0,0,0,53
522,3148,8,392,100,0,0,0,0,0,0,0,0,49
523,3208,8,400,100,0,0,0,0,0,0,0,0,50
524,2932,8,408,100,0,0,0,0,0,0,0,0,51
525,3232,8,376,100,0,0,0,0,0,0,0,0,47
526,3500,8,416,100,0,0,0,0,0,0,0,0,52
527,2820,8,400,100,0,0,0,0,0,0,0,0,50
528,3388,8,408,100,0,0,0,0,0,0,0,0,51
529,3456,8,408,100,0,0,0,0,0,0,0,0,51
530,4068,8,424,100,0,0,0,0,0,0,0,0,53
531,3508,8,416,100,0,0,0,0,0,0,0,0,52
532,1888,8,384,100,0,0,0,0,0,0,0,0,48
533,2444,8,400,100,0,0,0,0,0,0,0,0,50
534,2780,8,400,100,0,0,0,0,0,0,0,0,50
535,2520,8,416,100,0,0,0,0,0,0,0,0,52
536,2868,8,408,100,0,0,0,0,0,0,0,0,51
537,2860,8,416,100,0,0,0,0,0,0,0,0,52
538,3056,8,400,100,0,0,0,0,0,0,0,0,50
539,3036,8,408,100,0,0,0,0,0,0,0,0,51
540,2112,8,376,100,0,0,0,0,0,0,0,0,47
541,2228,8,432,100,0,0,0,0,0,0,0,0,54
542,2532,8,400,100,0,0,0,0,0,0,0,0,50
543,2452,8,416,100,0,0,0,0,0,0,0,0,52
544,2568,8,400,100,0,0,0,0,0,0,0,0,50
545,1800,8,376,100,0,0,0,0,0,0,0,0,47
546,1704,8,392,100,0,0,0,0,0,0,0,0,49
547,1868,8,392,100,0,0,0,0,0,0,0,0,49
548,2232,8,448,100,0,0,0,0,0,0,0,0,56
549,2276,8,424,100,0,0,0,0,0,0,0,0,53
550,2288,8,392,100,0,0,0,0,0,0,0,0,49
551,2296,8,392,100,0,0,0,0,0,0,0,0,49
552,2028,8,400,100,0,0,0,0,0,0,0,0,50
553,2088,8,392,100,0,0,0,0,0,0,0,0,49
554,1952,8,424,100,0,0,0,0,0,0,0,0,53
555,1952,8,392,100,0,0,0,0,0,0,0,0,49
556,2028,8,360,100,0,0,0,0,0,0,0,0,45
557,1988,8,416,100,0,0,0,0,0,0,0,0,52
558,1952,8,376,100,0,0,0,0,0,0,0,0,47
559,2032,8,376,100,0,0,0,0,0,0,0,0,47
560,1792,8,416,100,0,0,0,0,0,0,0,0,52
561,1720,8,448,100,0,0,0,0,0,0,0,0,56
562,1720,8,424,100,0,0,0,0,0,0,0,0,53
563,1712,8,432,100,0,0,0,0,0,0,0,0,54
564,1456,8,432,100,0,0,0,0,0,0,0,0,54
565,1668,8,472,100,0,0,0,0,0,0,0,0,59
566,1628,8,472,100,0,0,0,0,0,0,0,0,59
567,1800,8,432,100,0,0,0,0,0,0,0,0,54
568,1680,8,432,100,0,0,0,0,0,0,0,0,54
569,1660,8,448,100,0,0,0,0,0,0,0,0,56
570,1848,8,472,100,0,0,0,0,0,0,0,0,59
571,1936,8,448,100,0,0,0,0,0,0,0,0,56
572,1168,8,456,100,0,0,0,0,0,0,0,0,57
573,1352,8,464,100,0,0,0,0,0,0,0,0,58
574,1204,8,440,100,0,0,0,0,0,0,0,0,55
575,992,8,408,100,0,0,0,0,0,0,0,0,51
576,1188,8,432,100,0,0,0,0,0,0,0,0,54
577,1116,8,416,100,0,0,0,0,0,0,0,0,52
578,1056,8,472,100,0,0,0,0,0,0,0,0,59
579,1352,8,464,100,0,0,0,0,0,0,0,0,58
580,1252,8,456,100,0,0,0,0,0,0,0,0,57
581,1380,8,456,100,0,0,0,0,0,0,0,0,57
582,1616,8,424,100,0,0,0,0,0,0,0,0,53
583,1524,8,400,100,0,0,0,0,0,0,0,0,50
584,1628,8,424,100,0,0,0,0,0,0,0,0,53
585,1436,8,416,100,0,0,0,0,0,0,0,0,52
586,1532,8,424,100,0,0,0,0,0,0,0,0,53
587,1200,8,408,100,0,0,0,0,0,0,0,0,51
588,1356,8,448,100,0,0,0,0,0,0,0,0,56
589,1424,8,440,100,0,0,0,0,0,0,0,0,55
590,1600,8,448,100,0,0,0,0,0,0,0,0,56
591,1444,8,408,100,0,0,0,0,0,0,0,0,51
592,1576,8,448,100,0,0,0,0,0,0,0,0,56
593,1436,8,392,100,0,0,0,0,0,0,0,0,49
594,1288,8,400,100,0,0,0,0,0,0,0,0,50
595,1244,8,424,100,0,0,0,0,0,0,0,0,53
596,1324,8,472,100,0,0,0,0,0,0,0,0,59
597,1468,8,448,100,0,0,0,0,0,0,0,0,56
598,1648,8,432,100,0,0,0,0,0,0,0,0,54
599,1796,8,472,100,0,0,0,0,0,0,0,0,59
600,1656,8,440,100,0,0,0,0,0,0,0,0,55
601,1360,8,400,100,0,0,0,0,0,0,0,0,50
602,1248,8,392,100,0,0,0,0,0,0,0,0,49
603,1060,8,384,100,0,0,0,0,0,0,0,0,48
604,1088,8,392,100,0,0,0,0,0,0,0,0,49
605,1236,8,416,100,0,0,0,0,0,0,0,0,52
606,1384,8,440,100,0,0,0,0,0,0,0,0,55
607,1356,8,464,100,0,0,0,0,0,0,0,0,58
608,1212,8,440,100,0,0,0,0,0,0,0,0,55
609,1120,8,424,100,0,0,0,0,0,0,0,0,53
610,1052,8,440,100,0,0,0,0,0,0,0,0,55
611,908,8,416,100,0,0,0,0,0,0,0,0,52
612,896,8,432,100,0,0,0,0,0,0,0,0,54
613,1016,8,448,100,0,0,0,0,0,0,0,0,56
614,960,8,456,100,0,0,0,0,0,0,0,0,57
615,1080,8,504,100,0,0,0,0,0,0,0,0,63
616,1048,8,496,100,0,0,0,0,0,0,0,0,62
617,1008,8,488,100,0,0,0,0,0,0,0,0,61
618,1120,8,432,100,0,0,0,0,0,0,0,0,54
619,1052,8,424,100,0,0,0,0,0,0,0,0,53
620,1168,8,440,100,0,0,0,0,0,0,0,0,55
621,1248,8,456,100,0,0,0,0,0,0,0,0,57
622,1292,8,472,100,0,0,0,0,0,0,0,0,59
623,1344,8,424,100,0,0,0,0,0,0,0,0,53
624,1296,8,424,100,0,0,0,0,0,0,0,0,53
625,1172,8,400,100,0,0,0,0,0,0,0,0,50
626,1040,8,416,100,0,0,0,0,0,0,0,0,52
627,1212,8,456,100,0,0,0,0,0,0,0,0,57
628,1172,8,416,100,0,0,0,0,0,0,0,0,52
629,1328,8,416,100,0,0,0,0,0,0,0,0,52
630,1392,8,424,100,0,0,0,0,0,0,0,0,53
631,1232,8,424,100,0,0,0,0,0,0,0,0,53
632,1260,8,408,100,0,0,0,0,0,0,0,0,51
633,1244,8,408,100,0,0,0,0,0,0,0,0,51
634,1040,8,440,100,0,0,0,0,0,0,0,0,55
635,1080,8,440,100,0,0,0,0,0,0,0,0,55
636,996,8,456,100,0,0,0,0,0,0,0,0,57
637,960,8,416,100,0,0,0,0,0,0,0,0,52
638,860,8,400,100,0,0,0,0,0,0,0,0,50
639,968,8,416,100,0,0,0,0,0,0,0,0,52
640,908,8,440,100,0,0,0,0,0,0,0,0,55
641,1076,8,448,100,0,0,0,0,0,0,0,0,56
642,968,8,440,100,0,0,0,0,0,0,0,0,55
643,992,8,400,100,0,0,0,0,0,0,0,0,50
644,916,8,448,100,0,0,0,0,0,0,0,0,56
645,836,8,400,100,0,0,0,0,0,0,0,0,50
646,844,8,424,100,0,0,0,0,0,0,0,0,53
647,972,8,424,100,0,0,0,0,0,0,0,0,53
648,1036,8,456,100,0,0,0,0,0,0,0,0,57
649,1044,8,440,100,0,0,0,0,0,0,0,0,55
650,1064,8,440,100,0,0,0,0,0,0,0,0,55
651,984,8,440,100,0,0,0,0,0,0,0,0,55
652,824,8,400,100,0,0,0,0,0,0,0,0,50
653,1008,8,400,100,0,0,0,0,0,0,0,0,50
654,920,8,400,100,0,0,0,0,0,0,0,0,50
655,1032,8,408,100,0,0,0,0,0,0,0,0,51
656,888,8,400,100,0,0,0,0,0,0,0,0,50
657,1116,8,448,100,0,0,0,0,0,0,0,0,56
658,1388,8,464,100,0,0,0,0,0,0,0,0,58
659,1280,8,448,100,0,0,0,0,0,0,0,0,56
660,1276,8,440,100,0,0,0,0,0,0,0,0,55
661,1132,8,424,100,0,0,0,0,0,0,0,0,53
662,964,8,448,100,0,0,0,0,0,0,0,0,56
663,1260,8,480,100,0,0,0,0,0,0,0,0,60
664,1384,8,432,100,0,0,0,0,0,0,0,0,54
665,1476,8,408,100,0,0,0,0,0,0,0,0,51
666,1504,8,360,100,0,0,0,0,0,0,0,0,45
667,1612,8,448,100,0,0,0,0,0,0,0,0,56
668,1696,8,408,100,0,0,0,0,0,0,0,0,51
669,1860,8,408,100,0,0,0,0,0,0,0,0,51
670,1380,8,416,100,0,0,0,0,0,0,0,0,52
671,1392,8,432,100,0,0,0,0,0,0,0,0,54
672,1256,8,424,100,0,0,0,0,0,0,0,0,53
673,1280,8,456,100,0,0,0,0,0,0,0,0,57
674,1352,8,456,100,0,0,0,0,0,0,0,0,57
675,1444,8,480,100,0,0,0,0,0,0,0,0,60
676,1540,8,480,100,0,0,0,0,0,0,0,0,60
677,1576,8,424,100,0,0,0,0,0,0,0,0,53
678,1180,8,432,100,0,0,0,0,0,0,0,0,54
679,1368,8,408,100,0,0,0,0,0,0,0,0,51
680,1632,8,400,100,0,0,0,0,0,0,0,0,50
681,1612,8,368,100,0,0,0,0,0,0,0,0,46
682,1732,8,416,100,0,0,0,0,0,0,0,0,52
683,1400,8,416,100,0,0,0,0,0,0,0,0,52
684,1616,8,448,100,0,0,0,0,0,0,0,0,56
685,1348,8,424,100,0,0,0,0,0,0,0,0,53
686,1196,8,448,100,0,0,0,0,0,0,0,0,56
687,1252,8,408,100,0,0,0,0,0,0,0,0,51
688,1188,8,400,100,0,0,0,0,0,0,0,0,50
689,1016,8,376,100,0,0,0,0,0,0,0,0,47
690,1052,8,376,100,0,0,0,0,0,0,0,0,47
691,1260,8,408,100,0,0,0,0,0,0,0,0,51
692,1372,8,432,100,0,0,0,0,0,0,0,0,54
693,1752,8,432,100,0,0,0,0,0,0,0,0,54
694,2212,8,416,100,0,0,0,0,0,0,0,0,52
695,1904,8,424,100,0,0,0,0,0,0,0,0,53
696,1700,8,432,100,0,0,0,0,0,0,0,0,54
697,1804,8,440,100,0,0,0,0,0,0,0,0,55
698,1748,8,448,100,0,0,0,0,0,0,0,0,56
699,1840,8,448,100,0,0,0,0,0,0,0,0,56
700,1824,8,464,100,0,0,0,0,0,0,0,0,58
701,1636,8,464,100,0,0,0,0,0,0,0,0,58
702,1816,8,456,100,0,0,0,0,0,0,0,0,57
703,1808,8,448,100,0,0,0,0,0,0,0,0,56
704,1868,8,392,100,0,0,0,0,0,0,0,0,49
705,1476,8,440,100,0,0,0,0,0,0,0,0,55
706,1372,8,456,100,0,0,0,0,0,0,0,0,57
707,1376,8,424,100,0,0,0,0,0,0,0,0,53
708,1504,8,440,100,0,0,0,0,0,0,0,0,55
709,1500,8,392,100,0,0,0,0,0,0,0,0,49
710,1576,8,440,100,0,0,0,0,0,0,0,0,55
711,1572,8,432,100,0,0,0,0,0,0,0,0,54
712,2132,8,432,100,0,0,0,0,0,0,0,0,54
713,1832,8,440,100,0,0,0,0,0,0,0,0,55
714,1672,8,432,100,0,0,0,0,0,0,0,0,54
715,1856,8,416,100,0,0,0,0,0,0,0,0,52
716,1656,8,376,100,0,0,0,0,0,0,0,0,47
717,1592,8,400,100,0,0,0,0,0,0,0,0,50
718,1576,8,408,100,0,0,0,0,0,0,0,0,51
719,1692,8,408,100,0,0,0,0,0,0,0,0,51
720,1944,8,416,100,0,0,0,0,0,0,0,0,52
721,2256,8,408,100,0,0,0,0,0,0,0,0,51
722,1676,8,368,100,0,0,0,0,0,0,0,0,46
723,1632,8,392,100,0,0,0,0,0,0,0,0,49
724,1704,8,416,100,0,0,0,0,0,0,0,0,52
725,1708,8,408,100,0,0,0,0,0,0,0,0,51
726,1880,8,440,100,0,0,0,0,0,0,0,0,55
727,1744,8,424,100,0,0,0,0,0,0,0,0,53
728,1468,8,448,100,0,0,0,0,0,0,0,0,56
729,1464,8,408,100,0,0,0,0,0,0,0,0,51
730,1296,8,400,100,0,0,0,0,0,0,0,0,50
731,1540,8,416,100,0,0,0,0,0,0,0,0,52
732,1824,8,432,100,0,0,0,0,0,0,0,0,54
733,2100,8,440,100,0,0,0,0,0,0,0,0,55
734,2252,8,456,100,0,0,0,0,0,0,0,0,57
735,1964,8,416,100,0,0,0,0,0,0,0,0,52
736,2348,8,408,100,0,0,0,0,0,0,0,0,51
737,2516,8,416,100,0,0,0,0,0,0,0,0,52
738,2740,8,408,100,0,0,0,0,0,0,0,0,51
739,2652,8,384,100,0,0,0,0,0,0,0,0,48
740,2976,8,376,100,0,0,0,0,0,0,0,0,47
741,2436,8,400,100,0,0,0,0,0,0,0,0,50
742,2268,8,448,100,0,0,0,0,0,0,0,0,56
743,2244,8,432,100,0,0,0,0,0,0,0,0,54
744,2336,8,448,100,0,0,0,0,0,0,0,0,56
745,2472,8,448,100,0,0,0,0,0,0,0,0,56
746,2640,8,408,100,0,0,0,0,0,0,0,0,51
747,2172,8,424,100,0,0,0,0,0,0,0,0,53
748,2184,8,432,100,0,0,0,0,0,0,0,0,54
749,2060,8,432,100,0,0,0,0,0,0,0,0,54
750,2360,8,416,100,0,0,0,0,0,0,0,0,52
751,1892,8,400,100,0,0,0,0,0,0,0,0,50
752,1748,8,384,100,0,0,0,0,0,0,0,0,48
753,2032,8,408,100,0,0,0,0,0,0,0,0,51
754,2408,8,384,100,0,0,0,0,0,0,0,0,48
755,2604,8,424,100,0,0,0,0,0,0,0,0,53
756,3004,8,424,100,0,0,0,0,0,0,0,0,53
757,2772,8,432,100,0,0,0,0,0,0,0,0,54
758,2832,8,424,100,0,0,0,0,0,0,0,0,53
759,3068,8,408,100,0,0,0,0,0,0,0,0,51
760,2448,8,408,100,0,0,0,0,0,0,0,0,51
761,2740,8,424,100,0,0,0,0,0,0,0,0,53
762,3028,8,392,100,0,0,0,0,0,0,0,0,49
763,3012,8,424,100,0,0,0,0,0,0,0,0,53
764,2848,8,392,100,0,0,0,0,0,0,0,0,49
765,3432,8,416,100,0,0,0,0,0,0,0,0,52
766,2512,8,440,100,0,0,0,0,0,0,0,0,55
767,1632,8,448,100,0,0,0,0,0,0,0,0,56
768,1656,8,416,100,0,0,0,0,0,0,0,0,52
769,1332,8,416,100,0,0,0,0,0,0,0,0,52
770,1452,8,392,100,0,0,0,0,0,0,0,0,49
771,1552,8,408,100,0,0,0,0,0,0,0,0,51
772,1648,8,416,100,0,0,0,0,0,0,0,0,52
773,1844,8,392,100,0,0,0,0,0,0,0,0,49
774,1744,8,360,100,0,0,0,0,0,0,0,0,45
775,2344,8,424,100,0,0,0,0,0,0,0,0,53
776,2380,8,376,100,0,0,0,0,0,0,0,0,47
777,2756,8,408,100,0,0,0,0,0,0,0,0,51
778,2760,8,392,100,0,0,0,0,0,0,0,0,49
779,2564,8,392,100,0,0,0,0,0,0,0,0,49
780,2268,8,392,100,0,0,0,0,0,0,0,0,49
781,1348,8,360,100,0,0,0,0,0,0,0,0,45
782,1292,8,400,100,0,0,0,0,0,0,0,0,50
783,1480,8,360,100,0,0,0,0,0,0,0,0,45
784,1560,8,376,100,0,0,0,0,0,0,0,0,47
785,2052,8,448,100,0,0,0,0,0,0,0,0,56
786,1936,8,384,100,0,0,0,0,0,0,0,0,48
787,1984,8,432,100,0,0,0,0,0,0,0,0,54
788,1144,8,408,100,0,0,0,0,0,0,0,0,51
789,1376,8,432,100,0,0,0,0,0,0,0,0,54
790,1560,8,440,100,0,0,0,0,0,0,0,0,55
791,1784,8,416,100,0,0,0,0,0,0,0,0,52
792,1816,8,384,100,0,0,0,0,0,0,0,0,48
793,1576,8,368,100,0,0,0,0,0,0,0,0,46
794,1580,8,408,100,0,0,0,0,0,0,0,0,51
795,1700,8,400,100,0,0,0,0,0,0,0,0,50
796,1796,8,384,100,0,0,0,0,0,0,0,0,48
797,1664,8,368,100,0,0,0,0,0,0,0,0,46
798,1436,8,376,100,0,0,0,0,0,0,0,0,47
799,1388,8,424,100,0,0,0,0,0,0,0,0,53
800,1420,8,408,100,0,0,0,0,0,0,0,0,51
801,1520,8,392,100,0,0,0,0,0,0,0,0,49
802,1804,8,400,100,0,0,0,0,0,0,0,0,50
803,1792,8,408,100,0,0,0,0,0,0,0,0,51
804,1744,8,440,100,0,0,0,0,0,0,0,0,55
805,1848,8,424,100,0,0,0,0,0,0,0,0,53
806,2360,8,432,100,0,0,0,0,0,0,0,0,54
807,2412,8,408,100,0,0,0,0,0,0,0,0,51
808,2680,8,400,100,0,0,0,0,0,0,0,0,50
809,2316,8,392,100,0,0,0,0,0,0,0,0,49
810,2672,8,400,100,0,0,0,0,0,0,0,0,50
811,2276,8,416,100,0,0,0,0,0,0,0,0,52
812,2064,8,432,100,0,0,0,0,0,0,0,0,54
813,2756,8,432,100,0,0,0,0,0,0,0,0,54
814,2660,8,408,100,0,0,0,0,0,0,0,0,51
815,1960,8,408,100,0,0,0,0,0,0,0,0,51
816,1732,8,400,100,0,0,0,0,0,0,0,0,50
817,2216,8,384,100,0,0,0,0,0,0,0,0,48
818,1752,8,400,100,0,0,0,0,0,0,0,0,50
819,2048,8,416,100,0,0,0,0,0,0,0,0,52
820,1940,8,416,100,0,0,0,0,0,0,0,0,52
821,2108,8,416,100,0,0,0,0,0,0,0,0,52
822,1344,8,408,100,0,0,0,0,0,0,0,0,51
823,1576,8,376,100,0,0,0,0,0,0,0,0,47
824,1736,8,400,100,0,0,0,0,0,0,0,0,50
825,1372,8,384,100,0,0,0,0,0,0,0,0,48
826,1524,8,376,100,0,0,0,0,0,0,0,0,47
827,1448,8,392,100,0,0,0,0,0,0,0,0,49
828,1364,8,400,100,0,0,0,0,0,0,0,0,50
829,1192,8,384,100,0,0,0,0,0,0,0,0,48
830,1228,8,384,100,0,0,0,0,0,0,0,0,48
831,1156,8,424,100,0,0,0,0,0,0,0,0,53
832,1292,8,392,100,0,0,0,0,0,0,0,0,49
833,1012,8,416,100,0,0,0,0,0,0,0,0,52
834,1040,8,456,100,0,0,0,0,0,0,0,0,57
835,868,8,424,100,0,0,0,0,0,0,0,0,53
836,844,8,456,100,0,0,0,0,0,0,0,0,57
837,1012,8,440,100,0,0,0,0,0,0,0,0,55
838,1040,8,440,100,0,0,0,0,0,0,0,0,55
839,1028,8,456,100,0,0,0,0,0,0,0,0,57
840,1216,8,464,100,0,0,0,0,0,0,0,0,58
841,1124,8,416,100,0,0,0,0,0,0,0,0,52
842,1184,8,440,100,0,0,0,0,0,0,0,0,55
843,1356,8,416,100,0,0,0,0,0,0,0,0,52
844,928,8,408,100,0,0,0,0,0,0,0,0,51
845,1084,8,408,100,0,0,0,0,0,0,0,0,51
846,1180,8,376,100,0,0,0,0,0,0,0,0,47
847,1384,8,416,100,0,0,0,0,0,0,0,0,52
848,1352,8,424,100,0,0,0,0,0,0,0,0,53
849,976,8,416,100,0,0,0,0,0,0,0,0,52
850,840,8,408,100,0,0,0,0,0,0,0,0,51
851,1024,8,416,100,0,0,0,0,0,0,0,0,52
852,1120,8,408,100,0,0,0,0,0,0,0,0,51
853,1168,8,416,100,0,0,0,0,0,0,0,0,52
854,1444,8,448,100,0,0,0,0,0,0,0,0,56
855,1584,8,448,100,0,0,0,0,0,0,0,0,56
856,1872,8,416,100,0,0,0,0,0,0,0,0,52
857,1636,8,392,100,0,0,0,0,0,0,0,0,49
858,2104,8,424,100,0,0,0,0,0,0,0,0,53
859,2316,8,424,100,0,0,0,0,0,0,0,0,53
860,2268,8,432,100,0,0,0,0,0,0,0,0,54
861,1672,8,408,100,0,0,0,0,0,0,0,0,51
862,1868,8,456,100,0,0,0,0,0,0,0,0,57
863,1436,8,408,100,0,0,0,0,0,0,0,0,51
864,1736,8,424,100,0,0,0,0,0,0,0,0,53
865,1796,8,416,100,0,0,0,0,0,0,0,0,52
866,1764,8,408,100,0,0,0,0,0,0,0,0,51
867,1452,8,416,100,0,0,0,0,0,0,0,0,52
868,1580,8,440,100,0,0,0,0,0,0,0,0,55
869,1236,8,448,100,0,0,0,0,0,0,0,0,56
870,1388,8,424,100,0,0,0,0,0,0,0,0,53
871,1252,8,416,100,0,0,0,0,0,0,0,0,52
872,1192,8,424,100,0,0,0,0,0,0,0,0,53
873,1276,8,480,100,0,0,0,0,0,0,0,0,60
874,1640,8,488,100,0,0,0,0,0,0,0,0,61
875,1620,8,432,100,0,0,0,0,0,0,0,0,54
876,1432,8,448,100,0,0,0,0,0,0,0,0,56
877,1140,8,440,100,0,0,0,0,0,0,0,0,55
878,1280,8,440,100,0,0,0,0,0,0,0,0,55
879,1272,8,424,100,0,0,0,0,0,0,0,0,53
880,1216,8,432,100,0,0,0,0,0,0,0,0,54
881,1420,8,480,100,0,0,0,0,0,0,0,0,60
882,1564,8,496,100,0,0,0,0,0,0,0,0,62
883,1632,8,448,100,0,0,0,0,0,0,0,0,56
884,1416,8,440,100,0,0,0,0,0,0,0,0,55
885,944,8,384,100,0,0,0,0,0,0,0,0,48
886,1352,8,440,100,0,0,0,0,0,0,0,0,55
887,1308,8,416,100,0,0,0,0,0,0,0,0,52
888,1484,8,392,100,0,0,0,0,0,0,0,0,49
889,1620,8,432,100,0,0,0,0,0,0,0,0,54
890,2044,8,456,100,0,0,0,0,0,0,0,0,57
891,2172,8,432,100,0,0,0,0,0,0,0,0,54
892,2204,8,424,100,0,0,0,0,0,0,0,0,53
893,1396,8,424,100,0,0,0,0,0,0,0,0,53
894,1392,8,408,100,0,0,0,0,0,0,0,0,51
895,1620,8,384,100,0,0,0,0,0,0,0,0,48
896,1632,8,360,100,0,0,0,0,0,0,0,0,45
897,1480,8,368,100,0,0,0,0,0,0,0,0,46
898,1612,8,408,100,0,0,0,0,0,0,0,0,51
899,1672,8,432,100,0,0,0,0,0,0,0,0,54
900,1772,8,424,100,0,0,0,0,0,0,0,0,53
901,1648,8,448,100,0,0,0,0,0,0,0,0,56
902,1568,8,400,100,0,0,0,0,0,0,0,0,50
903,1760,8,424,100,0,0,0,0,0,0,0,0,53
904,1736,8,432,100,0,0,0,0,0,0,0,0,54
905,1640,8,408,100,0,0,0,0,0,0,0,0,51
906,1656,8,400,100,0,0,0,0,0,0,0,0,50
907,1932,8,456,100,0,0,0,0,0,0,0,0,57
908,1904,8,408,100,0,0,0,0,0,0,0,0,51
909,1800,8,424,100,0,0,0,0,0,0,0,0,53
910,1940,8,448,100,0,0,0,0,0,0,0,0,56
911,1596,8,432,100,0,0,0,0,0,0,0,0,54
912,1896,8,432,100,0,0,0,0,0,0,0,0,54
913,1536,8,448,100,0,0,0,0,0,0,0,0,56
914,1768,8,408,100,0,0,0,0,0,0,0,0,51
915,1508,8,432,100,0,0,0,0,0,0,0,0,54
916,1540,8,432,100,0,0,0,0,0,0,0,0,54
917,1516,8,432,100,0,0,0,0,0,0,0,0,54
918,1668,8,472,100,0,0,0,0,0,0,0,0,59
919,1580,8,464,100,0,0,0,0,0,0,0,0,58
920,2104,8,480,100,0,0,0,0,0,0,0,0,60
921,1604,8,448,100,0,0,0,0,0,0,0,0,56
922,1944,8,416,100,0,0,0,0,0,0,0,0,52
923,2212,8,392,100,0,0,0,0,0,0,0,0,49
924,2568,8,400,100,0,0,0,0,0,0,0,0,50
925,2604,8,360,100,0,0,0,0,0,0,0,0,45
926,2860,8,368,100,0,0,0,0,0,0,0,0,46
927,2532,8,368,100,0,0,0,0,0,0,0,0,46
928,2740,8,352,100,0,0,0,0,0,0,0,0,44
929,2084,8,352,100,0,0,0,0,0,0,0,0,44
930,1916,8,392,100,0,0,0,0,0,0,0,0,49
931,1628,8,392,100,0,0,0,0,0,0,0,0,49
932,1772,8,392,100,0,0,0,0,0,0,0,0,49
933,2032,8,424,100,0,0,0,0,0,0,0,0,53
934,2136,8,424,100,0,0,0,0,0,0,0,0,53
935,2208,8,400,100,0,0,0,0,0,0,0,0,50
936,2400,8,432,100,0,0,0,0,0,0,0,0,54
937,2936,8,448,100,0,0,0,0,0,0,0,0,56
938,3304,8,416,100,0,0,0,0,0,0,0,0,52
939,2364,8,416,100,0,0,0,0,0,0,0,0,52
940,2236,8,424,100,0,0,0,0,0,0,0,0,53
941,2328,8,400,100,0,0,0,0,0,0,0,0,50
942,2388,8,432,100,0,0,0,0,0,0,0,0,54
943,2604,8,384,100,0,0,0,0,0,0,0,0,48
944,2808,8,416,100,0,0,0,0,0,0,0,0,52
945,3100,8,440,100,0,0,0,0,0,0,0,0,55
946,3012,8,376,100,0,0,0,0,0,0,0,0,47
947,3216,8,408,100,0,0,0,0,0,0,0,0,51
948,3104,8,400,100,0,0,0,0,0,0,0,0,50
949,2432,8,408,100,0,0,0,0,0,0,0,0,51
950,2524,8,440,100,0,0,0,0,0,0,0,0,55
951,2976,8,432,100,0,0,0,0,0,0,0,0,54
952,3000,8,424,100,0,0,0,0,0,0,0,0,53
953,2444,8,384,100,0,0,0,0,0,0,0,0,48
954,2280,8,360,100,0,0,0,0,0,0,0,0,45
955,2240,8,392,100,0,0,0,0,0,0,0,0,49
956,2816,8,440,100,0,0,0,0,0,0,0,0,55
957,2924,8,416,100,0,0,0,0,0,0,0,0,52
958,2060,8,368,100,0,0,0,0,0,0,0,0,46
959,1512,8,400,100,0,0,0,0,0,0,0,0,50
960,1904,8,424,100,0,0,0,0,0,0,0,0,53
961,1808,8,440,100,0,0,0,0,0,0,0,0,55
962,2084,8,400,100,0,0,0,0,0,0,0,0,50
963,2240,8,488,100,0,0,0,0,0,0,0,0,61
964,2740,8,464,100,0,0,0,0,0,0,0,0,58
965,2676,8,408,100,0,0,0,0,0,0,0,0,51
966,3004,8,424,100,0,0,0,0,0,0,0,0,53
967,2492,8,440,100,0,0,0,0,0,0,0,0,55
968,2108,8,416,100,0,0,0,0,0,0,0,0,52
969,2444,8,456,100,0,0,0,0,0,0,0,0,57
970,2400,8,408,100,0,0,0,0,0,0,0,0,51
971,2316,8,368,100,0,0,0,0,0,0,0,0,46
972,2692,8,448,100,0,0,0,0,0,0,0,0,56
973,2780,8,424,100,0,0,0,0,0,0,0,0,53
974,2520,8,424,100,0,0,0,0,0,0,0,0,53
975,1852,8,440,100,0,0,0,0,0,0,0,0,55
976,1448,8,416,100,0,0,0,0,0,0,0,0,52
977,1684,8,440,100,0,0,0,0,0,0,0,0,55
978,1584,8,416,100,0,0,0,0,0,0,0,0,52
979,1484,8,392,100,0,0,0,0,0,0,0,0,49
980,1520,8,408,100,0,0,0,0,0,0,0,0,51
981,1616,8,424,100,0,0,0,0,0,0,0,0,53
982,1484,8,424,100,0,0,0,0,0,0,0,0,53
983,1336,8,424,100,0,0,0,0,0,0,0,0,53
984,1284,8,440,100,0,0,0,0,0,0,0,0,55
985,1516,8,424,100,0,0,0,0,0,0,0,0,53
986,1516,8,400,100,0,0,0,0,0,0,0,0,50
987,1592,8,400,100,0,0,0,0,0,0,0,0,50
988,1680,8,408,100,0,0,0,0,0,0,0,0,51
989,1696,8,392,100,0,0,0,0,0,0,0,0,49
990,1828,8,424,100,0,0,0,0,0,0,0,0,53
991,1320,8,416,100,0,0,0,0,0,0,0,0,52
992,1624,8,440,100,0,0,0,0,0,0,0,0,55
993,1736,8,440,100,0,0,0,0,0,0,0,0,55
994,1852,8,400,100,0,0,0,0,0,0,0,0,50
995,1868,8,424,100,0,0,0,0,0,0,0,0,53
996,1784,8,408,100,0,0,0,0,0,0,0,0,51
997,1788,8,408,100,0,0,0,0,0,0,0,0,51
998,1616,8,400,100,0,0,0,0,0,0,0,0,50
999,1312,8,416,100,0,0,0,0,0,0,0,0,52
