update,points,mean_tasks,total_tasks,total_orgs,task_0,task_1,task_2,task_3,task_4,task_5,task_6,task_7,task_8
0,0,nan,0,9,0,0,0,0,0,0,0,0,0
1,0,nan,0,9,0,0,0,0,0,0,0,0,0
2,0,nan,0,9,0,0,0,0,0,0,0,0,0
3,0,nan,0,9,0,0,0,0,0,0,0,0,0
4,0,nan,0,9,0,0,0,0,0,0,0,0,0
5,0,nan,0,9,0,0,0,0,0,0,0,0,0
6,0,nan,0,9,0,0,0,0,0,0,0,0,0
7,0,nan,0,9,0,0,0,0,0,0,0,0,0
8,0,nan,0,9,0,0,0,0,0,0,0,0,0
9,0,nan,0,9,0,0,0,0,0,0,0,0,0
10,12,8,8,10,0,0,0,0,0,0,0,0,1
11,24,8,8,11,0,0,0,0,0,0,0,0,1
12,4,8,8,12,0,0,0,0,0,0,0,0,1
13,4,8,8,12,0,0,0,0,0,0,0,0,1
14,4,8,8,12,0,0,0,0,0,0,0,0,1
15,4,8,8,12,0,0,0,0,0,0,0,0,1
16,12,8,8,13,0,0,0,0,0,0,0,0,1
17,12,8,8,13,0,0,0,0,0,0,0,0,1
18,12,8,8,13,0,0,0,0,0,0,0,0,1
19,12,8,8,13,0,0,0,0,0,0,0,0,1
20,12,8,8,13,0,0,0,0,0,0,0,0,1
21,24,8,16,13,0,0,0,0,0,0,0,0,2
22,24,8,16,13,0,0,0,0,0,0,0,0,2
23,24,8,16,13,0,0,0,0,0,0,0,0,2
24,36,8,24,13,0,0,0,0,0,0,0,0,3
25,36,8,24,13,0,0,0,0,0,0,0,0,3
26,36,8,24,13,0,0,0,0,0,0,0,0,3
27,48,8,24,14,0,0,0,0,0,0,0,0,3
28,28,8,24,14,0,0,0,0,0,0,0,0,3
29,28,8,24,14,0,0,0,0,0,0,0,0,3
30,28,8,24,14,0,0,0,0,0,0,0,0,3
31,28,8,24,14,0,0,0,0,0,0,0,0,3
32,28,8,24,14,0,0,0,0,0,0,0,0,3
33,40,8,24,14,0,0,0,0,0,0,0,0,3
34,40,8,24,14,0,0,0,0,0,0,0,0,3
35,40,8,24,14,0,0,0,0,0,0,0,0,3
36,40,8,24,14,0,0,0,0,0,0,0,0,3
37,40,8,24,14,0,0,0,0,0,0,0,0,3
38,52,8,24,15,0,0,0,0,0,0,0,0,3
39,32,8,24,16,0,0,0,0,0,0,0,0,3
40,32,8,24,16,0,0,0,0,0,0,0,0,3
41,32,8,24,16,0,0,0,0,0,0,0,0,3
42,32,8,24,16,0,0,0,0,0,0,0,0,3
43,44,8,32,17,0,0,0,0,0,0,0,0,4
44,56,8,32,17,0,0,0,0,0,0,0,0,4
45,56,8,32,17,0,0,0,0,0,0,0,0,4
46,56,8,32,17,0,0,0,0,0,0,0,0,4
47,56,8,32,17,0,0,0,0,0,0,0,0,4
48,68,8,32,18,0,0,0,0,0,0,0,0,4
49,44,8,32,18,0,0,0,0,0,0,0,0,4
50,44,8,24,18,0,0,0,0,0,0,0,0,3
51,24,8,24,18,0,0,0,0,0,0,0,0,3
52,36,8,24,19,0,0,0,0,0,0,0,0,3
53,48,8,32,19,0,0,0,0,0,0,0,0,4
54,48,8,32,19,0,0,0,0,0,0,0,0,4
55,48,8,32,19,0,0,0,0,0,0,0,0,4
56,84,8,40,20,0,0,0,0,0,0,0,0,5
57,56,8,48,22,0,0,0,0,0,0,0,0,6
58,68,8,56,22,0,0,0,0,0,0,0,0,7
59,92,8,64,23,0,0,0,0,0,0,0,0,8
60,84,8,64,24,0,0,0,0,0,0,0,0,8
61,84,8,64,24,0,0,0,0,0,0,0,0,8
62,92,8,64,25,0,0,0,0,0,0,0,0,8
63,92,8,64,25,0,0,0,0,0,0,0,0,8
64,92,8,56,25,0,0,0,0,0,0,0,0,7
65,84,8,56,26,0,0,0,0,0,0,0,0,7
66,84,8,56,26,0,0,0,0,0,0,0,0,7
67,120,8,64,26,0,0,0,0,0,0,0,0,8
68,76,8,56,27,0,0,0,0,0,0,0,0,7
69,76,8,64,27,0,0,0,0,0,0,0,0,8
70,88,8,64,28,0,0,0,0,0,0,0,0,8
71,68,8,64,28,0,0,0,0,0,0,0,0,8
72,80,8,64,28,0,0,0,0,0,0,0,0,8
73,92,8,64,28,0,0,0,0,0,0,0,0,8
74,104,8,64,29,0,0,0,0,0,0,0,0,8
75,96,8,72,29,0,0,0,0,0,0,0,0,9
76,112,8,72,29,0,0,0,0,0,0,0,0,9
77,104,8,80,30,0,0,0,0,0,0,0,0,10
78,116,8,88,31,0,0,0,0,0,0,0,0,11
79,152,8,96,33,0,0,0,0,0,0,0,0,12
80,132,8,96,33,0,0,0,0,0,0,0,0,12
81,144,8,96,34,0,0,0,0,0,0,0,0,12
82,156,8,96,34,0,0,0,0,0,0,0,0,12
83,124,8,88,34,0,0,0,0,0,0,0,0,11
84,124,8,96,35,0,0,0,0,0,0,0,0,12
85,128,8,88,35,0,0,0,0,0,0,0,0,11
86,108,8,88,35,0,0,0,0,0,0,0,0,11
87,156,8,112,37,0,0,0,0,0,0,0,0,14
88,180,8,120,39,0,0,0,0,0,0,0,0,15
89,180,8,112,39,0,0,0,0,0,0,0,0,14
90,188,8,112,40,0,0,0,0,0,0,0,0,14
91,192,8,120,42,0,0,0,0,0,0,0,0,15
92,220,8,144,42,0,0,0,0,0,0,0,0,18
93,200,8,136,42,0,0,0,0,0,0,0,0,17
94,248,8,152,44,0,0,0,0,0,0,0,0,19
95,212,8,144,45,0,0,0,0,0,0,0,0,18
96,224,8,144,45,0,0,0,0,0,0,0,0,18
97,228,8,136,46,0,0,0,0,0,0,0,0,17
98,204,8,136,47,0,0,0,0,0,0,0,0,17
99,208,8,152,47,0,0,0,0,0,0,0,0,19
100,232,8,168,48,0,0,0,0,0,0,0,0,21
101,276,8,168,50,0,0,0,0,0,0,0,0,21
102,208,8,168,52,0,0,0,0,0,0,0,0,21
103,256,8,192,54,0,0,0,0,0,0,0,0,24
104,284,8,176,54,0,0,0,0,0,0,0,0,22
105,280,8,176,55,0,0,0,0,0,0,0,0,22
106,344,8,184,59,0,0,0,0,0,0,0,0,23
107,276,8,176,61,0,0,0,0,0,0,0,0,22
108,236,8,168,61,0,0,0,0,0,0,0,0,21
109,264,8,200,62,0,0,0,0,0,0,0,0,25
110,300,8,208,64,0,0,0,0,0,0,0,0,26
111,324,8,192,65,0,0,0,0,0,0,0,0,24
112,288,8,192,66,0,0,0,0,0,0,0,0,24
113,248,8,200,67,0,0,0,0,0,0,0,0,25
114,308,8,216,69,0,0,0,0,0,0,0,0,27
115,272,8,232,69,0,0,0,0,0,0,0,0,29
116,340,8,256,73,0,0,0,0,0,0,0,0,32
117,372,8,264,76,0,0,0,0,0,0,0,0,33
118,352,8,248,76,0,0,0,0,0,0,0,0,31
119,356,8,248,77,0,0,0,0,0,0,0,0,31
120,376,8,256,77,0,0,0,0,0,0,0,0,32
121,344,8,264,77,0,0,0,0,0,0,0,0,33
122,424,8,288,77,0,0,0,0,0,0,0,0,36
123,384,8,304,80,0,0,0,0,0,0,0,0,38
124,420,8,312,81,0,0,0,0,0,0,0,0,39
125,396,8,320,82,0,0,0,0,0,0,0,0,40
126,452,8,336,84,0,0,0,0,0,0,0,0,42
127,496,8,328,84,0,0,0,0,0,0,0,0,41
128,432,8,328,84,0,0,0,0,0,0,0,0,41
129,416,8,328,85,0,0,0,0,0,0,0,0,41
130,476,8,320,85,0,0,0,0,0,0,0,0,40
131,428,8,312,87,0,0,0,0,0,0,0,0,39
132,412,8,296,87,0,0,0,0,0,0,0,0,37
133,440,8,288,88,0,0,0,0,0,0,0,0,36
134,404,8,288,90,0,0,0,0,0,0,0,0,36
135,468,8,296,92,0,0,0,0,0,0,0,0,37
136,412,8,312,92,0,0,0,0,0,0,0,0,39
137,448,8,328,92,0,0,0,0,0,0,0,0,41
138,576,8,344,93,0,0,0,0,0,0,0,0,43
139,588,8,344,95,0,0,0,0,0,0,0,0,43
140,528,8,344,96,0,0,0,0,0,0,0,0,43
141,572,8,360,96,0,0,0,0,0,0,0,0,45
142,576,8,344,96,0,0,0,0,0,0,0,0,43
143,536,8,352,96,0,0,0,0,0,0,0,0,44
144,548,8,344,96,0,0,0,0,0,0,0,0,43
145,516,8,368,96,0,0,0,0,0,0,0,0,46
146,524,8,344,96,0,0,0,0,0,0,0,0,43
147,496,8,360,96,0,0,0,0,0,0,0,0,45
148,532,8,352,96,0,0,0,0,0,0,0,0,44
149,500,8,328,96,0,0,0,0,0,0,0,0,41
150,500,8,352,96,0,0,0,0,0,0,0,0,44
151,516,8,320,96,0,0,0,0,0,0,0,0,40
152,504,8,336,96,0,0,0,0,0,0,0,0,42
153,544,8,336,96,0,0,0,0,0,0,0,0,42
154,560,8,328,96,0,0,0,0,0,0,0,0,41
155,548,8,352,98,0,0,0,0,0,0,0,0,44
156,608,8,392,99,0,0,0,0,0,0,0,0,49
157,576,8,392,99,0,0,0,0,0,0,0,0,49
158,564,8,400,99,0,0,0,0,0,0,0,0,50
159,576,8,400,99,0,0,0,0,0,0,0,0,50
160,572,8,400,99,0,0,0,0,0,0,0,0,50
161,564,8,368,99,0,0,0,0,0,0,0,0,46
162,484,8,368,99,0,0,0,0,0,0,0,0,46
163,508,8,376,99,0,0,0,0,0,0,0,0,47
164,564,8,392,99,0,0,0,0,0,0,0,0,49
165,716,8,408,99,0,0,0,0,0,0,0,0,51
166,600,8,392,99,0,0,0,0,0,0,0,0,49
167,552,8,376,99,0,0,0,0,0,0,0,0,47
168,552,8,400,99,0,0,0,0,0,0,0,0,50
169,628,8,408,99,0,0,0,0,0,0,0,0,51
170,604,8,408,100,0,0,0,0,0,0,0,0,51
171,648,8,384,100,0,0,0,0,0,0,0,0,48
172,528,8,376,100,0,0,0,0,0,0,0,0,47
173,532,8,384,100,0,0,0,0,0,0,0,0,48
174,696,8,392,100,0,0,0,0,0,0,0,0,49
175,608,8,408,100,0,0,0,0,0,0,0,0,51
176,592,8,384,100,0,0,0,0,0,0,0,0,48
177,608,8,360,100,0,0,0,0,0,0,0,0,45
178,632,8,360,100,0,0,0,0,0,0,0,0,45
179,736,8,376,100,0,0,0,0,0,0,0,0,47
180,836,8,408,100,0,0,0,0,0,0,0,0,51
181,812,8,408,100,0,0,0,0,0,0,0,0,51
182,872,8,408,100,0,0,0,0,0,0,0,0,51
183,672,8,376,100,0,0,0,0,0,0,0,0,47
184,652,8,400,100,0,0,0,0,0,0,0,0,50
185,656,8,424,100,0,0,0,0,0,0,0,0,53
186,704,8,432,100,0,0,0,0,0,0,0,0,54
187,624,8,416,100,0,0,0,0,0,0,0,0,52
188,768,8,456,100,0,0,0,0,0,0,0,0,57
189,700,8,424,100,0,0,0,0,0,0,0,0,53
190,612,8,416,100,0,0,0,0,0,0,0,0,52
191,636,8,448,100,0,0,0,0,0,0,0,0,56
192,652,8,424,100,0,0,0,0,0,0,0,0,53
193,636,8,416,100,0,0,0,0,0,0,0,0,52
194,604,8,440,100,0,0,0,0,0,0,0,0,55
195,632,8,416,100,0,0,0,0,0,0,0,0,52
196,568,8,408,100,0,0,0,0,0,0,0,0,51
197,604,8,416,100,0,0,0,0,0,0,0,0,52
198,656,8,408,100,0,0,0,0,0,0,0,0,51
199,640,8,384,100,0,0,0,0,0,0,0,0,48
200,648,8,400,100,0,0,0,0,0,0,0,0,50
201,616,8,384,100,0,0,0,0,0,0,0,0,48
202,596,8,368,100,0,0,0,0,0,0,0,0,46
203,628,8,352,100,0,0,0,0,0,0,0,0,44
204,592,8,360,100,0,0,0,0,0,0,0,0,45
205,688,8,408,100,0,0,0,0,0,0,0,0,51
206,704,8,384,100,0,0,0,0,0,0,0,0,48
207,596,8,368,100,0,0,0,0,0,0,0,0,46
208,612,8,368,100,0,0,0,0,0,0,0,0,46
209,556,8,360,100,0,0,0,0,0,0,0,0,45
210,616,8,368,100,0,0,0,0,0,0,0,0,46
211,552,8,360,100,0,0,0,0,0,0,0,0,45
212,636,8,400,100,0,0,0,0,0,0,0,0,50
213,600,8,376,100,0,0,0,0,0,0,0,0,47
214,568,8,392,100,0,0,0,0,0,0,0,0,49
215,636,8,408,100,0,0,0,0,0,0,0,0,51
216,616,8,400,100,0,0,0,0,0,0,0,0,50
217,668,8,424,100,0,0,0,0,0,0,0,0,53
218,648,8,424,100,0,0,0,0,0,0,0,0,53
219,676,8,408,100,0,0,0,0,0,0,0,0,51
220,592,8,400,100,0,0,0,0,0,0,0,0,50
221,568,8,392,100,0,0,0,0,0,0,0,0,49
222,644,8,392,100,0,0,0,0,0,0,0,0,49
223,668,8,392,100,0,0,0,0,0,0,0,0,49
224,516,8,384,100,0,0,0,0,0,0,0,0,48
225,564,8,376,100,0,0,0,0,0,0,0,0,47
226,612,8,368,100,0,0,0,0,0,0,0,0,46
227,640,8,384,100,0,0,0,0,0,0,0,0,48
228,648,8,408,100,0,0,0,0,0,0,0,0,51
229,660,8,400,100,0,0,0,0,0,0,0,0,50
230,648,8,384,100,0,0,0,0,0,0,0,0,48
231,672,8,400,100,0,0,0,0,0,0,0,0,50
232,664,8,384,100,0,0,0,0,0,0,0,0,48
233,592,8,376,100,0,0,0,0,0,0,0,0,47
234,656,8,344,100,0,0,0,0,0,0,0,0,43
235,672,8,368,100,0,0,0,0,0,0,0,0,46
236,620,8,368,100,0,0,0,0,0,0,0,0,46
237,636,8,376,100,0,0,0,0,0,0,0,0,47
238,644,8,400,100,0,0,0,0,0,0,0,0,50
239,656,8,392,100,0,0,0,0,0,0,0,0,49
240,660,8,368,100,0,0,0,0,0,0,0,0,46
241,560,8,336,100,0,0,0,0,0,0,0,0,42
242,500,8,368,100,0,0,0,0,0,0,0,0,46
243,564,8,368,100,0,0,0,0,0,0,0,0,46
244,552,8,368,100,0,0,0,0,0,0,0,0,46
245,568,8,360,100,0,0,0,0,0,0,0,0,45
246,628,8,392,100,0,0,0,0,0,0,0,0,49
247,688,8,424,100,0,0,0,0,0,0,0,0,53
248,668,8,408,100,0,0,0,0,0,0,0,0,51
249,628,8,376,100,0,0,0,0,0,0,0,0,47
250,548,8,336,100,0,0,0,0,0,0,0,0,42
251,576,8,368,100,0,0,0,0,0,0,0,0,46
252,636,8,392,100,0,0,0,0,0,0,0,0,49
253,588,8,376,100,0,0,0,0,0,0,0,0,47
254,620,8,400,100,0,0,0,0,0,0,0,0,50
255,580,8,400,100,0,0,0,0,0,0,0,0,50
256,568,8,392,100,0,0,0,0,0,0,0,0,49
257,644,8,392,100,0,0,0,0,0,0,0,0,49
258,608,8,360,100,0,0,0,0,0,0,0,0,45
259,676,8,392,100,0,0,0,0,0,0,0,0,49
260,724,8,408,100,0,0,0,0,0,0,0,0,51
261,620,8,408,100,0,0,0,0,0,0,0,0,51
262,656,8,384,100,0,0,0,0,0,0,0,0,48
263,644,8,392,100,0,0,0,0,0,0,0,0,49
264,640,8,376,100,0,0,0,0,0,0,0,0,47
265,708,8,392,100,0,0,0,0,0,0,0,0,49
266,736,8,424,100,0,0,0,0,0,0,0,0,53
267,728,8,408,100,0,0,0,0,0,0,0,0,51
268,636,8,376,100,0,0,0,0,0,0,0,0,47
269,648,8,384,100,0,0,0,0,0,0,0,0,48
270,712,8,416,100,0,0,0,0,0,0,0,0,52
271,824,8,424,100,0,0,0,0,0,0,0,0,53
272,688,8,392,100,0,0,0,0,0,0,0,0,49
273,684,8,400,100,0,0,0,0,0,0,0,0,50
274,672,8,432,100,0,0,0,0,0,0,0,0,54
275,680,8,408,100,0,0,0,0,0,0,0,0,51
276,696,8,432,100,0,0,0,0,0,0,0,0,54
277,680,8,408,100,0,0,0,0,0,0,0,0,51
278,660,8,408,100,0,0,0,0,0,0,0,0,51
279,612,8,376,100,0,0,0,0,0,0,0,0,47
280,580,8,368,100,0,0,0,0,0,0,0,0,46
281,716,8,400,100,0,0,0,0,0,0,0,0,50
282,712,8,384,100,0,0,0,0,0,0,0,0,48
283,644,8,400,100,0,0,0,0,0,0,0,0,50
284,692,8,392,100,0,0,0,0,0,0,0,0,49
285,736,8,384,100,0,0,0,0,0,0,0,0,48
286,788,8,424,100,0,0,0,0,0,0,0,0,53
287,696,8,408,100,0,0,0,0,0,0,0,0,51
288,660,8,360,100,0,0,0,0,0,0,0,0,45
289,692,8,400,100,0,0,0,0,0,0,0,0,50
290,656,8,400,100,0,0,0,0,0,0,0,0,50
291,668,8,400,100,0,0,0,0,0,0,0,0,50
292,712,8,400,100,0,0,0,0,0,0,0,0,50
293,644,8,376,100,0,0,0,0,0,0,0,0,47
294,568,8,336,100,0,0,0,0,0,0,0,0,42
295,516,8,328,100,0,0,0,0,0,0,0,0,41
296,640,8,384,100,0,0,0,0,0,0,0,0,48
297,584,8,360,100,0,0,0,0,0,0,0,0,45
298,608,8,360,100,0,0,0,0,0,0,0,0,45
299,616,8,376,100,0,0,0,0,0,0,0,0,47
300,648,8,368,100,0,0,0,0,0,0,0,0,46
301,608,8,344,100,0,0,0,0,0,0,0,0,43
302,632,8,360,100,0,0,0,0,0,0,0,0,45
303,616,8,320,100,0,0,0,0,0,0,0,0,40
304,596,8,344,100,0,0,0,0,0,0,0,0,43
305,600,8,352,100,0,0,0,0,0,0,0,0,44
306,684,8,344,100,0,0,0,0,0,0,0,0,43
307,692,8,352,100,0,0,0,0,0,0,0,0,44
308,700,8,344,100,0,0,0,0,0,0,0,0,43
309,608,8,320,100,0,0,0,0,0,0,0,0,40
310,736,8,328,100,0,0,0,0,0,0,0,0,41
311,696,8,288,100,0,0,0,0,0,0,0,0,36
312,724,8,304,100,0,0,0,0,0,0,0,0,38
313,724,8,312,100,0,0,0,0,0,0,0,0,39
314,816,8,352,100,0,0,0,0,0,0,0,0,44
315,816,8,344,100,0,0,0,0,0,0,0,0,43
316,908,8,328,100,0,0,0,0,0,0,0,0,41
317,840,8,328,100,0,0,0,0,0,0,0,0,41
318,828,8,320,100,0,0,0,0,0,0,0,0,40
319,816,8,344,100,0,0,0,0,0,0,0,0,43
320,892,8,344,100,0,0,0,0,0,0,0,0,43
321,932,8,352,100,0,0,0,0,0,0,0,0,44
322,948,8,352,100,0,0,0,0,0,0,0,0,44
323,1012,8,344,100,0,0,0,0,0,0,0,0,43
324,1020,8,344,100,0,0,0,0,0,0,0,0,43
325,688,8,360,100,0,0,0,0,0,0,0,0,45
326,760,8,344,100,0,0,0,0,0,0,0,0,43
327,552,8,312,100,0,0,0,0,0,0,0,0,39
328,644,8,320,100,0,0,0,0,0,0,0,0,40
329,656,8,320,100,0,0,0,0,0,0,0,0,40
330,588,8,320,100,0,0,0,0,0,0,0,0,40
331,524,8,320,100,0,0,0,0,0,0,0,0,40
332,632,8,320,100,0,0,0,0,0,0,0,0,40
333,636,8,344,100,0,0,0,0,0,0,0,0,43
334,560,8,312,100,0,0,0,0,0,0,0,0,39
335,592,8,328,100,0,0,0,0,0,0,0,0,41
336,572,8,328,100,0,0,0,0,0,0,0,0,41
337,640,8,320,100,0,0,0,0,0,0,0,0,40
338,700,8,328,100,0,0,0,0,0,0,0,0,41
339,572,8,336,100,0,0,0,0,0,0,0,0,42
340,600,8,304,100,0,0,0,0,0,0,0,0,38
341,624,8,336,100,0,0,0,0,0,0,0,0,42
342,720,8,320,100,0,0,0,0,0,0,0,0,40
343,696,8,336,100,0,0,0,0,0,0,0,0,42
344,656,8,296,100,0,0,0,0,0,0,0,0,37
345,520,8,312,100,0,0,0,0,0,0,0,0,39
346,608,8,304,100,0,0,0,0,0,0,0,0,38
347,696,8,336,100,0,0,0,0,0,0,0,0,42
348,732,8,336,100,0,0,0,0,0,0,0,0,42
349,808,8,336,100,0,0,0,0,0,0,0,0,42
350,840,8,352,100,0,0,0,0,0,0,0,0,44
351,684,8,320,100,0,0,0,0,0,0,0,0,40
352,680,8,336,100,0,0,0,0,0,0,0,0,42
353,908,8,336,100,0,0,0,0,0,0,0,0,42
354,680,8,304,100,0,0,0,0,0,0,0,0,38
355,852,8,312,100,0,0,0,0,0,0,0,0,39
356,788,8,296,100,0,0,0,0,0,0,0,0,37
357,848,8,296,100,0,0,0,0,0,0,0,0,37
358,828,8,304,100,0,0,0,0,0,0,0,0,38
359,868,8,288,100,0,0,0,0,0,0,0,0,36
360,900,8,296,100,0,0,0,0,0,0,0,0,37
361,1080,8,312,100,0,0,0,0,0,0,0,0,39
362,716,8,320,100,0,0,0,0,0,0,0,0,40
363,692,8,336,100,0,0,0,0,0,0,0,0,42
364,744,8,336,100,0,0,0,0,0,0,0,0,42
365,668,8,352,100,0,0,0,0,0,0,0,0,44
366,764,8,352,100,0,0,0,0,0,0,0,0,44
367,784,8,344,100,0,0,0,0,0,0,0,0,43
368,600,8,312,100,0,0,0,0,0,0,0,0,39
369,680,8,320,100,0,0,0,0,0,0,0,0,40
370,604,8,320,100,0,0,0,0,0,0,0,0,40
371,624,8,320,100,0,0,0,0,0,0,0,0,40
372,740,8,344,100,0,0,0,0,0,0,0,0,43
373,828,8,328,100,0,0,0,0,0,0,0,0,41
374,732,8,296,100,0,0,0,0,0,0,0,0,37
375,864,8,328,100,0,0,0,0,0,0,0,0,41
376,956,8,344,100,0,0,0,0,0,0,0,0,43
377,976,8,320,100,0,0,0,0,0,0,0,0,40
378,904,8,288,100,0,0,0,0,0,0,0,0,36
379,976,8,320,100,0,0,0,0,0,0,0,0,40
380,1068,8,328,100,0,0,0,0,0,0,0,0,41
381,476,8,304,100,0,0,0,0,0,0,0,0,38
382,616,8,320,100,0,0,0,0,0,0,0,0,40
383,648,8,352,100,0,0,0,0,0,0,0,0,44
384,720,8,336,100,0,0,0,0,0,0,0,0,42
385,596,8,320,100,0,0,0,0,0,0,0,0,40
386,532,8,328,100,0,0,0,0,0,0,0,0,41
387,556,8,328,100,0,0,0,0,0,0,0,0,41
388,680,8,288,100,0,0,0,0,0,0,0,0,36
389,608,8,280,100,0,0,0,0,0,0,0,0,35
390,688,8,280,100,0,0,0,0,0,0,0,0,35
391,804,8,312,100,0,0,0,0,0,0,0,0,39
392,956,8,320,100,0,0,0,0,0,0,0,0,40
393,900,8,312,100,0,0,0,0,0,0,0,0,39
394,896,8,312,100,0,0,0,0,0,0,0,0,39
395,848,8,296,100,0,0,0,0,0,0,0,0,37
396,992,8,336,100,0,0,0,0,0,0,0,0,42
397,1056,8,360,100,0,0,0,0,0,0,0,0,45
398,1112,8,344,100,0,0,0,0,0,0,0,0,43
399,1336,8,352,100,0,0,0,0,0,0,0,0,44
400,1436,8,336,100,0,0,0,0,0,0,0,0,42
401,1036,8,336,100,0,0,0,0,0,0,0,0,42
402,1212,8,368,100,0,0,0,0,0,0,0,0,46
403,1336,8,384,100,0,0,0,0,0,0,0,0,48
404,1372,8,376,100,0,0,0,0,0,0,0,0,47
405,668,8,360,100,0,0,0,0,0,0,0,0,45
406,652,8,360,100,0,0,0,0,0,0,0,0,45
407,780,8,376,100,0,0,0,0,0,0,0,0,47
408,956,8,384,100,0,0,0,0,0,0,0,0,48
409,812,8,368,100,0,0,0,0,0,0,0,0,46
410,884,8,400,100,0,0,0,0,0,0,0,0,50
411,936,8,424,100,0,0,0,0,0,0,0,0,53
412,972,8,400,100,0,0,0,0,0,0,0,0,50
413,868,8,384,100,0,0,0,0,0,0,0,0,48
414,900,8,400,100,0,0,0,0,0,0,0,0,50
415,896,8,392,100,0,0,0,0,0,0,0,0,49
416,872,8,408,100,0,0,0,0,0,0,0,0,51
417,964,8,424,100,0,0,0,0,0,0,0,0,53
418,968,8,440,100,0,0,0,0,0,0,0,0,55
419,1012,8,408,100,0,0,0,0,0,0,0,0,51
420,888,8,400,100,0,0,0,0,0,0,0,0,50
421,1040,8,384,100,0,0,0,0,0,0,0,0,48
422,1100,8,392,100,0,0,0,0,0,0,0,0,49
423,1092,8,416,100,0,0,0,0,0,0,0,0,52
424,1280,8,432,100,0,0,0,0,0,0,0,0,54
425,916,8,360,100,0,0,0,0,0,0,0,0,45
426,852,8,360,100,0,0,0,0,0,0,0,0,45
427,1052,8,376,100,0,0,0,0,0,0,0,0,47
428,1080,8,408,100,0,0,0,0,0,0,0,0,51
429,1128,8,416,100,0,0,0,0,0,0,0,0,52
430,1008,8,400,100,0,0,0,0,0,0,0,0,50
431,1244,8,424,100,0,0,0,0,0,0,0,0,53
432,1264,8,392,100,0,0,0,0,0,0,0,0,49
433,1280,8,392,100,0,0,0,0,0,0,0,0,49
434,1092,8,400,100,0,0,0,0,0,0,0,0,50
435,1004,8,392,100,0,0,0,0,0,0,0,0,49
436,1116,8,408,100,0,0,0,0,0,0,0,0,51
437,1180,8,408,100,0,0,0,0,0,0,0,0,51
438,1336,8,424,100,0,0,0,0,0,0,0,0,53
439,1356,8,440,100,0,0,0,0,0,0,0,0,55
440,1320,8,448,100,0,0,0,0,0,0,0,0,56
441,1596,8,464,100,0,0,0,0,0,0,0,0,58
442,1920,8,432,100,0,0,0,0,0,0,0,0,54
443,1840,8,448,100,0,0,0,0,0,0,0,0,56
444,1632,8,448,100,0,0,0,0,0,0,0,0,56
445,1312,8,416,100,0,0,0,0,0,0,0,0,52
446,1168,8,384,100,0,0,0,0,0,0,0,0,48
447,788,8,392,100,0,0,0,0,0,0,0,0,49
448,916,8,400,100,0,0,0,0,0,0,0,0,50
449,1120,8,392,100,0,0,0,0,0,0,0,0,49
450,1120,8,400,100,0,0,0,0,0,0,0,0,50
451,1308,8,424,100,0,0,0,0,0,0,0,0,53
452,1260,8,392,100,0,0,0,0,0,0,0,0,49
453,1296,8,400,100,0,0,0,0,0,0,0,0,50
454,1404,8,408,100,0,0,0,0,0,0,0,0,51
455,1676,8,416,100,0,0,0,0,0,0,0,0,52
456,1484,8,448,100,0,0,0,0,0,0,0,0,56
457,1052,8,416,100,0,0,0,0,0,0,0,0,52
458,948,8,416,100,0,0,0,0,0,0,0,0,52
459,1208,8,416,100,0,0,0,0,0,0,0,0,52
460,1376,8,384,100,0,0,0,0,0,0,0,0,48
461,1280,8,392,100,0,0,0,0,0,0,0,0,49
462,1696,8,392,100,0,0,0,0,0,0,0,0,49
463,1728,8,352,100,0,0,0,0,0,0,0,0,44
464,2008,8,352,100,0,0,0,0,0,0,0,0,44
465,2248,8,368,100,0,0,0,0,0,0,0,0,46
466,2580,8,416,100,0,0,0,0,0,0,0,0,52
467,2536,8,400,100,0,0,0,0,0,0,0,0,50
468,2500,8,368,100,0,0,0,0,0,0,0,0,46
469,2388,8,368,100,0,0,0,0,0,0,0,0,46
470,2880,8,384,100,0,0,0,0,0,0,0,0,48
471,3196,8,392,100,0,0,0,0,0,0,0,0,49
472,2864,8,360,100,0,0,0,0,0,0,0,0,45
473,2840,8,352,100,0,0,0,0,0,0,0,0,44
474,2492,8,360,100,0,0,0,0,0,0,0,0,45
475,2916,8,376,100,0,0,0,0,0,0,0,0,47
476,3068,8,408,100,0,0,0,0,0,0,0,0,51
477,3028,8,416,100,0,0,0,0,0,0,0,0,52
478,1968,8,400,100,0,0,0,0,0,0,0,0,50
479,1968,8,392,100,0,0,0,0,0,0,0,0,49
480,2572,8,376,100,0,0,0,0,0,0,0,0,47
481,3000,8,392,100,0,0,0,0,0,0,0,0,49
482,3024,8,384,100,0,0,0,0,0,0,0,0,48
483,3848,8,416,100,0,0,0,0,0,0,0,0,52
484,3612,8,360,100,0,0,0,0,0,0,0,0,45
485,3380,8,352,100,0,0,0,0,0,0,0,0,44
486,3120,8,392,100,0,0,0,0,0,0,0,0,49
487,2740,8,392,100,0,0,0,0,0,0,0,0,49
488,2876,8,352,100,0,0,0,0,0,0,0,0,44
489,3408,8,368,100,0,0,0,0,0,0,0,0,46
490,2892,8,360,100,0,0,0,0,0,0,0,0,45
491,3672,8,400,100,0,0,0,0,0,0,0,0,50
492,3224,8,408,100,0,0,0,0,0,0,0,0,51
493,2688,8,368,100,0,0,0,0,0,0,0,0,46
494,2988,8,360,100,0,0,0,0,0,0,0,0,45
495,2976,8,352,100,0,0,0,0,0,0,0,0,44
496,2264,8,376,100,0,0,0,0,0,0,0,0,47
497,2380,8,360,100,0,0,0,0,0,0,0,0,45
498,3132,8,368,100,0,0,0,0,0,0,0,0,46
499,3356,8,392,100,0,0,0,0,0,0,0,0,49
500,2884,8,392,100,0,0,0,0,0,0,0,0,49
501,2680,8,400,100,0,0,0,0,0,0,0,0,50
502,2412,8,384,100,0,0,0,0,0,0,0,0,48
503,2944,8,368,100,0,0,0,0,0,0,0,0,46
504,3676,8,392,100,0,0,0,0,0,0,0,0,49
505,2816,8,384,100,0,0,0,0,0,0,0,0,48
506,2416,8,384,100,0,0,0,0,0,0,0,0,48
507,2076,8,368,100,0,0,0,0,0,0,0,0,46
508,2104,8,400,100,0,0,0,0,0,0,0,0,50
509,1588,8,376,100,0,0,0,0,0,0,0,0,47
510,1736,8,376,100,0,0,0,0,0,0,0,0,47
511,1608,8,392,100,0,0,0,0,0,0,0,0,49
512,1864,8,384,100,0,0,0,0,0,0,0,0,48
513,1784,8,424,100,0,0,0,0,0,0,0,0,53
514,2224,8,416,100,0,0,0,0,0,0,0,0,52
515,1928,8,408,100,0,0,0,0,0,0,0,0,51
516,2056,8,392,100,0,0,0,0,0,0,0,0,49
517,2200,8,424,100,0,0,0,0,0,0,0,0,53
518,1676,8,408,100,0,0,0,0,0,0,0,0,51
519,1864,8,408,100,0,0,0,0,0,0,0,0,51
520,1896,8,416,100,0,0,0,0,0,0,0,0,52
521,1380,8,440,100,0,0,0,0,0,0,0,0,55
522,1212,8,440,100,0,0,0,0,0,0,0,0,55
523,1112,8,440,100,0,0,0,0,0,0,0,0,55
524,1140,8,448,100,0,0,0,0,0,0,0,0,56
525,1204,8,472,100,0,0,0,0,0,0,0,0,59
526,1256,8,448,100,0,0,0,0,0,0,0,0,56
527,1256,8,448,100,0,0,0,0,0,0,0,0,56
528,1364,8,440,100,0,0,0,0,0,0,0,0,55
529,1352,8,440,100,0,0,0,0,0,0,0,0,55
530,1120,8,408,100,0,0,0,0,0,0,0,0,51
531,1284,8,376,100,0,0,0,0,0,0,0,0,47
532,1000,8,376,100,0,0,0,0,0,0,0,0,47
533,1104,8,384,100,0,0,0,0,0,0,0,0,48
534,924,8,416,100,0,0,0,0,0,0,0,0,52
535,1068,8,440,100,0,0,0,0,0,0,0,0,55
536,1248,8,448,100,0,0,0,0,0,0,0,0,56
537,1416,8,416,100,0,0,0,0,0,0,0,0,52
538,1260,8,408,100,0,0,0,0,0,0,0,0,51
539,1336,8,384,100,0,0,0,0,0,0,0,0,48
540,1136,8,432,100,0,0,0,0,0,0,0,0,54
541,1080,8,424,100,0,0,0,0,0,0,0,0,53
542,1188,8,424,100,0,0,0,0,0,0,0,0,53
543,1288,8,448,100,0,0,0,0,0,0,0,0,56
544,1116,8,448,100,0,0,0,0,0,0,0,0,56
545,924,8,448,100,0,0,0,0,0,0,0,0,56
546,1040,8,456,100,0,0,0,0,0,0,0,0,57
547,1224,8,464,100,0,0,0,0,0,0,0,0,58
548,1116,8,456,100,0,0,0,0,0,0,0,0,57
549,1212,8,448,100,0,0,0,0,0,0,0,0,56
550,1280,8,464,100,0,0,0,0,0,0,0,0,58
551,1380,8,448,100,0,0,0,0,0,0,0,0,56
552,1292,8,464,100,0,0,0,0,0,0,0,0,58
553,1192,8,432,100,0,0,0,0,0,0,0,0,54
554,1132,8,448,100,0,0,0,0,0,0,0,0,56
555,1180,8,448,100,0,0,0,0,0,0,0,0,56
556,1168,8,448,100,0,0,0,0,0,0,0,0,56
557,1400,8,464,100,0,0,0,0,0,0,0,0,58
558,1436,8,456,100,0,0,0,0,0,0,0,0,57
559,1276,8,448,100,0,0,0,0,0,0,0,0,56
560,1080,8,440,100,0,0,0,0,0,0,0,0,55
561,1240,8,464,100,0,0,0,0,0,0,0,0,58
562,1272,8,456,100,0,0,0,0,0,0,0,0,57
563,1448,8,456,100,0,0,0,0,0,0,0,0,57
564,1636,8,424,100,0,0,0,0,0,0,0,0,53
565,1792,8,432,100,0,0,0,0,0,0,0,0,54
566,1800,8,416,100,0,0,0,0,0,0,0,0,52
567,2040,8,432,100,0,0,0,0,0,0,0,0,54
568,1580,8,416,100,0,0,0,0,0,0,0,0,52
569,1480,8,440,100,0,0,0,0,0,0,0,0,55
570,1324,8,432,100,0,0,0,0,0,0,0,0,54
571,1348,8,448,100,0,0,0,0,0,0,0,0,56
572,1468,8,432,100,0,0,0,0,0,0,0,0,54
573,1364,8,480,100,0,0,0,0,0,0,0,0,60
574,1704,8,488,100,0,0,0,0,0,0,0,0,61
575,2020,8,512,100,0,0,0,0,0,0,0,0,64
576,2316,8,480,100,0,0,0,0,0,0,0,0,60
577,2632,8,464,100,0,0,0,0,0,0,0,0,58
578,3020,8,456,100,0,0,0,0,0,0,0,0,57
579,2604,8,456,100,0,0,0,0,0,0,0,0,57
580,2604,8,504,100,0,0,0,0,0,0,0,0,63
581,1864,8,440,100,0,0,0,0,0,0,0,0,55
582,1472,8,424,100,0,0,0,0,0,0,0,0,53
583,1644,8,480,100,0,0,0,0,0,0,0,0,60
584,1340,8,488,100,0,0,0,0,0,0,0,0,61
585,1232,8,488,100,0,0,0,0,0,0,0,0,61
586,1380,8,480,100,0,0,0,0,0,0,0,0,60
587,1596,8,456,100,0,0,0,0,0,0,0,0,57
588,1608,8,464,100,0,0,0,0,0,0,0,0,58
589,1852,8,448,100,0,0,0,0,0,0,0,0,56
590,1740,8,456,100,0,0,0,0,0,0,0,0,57
591,1776,8,472,100,0,0,0,0,0,0,0,0,59
592,1848,8,488,100,0,0,0,0,0,0,0,0,61
593,1368,8,472,100,0,0,0,0,0,0,0,0,59
594,1872,8,480,100,0,0,0,0,0,0,0,0,60
595,2132,8,496,100,0,0,0,0,0,0,0,0,62
596,2228,8,464,100,0,0,0,0,0,0,0,0,58
597,2272,8,456,100,0,0,0,0,0,0,0,0,57
598,2140,8,480,100,0,0,0,0,0,0,0,0,60
599,2304,8,448,100,0,0,0,0,0,0,0,0,56
600,2044,8,440,100,0,0,0,0,0,0,0,0,55
601,2304,8,424,100,0,0,0,0,0,0,0,0,53
602,2272,8,424,100,0,0,0,0,0,0,0,0,53
603,1604,8,408,100,0,0,0,0,0,0,0,0,51
604,1888,8,400,100,0,0,0,0,0,0,0,0,50
605,1964,8,424,100,0,0,0,0,0,0,0,0,53
606,1536,8,416,100,0,0,0,0,0,0,0,0,52
607,1652,8,408,100,0,0,0,0,0,0,0,0,51
608,1856,8,416,100,0,0,0,0,0,0,0,0,52
609,2068,8,384,100,0,0,0,0,0,0,0,0,48
610,1984,8,400,100,0,0,0,0,0,0,0,0,50
611,2096,8,400,100,0,0,0,0,0,0,0,0,50
612,1936,8,408,100,0,0,0,0,0,0,0,0,51
613,2660,8,416,100,0,0,0,0,0,0,0,0,52
614,2824,8,416,100,0,0,0,0,0,0,0,0,52
615,2464,8,424,100,0,0,0,0,0,0,0,0,53
616,2284,8,424,100,0,0,0,0,0,0,0,0,53
617,2524,8,424,100,0,0,0,0,0,0,0,0,53
618,2360,8,408,100,0,0,0,0,0,0,0,0,51
619,2596,8,392,100,0,0,0,0,0,0,0,0,49
620,2488,8,384,100,0,0,0,0,0,0,0,0,48
621,2808,8,432,100,0,0,0,0,0,0,0,0,54
622,2676,8,416,100,0,0,0,0,0,0,0,0,52
623,2724,8,416,100,0,0,0,0,0,0,0,0,52
624,3040,8,408,100,0,0,0,0,0,0,0,0,51
625,2512,8,392,100,0,0,0,0,0,0,0,0,49
626,1944,8,416,100,0,0,0,0,0,0,0,0,52
627,1268,8,392,100,0,0,0,0,0,0,0,0,49
628,1604,8,424,100,0,0,0,0,0,0,0,0,53
629,1756,8,376,100,0,0,0,0,0,0,0,0,47
630,2272,8,360,100,0,0,0,0,0,0,0,0,45
631,2436,8,336,100,0,0,0,0,0,0,0,0,42
632,1864,8,384,100,0,0,0,0,0,0,0,0,48
633,2156,8,392,100,0,0,0,0,0,0,0,0,49
634,2316,8,392,100,0,0,0,0,0,0,0,0,49
635,2524,8,408,100,0,0,0,0,0,0,0,0,51
636,2624,8,424,100,0,0,0,0,0,0,0,0,53
637,2748,8,440,100,0,0,0,0,0,0,0,0,55
638,2584,8,376,100,0,0,0,0,0,0,0,0,47
639,2228,8,344,100,0,0,0,0,0,0,0,0,43
640,1968,8,360,100,0,0,0,0,0,0,0,0,45
641,2536,8,416,100,0,0,0,0,0,0,0,0,52
642,2028,8,424,100,0,0,0,0,0,0,0,0,53
643,2352,8,408,100,0,0,0,0,0,0,0,0,51
644,2676,8,400,100,0,0,0,0,0,0,0,0,50
645,2636,8,400,100,0,0,0,0,0,0,0,0,50
646,2296,8,400,100,0,0,0,0,0,0,0,0,50
647,2456,8,408,100,0,0,0,0,0,0,0,0,51
648,2488,8,400,100,0,0,0,0,0,0,0,0,50
649,2192,8,440,100,0,0,0,0,0,0,0,0,55
650,2444,8,432,100,0,0,0,0,0,0,0,0,54
651,2668,8,424,100,0,0,0,0,0,0,0,0,53
652,1912,8,416,100,0,0,0,0,0,0,0,0,52
653,2096,8,432,100,0,0,0,0,0,0,0,0,54
654,1760,8,480,100,0,0,0,0,0,0,0,0,60
655,1996,8,472,100,0,0,0,0,0,0,0,0,59
656,2208,8,408,100,0,0,0,0,0,0,0,0,51
657,1400,8,360,100,0,0,0,0,0,0,0,0,45
658,1536,8,408,100,0,0,0,0,0,0,0,0,51
659,1448,8,368,100,0,0,0,0,0,0,0,0,46
660,1360,8,400,100,0,0,0,0,0,0,0,0,50
661,1308,8,456,100,0,0,0,0,0,0,0,0,57
662,1404,8,440,100,0,0,0,0,0,0,0,0,55
663,1364,8,432,100,0,0,0,0,0,0,0,0,54
664,1728,8,456,100,0,0,0,0,0,0,0,0,57
665,1968,8,456,100,0,0,0,0,0,0,0,0,57
666,2112,8,424,100,0,0,0,0,0,0,0,0,53
667,2096,8,416,100,0,0,0,0,0,0,0,0,52
668,1976,8,408,100,0,0,0,0,0,0,0,0,51
669,1860,8,400,100,0,0,0,0,0,0,0,0,50
670,2120,8,392,100,0,0,0,0,0,0,0,0,49
671,2152,8,424,100,0,0,0,0,0,0,0,0,53
672,1400,8,352,100,0,0,0,0,0,0,0,0,44
673,1712,8,392,100,0,0,0,0,0,0,0,0,49
674,1704,8,416,100,0,0,0,0,0,0,0,0,52
675,1940,8,424,100,0,0,0,0,0,0,0,0,53
676,2436,8,456,100,0,0,0,0,0,0,0,0,57
677,2428,8,432,100,0,0,0,0,0,0,0,0,54
678,2372,8,432,100,0,0,0,0,0,0,0,0,54
679,2096,8,424,100,0,0,0,0,0,0,0,0,53
680,2320,8,400,100,0,0,0,0,0,0,0,0,50
681,2024,8,392,100,0,0,0,0,0,0,0,0,49
682,2136,8,432,100,0,0,0,0,0,0,0,0,54
683,2144,8,416,100,0,0,0,0,0,0,0,0,52
684,2164,8,416,100,0,0,0,0,0,0,0,0,52
685,1952,8,440,100,0,0,0,0,0,0,0,0,55
686,1992,8,432,100,0,0,0,0,0,0,0,0,54
687,1888,8,456,100,0,0,0,0,0,0,0,0,57
688,2100,8,424,100,0,0,0,0,0,0,0,0,53
689,1976,8,416,100,0,0,0,0,0,0,0,0,52
690,1832,8,440,100,0,0,0,0,0,0,0,0,55
691,1720,8,456,100,0,0,0,0,0,0,0,0,57
692,1640,8,448,100,0,0,0,0,0,0,0,0,56
693,1900,8,416,100,0,0,0,0,0,0,0,0,52
694,1992,8,440,100,0,0,0,0,0,0,0,0,55
695,2080,8,424,100,0,0,0,0,0,0,0,0,53
696,1948,8,448,100,0,0,0,0,0,0,0,0,56
697,1828,8,472,100,0,0,0,0,0,0,0,0,59
698,2116,8,440,100,0,0,0,0,0,0,0,0,55
699,1676,8,456,100,0,0,0,0,0,0,0,0,57
700,1608,8,432,100,0,0,0,0,0,0,0,0,54
701,1800,8,448,100,0,0,0,0,0,0,0,0,56
702,1896,8,424,100,0,0,0,0,0,0,0,0,53
703,1832,8,440,100,0,0,0,0,0,0,0,0,55
704,2108,8,464,100,0,0,0,0,0,0,0,0,58
705,2204,8,432,100,0,0,0,0,0,0,0,0,54
706,2200,8,424,100,0,0,0,0,0,0,0,0,53
707,1780,8,408,100,0,0,0,0,0,0,0,0,51
708,1660,8,400,100,0,0,0,0,0,0,0,0,50
709,1724,8,400,100,0,0,0,0,0,0,0,0,50
710,1336,8,416,100,0,0,0,0,0,0,0,0,52
711,1816,8,448,100,0,0,0,0,0,0,0,0,56
712,1904,8,472,100,0,0,0,0,0,0,0,0,59
713,1904,8,424,100,0,0,0,0,0,0,0,0,53
714,1088,8,416,100,0,0,0,0,0,0,0,0,52
715,1332,8,416,100,0,0,0,0,0,0,0,0,52
716,1316,8,424,100,0,0,0,0,0,0,0,0,53
717,1392,8,440,100,0,0,0,0,0,0,0,0,55
718,1372,8,448,100,0,0,0,0,0,0,0,0,56
719,1620,8,448,100,0,0,0,0,0,0,0,0,56
720,1680,8,440,100,0,0,0,0,0,0,0,0,55
721,1620,8,432,100,0,0,0,0,0,0,0,0,54
722,1940,8,472,100,0,0,0,0,0,0,0,0,59
723,1548,8,448,100,0,0,0,0,0,0,0,0,56
724,1312,8,400,100,0,0,0,0,0,0,0,0,50
725,1624,8,424,100,0,0,0,0,0,0,0,0,53
726,1912,8,448,100,0,0,0,0,0,0,0,0,56
727,2004,8,424,100,0,0,0,0,0,0,0,0,53
728,2512,8,464,100,0,0,0,0,0,0,0,0,58
729,2452,8,416,100,0,0,0,0,0,0,0,0,52
730,2140,8,384,100,0,0,0,0,0,0,0,0,48
731,2656,8,408,100,0,0,0,0,0,0,0,0,51
732,2072,8,368,100,0,0,0,0,0,0,0,0,46
733,2092,8,416,100,0,0,0,0,0,0,0,0,52
734,1716,8,448,100,0,0,0,0,0,0,0,0,56
735,1948,8,464,100,0,0,0,0,0,0,0,0,58
736,1948,8,472,100,0,0,0,0,0,0,0,0,59
737,2304,8,448,100,0,0,0,0,0,0,0,0,56
738,2344,8,416,100,0,0,0,0,0,0,0,0,52
739,2552,8,392,100,0,0,0,0,0,0,0,0,49
740,2004,8,384,100,0,0,0,0,0,0,0,0,48
741,1632,8,456,100,0,0,0,0,0,0,0,0,57
742,1956,8,448,100,0,0,0,0,0,0,0,0,56
743,2060,8,440,100,0,0,0,0,0,0,0,0,55
744,2040,8,432,100,0,0,0,0,0,0,0,0,54
745,1632,8,408,100,0,0,0,0,0,0,0,0,51
746,1448,8,472,100,0,0,0,0,0,0,0,0,59
747,1516,8,456,100,0,0,0,0,0,0,0,0,57
748,1516,8,488,100,0,0,0,0,0,0,0,0,61
749,1556,8,456,100,0,0,0,0,0,0,0,0,57
750,1624,8,440,100,0,0,0,0,0,0,0,0,55
751,1884,8,448,100,0,0,0,0,0,0,0,0,56
752,1756,8,432,100,0,0,0,0,0,0,0,0,54
753,1860,8,400,100,0,0,0,0,0,0,0,0,50
754,1560,8,408,100,0,0,0,0,0,0,0,0,51
755,1492,8,464,100,0,0,0,0,0,0,0,0,58
756,1300,8,416,100,0,0,0,0,0,0,0,0,52
757,1356,8,424,100,0,0,0,0,0,0,0,0,53
758,1104,8,408,100,0,0,0,0,0,0,0,0,51
759,1120,8,392,100,0,0,0,0,0,0,0,0,49
760,1260,8,448,100,0,0,0,0,0,0,0,0,56
761,1388,8,392,100,0,0,0,0,0,0,0,0,49
762,1124,8,408,100,0,0,0,0,0,0,0,0,51
763,1228,8,448,100,0,0,0,0,0,0,0,0,56
764,1212,8,464,100,0,0,0,0,0,0,0,0,58
765,1056,8,440,100,0,0,0,0,0,0,0,0,55
766,1464,8,456,100,0,0,0,0,0,0,0,0,57
767,1796,8,424,100,0,0,0,0,0,0,0,0,53
768,1876,8,456,100,0,0,0,0,0,0,0,0,57
769,1460,8,440,100,0,0,0,0,0,0,0,0,55
770,1608,8,448,100,0,0,0,0,0,0,0,0,56
771,1728,8,416,100,0,0,0,0,0,0,0,0,52
772,1576,8,424,100,0,0,0,0,0,0,0,0,53
773,1780,8,472,100,0,0,0,0,0,0,0,0,59
774,2028,8,480,100,0,0,0,0,0,0,0,0,60
775,2068,8,424,100,0,0,0,0,0,0,0,0,53
776,2476,8,464,100,0,0,0,0,0,0,0,0,58
777,2456,8,432,100,0,0,0,0,0,0,0,0,54
778,1988,8,440,100,0,0,0,0,0,0,0,0,55
779,1616,8,408,100,0,0,0,0,0,0,0,0,51
780,1748,8,440,100,0,0,0,0,0,0,0,0,55
781,1516,8,456,100,0,0,0,0,0,0,0,0,57
782,1472,8,416,100,0,0,0,0,0,0,0,0,52
783,1436,8,448,100,0,0,0,0,0,0,0,0,56
784,1332,8,440,100,0,0,0,0,0,0,0,0,55
785,1264,8,424,100,0,0,0,0,0,0,0,0,53
786,1392,8,440,100,0,0,0,0,0,0,0,0,55
787,1632,8,480,100,0,0,0,0,0,0,0,0,60
788,1616,8,440,100,0,0,0,0,0,0,0,0,55
789,1412,8,432,100,0,0,0,0,0,0,0,0,54
790,1808,8,456,100,0,0,0,0,0,0,0,0,57
791,1668,8,424,100,0,0,0,0,0,0,0,0,53
792,1584,8,424,100,0,0,0,0,0,0,0,0,53
793,1460,8,448,100,0,0,0,0,0,0,0,0,56
794,1864,8,448,100,0,0,0,0,0,0,0,0,56
795,1712,8,432,100,0,0,0,0,0,0,0,0,54
796,1724,8,448,100,0,0,0,0,0,0,0,0,56
797,1944,8,456,100,0,0,0,0,0,0,0,0,57
798,1684,8,448,100,0,0,0,0,0,0,0,0,56
799,1360,8,400,100,0,0,0,0,0,0,0,0,50
800,1564,8,440,100,0,0,0,0,0,0,0,0,55
801,1560,8,440,100,0,0,0,0,0,0,0,0,55
802,1884,8,456,100,0,0,0,0,0,0,0,0,57
803,1468,8,448,100,0,0,0,0,0,0,0,0,56
804,1664,8,504,100,0,0,0,0,0,0,0,0,63
805,1564,8,456,100,0,0,0,0,0,0,0,0,57
806,1740,8,440,100,0,0,0,0,0,0,0,0,55
807,1900,8,408,100,0,0,0,0,0,0,0,0,51
808,2232,8,440,100,0,0,0,0,0,0,0,0,55
809,2180,8,424,100,0,0,0,0,0,0,0,0,53
810,2220,8,448,100,0,0,0,0,0,0,0,0,56
811,2292,8,456,100,0,0,0,0,0,0,0,0,57
812,2608,8,480,100,0,0,0,0,0,0,0,0,60
813,2116,8,424,100,0,0,0,0,0,0,0,0,53
814,2556,8,480,100,0,0,0,0,0,0,0,0,60
815,2300,8,448,100,0,0,0,0,0,0,0,0,56
816,2032,8,480,100,0,0,0,0,0,0,0,0,60
817,1912,8,424,100,0,0,0,0,0,0,0,0,53
818,1708,8,424,100,0,0,0,0,0,0,0,0,53
819,1908,8,400,100,0,0,0,0,0,0,0,0,50
820,1836,8,400,100,0,0,0,0,0,0,0,0,50
821,1872,8,376,100,0,0,0,0,0,0,0,0,47
822,1644,8,360,100,0,0,0,0,0,0,0,0,45
823,1964,8,440,100,0,0,0,0,0,0,0,0,55
824,2296,8,432,100,0,0,0,0,0,0,0,0,54
825,1808,8,424,100,0,0,0,0,0,0,0,0,53
826,2240,8,464,100,0,0,0,0,0,0,0,0,58
827,2008,8,456,100,0,0,0,0,0,0,0,0,57
828,2144,8,480,100,0,0,0,0,0,0,0,0,60
829,1996,8,480,100,0,0,0,0,0,0,0,0,60
830,2128,8,464,100,0,0,0,0,0,0,0,0,58
831,1896,8,480,100,0,0,0,0,0,0,0,0,60
832,2100,8,472,100,0,0,0,0,0,0,0,0,59
833,2404,8,472,100,0,0,0,0,0,0,0,0,59
834,2280,8,408,100,0,0,0,0,0,0,0,0,51
835,1880,8,400,100,0,0,0,0,0,0,0,0,50
836,1744,8,424,100,0,0,0,0,0,0,0,0,53
837,1252,8,432,100,0,0,0,0,0,0,0,0,54
838,1464,8,472,100,0,0,0,0,0,0,0,0,59
839,1684,8,472,100,0,0,0,0,0,0,0,0,59
840,1640,8,456,100,0,0,0,0,0,0,0,0,57
841,1900,8,416,100,0,0,0,0,0,0,0,0,52
842,2220,8,432,100,0,0,0,0,0,0,0,0,54
843,1840,8,448,100,0,0,0,0,0,0,0,0,56
844,2052,8,416,100,0,0,0,0,0,0,0,0,52
845,2012,8,400,100,0,0,0,0,0,0,0,0,50
846,2028,8,424,100,0,0,0,0,0,0,0,0,53
847,2056,8,424,100,0,0,0,0,0,0,0,0,53
848,2168,8,448,100,0,0,0,0,0,0,0,0,56
849,1908,8,416,100,0,0,0,0,0,0,0,0,52
850,1816,8,448,100,0,0,0,0,0,0,0,0,56
851,2304,8,480,100,0,0,0,0,0,0,0,0,60
852,1768,8,392,100,0,0,0,0,0,0,0,0,49
853,2228,8,392,100,0,0,0,0,0,0,0,0,49
854,2340,8,408,100,0,0,0,0,0,0,0,0,51
855,2104,8,424,100,0,0,0,0,0,0,0,0,53
856,2524,8,440,100,0,0,0,0,0,0,0,0,55
857,2768,8,408,100,0,0,0,0,0,0,0,0,51
858,2388,8,392,100,0,0,0,0,0,0,0,0,49
859,2324,8,400,100,0,0,0,0,0,0,0,0,50
860,2208,8,408,100,0,0,0,0,0,0,0,0,51
861,1884,8,392,100,0,0,0,0,0,0,0,0,49
862,2592,8,392,100,0,0,0,0,0,0,0,0,49
863,2112,8,392,100,0,0,0,0,0,0,0,0,49
864,2224,8,400,100,0,0,0,0,0,0,0,0,50
865,2220,8,408,100,0,0,0,0,0,0,0,0,51
866,2216,8,424,100,0,0,0,0,0,0,0,0,53
867,2016,8,408,100,0,0,0,0,0,0,0,0,51
868,2304,8,416,100,0,0,0,0,0,0,0,0,52
869,2412,8,392,100,0,0,0,0,0,0,0,0,49
870,2156,8,424,100,0,0,0,0,0,0,0,0,53
871,2260,8,416,100,0,0,0,0,0,0,0,0,52
872,2300,8,408,100,0,0,0,0,0,0,0,0,51
873,2764,8,400,100,0,0,0,0,0,0,0,0,50
874,2872,8,408,100,0,0,0,0,0,0,0,0,51
875,2848,8,448,100,0,0,0,0,0,0,0,0,56
876,2192,8,408,100,0,0,0,0,0,0,0,0,51
877,1956,8,416,100,0,0,0,0,0,0,0,0,52
878,2160,8,408,100,0,0,0,0,0,0,0,0,51
879,2132,8,416,100,0,0,0,0,0,0,0,0,52
880,2028,8,424,100,0,0,0,0,0,0,0,0,53
881,2132,8,424,100,0,0,0,0,0,0,0,0,53
882,1976,8,400,100,0,0,0,0,0,0,0,0,50
883,2000,8,392,100,0,0,0,0,0,0,0,0,49
884,1916,8,432,100,0,0,0,0,0,0,0,0,54
885,2144,8,408,100,0,0,0,0,0,0,0,0,51
886,2424,8,384,100,0,0,0,0,0,0,0,0,48
887,2452,8,424,100,0,0,0,0,0,0,0,0,53
888,1872,8,416,100,0,0,0,0,0,0,0,0,52
889,2132,8,424,100,0,0,0,0,0,0,0,0,53
890,2072,8,432,100,0,0,0,0,0,0,0,0,54
891,2080,8,392,100,0,0,0,0,0,0,0,0,49
892,2452,8,400,100,0,0,0,0,0,0,0,0,50
893,2048,8,384,100,0,0,0,0,0,0,0,0,48
894,2216,8,368,100,0,0,0,0,0,0,0,0,46
895,1908,8,416,100,0,0,0,0,0,0,0,0,52
896,1700,8,408,100,0,0,0,0,0,0,0,0,51
897,1360,8,392,100,0,0,0,0,0,0,0,0,49
898,1652,8,400,100,0,0,0,0,0,0,0,0,50
899,1496,8,408,100,0,0,0,0,0,0,0,0,51
900,1524,8,400,100,0,0,0,0,0,0,0,0,50
901,1676,8,424,100,0,0,0,0,0,0,0,0,53
902,2092,8,408,100,0,0,0,0,0,0,0,0,51
903,1932,8,376,100,0,0,0,0,0,0,0,0,47
904,2092,8,384,100,0,0,0,0,0,0,0,0,48
905,1940,8,424,100,0,0,0,0,0,0,0,0,53
906,2364,8,416,100,0,0,0,0,0,0,0,0,52
907,2264,8,384,100,0,0,0,0,0,0,0,0,48
908,2112,8,400,100,0,0,0,0,0,0,0,0,50
909,2264,8,416,100,0,0,0,0,0,0,0,0,52
910,2524,8,416,100,0,0,0,0,0,0,0,0,52
911,2760,8,416,100,0,0,0,0,0,0,0,0,52
912,2584,8,392,100,0,0,0,0,0,0,0,0,49
913,3156,8,400,100,0,0,0,0,0,0,0,0,50
914,3304,8,400,100,0,0,0,0,0,0,0,0,50
915,2572,8,392,100,0,0,0,0,0,0,0,0,49
916,3096,8,400,100,0,0,0,0,0,0,0,0,50
917,3592,8,400,100,0,0,0,0,0,0,0,0,50
918,4176,8,400,100,0,0,0,0,0,0,0,0,50
919,2600,8,400,100,0,0,0,0,0,0,0,0,50
920,2456,8,440,100,0,0,0,0,0,0,0,0,55
921,2628,8,408,100,0,0,0,0,0,0,0,0,51
922,2944,8,400,100,0,0,0,0,0,0,0,0,50
923,3136,8,392,100,0,0,0,0,0,0,0,0,49
924,2960,8,392,100,0,0,0,0,0,0,0,0,49
925,2680,8,384,100,0,0,0,0,0,0,0,0,48
926,2232,8,424,100,0,0,0,0,0,0,0,0,53
927,2892,8,424,100,0,0,0,0,0,0,0,0,53
928,2684,8,424,100,0,0,0,0,0,0,0,0,53
929,2896,8,448,100,0,0,0,0,0,0,0,0,56
930,2840,8,408,100,0,0,0,0,0,0,0,0,51
931,2668,8,392,100,0,0,0,0,0,0,0,0,49
932,2988,8,440,100,0,0,0,0,0,0,0,0,55
933,3652,8,448,100,0,0,0,0,0,0,0,0,56
934,3612,8,456,100,0,0,0,0,0,0,0,0,57
935,3720,8,432,100,0,0,0,0,0,0,0,0,54
936,4128,8,448,100,0,0,0,0,0,0,0,0,56
937,3996,8,416,100,0,0,0,0,0,0,0,0,52
938,3148,8,392,100,0,0,0,0,0,0,0,0,49
939,2020,8,408,100,0,0,0,0,0,0,0,0,51
940,2524,8,384,100,0,0,0,0,0,0,0,0,48
941,2568,8,400,100,0,0,0,0,0,0,0,0,50
942,1528,8,384,100,0,0,0,0,0,0,0,0,48
943,1984,8,416,100,0,0,0,0,0,0,0,0,52
944,1580,8,376,100,0,0,0,0,0,0,0,0,47
945,1840,8,400,100,0,0,0,0,0,0,0,0,50
946,1800,8,400,100,0,0,0,0,0,0,0,0,50
947,2076,8,392,100,0,0,0,0,0,0,0,0,49
948,2040,8,376,100,0,0,0,0,0,0,0,0,47
949,2588,8,392,100,0,0,0,0,0,0,0,0,49
950,2436,8,416,100,0,0,0,0,0,0,0,0,52
951,1952,8,408,100,0,0,0,0,0,0,0,0,51
952,2252,8,400,100,0,0,0,0,0,0,0,0,50
953,2996,8,416,100,0,0,0,0,0,0,0,0,52
954,2436,8,376,100,0,0,0,0,0,0,0,0,47
955,2724,8,408,100,0,0,0,0,0,0,0,0,51
956,3292,8,408,100,0,0,0,0,0,0,0,0,51
957,2840,8,392,100,0,0,0,0,0,0,0,0,49
958,2980,8,368,100,0,0,0,0,0,0,0,0,46
959,2092,8,360,100,0,0,0,0,0,0,0,0,45
960,2628,8,408,100,0,0,0,0,0,0,0,0,51
961,2784,8,360,100,0,0,0,0,0,0,0,0,45
962,2336,8,376,100,0,0,0,0,0,0,0,0,47
963,2196,8,360,100,0,0,0,0,0,0,0,0,45
964,2132,8,360,100,0,0,0,0,0,0,0,0,45
965,2308,8,376,100,0,0,0,0,0,0,0,0,47
966,2524,8,408,100,0,0,0,0,0,0,0,0,51
967,1636,8,392,100,0,0,0,0,0,0,0,0,49
968,1956,8,392,100,0,0,0,0,0,0,0,0,49
969,1504,8,408,100,0,0,0,0,0,0,0,0,51
970,1668,8,432,100,0,0,0,0,0,0,0,0,54
971,1944,8,408,100,0,0,0,0,0,0,0,0,51
972,2060,8,416,100,0,0,0,0,0,0,0,0,52
973,2248,8,432,100,0,0,0,0,0,0,0,0,54
974,2388,8,472,100,0,0,0,0,0,0,0,0,59
975,2156,8,472,100,0,0,0,0,0,0,0,0,59
976,2724,8,448,100,0,0,0,0,0,0,0,0,56
977,2916,8,448,100,0,0,0,0,0,0,0,0,56
978,2844,8,432,100,0,0,0,0,0,0,0,0,54
979,2492,8,456,100,0,0,0,0,0,0,0,0,57
980,2424,8,456,100,0,0,0,0,0,0,0,0,57
981,2792,8,408,100,0,0,0,0,0,0,0,0,51
982,2488,8,432,100,0,0,0,0,0,0,0,0,54
983,2740,8,448,100,0,0,0,0,0,0,0,0,56
984,2668,8,424,100,0,0,0,0,0,0,0,0,53
985,2004,8,440,100,0,0,0,0,0,0,0,0,55
986,1812,8,456,100,0,0,0,0,0,0,0,0,57
987,2068,8,472,100,0,0,0,0,0,0,0,0,59
988,2484,8,416,100,0,0,0,0,0,0,0,0,52
989,2380,8,424,100,0,0,0,0,0,0,0,0,53
990,2604,8,480,100,0,0,0,0,0,0,0,0,60
991,2184,8,392,100,0,0,0,0,0,0,0,0,49
992,2656,8,456,100,0,0,0,0,0,0,0,0,57
993,3028,8,480,100,0,0,0,0,0,0,0,0,60
994,2692,8,480,100,0,0,0,0,0,0,0,0,60
995,2260,8,464,100,0,0,0,0,0,0,0,0,58
996,2456,8,440,100,0,0,0,0,0,0,0,0,55
997,2352,8,424,100,0,0,0,0,0,0,0,0,53
998,2408,8,408,100,0,0,0,0,0,0,0,0,51
999,1520,8,424,100,0,0,0,0,0,0,0,0,53
