update,points,mean_tasks,total_tasks,total_orgs,task_0,task_1,task_2,task_3,task_4,task_5,task_6,task_7,task_8,task_9
0,0,nan,0,10,0,0,0,0,0,0,0,0,0,0
1,80,6,30,10,0,0,0,0,0,0,5,0,0,0
2,96,6,36,10,0,0,0,0,0,0,6,0,0,0
3,140,6.42857,45,11,0,0,0,0,0,0,6,0,0,1
4,112,6.42857,45,13,0,0,0,0,0,0,6,0,0,1
5,116,6.33333,57,16,0,0,0,0,0,0,8,0,0,1
6,188,6.27273,69,18,0,0,0,0,0,0,10,0,0,1
7,168,6.25,75,22,0,0,0,0,0,0,11,0,0,1
8,244,6.375,102,24,0,0,0,0,0,0,14,0,0,2
9,304,6.5,117,26,0,0,0,0,0,0,15,0,0,3
10,288,6.40909,141,28,0,0,0,0,0,0,19,0,0,3
11,272,6.40909,141,30,0,0,0,0,0,0,19,0,0,3
12,492,6.57692,171,36,0,0,0,0,0,0,21,0,0,5
13,396,6.53571,183,40,0,0,0,0,0,0,23,0,0,5
14,360,6.42857,180,44,0,0,0,0,0,0,24,0,0,4
15,556,6.42857,225,50,0,0,0,0,0,0,30,0,0,5
16,468,6.15789,234,52,0,0,0,0,0,0,36,0,0,2
17,520,6.40541,237,53,0,0,0,0,0,0,32,0,0,5
18,604,6.30769,246,57,0,0,0,0,0,0,35,0,0,4
19,584,6.30769,246,61,0,0,0,0,0,0,35,0,0,4
20,748,6.46667,291,64,0,0,0,0,0,0,38,0,0,7
21,648,6.48837,279,67,0,0,0,0,0,0,36,0,0,7
22,636,6.525,261,69,0,0,0,0,0,0,33,0,0,7
23,788,6.54545,288,71,0,0,0,0,0,0,36,0,0,8
24,780,6.51064,306,73,0,0,0,0,0,0,39,0,0,8
25,780,6.67347,327,74,0,0,0,0,0,0,38,0,0,11
26,888,6.61224,324,78,0,0,0,0,0,0,39,0,0,10
27,876,6.61224,324,79,0,0,0,0,0,0,39,0,0,10
28,904,6.82353,348,81,0,0,0,0,0,0,37,0,0,14
29,884,6.75,378,82,0,0,0,0,0,0,42,0,0,14
30,1048,6.89474,393,83,0,0,0,0,0,0,40,0,0,17
31,1048,6.96774,432,85,0,0,0,0,0,0,42,0,0,20
32,948,6.94118,354,86,0,0,0,0,0,0,35,0,0,16
33,1236,7.01786,393,93,0,0,0,0,0,0,37,0,0,19
34,1212,7.15385,372,95,0,0,0,0,0,0,32,0,0,20
35,1480,7.2,396,96,0,0,0,0,0,0,33,0,0,22
36,1516,7.30909,402,97,0,0,0,0,0,0,31,0,0,24
37,1620,7.27119,429,98,0,0,0,0,0,0,34,0,0,25
38,1588,7.35484,456,100,0,0,0,0,0,0,34,0,0,28
39,1612,7.35,441,100,0,0,0,0,0,0,33,0,0,27
40,1408,7.26316,414,100,0,0,0,0,0,0,33,0,0,24
41,1548,7.32203,432,100,0,0,0,0,0,0,33,0,0,26
42,1684,7.5,435,100,0,0,0,0,0,0,29,0,0,29
43,1608,7.44643,417,100,0,0,0,0,0,0,29,0,0,27
44,1708,7.57895,432,100,0,0,0,0,0,0,27,0,0,30
45,1808,7.77778,420,100,0,0,0,0,0,0,22,0,0,32
46,1820,7.78947,444,100,0,0,0,0,0,0,23,0,0,34
47,1920,7.64151,405,100,0,0,0,0,0,0,24,0,0,29
48,1808,7.52632,429,100,0,0,0,0,0,0,28,0,0,29
49,1632,7.24528,384,100,0,0,0,0,0,0,31,0,0,22
50,1740,7.36842,420,100,0,0,0,0,0,0,31,0,0,26
51,1540,7.13208,378,100,0,0,0,0,0,0,33,0,0,20
52,1620,7.09091,390,100,0,0,0,0,0,0,35,0,0,20
53,1868,7.22951,441,100,0,0,0,0,0,0,36,0,0,25
54,1908,7.17857,402,100,0,0,0,0,0,0,34,0,0,22
55,2180,7.39655,429,100,0,0,0,0,0,0,31,0,0,27
56,2212,7.32203,432,100,0,0,0,0,0,0,33,0,0,26
57,2292,7.22034,426,100,0,0,0,0,0,0,35,0,0,24
58,2064,7.34483,426,100,0,0,0,0,0,0,32,0,0,26
59,1940,7.47368,426,100,0,0,0,0,0,0,29,0,0,28
60,2064,7.24138,420,100,0,0,0,0,0,0,34,0,0,24
61,1540,7.22222,390,100,0,0,0,0,0,0,32,0,0,22
62,1536,7.36842,420,100,0,0,0,0,0,0,31,0,0,26
63,1460,7.18966,417,100,0,0,0,0,0,0,35,0,0,23
64,1484,7.17857,402,100,0,0,0,0,0,0,34,0,0,22
65,1364,7.27778,393,100,0,0,0,0,0,0,31,0,0,23
66,1492,7.23214,405,100,0,0,0,0,0,0,33,0,0,23
67,1524,7.22222,390,100,0,0,0,0,0,0,32,0,0,22
68,1604,7.22951,441,100,0,0,0,0,0,0,36,0,0,25
69,1596,7.31579,417,100,0,0,0,0,0,0,32,0,0,25
70,1488,7.44828,432,100,0,0,0,0,0,0,30,0,0,28
71,1540,7.55172,438,100,0,0,0,0,0,0,28,0,0,30
72,1376,7.41818,408,100,0,0,0,0,0,0,29,0,0,26
73,1556,7.16949,423,100,0,0,0,0,0,0,36,0,0,23
74,1764,7.0678,417,100,0,0,0,0,0,0,38,0,0,21
75,1676,7.28571,408,100,0,0,0,0,0,0,32,0,0,24
76,1608,6.94737,396,100,0,0,0,0,0,0,39,0,0,18
77,1932,7.01695,414,100,0,0,0,0,0,0,39,0,0,20
78,1460,7.21154,375,100,0,0,0,0,0,0,31,0,0,21
79,1584,6.98361,426,100,0,0,0,0,0,0,41,0,0,20
80,1428,7.22222,390,100,0,0,0,0,0,0,32,0,0,22
81,1524,7.31746,461,100,0,0,0,0,0,0,35,0,1,27
82,1300,7.01695,414,100,0,0,0,0,0,0,39,0,0,20
83,1364,7,399,100,0,0,0,0,0,0,38,0,0,19
84,1484,6.7377,411,100,0,0,0,0,0,0,46,0,0,15
85,1752,6.61905,417,100,0,0,0,0,0,0,50,0,0,13
86,1832,6.78689,414,100,0,0,0,0,0,0,45,0,0,16
87,1740,6.76271,399,100,0,0,0,0,0,0,44,0,0,15
88,1528,6.68421,381,100,0,0,0,0,0,0,44,0,0,13
89,1580,6.64286,372,100,0,0,0,0,0,0,44,0,0,12
90,1548,6.71186,396,100,0,0,0,0,0,0,45,0,0,14
91,1708,6.7619,426,100,0,0,0,0,0,0,47,0,0,16
92,1908,6.96774,432,100,0,0,0,0,0,0,42,0,0,20
93,1636,6.88889,372,100,0,0,0,0,0,0,38,0,0,16
94,1604,6.78947,387,100,0,0,0,0,0,0,42,0,0,15
95,1808,6.92727,381,100,0,0,0,0,0,0,38,0,0,17
96,1780,6.9661,411,100,0,0,0,0,0,0,40,0,0,19
97,1724,6.75,378,100,0,0,0,0,0,0,42,0,0,14
98,1552,6.52632,372,100,0,0,0,0,0,0,47,0,0,10
99,1548,6.67742,414,100,0,0,0,0,0,0,48,0,0,14
100,1996,6.57143,414,100,0,0,0,0,0,0,51,0,0,12
101,2008,6.83607,417,100,0,0,0,0,0,0,44,0,0,17
102,1808,6.89474,393,100,0,0,0,0,0,0,40,0,0,17
103,2044,7.11864,420,100,0,0,0,0,0,0,37,0,0,22
104,1968,7.06452,438,100,0,0,0,0,0,0,40,0,0,22
105,1896,7.01786,393,100,0,0,0,0,0,0,37,0,0,19
106,1972,7.01887,372,100,0,0,0,0,0,0,35,0,0,18
107,1740,7.32,366,100,0,0,0,0,0,0,28,0,0,22
108,1884,7.09091,390,100,0,0,0,0,0,0,35,0,0,20
109,2196,6.96226,369,100,0,0,0,0,0,0,36,0,0,17
110,1760,6.86538,357,100,0,0,0,0,0,0,37,0,0,15
111,1844,7.01887,372,100,0,0,0,0,0,0,35,0,0,18
112,1552,7,336,100,0,0,0,0,0,0,32,0,0,16
113,1704,6.85714,384,100,0,0,0,0,0,0,40,0,0,16
114,1780,6.91935,429,100,0,0,0,0,0,0,43,0,0,19
115,1904,7,420,100,0,0,0,0,0,0,40,0,0,20
116,1688,7.03846,366,100,0,0,0,0,0,0,34,0,0,18
117,1888,7,378,100,0,0,0,0,0,0,36,0,0,18
118,1720,6.73684,384,100,0,0,0,0,0,0,43,0,0,14
119,1656,7.05,423,100,0,0,0,0,0,0,39,0,0,21
120,1516,6.98182,384,100,0,0,0,0,0,0,37,0,0,18
121,1388,6.94737,396,100,0,0,0,0,0,0,39,0,0,18
122,1484,6.89474,393,100,0,0,0,0,0,0,40,0,0,17
123,1572,6.75,378,100,0,0,0,0,0,0,42,0,0,14
124,1392,6.57895,375,100,0,0,0,0,0,0,46,0,0,11
125,1420,6.47368,369,100,0,0,0,0,0,0,48,0,0,9
126,1700,6.71429,423,100,0,0,0,0,0,0,48,0,0,15
127,1736,6.73684,384,100,0,0,0,0,0,0,43,0,0,14
128,1696,6.68852,408,100,0,0,0,0,0,0,47,0,0,14
129,1612,6.65,399,100,0,0,0,0,0,0,47,0,0,13
130,1424,6.56897,381,100,0,0,0,0,0,0,47,0,0,11
131,1312,6.40678,378,100,0,0,0,0,0,0,51,0,0,8
132,1304,6.5,390,100,0,0,0,0,0,0,50,0,0,10
133,1260,6.3,378,100,0,0,0,0,0,0,54,0,0,6
134,1332,6.47368,369,100,0,0,0,0,0,0,48,0,0,9
135,1344,6.36842,363,100,0,0,0,0,0,0,50,0,0,7
136,1512,6.36207,369,100,0,0,0,0,0,0,51,0,0,7
137,1332,6.42105,366,100,0,0,0,0,0,0,49,0,0,8
138,1660,6.55932,387,100,0,0,0,0,0,0,48,0,0,11
139,1464,6.29412,321,100,0,0,0,0,0,0,46,0,0,5
140,1580,6.44444,348,100,0,0,0,0,0,0,46,0,0,8
141,1612,6.5,351,100,0,0,0,0,0,0,45,0,0,9
142,1572,6.55556,354,100,0,0,0,0,0,0,44,0,0,10
143,1700,6.39623,339,100,0,0,0,0,0,0,46,0,0,7
144,1820,6.42105,366,100,0,0,0,0,0,0,49,0,0,8
145,1744,6.44262,393,100,0,0,0,0,0,0,52,0,0,9
146,1708,6.43636,354,100,0,0,0,0,0,0,47,0,0,8
147,1720,6.73585,357,100,0,0,0,0,0,0,40,0,0,13
148,1420,6.27273,345,100,0,0,0,0,0,0,50,0,0,5
149,1484,6.61017,390,100,0,0,0,0,0,0,47,0,0,12
150,1412,6.72222,363,100,0,0,0,0,0,0,41,0,0,13
151,1372,6.83333,369,100,0,0,0,0,0,0,39,0,0,15
152,1484,6.5,390,100,0,0,0,0,0,0,50,0,0,10
153,1528,6.66102,393,100,0,0,0,0,0,0,46,0,0,13
154,1428,6.64286,372,100,0,0,0,0,0,0,44,0,0,12
155,1492,6.51724,378,100,0,0,0,0,0,0,48,0,0,10
156,1348,6.43548,399,100,0,0,0,0,0,0,53,0,0,9
157,1200,6.41379,372,100,0,0,0,0,0,0,50,0,0,8
158,1252,6.25,375,100,0,0,0,0,0,0,55,0,0,5
159,1356,6.68421,381,100,0,0,0,0,0,0,44,0,0,13
160,1340,6.5,390,100,0,0,0,0,0,0,50,0,0,10
161,1412,6.48333,389,100,0,0,0,0,0,0,50,0,1,9
162,1356,6.41379,372,100,0,0,0,0,0,0,50,0,0,8
163,1312,6.58065,408,100,0,0,0,0,0,0,50,0,0,12
164,1400,6.42857,405,100,0,0,0,0,0,0,54,0,0,9
165,1236,6.36842,363,100,0,0,0,0,0,0,50,0,0,7
166,1300,6.58929,369,100,0,0,0,0,0,0,45,0,0,11
167,1296,6.45,387,100,0,0,0,0,0,0,51,0,0,9
168,1340,6.46154,420,100,0,0,0,0,0,0,55,0,0,10
169,1380,6.50847,384,100,0,0,0,0,0,0,49,0,0,10
170,1316,6.35,381,100,0,0,0,0,0,0,53,0,0,7
171,1184,6.36207,369,100,0,0,0,0,0,0,51,0,0,7
172,1264,6.45,387,100,0,0,0,0,0,0,51,0,0,9
173,1524,6.7,402,100,0,0,0,0,0,0,46,0,0,14
174,1688,6.69643,375,100,0,0,0,0,0,0,43,0,0,13
175,1412,6.40678,378,100,0,0,0,0,0,0,51,0,0,8
176,1480,6.42857,405,100,0,0,0,0,0,0,54,0,0,9
177,1556,6.44262,393,100,0,0,0,0,0,0,52,0,0,9
178,1552,6.48387,402,100,0,0,0,0,0,0,52,0,0,10
179,1380,6.55,393,100,0,0,0,0,0,0,49,0,0,11
180,1436,6.58065,408,100,0,0,0,0,0,0,50,0,0,12
181,1484,6.47619,408,100,0,0,0,0,0,0,53,0,0,10
182,1384,6.38889,345,100,0,0,0,0,0,0,47,0,0,7
183,1488,6.54545,360,100,0,0,0,0,0,0,45,0,0,10
184,1496,6.54545,360,100,0,0,0,0,0,0,45,0,0,10
185,1636,6.45763,381,100,0,0,0,0,0,0,50,0,0,9
186,1724,6.44262,393,100,0,0,0,0,0,0,52,0,0,9
187,1372,6.42857,360,100,0,0,0,0,0,0,48,0,0,8
188,1304,6.40678,378,100,0,0,0,0,0,0,51,0,0,8
189,1296,6.58929,369,100,0,0,0,0,0,0,45,0,0,11
190,1304,6.35,381,100,0,0,0,0,0,0,53,0,0,7
191,1096,6.375,408,100,0,0,0,0,0,0,56,0,0,8
192,1344,6.24194,387,100,0,0,0,0,0,0,57,0,0,5
193,1480,6.33333,399,100,0,0,0,0,0,0,56,0,0,7
194,1408,6.2931,365,100,0,0,0,0,0,0,52,0,1,5
195,1432,6.36207,369,100,0,0,0,0,0,0,51,0,0,7
196,1608,6.48387,402,100,0,0,0,0,0,0,52,0,0,10
197,1400,6.5,390,100,0,0,0,0,0,0,50,0,0,10
198,1332,6.54545,360,100,0,0,0,0,0,0,45,0,0,10
199,1484,6.55,393,100,0,0,0,0,0,0,49,0,0,11
200,1448,6.33333,342,100,0,0,0,0,0,0,48,0,0,6
201,1364,6.44262,393,100,0,0,0,0,0,0,52,0,0,9
202,1276,6.36842,363,100,0,0,0,0,0,0,50,0,0,7
203,1432,6.61111,357,100,0,0,0,0,0,0,43,0,0,11
204,1804,6.68852,408,100,0,0,0,0,0,0,47,0,0,14
205,1380,6.54545,360,100,0,0,0,0,0,0,45,0,0,10
206,1780,6.71186,396,100,0,0,0,0,0,0,45,0,0,14
207,1692,6.67241,387,100,0,0,0,0,0,0,45,0,0,13
208,1704,6.55,393,100,0,0,0,0,0,0,49,0,0,11
209,1628,6.58929,369,100,0,0,0,0,0,0,45,0,0,11
210,1420,6.48214,363,100,0,0,0,0,0,0,47,0,0,9
211,1508,6.6,363,100,0,0,0,0,0,0,44,0,0,11
212,1488,6.33333,342,100,0,0,0,0,0,0,48,0,0,6
213,1400,6.47368,369,100,0,0,0,0,0,0,48,0,0,9
214,1468,6.31579,360,100,0,0,0,0,0,0,51,0,0,6
215,1608,6.51724,378,100,0,0,0,0,0,0,48,0,0,10
216,1456,6.64286,372,100,0,0,0,0,0,0,44,0,0,12
217,1572,6.84211,390,100,0,0,0,0,0,0,41,0,0,16
218,1484,6.65,399,100,0,0,0,0,0,0,47,0,0,13
219,1776,6.72414,390,100,0,0,0,0,0,0,44,0,0,14
220,1704,6.63934,405,100,0,0,0,0,0,0,48,0,0,13
221,1704,6.73684,384,100,0,0,0,0,0,0,43,0,0,14
222,1444,6.42105,366,100,0,0,0,0,0,0,49,0,0,8
223,1376,6.29032,390,100,0,0,0,0,0,0,56,0,0,6
224,1536,6.50847,384,100,0,0,0,0,0,0,49,0,0,10
225,1412,6.47368,369,100,0,0,0,0,0,0,48,0,0,9
226,1576,6.53571,366,100,0,0,0,0,0,0,46,0,0,10
227,1328,6.5,390,100,0,0,0,0,0,0,50,0,0,10
228,1244,6.26786,351,100,0,0,0,0,0,0,51,0,0,5
229,1328,6.4,384,100,0,0,0,0,0,0,52,0,0,8
230,1064,6.27273,345,100,0,0,0,0,0,0,50,0,0,5
231,1208,6.56604,348,100,0,0,0,0,0,0,43,0,0,10
232,1276,6.6,363,100,0,0,0,0,0,0,44,0,0,11
233,1288,6.59259,356,100,0,0,0,0,0,0,43,0,1,10
234,1344,6.46032,407,100,0,0,0,0,0,0,53,0,1,9
235,1292,6.48333,389,100,0,0,0,0,0,0,50,0,1,9
236,1380,6.41935,398,100,0,0,0,0,0,0,53,0,1,8
237,1312,6.4,384,100,0,0,0,0,0,0,52,0,0,8
238,1536,6.47619,408,100,0,0,0,0,0,0,53,0,0,10
239,1208,6.41379,372,100,0,0,0,0,0,0,50,0,0,8
240,1360,6.53226,405,100,0,0,0,0,0,0,51,0,0,11
241,1208,6.34426,387,100,0,0,0,0,0,0,54,0,0,7
242,1380,6.41538,417,100,0,0,0,0,0,0,56,0,0,9
243,1232,6.2459,381,100,0,0,0,0,0,0,56,0,0,5
244,1728,6.3871,396,100,0,0,0,0,0,0,54,0,0,8
245,1740,6.35,381,100,0,0,0,0,0,0,53,0,0,7
246,1568,6.32143,354,100,0,0,0,0,0,0,50,0,0,6
247,1776,6.52632,372,100,0,0,0,0,0,0,47,0,0,10
248,1668,6.55932,387,100,0,0,0,0,0,0,48,0,0,11
249,1540,6.63158,378,100,0,0,0,0,0,0,45,0,0,12
250,1676,6.82759,396,100,0,0,0,0,0,0,42,0,0,16
251,1608,6.92727,381,100,0,0,0,0,0,0,38,0,0,17
252,1700,6.7,402,100,0,0,0,0,0,0,46,0,0,14
253,1512,6.83333,369,100,0,0,0,0,0,0,39,0,0,15
254,1752,6.88525,420,100,0,0,0,0,0,0,43,0,0,18
255,1704,6.84375,438,100,0,0,0,0,0,0,46,0,0,18
256,1956,7.23214,405,100,0,0,0,0,0,0,33,0,0,23
257,1972,6.77586,393,100,0,0,0,0,0,0,43,0,0,15
258,2064,7.11111,384,100,0,0,0,0,0,0,34,0,0,20
259,1812,6.94737,396,100,0,0,0,0,0,0,39,0,0,18
260,1644,7.36364,405,100,0,0,0,0,0,0,30,0,0,25
261,1524,7.07143,396,100,0,0,0,0,0,0,36,0,0,20
262,1604,7.0678,417,100,0,0,0,0,0,0,38,0,0,21
263,1648,7.22034,426,100,0,0,0,0,0,0,35,0,0,24
264,2012,7.32787,447,100,0,0,0,0,0,0,34,0,0,27
265,1640,7.01786,393,100,0,0,0,0,0,0,37,0,0,19
266,1564,6.93443,423,100,0,0,0,0,0,0,42,0,0,19
267,1848,6.93103,402,100,0,0,0,0,0,0,40,0,0,18
268,1596,6.9,414,100,0,0,0,0,0,0,42,0,0,18
269,1504,7.03448,408,100,0,0,0,0,0,0,38,0,0,20
270,1508,6.98361,426,100,0,0,0,0,0,0,41,0,0,20
271,1472,7.03448,408,100,0,0,0,0,0,0,38,0,0,20
272,1628,7.18033,438,100,0,0,0,0,0,0,37,0,0,24
273,1368,6.98182,384,100,0,0,0,0,0,0,37,0,0,18
274,1700,7.08197,432,100,0,0,0,0,0,0,39,0,0,22
275,1584,6.89474,393,100,0,0,0,0,0,0,40,0,0,17
276,1620,6.91071,387,100,0,0,0,0,0,0,39,0,0,17
277,1532,6.82759,396,100,0,0,0,0,0,0,42,0,0,16
278,1500,6.82759,396,100,0,0,0,0,0,0,42,0,0,16
279,1380,6.81356,402,100,0,0,0,0,0,0,43,0,0,16
280,1500,7.10526,405,100,0,0,0,0,0,0,36,0,0,21
281,1472,6.80769,354,100,0,0,0,0,0,0,38,0,0,14
282,1620,6.98361,426,100,0,0,0,0,0,0,41,0,0,20
283,1476,6.92727,381,100,0,0,0,0,0,0,38,0,0,17
284,1388,6.84906,363,100,0,0,0,0,0,0,38,0,0,15
285,1684,7.11765,363,100,0,0,0,0,0,0,32,0,0,19
286,1536,7.03846,366,100,0,0,0,0,0,0,34,0,0,18
287,1572,7.22222,390,100,0,0,0,0,0,0,32,0,0,22
288,1912,7.36842,420,100,0,0,0,0,0,0,31,0,0,26
289,1868,7.11864,420,100,0,0,0,0,0,0,37,0,0,22
290,1784,7.25455,399,100,0,0,0,0,0,0,32,0,0,23
291,1928,7.04762,444,100,0,0,0,0,0,0,41,0,0,22
292,2040,7.10526,405,100,0,0,0,0,0,0,36,0,0,21
293,2456,7.08621,411,100,0,0,0,0,0,0,37,0,0,21
294,2288,7.01887,372,100,0,0,0,0,0,0,35,0,0,18
295,1972,7.26,363,100,0,0,0,0,0,0,29,0,0,21
296,2124,7.05263,402,100,0,0,0,0,0,0,37,0,0,20
297,1848,7.0566,374,100,0,0,0,0,0,0,34,0,1,18
298,1760,6.68421,381,100,0,0,0,0,0,0,44,0,0,13
299,1816,6.68421,381,100,0,0,0,0,0,0,44,0,0,13
300,2020,6.63158,378,100,0,0,0,0,0,0,45,0,0,12
301,1864,6.76364,372,100,0,0,0,0,0,0,41,0,0,14
302,1736,6.56897,381,100,0,0,0,0,0,0,47,0,0,11
303,1668,6.81818,375,100,0,0,0,0,0,0,40,0,0,15
304,1388,6.98276,405,100,0,0,0,0,0,0,39,0,0,19
305,1444,6.9661,411,100,0,0,0,0,0,0,40,0,0,19
306,1560,6.7,402,100,0,0,0,0,0,0,46,0,0,14
307,1716,6.65625,426,100,0,0,0,0,0,0,50,0,0,14
308,2044,6.77586,393,100,0,0,0,0,0,0,43,0,0,15
309,2248,6.83607,417,100,0,0,0,0,0,0,44,0,0,17
310,2100,6.81356,402,100,0,0,0,0,0,0,43,0,0,16
311,2288,6.96429,390,100,0,0,0,0,0,0,38,0,0,18
312,1524,6.62069,384,100,0,0,0,0,0,0,46,0,0,12
313,1592,6.82258,423,100,0,0,0,0,0,0,45,0,0,17
314,1656,6.66102,393,100,0,0,0,0,0,0,46,0,0,13
315,1652,6.72414,390,100,0,0,0,0,0,0,44,0,0,14
316,1684,6.76271,399,100,0,0,0,0,0,0,44,0,0,15
317,1668,6.63934,405,100,0,0,0,0,0,0,48,0,0,13
318,1596,6.76271,399,100,0,0,0,0,0,0,44,0,0,15
319,1764,6.81356,402,100,0,0,0,0,0,0,43,0,0,16
320,1636,6.98276,405,100,0,0,0,0,0,0,39,0,0,19
321,1556,6.88889,372,100,0,0,0,0,0,0,38,0,0,16
322,1676,6.94737,396,100,0,0,0,0,0,0,39,0,0,18
323,1816,6.91525,408,100,0,0,0,0,0,0,41,0,0,18
324,1680,7.06452,438,100,0,0,0,0,0,0,40,0,0,22
325,1768,7.08621,411,100,0,0,0,0,0,0,37,0,0,21
326,1940,6.98361,426,100,0,0,0,0,0,0,41,0,0,20
327,1852,7.44828,432,100,0,0,0,0,0,0,30,0,0,28
328,1884,7.37288,435,100,0,0,0,0,0,0,32,0,0,27
329,1732,7.16667,387,100,0,0,0,0,0,0,33,0,0,21
330,1736,7.15789,408,100,0,0,0,0,0,0,35,0,0,22
331,1700,7.05263,402,100,0,0,0,0,0,0,37,0,0,20
332,1752,7.26,363,100,0,0,0,0,0,0,29,0,0,21
333,1728,7.125,399,100,0,0,0,0,0,0,35,0,0,21
334,1924,7.10526,405,100,0,0,0,0,0,0,36,0,0,21
335,2248,7.18966,417,100,0,0,0,0,0,0,35,0,0,23
336,1924,7.35849,390,100,0,0,0,0,0,0,29,0,0,24
337,2096,7.36842,420,100,0,0,0,0,0,0,31,0,0,26
338,1988,6.98077,363,100,0,0,0,0,0,0,35,0,0,17
339,1464,7,399,100,0,0,0,0,0,0,38,0,0,19
340,1468,6.73684,384,100,0,0,0,0,0,0,43,0,0,14
341,1528,7.05556,381,100,0,0,0,0,0,0,35,0,0,19
342,1536,7.16327,351,100,0,0,0,0,0,0,30,0,0,19
343,1688,6.81356,402,100,0,0,0,0,0,0,43,0,0,16
344,1824,6.80357,381,100,0,0,0,0,0,0,41,0,0,15
345,1792,6.68421,381,100,0,0,0,0,0,0,44,0,0,13
346,1952,7.05263,402,100,0,0,0,0,0,0,37,0,0,20
347,1924,6.91071,387,100,0,0,0,0,0,0,39,0,0,17
348,1996,6.81818,375,100,0,0,0,0,0,0,40,0,0,15
349,1916,6.86441,405,100,0,0,0,0,0,0,42,0,0,17
350,1952,6.63934,405,100,0,0,0,0,0,0,48,0,0,13
351,2112,6.50847,384,100,0,0,0,0,0,0,49,0,0,10
352,1652,6.56897,381,100,0,0,0,0,0,0,47,0,0,11
353,1692,6.66102,393,100,0,0,0,0,0,0,46,0,0,13
354,1736,6.52381,411,100,0,0,0,0,0,0,52,0,0,11
355,1728,6.53571,366,100,0,0,0,0,0,0,46,0,0,10
356,1480,6.66,333,100,0,0,0,0,0,0,39,0,0,11
357,1660,6.76364,372,100,0,0,0,0,0,0,41,0,0,14
358,1572,6.86441,405,100,0,0,0,0,0,0,42,0,0,17
359,1900,7.05263,402,100,0,0,0,0,0,0,37,0,0,20
360,1668,6.83333,369,100,0,0,0,0,0,0,39,0,0,15
361,1644,6.80769,354,100,0,0,0,0,0,0,38,0,0,14
362,1636,6.85714,384,100,0,0,0,0,0,0,40,0,0,16
363,1560,6.81356,402,100,0,0,0,0,0,0,43,0,0,16
364,1572,6.96226,369,100,0,0,0,0,0,0,36,0,0,17
365,1644,6.81818,375,100,0,0,0,0,0,0,40,0,0,15
366,1988,6.93103,402,100,0,0,0,0,0,0,40,0,0,18
367,1844,6.87273,378,100,0,0,0,0,0,0,39,0,0,16
368,1816,6.94444,375,100,0,0,0,0,0,0,37,0,0,17
369,1924,7.11111,384,100,0,0,0,0,0,0,34,0,0,20
370,1936,6.78947,387,100,0,0,0,0,0,0,42,0,0,15
371,1640,6.98077,363,100,0,0,0,0,0,0,35,0,0,17
372,1736,6.69643,375,100,0,0,0,0,0,0,43,0,0,13
373,1852,6.86441,405,100,0,0,0,0,0,0,42,0,0,17
374,1912,6.63934,405,100,0,0,0,0,0,0,48,0,0,13
375,1736,6.64706,339,100,0,0,0,0,0,0,40,0,0,11
376,1624,6.67241,387,100,0,0,0,0,0,0,45,0,0,13
377,1560,6.61017,390,100,0,0,0,0,0,0,47,0,0,12
378,1544,6.78689,414,100,0,0,0,0,0,0,45,0,0,16
379,1700,6.62903,411,100,0,0,0,0,0,0,49,0,0,13
380,1640,6.61111,357,100,0,0,0,0,0,0,43,0,0,11
381,1496,6.66667,360,100,0,0,0,0,0,0,42,0,0,12
382,1760,6.75,378,100,0,0,0,0,0,0,42,0,0,14
383,1992,6.65,399,100,0,0,0,0,0,0,47,0,0,13
384,2044,6.87273,378,100,0,0,0,0,0,0,39,0,0,16
385,2500,7.11864,420,100,0,0,0,0,0,0,37,0,0,22
386,2736,7.2,396,100,0,0,0,0,0,0,33,0,0,22
387,2916,7.41509,393,100,0,0,0,0,0,0,28,0,0,25
388,3124,7.07143,396,100,0,0,0,0,0,0,36,0,0,20
389,2552,6.86538,357,100,0,0,0,0,0,0,37,0,0,15
390,2368,6.9375,333,100,0,0,0,0,0,0,33,0,0,15
391,2356,6.81818,375,100,0,0,0,0,0,0,40,0,0,15
392,2856,6.87273,378,100,0,0,0,0,0,0,39,0,0,16
393,2040,6.92727,381,100,0,0,0,0,0,0,38,0,0,17
394,1880,6.75,378,100,0,0,0,0,0,0,42,0,0,14
395,1560,6.66667,380,100,0,0,0,0,0,0,44,0,1,12
396,1768,6.63934,405,100,0,0,0,0,0,0,48,0,0,13
397,1996,6.42857,360,100,0,0,0,0,0,0,48,0,0,8
398,1836,6.66667,360,100,0,0,0,0,0,0,42,0,0,12
399,1796,6.75,351,100,0,0,0,0,0,0,39,0,0,13
400,1588,6.6,363,100,0,0,0,0,0,0,44,0,0,11
401,1576,6.43636,354,100,0,0,0,0,0,0,47,0,0,8
402,1904,6.8,408,100,0,0,0,0,0,0,44,0,0,16
403,1680,6.58929,369,100,0,0,0,0,0,0,45,0,0,11
404,1724,6.73684,384,100,0,0,0,0,0,0,43,0,0,14
405,1656,6.58929,369,100,0,0,0,0,0,0,45,0,0,11
406,1616,6.52632,372,100,0,0,0,0,0,0,47,0,0,10
407,2004,6.71186,396,100,0,0,0,0,0,0,45,0,0,14
408,2104,6.86441,405,100,0,0,0,0,0,0,42,0,0,17
409,2440,7.21053,411,100,0,0,0,0,0,0,34,0,0,23
410,2448,7.14545,393,100,0,0,0,0,0,0,34,0,0,21
411,2580,7.34483,426,100,0,0,0,0,0,0,32,0,0,26
412,2020,7.27778,393,100,0,0,0,0,0,0,31,0,0,23
413,2260,7.17857,402,100,0,0,0,0,0,0,34,0,0,22
414,1784,7,357,100,0,0,0,0,0,0,34,0,0,17
415,2172,7.44444,402,100,0,0,0,0,0,0,28,0,0,26
416,2076,6.96226,369,100,0,0,0,0,0,0,36,0,0,17
417,2132,6.69643,375,100,0,0,0,0,0,0,43,0,0,13
418,2068,6.64706,339,100,0,0,0,0,0,0,40,0,0,11
419,2128,6.81356,402,100,0,0,0,0,0,0,43,0,0,16
420,2096,6.56897,381,100,0,0,0,0,0,0,47,0,0,11
421,1948,6.69643,375,100,0,0,0,0,0,0,43,0,0,13
422,1696,6.91071,387,100,0,0,0,0,0,0,39,0,0,17
423,1700,6.98438,447,100,0,0,0,0,0,0,43,0,0,21
424,1796,6.71429,423,100,0,0,0,0,0,0,48,0,0,15
425,1836,6.83077,444,100,0,0,0,0,0,0,47,0,0,18
426,1840,6.9,414,100,0,0,0,0,0,0,42,0,0,18
427,1680,6.71429,423,100,0,0,0,0,0,0,48,0,0,15
428,1720,6.71429,423,100,0,0,0,0,0,0,48,0,0,15
429,1740,6.75806,419,100,0,0,0,0,0,0,46,0,1,15
430,1620,6.76364,372,100,0,0,0,0,0,0,41,0,0,14
431,1852,7.01695,414,100,0,0,0,0,0,0,39,0,0,20
432,2064,6.96429,390,100,0,0,0,0,0,0,38,0,0,18
433,1804,6.93103,402,100,0,0,0,0,0,0,40,0,0,18
434,2120,7.03448,408,100,0,0,0,0,0,0,38,0,0,20
435,1736,6.55932,387,100,0,0,0,0,0,0,48,0,0,11
436,1428,6.31579,360,100,0,0,0,0,0,0,51,0,0,6
437,1632,6.53333,392,100,0,0,0,0,0,0,49,0,1,10
438,1672,6.76271,399,100,0,0,0,0,0,0,44,0,0,15
439,1832,6.77586,393,100,0,0,0,0,0,0,43,0,0,15
440,1920,6.85,411,100,0,0,0,0,0,0,43,0,0,17
441,2060,6.93443,423,100,0,0,0,0,0,0,42,0,0,19
442,1848,6.88525,420,100,0,0,0,0,0,0,43,0,0,18
443,1576,6.91071,387,100,0,0,0,0,0,0,39,0,0,17
444,1752,7.125,399,100,0,0,0,0,0,0,35,0,0,21
445,1812,7.2,432,100,0,0,0,0,0,0,36,0,0,24
446,1688,7.03448,408,100,0,0,0,0,0,0,38,0,0,20
447,1708,6.81356,402,100,0,0,0,0,0,0,43,0,0,16
448,1720,6.93103,402,100,0,0,0,0,0,0,40,0,0,18
449,2020,7.18966,417,100,0,0,0,0,0,0,35,0,0,23
450,2056,7.15,429,100,0,0,0,0,0,0,37,0,0,23
451,2116,7.27119,429,100,0,0,0,0,0,0,34,0,0,25
452,1748,7.42105,423,100,0,0,0,0,0,0,30,0,0,27
453,2256,7.16949,423,100,0,0,0,0,0,0,36,0,0,23
454,1752,7.30909,402,100,0,0,0,0,0,0,31,0,0,24
455,2024,7.47458,441,100,0,0,0,0,0,0,30,0,0,29
456,1644,7.24138,420,100,0,0,0,0,0,0,34,0,0,24
457,1764,7.0678,417,100,0,0,0,0,0,0,38,0,0,21
458,2220,7.21875,462,100,0,0,0,0,0,0,38,0,0,26
459,1796,6.94737,396,100,0,0,0,0,0,0,39,0,0,18
460,1364,6.7,402,100,0,0,0,0,0,0,46,0,0,14
461,1584,6.80952,429,100,0,0,0,0,0,0,46,0,0,17
462,1652,6.89062,441,100,0,0,0,0,0,0,45,0,0,19
463,1248,6.67241,387,100,0,0,0,0,0,0,45,0,0,13
464,1268,6.61905,417,100,0,0,0,0,0,0,50,0,0,13
465,1500,6.83607,417,100,0,0,0,0,0,0,44,0,0,17
466,1704,6.68852,408,100,0,0,0,0,0,0,47,0,0,14
467,1752,6.84211,390,100,0,0,0,0,0,0,41,0,0,16
468,1848,6.86441,405,100,0,0,0,0,0,0,42,0,0,17
469,1616,6.76271,399,100,0,0,0,0,0,0,44,0,0,15
470,1848,6.84211,390,100,0,0,0,0,0,0,41,0,0,16
471,1976,6.9,414,100,0,0,0,0,0,0,42,0,0,18
472,2012,7.03448,408,100,0,0,0,0,0,0,38,0,0,20
473,1800,6.71186,396,100,0,0,0,0,0,0,45,0,0,14
474,1768,6.67925,354,100,0,0,0,0,0,0,41,0,0,12
475,2252,6.85714,432,100,0,0,0,0,0,0,45,0,0,18
476,2040,6.73684,384,100,0,0,0,0,0,0,43,0,0,14
477,2168,6.66667,360,100,0,0,0,0,0,0,42,0,0,12
478,1844,6.6,363,100,0,0,0,0,0,0,44,0,0,11
479,1800,6.67241,387,100,0,0,0,0,0,0,45,0,0,13
480,1708,6.47619,408,100,0,0,0,0,0,0,53,0,0,10
481,1704,6.46552,375,100,0,0,0,0,0,0,49,0,0,9
482,1688,6.78947,387,100,0,0,0,0,0,0,42,0,0,15
483,1664,6.86441,405,100,0,0,0,0,0,0,42,0,0,17
484,1704,6.55932,387,100,0,0,0,0,0,0,48,0,0,11
485,1708,6.61111,357,100,0,0,0,0,0,0,43,0,0,11
486,1788,6.67925,354,100,0,0,0,0,0,0,41,0,0,12
487,1760,6.94444,375,100,0,0,0,0,0,0,37,0,0,17
488,1760,6.96226,369,100,0,0,0,0,0,0,36,0,0,17
489,2332,7.2,396,100,0,0,0,0,0,0,33,0,0,22
490,2292,7.09091,390,100,0,0,0,0,0,0,35,0,0,20
491,2240,7.15385,372,100,0,0,0,0,0,0,32,0,0,20
492,2104,7.10526,405,100,0,0,0,0,0,0,36,0,0,21
493,1968,7.03636,387,100,0,0,0,0,0,0,36,0,0,19
494,1796,7.22222,390,100,0,0,0,0,0,0,32,0,0,22
495,2308,7.39286,414,100,0,0,0,0,0,0,30,0,0,26
496,2468,7.15385,372,100,0,0,0,0,0,0,32,0,0,20
497,2012,6.90566,366,100,0,0,0,0,0,0,37,0,0,16
498,2100,7.125,399,100,0,0,0,0,0,0,35,0,0,21
499,2068,7.23214,405,100,0,0,0,0,0,0,33,0,0,23
500,1964,7.24138,420,100,0,0,0,0,0,0,34,0,0,24
501,2152,7.32787,447,100,0,0,0,0,0,0,34,0,0,27
502,2064,7.58182,417,100,0,0,0,0,0,0,26,0,0,29
503,1908,7.32203,432,100,0,0,0,0,0,0,33,0,0,26
504,1836,7.41509,393,100,0,0,0,0,0,0,28,0,0,25
505,1808,7.17857,402,100,0,0,0,0,0,0,34,0,0,22
506,2068,7.33929,411,100,0,0,0,0,0,0,31,0,0,25
507,2096,7.1129,441,100,0,0,0,0,0,0,39,0,0,23
508,2340,7.33929,411,100,0,0,0,0,0,0,31,0,0,25
509,1716,7.1875,345,100,0,0,0,0,0,0,29,0,0,19
510,2088,7.31579,417,100,0,0,0,0,0,0,32,0,0,25
511,2440,7.1,426,100,0,0,0,0,0,0,38,0,0,22
512,2504,6.91525,408,100,0,0,0,0,0,0,41,0,0,18
513,2420,6.92727,381,100,0,0,0,0,0,0,38,0,0,17
514,2052,7.01786,393,100,0,0,0,0,0,0,37,0,0,19
515,2772,7.39655,429,100,0,0,0,0,0,0,31,0,0,27
516,2528,7.39286,414,100,0,0,0,0,0,0,30,0,0,26
517,2272,7.5,420,100,0,0,0,0,0,0,28,0,0,28
518,2316,7.0678,417,100,0,0,0,0,0,0,38,0,0,21
519,2636,7.27119,429,100,0,0,0,0,0,0,34,0,0,25
520,2304,7.27119,429,100,0,0,0,0,0,0,34,0,0,25
521,1876,7.42105,423,100,0,0,0,0,0,0,30,0,0,27
522,1856,7.18868,381,100,0,0,0,0,0,0,32,0,0,21
523,1964,7.33333,396,100,0,0,0,0,0,0,30,0,0,24
524,1796,7.28571,357,100,0,0,0,0,0,0,28,0,0,21
525,2336,7.03448,408,100,0,0,0,0,0,0,38,0,0,20
526,2140,7.10526,405,100,0,0,0,0,0,0,36,0,0,21
527,2300,6.96429,390,100,0,0,0,0,0,0,38,0,0,18
528,1916,6.92308,360,100,0,0,0,0,0,0,36,0,0,16
529,1964,6.77586,393,100,0,0,0,0,0,0,43,0,0,15
530,2180,6.84211,390,100,0,0,0,0,0,0,41,0,0,16
531,2384,6.9661,411,100,0,0,0,0,0,0,40,0,0,19
532,1952,6.93103,402,100,0,0,0,0,0,0,40,0,0,18
533,1832,7.09091,390,100,0,0,0,0,0,0,35,0,0,20
534,1832,7.13793,414,100,0,0,0,0,0,0,36,0,0,22
535,1648,6.81818,375,100,0,0,0,0,0,0,40,0,0,15
536,1856,6.76364,372,100,0,0,0,0,0,0,41,0,0,14
537,1888,6.85714,384,100,0,0,0,0,0,0,40,0,0,16
538,2180,6.42857,360,100,0,0,0,0,0,0,48,0,0,8
539,2216,6.5,390,100,0,0,0,0,0,0,50,0,0,10
540,2116,6.74545,371,100,0,0,0,0,0,0,41,0,1,13
541,1828,6.83333,369,100,0,0,0,0,0,0,39,0,0,15
542,1576,6.69643,375,100,0,0,0,0,0,0,43,0,0,13
543,1812,6.79245,360,100,0,0,0,0,0,0,39,0,0,14
544,2032,6.56897,381,100,0,0,0,0,0,0,47,0,0,11
545,2028,6.79245,360,100,0,0,0,0,0,0,39,0,0,14
546,1964,6.81356,402,100,0,0,0,0,0,0,43,0,0,16
547,1892,7.02,351,100,0,0,0,0,0,0,33,0,0,17
548,1836,7.03636,387,100,0,0,0,0,0,0,36,0,0,19
549,1876,7.03636,387,100,0,0,0,0,0,0,36,0,0,19
550,1944,7.05263,402,100,0,0,0,0,0,0,37,0,0,20
551,1728,6.94444,375,100,0,0,0,0,0,0,37,0,0,17
552,1728,7.14,357,100,0,0,0,0,0,0,31,0,0,19
553,1788,6.69643,375,100,0,0,0,0,0,0,43,0,0,13
554,1808,6.94444,375,100,0,0,0,0,0,0,37,0,0,17
555,1776,6.75,405,100,0,0,0,0,0,0,45,0,0,15
556,1680,6.68421,381,100,0,0,0,0,0,0,44,0,0,13
557,1768,6.50847,384,100,0,0,0,0,0,0,49,0,0,10
558,1736,6.54545,360,100,0,0,0,0,0,0,45,0,0,10
559,1940,6.40678,378,100,0,0,0,0,0,0,51,0,0,8
560,2072,6.66667,360,100,0,0,0,0,0,0,42,0,0,12
561,1680,6.27273,345,100,0,0,0,0,0,0,50,0,0,5
562,1840,6.51724,378,100,0,0,0,0,0,0,48,0,0,10
563,1652,6.36842,363,100,0,0,0,0,0,0,50,0,0,7
564,1672,6.52632,372,100,0,0,0,0,0,0,47,0,0,10
565,1580,6.42105,366,100,0,0,0,0,0,0,49,0,0,8
566,1712,6.32727,348,100,0,0,0,0,0,0,49,0,0,6
567,1808,6.48214,363,100,0,0,0,0,0,0,47,0,0,9
568,1640,6.66667,360,100,0,0,0,0,0,0,42,0,0,12
569,1664,6.36207,369,100,0,0,0,0,0,0,51,0,0,7
570,1640,6.33962,336,100,0,0,0,0,0,0,47,0,0,6
571,1496,6.36207,369,100,0,0,0,0,0,0,51,0,0,7
572,1780,6.28125,402,100,0,0,0,0,0,0,58,0,0,6
573,1896,6.40678,378,100,0,0,0,0,0,0,51,0,0,8
574,1656,6.38182,351,100,0,0,0,0,0,0,48,0,0,7
575,1936,6.53571,366,100,0,0,0,0,0,0,46,0,0,10
576,1936,6.65455,366,100,0,0,0,0,0,0,43,0,0,12
577,1756,6.41379,372,100,0,0,0,0,0,0,50,0,0,8
578,1804,6.67925,354,100,0,0,0,0,0,0,41,0,0,12
579,1552,6.57895,375,100,0,0,0,0,0,0,46,0,0,11
580,1792,6.67241,387,100,0,0,0,0,0,0,45,0,0,13
581,1760,6.87097,426,100,0,0,0,0,0,0,44,0,0,18
582,1548,6.73684,384,100,0,0,0,0,0,0,43,0,0,14
583,1444,6.77778,366,100,0,0,0,0,0,0,40,0,0,14
584,1816,6.7,402,100,0,0,0,0,0,0,46,0,0,14
585,1776,6.52632,372,100,0,0,0,0,0,0,47,0,0,10
586,1636,6.68421,381,100,0,0,0,0,0,0,44,0,0,13
587,1936,6.67241,387,100,0,0,0,0,0,0,45,0,0,13
588,1704,6.48214,363,100,0,0,0,0,0,0,47,0,0,9
589,2020,6.52632,372,100,0,0,0,0,0,0,47,0,0,10
590,1588,6.46552,375,100,0,0,0,0,0,0,49,0,0,9
591,1648,6.375,408,100,0,0,0,0,0,0,56,0,0,8
592,1676,6.29032,390,100,0,0,0,0,0,0,56,0,0,6
593,1624,6.49254,435,100,0,0,0,0,0,0,56,0,0,11
594,1584,6.14754,375,100,0,0,0,0,0,0,58,0,0,3
595,1512,6.1875,396,100,0,0,0,0,0,0,60,0,0,4
596,1644,6.33871,393,100,0,0,0,0,0,0,55,0,0,7
597,1728,6.2381,393,100,0,0,0,0,0,0,58,0,0,5
598,1752,6.45763,381,100,0,0,0,0,0,0,50,0,0,9
599,1724,6.31034,366,100,0,0,0,0,0,0,52,0,0,6
600,1824,6.5,390,100,0,0,0,0,0,0,50,0,0,10
601,1868,6.68421,381,100,0,0,0,0,0,0,44,0,0,13
602,1672,6.48214,363,100,0,0,0,0,0,0,47,0,0,9
603,1616,6.52632,372,100,0,0,0,0,0,0,47,0,0,10
604,1604,6.67241,387,100,0,0,0,0,0,0,45,0,0,13
605,1636,6.56897,381,100,0,0,0,0,0,0,47,0,0,11
606,1672,6.54098,399,100,0,0,0,0,0,0,50,0,0,11
607,1500,6.64286,372,100,0,0,0,0,0,0,44,0,0,12
608,1472,6.63158,378,100,0,0,0,0,0,0,45,0,0,12
609,1476,6.63158,378,100,0,0,0,0,0,0,45,0,0,12
610,1524,6.4918,396,100,0,0,0,0,0,0,51,0,0,10
611,1524,6.65,399,100,0,0,0,0,0,0,47,0,0,13
612,1412,6.54545,360,100,0,0,0,0,0,0,45,0,0,10
613,1628,6.68421,381,100,0,0,0,0,0,0,44,0,0,13
614,1680,6.75,378,100,0,0,0,0,0,0,42,0,0,14
615,1568,6.72222,363,100,0,0,0,0,0,0,41,0,0,13
616,1524,6.64286,372,100,0,0,0,0,0,0,44,0,0,12
617,1524,6.9,414,100,0,0,0,0,0,0,42,0,0,18
618,1672,6.87931,399,100,0,0,0,0,0,0,41,0,0,17
619,1708,6.77586,393,100,0,0,0,0,0,0,43,0,0,15
620,1860,6.94737,396,100,0,0,0,0,0,0,39,0,0,18
621,1648,6.93443,423,100,0,0,0,0,0,0,42,0,0,19
622,1392,6.82258,423,100,0,0,0,0,0,0,45,0,0,17
623,1512,6.82759,396,100,0,0,0,0,0,0,42,0,0,16
624,1588,6.9661,411,100,0,0,0,0,0,0,40,0,0,19
625,1632,6.98361,426,100,0,0,0,0,0,0,41,0,0,20
626,1700,6.98182,384,100,0,0,0,0,0,0,37,0,0,18
627,1808,7.03448,408,100,0,0,0,0,0,0,38,0,0,20
628,1672,6.73684,384,100,0,0,0,0,0,0,43,0,0,14
629,1616,7.03636,387,100,0,0,0,0,0,0,36,0,0,19
630,1344,6.56604,348,100,0,0,0,0,0,0,43,0,0,10
631,1580,6.64286,372,100,0,0,0,0,0,0,44,0,0,12
632,1668,6.61017,390,100,0,0,0,0,0,0,47,0,0,12
633,1648,6.53571,366,100,0,0,0,0,0,0,46,0,0,10
634,1856,6.54098,399,100,0,0,0,0,0,0,50,0,0,11
635,1484,6.53571,366,100,0,0,0,0,0,0,46,0,0,10
636,1296,6.50943,345,100,0,0,0,0,0,0,44,0,0,9
637,1472,6.69643,375,100,0,0,0,0,0,0,43,0,0,13
638,1452,6.57895,375,100,0,0,0,0,0,0,46,0,0,11
639,1296,6.7377,411,100,0,0,0,0,0,0,46,0,0,15
640,1324,6.50847,384,100,0,0,0,0,0,0,49,0,0,10
641,1324,6.35593,375,100,0,0,0,0,0,0,52,0,0,7
642,1372,6.46552,375,100,0,0,0,0,0,0,49,0,0,9
643,1536,6.46875,414,100,0,0,0,0,0,0,54,0,0,10
644,1268,6.35593,375,100,0,0,0,0,0,0,52,0,0,7
645,1340,6.50847,384,100,0,0,0,0,0,0,49,0,0,10
646,1352,6.50847,384,100,0,0,0,0,0,0,49,0,0,10
647,1520,6.42105,366,100,0,0,0,0,0,0,49,0,0,8
648,1552,6.4918,396,100,0,0,0,0,0,0,51,0,0,10
649,1352,6.53571,366,100,0,0,0,0,0,0,46,0,0,10
650,1468,6.72414,390,100,0,0,0,0,0,0,44,0,0,14
651,1360,6.5,390,100,0,0,0,0,0,0,50,0,0,10
652,1332,6.54717,347,100,0,0,0,0,0,0,43,0,1,9
653,1352,6.55,393,100,0,0,0,0,0,0,49,0,0,11
654,1284,6.7,402,100,0,0,0,0,0,0,46,0,0,14
655,1344,6.8,408,100,0,0,0,0,0,0,44,0,0,16
656,1248,6.62264,351,100,0,0,0,0,0,0,42,0,0,11
657,1444,6.66102,393,100,0,0,0,0,0,0,46,0,0,13
658,1508,6.75,405,100,0,0,0,0,0,0,45,0,0,15
659,1776,6.69231,435,100,0,0,0,0,0,0,50,0,0,15
660,1564,6.66102,393,100,0,0,0,0,0,0,46,0,0,13
661,1404,6.86538,357,100,0,0,0,0,0,0,37,0,0,15
662,1624,6.49153,383,100,0,0,0,0,0,0,49,0,1,9
663,1412,6.34426,387,100,0,0,0,0,0,0,54,0,0,7
664,1348,6.58065,408,100,0,0,0,0,0,0,50,0,0,12
665,1468,6.54545,432,100,0,0,0,0,0,0,54,0,0,12
666,1440,6.61017,390,100,0,0,0,0,0,0,47,0,0,12
667,1924,7.05,423,100,0,0,0,0,0,0,39,0,0,21
668,1712,6.79245,360,100,0,0,0,0,0,0,39,0,0,14
669,1668,6.64286,372,100,0,0,0,0,0,0,44,0,0,12
670,1792,6.56897,381,100,0,0,0,0,0,0,47,0,0,11
671,1596,6.77778,366,100,0,0,0,0,0,0,40,0,0,14
672,1552,6.5,351,100,0,0,0,0,0,0,45,0,0,9
673,1704,6.87931,399,100,0,0,0,0,0,0,41,0,0,17
674,1376,6.64286,372,100,0,0,0,0,0,0,44,0,0,12
675,1428,6.7377,411,100,0,0,0,0,0,0,46,0,0,15
676,1472,6.73684,384,100,0,0,0,0,0,0,43,0,0,14
677,1424,6.89474,393,100,0,0,0,0,0,0,40,0,0,17
678,1512,6.6,396,100,0,0,0,0,0,0,48,0,0,12
679,1564,6.54098,399,100,0,0,0,0,0,0,50,0,0,11
680,1400,6.56897,381,100,0,0,0,0,0,0,47,0,0,11
681,1508,6.61111,357,100,0,0,0,0,0,0,43,0,0,11
682,1396,6.56604,348,100,0,0,0,0,0,0,43,0,0,10
683,1700,6.65,399,100,0,0,0,0,0,0,47,0,0,13
684,1692,6.55,393,100,0,0,0,0,0,0,49,0,0,11
685,1804,6.70909,369,100,0,0,0,0,0,0,42,0,0,13
686,2004,6.68421,381,100,0,0,0,0,0,0,44,0,0,13
687,1568,6.42857,315,100,0,0,0,0,0,0,42,0,0,7
688,1800,6.38182,351,100,0,0,0,0,0,0,48,0,0,7
689,1696,6.36842,363,100,0,0,0,0,0,0,50,0,0,7
690,1548,6.32143,354,100,0,0,0,0,0,0,50,0,0,6
691,1492,6.38889,345,100,0,0,0,0,0,0,47,0,0,7
692,1612,6.31034,366,100,0,0,0,0,0,0,52,0,0,6
693,1524,6.30508,372,100,0,0,0,0,0,0,53,0,0,6
694,1676,6.22581,386,100,0,0,0,0,0,0,57,0,1,4
695,1676,6.32787,386,100,0,0,0,0,0,0,54,0,1,6
696,1792,6.30508,372,100,0,0,0,0,0,0,53,0,0,6
697,1644,6.45,387,100,0,0,0,0,0,0,51,0,0,9
698,1624,6.44262,393,100,0,0,0,0,0,0,52,0,0,9
699,1872,6.46552,375,100,0,0,0,0,0,0,49,0,0,9
700,2132,6.42857,360,100,0,0,0,0,0,0,48,0,0,8
701,1956,6.16981,327,100,0,0,0,0,0,0,50,0,0,3
702,2168,6.64286,372,100,0,0,0,0,0,0,44,0,0,12
703,2196,6.67241,387,100,0,0,0,0,0,0,45,0,0,13
704,2020,6.46552,375,100,0,0,0,0,0,0,49,0,0,9
705,1792,6.58929,369,100,0,0,0,0,0,0,45,0,0,11
706,1660,6.78947,387,100,0,0,0,0,0,0,42,0,0,15
707,1576,6.67925,354,100,0,0,0,0,0,0,41,0,0,12
708,1968,6.7,402,100,0,0,0,0,0,0,46,0,0,14
709,1800,6.51724,378,100,0,0,0,0,0,0,48,0,0,10
710,1912,6.55,393,100,0,0,0,0,0,0,49,0,0,11
711,1796,6.51724,378,100,0,0,0,0,0,0,48,0,0,10
712,1728,6.69643,375,100,0,0,0,0,0,0,43,0,0,13
713,1656,6.65455,366,100,0,0,0,0,0,0,43,0,0,12
714,1680,6.73585,357,100,0,0,0,0,0,0,40,0,0,13
715,1676,6.8,408,100,0,0,0,0,0,0,44,0,0,16
716,1628,7.05556,381,100,0,0,0,0,0,0,35,0,0,19
717,2088,6.85,411,100,0,0,0,0,0,0,43,0,0,17
718,1848,7.08621,411,100,0,0,0,0,0,0,37,0,0,21
719,1928,7.01695,414,100,0,0,0,0,0,0,39,0,0,20
720,1904,7.30909,402,100,0,0,0,0,0,0,31,0,0,24
721,1928,6.88889,372,100,0,0,0,0,0,0,38,0,0,16
722,2304,6.83333,369,100,0,0,0,0,0,0,39,0,0,15
723,2728,6.96226,369,100,0,0,0,0,0,0,36,0,0,17
724,2596,6.94118,354,100,0,0,0,0,0,0,35,0,0,16
725,2196,6.67925,354,100,0,0,0,0,0,0,41,0,0,12
726,2400,6.72414,390,100,0,0,0,0,0,0,44,0,0,14
727,2228,6.86538,357,100,0,0,0,0,0,0,37,0,0,15
728,2260,6.76271,399,100,0,0,0,0,0,0,44,0,0,15
729,1920,6.90566,366,100,0,0,0,0,0,0,37,0,0,16
730,1824,6.84211,390,100,0,0,0,0,0,0,41,0,0,16
731,2148,6.9,414,100,0,0,0,0,0,0,42,0,0,18
732,2104,6.93103,402,100,0,0,0,0,0,0,40,0,0,18
733,1896,6.71186,396,100,0,0,0,0,0,0,45,0,0,14
734,1672,6.92727,381,100,0,0,0,0,0,0,38,0,0,17
735,2056,7.11864,420,100,0,0,0,0,0,0,37,0,0,22
736,1756,6.96429,390,100,0,0,0,0,0,0,38,0,0,18
737,1484,7.07547,375,100,0,0,0,0,0,0,34,0,0,19
738,1792,6.86441,405,100,0,0,0,0,0,0,42,0,0,17
739,1580,6.7,402,100,0,0,0,0,0,0,46,0,0,14
740,1672,6.69231,435,100,0,0,0,0,0,0,50,0,0,15
741,1616,6.64286,372,100,0,0,0,0,0,0,44,0,0,12
742,1440,6.66102,393,100,0,0,0,0,0,0,46,0,0,13
743,1340,6.55,393,100,0,0,0,0,0,0,49,0,0,11
744,1512,6.72131,410,100,0,0,0,0,0,0,46,0,1,14
745,1564,6.86207,398,100,0,0,0,0,0,0,41,0,1,16
746,1612,6.78333,407,100,0,0,0,0,0,0,44,0,1,15
747,1836,6.55932,387,100,0,0,0,0,0,0,48,0,0,11
748,1748,6.7,402,100,0,0,0,0,0,0,46,0,0,14
749,1772,6.8,408,100,0,0,0,0,0,0,44,0,0,16
750,1376,6.70588,342,100,0,0,0,0,0,0,39,0,0,12
751,1312,6.63158,378,100,0,0,0,0,0,0,45,0,0,12
752,1664,6.3871,396,100,0,0,0,0,0,0,54,0,0,8
753,1624,6.55932,387,100,0,0,0,0,0,0,48,0,0,11
754,1788,6.47619,408,100,0,0,0,0,0,0,53,0,0,10
755,1508,6.5,390,100,0,0,0,0,0,0,50,0,0,10
756,1528,6.49153,383,100,0,0,0,0,0,0,49,0,1,9
757,1200,6.47458,382,100,0,0,0,0,0,0,49,0,2,8
758,1296,6.33898,374,100,0,0,0,0,0,0,52,0,1,6
759,1372,6.26786,351,100,0,0,0,0,0,0,51,0,0,5
760,1840,6.45455,426,100,0,0,0,0,0,0,56,0,0,10
761,1968,6.4918,396,100,0,0,0,0,0,0,51,0,0,10
762,1888,6.33333,399,100,0,0,0,0,0,0,56,0,0,7
763,1456,6.28571,396,100,0,0,0,0,0,0,57,0,0,6
764,1560,6.4918,396,100,0,0,0,0,0,0,51,0,0,10
765,1652,6.4918,396,100,0,0,0,0,0,0,51,0,0,10
766,1264,6.30508,372,100,0,0,0,0,0,0,53,0,0,6
767,1496,6.24194,387,100,0,0,0,0,0,0,57,0,0,5
768,1244,6.26786,351,100,0,0,0,0,0,0,51,0,0,5
769,1304,6.21053,354,100,0,0,0,0,0,0,53,0,0,4
770,1520,6.25,375,100,0,0,0,0,0,0,55,0,0,5
771,1644,6.33333,399,100,0,0,0,0,0,0,56,0,0,7
772,1620,6.14516,381,100,0,0,0,0,0,0,59,0,0,3
773,1840,6.31034,366,100,0,0,0,0,0,0,52,0,0,6
774,1900,6.15517,357,100,0,0,0,0,0,0,55,0,0,3
775,1684,6.21818,342,100,0,0,0,0,0,0,51,0,0,4
776,1864,6.26316,357,100,0,0,0,0,0,0,52,0,0,5
777,1428,6.35593,375,100,0,0,0,0,0,0,52,0,0,7
778,1268,6.32143,354,100,0,0,0,0,0,0,50,0,0,6
779,1416,6.43548,399,100,0,0,0,0,0,0,53,0,0,9
780,1440,6.52632,372,100,0,0,0,0,0,0,47,0,0,10
781,1372,6.55,393,100,0,0,0,0,0,0,49,0,0,11
782,1100,6.57692,342,100,0,0,0,0,0,0,42,0,0,10
783,1384,6.57895,375,100,0,0,0,0,0,0,46,0,0,11
784,1572,6.43548,399,100,0,0,0,0,0,0,53,0,0,9
785,1648,6.59016,402,100,0,0,0,0,0,0,49,0,0,12
786,1612,6.63158,378,100,0,0,0,0,0,0,45,0,0,12
787,1408,6.36207,369,100,0,0,0,0,0,0,51,0,0,7
788,1372,6.39344,390,100,0,0,0,0,0,0,53,0,0,8
789,1560,6.57143,414,100,0,0,0,0,0,0,51,0,0,12
790,1564,6.55,393,100,0,0,0,0,0,0,49,0,0,11
791,1308,6.54545,360,100,0,0,0,0,0,0,45,0,0,10
792,1596,6.45763,381,100,0,0,0,0,0,0,50,0,0,9
793,1728,6.71186,396,100,0,0,0,0,0,0,45,0,0,14
794,1768,6.57143,414,100,0,0,0,0,0,0,51,0,0,12
795,1596,6.63158,378,100,0,0,0,0,0,0,45,0,0,12
796,1488,6.67241,387,100,0,0,0,0,0,0,45,0,0,13
797,1448,6.51562,417,100,0,0,0,0,0,0,53,0,0,11
798,1380,6.53226,405,100,0,0,0,0,0,0,51,0,0,11
799,1260,6.58065,408,100,0,0,0,0,0,0,50,0,0,12
800,1424,6.375,408,100,0,0,0,0,0,0,56,0,0,8
801,1472,6.60938,423,100,0,0,0,0,0,0,51,0,0,13
802,1420,6.58065,408,100,0,0,0,0,0,0,50,0,0,12
803,1672,6.46875,414,100,0,0,0,0,0,0,54,0,0,10
804,1604,6.65,399,100,0,0,0,0,0,0,47,0,0,13
805,1292,6.43548,399,100,0,0,0,0,0,0,53,0,0,9
806,1980,6.84375,438,100,0,0,0,0,0,0,46,0,0,18
807,1920,6.83607,417,100,0,0,0,0,0,0,44,0,0,17
808,1920,6.73846,438,100,0,0,0,0,0,0,49,0,0,16
809,1724,6.62903,411,100,0,0,0,0,0,0,49,0,0,13
810,1348,6.51724,378,100,0,0,0,0,0,0,48,0,0,10
811,1692,6.54098,399,100,0,0,0,0,0,0,50,0,0,11
812,1484,6.57143,414,100,0,0,0,0,0,0,51,0,0,12
813,1452,6.55,393,100,0,0,0,0,0,0,49,0,0,11
814,1492,6.49091,357,100,0,0,0,0,0,0,46,0,0,9
815,1464,6.6,363,100,0,0,0,0,0,0,44,0,0,11
816,1628,6.75,378,100,0,0,0,0,0,0,42,0,0,14
817,1804,6.66102,393,100,0,0,0,0,0,0,46,0,0,13
818,1556,6.68421,381,100,0,0,0,0,0,0,44,0,0,13
819,1504,6.73684,384,100,0,0,0,0,0,0,43,0,0,14
820,1580,6.65,399,100,0,0,0,0,0,0,47,0,0,13
821,1576,7.03448,408,100,0,0,0,0,0,0,38,0,0,20
822,1556,6.84211,390,100,0,0,0,0,0,0,41,0,0,16
823,1600,6.7619,426,100,0,0,0,0,0,0,47,0,0,16
824,1632,6.89062,441,100,0,0,0,0,0,0,45,0,0,19
825,1540,6.58065,408,100,0,0,0,0,0,0,50,0,0,12
826,1552,6.55,393,100,0,0,0,0,0,0,49,0,0,11
827,1324,6.45763,381,100,0,0,0,0,0,0,50,0,0,9
828,1280,6.46552,375,100,0,0,0,0,0,0,49,0,0,9
829,1668,6.63158,378,100,0,0,0,0,0,0,45,0,0,12
830,1660,6.72222,363,100,0,0,0,0,0,0,41,0,0,13
831,1612,6.72222,363,100,0,0,0,0,0,0,41,0,0,13
832,1888,6.87273,378,100,0,0,0,0,0,0,39,0,0,16
833,1832,6.625,371,100,0,0,0,0,0,0,44,0,1,11
834,2048,6.75,378,100,0,0,0,0,0,0,42,0,0,14
835,2128,6.75,378,100,0,0,0,0,0,0,42,0,0,14
836,2176,6.77193,386,100,0,0,0,0,0,0,42,0,1,14
837,2448,6.83607,417,100,0,0,0,0,0,0,44,0,0,17
838,2592,6.78947,387,100,0,0,0,0,0,0,42,0,0,15
839,3016,6.91071,387,100,0,0,0,0,0,0,39,0,0,17
840,2500,7.15789,408,100,0,0,0,0,0,0,35,0,0,22
841,2616,7.16129,444,100,0,0,0,0,0,0,38,0,0,24
842,1772,7.08197,432,100,0,0,0,0,0,0,39,0,0,22
843,1908,7.37705,450,100,0,0,0,0,0,0,33,0,0,28
844,1744,7.24138,420,100,0,0,0,0,0,0,34,0,0,24
845,1900,7.27869,444,100,0,0,0,0,0,0,35,0,0,26
846,1680,7.21875,462,100,0,0,0,0,0,0,38,0,0,26
847,1768,7.13636,471,100,0,0,0,0,0,0,41,0,0,25
848,1560,7.19048,453,100,0,0,0,0,0,0,38,0,0,25
849,1444,7.16129,444,100,0,0,0,0,0,0,38,0,0,24
850,1444,7.08197,432,100,0,0,0,0,0,0,39,0,0,22
851,1420,7.01613,435,100,0,0,0,0,0,0,41,0,0,21
852,1540,6.96774,432,100,0,0,0,0,0,0,42,0,0,20
853,1432,6.72414,390,100,0,0,0,0,0,0,44,0,0,14
854,1632,6.72727,444,100,0,0,0,0,0,0,50,0,0,16
855,1636,7,378,100,0,0,0,0,0,0,36,0,0,18
856,1484,6.85714,384,100,0,0,0,0,0,0,40,0,0,16
857,1272,6.78,339,100,0,0,0,0,0,0,37,0,0,13
858,1536,6.86441,405,100,0,0,0,0,0,0,42,0,0,17
859,1748,7.15254,422,100,0,0,0,0,0,0,36,0,1,22
860,1596,6.98077,363,100,0,0,0,0,0,0,35,0,0,17
861,1736,6.8,408,100,0,0,0,0,0,0,44,0,0,16
862,1468,6.65455,366,100,0,0,0,0,0,0,43,0,0,12
863,1536,7,420,100,0,0,0,0,0,0,40,0,0,20
864,1520,6.96774,432,100,0,0,0,0,0,0,42,0,0,20
865,1512,6.78689,414,100,0,0,0,0,0,0,45,0,0,16
866,1636,6.77419,420,100,0,0,0,0,0,0,46,0,0,16
867,1476,6.84211,390,100,0,0,0,0,0,0,41,0,0,16
868,1244,6.92727,381,100,0,0,0,0,0,0,38,0,0,17
869,1524,7,399,100,0,0,0,0,0,0,38,0,0,19
870,1576,6.84906,363,100,0,0,0,0,0,0,38,0,0,15
871,1372,7,378,100,0,0,0,0,0,0,36,0,0,18
872,1480,6.85714,432,100,0,0,0,0,0,0,45,0,0,18
873,1556,6.72581,417,100,0,0,0,0,0,0,47,0,0,15
874,1628,6.72414,390,100,0,0,0,0,0,0,44,0,0,14
875,2108,6.93443,423,100,0,0,0,0,0,0,42,0,0,19
876,1780,6.75,378,100,0,0,0,0,0,0,42,0,0,14
877,2252,6.83333,369,100,0,0,0,0,0,0,39,0,0,15
878,1856,6.81356,402,100,0,0,0,0,0,0,43,0,0,16
879,1536,6.76364,372,100,0,0,0,0,0,0,41,0,0,14
880,1404,6.81356,402,100,0,0,0,0,0,0,43,0,0,16
881,1276,6.75,378,100,0,0,0,0,0,0,42,0,0,14
882,1280,6.78689,414,100,0,0,0,0,0,0,45,0,0,16
883,1456,6.98246,398,100,0,0,0,0,0,0,38,0,1,18
884,1488,6.73684,384,100,0,0,0,0,0,0,43,0,0,14
885,1588,6.77586,393,100,0,0,0,0,0,0,43,0,0,15
886,1788,6.8,408,100,0,0,0,0,0,0,44,0,0,16
887,1832,7,399,100,0,0,0,0,0,0,38,0,0,19
888,2000,7.17857,402,100,0,0,0,0,0,0,34,0,0,22
889,1508,6.69643,375,100,0,0,0,0,0,0,43,0,0,13
890,1420,6.96226,369,100,0,0,0,0,0,0,36,0,0,17
891,1564,6.66102,393,100,0,0,0,0,0,0,46,0,0,13
892,1604,6.86538,357,100,0,0,0,0,0,0,37,0,0,15
893,1480,7.03279,429,100,0,0,0,0,0,0,40,0,0,21
894,1656,7.41818,408,100,0,0,0,0,0,0,29,0,0,26
895,1936,7.24528,384,100,0,0,0,0,0,0,31,0,0,22
896,2024,7.36364,405,100,0,0,0,0,0,0,30,0,0,25
897,1468,7,378,100,0,0,0,0,0,0,36,0,0,18
898,1796,6.98276,405,100,0,0,0,0,0,0,39,0,0,19
899,1772,7,378,100,0,0,0,0,0,0,36,0,0,18
900,1716,7.05882,360,100,0,0,0,0,0,0,33,0,0,18
901,1824,7.2,396,100,0,0,0,0,0,0,33,0,0,22
902,2068,7.10526,405,100,0,0,0,0,0,0,36,0,0,21
903,1416,7.14545,393,100,0,0,0,0,0,0,34,0,0,21
904,1444,7.30909,402,100,0,0,0,0,0,0,31,0,0,24
905,1468,7.01613,435,100,0,0,0,0,0,0,41,0,0,21
906,1436,6.83333,369,100,0,0,0,0,0,0,39,0,0,15
907,1472,6.98276,405,100,0,0,0,0,0,0,39,0,0,19
908,1648,7.03279,429,100,0,0,0,0,0,0,40,0,0,21
909,1576,7.3125,468,100,0,0,0,0,0,0,36,0,0,28
910,1600,7.35484,456,100,0,0,0,0,0,0,34,0,0,28
911,1564,6.95238,438,100,0,0,0,0,0,0,43,0,0,20
912,1556,7.08621,411,100,0,0,0,0,0,0,37,0,0,21
913,1408,7.10526,405,100,0,0,0,0,0,0,36,0,0,21
914,1592,6.80357,381,100,0,0,0,0,0,0,41,0,0,15
915,1464,7.11111,384,100,0,0,0,0,0,0,34,0,0,20
916,1968,7.18033,438,100,0,0,0,0,0,0,37,0,0,24
917,1544,7.03636,387,100,0,0,0,0,0,0,36,0,0,19
918,1632,7.32692,381,100,0,0,0,0,0,0,29,0,0,23
919,1776,7.24138,420,100,0,0,0,0,0,0,34,0,0,24
920,1508,7.13793,414,100,0,0,0,0,0,0,36,0,0,22
921,1336,6.9661,411,100,0,0,0,0,0,0,40,0,0,19
922,1380,6.82258,423,100,0,0,0,0,0,0,45,0,0,17
923,1528,6.67164,447,100,0,0,0,0,0,0,52,0,0,15
924,1336,6.95238,438,100,0,0,0,0,0,0,43,0,0,20
925,1456,7.04762,444,100,0,0,0,0,0,0,41,0,0,22
926,1156,6.94737,396,100,0,0,0,0,0,0,39,0,0,18
927,1208,6.75806,419,100,0,0,0,0,0,0,46,0,1,15
928,932,6.62069,384,100,0,0,0,0,0,0,46,0,0,12
929,1268,6.64615,432,100,0,0,0,0,0,0,51,0,0,14
930,1308,6.9,414,100,0,0,0,0,0,0,42,0,0,18
931,1324,6.87097,426,100,0,0,0,0,0,0,44,0,0,18
932,1252,6.55932,387,100,0,0,0,0,0,0,48,0,0,11
933,1260,6.65,399,100,0,0,0,0,0,0,47,0,0,13
934,1144,6.54098,399,100,0,0,0,0,0,0,50,0,0,11
935,1144,6.47368,369,100,0,0,0,0,0,0,48,0,0,9
936,1340,6.42188,411,100,0,0,0,0,0,0,55,0,0,9
937,1060,6.25424,369,100,0,0,0,0,0,0,54,0,0,5
938,1200,6.4918,396,100,0,0,0,0,0,0,51,0,0,10
939,1192,6.29508,384,100,0,0,0,0,0,0,55,0,0,6
940,1248,6.4918,396,100,0,0,0,0,0,0,51,0,0,10
941,1244,6.3871,396,100,0,0,0,0,0,0,54,0,0,8
942,1528,6.47619,408,100,0,0,0,0,0,0,53,0,0,10
943,1408,6.25424,369,100,0,0,0,0,0,0,54,0,0,5
944,1852,6.70909,369,100,0,0,0,0,0,0,42,0,0,13
945,1704,6.56897,381,100,0,0,0,0,0,0,47,0,0,11
946,2092,6.51724,378,100,0,0,0,0,0,0,48,0,0,10
947,1568,6.36207,369,100,0,0,0,0,0,0,51,0,0,7
948,1920,6.44444,348,100,0,0,0,0,0,0,46,0,0,8
949,2004,6.41379,372,100,0,0,0,0,0,0,50,0,0,8
950,1652,6.47368,369,100,0,0,0,0,0,0,48,0,0,9
951,1712,6.47059,330,100,0,0,0,0,0,0,43,0,0,8
952,1512,6.29412,321,100,0,0,0,0,0,0,46,0,0,5
953,1512,6.21818,342,100,0,0,0,0,0,0,51,0,0,4
954,1672,6.20339,366,100,0,0,0,0,0,0,55,0,0,4
955,1656,6.38182,351,100,0,0,0,0,0,0,48,0,0,7
956,1840,6.31034,366,100,0,0,0,0,0,0,52,0,0,6
957,1272,6.25,375,100,0,0,0,0,0,0,55,0,0,5
958,1240,6.19672,378,100,0,0,0,0,0,0,57,0,0,4
959,1384,6.51724,378,100,0,0,0,0,0,0,48,0,0,10
960,1364,6.42105,366,100,0,0,0,0,0,0,49,0,0,8
961,1400,6.36207,369,100,0,0,0,0,0,0,51,0,0,7
962,1524,6.49091,357,100,0,0,0,0,0,0,46,0,0,9
963,856,6.38889,345,100,0,0,0,0,0,0,47,0,0,7
964,1028,6.2381,393,100,0,0,0,0,0,0,58,0,0,5
965,1152,6.31034,366,100,0,0,0,0,0,0,52,0,0,6
966,1184,6.16071,345,100,0,0,0,0,0,0,53,0,0,3
967,1336,6.29508,384,100,0,0,0,0,0,0,55,0,0,6
968,1232,6.22222,336,100,0,0,0,0,0,0,50,0,0,4
969,1460,6.19672,378,100,0,0,0,0,0,0,57,0,0,4
970,1188,6.2069,360,100,0,0,0,0,0,0,54,0,0,4
971,1104,6.19672,378,100,0,0,0,0,0,0,57,0,0,4
972,1216,6.2459,381,100,0,0,0,0,0,0,56,0,0,5
973,1288,6.27692,408,100,0,0,0,0,0,0,59,0,0,6
974,1196,6.35593,375,100,0,0,0,0,0,0,52,0,0,7
975,1184,6.35593,375,100,0,0,0,0,0,0,52,0,0,7
976,1324,6.19672,378,100,0,0,0,0,0,0,57,0,0,4
977,1256,6.28302,333,100,0,0,0,0,0,0,48,0,0,5
978,1348,6.4,384,100,0,0,0,0,0,0,52,0,0,8
979,1356,6.28571,396,100,0,0,0,0,0,0,57,0,0,6
980,1408,6.46154,420,100,0,0,0,0,0,0,55,0,0,10
981,1180,6.2069,360,100,0,0,0,0,0,0,54,0,0,4
982,1296,6.35593,375,100,0,0,0,0,0,0,52,0,0,7
983,1424,6.47619,408,100,0,0,0,0,0,0,53,0,0,10
984,1120,6.51724,378,100,0,0,0,0,0,0,48,0,0,10
985,1160,6.36207,369,100,0,0,0,0,0,0,51,0,0,7
986,1356,6.57895,375,100,0,0,0,0,0,0,46,0,0,11
987,1528,6.66102,393,100,0,0,0,0,0,0,46,0,0,13
988,1340,6.50847,384,100,0,0,0,0,0,0,49,0,0,10
989,1176,6.56897,381,100,0,0,0,0,0,0,47,0,0,11
990,928,6.47368,369,100,0,0,0,0,0,0,48,0,0,9
991,992,6.32143,354,100,0,0,0,0,0,0,50,0,0,6
992,840,6.15,369,100,0,0,0,0,0,0,57,0,0,3
993,872,6.1875,396,100,0,0,0,0,0,0,60,0,0,4
994,1040,6.08955,408,100,0,0,0,0,0,0,65,0,0,2
995,964,6.09091,402,100,0,0,0,0,0,0,64,0,0,2
996,956,6.1,366,100,0,0,0,0,0,0,58,0,0,2
997,1004,6.09524,384,100,0,0,0,0,0,0,61,0,0,2
998,1048,6.1,366,100,0,0,0,0,0,0,58,0,0,2
999,872,6.09524,384,100,0,0,0,0,0,0,61,0,0,2
