update,points,mean_tasks,total_tasks,total_orgs,task_0,task_1,task_2,task_3,task_4,task_5,task_6,task_7,task_8,task_9
0,0,nan,0,9,0,0,0,0,0,0,0,0,0,0
1,0,nan,0,9,0,0,0,0,0,0,0,0,0,0
2,16,6,6,9,0,0,0,0,0,0,1,0,0,0
3,28,6,12,10,0,0,0,0,0,0,2,0,0,0
4,28,6,12,10,0,0,0,0,0,0,2,0,0,0
5,76,6,30,10,0,0,0,0,0,0,5,0,0,0
6,92,6,36,14,0,0,0,0,0,0,6,0,0,0
7,84,6,42,14,0,0,0,0,0,0,7,0,0,0
8,112,6,54,15,0,0,0,0,0,0,9,0,0,0
9,144,6,60,17,0,0,0,0,0,0,10,0,0,0
10,172,6,60,18,0,0,0,0,0,0,10,0,0,0
11,216,6.3,63,19,0,0,0,0,0,0,9,0,0,1
12,236,6.27273,69,24,0,0,0,0,0,0,10,0,0,1
13,140,6.21429,87,25,0,0,0,0,0,0,13,0,0,1
14,144,6.21429,87,26,0,0,0,0,0,0,13,0,0,1
15,144,6.1875,99,30,0,0,0,0,0,0,15,0,0,1
16,248,6,108,33,0,0,0,0,0,0,18,0,0,0
17,320,6.14286,129,39,0,0,0,0,0,0,20,0,0,1
18,324,6.16667,111,41,0,0,0,0,0,0,17,0,0,1
19,288,6.125,147,45,0,0,0,0,0,0,23,0,0,1
20,360,6.22222,168,49,0,0,0,0,0,0,25,0,0,2
21,468,6.3,189,54,0,0,0,0,0,0,27,0,0,3
22,504,6.19355,192,55,0,0,0,0,0,0,29,0,0,2
23,568,6.18182,204,61,0,0,0,0,0,0,31,0,0,2
24,636,6.25714,219,66,0,0,0,0,0,0,32,0,0,3
25,584,6.21951,255,71,0,0,0,0,0,0,38,0,0,3
26,564,6.19565,285,76,0,0,0,0,0,0,43,0,0,3
27,668,6.19149,291,78,0,0,0,0,0,0,44,0,0,3
28,744,6,294,81,0,0,0,0,0,0,49,0,0,0
29,812,6,306,83,0,0,0,0,0,0,51,0,0,0
30,1020,6.05357,339,84,0,0,0,0,0,0,55,0,0,1
31,1064,6.10909,336,86,0,0,0,0,0,0,53,0,0,2
32,1032,6.05357,339,88,0,0,0,0,0,0,55,0,0,1
33,1304,6.15789,351,90,0,0,0,0,0,0,54,0,0,3
34,1500,6.09836,372,91,0,0,0,0,0,0,59,0,0,2
35,1568,6.25,375,92,0,0,0,0,0,0,55,0,0,5
36,1384,6.1,366,94,0,0,0,0,0,0,58,0,0,2
37,1452,6.15254,363,96,0,0,0,0,0,0,56,0,0,3
38,1156,6.05263,345,97,0,0,0,0,0,0,56,0,0,1
39,1056,6.1,366,97,0,0,0,0,0,0,58,0,0,2
40,1024,6.04918,369,97,0,0,0,0,0,0,60,0,0,1
41,1180,6,360,99,0,0,0,0,0,0,60,0,0,0
42,1208,6.04762,381,99,0,0,0,0,0,0,62,0,0,1
43,1268,6.15,369,99,0,0,0,0,0,0,57,0,0,3
44,1304,6.04615,393,99,0,0,0,0,0,0,64,0,0,1
45,1276,6.10169,360,100,0,0,0,0,0,0,57,0,0,2
46,1220,6.10526,348,100,0,0,0,0,0,0,55,0,0,2
47,760,6.05085,357,100,0,0,0,0,0,0,58,0,0,1
48,912,6.05085,357,100,0,0,0,0,0,0,58,0,0,1
49,924,6.05172,351,100,0,0,0,0,0,0,57,0,0,1
50,1000,6,378,100,0,0,0,0,0,0,63,0,0,0
51,1012,6.04688,387,100,0,0,0,0,0,0,63,0,0,1
52,808,6,336,100,0,0,0,0,0,0,56,0,0,0
53,936,6,384,100,0,0,0,0,0,0,64,0,0,0
54,1072,6.04545,399,100,0,0,0,0,0,0,65,0,0,1
55,1172,6.10526,348,100,0,0,0,0,0,0,55,0,0,2
56,1028,6.05263,345,100,0,0,0,0,0,0,56,0,0,1
57,976,6.04918,369,100,0,0,0,0,0,0,60,0,0,1
58,892,6,360,100,0,0,0,0,0,0,60,0,0,0
59,960,6,360,100,0,0,0,0,0,0,60,0,0,0
60,1000,6,348,100,0,0,0,0,0,0,58,0,0,0
61,1048,6,378,100,0,0,0,0,0,0,63,0,0,0
62,1028,6,342,100,0,0,0,0,0,0,57,0,0,0
63,972,6,348,100,0,0,0,0,0,0,58,0,0,0
64,1040,6.05263,345,100,0,0,0,0,0,0,56,0,0,1
65,1056,6.04918,369,100,0,0,0,0,0,0,60,0,0,1
66,924,6,342,100,0,0,0,0,0,0,57,0,0,0
67,1008,6,366,100,0,0,0,0,0,0,61,0,0,0
68,1008,6,330,100,0,0,0,0,0,0,55,0,0,0
69,996,6,372,100,0,0,0,0,0,0,62,0,0,0
70,1108,6.04918,369,100,0,0,0,0,0,0,60,0,0,1
71,984,6.05556,327,100,0,0,0,0,0,0,53,0,0,1
72,1072,6,354,100,0,0,0,0,0,0,59,0,0,0
73,944,6,342,100,0,0,0,0,0,0,57,0,0,0
74,1084,6,324,100,0,0,0,0,0,0,54,0,0,0
75,1148,6,318,100,0,0,0,0,0,0,53,0,0,0
76,1328,6.05263,345,100,0,0,0,0,0,0,56,0,0,1
77,1340,6,384,100,0,0,0,0,0,0,64,0,0,0
78,1216,6,342,100,0,0,0,0,0,0,57,0,0,0
79,1308,6.05172,351,100,0,0,0,0,0,0,57,0,0,1
80,1448,6.10714,342,100,0,0,0,0,0,0,54,0,0,2
81,1412,6.10714,342,100,0,0,0,0,0,0,54,0,0,2
82,1300,6.05,363,100,0,0,0,0,0,0,59,0,0,1
83,1544,6.2,372,100,0,0,0,0,0,0,56,0,0,4
84,1332,6.15,369,100,0,0,0,0,0,0,57,0,0,3
85,1336,6.19672,378,100,0,0,0,0,0,0,57,0,0,4
86,1124,6.2069,360,100,0,0,0,0,0,0,54,0,0,4
87,1196,6.20339,366,100,0,0,0,0,0,0,55,0,0,4
88,1268,6.14754,375,100,0,0,0,0,0,0,58,0,0,3
89,1228,6.10526,348,100,0,0,0,0,0,0,55,0,0,2
90,1192,6.05,363,100,0,0,0,0,0,0,59,0,0,1
91,1044,6.10714,342,100,0,0,0,0,0,0,54,0,0,2
92,852,6.05263,345,100,0,0,0,0,0,0,56,0,0,1
93,864,6,348,100,0,0,0,0,0,0,58,0,0,0
94,1016,6,354,100,0,0,0,0,0,0,59,0,0,0
95,948,6.0566,321,100,0,0,0,0,0,0,52,0,0,1
96,1064,6.05556,327,100,0,0,0,0,0,0,53,0,0,1
97,908,6.05085,357,100,0,0,0,0,0,0,58,0,0,1
98,1024,6.04615,393,100,0,0,0,0,0,0,64,0,0,1
99,1164,6.09524,384,100,0,0,0,0,0,0,61,0,0,2
100,1168,6,366,100,0,0,0,0,0,0,61,0,0,0
101,1396,6.10169,360,100,0,0,0,0,0,0,57,0,0,2
102,1336,6,366,100,0,0,0,0,0,0,61,0,0,0
103,1256,6.04615,393,100,0,0,0,0,0,0,64,0,0,1
104,1124,6.09524,384,100,0,0,0,0,0,0,61,0,0,2
105,1188,6.04918,369,100,0,0,0,0,0,0,60,0,0,1
106,1124,6,342,100,0,0,0,0,0,0,57,0,0,0
107,1192,6,348,100,0,0,0,0,0,0,58,0,0,0
108,1288,6.05263,345,100,0,0,0,0,0,0,56,0,0,1
109,892,6.05556,327,100,0,0,0,0,0,0,53,0,0,1
110,1064,6.05085,357,100,0,0,0,0,0,0,58,0,0,1
111,1068,6.10169,360,100,0,0,0,0,0,0,57,0,0,2
112,932,6.05085,357,100,0,0,0,0,0,0,58,0,0,1
113,1028,6.15254,363,100,0,0,0,0,0,0,56,0,0,3
114,1024,6,366,100,0,0,0,0,0,0,61,0,0,0
115,980,6.10345,354,100,0,0,0,0,0,0,56,0,0,2
116,1112,6,378,100,0,0,0,0,0,0,63,0,0,0
117,856,6,384,100,0,0,0,0,0,0,64,0,0,0
118,1072,6.03333,362,100,0,0,0,0,0,0,59,0,1,0
119,1172,6.03448,350,100,0,0,0,0,0,0,57,0,1,0
120,892,6,312,100,0,0,0,0,0,0,52,0,0,0
121,996,6,354,100,0,0,0,0,0,0,59,0,0,0
122,1048,6.05556,327,100,0,0,0,0,0,0,53,0,0,1
123,1336,6.14754,375,100,0,0,0,0,0,0,58,0,0,3
124,840,6.10714,342,100,0,0,0,0,0,0,54,0,0,2
125,968,6.21053,354,100,0,0,0,0,0,0,53,0,0,4
126,1108,6.13433,411,100,0,0,0,0,0,0,64,0,0,3
127,984,6.05556,327,100,0,0,0,0,0,0,53,0,0,1
128,1140,6.05263,345,100,0,0,0,0,0,0,56,0,0,1
129,1148,6,348,100,0,0,0,0,0,0,58,0,0,0
130,984,6,324,100,0,0,0,0,0,0,54,0,0,0
131,1100,6,354,100,0,0,0,0,0,0,59,0,0,0
132,876,6.05556,327,100,0,0,0,0,0,0,53,0,0,1
133,1040,6.05085,357,100,0,0,0,0,0,0,58,0,0,1
134,1136,6.09836,372,100,0,0,0,0,0,0,59,0,0,2
135,1040,6.05455,333,100,0,0,0,0,0,0,54,0,0,1
136,1360,6.09836,372,100,0,0,0,0,0,0,59,0,0,2
137,1252,6.11538,318,100,0,0,0,0,0,0,50,0,0,2
138,1332,6.05085,357,100,0,0,0,0,0,0,58,0,0,1
139,1408,6.05,363,100,0,0,0,0,0,0,59,0,0,1
140,1236,6.19355,384,100,0,0,0,0,0,0,58,0,0,4
141,1228,6.10345,354,100,0,0,0,0,0,0,56,0,0,2
142,1188,6.05455,333,100,0,0,0,0,0,0,54,0,0,1
143,884,6,336,100,0,0,0,0,0,0,56,0,0,0
144,1084,6.13333,368,100,0,0,0,0,0,0,57,0,1,2
145,1092,6.05172,351,100,0,0,0,0,0,0,57,0,0,1
146,980,6.10345,354,100,0,0,0,0,0,0,56,0,0,2
147,1104,6.14062,393,100,0,0,0,0,0,0,61,0,0,3
148,1080,6.1,366,100,0,0,0,0,0,0,58,0,0,2
149,1244,6.14062,393,100,0,0,0,0,0,0,61,0,0,3
150,1116,6.15,369,100,0,0,0,0,0,0,57,0,0,3
151,1072,6.05172,351,100,0,0,0,0,0,0,57,0,0,1
152,1264,6.10345,354,100,0,0,0,0,0,0,56,0,0,2
153,1128,6,348,100,0,0,0,0,0,0,58,0,0,0
154,1152,6.05085,357,100,0,0,0,0,0,0,58,0,0,1
155,1332,6,408,100,0,0,0,0,0,0,68,0,0,0
156,1196,6,354,100,0,0,0,0,0,0,59,0,0,0
157,1216,6,354,100,0,0,0,0,0,0,59,0,0,0
158,1272,6,360,100,0,0,0,0,0,0,60,0,0,0
159,1368,6.10714,342,100,0,0,0,0,0,0,54,0,0,2
160,1372,6.18644,365,100,0,0,0,0,0,0,55,0,1,3
161,1132,6.20339,366,100,0,0,0,0,0,0,55,0,0,4
162,1156,6.2,372,100,0,0,0,0,0,0,56,0,0,4
163,1288,6.33871,393,100,0,0,0,0,0,0,55,0,0,7
164,1044,6.29508,384,100,0,0,0,0,0,0,55,0,0,6
165,944,6.38182,351,100,0,0,0,0,0,0,48,0,0,7
166,1016,6.26316,357,100,0,0,0,0,0,0,52,0,0,5
167,1028,6.15517,357,100,0,0,0,0,0,0,55,0,0,3
168,980,6.22222,336,100,0,0,0,0,0,0,50,0,0,4
169,1188,6.19672,378,100,0,0,0,0,0,0,57,0,0,4
170,1076,6.04918,369,100,0,0,0,0,0,0,60,0,0,1
171,988,6,342,100,0,0,0,0,0,0,57,0,0,0
172,1032,6.10526,348,100,0,0,0,0,0,0,55,0,0,2
173,1156,6.1,366,100,0,0,0,0,0,0,58,0,0,2
174,952,6.10714,342,100,0,0,0,0,0,0,54,0,0,2
175,1012,6.05,363,100,0,0,0,0,0,0,59,0,0,1
176,1036,6.05263,345,100,0,0,0,0,0,0,56,0,0,1
177,1096,6.04918,369,100,0,0,0,0,0,0,60,0,0,1
178,1164,6,348,100,0,0,0,0,0,0,58,0,0,0
179,1224,6,354,100,0,0,0,0,0,0,59,0,0,0
180,1024,6.0566,321,100,0,0,0,0,0,0,52,0,0,1
181,1304,6.14516,381,100,0,0,0,0,0,0,59,0,0,3
182,1316,6.09375,390,100,0,0,0,0,0,0,62,0,0,2
183,1252,6.10169,360,100,0,0,0,0,0,0,57,0,0,2
184,1516,6.04762,381,100,0,0,0,0,0,0,62,0,0,1
185,1340,6.10169,360,100,0,0,0,0,0,0,57,0,0,2
186,1616,6.15,369,100,0,0,0,0,0,0,57,0,0,3
187,1504,6.04688,387,100,0,0,0,0,0,0,63,0,0,1
188,1384,6.14516,381,100,0,0,0,0,0,0,59,0,0,3
189,1376,6.14062,393,100,0,0,0,0,0,0,61,0,0,3
190,1384,6.20339,366,100,0,0,0,0,0,0,55,0,0,4
191,1272,6.15,369,100,0,0,0,0,0,0,57,0,0,3
192,1084,6.05263,345,100,0,0,0,0,0,0,56,0,0,1
193,1064,6,324,100,0,0,0,0,0,0,54,0,0,0
194,1364,6,372,100,0,0,0,0,0,0,62,0,0,0
195,1068,6,348,100,0,0,0,0,0,0,58,0,0,0
196,992,6,354,100,0,0,0,0,0,0,59,0,0,0
197,1040,6.04412,411,100,0,0,0,0,0,0,67,0,0,1
198,992,6,402,100,0,0,0,0,0,0,67,0,0,0
199,1096,6.09836,372,100,0,0,0,0,0,0,59,0,0,2
200,996,6,360,100,0,0,0,0,0,0,60,0,0,0
201,856,6,354,100,0,0,0,0,0,0,59,0,0,0
202,920,6.04839,375,100,0,0,0,0,0,0,61,0,0,1
203,872,6,378,100,0,0,0,0,0,0,63,0,0,0
204,904,6.04688,387,100,0,0,0,0,0,0,63,0,0,1
205,736,6,360,100,0,0,0,0,0,0,60,0,0,0
206,936,6,384,100,0,0,0,0,0,0,64,0,0,0
207,988,6,366,100,0,0,0,0,0,0,61,0,0,0
208,1060,6.08955,408,100,0,0,0,0,0,0,65,0,0,2
209,936,6,384,100,0,0,0,0,0,0,64,0,0,0
210,1064,6.13636,405,100,0,0,0,0,0,0,63,0,0,3
211,1132,6.08333,365,100,0,0,0,0,0,0,58,0,1,1
212,1344,6.08333,365,100,0,0,0,0,0,0,58,0,1,1
213,1592,6.04762,381,100,0,0,0,0,0,0,62,0,0,1
214,1480,6.05,363,100,0,0,0,0,0,0,59,0,0,1
215,1324,6.14286,387,100,0,0,0,0,0,0,60,0,0,3
216,1596,6.13235,417,100,0,0,0,0,0,0,65,0,0,3
217,1272,6.13636,405,100,0,0,0,0,0,0,63,0,0,3
218,1152,6.15517,357,100,0,0,0,0,0,0,55,0,0,3
219,1232,6,360,100,0,0,0,0,0,0,60,0,0,0
220,1160,6,372,100,0,0,0,0,0,0,62,0,0,0
221,1264,6.05085,357,100,0,0,0,0,0,0,58,0,0,1
222,1084,6,342,100,0,0,0,0,0,0,57,0,0,0
223,1204,6,360,100,0,0,0,0,0,0,60,0,0,0
224,1228,6,360,100,0,0,0,0,0,0,60,0,0,0
225,1184,6,372,100,0,0,0,0,0,0,62,0,0,0
226,1416,6.05085,357,100,0,0,0,0,0,0,58,0,0,1
227,1212,6,384,100,0,0,0,0,0,0,64,0,0,0
228,1216,6.09375,390,100,0,0,0,0,0,0,62,0,0,2
229,1196,6.05172,351,100,0,0,0,0,0,0,57,0,0,1
230,1204,6,390,100,0,0,0,0,0,0,65,0,0,0
231,1104,6,366,100,0,0,0,0,0,0,61,0,0,0
232,1048,6,324,100,0,0,0,0,0,0,54,0,0,0
233,940,6,360,100,0,0,0,0,0,0,60,0,0,0
234,1120,6,342,100,0,0,0,0,0,0,57,0,0,0
235,1300,6,354,100,0,0,0,0,0,0,59,0,0,0
236,1224,6.09231,396,100,0,0,0,0,0,0,63,0,0,2
237,1060,6.10345,354,100,0,0,0,0,0,0,56,0,0,2
238,1372,6.14062,393,100,0,0,0,0,0,0,61,0,0,3
239,1328,6.15254,363,100,0,0,0,0,0,0,56,0,0,3
240,1136,6.09677,378,100,0,0,0,0,0,0,60,0,0,2
241,980,6.04762,381,100,0,0,0,0,0,0,62,0,0,1
242,1152,6.05172,351,100,0,0,0,0,0,0,57,0,0,1
243,1332,6.19672,378,100,0,0,0,0,0,0,57,0,0,4
244,1228,6.1,366,100,0,0,0,0,0,0,58,0,0,2
245,1236,6.04688,387,100,0,0,0,0,0,0,63,0,0,1
246,1200,6.1,366,100,0,0,0,0,0,0,58,0,0,2
247,1336,6.14516,381,100,0,0,0,0,0,0,59,0,0,3
248,1340,6.14516,381,100,0,0,0,0,0,0,59,0,0,3
249,1280,6.1875,396,100,0,0,0,0,0,0,60,0,0,4
250,1272,6.19048,390,100,0,0,0,0,0,0,59,0,0,4
251,1208,6.1875,396,100,0,0,0,0,0,0,60,0,0,4
252,1024,6.23077,405,100,0,0,0,0,0,0,60,0,0,5
253,1040,6.2381,393,100,0,0,0,0,0,0,58,0,0,5
254,964,6.10169,360,100,0,0,0,0,0,0,57,0,0,2
255,956,6.09836,372,100,0,0,0,0,0,0,59,0,0,2
256,840,6.10526,348,100,0,0,0,0,0,0,55,0,0,2
257,944,6.09677,378,100,0,0,0,0,0,0,60,0,0,2
258,852,6.15789,351,100,0,0,0,0,0,0,54,0,0,3
259,980,6.14286,387,100,0,0,0,0,0,0,60,0,0,3
260,1048,6.18462,402,100,0,0,0,0,0,0,61,0,0,4
261,740,6.05085,357,100,0,0,0,0,0,0,58,0,0,1
262,824,6,372,100,0,0,0,0,0,0,62,0,0,0
263,1116,6.13636,405,100,0,0,0,0,0,0,63,0,0,3
264,900,6.10526,348,100,0,0,0,0,0,0,55,0,0,2
265,968,6.1,366,100,0,0,0,0,0,0,58,0,0,2
266,1144,6.09375,390,100,0,0,0,0,0,0,62,0,0,2
267,1108,6.04839,375,100,0,0,0,0,0,0,61,0,0,1
268,1124,6.15,369,100,0,0,0,0,0,0,57,0,0,3
269,1328,6.18644,365,100,0,0,0,0,0,0,55,0,1,3
270,1304,6.1,366,100,0,0,0,0,0,0,58,0,0,2
271,1368,6.18182,408,100,0,0,0,0,0,0,62,0,0,4
272,1356,6.21053,354,100,0,0,0,0,0,0,53,0,0,4
273,1124,6.11538,318,100,0,0,0,0,0,0,50,0,0,2
274,1332,6.05263,345,100,0,0,0,0,0,0,56,0,0,1
275,1440,6.10169,360,100,0,0,0,0,0,0,57,0,0,2
276,1132,6.10909,336,100,0,0,0,0,0,0,53,0,0,2
277,1220,6.16364,339,100,0,0,0,0,0,0,52,0,0,3
278,1480,6.2381,393,100,0,0,0,0,0,0,58,0,0,5
279,1320,6.14754,375,100,0,0,0,0,0,0,58,0,0,3
280,1320,6.33871,393,100,0,0,0,0,0,0,55,0,0,7
281,1208,6.20339,366,100,0,0,0,0,0,0,55,0,0,4
282,1100,6.1,366,100,0,0,0,0,0,0,58,0,0,2
283,1152,6.13846,399,100,0,0,0,0,0,0,62,0,0,3
284,1112,6.05172,351,100,0,0,0,0,0,0,57,0,0,1
285,1296,6.14754,375,100,0,0,0,0,0,0,58,0,0,3
286,1192,6.14754,375,100,0,0,0,0,0,0,58,0,0,3
287,1052,6.10169,360,100,0,0,0,0,0,0,57,0,0,2
288,1172,6.19672,378,100,0,0,0,0,0,0,57,0,0,4
289,1168,6.19355,384,100,0,0,0,0,0,0,58,0,0,4
290,1372,6.35593,375,100,0,0,0,0,0,0,52,0,0,7
291,1336,6.21053,354,100,0,0,0,0,0,0,53,0,0,4
292,1364,6.24194,387,100,0,0,0,0,0,0,57,0,0,5
293,1308,6.10714,342,100,0,0,0,0,0,0,54,0,0,2
294,1360,6.04762,381,100,0,0,0,0,0,0,62,0,0,1
295,1244,6.15517,357,100,0,0,0,0,0,0,55,0,0,3
296,1256,6.10714,342,100,0,0,0,0,0,0,54,0,0,2
297,1528,6.09524,384,100,0,0,0,0,0,0,61,0,0,2
298,1604,6.15254,363,100,0,0,0,0,0,0,56,0,0,3
299,1528,6.30508,372,100,0,0,0,0,0,0,53,0,0,6
300,1408,6.16364,339,100,0,0,0,0,0,0,52,0,0,3
301,1504,6.3,378,100,0,0,0,0,0,0,54,0,0,6
302,1292,6.15,369,100,0,0,0,0,0,0,57,0,0,3
303,1444,6.22727,411,100,0,0,0,0,0,0,61,0,0,5
304,1268,6.29508,384,100,0,0,0,0,0,0,55,0,0,6
305,1352,6.24194,387,100,0,0,0,0,0,0,57,0,0,5
306,1292,6.19672,378,100,0,0,0,0,0,0,57,0,0,4
307,1284,6.19355,384,100,0,0,0,0,0,0,58,0,0,4
308,1104,6.1,366,100,0,0,0,0,0,0,58,0,0,2
309,1216,6.13636,405,100,0,0,0,0,0,0,63,0,0,3
310,1120,6.2,372,100,0,0,0,0,0,0,56,0,0,4
311,1276,6.19355,384,100,0,0,0,0,0,0,58,0,0,4
312,1212,6.05172,351,100,0,0,0,0,0,0,57,0,0,1
313,1188,6.1,366,100,0,0,0,0,0,0,58,0,0,2
314,1336,6.16364,339,100,0,0,0,0,0,0,52,0,0,3
315,1420,6.11111,330,100,0,0,0,0,0,0,52,0,0,2
316,1300,6.2,372,100,0,0,0,0,0,0,56,0,0,4
317,1116,6.10526,348,100,0,0,0,0,0,0,55,0,0,2
318,1112,6.15254,363,100,0,0,0,0,0,0,56,0,0,3
319,1180,6.16667,333,100,0,0,0,0,0,0,51,0,0,3
320,1128,6.16364,339,100,0,0,0,0,0,0,52,0,0,3
321,1324,6.19672,378,100,0,0,0,0,0,0,57,0,0,4
322,1108,6.25862,363,100,0,0,0,0,0,0,53,0,0,5
323,1100,6.20339,366,100,0,0,0,0,0,0,55,0,0,4
324,1216,6.09231,396,100,0,0,0,0,0,0,63,0,0,2
325,1168,6.09836,372,100,0,0,0,0,0,0,59,0,0,2
326,1264,6.05085,357,100,0,0,0,0,0,0,58,0,0,1
327,1236,6.10345,354,100,0,0,0,0,0,0,56,0,0,2
328,1216,6.04615,393,100,0,0,0,0,0,0,64,0,0,1
329,1232,6.05,363,100,0,0,0,0,0,0,59,0,0,1
330,1108,6,354,100,0,0,0,0,0,0,59,0,0,0
331,1236,6.04478,405,100,0,0,0,0,0,0,66,0,0,1
332,1484,6.04839,375,100,0,0,0,0,0,0,61,0,0,1
333,1324,6.10345,354,100,0,0,0,0,0,0,56,0,0,2
334,1432,6.10169,360,100,0,0,0,0,0,0,57,0,0,2
335,1404,6.14516,381,100,0,0,0,0,0,0,59,0,0,3
336,1324,6.20339,366,100,0,0,0,0,0,0,55,0,0,4
337,1652,6.09231,396,100,0,0,0,0,0,0,63,0,0,2
338,1304,6.04688,387,100,0,0,0,0,0,0,63,0,0,1
339,1324,6.05,363,100,0,0,0,0,0,0,59,0,0,1
340,944,6.04762,381,100,0,0,0,0,0,0,62,0,0,1
341,1068,6.15,369,100,0,0,0,0,0,0,57,0,0,3
342,1160,6.24138,362,100,0,0,0,0,0,0,53,0,1,4
343,1316,6.09231,396,100,0,0,0,0,0,0,63,0,0,2
344,1204,6.09836,372,100,0,0,0,0,0,0,59,0,0,2
345,1480,6.13636,405,100,0,0,0,0,0,0,63,0,0,3
346,1624,6.09524,384,100,0,0,0,0,0,0,61,0,0,2
347,1328,6.05,363,100,0,0,0,0,0,0,59,0,0,1
348,1296,6.04688,387,100,0,0,0,0,0,0,63,0,0,1
349,1136,6.09677,378,100,0,0,0,0,0,0,60,0,0,2
350,1144,6.04762,381,100,0,0,0,0,0,0,62,0,0,1
351,1060,6.10714,342,100,0,0,0,0,0,0,54,0,0,2
352,1024,6.09677,378,100,0,0,0,0,0,0,60,0,0,2
353,1224,6.05,363,100,0,0,0,0,0,0,59,0,0,1
354,1628,6.13846,399,100,0,0,0,0,0,0,62,0,0,3
355,1272,6.11111,330,100,0,0,0,0,0,0,52,0,0,2
356,1492,6.05357,339,100,0,0,0,0,0,0,55,0,0,1
357,1188,6.04918,369,100,0,0,0,0,0,0,60,0,0,1
358,1008,6,348,100,0,0,0,0,0,0,58,0,0,0
359,1132,6,384,100,0,0,0,0,0,0,64,0,0,0
360,1256,6.09524,384,100,0,0,0,0,0,0,61,0,0,2
361,1252,6.09231,396,100,0,0,0,0,0,0,63,0,0,2
362,860,6.05172,351,100,0,0,0,0,0,0,57,0,0,1
363,968,6.09524,384,100,0,0,0,0,0,0,61,0,0,2
364,924,6.04762,381,100,0,0,0,0,0,0,62,0,0,1
365,1120,6.04348,417,100,0,0,0,0,0,0,68,0,0,1
366,1100,6.04839,375,100,0,0,0,0,0,0,61,0,0,1
367,940,6.14286,387,100,0,0,0,0,0,0,60,0,0,3
368,868,6.1,366,100,0,0,0,0,0,0,58,0,0,2
369,948,6.13846,399,100,0,0,0,0,0,0,62,0,0,3
370,896,6.09524,384,100,0,0,0,0,0,0,61,0,0,2
371,1076,6.14516,381,100,0,0,0,0,0,0,59,0,0,3
372,1176,6.15,369,100,0,0,0,0,0,0,57,0,0,3
373,1364,6.2381,393,100,0,0,0,0,0,0,58,0,0,5
374,1432,6.28125,402,100,0,0,0,0,0,0,58,0,0,6
375,1312,6.36842,363,100,0,0,0,0,0,0,50,0,0,7
376,1232,6.19672,378,100,0,0,0,0,0,0,57,0,0,4
377,1332,6.25,375,100,0,0,0,0,0,0,55,0,0,5
378,1208,6.05085,357,100,0,0,0,0,0,0,58,0,0,1
379,1452,6.09231,396,100,0,0,0,0,0,0,63,0,0,2
380,1312,6.20339,366,100,0,0,0,0,0,0,55,0,0,4
381,1444,6.25,375,100,0,0,0,0,0,0,55,0,0,5
382,1560,6.19672,378,100,0,0,0,0,0,0,57,0,0,4
383,1576,6.10169,360,100,0,0,0,0,0,0,57,0,0,2
384,1416,6.23438,399,100,0,0,0,0,0,0,59,0,0,5
385,1344,6.1,366,100,0,0,0,0,0,0,58,0,0,2
386,1612,6.375,357,100,0,0,0,0,0,0,49,0,0,7
387,1676,6.26316,357,100,0,0,0,0,0,0,52,0,0,5
388,1692,6.32143,354,100,0,0,0,0,0,0,50,0,0,6
389,1724,6.26316,357,100,0,0,0,0,0,0,52,0,0,5
390,1704,6.24194,387,100,0,0,0,0,0,0,57,0,0,5
391,1892,6.34426,387,100,0,0,0,0,0,0,54,0,0,7
392,2072,6.36842,363,100,0,0,0,0,0,0,50,0,0,7
393,1580,6.34426,387,100,0,0,0,0,0,0,54,0,0,7
394,1456,6.3,378,100,0,0,0,0,0,0,54,0,0,6
395,1688,6.31818,417,100,0,0,0,0,0,0,59,0,0,7
396,1676,6.18462,402,100,0,0,0,0,0,0,61,0,0,4
397,1812,6.36364,420,100,0,0,0,0,0,0,58,0,0,8
398,1080,6.33333,399,100,0,0,0,0,0,0,56,0,0,7
399,1204,6.33871,393,100,0,0,0,0,0,0,55,0,0,7
400,1288,6.25424,369,100,0,0,0,0,0,0,54,0,0,5
401,1440,6.25862,363,100,0,0,0,0,0,0,53,0,0,5
402,1276,6.28333,377,100,0,0,0,0,0,0,54,0,1,5
403,1308,6.15,369,100,0,0,0,0,0,0,57,0,0,3
404,1432,6.31034,366,100,0,0,0,0,0,0,52,0,0,6
405,1560,6.25,375,100,0,0,0,0,0,0,55,0,0,5
406,1420,6.26316,357,100,0,0,0,0,0,0,52,0,0,5
407,1496,6.28125,402,100,0,0,0,0,0,0,58,0,0,6
408,1464,6.39344,390,100,0,0,0,0,0,0,53,0,0,8
409,1300,6.35,381,100,0,0,0,0,0,0,53,0,0,7
410,1176,6.09836,372,100,0,0,0,0,0,0,59,0,0,2
411,1092,6.14286,387,100,0,0,0,0,0,0,60,0,0,3
412,1276,6.10526,348,100,0,0,0,0,0,0,55,0,0,2
413,1380,6.09836,372,100,0,0,0,0,0,0,59,0,0,2
414,1192,6.14754,375,100,0,0,0,0,0,0,58,0,0,3
415,1340,6.19355,384,100,0,0,0,0,0,0,58,0,0,4
416,1388,6.22388,417,100,0,0,0,0,0,0,62,0,0,5
417,1228,6.34426,387,100,0,0,0,0,0,0,54,0,0,7
418,1112,6.23077,405,100,0,0,0,0,0,0,60,0,0,5
419,1120,6.24194,387,100,0,0,0,0,0,0,57,0,0,5
420,1004,6.23438,399,100,0,0,0,0,0,0,59,0,0,5
421,1060,6.31034,366,100,0,0,0,0,0,0,52,0,0,6
422,1004,6.38182,351,100,0,0,0,0,0,0,48,0,0,7
423,940,6.19672,378,100,0,0,0,0,0,0,57,0,0,4
424,1060,6.28571,396,100,0,0,0,0,0,0,57,0,0,6
425,1148,6.2,372,100,0,0,0,0,0,0,56,0,0,4
426,1020,6.21429,348,100,0,0,0,0,0,0,52,0,0,4
427,1096,6.10526,348,100,0,0,0,0,0,0,55,0,0,2
428,1028,6.25424,369,100,0,0,0,0,0,0,54,0,0,5
429,976,6.09836,372,100,0,0,0,0,0,0,59,0,0,2
430,984,6.14062,393,100,0,0,0,0,0,0,61,0,0,3
431,708,6.15517,357,100,0,0,0,0,0,0,55,0,0,3
432,848,6.14062,393,100,0,0,0,0,0,0,61,0,0,3
433,940,6.10526,348,100,0,0,0,0,0,0,55,0,0,2
434,784,6.05357,339,100,0,0,0,0,0,0,55,0,0,1
435,1060,6.14286,387,100,0,0,0,0,0,0,60,0,0,3
436,1076,6.14754,375,100,0,0,0,0,0,0,58,0,0,3
437,996,6.14754,375,100,0,0,0,0,0,0,58,0,0,3
438,1096,6.14286,387,100,0,0,0,0,0,0,60,0,0,3
439,1088,6.19672,378,100,0,0,0,0,0,0,57,0,0,4
440,892,6.26786,351,100,0,0,0,0,0,0,51,0,0,5
441,936,6.10526,348,100,0,0,0,0,0,0,55,0,0,2
442,996,6.19672,378,100,0,0,0,0,0,0,57,0,0,4
443,1156,6.28571,396,100,0,0,0,0,0,0,57,0,0,6
444,1108,6.35593,375,100,0,0,0,0,0,0,52,0,0,7
445,1160,6.42857,405,100,0,0,0,0,0,0,54,0,0,9
446,1408,6.375,408,100,0,0,0,0,0,0,56,0,0,8
447,1032,6.36842,363,100,0,0,0,0,0,0,50,0,0,7
448,1012,6.2459,381,100,0,0,0,0,0,0,56,0,0,5
449,1292,6.40678,378,100,0,0,0,0,0,0,51,0,0,8
450,1344,6.33333,399,100,0,0,0,0,0,0,56,0,0,7
451,1288,6.33333,399,100,0,0,0,0,0,0,56,0,0,7
452,1284,6.25424,369,100,0,0,0,0,0,0,54,0,0,5
453,1512,6.32308,411,100,0,0,0,0,0,0,58,0,0,7
454,1092,6.31343,423,100,0,0,0,0,0,0,60,0,0,7
455,1056,6.2381,393,100,0,0,0,0,0,0,58,0,0,5
456,1008,6.28814,371,100,0,0,0,0,0,0,53,0,1,5
457,1080,6.2459,381,100,0,0,0,0,0,0,56,0,0,5
458,1144,6.25,375,100,0,0,0,0,0,0,55,0,0,5
459,1236,6.19672,378,100,0,0,0,0,0,0,57,0,0,4
460,1452,6.36207,369,100,0,0,0,0,0,0,51,0,0,7
461,1412,6.29032,390,100,0,0,0,0,0,0,56,0,0,6
462,828,6.09836,372,100,0,0,0,0,0,0,59,0,0,2
463,1144,6.19048,390,100,0,0,0,0,0,0,59,0,0,4
464,956,6.05455,333,100,0,0,0,0,0,0,54,0,0,1
465,852,6,372,100,0,0,0,0,0,0,62,0,0,0
466,948,6.10169,360,100,0,0,0,0,0,0,57,0,0,2
467,1236,6.14062,393,100,0,0,0,0,0,0,61,0,0,3
468,1284,6.18033,377,100,0,0,0,0,0,0,57,0,1,3
469,1596,6.2381,393,100,0,0,0,0,0,0,58,0,0,5
470,1480,6.18182,408,100,0,0,0,0,0,0,62,0,0,4
471,1680,6.27692,408,100,0,0,0,0,0,0,59,0,0,6
472,1860,6.27692,408,100,0,0,0,0,0,0,59,0,0,6
473,1896,6.39344,390,100,0,0,0,0,0,0,53,0,0,8
474,1212,6.23077,405,100,0,0,0,0,0,0,60,0,0,5
475,1156,6.19048,390,100,0,0,0,0,0,0,59,0,0,4
476,1208,6.1875,396,100,0,0,0,0,0,0,60,0,0,4
477,1480,6.2459,381,100,0,0,0,0,0,0,56,0,0,5
478,1040,6.10169,360,100,0,0,0,0,0,0,57,0,0,2
479,1200,6.2,372,100,0,0,0,0,0,0,56,0,0,4
480,1192,6.16364,339,100,0,0,0,0,0,0,52,0,0,3
481,1020,6.09375,390,100,0,0,0,0,0,0,62,0,0,2
482,956,6.09677,378,100,0,0,0,0,0,0,60,0,0,2
483,1068,6.04839,375,100,0,0,0,0,0,0,61,0,0,1
484,1364,6.05172,351,100,0,0,0,0,0,0,57,0,0,1
485,1252,6.05556,327,100,0,0,0,0,0,0,53,0,0,1
486,1344,6.05172,351,100,0,0,0,0,0,0,57,0,0,1
487,1128,6,366,100,0,0,0,0,0,0,61,0,0,0
488,964,6,336,100,0,0,0,0,0,0,56,0,0,0
489,1020,6,342,100,0,0,0,0,0,0,57,0,0,0
490,1184,6.04918,369,100,0,0,0,0,0,0,60,0,0,1
491,1236,6,354,100,0,0,0,0,0,0,59,0,0,0
492,988,6.10909,336,100,0,0,0,0,0,0,53,0,0,2
493,1208,6.15789,351,100,0,0,0,0,0,0,54,0,0,3
494,1412,6.13333,368,100,0,0,0,0,0,0,57,0,1,2
495,1264,6.08475,359,100,0,0,0,0,0,0,57,0,1,1
496,908,6.11538,318,100,0,0,0,0,0,0,50,0,0,2
497,1156,6.05,363,100,0,0,0,0,0,0,59,0,0,1
498,1248,6.14516,381,100,0,0,0,0,0,0,59,0,0,3
499,1164,6.20339,366,100,0,0,0,0,0,0,55,0,0,4
500,948,6.11111,330,100,0,0,0,0,0,0,52,0,0,2
501,1060,6.2,372,100,0,0,0,0,0,0,56,0,0,4
502,1056,6.16364,339,100,0,0,0,0,0,0,52,0,0,3
503,1084,6.09836,372,100,0,0,0,0,0,0,59,0,0,2
504,1212,6.15254,363,100,0,0,0,0,0,0,56,0,0,3
505,1136,6.09836,372,100,0,0,0,0,0,0,59,0,0,2
506,1124,6.19048,390,100,0,0,0,0,0,0,59,0,0,4
507,1160,6.34426,387,100,0,0,0,0,0,0,54,0,0,7
508,1164,6,372,100,0,0,0,0,0,0,62,0,0,0
509,1172,6.14286,387,100,0,0,0,0,0,0,60,0,0,3
510,1056,6.10345,354,100,0,0,0,0,0,0,56,0,0,2
511,952,6.10169,360,100,0,0,0,0,0,0,57,0,0,2
512,1060,6.25424,369,100,0,0,0,0,0,0,54,0,0,5
513,1196,6.24194,387,100,0,0,0,0,0,0,57,0,0,5
514,1248,6.45283,342,100,0,0,0,0,0,0,45,0,0,8
515,1072,6.15789,351,100,0,0,0,0,0,0,54,0,0,3
516,1276,6.25,375,100,0,0,0,0,0,0,55,0,0,5
517,1096,6.25,375,100,0,0,0,0,0,0,55,0,0,5
518,1108,6.2459,381,100,0,0,0,0,0,0,56,0,0,5
519,956,6.30508,372,100,0,0,0,0,0,0,53,0,0,6
520,928,6.32143,354,100,0,0,0,0,0,0,50,0,0,6
521,1004,6.20339,366,100,0,0,0,0,0,0,55,0,0,4
522,1256,6.23438,399,100,0,0,0,0,0,0,59,0,0,5
523,1100,6.25,375,100,0,0,0,0,0,0,55,0,0,5
524,1060,6.15,369,100,0,0,0,0,0,0,57,0,0,3
525,956,6.15,369,100,0,0,0,0,0,0,57,0,0,3
526,1088,6.2459,381,100,0,0,0,0,0,0,56,0,0,5
527,1012,6.2069,360,100,0,0,0,0,0,0,54,0,0,4
528,840,6.10714,342,100,0,0,0,0,0,0,54,0,0,2
529,1080,6.18644,365,100,0,0,0,0,0,0,55,0,1,3
530,980,6.2069,360,100,0,0,0,0,0,0,54,0,0,4
531,1236,6.35,381,100,0,0,0,0,0,0,53,0,0,7
532,1012,6.05085,357,100,0,0,0,0,0,0,58,0,0,1
533,1200,6.19048,390,100,0,0,0,0,0,0,59,0,0,4
534,1204,6.09524,384,100,0,0,0,0,0,0,61,0,0,2
535,1244,6.14516,381,100,0,0,0,0,0,0,59,0,0,3
536,1216,6.18462,402,100,0,0,0,0,0,0,61,0,0,4
537,1228,6.35088,362,100,0,0,0,0,0,0,50,0,1,6
538,1068,6.15517,357,100,0,0,0,0,0,0,55,0,0,3
539,1176,6.26786,351,100,0,0,0,0,0,0,51,0,0,5
540,1016,6.25424,369,100,0,0,0,0,0,0,54,0,0,5
541,1180,6.30508,372,100,0,0,0,0,0,0,53,0,0,6
542,1212,6.29508,384,100,0,0,0,0,0,0,55,0,0,6
543,1200,6.29508,384,100,0,0,0,0,0,0,55,0,0,6
544,1348,6.24194,387,100,0,0,0,0,0,0,57,0,0,5
545,1268,6.2459,381,100,0,0,0,0,0,0,56,0,0,5
546,1276,6.14286,387,100,0,0,0,0,0,0,60,0,0,3
547,1296,6.15,369,100,0,0,0,0,0,0,57,0,0,3
548,908,6.14516,381,100,0,0,0,0,0,0,59,0,0,3
549,1036,6.22727,411,100,0,0,0,0,0,0,61,0,0,5
550,1128,6.17391,426,100,0,0,0,0,0,0,65,0,0,4
551,1256,6.33871,393,100,0,0,0,0,0,0,55,0,0,7
552,1236,6.23077,405,100,0,0,0,0,0,0,60,0,0,5
553,1212,6.23438,399,100,0,0,0,0,0,0,59,0,0,5
554,1008,6.15,369,100,0,0,0,0,0,0,57,0,0,3
555,1100,6.3,378,100,0,0,0,0,0,0,54,0,0,6
556,1204,6.2,372,100,0,0,0,0,0,0,56,0,0,4
557,1072,6.21053,354,100,0,0,0,0,0,0,53,0,0,4
558,1160,6.14754,375,100,0,0,0,0,0,0,58,0,0,3
559,1112,6.20339,366,100,0,0,0,0,0,0,55,0,0,4
560,1244,6.26316,357,100,0,0,0,0,0,0,52,0,0,5
561,1116,6.25424,369,100,0,0,0,0,0,0,54,0,0,5
562,1184,6.19672,378,100,0,0,0,0,0,0,57,0,0,4
563,1032,6.09677,378,100,0,0,0,0,0,0,60,0,0,2
564,992,6.16667,333,100,0,0,0,0,0,0,51,0,0,3
565,1104,6.20339,366,100,0,0,0,0,0,0,55,0,0,4
566,1208,6.15,369,100,0,0,0,0,0,0,57,0,0,3
567,1076,6.15517,357,100,0,0,0,0,0,0,55,0,0,3
568,1120,6.04839,375,100,0,0,0,0,0,0,61,0,0,1
569,1236,6.09375,390,100,0,0,0,0,0,0,62,0,0,2
570,1068,6,360,100,0,0,0,0,0,0,60,0,0,0
571,1312,6.09375,390,100,0,0,0,0,0,0,62,0,0,2
572,1024,6.05,363,100,0,0,0,0,0,0,59,0,0,1
573,1252,6.13636,405,100,0,0,0,0,0,0,63,0,0,3
574,880,6.15789,351,100,0,0,0,0,0,0,54,0,0,3
575,1084,6.08955,408,100,0,0,0,0,0,0,65,0,0,2
576,928,6.1,366,100,0,0,0,0,0,0,58,0,0,2
577,1048,6.04478,405,100,0,0,0,0,0,0,66,0,0,1
578,1224,6.09836,372,100,0,0,0,0,0,0,59,0,0,2
579,1008,6,372,100,0,0,0,0,0,0,62,0,0,0
580,872,6,366,100,0,0,0,0,0,0,61,0,0,0
581,956,6.05,363,100,0,0,0,0,0,0,59,0,0,1
582,1004,6.09375,390,100,0,0,0,0,0,0,62,0,0,2
583,1104,6.13636,405,100,0,0,0,0,0,0,63,0,0,3
584,1096,6.04545,399,100,0,0,0,0,0,0,65,0,0,1
585,980,6.09231,396,100,0,0,0,0,0,0,63,0,0,2
586,1108,6,390,100,0,0,0,0,0,0,65,0,0,0
587,1072,6.05085,357,100,0,0,0,0,0,0,58,0,0,1
588,1164,6.10169,360,100,0,0,0,0,0,0,57,0,0,2
589,1112,6.10909,336,100,0,0,0,0,0,0,53,0,0,2
590,1120,6.1,366,100,0,0,0,0,0,0,58,0,0,2
591,1220,6.25424,369,100,0,0,0,0,0,0,54,0,0,5
592,1196,6.11111,330,100,0,0,0,0,0,0,52,0,0,2
593,1204,6.15517,357,100,0,0,0,0,0,0,55,0,0,3
594,1184,6.05,363,100,0,0,0,0,0,0,59,0,0,1
595,1400,6.09524,384,100,0,0,0,0,0,0,61,0,0,2
596,1120,6,384,100,0,0,0,0,0,0,64,0,0,0
597,1116,6.05455,333,100,0,0,0,0,0,0,54,0,0,1
598,1020,6.05455,333,100,0,0,0,0,0,0,54,0,0,1
599,1296,6.15789,351,100,0,0,0,0,0,0,54,0,0,3
600,1144,6.10345,354,100,0,0,0,0,0,0,56,0,0,2
601,1340,6.21429,348,100,0,0,0,0,0,0,52,0,0,4
602,1524,6.20339,366,100,0,0,0,0,0,0,55,0,0,4
603,1236,6.05556,327,100,0,0,0,0,0,0,53,0,0,1
604,1076,6.05085,357,100,0,0,0,0,0,0,58,0,0,1
605,984,6,318,100,0,0,0,0,0,0,53,0,0,0
606,960,6.05357,339,100,0,0,0,0,0,0,55,0,0,1
607,920,6.05455,333,100,0,0,0,0,0,0,54,0,0,1
608,1040,6.10345,354,100,0,0,0,0,0,0,56,0,0,2
609,920,6,348,100,0,0,0,0,0,0,58,0,0,0
610,884,6.10909,336,100,0,0,0,0,0,0,53,0,0,2
611,1124,6.05263,345,100,0,0,0,0,0,0,56,0,0,1
612,1116,6.10714,342,100,0,0,0,0,0,0,54,0,0,2
613,1012,6.10169,360,100,0,0,0,0,0,0,57,0,0,2
614,964,6.10169,360,100,0,0,0,0,0,0,57,0,0,2
615,924,6.11111,330,100,0,0,0,0,0,0,52,0,0,2
616,1024,6.05085,357,100,0,0,0,0,0,0,58,0,0,1
617,988,6,360,100,0,0,0,0,0,0,60,0,0,0
618,1048,6.05,363,100,0,0,0,0,0,0,59,0,0,1
619,872,6,318,100,0,0,0,0,0,0,53,0,0,0
620,1004,6.05,363,100,0,0,0,0,0,0,59,0,0,1
621,1128,6.09524,384,100,0,0,0,0,0,0,61,0,0,2
622,1092,6.1,366,100,0,0,0,0,0,0,58,0,0,2
623,996,6.09836,372,100,0,0,0,0,0,0,59,0,0,2
624,1088,6.1,366,100,0,0,0,0,0,0,58,0,0,2
625,1092,6.2069,360,100,0,0,0,0,0,0,54,0,0,4
626,1124,6.14754,375,100,0,0,0,0,0,0,58,0,0,3
627,1212,6.04839,375,100,0,0,0,0,0,0,61,0,0,1
628,1076,6,366,100,0,0,0,0,0,0,61,0,0,0
629,1228,6.10169,360,100,0,0,0,0,0,0,57,0,0,2
630,1156,6.04918,369,100,0,0,0,0,0,0,60,0,0,1
631,1016,6.04839,375,100,0,0,0,0,0,0,61,0,0,1
632,1240,6.14754,375,100,0,0,0,0,0,0,58,0,0,3
633,1176,6.2,372,100,0,0,0,0,0,0,56,0,0,4
634,1140,6.25862,363,100,0,0,0,0,0,0,53,0,0,5
635,984,6.19355,384,100,0,0,0,0,0,0,58,0,0,4
636,952,6.15517,357,100,0,0,0,0,0,0,55,0,0,3
637,1104,6.2069,360,100,0,0,0,0,0,0,54,0,0,4
638,1040,6.14754,375,100,0,0,0,0,0,0,58,0,0,3
639,948,6.09836,372,100,0,0,0,0,0,0,59,0,0,2
640,1052,6.19672,378,100,0,0,0,0,0,0,57,0,0,4
641,908,6.05172,351,100,0,0,0,0,0,0,57,0,0,1
642,1064,6.21053,354,100,0,0,0,0,0,0,53,0,0,4
643,1220,6.15,369,100,0,0,0,0,0,0,57,0,0,3
644,1356,6.15789,351,100,0,0,0,0,0,0,54,0,0,3
645,1340,6.21053,354,100,0,0,0,0,0,0,53,0,0,4
646,1376,6.1,366,100,0,0,0,0,0,0,58,0,0,2
647,1340,6.05172,351,100,0,0,0,0,0,0,57,0,0,1
648,1200,6.05263,345,100,0,0,0,0,0,0,56,0,0,1
649,1268,6.14754,375,100,0,0,0,0,0,0,58,0,0,3
650,1376,6.15254,363,100,0,0,0,0,0,0,56,0,0,3
651,1248,6.10345,354,100,0,0,0,0,0,0,56,0,0,2
652,1156,6.2,372,100,0,0,0,0,0,0,56,0,0,4
653,1140,6.21053,354,100,0,0,0,0,0,0,53,0,0,4
654,1216,6.14754,375,100,0,0,0,0,0,0,58,0,0,3
655,1144,6.20339,366,100,0,0,0,0,0,0,55,0,0,4
656,1100,6.21429,348,100,0,0,0,0,0,0,52,0,0,4
657,1204,6.05263,345,100,0,0,0,0,0,0,56,0,0,1
658,1132,6.1,366,100,0,0,0,0,0,0,58,0,0,2
659,1116,6.05172,351,100,0,0,0,0,0,0,57,0,0,1
660,1144,6.05455,333,100,0,0,0,0,0,0,54,0,0,1
661,1080,6.14754,375,100,0,0,0,0,0,0,58,0,0,3
662,1020,6.10526,348,100,0,0,0,0,0,0,55,0,0,2
663,1212,6.05085,357,100,0,0,0,0,0,0,58,0,0,1
664,1252,6.04762,381,100,0,0,0,0,0,0,62,0,0,1
665,1028,6.11321,324,100,0,0,0,0,0,0,51,0,0,2
666,1152,6,354,100,0,0,0,0,0,0,59,0,0,0
667,1172,6,342,100,0,0,0,0,0,0,57,0,0,0
668,1404,6.09836,372,100,0,0,0,0,0,0,59,0,0,2
669,1504,6.14516,381,100,0,0,0,0,0,0,59,0,0,3
670,1480,6.15254,363,100,0,0,0,0,0,0,56,0,0,3
671,1260,6.10526,348,100,0,0,0,0,0,0,55,0,0,2
672,1332,6.16667,333,100,0,0,0,0,0,0,51,0,0,3
673,1300,6.20339,366,100,0,0,0,0,0,0,55,0,0,4
674,1360,6.10345,354,100,0,0,0,0,0,0,56,0,0,2
675,1256,6.16071,345,100,0,0,0,0,0,0,53,0,0,3
676,1160,6.11111,330,100,0,0,0,0,0,0,52,0,0,2
677,1440,6.05085,357,100,0,0,0,0,0,0,58,0,0,1
678,1592,6.15789,351,100,0,0,0,0,0,0,54,0,0,3
679,1352,6.19643,347,100,0,0,0,0,0,0,52,0,1,3
680,1496,6.05455,333,100,0,0,0,0,0,0,54,0,0,1
681,1152,6,330,100,0,0,0,0,0,0,55,0,0,0
682,1240,6.11538,318,100,0,0,0,0,0,0,50,0,0,2
683,1408,6.10909,336,100,0,0,0,0,0,0,53,0,0,2
684,1484,6.15254,363,100,0,0,0,0,0,0,56,0,0,3
685,1456,6.16667,333,100,0,0,0,0,0,0,51,0,0,3
686,1604,6.22222,336,100,0,0,0,0,0,0,50,0,0,4
687,1840,6.26786,351,100,0,0,0,0,0,0,51,0,0,5
688,1276,6.16364,339,100,0,0,0,0,0,0,52,0,0,3
689,1300,6.30508,372,100,0,0,0,0,0,0,53,0,0,6
690,1276,6.30508,372,100,0,0,0,0,0,0,53,0,0,6
691,1304,6.29508,384,100,0,0,0,0,0,0,55,0,0,6
692,1512,6.25,375,100,0,0,0,0,0,0,55,0,0,5
693,1588,6.05172,351,100,0,0,0,0,0,0,57,0,0,1
694,1296,6,336,100,0,0,0,0,0,0,56,0,0,0
695,1552,6.04762,381,100,0,0,0,0,0,0,62,0,0,1
696,1336,6.16981,327,100,0,0,0,0,0,0,50,0,0,3
697,1496,6.21818,342,100,0,0,0,0,0,0,51,0,0,4
698,1548,6.1,366,100,0,0,0,0,0,0,58,0,0,2
699,1620,6.10714,342,100,0,0,0,0,0,0,54,0,0,2
700,1416,6.05455,333,100,0,0,0,0,0,0,54,0,0,1
701,1500,6.04688,387,100,0,0,0,0,0,0,63,0,0,1
702,1280,6.05085,357,100,0,0,0,0,0,0,58,0,0,1
703,1264,6.05172,351,100,0,0,0,0,0,0,57,0,0,1
704,1332,6,354,100,0,0,0,0,0,0,59,0,0,0
705,1232,6.05172,351,100,0,0,0,0,0,0,57,0,0,1
706,1400,6.14754,375,100,0,0,0,0,0,0,58,0,0,3
707,1252,6.10714,342,100,0,0,0,0,0,0,54,0,0,2
708,1400,6.09677,378,100,0,0,0,0,0,0,60,0,0,2
709,1540,6.16667,333,100,0,0,0,0,0,0,51,0,0,3
710,1548,6.10345,354,100,0,0,0,0,0,0,56,0,0,2
711,1220,6,330,100,0,0,0,0,0,0,55,0,0,0
712,1360,6.15789,351,100,0,0,0,0,0,0,54,0,0,3
713,1224,6,342,100,0,0,0,0,0,0,57,0,0,0
714,1432,6.15,369,100,0,0,0,0,0,0,57,0,0,3
715,1208,6.19672,378,100,0,0,0,0,0,0,57,0,0,4
716,980,6,330,100,0,0,0,0,0,0,55,0,0,0
717,1260,6.20339,366,100,0,0,0,0,0,0,55,0,0,4
718,1284,6.31579,360,100,0,0,0,0,0,0,51,0,0,6
719,1324,6.15517,357,100,0,0,0,0,0,0,55,0,0,3
720,1364,6.04762,381,100,0,0,0,0,0,0,62,0,0,1
721,1412,6.15,369,100,0,0,0,0,0,0,57,0,0,3
722,1212,6.1,366,100,0,0,0,0,0,0,58,0,0,2
723,1256,6.13793,356,100,0,0,0,0,0,0,55,0,1,2
724,1232,6.05357,339,100,0,0,0,0,0,0,55,0,0,1
725,1300,6.16071,345,100,0,0,0,0,0,0,53,0,0,3
726,1444,6.1,366,100,0,0,0,0,0,0,58,0,0,2
727,1764,6.2,372,100,0,0,0,0,0,0,56,0,0,4
728,1572,6.04839,375,100,0,0,0,0,0,0,61,0,0,1
729,1364,6,342,100,0,0,0,0,0,0,57,0,0,0
730,1356,6.05263,345,100,0,0,0,0,0,0,56,0,0,1
731,1508,6.04918,369,100,0,0,0,0,0,0,60,0,0,1
732,1332,6,348,100,0,0,0,0,0,0,58,0,0,0
733,1148,6.09836,372,100,0,0,0,0,0,0,59,0,0,2
734,1180,6.1,366,100,0,0,0,0,0,0,58,0,0,2
735,1096,6,354,100,0,0,0,0,0,0,59,0,0,0
736,1300,6.04762,381,100,0,0,0,0,0,0,62,0,0,1
737,1140,6.05263,345,100,0,0,0,0,0,0,56,0,0,1
738,1124,6.10169,360,100,0,0,0,0,0,0,57,0,0,2
739,1096,6.1,366,100,0,0,0,0,0,0,58,0,0,2
740,1000,6.05085,357,100,0,0,0,0,0,0,58,0,0,1
741,936,6.05,363,100,0,0,0,0,0,0,59,0,0,1
742,1020,6,360,100,0,0,0,0,0,0,60,0,0,0
743,1052,6.10526,348,100,0,0,0,0,0,0,55,0,0,2
744,1340,6.20339,366,100,0,0,0,0,0,0,55,0,0,4
745,1000,6.05455,333,100,0,0,0,0,0,0,54,0,0,1
746,1080,6,336,100,0,0,0,0,0,0,56,0,0,0
747,932,6.05357,339,100,0,0,0,0,0,0,55,0,0,1
748,972,6,366,100,0,0,0,0,0,0,61,0,0,0
749,1012,6,366,100,0,0,0,0,0,0,61,0,0,0
750,1116,6.04688,387,100,0,0,0,0,0,0,63,0,0,1
751,1080,6.15254,363,100,0,0,0,0,0,0,56,0,0,3
752,1156,6.10345,354,100,0,0,0,0,0,0,56,0,0,2
753,1056,6.05172,351,100,0,0,0,0,0,0,57,0,0,1
754,1068,6.15517,357,100,0,0,0,0,0,0,55,0,0,3
755,1156,6.04839,375,100,0,0,0,0,0,0,61,0,0,1
756,1168,6.2069,360,100,0,0,0,0,0,0,54,0,0,4
757,1412,6.2459,381,100,0,0,0,0,0,0,56,0,0,5
758,1160,6.1,366,100,0,0,0,0,0,0,58,0,0,2
759,1140,6.13333,368,100,0,0,0,0,0,0,57,0,1,2
760,988,6.15254,363,100,0,0,0,0,0,0,56,0,0,3
761,1104,6.10345,354,100,0,0,0,0,0,0,56,0,0,2
762,1248,6.14754,375,100,0,0,0,0,0,0,58,0,0,3
763,980,6.10526,348,100,0,0,0,0,0,0,55,0,0,2
764,956,6.05,363,100,0,0,0,0,0,0,59,0,0,1
765,928,6.05263,345,100,0,0,0,0,0,0,56,0,0,1
766,984,6.15517,357,100,0,0,0,0,0,0,55,0,0,3
767,1040,6.04839,375,100,0,0,0,0,0,0,61,0,0,1
768,1360,6.24194,387,100,0,0,0,0,0,0,57,0,0,5
769,1368,6.15254,363,100,0,0,0,0,0,0,56,0,0,3
770,1172,6.04839,375,100,0,0,0,0,0,0,61,0,0,1
771,860,6.16071,345,100,0,0,0,0,0,0,53,0,0,3
772,864,6.21429,348,100,0,0,0,0,0,0,52,0,0,4
773,1144,6.25424,369,100,0,0,0,0,0,0,54,0,0,5
774,1112,6.27273,345,100,0,0,0,0,0,0,50,0,0,5
775,1140,6.25,375,100,0,0,0,0,0,0,55,0,0,5
776,1076,6.2459,381,100,0,0,0,0,0,0,56,0,0,5
777,1204,6.31034,366,100,0,0,0,0,0,0,52,0,0,6
778,1064,6.26316,357,100,0,0,0,0,0,0,52,0,0,5
779,1136,6.45283,342,100,0,0,0,0,0,0,45,0,0,8
780,900,6.11111,330,100,0,0,0,0,0,0,52,0,0,2
781,1136,6.44444,348,100,0,0,0,0,0,0,46,0,0,8
782,1088,6.2381,393,100,0,0,0,0,0,0,58,0,0,5
783,948,6.21429,348,100,0,0,0,0,0,0,52,0,0,4
784,1184,6.2,372,100,0,0,0,0,0,0,56,0,0,4
785,1016,6.25424,369,100,0,0,0,0,0,0,54,0,0,5
786,1148,6.21429,348,100,0,0,0,0,0,0,52,0,0,4
787,1072,6.16667,333,100,0,0,0,0,0,0,51,0,0,3
788,956,6.20339,366,100,0,0,0,0,0,0,55,0,0,4
789,1304,6.04918,369,100,0,0,0,0,0,0,60,0,0,1
790,1136,6.15254,363,100,0,0,0,0,0,0,56,0,0,3
791,1156,6.2069,360,100,0,0,0,0,0,0,54,0,0,4
792,1276,6.14754,375,100,0,0,0,0,0,0,58,0,0,3
793,1204,6.39623,339,100,0,0,0,0,0,0,46,0,0,7
794,1480,6.41818,353,100,0,0,0,0,0,0,47,0,1,7
795,1264,6.15517,357,100,0,0,0,0,0,0,55,0,0,3
796,1488,6.375,357,100,0,0,0,0,0,0,49,0,0,7
797,1168,6.33333,342,100,0,0,0,0,0,0,48,0,0,6
798,1024,6.26786,351,100,0,0,0,0,0,0,51,0,0,5
799,1172,6.33333,399,100,0,0,0,0,0,0,56,0,0,7
800,1452,6.47619,408,100,0,0,0,0,0,0,53,0,0,10
801,1268,6.39344,390,100,0,0,0,0,0,0,53,0,0,8
802,1376,6.50847,384,100,0,0,0,0,0,0,49,0,0,10
803,1588,6.59016,402,100,0,0,0,0,0,0,49,0,0,12
804,1556,6.57895,375,100,0,0,0,0,0,0,46,0,0,11
805,1732,6.73684,384,100,0,0,0,0,0,0,43,0,0,14
806,1824,6.75,378,100,0,0,0,0,0,0,42,0,0,14
807,1788,6.87273,378,100,0,0,0,0,0,0,39,0,0,16
808,1988,7,399,100,0,0,0,0,0,0,38,0,0,19
809,1788,7.05556,381,100,0,0,0,0,0,0,35,0,0,19
810,1624,6.85714,384,100,0,0,0,0,0,0,40,0,0,16
811,1640,6.85714,384,100,0,0,0,0,0,0,40,0,0,16
812,1728,6.51724,378,100,0,0,0,0,0,0,48,0,0,10
813,1724,6.90566,366,100,0,0,0,0,0,0,37,0,0,16
814,1784,6.96,348,100,0,0,0,0,0,0,34,0,0,16
815,1792,6.89474,393,100,0,0,0,0,0,0,40,0,0,17
816,1884,6.78689,414,100,0,0,0,0,0,0,45,0,0,16
817,1672,6.48214,363,100,0,0,0,0,0,0,47,0,0,9
818,1596,6.71186,396,100,0,0,0,0,0,0,45,0,0,14
819,1604,6.5,390,100,0,0,0,0,0,0,50,0,0,10
820,1316,6.50943,345,100,0,0,0,0,0,0,44,0,0,9
821,1408,6.62264,351,100,0,0,0,0,0,0,42,0,0,11
822,1396,6.62069,384,100,0,0,0,0,0,0,46,0,0,12
823,1240,6.42105,366,100,0,0,0,0,0,0,49,0,0,8
824,1380,6.67241,387,100,0,0,0,0,0,0,45,0,0,13
825,1548,6.64615,432,100,0,0,0,0,0,0,51,0,0,14
826,1956,6.64615,432,100,0,0,0,0,0,0,51,0,0,14
827,2148,6.78947,387,100,0,0,0,0,0,0,42,0,0,15
828,2028,6.89474,393,100,0,0,0,0,0,0,40,0,0,17
829,2068,6.80357,381,100,0,0,0,0,0,0,41,0,0,15
830,1852,6.85714,384,100,0,0,0,0,0,0,40,0,0,16
831,1388,6.57692,342,100,0,0,0,0,0,0,42,0,0,10
832,1572,6.57692,342,100,0,0,0,0,0,0,42,0,0,10
833,1820,6.77586,393,100,0,0,0,0,0,0,43,0,0,15
834,1908,6.65625,426,100,0,0,0,0,0,0,50,0,0,14
835,1304,6.94444,375,100,0,0,0,0,0,0,37,0,0,17
836,1332,6.86441,405,100,0,0,0,0,0,0,42,0,0,17
837,1592,6.67241,387,100,0,0,0,0,0,0,45,0,0,13
838,1264,6.64286,372,100,0,0,0,0,0,0,44,0,0,12
839,1660,6.65455,366,100,0,0,0,0,0,0,43,0,0,12
840,1864,6.8,408,100,0,0,0,0,0,0,44,0,0,16
841,1656,6.75,378,100,0,0,0,0,0,0,42,0,0,14
842,1764,6.57895,375,100,0,0,0,0,0,0,46,0,0,11
843,1676,6.43548,399,100,0,0,0,0,0,0,53,0,0,9
844,1660,6.66102,393,100,0,0,0,0,0,0,46,0,0,13
845,1564,6.50847,384,100,0,0,0,0,0,0,49,0,0,10
846,1520,6.56897,381,100,0,0,0,0,0,0,47,0,0,11
847,1332,6.4,384,100,0,0,0,0,0,0,52,0,0,8
848,1504,6.34426,387,100,0,0,0,0,0,0,54,0,0,7
849,1500,6.3871,396,100,0,0,0,0,0,0,54,0,0,8
850,1528,6.45763,381,100,0,0,0,0,0,0,50,0,0,9
851,1624,6.33333,399,100,0,0,0,0,0,0,56,0,0,7
852,1676,6.33871,393,100,0,0,0,0,0,0,55,0,0,7
853,1768,6.35593,375,100,0,0,0,0,0,0,52,0,0,7
854,1096,6.15517,357,100,0,0,0,0,0,0,55,0,0,3
855,1368,6.3,378,100,0,0,0,0,0,0,54,0,0,6
856,1348,6.32787,386,100,0,0,0,0,0,0,54,0,1,6
857,1072,6.36842,363,100,0,0,0,0,0,0,50,0,0,7
858,1288,6.40678,378,100,0,0,0,0,0,0,51,0,0,8
859,1368,6.34783,438,100,0,0,0,0,0,0,61,0,0,8
860,1192,6.39344,390,100,0,0,0,0,0,0,53,0,0,8
861,1076,6.43333,386,100,0,0,0,0,0,0,51,0,1,8
862,1312,6.36842,363,100,0,0,0,0,0,0,50,0,0,7
863,1356,6.38182,351,100,0,0,0,0,0,0,48,0,0,7
864,1500,6.41379,372,100,0,0,0,0,0,0,50,0,0,8
865,1404,6.40678,378,100,0,0,0,0,0,0,51,0,0,8
866,1484,6.46552,375,100,0,0,0,0,0,0,49,0,0,9
867,1244,6.4,384,100,0,0,0,0,0,0,52,0,0,8
868,1340,6.40678,378,100,0,0,0,0,0,0,51,0,0,8
869,1268,6.32812,405,100,0,0,0,0,0,0,57,0,0,7
870,1104,6.28125,402,100,0,0,0,0,0,0,58,0,0,6
871,972,6.22222,336,100,0,0,0,0,0,0,50,0,0,4
872,932,6.1,366,100,0,0,0,0,0,0,58,0,0,2
873,1072,6.10169,360,100,0,0,0,0,0,0,57,0,0,2
874,956,6.10909,336,100,0,0,0,0,0,0,53,0,0,2
875,1296,6.14516,381,100,0,0,0,0,0,0,59,0,0,3
876,1392,6.16364,339,100,0,0,0,0,0,0,52,0,0,3
877,1324,6.05357,339,100,0,0,0,0,0,0,55,0,0,1
878,1416,6.1,366,100,0,0,0,0,0,0,58,0,0,2
879,1552,6.18966,359,100,0,0,0,0,0,0,54,0,1,3
880,1692,6.18033,377,100,0,0,0,0,0,0,57,0,1,3
881,1056,6.21053,354,100,0,0,0,0,0,0,53,0,0,4
882,1408,6.1875,396,100,0,0,0,0,0,0,60,0,0,4
883,1320,6.19672,378,100,0,0,0,0,0,0,57,0,0,4
884,1192,6.23729,368,100,0,0,0,0,0,0,54,0,1,4
885,964,6.10714,342,100,0,0,0,0,0,0,54,0,0,2
886,1000,6.05172,351,100,0,0,0,0,0,0,57,0,0,1
887,984,6.05,363,100,0,0,0,0,0,0,59,0,0,1
888,1004,6.1,366,100,0,0,0,0,0,0,58,0,0,2
889,1048,6.09677,378,100,0,0,0,0,0,0,60,0,0,2
890,936,6.15254,363,100,0,0,0,0,0,0,56,0,0,3
891,1020,6.15517,357,100,0,0,0,0,0,0,55,0,0,3
892,1100,6.09524,384,100,0,0,0,0,0,0,61,0,0,2
893,1276,6.04762,381,100,0,0,0,0,0,0,62,0,0,1
894,1536,6.09524,384,100,0,0,0,0,0,0,61,0,0,2
895,1192,6.14286,387,100,0,0,0,0,0,0,60,0,0,3
896,1020,6.04286,423,100,0,0,0,0,0,0,69,0,0,1
897,976,6.13043,423,100,0,0,0,0,0,0,66,0,0,3
898,1004,6.09524,384,100,0,0,0,0,0,0,61,0,0,2
899,1072,6.04615,393,100,0,0,0,0,0,0,64,0,0,1
900,936,6.04839,375,100,0,0,0,0,0,0,61,0,0,1
901,1064,6.04348,417,100,0,0,0,0,0,0,68,0,0,1
902,1064,6.04478,405,100,0,0,0,0,0,0,66,0,0,1
903,1096,6.09524,384,100,0,0,0,0,0,0,61,0,0,2
904,928,6.05172,351,100,0,0,0,0,0,0,57,0,0,1
905,1172,6.04412,411,100,0,0,0,0,0,0,67,0,0,1
906,876,6.09231,396,100,0,0,0,0,0,0,63,0,0,2
907,940,6.05085,357,100,0,0,0,0,0,0,58,0,0,1
908,904,6.04478,405,100,0,0,0,0,0,0,66,0,0,1
909,812,6,390,100,0,0,0,0,0,0,65,0,0,0
910,1044,6,414,100,0,0,0,0,0,0,69,0,0,0
911,952,6,372,100,0,0,0,0,0,0,62,0,0,0
912,856,6,366,100,0,0,0,0,0,0,61,0,0,0
913,1108,6.04412,411,100,0,0,0,0,0,0,67,0,0,1
914,952,6.09375,390,100,0,0,0,0,0,0,62,0,0,2
915,984,6.14516,381,100,0,0,0,0,0,0,59,0,0,3
916,1088,6.10345,354,100,0,0,0,0,0,0,56,0,0,2
917,1180,6.09677,378,100,0,0,0,0,0,0,60,0,0,2
918,1140,6.10169,360,100,0,0,0,0,0,0,57,0,0,2
919,1192,6.05085,357,100,0,0,0,0,0,0,58,0,0,1
920,1092,6.10345,354,100,0,0,0,0,0,0,56,0,0,2
921,1264,6.1,366,100,0,0,0,0,0,0,58,0,0,2
922,1364,6.14516,381,100,0,0,0,0,0,0,59,0,0,3
923,988,6.19672,378,100,0,0,0,0,0,0,57,0,0,4
924,1012,6.04918,369,100,0,0,0,0,0,0,60,0,0,1
925,1080,6.15517,357,100,0,0,0,0,0,0,55,0,0,3
926,1248,6.10345,354,100,0,0,0,0,0,0,56,0,0,2
927,1440,6.10345,354,100,0,0,0,0,0,0,56,0,0,2
928,1252,6.15,369,100,0,0,0,0,0,0,57,0,0,3
929,1248,6.05085,357,100,0,0,0,0,0,0,58,0,0,1
930,1584,6,360,100,0,0,0,0,0,0,60,0,0,0
931,1708,6.04839,375,100,0,0,0,0,0,0,61,0,0,1
932,1152,6.10345,354,100,0,0,0,0,0,0,56,0,0,2
933,1120,6.10909,336,100,0,0,0,0,0,0,53,0,0,2
934,992,6,318,100,0,0,0,0,0,0,53,0,0,0
935,1224,6.05357,339,100,0,0,0,0,0,0,55,0,0,1
936,1204,6.10169,360,100,0,0,0,0,0,0,57,0,0,2
937,1084,6.16071,345,100,0,0,0,0,0,0,53,0,0,3
938,1352,6.09231,396,100,0,0,0,0,0,0,63,0,0,2
939,1280,6.05,363,100,0,0,0,0,0,0,59,0,0,1
940,1296,6.05,363,100,0,0,0,0,0,0,59,0,0,1
941,1592,6.20339,366,100,0,0,0,0,0,0,55,0,0,4
942,1136,6.09091,402,100,0,0,0,0,0,0,64,0,0,2
943,1164,6.10169,360,100,0,0,0,0,0,0,57,0,0,2
944,960,6.05085,357,100,0,0,0,0,0,0,58,0,0,1
945,1012,6.10345,354,100,0,0,0,0,0,0,56,0,0,2
946,1132,6.10169,360,100,0,0,0,0,0,0,57,0,0,2
947,1092,6.04839,375,100,0,0,0,0,0,0,61,0,0,1
948,1048,6,360,100,0,0,0,0,0,0,60,0,0,0
949,1044,6.05172,351,100,0,0,0,0,0,0,57,0,0,1
950,1168,6.05556,327,100,0,0,0,0,0,0,53,0,0,1
951,1244,6.1,366,100,0,0,0,0,0,0,58,0,0,2
952,1240,6.05357,339,100,0,0,0,0,0,0,55,0,0,1
953,1096,6.10345,354,100,0,0,0,0,0,0,56,0,0,2
954,1044,6,342,100,0,0,0,0,0,0,57,0,0,0
955,852,6,336,100,0,0,0,0,0,0,56,0,0,0
956,1112,6,366,100,0,0,0,0,0,0,61,0,0,0
957,1156,6.10526,348,100,0,0,0,0,0,0,55,0,0,2
958,1080,6.1,366,100,0,0,0,0,0,0,58,0,0,2
959,856,6.05263,345,100,0,0,0,0,0,0,56,0,0,1
960,920,6,384,100,0,0,0,0,0,0,64,0,0,0
961,992,6.04688,387,100,0,0,0,0,0,0,63,0,0,1
962,1080,6.14754,375,100,0,0,0,0,0,0,58,0,0,3
963,1132,6.04839,375,100,0,0,0,0,0,0,61,0,0,1
964,1088,6.04688,387,100,0,0,0,0,0,0,63,0,0,1
965,952,6.04762,381,100,0,0,0,0,0,0,62,0,0,1
966,1052,6.05,363,100,0,0,0,0,0,0,59,0,0,1
967,1208,6.19672,378,100,0,0,0,0,0,0,57,0,0,4
968,1008,6.2069,360,100,0,0,0,0,0,0,54,0,0,4
969,1024,6.15254,363,100,0,0,0,0,0,0,56,0,0,3
970,1008,6.15,369,100,0,0,0,0,0,0,57,0,0,3
971,1088,6.2,372,100,0,0,0,0,0,0,56,0,0,4
972,1020,6.16364,339,100,0,0,0,0,0,0,52,0,0,3
973,992,6.15789,351,100,0,0,0,0,0,0,54,0,0,3
974,1160,6.14516,381,100,0,0,0,0,0,0,59,0,0,3
975,1328,6.25424,369,100,0,0,0,0,0,0,54,0,0,5
976,1452,6.49091,357,100,0,0,0,0,0,0,46,0,0,9
977,1208,6.44262,393,100,0,0,0,0,0,0,52,0,0,9
978,1084,6.1875,396,100,0,0,0,0,0,0,60,0,0,4
979,1096,6.25424,369,100,0,0,0,0,0,0,54,0,0,5
980,1084,6.26316,357,100,0,0,0,0,0,0,52,0,0,5
981,1312,6.27419,389,100,0,0,0,0,0,0,56,0,1,5
982,1340,6.2381,393,100,0,0,0,0,0,0,58,0,0,5
983,1052,6.15,369,100,0,0,0,0,0,0,57,0,0,3
984,1352,6.13235,417,100,0,0,0,0,0,0,65,0,0,3
985,1160,6.14516,381,100,0,0,0,0,0,0,59,0,0,3
986,1164,6.19048,390,100,0,0,0,0,0,0,59,0,0,4
987,1164,6.23438,399,100,0,0,0,0,0,0,59,0,0,5
988,1188,6.25,375,100,0,0,0,0,0,0,55,0,0,5
989,1372,6.18182,408,100,0,0,0,0,0,0,62,0,0,4
990,1036,6.15,369,100,0,0,0,0,0,0,57,0,0,3
991,1060,6.14754,375,100,0,0,0,0,0,0,58,0,0,3
992,1136,6.10169,360,100,0,0,0,0,0,0,57,0,0,2
993,1204,6.05085,357,100,0,0,0,0,0,0,58,0,0,1
994,1324,6.16071,345,100,0,0,0,0,0,0,53,0,0,3
995,1216,6.15517,357,100,0,0,0,0,0,0,55,0,0,3
996,1232,6.2,372,100,0,0,0,0,0,0,56,0,0,4
997,1280,6.19355,384,100,0,0,0,0,0,0,58,0,0,4
998,1112,6.15,369,100,0,0,0,0,0,0,57,0,0,3
999,1180,6.20339,366,100,0,0,0,0,0,0,55,0,0,4
