update,points,mean_tasks,total_tasks,total_orgs,task_0,task_1,task_2,task_3,task_4,task_5,task_6,task_7,task_8,task_9
0,0,nan,0,10,0,0,0,0,0,0,0,0,0,0
1,32,6,12,10,0,0,0,0,0,0,2,0,0,0
2,92,6,30,11,0,0,0,0,0,0,5,0,0,0
3,88,6,36,12,0,0,0,0,0,0,6,0,0,0
4,124,6,48,14,0,0,0,0,0,0,8,0,0,0
5,188,6.27273,69,18,0,0,0,0,0,0,10,0,0,1
6,264,6.25,75,20,0,0,0,0,0,0,11,0,0,1
7,220,6.23077,81,22,0,0,0,0,0,0,12,0,0,1
8,188,6.2,93,25,0,0,0,0,0,0,14,0,0,1
9,284,6.33333,114,28,0,0,0,0,0,0,16,0,0,2
10,384,6.45,129,32,0,0,0,0,0,0,17,0,0,3
11,368,6.3913,147,36,0,0,0,0,0,0,20,0,0,3
12,464,6.36,159,39,0,0,0,0,0,0,22,0,0,3
13,484,6.32143,177,44,0,0,0,0,0,0,25,0,0,3
14,444,6.3,189,45,0,0,0,0,0,0,27,0,0,3
15,436,6.17143,216,51,0,0,0,0,0,0,33,0,0,2
16,500,6.18182,204,55,0,0,0,0,0,0,31,0,0,2
17,524,6.25714,219,57,0,0,0,0,0,0,32,0,0,3
18,688,6.3,252,62,0,0,0,0,0,0,36,0,0,4
19,676,6.34884,273,67,0,0,0,0,0,0,38,0,0,5
20,728,6.3125,303,73,0,0,0,0,0,0,43,0,0,5
21,756,6.11765,312,76,0,0,0,0,0,0,49,0,0,2
22,672,6.05882,309,79,0,0,0,0,0,0,50,0,0,1
23,732,6.10714,342,80,0,0,0,0,0,0,54,0,0,2
24,744,6.16667,333,83,0,0,0,0,0,0,51,0,0,3
25,984,6.15789,351,85,0,0,0,0,0,0,54,0,0,3
26,904,6.17308,321,86,0,0,0,0,0,0,49,0,0,3
27,1016,6.14516,381,89,0,0,0,0,0,0,59,0,0,3
28,796,6.05263,345,91,0,0,0,0,0,0,56,0,0,1
29,824,6.05172,351,93,0,0,0,0,0,0,57,0,0,1
30,768,6.05172,351,93,0,0,0,0,0,0,57,0,0,1
31,884,6.09677,378,95,0,0,0,0,0,0,60,0,0,2
32,672,6.05263,345,97,0,0,0,0,0,0,56,0,0,1
33,768,6.04762,381,98,0,0,0,0,0,0,62,0,0,1
34,804,6.09836,372,98,0,0,0,0,0,0,59,0,0,2
35,940,6.09091,402,99,0,0,0,0,0,0,64,0,0,2
36,964,6.14516,381,99,0,0,0,0,0,0,59,0,0,3
37,1092,6.15,369,99,0,0,0,0,0,0,57,0,0,3
38,928,6.15,369,100,0,0,0,0,0,0,57,0,0,3
39,1032,6.04762,381,100,0,0,0,0,0,0,62,0,0,1
40,996,6.04478,405,100,0,0,0,0,0,0,66,0,0,1
41,1184,6.13846,399,100,0,0,0,0,0,0,62,0,0,3
42,1084,6.20339,366,100,0,0,0,0,0,0,55,0,0,4
43,1080,6,354,100,0,0,0,0,0,0,59,0,0,0
44,1196,6.09677,378,100,0,0,0,0,0,0,60,0,0,2
45,1404,6.14062,393,100,0,0,0,0,0,0,61,0,0,3
46,1308,6.04762,381,100,0,0,0,0,0,0,62,0,0,1
47,1232,6.04918,369,100,0,0,0,0,0,0,60,0,0,1
48,1340,6.10345,354,100,0,0,0,0,0,0,56,0,0,2
49,1476,6.1,366,100,0,0,0,0,0,0,58,0,0,2
50,1464,6.08955,408,100,0,0,0,0,0,0,65,0,0,2
51,1416,6.05172,351,100,0,0,0,0,0,0,57,0,0,1
52,1116,6.05455,333,100,0,0,0,0,0,0,54,0,0,1
53,1348,6.09677,378,100,0,0,0,0,0,0,60,0,0,2
54,1568,6.15517,357,100,0,0,0,0,0,0,55,0,0,3
55,1380,6.10909,336,100,0,0,0,0,0,0,53,0,0,2
56,1232,6.05455,333,100,0,0,0,0,0,0,54,0,0,1
57,1400,6.15254,363,100,0,0,0,0,0,0,56,0,0,3
58,924,6,312,100,0,0,0,0,0,0,52,0,0,0
59,856,6,324,100,0,0,0,0,0,0,54,0,0,0
60,1088,6.04839,375,100,0,0,0,0,0,0,61,0,0,1
61,1136,6,324,100,0,0,0,0,0,0,54,0,0,0
62,1288,6.16981,327,100,0,0,0,0,0,0,50,0,0,3
63,1216,6.10169,360,100,0,0,0,0,0,0,57,0,0,2
64,1324,6.05263,345,100,0,0,0,0,0,0,56,0,0,1
65,1064,6.05085,357,100,0,0,0,0,0,0,58,0,0,1
66,804,6.11538,318,100,0,0,0,0,0,0,50,0,0,2
67,1120,6.15517,357,100,0,0,0,0,0,0,55,0,0,3
68,1040,6.10714,342,100,0,0,0,0,0,0,54,0,0,2
69,1168,6.05,363,100,0,0,0,0,0,0,59,0,0,1
70,1084,6.16071,345,100,0,0,0,0,0,0,53,0,0,3
71,1232,6.26316,357,100,0,0,0,0,0,0,52,0,0,5
72,1236,6.16364,339,100,0,0,0,0,0,0,52,0,0,3
73,1212,6.10169,360,100,0,0,0,0,0,0,57,0,0,2
74,1164,6.05357,339,100,0,0,0,0,0,0,55,0,0,1
75,1204,6.10345,354,100,0,0,0,0,0,0,56,0,0,2
76,1500,6.04918,369,100,0,0,0,0,0,0,60,0,0,1
77,1700,6.05,363,100,0,0,0,0,0,0,59,0,0,1
78,1728,6.10169,360,100,0,0,0,0,0,0,57,0,0,2
79,1864,6.14754,375,100,0,0,0,0,0,0,58,0,0,3
80,1824,6.10345,354,100,0,0,0,0,0,0,56,0,0,2
81,1408,6.05172,351,100,0,0,0,0,0,0,57,0,0,1
82,1528,6.1,366,100,0,0,0,0,0,0,58,0,0,2
83,1308,6.10909,336,100,0,0,0,0,0,0,53,0,0,2
84,1660,6.15,369,100,0,0,0,0,0,0,57,0,0,3
85,1480,6.05,363,100,0,0,0,0,0,0,59,0,0,1
86,1320,6.11111,330,100,0,0,0,0,0,0,52,0,0,2
87,1700,6.15254,363,100,0,0,0,0,0,0,56,0,0,3
88,1876,6.09836,372,100,0,0,0,0,0,0,59,0,0,2
89,1676,6.10345,354,100,0,0,0,0,0,0,56,0,0,2
90,1828,6.15254,363,100,0,0,0,0,0,0,56,0,0,3
91,1664,6.10526,348,100,0,0,0,0,0,0,55,0,0,2
92,2120,6.25862,363,100,0,0,0,0,0,0,53,0,0,5
93,2176,6.2,372,100,0,0,0,0,0,0,56,0,0,4
94,1960,6.25862,363,100,0,0,0,0,0,0,53,0,0,5
95,2056,6.28571,396,100,0,0,0,0,0,0,57,0,0,6
96,2284,6.09836,372,100,0,0,0,0,0,0,59,0,0,2
97,1440,6.10714,342,100,0,0,0,0,0,0,54,0,0,2
98,1548,6.15254,363,100,0,0,0,0,0,0,56,0,0,3
99,1228,6.09836,372,100,0,0,0,0,0,0,59,0,0,2
100,1276,6.09677,378,100,0,0,0,0,0,0,60,0,0,2
101,1328,6.10169,360,100,0,0,0,0,0,0,57,0,0,2
102,1320,6.09836,372,100,0,0,0,0,0,0,59,0,0,2
103,1240,6.10345,354,100,0,0,0,0,0,0,56,0,0,2
104,1440,6.09836,372,100,0,0,0,0,0,0,59,0,0,2
105,1256,6.09836,372,100,0,0,0,0,0,0,59,0,0,2
106,1272,6.10169,360,100,0,0,0,0,0,0,57,0,0,2
107,1532,6.04688,387,100,0,0,0,0,0,0,63,0,0,1
108,1536,6.04918,369,100,0,0,0,0,0,0,60,0,0,1
109,1616,6,366,100,0,0,0,0,0,0,61,0,0,0
110,1376,6,366,100,0,0,0,0,0,0,61,0,0,0
111,1320,6,360,100,0,0,0,0,0,0,60,0,0,0
112,1168,6.04839,375,100,0,0,0,0,0,0,61,0,0,1
113,1228,6.05,363,100,0,0,0,0,0,0,59,0,0,1
114,1480,6.04762,381,100,0,0,0,0,0,0,62,0,0,1
115,1748,6.04762,381,100,0,0,0,0,0,0,62,0,0,1
116,2052,6.05085,357,100,0,0,0,0,0,0,58,0,0,1
117,2104,6.04688,387,100,0,0,0,0,0,0,63,0,0,1
118,1060,6.04545,399,100,0,0,0,0,0,0,65,0,0,1
119,1028,6.09231,396,100,0,0,0,0,0,0,63,0,0,2
120,1020,6.04412,411,100,0,0,0,0,0,0,67,0,0,1
121,1116,6.04348,417,100,0,0,0,0,0,0,68,0,0,1
122,1284,6.04478,405,100,0,0,0,0,0,0,66,0,0,1
123,1148,6.14062,393,100,0,0,0,0,0,0,61,0,0,3
124,1392,6.08571,426,100,0,0,0,0,0,0,68,0,0,2
125,1096,6.1,366,100,0,0,0,0,0,0,58,0,0,2
126,908,6.04545,399,100,0,0,0,0,0,0,65,0,0,1
127,992,6.09524,384,100,0,0,0,0,0,0,61,0,0,2
128,1108,6.17143,432,100,0,0,0,0,0,0,66,0,0,4
129,1164,6.19672,378,100,0,0,0,0,0,0,57,0,0,4
130,1188,6.13636,405,100,0,0,0,0,0,0,63,0,0,3
131,1144,6.08451,432,100,0,0,0,0,0,0,69,0,0,2
132,1080,6.04688,387,100,0,0,0,0,0,0,63,0,0,1
133,1276,6.13636,405,100,0,0,0,0,0,0,63,0,0,3
134,1304,6.14754,375,100,0,0,0,0,0,0,58,0,0,3
135,1228,6.10909,336,100,0,0,0,0,0,0,53,0,0,2
136,1144,6.10345,354,100,0,0,0,0,0,0,56,0,0,2
137,936,6.0566,321,100,0,0,0,0,0,0,52,0,0,1
138,1112,6.10526,348,100,0,0,0,0,0,0,55,0,0,2
139,1388,6.09677,378,100,0,0,0,0,0,0,60,0,0,2
140,1288,6.15,369,100,0,0,0,0,0,0,57,0,0,3
141,1448,6.13846,399,100,0,0,0,0,0,0,62,0,0,3
142,1288,6.19672,378,100,0,0,0,0,0,0,57,0,0,4
143,1356,6.09375,390,100,0,0,0,0,0,0,62,0,0,2
144,1504,6.09677,378,100,0,0,0,0,0,0,60,0,0,2
145,1448,6.2381,393,100,0,0,0,0,0,0,58,0,0,5
146,1336,6.28125,402,100,0,0,0,0,0,0,58,0,0,6
147,1188,6.15,369,100,0,0,0,0,0,0,57,0,0,3
148,1360,6.1875,396,100,0,0,0,0,0,0,60,0,0,4
149,1268,6.09231,396,100,0,0,0,0,0,0,63,0,0,2
150,1072,6.10345,354,100,0,0,0,0,0,0,56,0,0,2
151,928,6,336,100,0,0,0,0,0,0,56,0,0,0
152,948,6.05085,357,100,0,0,0,0,0,0,58,0,0,1
153,1132,6.27273,345,100,0,0,0,0,0,0,50,0,0,5
154,1100,6.25862,363,100,0,0,0,0,0,0,53,0,0,5
155,1228,6.19672,378,100,0,0,0,0,0,0,57,0,0,4
156,1400,6.25424,369,100,0,0,0,0,0,0,54,0,0,5
157,1372,6.28302,333,100,0,0,0,0,0,0,48,0,0,5
158,1388,6.3,378,100,0,0,0,0,0,0,54,0,0,6
159,1396,6.05263,345,100,0,0,0,0,0,0,56,0,0,1
160,1284,6.10714,342,100,0,0,0,0,0,0,54,0,0,2
161,1360,6.21053,354,100,0,0,0,0,0,0,53,0,0,4
162,1304,6.25862,363,100,0,0,0,0,0,0,53,0,0,5
163,1252,6.16667,333,100,0,0,0,0,0,0,51,0,0,3
164,1364,6.1,366,100,0,0,0,0,0,0,58,0,0,2
165,1148,6,336,100,0,0,0,0,0,0,56,0,0,0
166,1212,6.16071,345,100,0,0,0,0,0,0,53,0,0,3
167,1396,6.25862,363,100,0,0,0,0,0,0,53,0,0,5
168,1236,6.15254,363,100,0,0,0,0,0,0,56,0,0,3
169,1312,6.22222,336,100,0,0,0,0,0,0,50,0,0,4
170,1448,6.14286,387,100,0,0,0,0,0,0,60,0,0,3
171,1516,6.2,372,100,0,0,0,0,0,0,56,0,0,4
172,1424,6.21053,354,100,0,0,0,0,0,0,53,0,0,4
173,1636,6.16071,345,100,0,0,0,0,0,0,53,0,0,3
174,1552,6.1,366,100,0,0,0,0,0,0,58,0,0,2
175,1420,6.20339,366,100,0,0,0,0,0,0,55,0,0,4
176,1512,6.10345,354,100,0,0,0,0,0,0,56,0,0,2
177,1260,6.10714,342,100,0,0,0,0,0,0,54,0,0,2
178,1236,6.05455,333,100,0,0,0,0,0,0,54,0,0,1
179,1352,6.05263,345,100,0,0,0,0,0,0,56,0,0,1
180,1388,6,366,100,0,0,0,0,0,0,61,0,0,0
181,1296,6.05,363,100,0,0,0,0,0,0,59,0,0,1
182,1492,6.05172,351,100,0,0,0,0,0,0,57,0,0,1
183,1172,6.05263,345,100,0,0,0,0,0,0,56,0,0,1
184,932,6.05769,315,100,0,0,0,0,0,0,51,0,0,1
185,1232,6,372,100,0,0,0,0,0,0,62,0,0,0
186,1040,6,372,100,0,0,0,0,0,0,62,0,0,0
187,1204,6.04545,399,100,0,0,0,0,0,0,65,0,0,1
188,1328,6.04839,375,100,0,0,0,0,0,0,61,0,0,1
189,1452,6.05263,345,100,0,0,0,0,0,0,56,0,0,1
190,1464,6,360,100,0,0,0,0,0,0,60,0,0,0
191,1332,6.05172,351,100,0,0,0,0,0,0,57,0,0,1
192,1296,6,324,100,0,0,0,0,0,0,54,0,0,0
193,1728,6.19298,353,100,0,0,0,0,0,0,53,0,1,3
194,1072,6.09615,317,100,0,0,0,0,0,0,50,0,1,1
195,1304,6.26415,332,100,0,0,0,0,0,0,48,0,1,4
196,1100,6.16981,327,100,0,0,0,0,0,0,50,0,0,3
197,1208,6.29032,390,100,0,0,0,0,0,0,56,0,0,6
198,1260,6.30508,372,100,0,0,0,0,0,0,53,0,0,6
199,1272,6.21818,342,100,0,0,0,0,0,0,51,0,0,4
200,1496,6.13846,399,100,0,0,0,0,0,0,62,0,0,3
201,1640,6.14754,375,100,0,0,0,0,0,0,58,0,0,3
202,1140,6.14754,375,100,0,0,0,0,0,0,58,0,0,3
203,1176,6.10169,360,100,0,0,0,0,0,0,57,0,0,2
204,1020,6.09836,372,100,0,0,0,0,0,0,59,0,0,2
205,1156,6.10345,354,100,0,0,0,0,0,0,56,0,0,2
206,1100,6.04762,381,100,0,0,0,0,0,0,62,0,0,1
207,1108,6,372,100,0,0,0,0,0,0,62,0,0,0
208,1028,6,360,100,0,0,0,0,0,0,60,0,0,0
209,1012,6.1,366,100,0,0,0,0,0,0,58,0,0,2
210,1048,6.14754,375,100,0,0,0,0,0,0,58,0,0,3
211,1072,6.05263,345,100,0,0,0,0,0,0,56,0,0,1
212,1104,6.09836,372,100,0,0,0,0,0,0,59,0,0,2
213,1124,6.04918,369,100,0,0,0,0,0,0,60,0,0,1
214,1240,6.09375,390,100,0,0,0,0,0,0,62,0,0,2
215,1012,6.04688,387,100,0,0,0,0,0,0,63,0,0,1
216,1176,6.09231,396,100,0,0,0,0,0,0,63,0,0,2
217,1108,6.09836,372,100,0,0,0,0,0,0,59,0,0,2
218,1032,6.1,366,100,0,0,0,0,0,0,58,0,0,2
219,1108,6.14754,375,100,0,0,0,0,0,0,58,0,0,3
220,1332,6.09375,390,100,0,0,0,0,0,0,62,0,0,2
221,1244,6.04839,375,100,0,0,0,0,0,0,61,0,0,1
222,1288,6.04688,387,100,0,0,0,0,0,0,63,0,0,1
223,1308,6.04688,387,100,0,0,0,0,0,0,63,0,0,1
224,1332,6.14286,387,100,0,0,0,0,0,0,60,0,0,3
225,1308,6,402,100,0,0,0,0,0,0,67,0,0,0
226,1116,6.04918,369,100,0,0,0,0,0,0,60,0,0,1
227,1144,6.10526,348,100,0,0,0,0,0,0,55,0,0,2
228,1100,6.05455,333,100,0,0,0,0,0,0,54,0,0,1
229,1244,6.15,369,100,0,0,0,0,0,0,57,0,0,3
230,1144,6.10714,342,100,0,0,0,0,0,0,54,0,0,2
231,1200,6.04839,375,100,0,0,0,0,0,0,61,0,0,1
232,956,6,348,100,0,0,0,0,0,0,58,0,0,0
233,1084,6.04918,369,100,0,0,0,0,0,0,60,0,0,1
234,1332,6.19672,378,100,0,0,0,0,0,0,57,0,0,4
235,1208,6.05172,351,100,0,0,0,0,0,0,57,0,0,1
236,1164,6.10526,348,100,0,0,0,0,0,0,55,0,0,2
237,1288,6.24194,387,100,0,0,0,0,0,0,57,0,0,5
238,1244,6.25862,363,100,0,0,0,0,0,0,53,0,0,5
239,1492,6.19355,384,100,0,0,0,0,0,0,58,0,0,4
240,1204,6.21053,354,100,0,0,0,0,0,0,53,0,0,4
241,1032,6.15254,363,100,0,0,0,0,0,0,56,0,0,3
242,1128,6.29508,384,100,0,0,0,0,0,0,55,0,0,6
243,1412,6.25424,369,100,0,0,0,0,0,0,54,0,0,5
244,1304,6.16364,339,100,0,0,0,0,0,0,52,0,0,3
245,1220,6.2459,381,100,0,0,0,0,0,0,56,0,0,5
246,1244,6.31034,366,100,0,0,0,0,0,0,52,0,0,6
247,972,6.16667,333,100,0,0,0,0,0,0,51,0,0,3
248,1000,6.20339,366,100,0,0,0,0,0,0,55,0,0,4
249,1124,6.19048,390,100,0,0,0,0,0,0,59,0,0,4
250,1200,6.09375,390,100,0,0,0,0,0,0,62,0,0,2
251,1136,6.25,375,100,0,0,0,0,0,0,55,0,0,5
252,1068,6.29508,384,100,0,0,0,0,0,0,55,0,0,6
253,1160,6.27778,339,100,0,0,0,0,0,0,49,0,0,5
254,1060,6.15254,363,100,0,0,0,0,0,0,56,0,0,3
255,1044,6.15,369,100,0,0,0,0,0,0,57,0,0,3
256,1080,6.11111,330,100,0,0,0,0,0,0,52,0,0,2
257,1284,6.14286,387,100,0,0,0,0,0,0,60,0,0,3
258,1224,6.15517,357,100,0,0,0,0,0,0,55,0,0,3
259,1392,6.14516,381,100,0,0,0,0,0,0,59,0,0,3
260,1220,6.2381,393,100,0,0,0,0,0,0,58,0,0,5
261,1068,6.2069,360,100,0,0,0,0,0,0,54,0,0,4
262,948,6.10169,360,100,0,0,0,0,0,0,57,0,0,2
263,1168,6.09524,384,100,0,0,0,0,0,0,61,0,0,2
264,1052,6.09836,372,100,0,0,0,0,0,0,59,0,0,2
265,1012,6.1,366,100,0,0,0,0,0,0,58,0,0,2
266,1072,6,360,100,0,0,0,0,0,0,60,0,0,0
267,1036,6,366,100,0,0,0,0,0,0,61,0,0,0
268,1172,6.04688,387,100,0,0,0,0,0,0,63,0,0,1
269,952,6.10714,342,100,0,0,0,0,0,0,54,0,0,2
270,904,6.11538,318,100,0,0,0,0,0,0,50,0,0,2
271,840,6.05769,315,100,0,0,0,0,0,0,51,0,0,1
272,1044,6,348,100,0,0,0,0,0,0,58,0,0,0
273,1052,6,366,100,0,0,0,0,0,0,61,0,0,0
274,944,6,348,100,0,0,0,0,0,0,58,0,0,0
275,1224,6.10169,360,100,0,0,0,0,0,0,57,0,0,2
276,1148,6.10169,360,100,0,0,0,0,0,0,57,0,0,2
277,1180,6.14754,375,100,0,0,0,0,0,0,58,0,0,3
278,1348,6.29032,390,100,0,0,0,0,0,0,56,0,0,6
279,1168,6.2069,360,100,0,0,0,0,0,0,54,0,0,4
280,1092,6.2069,360,100,0,0,0,0,0,0,54,0,0,4
281,1212,6.14754,375,100,0,0,0,0,0,0,58,0,0,3
282,1076,6.05357,339,100,0,0,0,0,0,0,55,0,0,1
283,1224,6.14516,381,100,0,0,0,0,0,0,59,0,0,3
284,1184,6.2069,360,100,0,0,0,0,0,0,54,0,0,4
285,1184,6.29508,384,100,0,0,0,0,0,0,55,0,0,6
286,1164,6.2459,381,100,0,0,0,0,0,0,56,0,0,5
287,1092,6.40678,378,100,0,0,0,0,0,0,51,0,0,8
288,1148,6.375,357,100,0,0,0,0,0,0,49,0,0,7
289,1132,6.38182,351,100,0,0,0,0,0,0,48,0,0,7
290,1268,6.31034,366,100,0,0,0,0,0,0,52,0,0,6
291,1068,6.36207,369,100,0,0,0,0,0,0,51,0,0,7
292,1208,6.31579,360,100,0,0,0,0,0,0,51,0,0,6
293,1204,6.27778,339,100,0,0,0,0,0,0,49,0,0,5
294,1092,6.16071,345,100,0,0,0,0,0,0,53,0,0,3
295,1220,6.08824,414,100,0,0,0,0,0,0,66,0,0,2
296,1000,6.20339,366,100,0,0,0,0,0,0,55,0,0,4
297,1056,6.15254,363,100,0,0,0,0,0,0,56,0,0,3
298,1216,6.21053,354,100,0,0,0,0,0,0,53,0,0,4
299,940,6.21429,348,100,0,0,0,0,0,0,52,0,0,4
300,1044,6.14754,375,100,0,0,0,0,0,0,58,0,0,3
301,1076,6.09836,372,100,0,0,0,0,0,0,59,0,0,2
302,992,6.05,363,100,0,0,0,0,0,0,59,0,0,1
303,1024,6.14754,375,100,0,0,0,0,0,0,58,0,0,3
304,1096,6.20339,366,100,0,0,0,0,0,0,55,0,0,4
305,1176,6.19672,378,100,0,0,0,0,0,0,57,0,0,4
306,1092,6.16071,345,100,0,0,0,0,0,0,53,0,0,3
307,1132,6.25424,369,100,0,0,0,0,0,0,54,0,0,5
308,1068,6.25862,363,100,0,0,0,0,0,0,53,0,0,5
309,1024,6.27778,339,100,0,0,0,0,0,0,49,0,0,5
310,1112,6.25862,363,100,0,0,0,0,0,0,53,0,0,5
311,1116,6.26316,357,100,0,0,0,0,0,0,52,0,0,5
312,1048,6.35,381,100,0,0,0,0,0,0,53,0,0,7
313,1280,6.36207,369,100,0,0,0,0,0,0,51,0,0,7
314,1248,6.34426,387,100,0,0,0,0,0,0,54,0,0,7
315,1284,6.42105,366,100,0,0,0,0,0,0,49,0,0,8
316,1236,6.375,357,100,0,0,0,0,0,0,49,0,0,7
317,1400,6.33962,336,100,0,0,0,0,0,0,47,0,0,6
318,1400,6.35,381,100,0,0,0,0,0,0,53,0,0,7
319,1096,6.30508,372,100,0,0,0,0,0,0,53,0,0,6
320,1104,6.35593,375,100,0,0,0,0,0,0,52,0,0,7
321,1296,6.33333,399,100,0,0,0,0,0,0,56,0,0,7
322,1320,6.45763,381,100,0,0,0,0,0,0,50,0,0,9
323,1276,6.47368,369,100,0,0,0,0,0,0,48,0,0,9
324,1156,6.33333,399,100,0,0,0,0,0,0,56,0,0,7
325,884,6.23077,405,100,0,0,0,0,0,0,60,0,0,5
326,1128,6.42188,411,100,0,0,0,0,0,0,55,0,0,9
327,1060,6.43548,399,100,0,0,0,0,0,0,53,0,0,9
328,1028,6.15517,357,100,0,0,0,0,0,0,55,0,0,3
329,1076,6.28125,402,100,0,0,0,0,0,0,58,0,0,6
330,992,6.33871,393,100,0,0,0,0,0,0,55,0,0,7
331,1024,6.28125,402,100,0,0,0,0,0,0,58,0,0,6
332,1168,6.25,375,100,0,0,0,0,0,0,55,0,0,5
333,1068,6.35,381,100,0,0,0,0,0,0,53,0,0,7
334,1116,6.23077,405,100,0,0,0,0,0,0,60,0,0,5
335,980,6.32308,411,100,0,0,0,0,0,0,58,0,0,7
336,1156,6.29508,384,100,0,0,0,0,0,0,55,0,0,6
337,1168,6.27273,414,100,0,0,0,0,0,0,60,0,0,6
338,1108,6.29032,390,100,0,0,0,0,0,0,56,0,0,6
339,1284,6.3,441,100,0,0,0,0,0,0,63,0,0,7
340,1284,6.45455,426,100,0,0,0,0,0,0,56,0,0,10
341,1352,6.29508,384,100,0,0,0,0,0,0,55,0,0,6
342,1272,6.33333,399,100,0,0,0,0,0,0,56,0,0,7
343,1084,6.16667,333,100,0,0,0,0,0,0,51,0,0,3
344,1180,6.33333,399,100,0,0,0,0,0,0,56,0,0,7
345,1252,6.46552,375,100,0,0,0,0,0,0,49,0,0,9
346,1204,6.4,384,100,0,0,0,0,0,0,52,0,0,8
347,1188,6.35,381,100,0,0,0,0,0,0,53,0,0,7
348,1416,6.35,381,100,0,0,0,0,0,0,53,0,0,7
349,1552,6.28571,396,100,0,0,0,0,0,0,57,0,0,6
350,1476,6.27273,414,100,0,0,0,0,0,0,60,0,0,6
351,1656,6.34426,387,100,0,0,0,0,0,0,54,0,0,7
352,1172,6.35593,375,100,0,0,0,0,0,0,52,0,0,7
353,1404,6.27692,408,100,0,0,0,0,0,0,59,0,0,6
354,1176,6.32143,354,100,0,0,0,0,0,0,50,0,0,6
355,996,6.27273,345,100,0,0,0,0,0,0,50,0,0,5
356,1200,6.3871,396,100,0,0,0,0,0,0,54,0,0,8
357,1312,6.5,390,100,0,0,0,0,0,0,50,0,0,10
358,1176,6.30508,372,100,0,0,0,0,0,0,53,0,0,6
359,1216,6.29508,384,100,0,0,0,0,0,0,55,0,0,6
360,960,6.21429,348,100,0,0,0,0,0,0,52,0,0,4
361,1104,6.2069,360,100,0,0,0,0,0,0,54,0,0,4
362,1256,6.14754,375,100,0,0,0,0,0,0,58,0,0,3
363,1328,6.10169,360,100,0,0,0,0,0,0,57,0,0,2
364,1056,6.05263,345,100,0,0,0,0,0,0,56,0,0,1
365,1088,6.10714,342,100,0,0,0,0,0,0,54,0,0,2
366,1376,6.20339,366,100,0,0,0,0,0,0,55,0,0,4
367,1436,6.5,351,100,0,0,0,0,0,0,45,0,0,9
368,1384,6.49091,357,100,0,0,0,0,0,0,46,0,0,9
369,1336,6.36842,363,100,0,0,0,0,0,0,50,0,0,7
370,1464,6.25,375,100,0,0,0,0,0,0,55,0,0,5
371,1508,6.42857,360,100,0,0,0,0,0,0,48,0,0,8
372,1396,6.47059,330,100,0,0,0,0,0,0,43,0,0,8
373,1564,6.26316,357,100,0,0,0,0,0,0,52,0,0,5
374,1420,6.33333,342,100,0,0,0,0,0,0,48,0,0,6
375,1384,6.31579,360,100,0,0,0,0,0,0,51,0,0,6
376,1244,6.25,375,100,0,0,0,0,0,0,55,0,0,5
377,1292,6.25424,369,100,0,0,0,0,0,0,54,0,0,5
378,1480,6.33871,393,100,0,0,0,0,0,0,55,0,0,7
379,1192,6.23077,324,100,0,0,0,0,0,0,48,0,0,4
380,1268,6.33962,336,100,0,0,0,0,0,0,47,0,0,6
381,1240,6.22222,336,100,0,0,0,0,0,0,50,0,0,4
382,1136,6.25424,369,100,0,0,0,0,0,0,54,0,0,5
383,1276,6.42105,366,100,0,0,0,0,0,0,49,0,0,8
384,1368,6.51724,378,100,0,0,0,0,0,0,48,0,0,10
385,1388,6.40678,378,100,0,0,0,0,0,0,51,0,0,8
386,1532,6.33871,393,100,0,0,0,0,0,0,55,0,0,7
387,1324,6.33871,393,100,0,0,0,0,0,0,55,0,0,7
388,1516,6.38182,351,100,0,0,0,0,0,0,48,0,0,7
389,1560,6.40678,378,100,0,0,0,0,0,0,51,0,0,8
390,1596,6.42105,366,100,0,0,0,0,0,0,49,0,0,8
391,1828,6.47368,369,100,0,0,0,0,0,0,48,0,0,9
392,1764,6.44262,393,100,0,0,0,0,0,0,52,0,0,9
393,1676,6.50847,384,100,0,0,0,0,0,0,49,0,0,10
394,1492,6.59016,402,100,0,0,0,0,0,0,49,0,0,12
395,1444,6.35593,375,100,0,0,0,0,0,0,52,0,0,7
396,1528,6.25424,369,100,0,0,0,0,0,0,54,0,0,5
397,1624,6.15254,363,100,0,0,0,0,0,0,56,0,0,3
398,1620,6.20339,366,100,0,0,0,0,0,0,55,0,0,4
399,1956,6.24194,387,100,0,0,0,0,0,0,57,0,0,5
400,1976,6.09836,372,100,0,0,0,0,0,0,59,0,0,2
401,1804,6.10169,360,100,0,0,0,0,0,0,57,0,0,2
402,1888,6.29508,384,100,0,0,0,0,0,0,55,0,0,6
403,2156,6.24194,387,100,0,0,0,0,0,0,57,0,0,5
404,1464,6.15,369,100,0,0,0,0,0,0,57,0,0,3
405,1560,6.15517,357,100,0,0,0,0,0,0,55,0,0,3
406,1848,6.13636,405,100,0,0,0,0,0,0,63,0,0,3
407,2208,6.2,372,100,0,0,0,0,0,0,56,0,0,4
408,2304,6.15,369,100,0,0,0,0,0,0,57,0,0,3
409,2204,6.09677,378,100,0,0,0,0,0,0,60,0,0,2
410,2052,6.13846,399,100,0,0,0,0,0,0,62,0,0,3
411,2232,6.09677,378,100,0,0,0,0,0,0,60,0,0,2
412,2224,6.13235,417,100,0,0,0,0,0,0,65,0,0,3
413,2420,6.38182,351,100,0,0,0,0,0,0,48,0,0,7
414,2440,6.32727,348,100,0,0,0,0,0,0,49,0,0,6
415,2628,6.10345,354,100,0,0,0,0,0,0,56,0,0,2
416,2788,6.22222,336,100,0,0,0,0,0,0,50,0,0,4
417,2988,6.21053,354,100,0,0,0,0,0,0,53,0,0,4
418,2804,6.21818,342,100,0,0,0,0,0,0,51,0,0,4
419,2188,6.0566,321,100,0,0,0,0,0,0,52,0,0,1
420,2216,6,336,100,0,0,0,0,0,0,56,0,0,0
421,1980,6.05455,333,100,0,0,0,0,0,0,54,0,0,1
422,1688,6.11111,330,100,0,0,0,0,0,0,52,0,0,2
423,1476,6.05455,333,100,0,0,0,0,0,0,54,0,0,1
424,1728,6.13793,356,100,0,0,0,0,0,0,55,0,1,2
425,1752,6.13559,362,100,0,0,0,0,0,0,56,0,1,2
426,1624,6.15254,363,100,0,0,0,0,0,0,56,0,0,3
427,1432,6.15517,357,100,0,0,0,0,0,0,55,0,0,3
428,1716,6.15,369,100,0,0,0,0,0,0,57,0,0,3
429,1704,6.10909,336,100,0,0,0,0,0,0,53,0,0,2
430,1808,6.05455,333,100,0,0,0,0,0,0,54,0,0,1
431,1748,6,360,100,0,0,0,0,0,0,60,0,0,0
432,1716,6,366,100,0,0,0,0,0,0,61,0,0,0
433,1996,6.17742,383,100,0,0,0,0,0,0,58,0,1,3
434,1712,6.20339,366,100,0,0,0,0,0,0,55,0,0,4
435,1612,6.09375,390,100,0,0,0,0,0,0,62,0,0,2
436,1720,6.24194,387,100,0,0,0,0,0,0,57,0,0,5
437,1956,6.14286,387,100,0,0,0,0,0,0,60,0,0,3
438,1364,6.08621,353,100,0,0,0,0,0,0,56,0,1,1
439,1544,6.18644,365,100,0,0,0,0,0,0,55,0,1,3
440,1752,6.17188,395,100,0,0,0,0,0,0,60,0,1,3
441,1928,6.27419,389,100,0,0,0,0,0,0,56,0,1,5
442,1292,6.14286,344,100,0,0,0,0,0,0,53,0,1,2
443,1212,6.20339,366,100,0,0,0,0,0,0,55,0,0,4
444,1248,6.22581,386,100,0,0,0,0,0,0,57,0,1,4
445,1276,6.25,375,100,0,0,0,0,0,0,55,0,0,5
446,1196,6.2381,393,100,0,0,0,0,0,0,58,0,0,5
447,1276,6.40678,378,100,0,0,0,0,0,0,51,0,0,8
448,1388,6.2459,381,100,0,0,0,0,0,0,56,0,0,5
449,1360,6.25862,363,100,0,0,0,0,0,0,53,0,0,5
450,1336,6.28302,333,100,0,0,0,0,0,0,48,0,0,5
451,1348,6.19672,378,100,0,0,0,0,0,0,57,0,0,4
452,1284,6.10714,342,100,0,0,0,0,0,0,54,0,0,2
453,1404,6.2,372,100,0,0,0,0,0,0,56,0,0,4
454,1184,6.10526,348,100,0,0,0,0,0,0,55,0,0,2
455,1260,6.1,366,100,0,0,0,0,0,0,58,0,0,2
456,1212,6.10909,336,100,0,0,0,0,0,0,53,0,0,2
457,1292,6.10526,348,100,0,0,0,0,0,0,55,0,0,2
458,1352,6.10714,342,100,0,0,0,0,0,0,54,0,0,2
459,1192,6.05455,333,100,0,0,0,0,0,0,54,0,0,1
460,1108,6.15254,363,100,0,0,0,0,0,0,56,0,0,3
461,1128,6.05,363,100,0,0,0,0,0,0,59,0,0,1
462,1160,6.05,363,100,0,0,0,0,0,0,59,0,0,1
463,1224,6.19048,390,100,0,0,0,0,0,0,59,0,0,4
464,1032,6.15517,357,100,0,0,0,0,0,0,55,0,0,3
465,1168,6.15789,351,100,0,0,0,0,0,0,54,0,0,3
466,1100,6.1,366,100,0,0,0,0,0,0,58,0,0,2
467,1264,6.14516,381,100,0,0,0,0,0,0,59,0,0,3
468,1164,6.21429,348,100,0,0,0,0,0,0,52,0,0,4
469,1160,6.15517,357,100,0,0,0,0,0,0,55,0,0,3
470,1220,6.25424,369,100,0,0,0,0,0,0,54,0,0,5
471,1016,6.15254,363,100,0,0,0,0,0,0,56,0,0,3
472,1140,6.19355,384,100,0,0,0,0,0,0,58,0,0,4
473,1188,6.2381,393,100,0,0,0,0,0,0,58,0,0,5
474,1120,6.14516,381,100,0,0,0,0,0,0,59,0,0,3
475,1244,6.1,366,100,0,0,0,0,0,0,58,0,0,2
476,1112,6,372,100,0,0,0,0,0,0,62,0,0,0
477,1292,6.04762,381,100,0,0,0,0,0,0,62,0,0,1
478,1444,6.1,366,100,0,0,0,0,0,0,58,0,0,2
479,1384,6.04918,369,100,0,0,0,0,0,0,60,0,0,1
480,1456,6.05263,345,100,0,0,0,0,0,0,56,0,0,1
481,1784,6.09836,372,100,0,0,0,0,0,0,59,0,0,2
482,1532,6.14754,375,100,0,0,0,0,0,0,58,0,0,3
483,1752,6.23077,405,100,0,0,0,0,0,0,60,0,0,5
484,1368,6.21429,348,100,0,0,0,0,0,0,52,0,0,4
485,1128,6.04918,369,100,0,0,0,0,0,0,60,0,0,1
486,1408,6.23438,399,100,0,0,0,0,0,0,59,0,0,5
487,1272,6.25,375,100,0,0,0,0,0,0,55,0,0,5
488,1440,6.15,369,100,0,0,0,0,0,0,57,0,0,3
489,1444,6.21818,342,100,0,0,0,0,0,0,51,0,0,4
490,1732,6.3,378,100,0,0,0,0,0,0,54,0,0,6
491,1168,6.26316,357,100,0,0,0,0,0,0,52,0,0,5
492,1296,6.19672,378,100,0,0,0,0,0,0,57,0,0,4
493,1536,6.30508,372,100,0,0,0,0,0,0,53,0,0,6
494,1440,6.35,381,100,0,0,0,0,0,0,53,0,0,7
495,1552,6.33333,399,100,0,0,0,0,0,0,56,0,0,7
496,1240,6.1,366,100,0,0,0,0,0,0,58,0,0,2
497,1352,6.10526,348,100,0,0,0,0,0,0,55,0,0,2
498,1488,6.05263,345,100,0,0,0,0,0,0,56,0,0,1
499,1312,6.04839,375,100,0,0,0,0,0,0,61,0,0,1
500,1364,6.04762,381,100,0,0,0,0,0,0,62,0,0,1
501,1420,6.05172,351,100,0,0,0,0,0,0,57,0,0,1
502,1140,6.14754,375,100,0,0,0,0,0,0,58,0,0,3
503,1044,6.05172,351,100,0,0,0,0,0,0,57,0,0,1
504,1376,6.08475,359,100,0,0,0,0,0,0,57,0,1,1
505,1116,6.13793,356,100,0,0,0,0,0,0,55,0,1,2
506,1148,6.11111,330,100,0,0,0,0,0,0,52,0,0,2
507,1320,6.21429,348,100,0,0,0,0,0,0,52,0,0,4
508,1564,6.25,375,100,0,0,0,0,0,0,55,0,0,5
509,1000,6.22222,336,100,0,0,0,0,0,0,50,0,0,4
510,1136,6.26786,351,100,0,0,0,0,0,0,51,0,0,5
511,1120,6.21429,348,100,0,0,0,0,0,0,52,0,0,4
512,1456,6.19672,378,100,0,0,0,0,0,0,57,0,0,4
513,1328,6.11321,324,100,0,0,0,0,0,0,51,0,0,2
514,1272,6.09836,372,100,0,0,0,0,0,0,59,0,0,2
515,1068,6.22222,336,100,0,0,0,0,0,0,50,0,0,4
516,1040,6.32727,348,100,0,0,0,0,0,0,49,0,0,6
517,1296,6.3,378,100,0,0,0,0,0,0,54,0,0,6
518,1336,6.23438,399,100,0,0,0,0,0,0,59,0,0,5
519,1224,6.14516,381,100,0,0,0,0,0,0,59,0,0,3
520,1588,6.28571,396,100,0,0,0,0,0,0,57,0,0,6
521,1312,6.27273,345,100,0,0,0,0,0,0,50,0,0,5
522,1364,6.29508,384,100,0,0,0,0,0,0,55,0,0,6
523,1396,6.15517,357,100,0,0,0,0,0,0,55,0,0,3
524,1260,6.34483,368,100,0,0,0,0,0,0,51,0,1,6
525,1680,6.2381,393,100,0,0,0,0,0,0,58,0,0,5
526,1504,6.09677,378,100,0,0,0,0,0,0,60,0,0,2
527,1392,6,378,100,0,0,0,0,0,0,63,0,0,0
528,1144,6.05085,357,100,0,0,0,0,0,0,58,0,0,1
529,1012,6.15789,351,100,0,0,0,0,0,0,54,0,0,3
530,1088,6.2069,360,100,0,0,0,0,0,0,54,0,0,4
531,988,6.10526,348,100,0,0,0,0,0,0,55,0,0,2
532,1180,6.04688,387,100,0,0,0,0,0,0,63,0,0,1
533,1332,6.04762,381,100,0,0,0,0,0,0,62,0,0,1
534,1344,6.09677,378,100,0,0,0,0,0,0,60,0,0,2
535,1448,6.09375,390,100,0,0,0,0,0,0,62,0,0,2
536,1192,6.09231,396,100,0,0,0,0,0,0,63,0,0,2
537,1156,6.09375,390,100,0,0,0,0,0,0,62,0,0,2
538,984,6,378,100,0,0,0,0,0,0,63,0,0,0
539,1116,6,378,100,0,0,0,0,0,0,63,0,0,0
540,1064,6,348,100,0,0,0,0,0,0,58,0,0,0
541,916,6,294,100,0,0,0,0,0,0,49,0,0,0
542,1076,6.05455,333,100,0,0,0,0,0,0,54,0,0,1
543,1068,6.15,369,100,0,0,0,0,0,0,57,0,0,3
544,1036,6.14754,375,100,0,0,0,0,0,0,58,0,0,3
545,1056,6.14516,381,100,0,0,0,0,0,0,59,0,0,3
546,928,6.05,363,100,0,0,0,0,0,0,59,0,0,1
547,1004,6.05085,357,100,0,0,0,0,0,0,58,0,0,1
548,1024,6.10909,336,100,0,0,0,0,0,0,53,0,0,2
549,1024,6.1,366,100,0,0,0,0,0,0,58,0,0,2
550,944,6.15789,351,100,0,0,0,0,0,0,54,0,0,3
551,960,6.10169,360,100,0,0,0,0,0,0,57,0,0,2
552,1068,6.09091,402,100,0,0,0,0,0,0,64,0,0,2
553,936,6.04762,381,100,0,0,0,0,0,0,62,0,0,1
554,896,6.04615,393,100,0,0,0,0,0,0,64,0,0,1
555,976,6.07812,389,100,0,0,0,0,0,0,62,0,1,1
556,1136,6.13846,399,100,0,0,0,0,0,0,62,0,0,3
557,1080,6.14286,387,100,0,0,0,0,0,0,60,0,0,3
558,1076,6.09231,396,100,0,0,0,0,0,0,63,0,0,2
559,1164,6.09091,402,100,0,0,0,0,0,0,64,0,0,2
560,1048,6.14754,375,100,0,0,0,0,0,0,58,0,0,3
561,1236,6.23077,405,100,0,0,0,0,0,0,60,0,0,5
562,1136,6.14286,387,100,0,0,0,0,0,0,60,0,0,3
563,1244,6.19355,384,100,0,0,0,0,0,0,58,0,0,4
564,1072,6.19355,384,100,0,0,0,0,0,0,58,0,0,4
565,1008,6.14754,375,100,0,0,0,0,0,0,58,0,0,3
566,1092,6.14062,393,100,0,0,0,0,0,0,61,0,0,3
567,1140,6.28571,396,100,0,0,0,0,0,0,57,0,0,6
568,944,6.14286,387,100,0,0,0,0,0,0,60,0,0,3
569,976,6.14286,387,100,0,0,0,0,0,0,60,0,0,3
570,1116,6,414,100,0,0,0,0,0,0,69,0,0,0
571,1132,6.04762,381,100,0,0,0,0,0,0,62,0,0,1
572,1088,6.19672,378,100,0,0,0,0,0,0,57,0,0,4
573,1228,6.13846,399,100,0,0,0,0,0,0,62,0,0,3
574,1228,6.27273,414,100,0,0,0,0,0,0,60,0,0,6
575,1148,6.2381,393,100,0,0,0,0,0,0,58,0,0,5
576,1240,6.25,375,100,0,0,0,0,0,0,55,0,0,5
577,1188,6.14754,375,100,0,0,0,0,0,0,58,0,0,3
578,1124,6.15789,351,100,0,0,0,0,0,0,54,0,0,3
579,1168,6.20339,366,100,0,0,0,0,0,0,55,0,0,4
580,1076,6.10345,354,100,0,0,0,0,0,0,56,0,0,2
581,1112,6.15789,351,100,0,0,0,0,0,0,54,0,0,3
582,1168,6.15517,357,100,0,0,0,0,0,0,55,0,0,3
583,1228,6.10345,354,100,0,0,0,0,0,0,56,0,0,2
584,1156,6.21429,348,100,0,0,0,0,0,0,52,0,0,4
585,1260,6.22222,336,100,0,0,0,0,0,0,50,0,0,4
586,1368,6.10909,336,100,0,0,0,0,0,0,53,0,0,2
587,1632,6.05172,351,100,0,0,0,0,0,0,57,0,0,1
588,1484,6.22222,336,100,0,0,0,0,0,0,50,0,0,4
589,1876,6.19355,384,100,0,0,0,0,0,0,58,0,0,4
590,1548,6.05172,351,100,0,0,0,0,0,0,57,0,0,1
591,1656,6.33333,342,100,0,0,0,0,0,0,48,0,0,6
592,1652,6.43636,354,100,0,0,0,0,0,0,47,0,0,8
593,1876,6.21429,348,100,0,0,0,0,0,0,52,0,0,4
594,2044,6.35,381,100,0,0,0,0,0,0,53,0,0,7
595,1952,6.3871,396,100,0,0,0,0,0,0,54,0,0,8
596,1516,6.47619,408,100,0,0,0,0,0,0,53,0,0,10
597,1880,6.48387,402,100,0,0,0,0,0,0,52,0,0,10
598,2136,6.57143,414,100,0,0,0,0,0,0,51,0,0,12
599,1984,6.5,390,100,0,0,0,0,0,0,50,0,0,10
600,1868,6.45763,381,100,0,0,0,0,0,0,50,0,0,9
601,2016,6.38889,345,100,0,0,0,0,0,0,47,0,0,7
602,1688,6.31579,360,100,0,0,0,0,0,0,51,0,0,6
603,1640,6.2459,381,100,0,0,0,0,0,0,56,0,0,5
604,1816,6.53226,405,100,0,0,0,0,0,0,51,0,0,11
605,1816,6.38889,345,100,0,0,0,0,0,0,47,0,0,7
606,2048,6.3871,396,100,0,0,0,0,0,0,54,0,0,8
607,1304,6.47368,369,100,0,0,0,0,0,0,48,0,0,9
608,1492,6.33333,399,100,0,0,0,0,0,0,56,0,0,7
609,1444,6.35593,375,100,0,0,0,0,0,0,52,0,0,7
610,1596,6.34426,387,100,0,0,0,0,0,0,54,0,0,7
611,1524,6.15,369,100,0,0,0,0,0,0,57,0,0,3
612,1568,6.20339,366,100,0,0,0,0,0,0,55,0,0,4
613,1788,6.26316,357,100,0,0,0,0,0,0,52,0,0,5
614,1280,6.25862,363,100,0,0,0,0,0,0,53,0,0,5
615,1292,6.15789,351,100,0,0,0,0,0,0,54,0,0,3
616,1408,6.21818,342,100,0,0,0,0,0,0,51,0,0,4
617,1004,6.11111,330,100,0,0,0,0,0,0,52,0,0,2
618,1140,6.15254,363,100,0,0,0,0,0,0,56,0,0,3
619,1020,6.10345,354,100,0,0,0,0,0,0,56,0,0,2
620,1132,6.15,369,100,0,0,0,0,0,0,57,0,0,3
621,1132,6.05556,327,100,0,0,0,0,0,0,53,0,0,1
622,1300,6.19355,384,100,0,0,0,0,0,0,58,0,0,4
623,1184,6.16071,345,100,0,0,0,0,0,0,53,0,0,3
624,1488,6.31579,360,100,0,0,0,0,0,0,51,0,0,6
625,1484,6.26316,357,100,0,0,0,0,0,0,52,0,0,5
626,1580,6.36207,369,100,0,0,0,0,0,0,51,0,0,7
627,1464,6.51923,339,100,0,0,0,0,0,0,43,0,0,9
628,1836,6.52632,372,100,0,0,0,0,0,0,47,0,0,10
629,2076,6.62264,351,100,0,0,0,0,0,0,42,0,0,11
630,1940,6.54545,360,100,0,0,0,0,0,0,45,0,0,10
631,1992,6.39623,339,100,0,0,0,0,0,0,46,0,0,7
632,2356,6.38182,351,100,0,0,0,0,0,0,48,0,0,7
633,2152,6.36842,363,100,0,0,0,0,0,0,50,0,0,7
634,1888,6.27778,339,100,0,0,0,0,0,0,49,0,0,5
635,2152,6.20339,366,100,0,0,0,0,0,0,55,0,0,4
636,1760,6.15789,351,100,0,0,0,0,0,0,54,0,0,3
637,1864,6.23333,374,100,0,0,0,0,0,0,55,0,1,4
638,1288,6.3,315,100,0,0,0,0,0,0,45,0,0,5
639,1492,6.2069,360,100,0,0,0,0,0,0,54,0,0,4
640,1600,6.25424,369,100,0,0,0,0,0,0,54,0,0,5
641,1724,6.2459,381,100,0,0,0,0,0,0,56,0,0,5
642,1692,6.35,381,100,0,0,0,0,0,0,53,0,0,7
643,1920,6.29032,390,100,0,0,0,0,0,0,56,0,0,6
644,1760,6.26316,357,100,0,0,0,0,0,0,52,0,0,5
645,1604,6.3,378,100,0,0,0,0,0,0,54,0,0,6
646,1628,6.36842,363,100,0,0,0,0,0,0,50,0,0,7
647,1944,6.43548,399,100,0,0,0,0,0,0,53,0,0,9
648,2220,6.45763,381,100,0,0,0,0,0,0,50,0,0,9
649,1936,6.86538,357,100,0,0,0,0,0,0,37,0,0,15
650,1824,6.70909,369,100,0,0,0,0,0,0,42,0,0,13
651,1868,6.59016,402,100,0,0,0,0,0,0,49,0,0,12
652,1996,6.76271,399,100,0,0,0,0,0,0,44,0,0,15
653,1820,6.66102,393,100,0,0,0,0,0,0,46,0,0,13
654,1556,6.65455,366,100,0,0,0,0,0,0,43,0,0,12
655,1604,6.65455,366,100,0,0,0,0,0,0,43,0,0,12
656,1620,6.64286,372,100,0,0,0,0,0,0,44,0,0,12
657,1556,6.35,381,100,0,0,0,0,0,0,53,0,0,7
658,1440,6.38889,345,100,0,0,0,0,0,0,47,0,0,7
659,1504,6.40385,333,100,0,0,0,0,0,0,45,0,0,7
660,1776,6.57895,375,100,0,0,0,0,0,0,46,0,0,11
661,1712,6.48214,363,100,0,0,0,0,0,0,47,0,0,9
662,1760,6.66667,360,100,0,0,0,0,0,0,42,0,0,12
663,1700,6.54,327,100,0,0,0,0,0,0,41,0,0,9
664,1724,6.66667,360,100,0,0,0,0,0,0,42,0,0,12
665,1436,6.67347,327,100,0,0,0,0,0,0,38,0,0,11
666,1968,7.03279,429,100,0,0,0,0,0,0,40,0,0,21
667,1504,6.73585,357,100,0,0,0,0,0,0,40,0,0,13
668,1748,6.72581,417,100,0,0,0,0,0,0,47,0,0,15
669,1660,6.63934,405,100,0,0,0,0,0,0,48,0,0,13
670,1592,6.69643,375,100,0,0,0,0,0,0,43,0,0,13
671,1568,6.77419,420,100,0,0,0,0,0,0,46,0,0,16
672,1608,6.55932,387,100,0,0,0,0,0,0,48,0,0,11
673,1612,6.68421,381,100,0,0,0,0,0,0,44,0,0,13
674,1428,6.58929,369,100,0,0,0,0,0,0,45,0,0,11
675,1780,6.9,414,100,0,0,0,0,0,0,42,0,0,18
676,1828,6.75,405,100,0,0,0,0,0,0,45,0,0,15
677,1696,6.94737,396,100,0,0,0,0,0,0,39,0,0,18
678,1744,6.7,402,100,0,0,0,0,0,0,46,0,0,14
679,1792,6.80357,381,100,0,0,0,0,0,0,41,0,0,15
680,1612,6.80357,381,100,0,0,0,0,0,0,41,0,0,15
681,1856,6.8,408,100,0,0,0,0,0,0,44,0,0,16
682,1860,6.85,411,100,0,0,0,0,0,0,43,0,0,17
683,1800,6.83607,417,100,0,0,0,0,0,0,44,0,0,17
684,1672,6.85714,432,100,0,0,0,0,0,0,45,0,0,18
685,1812,6.85,411,100,0,0,0,0,0,0,43,0,0,17
686,1580,6.84211,390,100,0,0,0,0,0,0,41,0,0,16
687,1508,7.18868,381,100,0,0,0,0,0,0,32,0,0,21
688,1580,7.2,432,100,0,0,0,0,0,0,36,0,0,24
689,1836,7.03279,429,100,0,0,0,0,0,0,40,0,0,21
690,1976,7.61538,396,100,0,0,0,0,0,0,24,0,0,28
691,1764,7.30909,402,100,0,0,0,0,0,0,31,0,0,24
692,1844,7.13793,414,100,0,0,0,0,0,0,36,0,0,22
693,1592,7.44444,402,100,0,0,0,0,0,0,28,0,0,26
694,1588,7.44643,417,100,0,0,0,0,0,0,29,0,0,27
695,1676,7.44828,432,100,0,0,0,0,0,0,30,0,0,28
696,1820,7.66667,414,100,0,0,0,0,0,0,24,0,0,30
697,1956,7.60345,441,100,0,0,0,0,0,0,27,0,0,31
698,1952,7.28571,408,100,0,0,0,0,0,0,32,0,0,24
699,1852,7.31579,417,100,0,0,0,0,0,0,32,0,0,25
700,1828,7.17857,402,100,0,0,0,0,0,0,34,0,0,22
701,1868,7.23214,405,100,0,0,0,0,0,0,33,0,0,23
702,2100,7.3,438,100,0,0,0,0,0,0,34,0,0,26
703,2136,7.2931,423,100,0,0,0,0,0,0,33,0,0,25
704,2068,7.31579,417,100,0,0,0,0,0,0,32,0,0,25
705,2120,7.18033,438,100,0,0,0,0,0,0,37,0,0,24
706,2228,7.27119,429,100,0,0,0,0,0,0,34,0,0,25
707,1836,7.10526,405,100,0,0,0,0,0,0,36,0,0,21
708,1856,6.98276,405,100,0,0,0,0,0,0,39,0,0,19
709,1920,6.94737,396,100,0,0,0,0,0,0,39,0,0,18
710,1928,7.03636,387,100,0,0,0,0,0,0,36,0,0,19
711,1748,6.94737,396,100,0,0,0,0,0,0,39,0,0,18
712,1468,6.70909,369,100,0,0,0,0,0,0,42,0,0,13
713,1628,6.90566,366,100,0,0,0,0,0,0,37,0,0,16
714,1516,6.6,363,100,0,0,0,0,0,0,44,0,0,11
715,1804,6.87931,399,100,0,0,0,0,0,0,41,0,0,17
716,1624,6.85714,336,100,0,0,0,0,0,0,35,0,0,14
717,1496,6.58929,369,100,0,0,0,0,0,0,45,0,0,11
718,1324,6.51724,378,100,0,0,0,0,0,0,48,0,0,10
719,1568,6.65,399,100,0,0,0,0,0,0,47,0,0,13
720,1692,6.75,405,100,0,0,0,0,0,0,45,0,0,15
721,1628,6.77586,393,100,0,0,0,0,0,0,43,0,0,15
722,1780,6.84211,390,100,0,0,0,0,0,0,41,0,0,16
723,1228,6.73684,384,100,0,0,0,0,0,0,43,0,0,14
724,1412,6.60938,423,100,0,0,0,0,0,0,51,0,0,13
725,1396,6.95,417,100,0,0,0,0,0,0,41,0,0,19
726,1292,6.77273,447,100,0,0,0,0,0,0,49,0,0,17
727,1244,6.58065,408,100,0,0,0,0,0,0,50,0,0,12
728,1460,6.83077,444,100,0,0,0,0,0,0,47,0,0,18
729,1408,6.7,402,100,0,0,0,0,0,0,46,0,0,14
730,1480,6.93103,402,100,0,0,0,0,0,0,40,0,0,18
731,1692,6.98361,426,100,0,0,0,0,0,0,41,0,0,20
732,1376,7.03448,408,100,0,0,0,0,0,0,38,0,0,20
733,1344,6.9661,411,100,0,0,0,0,0,0,40,0,0,19
734,1512,6.9661,411,100,0,0,0,0,0,0,40,0,0,19
735,1220,6.77778,366,100,0,0,0,0,0,0,40,0,0,14
736,1268,6.69231,348,100,0,0,0,0,0,0,40,0,0,12
737,1556,6.87931,399,100,0,0,0,0,0,0,41,0,0,17
738,1488,6.88889,372,100,0,0,0,0,0,0,38,0,0,16
739,1512,6.90385,359,100,0,0,0,0,0,0,36,0,1,15
740,1632,6.94444,375,100,0,0,0,0,0,0,37,0,0,17
741,1560,6.94737,396,100,0,0,0,0,0,0,39,0,0,18
742,1796,7.15385,372,100,0,0,0,0,0,0,32,0,0,20
743,1708,7.05263,402,100,0,0,0,0,0,0,37,0,0,20
744,1692,6.91071,387,100,0,0,0,0,0,0,39,0,0,17
745,1488,6.88889,372,100,0,0,0,0,0,0,38,0,0,16
746,1644,6.96429,390,100,0,0,0,0,0,0,38,0,0,18
747,1572,6.98077,363,100,0,0,0,0,0,0,35,0,0,17
748,1328,7,399,100,0,0,0,0,0,0,38,0,0,19
749,1476,6.76271,399,100,0,0,0,0,0,0,44,0,0,15
750,1360,6.93103,402,100,0,0,0,0,0,0,40,0,0,18
751,1440,6.83607,417,100,0,0,0,0,0,0,44,0,0,17
752,1484,6.67742,414,100,0,0,0,0,0,0,48,0,0,14
753,1500,6.77419,420,100,0,0,0,0,0,0,46,0,0,16
754,1372,6.59016,402,100,0,0,0,0,0,0,49,0,0,12
755,1472,6.42857,405,100,0,0,0,0,0,0,54,0,0,9
756,980,6.38182,351,100,0,0,0,0,0,0,48,0,0,7
757,1088,6.47368,369,100,0,0,0,0,0,0,48,0,0,9
758,924,6.375,357,100,0,0,0,0,0,0,49,0,0,7
759,924,6.31579,360,100,0,0,0,0,0,0,51,0,0,6
760,1252,6.36207,369,100,0,0,0,0,0,0,51,0,0,7
761,1248,6.32727,348,100,0,0,0,0,0,0,49,0,0,6
762,1152,6.375,357,100,0,0,0,0,0,0,49,0,0,7
763,1068,6.27273,345,100,0,0,0,0,0,0,50,0,0,5
764,1020,6.14516,381,100,0,0,0,0,0,0,59,0,0,3
765,1012,6.32143,354,100,0,0,0,0,0,0,50,0,0,6
766,1048,6.05357,339,100,0,0,0,0,0,0,55,0,0,1
767,1012,6.04762,381,100,0,0,0,0,0,0,62,0,0,1
768,1000,6.21053,354,100,0,0,0,0,0,0,53,0,0,4
769,1252,6.23438,399,100,0,0,0,0,0,0,59,0,0,5
770,1156,6.14754,375,100,0,0,0,0,0,0,58,0,0,3
771,1136,6.16071,345,100,0,0,0,0,0,0,53,0,0,3
772,1192,6.15,369,100,0,0,0,0,0,0,57,0,0,3
773,1452,6.21053,354,100,0,0,0,0,0,0,53,0,0,4
774,1576,6.25,375,100,0,0,0,0,0,0,55,0,0,5
775,1488,6.16364,339,100,0,0,0,0,0,0,52,0,0,3
776,1192,6.18367,303,100,0,0,0,0,0,0,46,0,0,3
777,1316,6.10345,354,100,0,0,0,0,0,0,56,0,0,2
778,1348,6.20339,366,100,0,0,0,0,0,0,55,0,0,4
779,1484,6.04688,387,100,0,0,0,0,0,0,63,0,0,1
780,1224,6.36842,363,100,0,0,0,0,0,0,50,0,0,7
781,1376,6.25424,369,100,0,0,0,0,0,0,54,0,0,5
782,1184,6.25,375,100,0,0,0,0,0,0,55,0,0,5
783,1328,6.32727,348,100,0,0,0,0,0,0,49,0,0,6
784,1420,6.48,324,100,0,0,0,0,0,0,42,0,0,8
785,1500,6.33333,342,100,0,0,0,0,0,0,48,0,0,6
786,1184,6.21429,348,100,0,0,0,0,0,0,52,0,0,4
787,1032,6.17647,315,100,0,0,0,0,0,0,48,0,0,3
788,1164,6.21429,348,100,0,0,0,0,0,0,52,0,0,4
789,1016,6.29412,321,100,0,0,0,0,0,0,46,0,0,5
790,1312,6.33333,342,100,0,0,0,0,0,0,48,0,0,6
791,1336,6.2,372,100,0,0,0,0,0,0,56,0,0,4
792,1084,6.46154,336,100,0,0,0,0,0,0,44,0,0,8
793,1120,6.2069,360,100,0,0,0,0,0,0,54,0,0,4
794,1088,6.32727,348,100,0,0,0,0,0,0,49,0,0,6
795,1172,6.05357,339,100,0,0,0,0,0,0,55,0,0,1
796,1124,6.11538,318,100,0,0,0,0,0,0,50,0,0,2
797,1084,6.2069,360,100,0,0,0,0,0,0,54,0,0,4
798,1160,6.16364,339,100,0,0,0,0,0,0,52,0,0,3
799,1204,6.38182,351,100,0,0,0,0,0,0,48,0,0,7
800,972,6.05455,333,100,0,0,0,0,0,0,54,0,0,1
801,1156,6.15789,351,100,0,0,0,0,0,0,54,0,0,3
802,1084,6.11111,330,100,0,0,0,0,0,0,52,0,0,2
803,920,6.05882,309,100,0,0,0,0,0,0,50,0,0,1
804,912,6.23077,324,100,0,0,0,0,0,0,48,0,0,4
805,932,6.23077,324,100,0,0,0,0,0,0,48,0,0,4
806,1084,6.3,378,100,0,0,0,0,0,0,54,0,0,6
807,1144,6.34426,387,100,0,0,0,0,0,0,54,0,0,7
808,1284,6.375,357,100,0,0,0,0,0,0,49,0,0,7
809,1060,6.26316,357,100,0,0,0,0,0,0,52,0,0,5
810,1048,6.26316,357,100,0,0,0,0,0,0,52,0,0,5
811,1132,6.44828,374,100,0,0,0,0,0,0,49,0,1,8
812,1344,6.22727,411,100,0,0,0,0,0,0,61,0,0,5
813,1088,6.2459,381,100,0,0,0,0,0,0,56,0,0,5
814,1064,6,354,100,0,0,0,0,0,0,59,0,0,0
815,1032,6.05263,345,100,0,0,0,0,0,0,56,0,0,1
816,1072,6.16071,345,100,0,0,0,0,0,0,53,0,0,3
817,1168,6.21818,342,100,0,0,0,0,0,0,51,0,0,4
818,1180,6.05,363,100,0,0,0,0,0,0,59,0,0,1
819,1020,6,378,100,0,0,0,0,0,0,63,0,0,0
820,1204,6.04762,381,100,0,0,0,0,0,0,62,0,0,1
821,1240,6.04918,369,100,0,0,0,0,0,0,60,0,0,1
822,1252,6,384,100,0,0,0,0,0,0,64,0,0,0
823,1316,6,390,100,0,0,0,0,0,0,65,0,0,0
824,1204,6.04615,393,100,0,0,0,0,0,0,64,0,0,1
825,1192,6.09231,396,100,0,0,0,0,0,0,63,0,0,2
826,1148,6.09836,372,100,0,0,0,0,0,0,59,0,0,2
827,1196,6,378,100,0,0,0,0,0,0,63,0,0,0
828,1304,6,390,100,0,0,0,0,0,0,65,0,0,0
829,1188,6,390,100,0,0,0,0,0,0,65,0,0,0
830,1204,6.05,363,100,0,0,0,0,0,0,59,0,0,1
831,1136,6.05085,357,100,0,0,0,0,0,0,58,0,0,1
832,1128,6.05172,351,100,0,0,0,0,0,0,57,0,0,1
833,1240,6,366,100,0,0,0,0,0,0,61,0,0,0
834,1244,6.10345,354,100,0,0,0,0,0,0,56,0,0,2
835,1080,6.10169,360,100,0,0,0,0,0,0,57,0,0,2
836,1212,6.09836,372,100,0,0,0,0,0,0,59,0,0,2
837,1216,6.09836,372,100,0,0,0,0,0,0,59,0,0,2
838,1280,6.15,369,100,0,0,0,0,0,0,57,0,0,3
839,1188,6.10345,354,100,0,0,0,0,0,0,56,0,0,2
840,1288,6.09524,384,100,0,0,0,0,0,0,61,0,0,2
841,1028,6.16071,345,100,0,0,0,0,0,0,53,0,0,3
842,1176,6.20339,366,100,0,0,0,0,0,0,55,0,0,4
843,1172,6.30508,372,100,0,0,0,0,0,0,53,0,0,6
844,1368,6.2459,381,100,0,0,0,0,0,0,56,0,0,5
845,1356,6.29508,384,100,0,0,0,0,0,0,55,0,0,6
846,1444,6.31579,360,100,0,0,0,0,0,0,51,0,0,6
847,1516,6.23077,405,100,0,0,0,0,0,0,60,0,0,5
848,884,6.10169,360,100,0,0,0,0,0,0,57,0,0,2
849,1148,6.2,372,100,0,0,0,0,0,0,56,0,0,4
850,1140,6.18462,402,100,0,0,0,0,0,0,61,0,0,4
851,1160,6.14754,375,100,0,0,0,0,0,0,58,0,0,3
852,1248,6.15254,363,100,0,0,0,0,0,0,56,0,0,3
853,1272,6.13636,405,100,0,0,0,0,0,0,63,0,0,3
854,1208,6.24194,387,100,0,0,0,0,0,0,57,0,0,5
855,1196,6.32143,354,100,0,0,0,0,0,0,50,0,0,6
856,1388,6.2069,360,100,0,0,0,0,0,0,54,0,0,4
857,1304,6.33962,336,100,0,0,0,0,0,0,47,0,0,6
858,1560,6.32812,405,100,0,0,0,0,0,0,57,0,0,7
859,1100,6.2069,360,100,0,0,0,0,0,0,54,0,0,4
860,1220,6.2,372,100,0,0,0,0,0,0,56,0,0,4
861,1112,6.25424,369,100,0,0,0,0,0,0,54,0,0,5
862,1000,6.27778,339,100,0,0,0,0,0,0,49,0,0,5
863,1236,6.27273,345,100,0,0,0,0,0,0,50,0,0,5
864,1396,6.3871,396,100,0,0,0,0,0,0,54,0,0,8
865,1172,6.42105,366,100,0,0,0,0,0,0,49,0,0,8
866,1108,6.35,381,100,0,0,0,0,0,0,53,0,0,7
867,1140,6.32727,348,100,0,0,0,0,0,0,49,0,0,6
868,1200,6.30508,372,100,0,0,0,0,0,0,53,0,0,6
869,1352,6.36842,363,100,0,0,0,0,0,0,50,0,0,7
870,1164,6.26316,357,100,0,0,0,0,0,0,52,0,0,5
871,1140,6.30508,372,100,0,0,0,0,0,0,53,0,0,6
872,1284,6.29032,390,100,0,0,0,0,0,0,56,0,0,6
873,1284,6.36207,369,100,0,0,0,0,0,0,51,0,0,7
874,1184,6.51724,378,100,0,0,0,0,0,0,48,0,0,10
875,1180,6.50847,384,100,0,0,0,0,0,0,49,0,0,10
876,1512,6.35294,432,100,0,0,0,0,0,0,60,0,0,8
877,1472,6.62069,384,100,0,0,0,0,0,0,46,0,0,12
878,1320,6.50847,384,100,0,0,0,0,0,0,49,0,0,10
879,1236,6.55,393,100,0,0,0,0,0,0,49,0,0,11
880,1284,6.40678,378,100,0,0,0,0,0,0,51,0,0,8
881,1732,6.67742,414,100,0,0,0,0,0,0,48,0,0,14
882,1648,6.5,390,100,0,0,0,0,0,0,50,0,0,10
883,1624,6.32143,354,100,0,0,0,0,0,0,50,0,0,6
884,1708,6.47368,369,100,0,0,0,0,0,0,48,0,0,9
885,1648,6.35593,375,100,0,0,0,0,0,0,52,0,0,7
886,1696,6.42105,366,100,0,0,0,0,0,0,49,0,0,8
887,1636,6.27273,345,100,0,0,0,0,0,0,50,0,0,5
888,1744,6.60938,423,100,0,0,0,0,0,0,51,0,0,13
889,1732,6.62069,384,100,0,0,0,0,0,0,46,0,0,12
890,1200,6.45283,342,100,0,0,0,0,0,0,45,0,0,8
891,1604,6.43636,354,100,0,0,0,0,0,0,47,0,0,8
892,1312,6.50943,345,100,0,0,0,0,0,0,44,0,0,9
893,1392,6.39623,339,100,0,0,0,0,0,0,46,0,0,7
894,1368,6.29508,384,100,0,0,0,0,0,0,55,0,0,6
895,1188,6.51724,378,100,0,0,0,0,0,0,48,0,0,10
896,1364,6.5,351,100,0,0,0,0,0,0,45,0,0,9
897,1540,6.42857,360,100,0,0,0,0,0,0,48,0,0,8
898,1272,6.50943,345,100,0,0,0,0,0,0,44,0,0,9
899,1268,6.5,351,100,0,0,0,0,0,0,45,0,0,9
900,1204,6.38182,351,100,0,0,0,0,0,0,48,0,0,7
901,1080,6.26786,351,100,0,0,0,0,0,0,51,0,0,5
902,1116,6.31579,360,100,0,0,0,0,0,0,51,0,0,6
903,1396,6.51613,404,100,0,0,0,0,0,0,51,0,1,10
904,1284,6.46875,414,100,0,0,0,0,0,0,54,0,0,10
905,1228,6.42188,411,100,0,0,0,0,0,0,55,0,0,9
906,1376,6.47619,408,100,0,0,0,0,0,0,53,0,0,10
907,1364,6.45763,381,100,0,0,0,0,0,0,50,0,0,9
908,1160,6.34426,387,100,0,0,0,0,0,0,54,0,0,7
909,1120,6.35593,375,100,0,0,0,0,0,0,52,0,0,7
910,1252,6.39344,390,100,0,0,0,0,0,0,53,0,0,8
911,1324,6.14754,375,100,0,0,0,0,0,0,58,0,0,3
912,1344,6.27273,414,100,0,0,0,0,0,0,60,0,0,6
913,1264,6.24194,387,100,0,0,0,0,0,0,57,0,0,5
914,1280,6.2,372,100,0,0,0,0,0,0,56,0,0,4
915,1456,6.19355,384,100,0,0,0,0,0,0,58,0,0,4
916,1384,6.2381,393,100,0,0,0,0,0,0,58,0,0,5
917,1556,6.26471,426,100,0,0,0,0,0,0,62,0,0,6
918,1652,6.3,378,100,0,0,0,0,0,0,54,0,0,6
919,1780,6.28125,402,100,0,0,0,0,0,0,58,0,0,6
920,1100,6.40678,378,100,0,0,0,0,0,0,51,0,0,8
921,1172,6.4,384,100,0,0,0,0,0,0,52,0,0,8
922,1272,6.21053,354,100,0,0,0,0,0,0,53,0,0,4
923,1308,6.2,372,100,0,0,0,0,0,0,56,0,0,4
924,1400,6.25424,369,100,0,0,0,0,0,0,54,0,0,5
925,1472,6.10345,354,100,0,0,0,0,0,0,56,0,0,2
926,1724,6.09231,396,100,0,0,0,0,0,0,63,0,0,2
927,1396,6.15517,357,100,0,0,0,0,0,0,55,0,0,3
928,1304,6.1,366,100,0,0,0,0,0,0,58,0,0,2
929,1120,6.16364,339,100,0,0,0,0,0,0,52,0,0,3
930,1416,6.26316,357,100,0,0,0,0,0,0,52,0,0,5
931,1364,6.10526,348,100,0,0,0,0,0,0,55,0,0,2
932,1348,6.10345,354,100,0,0,0,0,0,0,56,0,0,2
933,1316,6.05085,357,100,0,0,0,0,0,0,58,0,0,1
934,1296,6.17308,321,100,0,0,0,0,0,0,49,0,0,3
935,1680,6.1,366,100,0,0,0,0,0,0,58,0,0,2
936,1268,6.05172,351,100,0,0,0,0,0,0,57,0,0,1
937,1552,6.2069,360,100,0,0,0,0,0,0,54,0,0,4
938,1492,6.32727,348,100,0,0,0,0,0,0,49,0,0,6
939,1292,6.14754,375,100,0,0,0,0,0,0,58,0,0,3
940,1544,6.15,369,100,0,0,0,0,0,0,57,0,0,3
941,1316,6,348,100,0,0,0,0,0,0,58,0,0,0
942,1500,6.22642,330,100,0,0,0,0,0,0,49,0,0,4
943,1752,6.09524,384,100,0,0,0,0,0,0,61,0,0,2
944,1544,6.11538,318,100,0,0,0,0,0,0,50,0,0,2
945,1876,6.10526,348,100,0,0,0,0,0,0,55,0,0,2
946,1500,6.10909,336,100,0,0,0,0,0,0,53,0,0,2
947,1376,6.0566,321,100,0,0,0,0,0,0,52,0,0,1
948,1236,6.14754,375,100,0,0,0,0,0,0,58,0,0,3
949,1168,6,360,100,0,0,0,0,0,0,60,0,0,0
950,1268,6.04762,381,100,0,0,0,0,0,0,62,0,0,1
951,1176,6.10909,336,100,0,0,0,0,0,0,53,0,0,2
952,1252,6.05263,345,100,0,0,0,0,0,0,56,0,0,1
953,1372,6.15,369,100,0,0,0,0,0,0,57,0,0,3
954,1344,6.09524,384,100,0,0,0,0,0,0,61,0,0,2
955,1320,6.05085,357,100,0,0,0,0,0,0,58,0,0,1
956,1148,6.09836,372,100,0,0,0,0,0,0,59,0,0,2
957,1156,6.18462,402,100,0,0,0,0,0,0,61,0,0,4
958,996,6.19355,384,100,0,0,0,0,0,0,58,0,0,4
959,1068,6.25862,363,100,0,0,0,0,0,0,53,0,0,5
960,1312,6.28571,396,100,0,0,0,0,0,0,57,0,0,6
961,1308,6.24561,356,100,0,0,0,0,0,0,52,0,1,4
962,1508,6.21212,410,100,0,0,0,0,0,0,61,0,1,4
963,1312,6.33871,393,100,0,0,0,0,0,0,55,0,0,7
964,1628,6.2459,381,100,0,0,0,0,0,0,56,0,0,5
965,1748,6.45763,381,100,0,0,0,0,0,0,50,0,0,9
966,1480,6.4,384,100,0,0,0,0,0,0,52,0,0,8
967,1276,6.5,351,100,0,0,0,0,0,0,45,0,0,9
968,1252,6.32143,354,100,0,0,0,0,0,0,50,0,0,6
969,1416,6.47619,408,100,0,0,0,0,0,0,53,0,0,10
970,1440,6.36207,369,100,0,0,0,0,0,0,51,0,0,7
971,1564,6.31579,360,100,0,0,0,0,0,0,51,0,0,6
972,1748,6.67241,387,100,0,0,0,0,0,0,45,0,0,13
973,1308,6.48214,363,100,0,0,0,0,0,0,47,0,0,9
974,1540,6.49091,357,100,0,0,0,0,0,0,46,0,0,9
975,1548,6.1875,396,100,0,0,0,0,0,0,60,0,0,4
976,1428,6.35294,432,100,0,0,0,0,0,0,60,0,0,8
977,1376,6.35593,375,100,0,0,0,0,0,0,52,0,0,7
978,1736,6.40909,423,100,0,0,0,0,0,0,57,0,0,9
979,1452,6.28571,396,100,0,0,0,0,0,0,57,0,0,6
980,1532,6.35,381,100,0,0,0,0,0,0,53,0,0,7
981,1624,6.40678,378,100,0,0,0,0,0,0,51,0,0,8
982,1384,6.30508,372,100,0,0,0,0,0,0,53,0,0,6
983,1516,6.42105,366,100,0,0,0,0,0,0,49,0,0,8
984,1336,6.32727,348,100,0,0,0,0,0,0,49,0,0,6
985,1464,6.26316,357,100,0,0,0,0,0,0,52,0,0,5
986,1192,6.51724,378,100,0,0,0,0,0,0,48,0,0,10
987,1144,6.38182,351,100,0,0,0,0,0,0,48,0,0,7
988,1392,6.36842,363,100,0,0,0,0,0,0,50,0,0,7
989,1260,6.38182,351,100,0,0,0,0,0,0,48,0,0,7
990,1356,6.29508,384,100,0,0,0,0,0,0,55,0,0,6
991,1416,6.25424,369,100,0,0,0,0,0,0,54,0,0,5
992,1268,6.25862,363,100,0,0,0,0,0,0,53,0,0,5
993,1368,6.33333,399,100,0,0,0,0,0,0,56,0,0,7
994,1312,6.25,375,100,0,0,0,0,0,0,55,0,0,5
995,1628,6.31034,366,100,0,0,0,0,0,0,52,0,0,6
996,1376,6.14516,381,100,0,0,0,0,0,0,59,0,0,3
997,1284,6.1791,414,100,0,0,0,0,0,0,63,0,0,4
998,1320,6.2459,381,100,0,0,0,0,0,0,56,0,0,5
999,1444,6.33333,399,100,0,0,0,0,0,0,56,0,0,7
