update,points,mean_tasks,total_tasks,total_orgs,task_0,task_1,task_2,task_3,task_4,task_5,task_6,task_7,task_8,task_9
0,0,nan,0,10,0,0,0,0,0,0,0,0,0,0
1,28,6,12,11,0,0,0,0,0,0,2,0,0,0
2,88,6,36,12,0,0,0,0,0,0,6,0,0,0
3,128,6,54,14,0,0,0,0,0,0,9,0,0,0
4,140,6,60,15,0,0,0,0,0,0,10,0,0,0
5,124,6,60,19,0,0,0,0,0,0,10,0,0,0
6,128,6,66,21,0,0,0,0,0,0,11,0,0,0
7,156,6.21429,87,22,0,0,0,0,0,0,13,0,0,1
8,192,6.17647,105,25,0,0,0,0,0,0,16,0,0,1
9,224,6.15,123,29,0,0,0,0,0,0,19,0,0,1
10,264,6.13636,135,35,0,0,0,0,0,0,21,0,0,1
11,312,6.125,147,40,0,0,0,0,0,0,23,0,0,1
12,440,6.1,183,45,0,0,0,0,0,0,29,0,0,1
13,588,6.08824,207,47,0,0,0,0,0,0,33,0,0,1
14,576,6.3,189,50,0,0,0,0,0,0,27,0,0,3
15,700,6.17143,216,55,0,0,0,0,0,0,33,0,0,2
16,796,6.15789,234,60,0,0,0,0,0,0,36,0,0,2
17,844,6.15,246,67,0,0,0,0,0,0,38,0,0,2
18,828,6.14286,258,73,0,0,0,0,0,0,40,0,0,2
19,1024,6.13333,276,78,0,0,0,0,0,0,43,0,0,2
20,1176,6.12245,300,83,0,0,0,0,0,0,47,0,0,2
21,1052,6.12,306,86,0,0,0,0,0,0,48,0,0,2
22,1140,6.05769,315,88,0,0,0,0,0,0,51,0,0,1
23,1444,6,336,93,0,0,0,0,0,0,56,0,0,0
24,1396,6.10909,336,94,0,0,0,0,0,0,53,0,0,2
25,1460,6.10526,348,96,0,0,0,0,0,0,55,0,0,2
26,1708,6.05172,351,96,0,0,0,0,0,0,57,0,0,1
27,1720,6,336,97,0,0,0,0,0,0,56,0,0,0
28,1760,6,348,99,0,0,0,0,0,0,58,0,0,0
29,1720,6.05172,351,99,0,0,0,0,0,0,57,0,0,1
30,1952,6.05556,327,99,0,0,0,0,0,0,53,0,0,1
31,1828,6.11111,330,99,0,0,0,0,0,0,52,0,0,2
32,1456,6,306,99,0,0,0,0,0,0,51,0,0,0
33,1424,6,306,99,0,0,0,0,0,0,51,0,0,0
34,1640,6.05085,357,100,0,0,0,0,0,0,58,0,0,1
35,1720,6.10714,342,100,0,0,0,0,0,0,54,0,0,2
36,1892,6.05357,339,100,0,0,0,0,0,0,55,0,0,1
37,1448,6,324,100,0,0,0,0,0,0,54,0,0,0
38,1524,6,336,100,0,0,0,0,0,0,56,0,0,0
39,1784,6,306,100,0,0,0,0,0,0,51,0,0,0
40,1536,6.05882,309,100,0,0,0,0,0,0,50,0,0,1
41,1968,6,348,100,0,0,0,0,0,0,58,0,0,0
42,1780,6,330,100,0,0,0,0,0,0,55,0,0,0
43,1480,6,306,100,0,0,0,0,0,0,51,0,0,0
44,1592,6,342,100,0,0,0,0,0,0,57,0,0,0
45,1428,6,336,100,0,0,0,0,0,0,56,0,0,0
46,1348,6,330,100,0,0,0,0,0,0,55,0,0,0
47,1412,6,324,100,0,0,0,0,0,0,54,0,0,0
48,1552,6,354,100,0,0,0,0,0,0,59,0,0,0
49,1548,6.11111,330,100,0,0,0,0,0,0,52,0,0,2
50,1548,6.10526,348,100,0,0,0,0,0,0,55,0,0,2
51,1564,6.15789,351,100,0,0,0,0,0,0,54,0,0,3
52,1480,6.16071,345,100,0,0,0,0,0,0,53,0,0,3
53,1564,6,348,100,0,0,0,0,0,0,58,0,0,0
54,1736,6,360,100,0,0,0,0,0,0,60,0,0,0
55,1788,6,324,100,0,0,0,0,0,0,54,0,0,0
56,1856,6.05556,327,100,0,0,0,0,0,0,53,0,0,1
57,1788,6.21053,354,100,0,0,0,0,0,0,53,0,0,4
58,1844,6.05357,339,100,0,0,0,0,0,0,55,0,0,1
59,2100,6.05172,351,100,0,0,0,0,0,0,57,0,0,1
60,2240,6,366,100,0,0,0,0,0,0,61,0,0,0
61,2212,6.05556,327,100,0,0,0,0,0,0,53,0,0,1
62,2432,6.14035,350,100,0,0,0,0,0,0,54,0,1,2
63,2140,6.10909,336,100,0,0,0,0,0,0,53,0,0,2
64,1764,6.16667,333,100,0,0,0,0,0,0,51,0,0,3
65,1588,6.15789,351,100,0,0,0,0,0,0,54,0,0,3
66,1412,6.10169,360,100,0,0,0,0,0,0,57,0,0,2
67,1656,6.16071,345,100,0,0,0,0,0,0,53,0,0,3
68,1684,6.05357,339,100,0,0,0,0,0,0,55,0,0,1
69,2076,6,342,100,0,0,0,0,0,0,57,0,0,0
70,1652,6.10345,354,100,0,0,0,0,0,0,56,0,0,2
71,1560,6.05357,339,100,0,0,0,0,0,0,55,0,0,1
72,1604,6.10169,360,100,0,0,0,0,0,0,57,0,0,2
73,1664,6.15,369,100,0,0,0,0,0,0,57,0,0,3
74,1580,6.11111,330,100,0,0,0,0,0,0,52,0,0,2
75,1908,6.25862,363,100,0,0,0,0,0,0,53,0,0,5
76,2108,6.39623,339,100,0,0,0,0,0,0,46,0,0,7
77,1868,6.15254,363,100,0,0,0,0,0,0,56,0,0,3
78,1564,6.1,366,100,0,0,0,0,0,0,58,0,0,2
79,1756,6.25862,363,100,0,0,0,0,0,0,53,0,0,5
80,1736,6.32727,348,100,0,0,0,0,0,0,49,0,0,6
81,1332,6.21053,354,100,0,0,0,0,0,0,53,0,0,4
82,1744,6.14754,375,100,0,0,0,0,0,0,58,0,0,3
83,1400,6.19355,384,100,0,0,0,0,0,0,58,0,0,4
84,1424,6.09524,384,100,0,0,0,0,0,0,61,0,0,2
85,1576,6.32727,348,100,0,0,0,0,0,0,49,0,0,6
86,1740,6.14754,375,100,0,0,0,0,0,0,58,0,0,3
87,1560,6.14754,375,100,0,0,0,0,0,0,58,0,0,3
88,1692,6.3,378,100,0,0,0,0,0,0,54,0,0,6
89,1460,6.3,378,100,0,0,0,0,0,0,54,0,0,6
90,1384,6.15254,363,100,0,0,0,0,0,0,56,0,0,3
91,1544,6.40678,378,100,0,0,0,0,0,0,51,0,0,8
92,1324,6.32727,348,100,0,0,0,0,0,0,49,0,0,6
93,1328,6.21429,348,100,0,0,0,0,0,0,52,0,0,4
94,1548,6.28846,327,100,0,0,0,0,0,0,47,0,0,5
95,1756,6.30508,372,100,0,0,0,0,0,0,53,0,0,6
96,1700,6.19672,378,100,0,0,0,0,0,0,57,0,0,4
97,1612,6.27273,345,100,0,0,0,0,0,0,50,0,0,5
98,1500,6.16364,339,100,0,0,0,0,0,0,52,0,0,3
99,1496,6.29412,321,100,0,0,0,0,0,0,46,0,0,5
100,1368,6.0566,321,100,0,0,0,0,0,0,52,0,0,1
101,1500,6.16667,333,100,0,0,0,0,0,0,51,0,0,3
102,1620,6.16667,333,100,0,0,0,0,0,0,51,0,0,3
103,1520,6.05263,345,100,0,0,0,0,0,0,56,0,0,1
104,1316,6.05172,351,100,0,0,0,0,0,0,57,0,0,1
105,1264,6.09434,323,100,0,0,0,0,0,0,51,0,1,1
106,1596,6,318,100,0,0,0,0,0,0,53,0,0,0
107,1620,6,336,100,0,0,0,0,0,0,56,0,0,0
108,1272,6.10909,336,100,0,0,0,0,0,0,53,0,0,2
109,1576,6.09677,378,100,0,0,0,0,0,0,60,0,0,2
110,1600,6,360,100,0,0,0,0,0,0,60,0,0,0
111,1384,6.05263,345,100,0,0,0,0,0,0,56,0,0,1
112,1516,6.19355,384,100,0,0,0,0,0,0,58,0,0,4
113,1536,6.05085,357,100,0,0,0,0,0,0,58,0,0,1
114,2088,6.22727,411,100,0,0,0,0,0,0,61,0,0,5
115,1668,6.16071,345,100,0,0,0,0,0,0,53,0,0,3
116,1364,6.05263,345,100,0,0,0,0,0,0,56,0,0,1
117,1268,6,354,100,0,0,0,0,0,0,59,0,0,0
118,1292,6.04688,387,100,0,0,0,0,0,0,63,0,0,1
119,1008,6.05263,345,100,0,0,0,0,0,0,56,0,0,1
120,1464,6.04545,399,100,0,0,0,0,0,0,65,0,0,1
121,1308,6,372,100,0,0,0,0,0,0,62,0,0,0
122,1136,6,366,100,0,0,0,0,0,0,61,0,0,0
123,1252,6,378,100,0,0,0,0,0,0,63,0,0,0
124,1524,6.04839,375,100,0,0,0,0,0,0,61,0,0,1
125,1260,6,348,100,0,0,0,0,0,0,58,0,0,0
126,1224,6.05263,345,100,0,0,0,0,0,0,56,0,0,1
127,1212,6,360,100,0,0,0,0,0,0,60,0,0,0
128,1220,6,336,100,0,0,0,0,0,0,56,0,0,0
129,1196,6.06,303,100,0,0,0,0,0,0,49,0,0,1
130,1020,6.10909,336,100,0,0,0,0,0,0,53,0,0,2
131,1136,6.23077,324,100,0,0,0,0,0,0,48,0,0,4
132,1076,6.16981,327,100,0,0,0,0,0,0,50,0,0,3
133,1076,6.19672,378,100,0,0,0,0,0,0,57,0,0,4
134,1268,6.2,372,100,0,0,0,0,0,0,56,0,0,4
135,1224,6.20339,366,100,0,0,0,0,0,0,55,0,0,4
136,1272,6.2069,360,100,0,0,0,0,0,0,54,0,0,4
137,1164,6.1875,396,100,0,0,0,0,0,0,60,0,0,4
138,928,6.05,363,100,0,0,0,0,0,0,59,0,0,1
139,1124,6,396,100,0,0,0,0,0,0,66,0,0,0
140,1140,6.15,369,100,0,0,0,0,0,0,57,0,0,3
141,1128,6.14754,375,100,0,0,0,0,0,0,58,0,0,3
142,892,6,366,100,0,0,0,0,0,0,61,0,0,0
143,1128,6.04839,375,100,0,0,0,0,0,0,61,0,0,1
144,1092,6.04688,387,100,0,0,0,0,0,0,63,0,0,1
145,1044,6.05,363,100,0,0,0,0,0,0,59,0,0,1
146,996,6.15517,357,100,0,0,0,0,0,0,55,0,0,3
147,1172,6.15517,357,100,0,0,0,0,0,0,55,0,0,3
148,1352,6.1875,396,100,0,0,0,0,0,0,60,0,0,4
149,1320,6.2381,393,100,0,0,0,0,0,0,58,0,0,5
150,1216,6.09836,372,100,0,0,0,0,0,0,59,0,0,2
151,960,6.04688,387,100,0,0,0,0,0,0,63,0,0,1
152,980,6.09677,378,100,0,0,0,0,0,0,60,0,0,2
153,1000,6,402,100,0,0,0,0,0,0,67,0,0,0
154,976,6.04762,381,100,0,0,0,0,0,0,62,0,0,1
155,1012,6.09524,384,100,0,0,0,0,0,0,61,0,0,2
156,1004,6.19048,390,100,0,0,0,0,0,0,59,0,0,4
157,1224,6.26087,432,100,0,0,0,0,0,0,63,0,0,6
158,1112,6.14286,387,100,0,0,0,0,0,0,60,0,0,3
159,1132,6.09231,396,100,0,0,0,0,0,0,63,0,0,2
160,1424,6.1791,414,100,0,0,0,0,0,0,63,0,0,4
161,1192,6.28571,396,100,0,0,0,0,0,0,57,0,0,6
162,1200,6.08955,408,100,0,0,0,0,0,0,65,0,0,2
163,1196,6.04615,393,100,0,0,0,0,0,0,64,0,0,1
164,1432,6.32727,348,100,0,0,0,0,0,0,49,0,0,6
165,1128,6.13433,411,100,0,0,0,0,0,0,64,0,0,3
166,1100,6.09677,378,100,0,0,0,0,0,0,60,0,0,2
167,1040,6.09524,384,100,0,0,0,0,0,0,61,0,0,2
168,932,6.22222,336,100,0,0,0,0,0,0,50,0,0,4
169,1096,6.05357,339,100,0,0,0,0,0,0,55,0,0,1
170,1004,6.05357,339,100,0,0,0,0,0,0,55,0,0,1
171,1308,6.14754,375,100,0,0,0,0,0,0,58,0,0,3
172,1548,6.14516,381,100,0,0,0,0,0,0,59,0,0,3
173,1388,6,384,100,0,0,0,0,0,0,64,0,0,0
174,1276,6.10169,360,100,0,0,0,0,0,0,57,0,0,2
175,1400,6.18462,402,100,0,0,0,0,0,0,61,0,0,4
176,1408,6.18462,402,100,0,0,0,0,0,0,61,0,0,4
177,1432,6.15,369,100,0,0,0,0,0,0,57,0,0,3
178,1372,6.2459,381,100,0,0,0,0,0,0,56,0,0,5
179,1448,6.19672,378,100,0,0,0,0,0,0,57,0,0,4
180,1228,6.25,375,100,0,0,0,0,0,0,55,0,0,5
181,1316,6.24194,387,100,0,0,0,0,0,0,57,0,0,5
182,1096,6.16981,327,100,0,0,0,0,0,0,50,0,0,3
183,1432,6.26316,357,100,0,0,0,0,0,0,52,0,0,5
184,1580,6.32143,354,100,0,0,0,0,0,0,50,0,0,6
185,1496,6.3,378,100,0,0,0,0,0,0,54,0,0,6
186,1532,6.2459,381,100,0,0,0,0,0,0,56,0,0,5
187,1600,6.16071,345,100,0,0,0,0,0,0,53,0,0,3
188,1668,6.38182,351,100,0,0,0,0,0,0,48,0,0,7
189,1596,6.04762,381,100,0,0,0,0,0,0,62,0,0,1
190,1616,6.30508,372,100,0,0,0,0,0,0,53,0,0,6
191,1580,6.25862,363,100,0,0,0,0,0,0,53,0,0,5
192,1452,6.36207,369,100,0,0,0,0,0,0,51,0,0,7
193,1420,6.375,357,100,0,0,0,0,0,0,49,0,0,7
194,1160,6.27273,345,100,0,0,0,0,0,0,50,0,0,5
195,1200,6.31579,360,100,0,0,0,0,0,0,51,0,0,6
196,1328,6.39344,390,100,0,0,0,0,0,0,53,0,0,8
197,908,6.25862,363,100,0,0,0,0,0,0,53,0,0,5
198,1004,6.13636,405,100,0,0,0,0,0,0,63,0,0,3
199,1252,6.28571,396,100,0,0,0,0,0,0,57,0,0,6
200,1024,6.39344,390,100,0,0,0,0,0,0,53,0,0,8
201,1052,6.20339,366,100,0,0,0,0,0,0,55,0,0,4
202,1340,6.30508,372,100,0,0,0,0,0,0,53,0,0,6
203,1356,6.19048,390,100,0,0,0,0,0,0,59,0,0,4
204,1400,6.09524,384,100,0,0,0,0,0,0,61,0,0,2
205,1404,6.1,366,100,0,0,0,0,0,0,58,0,0,2
206,1464,6.14516,381,100,0,0,0,0,0,0,59,0,0,3
207,1352,6.15517,357,100,0,0,0,0,0,0,55,0,0,3
208,1276,6.09375,390,100,0,0,0,0,0,0,62,0,0,2
209,1348,6.14062,393,100,0,0,0,0,0,0,61,0,0,3
210,1052,6.1,366,100,0,0,0,0,0,0,58,0,0,2
211,1148,6.15789,351,100,0,0,0,0,0,0,54,0,0,3
212,1140,6.10345,354,100,0,0,0,0,0,0,56,0,0,2
213,1384,6.09375,390,100,0,0,0,0,0,0,62,0,0,2
214,1332,6.10169,360,100,0,0,0,0,0,0,57,0,0,2
215,1160,6.05455,333,100,0,0,0,0,0,0,54,0,0,1
216,1292,6.16981,327,100,0,0,0,0,0,0,50,0,0,3
217,1288,6.15789,351,100,0,0,0,0,0,0,54,0,0,3
218,1176,6.10909,336,100,0,0,0,0,0,0,53,0,0,2
219,1468,6.25862,363,100,0,0,0,0,0,0,53,0,0,5
220,1292,6.20339,366,100,0,0,0,0,0,0,55,0,0,4
221,1320,6.25862,363,100,0,0,0,0,0,0,53,0,0,5
222,1388,6.10169,360,100,0,0,0,0,0,0,57,0,0,2
223,1200,6.11321,324,100,0,0,0,0,0,0,51,0,0,2
224,1132,6.05769,315,100,0,0,0,0,0,0,51,0,0,1
225,1320,6,348,100,0,0,0,0,0,0,58,0,0,0
226,1200,6.05455,333,100,0,0,0,0,0,0,54,0,0,1
227,1360,6.16667,333,100,0,0,0,0,0,0,51,0,0,3
228,1380,6.10526,348,100,0,0,0,0,0,0,55,0,0,2
229,1408,6.10169,360,100,0,0,0,0,0,0,57,0,0,2
230,1408,6.05769,315,100,0,0,0,0,0,0,51,0,0,1
231,1244,6.11111,330,100,0,0,0,0,0,0,52,0,0,2
232,1180,6,330,100,0,0,0,0,0,0,55,0,0,0
233,1120,6.05357,339,100,0,0,0,0,0,0,55,0,0,1
234,1300,6,360,100,0,0,0,0,0,0,60,0,0,0
235,1364,6.05357,339,100,0,0,0,0,0,0,55,0,0,1
236,1244,6.05357,339,100,0,0,0,0,0,0,55,0,0,1
237,1072,6,336,100,0,0,0,0,0,0,56,0,0,0
238,952,6,336,100,0,0,0,0,0,0,56,0,0,0
239,1124,6.05,363,100,0,0,0,0,0,0,59,0,0,1
240,1196,6,372,100,0,0,0,0,0,0,62,0,0,0
241,1080,6.04839,375,100,0,0,0,0,0,0,61,0,0,1
242,1260,6.09677,378,100,0,0,0,0,0,0,60,0,0,2
243,1120,6.09836,372,100,0,0,0,0,0,0,59,0,0,2
244,1104,6,366,100,0,0,0,0,0,0,61,0,0,0
245,1308,6.09231,396,100,0,0,0,0,0,0,63,0,0,2
246,1124,6.04688,387,100,0,0,0,0,0,0,63,0,0,1
247,1156,6.23438,399,100,0,0,0,0,0,0,59,0,0,5
248,1068,6.24194,387,100,0,0,0,0,0,0,57,0,0,5
249,996,6.2069,360,100,0,0,0,0,0,0,54,0,0,4
250,988,6.15,369,100,0,0,0,0,0,0,57,0,0,3
251,964,6.21053,354,100,0,0,0,0,0,0,53,0,0,4
252,1096,6.09231,396,100,0,0,0,0,0,0,63,0,0,2
253,1080,6.1,366,100,0,0,0,0,0,0,58,0,0,2
254,924,6.05,363,100,0,0,0,0,0,0,59,0,0,1
255,1284,6.19672,378,100,0,0,0,0,0,0,57,0,0,4
256,1264,6.32143,354,100,0,0,0,0,0,0,50,0,0,6
257,1416,6.10714,342,100,0,0,0,0,0,0,54,0,0,2
258,1516,6.10169,360,100,0,0,0,0,0,0,57,0,0,2
259,1404,6.05172,351,100,0,0,0,0,0,0,57,0,0,1
260,1076,6,342,100,0,0,0,0,0,0,57,0,0,0
261,1220,6.05172,351,100,0,0,0,0,0,0,57,0,0,1
262,1340,6.09677,378,100,0,0,0,0,0,0,60,0,0,2
263,1148,6.09836,372,100,0,0,0,0,0,0,59,0,0,2
264,1184,6.2,372,100,0,0,0,0,0,0,56,0,0,4
265,1396,6.13433,411,100,0,0,0,0,0,0,64,0,0,3
266,1308,6,372,100,0,0,0,0,0,0,62,0,0,0
267,1500,6.04688,387,100,0,0,0,0,0,0,63,0,0,1
268,1180,6.09524,384,100,0,0,0,0,0,0,61,0,0,2
269,1360,6.04545,399,100,0,0,0,0,0,0,65,0,0,1
270,1216,6.04839,375,100,0,0,0,0,0,0,61,0,0,1
271,1300,6.14754,375,100,0,0,0,0,0,0,58,0,0,3
272,1208,6.21818,342,100,0,0,0,0,0,0,51,0,0,4
273,1360,6.1791,414,100,0,0,0,0,0,0,63,0,0,4
274,1428,6.10169,360,100,0,0,0,0,0,0,57,0,0,2
275,1292,6.16071,345,100,0,0,0,0,0,0,53,0,0,3
276,1640,6.09375,390,100,0,0,0,0,0,0,62,0,0,2
277,1216,6.10909,336,100,0,0,0,0,0,0,53,0,0,2
278,1356,6.14286,387,100,0,0,0,0,0,0,60,0,0,3
279,1328,6.1,366,100,0,0,0,0,0,0,58,0,0,2
280,1432,6.05085,357,100,0,0,0,0,0,0,58,0,0,1
281,1244,6,342,100,0,0,0,0,0,0,57,0,0,0
282,1312,6.04839,375,100,0,0,0,0,0,0,61,0,0,1
283,1452,6.10345,354,100,0,0,0,0,0,0,56,0,0,2
284,1724,6.05,363,100,0,0,0,0,0,0,59,0,0,1
285,1596,6.05085,357,100,0,0,0,0,0,0,58,0,0,1
286,1500,6.04839,375,100,0,0,0,0,0,0,61,0,0,1
287,1632,6.10526,348,100,0,0,0,0,0,0,55,0,0,2
288,1524,6.15254,363,100,0,0,0,0,0,0,56,0,0,3
289,1596,6.10169,360,100,0,0,0,0,0,0,57,0,0,2
290,1488,6.14286,387,100,0,0,0,0,0,0,60,0,0,3
291,1440,6.15254,363,100,0,0,0,0,0,0,56,0,0,3
292,1436,6.2459,381,100,0,0,0,0,0,0,56,0,0,5
293,1416,6.15,369,100,0,0,0,0,0,0,57,0,0,3
294,1012,6.10909,336,100,0,0,0,0,0,0,53,0,0,2
295,1080,6.15517,357,100,0,0,0,0,0,0,55,0,0,3
296,968,6.20339,366,100,0,0,0,0,0,0,55,0,0,4
297,1036,6.14062,393,100,0,0,0,0,0,0,61,0,0,3
298,1048,6.18462,402,100,0,0,0,0,0,0,61,0,0,4
299,1100,6.2,372,100,0,0,0,0,0,0,56,0,0,4
300,1208,6.3,378,100,0,0,0,0,0,0,54,0,0,6
301,1112,6.19672,378,100,0,0,0,0,0,0,57,0,0,4
302,1108,6.15789,351,100,0,0,0,0,0,0,54,0,0,3
303,1184,6.15,369,100,0,0,0,0,0,0,57,0,0,3
304,1160,6.15517,357,100,0,0,0,0,0,0,55,0,0,3
305,1156,6.09524,384,100,0,0,0,0,0,0,61,0,0,2
306,1144,6.14286,387,100,0,0,0,0,0,0,60,0,0,3
307,896,6.10169,360,100,0,0,0,0,0,0,57,0,0,2
308,820,6.05455,333,100,0,0,0,0,0,0,54,0,0,1
309,920,6.04839,375,100,0,0,0,0,0,0,61,0,0,1
310,996,6.04688,387,100,0,0,0,0,0,0,63,0,0,1
311,1168,6.08696,420,100,0,0,0,0,0,0,67,0,0,2
312,980,6.1,366,100,0,0,0,0,0,0,58,0,0,2
313,1052,6.09375,390,100,0,0,0,0,0,0,62,0,0,2
314,956,6.09524,384,100,0,0,0,0,0,0,61,0,0,2
315,960,6.04688,387,100,0,0,0,0,0,0,63,0,0,1
316,1020,6,372,100,0,0,0,0,0,0,62,0,0,0
317,968,6.05263,345,100,0,0,0,0,0,0,56,0,0,1
318,1076,6,372,100,0,0,0,0,0,0,62,0,0,0
319,1084,6,366,100,0,0,0,0,0,0,61,0,0,0
320,1104,6,372,100,0,0,0,0,0,0,62,0,0,0
321,1184,6,360,100,0,0,0,0,0,0,60,0,0,0
322,1100,6,360,100,0,0,0,0,0,0,60,0,0,0
323,996,6.04839,375,100,0,0,0,0,0,0,61,0,0,1
324,916,6.04839,375,100,0,0,0,0,0,0,61,0,0,1
325,1028,6.09375,390,100,0,0,0,0,0,0,62,0,0,2
326,1108,6.08955,408,100,0,0,0,0,0,0,65,0,0,2
327,1148,6.18182,408,100,0,0,0,0,0,0,62,0,0,4
328,1180,6.04918,369,100,0,0,0,0,0,0,60,0,0,1
329,1268,6,366,100,0,0,0,0,0,0,61,0,0,0
330,1180,6,366,100,0,0,0,0,0,0,61,0,0,0
331,1304,6,354,100,0,0,0,0,0,0,59,0,0,0
332,1304,6.05,363,100,0,0,0,0,0,0,59,0,0,1
333,1328,6.05085,357,100,0,0,0,0,0,0,58,0,0,1
334,1276,6,336,100,0,0,0,0,0,0,56,0,0,0
335,1272,6.05455,333,100,0,0,0,0,0,0,54,0,0,1
336,1380,6.10714,342,100,0,0,0,0,0,0,54,0,0,2
337,1196,6.10714,342,100,0,0,0,0,0,0,54,0,0,2
338,1264,6.11111,330,100,0,0,0,0,0,0,52,0,0,2
339,1508,6.10345,354,100,0,0,0,0,0,0,56,0,0,2
340,1236,6.0566,321,100,0,0,0,0,0,0,52,0,0,1
341,1280,6.05455,333,100,0,0,0,0,0,0,54,0,0,1
342,1360,6,348,100,0,0,0,0,0,0,58,0,0,0
343,1016,6,360,100,0,0,0,0,0,0,60,0,0,0
344,1004,6,336,100,0,0,0,0,0,0,56,0,0,0
345,880,6,348,100,0,0,0,0,0,0,58,0,0,0
346,1056,6.05263,345,100,0,0,0,0,0,0,56,0,0,1
347,952,6.04688,387,100,0,0,0,0,0,0,63,0,0,1
348,856,6.05,363,100,0,0,0,0,0,0,59,0,0,1
349,896,6.09524,384,100,0,0,0,0,0,0,61,0,0,2
350,744,6.05556,327,100,0,0,0,0,0,0,53,0,0,1
351,888,6.10169,360,100,0,0,0,0,0,0,57,0,0,2
352,944,6.15517,357,100,0,0,0,0,0,0,55,0,0,3
353,856,6.10714,342,100,0,0,0,0,0,0,54,0,0,2
354,996,6.14516,381,100,0,0,0,0,0,0,59,0,0,3
355,1076,6.15789,351,100,0,0,0,0,0,0,54,0,0,3
356,1188,6.15254,363,100,0,0,0,0,0,0,56,0,0,3
357,1064,6.15789,351,100,0,0,0,0,0,0,54,0,0,3
358,1216,6.14754,375,100,0,0,0,0,0,0,58,0,0,3
359,1228,6.14286,387,100,0,0,0,0,0,0,60,0,0,3
360,976,6.14754,375,100,0,0,0,0,0,0,58,0,0,3
361,1184,6.09375,390,100,0,0,0,0,0,0,62,0,0,2
362,1064,6,384,100,0,0,0,0,0,0,64,0,0,0
363,1016,6.13433,411,100,0,0,0,0,0,0,64,0,0,3
364,812,6.1,366,100,0,0,0,0,0,0,58,0,0,2
365,1060,6.08955,408,100,0,0,0,0,0,0,65,0,0,2
366,816,6.05085,357,100,0,0,0,0,0,0,58,0,0,1
367,1060,6.08824,414,100,0,0,0,0,0,0,66,0,0,2
368,1116,6.09677,378,100,0,0,0,0,0,0,60,0,0,2
369,1188,6.04615,393,100,0,0,0,0,0,0,64,0,0,1
370,1024,6,378,100,0,0,0,0,0,0,63,0,0,0
371,964,6,378,100,0,0,0,0,0,0,63,0,0,0
372,1280,6.04478,405,100,0,0,0,0,0,0,66,0,0,1
373,1236,6,384,100,0,0,0,0,0,0,64,0,0,0
374,1180,6.14516,381,100,0,0,0,0,0,0,59,0,0,3
375,992,6.09231,396,100,0,0,0,0,0,0,63,0,0,2
376,1212,6.13846,399,100,0,0,0,0,0,0,62,0,0,3
377,1208,6.04839,375,100,0,0,0,0,0,0,61,0,0,1
378,920,6,330,100,0,0,0,0,0,0,55,0,0,0
379,1324,6.15,369,100,0,0,0,0,0,0,57,0,0,3
380,1264,6.04615,393,100,0,0,0,0,0,0,64,0,0,1
381,1092,6.09836,372,100,0,0,0,0,0,0,59,0,0,2
382,1120,6.10345,354,100,0,0,0,0,0,0,56,0,0,2
383,1088,6.05172,351,100,0,0,0,0,0,0,57,0,0,1
384,1016,6.05,363,100,0,0,0,0,0,0,59,0,0,1
385,1052,6.10714,342,100,0,0,0,0,0,0,54,0,0,2
386,1136,6.16364,339,100,0,0,0,0,0,0,52,0,0,3
387,1340,6.2459,381,100,0,0,0,0,0,0,56,0,0,5
388,1208,6.32308,411,100,0,0,0,0,0,0,58,0,0,7
389,1188,6.2,372,100,0,0,0,0,0,0,56,0,0,4
390,1128,6.25424,369,100,0,0,0,0,0,0,54,0,0,5
391,1284,6.23438,399,100,0,0,0,0,0,0,59,0,0,5
392,1340,6.25862,363,100,0,0,0,0,0,0,53,0,0,5
393,1432,6.3,378,100,0,0,0,0,0,0,54,0,0,6
394,1252,6.24194,387,100,0,0,0,0,0,0,57,0,0,5
395,1044,6.19048,390,100,0,0,0,0,0,0,59,0,0,4
396,1176,6.20339,366,100,0,0,0,0,0,0,55,0,0,4
397,1144,6.31579,360,100,0,0,0,0,0,0,51,0,0,6
398,1416,6.35,381,100,0,0,0,0,0,0,53,0,0,7
399,1468,6.41379,372,100,0,0,0,0,0,0,50,0,0,8
400,1184,6.35593,375,100,0,0,0,0,0,0,52,0,0,7
401,1076,6.34426,387,100,0,0,0,0,0,0,54,0,0,7
402,1224,6.24194,387,100,0,0,0,0,0,0,57,0,0,5
403,1284,6.31579,360,100,0,0,0,0,0,0,51,0,0,6
404,1256,6.36207,369,100,0,0,0,0,0,0,51,0,0,7
405,1268,6.33871,393,100,0,0,0,0,0,0,55,0,0,7
406,1320,6.34426,387,100,0,0,0,0,0,0,54,0,0,7
407,1184,6.42105,366,100,0,0,0,0,0,0,49,0,0,8
408,1164,6.40678,378,100,0,0,0,0,0,0,51,0,0,8
409,1296,6.36207,369,100,0,0,0,0,0,0,51,0,0,7
410,1220,6.2459,381,100,0,0,0,0,0,0,56,0,0,5
411,1216,6.15254,363,100,0,0,0,0,0,0,56,0,0,3
412,884,6.10526,348,100,0,0,0,0,0,0,55,0,0,2
413,1044,6.21053,354,100,0,0,0,0,0,0,53,0,0,4
414,1192,6.31034,366,100,0,0,0,0,0,0,52,0,0,6
415,1360,6.28125,402,100,0,0,0,0,0,0,58,0,0,6
416,1184,6.31579,360,100,0,0,0,0,0,0,51,0,0,6
417,1124,6.25862,363,100,0,0,0,0,0,0,53,0,0,5
418,1128,6.3,378,100,0,0,0,0,0,0,54,0,0,6
419,1140,6.25,375,100,0,0,0,0,0,0,55,0,0,5
420,1208,6.29032,390,100,0,0,0,0,0,0,56,0,0,6
421,1508,6.3871,396,100,0,0,0,0,0,0,54,0,0,8
422,992,6.5,390,100,0,0,0,0,0,0,50,0,0,10
423,1080,6.33871,393,100,0,0,0,0,0,0,55,0,0,7
424,956,6.27273,345,100,0,0,0,0,0,0,50,0,0,5
425,1084,6.2381,393,100,0,0,0,0,0,0,58,0,0,5
426,1012,6.2069,360,100,0,0,0,0,0,0,54,0,0,4
427,972,6.14516,381,100,0,0,0,0,0,0,59,0,0,3
428,1052,6.24194,387,100,0,0,0,0,0,0,57,0,0,5
429,1128,6.28571,396,100,0,0,0,0,0,0,57,0,0,6
430,1012,6.20339,366,100,0,0,0,0,0,0,55,0,0,4
431,960,6.09677,378,100,0,0,0,0,0,0,60,0,0,2
432,1012,6.25862,363,100,0,0,0,0,0,0,53,0,0,5
433,960,6.09836,372,100,0,0,0,0,0,0,59,0,0,2
434,1024,6.15,369,100,0,0,0,0,0,0,57,0,0,3
435,1100,6.04839,375,100,0,0,0,0,0,0,61,0,0,1
436,1180,6.09836,372,100,0,0,0,0,0,0,59,0,0,2
437,1216,6.15254,363,100,0,0,0,0,0,0,56,0,0,3
438,1020,6.13636,405,100,0,0,0,0,0,0,63,0,0,3
439,1184,6.28125,402,100,0,0,0,0,0,0,58,0,0,6
440,912,6.12903,380,100,0,0,0,0,0,0,59,0,1,2
441,980,6.21538,404,100,0,0,0,0,0,0,60,0,1,4
442,860,6.17188,395,100,0,0,0,0,0,0,60,0,1,3
443,1028,6.1791,414,100,0,0,0,0,0,0,63,0,0,4
444,1064,6.18462,402,100,0,0,0,0,0,0,61,0,0,4
445,940,6.13846,399,100,0,0,0,0,0,0,62,0,0,3
446,904,6.19355,384,100,0,0,0,0,0,0,58,0,0,4
447,852,6.09375,390,100,0,0,0,0,0,0,62,0,0,2
448,940,6.2,372,100,0,0,0,0,0,0,56,0,0,4
449,808,6.09836,372,100,0,0,0,0,0,0,59,0,0,2
450,976,6.09231,396,100,0,0,0,0,0,0,63,0,0,2
451,992,6.18462,402,100,0,0,0,0,0,0,61,0,0,4
452,976,6.21818,342,100,0,0,0,0,0,0,51,0,0,4
453,916,6.2,372,100,0,0,0,0,0,0,56,0,0,4
454,988,6.28333,377,100,0,0,0,0,0,0,54,0,1,5
455,996,6.05,363,100,0,0,0,0,0,0,59,0,0,1
456,932,6.15,369,100,0,0,0,0,0,0,57,0,0,3
457,796,6.11111,330,100,0,0,0,0,0,0,52,0,0,2
458,884,6.09836,372,100,0,0,0,0,0,0,59,0,0,2
459,964,6.09524,384,100,0,0,0,0,0,0,61,0,0,2
460,928,6.09524,384,100,0,0,0,0,0,0,61,0,0,2
461,884,6.04762,381,100,0,0,0,0,0,0,62,0,0,1
462,1028,6.14754,375,100,0,0,0,0,0,0,58,0,0,3
463,916,6.05263,345,100,0,0,0,0,0,0,56,0,0,1
464,1104,6.09375,390,100,0,0,0,0,0,0,62,0,0,2
465,880,6.05085,357,100,0,0,0,0,0,0,58,0,0,1
466,1136,6.04615,393,100,0,0,0,0,0,0,64,0,0,1
467,936,6,360,100,0,0,0,0,0,0,60,0,0,0
468,980,6,366,100,0,0,0,0,0,0,61,0,0,0
469,928,6.04918,369,100,0,0,0,0,0,0,60,0,0,1
470,952,6,402,100,0,0,0,0,0,0,67,0,0,0
471,908,6,402,100,0,0,0,0,0,0,67,0,0,0
472,900,6,402,100,0,0,0,0,0,0,67,0,0,0
473,960,6.09091,402,100,0,0,0,0,0,0,64,0,0,2
474,944,6.04478,405,100,0,0,0,0,0,0,66,0,0,1
475,916,6.09091,402,100,0,0,0,0,0,0,64,0,0,2
476,1004,6.19048,390,100,0,0,0,0,0,0,59,0,0,4
477,864,6.14516,381,100,0,0,0,0,0,0,59,0,0,3
478,1056,6,390,100,0,0,0,0,0,0,65,0,0,0
479,796,6,354,100,0,0,0,0,0,0,59,0,0,0
480,872,6.04839,375,100,0,0,0,0,0,0,61,0,0,1
481,864,6.04839,375,100,0,0,0,0,0,0,61,0,0,1
482,872,6.09677,378,100,0,0,0,0,0,0,60,0,0,2
483,812,6.15,369,100,0,0,0,0,0,0,57,0,0,3
484,932,6,390,100,0,0,0,0,0,0,65,0,0,0
485,952,6,372,100,0,0,0,0,0,0,62,0,0,0
486,1008,6,372,100,0,0,0,0,0,0,62,0,0,0
487,972,6,360,100,0,0,0,0,0,0,60,0,0,0
488,1140,6.10169,360,100,0,0,0,0,0,0,57,0,0,2
489,988,6.04918,369,100,0,0,0,0,0,0,60,0,0,1
490,1028,6.04478,405,100,0,0,0,0,0,0,66,0,0,1
491,1032,6.09091,402,100,0,0,0,0,0,0,64,0,0,2
492,1048,6.04615,393,100,0,0,0,0,0,0,64,0,0,1
493,924,6.05,363,100,0,0,0,0,0,0,59,0,0,1
494,924,6.04688,387,100,0,0,0,0,0,0,63,0,0,1
495,1152,6.04545,399,100,0,0,0,0,0,0,65,0,0,1
496,1008,6,348,100,0,0,0,0,0,0,58,0,0,0
497,932,6.16364,339,100,0,0,0,0,0,0,52,0,0,3
498,1008,6.09375,390,100,0,0,0,0,0,0,62,0,0,2
499,1144,6.04762,381,100,0,0,0,0,0,0,62,0,0,1
500,976,6,360,100,0,0,0,0,0,0,60,0,0,0
501,984,6.05,363,100,0,0,0,0,0,0,59,0,0,1
502,1080,6.2069,360,100,0,0,0,0,0,0,54,0,0,4
503,1064,6.16071,345,100,0,0,0,0,0,0,53,0,0,3
504,1108,6.1,366,100,0,0,0,0,0,0,58,0,0,2
505,1140,6.05357,339,100,0,0,0,0,0,0,55,0,0,1
506,1084,6.10526,348,100,0,0,0,0,0,0,55,0,0,2
507,1236,6.19048,390,100,0,0,0,0,0,0,59,0,0,4
508,1052,6.21818,342,100,0,0,0,0,0,0,51,0,0,4
509,1288,6.15254,363,100,0,0,0,0,0,0,56,0,0,3
510,1320,6.39216,326,100,0,0,0,0,0,0,44,0,1,6
511,1236,6.42857,360,100,0,0,0,0,0,0,48,0,0,8
512,1368,6.30508,372,100,0,0,0,0,0,0,53,0,0,6
513,1288,6.22642,330,100,0,0,0,0,0,0,49,0,0,4
514,1504,6.25862,363,100,0,0,0,0,0,0,53,0,0,5
515,1368,6.41379,372,100,0,0,0,0,0,0,50,0,0,8
516,1376,6.6,363,100,0,0,0,0,0,0,44,0,0,11
517,1712,6.78689,414,100,0,0,0,0,0,0,45,0,0,16
518,1732,6.77586,393,100,0,0,0,0,0,0,43,0,0,15
519,1736,6.73684,384,100,0,0,0,0,0,0,43,0,0,14
520,1508,6.58929,369,100,0,0,0,0,0,0,45,0,0,11
521,1360,6.56897,381,100,0,0,0,0,0,0,47,0,0,11
522,1272,6.43636,354,100,0,0,0,0,0,0,47,0,0,8
523,1464,6.48214,363,100,0,0,0,0,0,0,47,0,0,9
524,1408,6.45,387,100,0,0,0,0,0,0,51,0,0,9
525,1276,6.28846,327,100,0,0,0,0,0,0,47,0,0,5
526,1300,6.5,390,100,0,0,0,0,0,0,50,0,0,10
527,1332,6.31034,366,100,0,0,0,0,0,0,52,0,0,6
528,1536,6.53226,405,100,0,0,0,0,0,0,51,0,0,11
529,1408,6.48387,402,100,0,0,0,0,0,0,52,0,0,10
530,1364,6.53571,366,100,0,0,0,0,0,0,46,0,0,10
531,1628,6.62069,384,100,0,0,0,0,0,0,46,0,0,12
532,1468,6.66102,393,100,0,0,0,0,0,0,46,0,0,13
533,1724,6.64286,372,100,0,0,0,0,0,0,44,0,0,12
534,1576,6.93103,402,100,0,0,0,0,0,0,40,0,0,18
535,1700,6.8,408,100,0,0,0,0,0,0,44,0,0,16
536,1780,6.69643,375,100,0,0,0,0,0,0,43,0,0,13
537,1684,6.94444,375,100,0,0,0,0,0,0,37,0,0,17
538,1568,6.66667,420,100,0,0,0,0,0,0,49,0,0,14
539,1700,6.70312,429,100,0,0,0,0,0,0,49,0,0,15
540,1568,6.62903,411,100,0,0,0,0,0,0,49,0,0,13
541,1368,6.57895,375,100,0,0,0,0,0,0,46,0,0,11
542,1444,7.03846,366,100,0,0,0,0,0,0,34,0,0,18
543,1476,6.78947,387,100,0,0,0,0,0,0,42,0,0,15
544,1660,6.81818,375,100,0,0,0,0,0,0,40,0,0,15
545,1596,6.70909,369,100,0,0,0,0,0,0,42,0,0,13
546,1700,6.83333,369,100,0,0,0,0,0,0,39,0,0,15
547,1764,6.66102,393,100,0,0,0,0,0,0,46,0,0,13
548,1764,6.81356,402,100,0,0,0,0,0,0,43,0,0,16
549,1556,6.55,393,100,0,0,0,0,0,0,49,0,0,11
550,1184,6.58929,369,100,0,0,0,0,0,0,45,0,0,11
551,1448,6.76271,399,100,0,0,0,0,0,0,44,0,0,15
552,1340,6.91525,408,100,0,0,0,0,0,0,41,0,0,18
553,1472,6.89062,441,100,0,0,0,0,0,0,45,0,0,19
554,1648,6.9,414,100,0,0,0,0,0,0,42,0,0,18
555,1504,6.95238,438,100,0,0,0,0,0,0,43,0,0,20
556,1488,6.95238,438,100,0,0,0,0,0,0,43,0,0,20
557,1488,6.77419,420,100,0,0,0,0,0,0,46,0,0,16
558,1996,7.05556,381,100,0,0,0,0,0,0,35,0,0,19
559,1704,6.91525,408,100,0,0,0,0,0,0,41,0,0,18
560,1712,6.80357,381,100,0,0,0,0,0,0,41,0,0,15
561,1396,6.69231,348,100,0,0,0,0,0,0,40,0,0,12
562,1820,6.80357,381,100,0,0,0,0,0,0,41,0,0,15
563,1556,6.57895,375,100,0,0,0,0,0,0,46,0,0,11
564,1544,6.49091,357,100,0,0,0,0,0,0,46,0,0,9
565,1180,6.4898,318,100,0,0,0,0,0,0,41,0,0,8
566,1344,6.49091,357,100,0,0,0,0,0,0,46,0,0,9
567,1320,6.34426,387,100,0,0,0,0,0,0,54,0,0,7
568,1212,6.28125,402,100,0,0,0,0,0,0,58,0,0,6
569,1212,6.35593,375,100,0,0,0,0,0,0,52,0,0,7
570,1256,6.25,375,100,0,0,0,0,0,0,55,0,0,5
571,1164,6.30508,372,100,0,0,0,0,0,0,53,0,0,6
572,1192,6.25,375,100,0,0,0,0,0,0,55,0,0,5
573,1300,6.34426,387,100,0,0,0,0,0,0,54,0,0,7
574,1220,6.24194,387,100,0,0,0,0,0,0,57,0,0,5
575,1304,6.22727,411,100,0,0,0,0,0,0,61,0,0,5
576,1380,6.25,375,100,0,0,0,0,0,0,55,0,0,5
577,1584,6.21053,354,100,0,0,0,0,0,0,53,0,0,4
578,1256,6.32727,348,100,0,0,0,0,0,0,49,0,0,6
579,1532,6.4,384,100,0,0,0,0,0,0,52,0,0,8
580,1536,6.42105,366,100,0,0,0,0,0,0,49,0,0,8
581,1172,6.25862,363,100,0,0,0,0,0,0,53,0,0,5
582,1260,6.18462,402,100,0,0,0,0,0,0,61,0,0,4
583,1208,6.34426,387,100,0,0,0,0,0,0,54,0,0,7
584,1232,6.34426,387,100,0,0,0,0,0,0,54,0,0,7
585,1288,6.43548,399,100,0,0,0,0,0,0,53,0,0,9
586,1300,6.23438,399,100,0,0,0,0,0,0,59,0,0,5
587,1444,6.34286,444,100,0,0,0,0,0,0,62,0,0,8
588,1132,6.35,381,100,0,0,0,0,0,0,53,0,0,7
589,1244,6.33871,393,100,0,0,0,0,0,0,55,0,0,7
590,1236,6.48214,363,100,0,0,0,0,0,0,47,0,0,9
591,1172,6.35,381,100,0,0,0,0,0,0,53,0,0,7
592,1388,6.42188,411,100,0,0,0,0,0,0,55,0,0,9
593,1400,6.43548,399,100,0,0,0,0,0,0,53,0,0,9
594,1532,6.51562,417,100,0,0,0,0,0,0,53,0,0,11
595,1644,6.45,387,100,0,0,0,0,0,0,51,0,0,9
596,1376,6.2459,381,100,0,0,0,0,0,0,56,0,0,5
597,1628,6.39344,390,100,0,0,0,0,0,0,53,0,0,8
598,1516,6.46552,375,100,0,0,0,0,0,0,49,0,0,9
599,1692,6.3,378,100,0,0,0,0,0,0,54,0,0,6
600,1544,6.55556,354,100,0,0,0,0,0,0,44,0,0,10
601,1512,6.53571,366,100,0,0,0,0,0,0,46,0,0,10
602,1476,6.45763,381,100,0,0,0,0,0,0,50,0,0,9
603,1532,6.4918,396,100,0,0,0,0,0,0,51,0,0,10
604,1480,6.47619,408,100,0,0,0,0,0,0,53,0,0,10
605,1304,6.41379,372,100,0,0,0,0,0,0,50,0,0,8
606,1128,6.4,384,100,0,0,0,0,0,0,52,0,0,8
607,1428,6.45763,381,100,0,0,0,0,0,0,50,0,0,9
608,1656,6.57143,414,100,0,0,0,0,0,0,51,0,0,12
609,1852,6.75,405,100,0,0,0,0,0,0,45,0,0,15
610,1528,6.53571,366,100,0,0,0,0,0,0,46,0,0,10
611,1632,6.7,402,100,0,0,0,0,0,0,46,0,0,14
612,1720,6.54098,399,100,0,0,0,0,0,0,50,0,0,11
613,1308,6.32727,348,100,0,0,0,0,0,0,49,0,0,6
614,1384,6.64286,372,100,0,0,0,0,0,0,44,0,0,12
615,1444,6.65455,366,100,0,0,0,0,0,0,43,0,0,12
616,1524,6.57895,375,100,0,0,0,0,0,0,46,0,0,11
617,1780,6.55932,387,100,0,0,0,0,0,0,48,0,0,11
618,1700,6.55932,387,100,0,0,0,0,0,0,48,0,0,11
619,1740,6.3,378,100,0,0,0,0,0,0,54,0,0,6
620,1784,6.48214,363,100,0,0,0,0,0,0,47,0,0,9
621,2112,6.48387,402,100,0,0,0,0,0,0,52,0,0,10
622,2036,6.67241,387,100,0,0,0,0,0,0,45,0,0,13
623,2204,6.35593,375,100,0,0,0,0,0,0,52,0,0,7
624,1748,6.65,399,100,0,0,0,0,0,0,47,0,0,13
625,1900,6.33333,399,100,0,0,0,0,0,0,56,0,0,7
626,1980,6.50847,384,100,0,0,0,0,0,0,49,0,0,10
627,2156,6.40678,378,100,0,0,0,0,0,0,51,0,0,8
628,1992,6.36842,363,100,0,0,0,0,0,0,50,0,0,7
629,1448,6.26786,351,100,0,0,0,0,0,0,51,0,0,5
630,1664,6.49091,357,100,0,0,0,0,0,0,46,0,0,9
631,1552,6.43636,354,100,0,0,0,0,0,0,47,0,0,8
632,1424,6.31579,360,100,0,0,0,0,0,0,51,0,0,6
633,1556,6.50847,384,100,0,0,0,0,0,0,49,0,0,10
634,1308,6.52632,372,100,0,0,0,0,0,0,47,0,0,10
635,1320,6.62069,384,100,0,0,0,0,0,0,46,0,0,12
636,1272,6.54098,399,100,0,0,0,0,0,0,50,0,0,11
637,1352,6.65625,426,100,0,0,0,0,0,0,50,0,0,14
638,1156,6.77586,393,100,0,0,0,0,0,0,43,0,0,15
639,1160,6.53333,392,100,0,0,0,0,0,0,49,0,1,10
640,1136,6.57895,375,100,0,0,0,0,0,0,46,0,0,11
641,1008,6.5,351,100,0,0,0,0,0,0,45,0,0,9
642,1004,6.33333,342,100,0,0,0,0,0,0,48,0,0,6
643,1056,6.35,381,100,0,0,0,0,0,0,53,0,0,7
644,1144,6.2381,393,100,0,0,0,0,0,0,58,0,0,5
645,1132,6.25,375,100,0,0,0,0,0,0,55,0,0,5
646,1188,6.35593,375,100,0,0,0,0,0,0,52,0,0,7
647,1000,6.22222,336,100,0,0,0,0,0,0,50,0,0,4
648,1268,6.3,378,100,0,0,0,0,0,0,54,0,0,6
649,1192,6.45763,381,100,0,0,0,0,0,0,50,0,0,9
650,1476,6.45,387,100,0,0,0,0,0,0,51,0,0,9
651,1540,6.5,390,100,0,0,0,0,0,0,50,0,0,10
652,1540,6.57895,375,100,0,0,0,0,0,0,46,0,0,11
653,1636,6.81356,402,100,0,0,0,0,0,0,43,0,0,16
654,1676,6.77778,366,100,0,0,0,0,0,0,40,0,0,14
655,1396,6.47059,330,100,0,0,0,0,0,0,43,0,0,8
656,1472,6.63462,345,100,0,0,0,0,0,0,41,0,0,11
657,1592,6.68421,381,100,0,0,0,0,0,0,44,0,0,13
658,1472,6.55556,354,100,0,0,0,0,0,0,44,0,0,10
659,1492,6.67347,327,100,0,0,0,0,0,0,38,0,0,11
660,1548,6.32143,354,100,0,0,0,0,0,0,50,0,0,6
661,1488,6.54545,360,100,0,0,0,0,0,0,45,0,0,10
662,1472,6.53571,366,100,0,0,0,0,0,0,46,0,0,10
663,1592,6.56897,381,100,0,0,0,0,0,0,47,0,0,11
664,1176,6.34615,330,100,0,0,0,0,0,0,46,0,0,6
665,1420,6.3871,396,100,0,0,0,0,0,0,54,0,0,8
666,1548,6.5625,420,100,0,0,0,0,0,0,52,0,0,12
667,1372,6.51724,378,100,0,0,0,0,0,0,48,0,0,10
668,1316,6.45,387,100,0,0,0,0,0,0,51,0,0,9
669,1288,6.53571,366,100,0,0,0,0,0,0,46,0,0,10
670,1380,6.2459,381,100,0,0,0,0,0,0,56,0,0,5
671,1492,6.39344,390,100,0,0,0,0,0,0,53,0,0,8
672,1324,6.25424,369,100,0,0,0,0,0,0,54,0,0,5
673,1240,6.35,381,100,0,0,0,0,0,0,53,0,0,7
674,1280,6.39344,390,100,0,0,0,0,0,0,53,0,0,8
675,1188,6.35593,375,100,0,0,0,0,0,0,52,0,0,7
676,1116,6.53571,366,100,0,0,0,0,0,0,46,0,0,10
677,1204,6.2459,381,100,0,0,0,0,0,0,56,0,0,5
678,1308,6.19355,384,100,0,0,0,0,0,0,58,0,0,4
679,1148,6.2,372,100,0,0,0,0,0,0,56,0,0,4
680,1260,6.32143,354,100,0,0,0,0,0,0,50,0,0,6
681,1276,6.40678,378,100,0,0,0,0,0,0,51,0,0,8
682,1308,6.27778,339,100,0,0,0,0,0,0,49,0,0,5
683,1080,6.17647,315,100,0,0,0,0,0,0,48,0,0,3
684,1156,6.20339,366,100,0,0,0,0,0,0,55,0,0,4
685,1232,6.32727,348,100,0,0,0,0,0,0,49,0,0,6
686,1088,6.25424,369,100,0,0,0,0,0,0,54,0,0,5
687,1188,6.16071,345,100,0,0,0,0,0,0,53,0,0,3
688,1288,6.15,369,100,0,0,0,0,0,0,57,0,0,3
689,1160,6.05085,357,100,0,0,0,0,0,0,58,0,0,1
690,1220,6.20339,366,100,0,0,0,0,0,0,55,0,0,4
691,948,6.19672,378,100,0,0,0,0,0,0,57,0,0,4
692,996,6.15517,357,100,0,0,0,0,0,0,55,0,0,3
693,1076,6.19048,390,100,0,0,0,0,0,0,59,0,0,4
694,1140,6.26316,357,100,0,0,0,0,0,0,52,0,0,5
695,996,6.27778,339,100,0,0,0,0,0,0,49,0,0,5
696,1244,6.2069,360,100,0,0,0,0,0,0,54,0,0,4
697,1148,6.15789,351,100,0,0,0,0,0,0,54,0,0,3
698,1112,6.16667,333,100,0,0,0,0,0,0,51,0,0,3
699,1212,6.14286,387,100,0,0,0,0,0,0,60,0,0,3
700,1104,6.09677,378,100,0,0,0,0,0,0,60,0,0,2
701,1332,6.2381,393,100,0,0,0,0,0,0,58,0,0,5
702,1224,6.19355,384,100,0,0,0,0,0,0,58,0,0,4
703,1320,6.19048,390,100,0,0,0,0,0,0,59,0,0,4
704,1220,6.21818,342,100,0,0,0,0,0,0,51,0,0,4
705,1312,6.27273,345,100,0,0,0,0,0,0,50,0,0,5
706,1156,6.2459,381,100,0,0,0,0,0,0,56,0,0,5
707,940,6.05085,357,100,0,0,0,0,0,0,58,0,0,1
708,996,6.04918,369,100,0,0,0,0,0,0,60,0,0,1
709,1128,6.09677,378,100,0,0,0,0,0,0,60,0,0,2
710,1128,6,390,100,0,0,0,0,0,0,65,0,0,0
711,976,6,366,100,0,0,0,0,0,0,61,0,0,0
712,1020,6,372,100,0,0,0,0,0,0,62,0,0,0
713,1096,6.04918,369,100,0,0,0,0,0,0,60,0,0,1
714,1044,6.04839,375,100,0,0,0,0,0,0,61,0,0,1
715,1080,6.04918,369,100,0,0,0,0,0,0,60,0,0,1
716,952,6.05172,351,100,0,0,0,0,0,0,57,0,0,1
717,1092,6.04839,375,100,0,0,0,0,0,0,61,0,0,1
718,1012,6.04839,375,100,0,0,0,0,0,0,61,0,0,1
719,1104,6.14754,375,100,0,0,0,0,0,0,58,0,0,3
720,1072,6.04688,387,100,0,0,0,0,0,0,63,0,0,1
721,1208,6.10345,354,100,0,0,0,0,0,0,56,0,0,2
722,1388,6.04688,387,100,0,0,0,0,0,0,63,0,0,1
723,1136,6.10526,348,100,0,0,0,0,0,0,55,0,0,2
724,1316,6.19672,378,100,0,0,0,0,0,0,57,0,0,4
725,1136,6.05085,357,100,0,0,0,0,0,0,58,0,0,1
726,1300,6.10169,360,100,0,0,0,0,0,0,57,0,0,2
727,944,6.10526,348,100,0,0,0,0,0,0,55,0,0,2
728,1260,6.09231,396,100,0,0,0,0,0,0,63,0,0,2
729,1188,6.15254,363,100,0,0,0,0,0,0,56,0,0,3
730,1100,6.10169,360,100,0,0,0,0,0,0,57,0,0,2
731,1096,6.09524,384,100,0,0,0,0,0,0,61,0,0,2
732,1064,6.04545,399,100,0,0,0,0,0,0,65,0,0,1
733,996,6.04839,375,100,0,0,0,0,0,0,61,0,0,1
734,1012,6,390,100,0,0,0,0,0,0,65,0,0,0
735,1180,6,384,100,0,0,0,0,0,0,64,0,0,0
736,1184,6.09836,372,100,0,0,0,0,0,0,59,0,0,2
737,1136,6.04918,369,100,0,0,0,0,0,0,60,0,0,1
738,1200,6,348,100,0,0,0,0,0,0,58,0,0,0
739,1208,6,360,100,0,0,0,0,0,0,60,0,0,0
740,1068,6,360,100,0,0,0,0,0,0,60,0,0,0
741,1116,6,360,100,0,0,0,0,0,0,60,0,0,0
742,1148,6,378,100,0,0,0,0,0,0,63,0,0,0
743,1060,6,348,100,0,0,0,0,0,0,58,0,0,0
744,1320,6,378,100,0,0,0,0,0,0,63,0,0,0
745,1176,6,360,100,0,0,0,0,0,0,60,0,0,0
746,1244,6,354,100,0,0,0,0,0,0,59,0,0,0
747,1432,6.04839,375,100,0,0,0,0,0,0,61,0,0,1
748,1376,6.04762,381,100,0,0,0,0,0,0,62,0,0,1
749,1428,6.09836,372,100,0,0,0,0,0,0,59,0,0,2
750,1524,6.14754,375,100,0,0,0,0,0,0,58,0,0,3
751,1352,6.05085,357,100,0,0,0,0,0,0,58,0,0,1
752,1240,6.09677,378,100,0,0,0,0,0,0,60,0,0,2
753,1292,6.09677,378,100,0,0,0,0,0,0,60,0,0,2
754,1404,6.04545,399,100,0,0,0,0,0,0,65,0,0,1
755,1152,6.05085,357,100,0,0,0,0,0,0,58,0,0,1
756,1356,6.15254,363,100,0,0,0,0,0,0,56,0,0,3
757,1096,6.05172,351,100,0,0,0,0,0,0,57,0,0,1
758,1168,6.14754,375,100,0,0,0,0,0,0,58,0,0,3
759,1216,6,330,100,0,0,0,0,0,0,55,0,0,0
760,1208,6.05263,345,100,0,0,0,0,0,0,56,0,0,1
761,1144,6.10526,348,100,0,0,0,0,0,0,55,0,0,2
762,1040,6.11111,330,100,0,0,0,0,0,0,52,0,0,2
763,1088,6.05085,357,100,0,0,0,0,0,0,58,0,0,1
764,1128,6.16071,345,100,0,0,0,0,0,0,53,0,0,3
765,1200,6.05556,327,100,0,0,0,0,0,0,53,0,0,1
766,1204,6.15789,351,100,0,0,0,0,0,0,54,0,0,3
767,1216,6.10714,342,100,0,0,0,0,0,0,54,0,0,2
768,1328,6.10345,354,100,0,0,0,0,0,0,56,0,0,2
769,1100,6.10526,348,100,0,0,0,0,0,0,55,0,0,2
770,1236,6.15789,351,100,0,0,0,0,0,0,54,0,0,3
771,1144,6.05556,327,100,0,0,0,0,0,0,53,0,0,1
772,1380,6,366,100,0,0,0,0,0,0,61,0,0,0
773,1288,6.10169,360,100,0,0,0,0,0,0,57,0,0,2
774,1404,6.05,363,100,0,0,0,0,0,0,59,0,0,1
775,1052,6.05263,345,100,0,0,0,0,0,0,56,0,0,1
776,1236,6.15,369,100,0,0,0,0,0,0,57,0,0,3
777,1240,6.16071,345,100,0,0,0,0,0,0,53,0,0,3
778,1228,6.16667,333,100,0,0,0,0,0,0,51,0,0,3
779,1232,6.10909,336,100,0,0,0,0,0,0,53,0,0,2
780,1256,6.15517,357,100,0,0,0,0,0,0,55,0,0,3
781,1100,6.11111,330,100,0,0,0,0,0,0,52,0,0,2
782,1272,6.04918,369,100,0,0,0,0,0,0,60,0,0,1
783,992,6.05085,357,100,0,0,0,0,0,0,58,0,0,1
784,1048,6.04688,387,100,0,0,0,0,0,0,63,0,0,1
785,916,6.05,363,100,0,0,0,0,0,0,59,0,0,1
786,1184,6,390,100,0,0,0,0,0,0,65,0,0,0
787,1008,6,366,100,0,0,0,0,0,0,61,0,0,0
788,1172,6.04688,387,100,0,0,0,0,0,0,63,0,0,1
789,1132,6.04688,387,100,0,0,0,0,0,0,63,0,0,1
790,1040,6.09836,372,100,0,0,0,0,0,0,59,0,0,2
791,1168,6,372,100,0,0,0,0,0,0,62,0,0,0
792,1260,6.03279,368,100,0,0,0,0,0,0,60,0,1,0
793,1476,6.15254,363,100,0,0,0,0,0,0,56,0,0,3
794,1540,6.09231,396,100,0,0,0,0,0,0,63,0,0,2
795,1468,6.1,366,100,0,0,0,0,0,0,58,0,0,2
796,1340,6.05,363,100,0,0,0,0,0,0,59,0,0,1
797,1364,6.15,369,100,0,0,0,0,0,0,57,0,0,3
798,1204,6.10526,348,100,0,0,0,0,0,0,55,0,0,2
799,1344,6.10345,354,100,0,0,0,0,0,0,56,0,0,2
800,1424,6.04762,381,100,0,0,0,0,0,0,62,0,0,1
801,1424,6.09677,378,100,0,0,0,0,0,0,60,0,0,2
802,1264,6.05085,357,100,0,0,0,0,0,0,58,0,0,1
803,1020,6.14516,381,100,0,0,0,0,0,0,59,0,0,3
804,1272,6.09524,384,100,0,0,0,0,0,0,61,0,0,2
805,1212,6.10169,360,100,0,0,0,0,0,0,57,0,0,2
806,1260,6.04839,375,100,0,0,0,0,0,0,61,0,0,1
807,1416,6.15789,351,100,0,0,0,0,0,0,54,0,0,3
808,1256,6.05357,339,100,0,0,0,0,0,0,55,0,0,1
809,1488,6.09836,372,100,0,0,0,0,0,0,59,0,0,2
810,1344,6.1,366,100,0,0,0,0,0,0,58,0,0,2
811,1084,6.05085,357,100,0,0,0,0,0,0,58,0,0,1
812,1232,6.16667,333,100,0,0,0,0,0,0,51,0,0,3
813,1248,6.15789,351,100,0,0,0,0,0,0,54,0,0,3
814,1120,6,330,100,0,0,0,0,0,0,55,0,0,0
815,1124,6.05357,339,100,0,0,0,0,0,0,55,0,0,1
816,1060,6.05357,339,100,0,0,0,0,0,0,55,0,0,1
817,1056,6.05,363,100,0,0,0,0,0,0,59,0,0,1
818,1220,6.09836,372,100,0,0,0,0,0,0,59,0,0,2
819,1272,6.10169,360,100,0,0,0,0,0,0,57,0,0,2
820,1080,6.15517,357,100,0,0,0,0,0,0,55,0,0,3
821,1172,6.1,366,100,0,0,0,0,0,0,58,0,0,2
822,1036,6.05085,357,100,0,0,0,0,0,0,58,0,0,1
823,940,6,372,100,0,0,0,0,0,0,62,0,0,0
824,1140,6,372,100,0,0,0,0,0,0,62,0,0,0
825,1044,6,306,100,0,0,0,0,0,0,51,0,0,0
826,1124,6.05263,345,100,0,0,0,0,0,0,56,0,0,1
827,1272,6.09836,372,100,0,0,0,0,0,0,59,0,0,2
828,1164,6.05263,345,100,0,0,0,0,0,0,56,0,0,1
829,1300,6,354,100,0,0,0,0,0,0,59,0,0,0
830,1344,6.10714,342,100,0,0,0,0,0,0,54,0,0,2
831,1028,6.05556,327,100,0,0,0,0,0,0,53,0,0,1
832,1048,6.05263,345,100,0,0,0,0,0,0,56,0,0,1
833,1248,6.07576,401,100,0,0,0,0,0,0,64,0,1,1
834,1064,6.08621,353,100,0,0,0,0,0,0,56,0,1,1
835,980,6.14286,344,100,0,0,0,0,0,0,53,0,1,2
836,988,6.05769,315,100,0,0,0,0,0,0,51,0,0,1
837,1048,6.04918,369,100,0,0,0,0,0,0,60,0,0,1
838,928,6.05172,351,100,0,0,0,0,0,0,57,0,0,1
839,960,6.10526,348,100,0,0,0,0,0,0,55,0,0,2
840,1008,6.10169,360,100,0,0,0,0,0,0,57,0,0,2
841,1072,6,384,100,0,0,0,0,0,0,64,0,0,0
842,1132,6.05,363,100,0,0,0,0,0,0,59,0,0,1
843,1156,6.05,363,100,0,0,0,0,0,0,59,0,0,1
844,1264,6.10526,348,100,0,0,0,0,0,0,55,0,0,2
845,1108,6.05357,339,100,0,0,0,0,0,0,55,0,0,1
846,1212,6.10909,336,100,0,0,0,0,0,0,53,0,0,2
847,1076,6.15789,351,100,0,0,0,0,0,0,54,0,0,3
848,1032,6.10714,342,100,0,0,0,0,0,0,54,0,0,2
849,1080,6.1,366,100,0,0,0,0,0,0,58,0,0,2
850,1088,6.19048,390,100,0,0,0,0,0,0,59,0,0,4
851,912,6.20339,366,100,0,0,0,0,0,0,55,0,0,4
852,960,6.05085,357,100,0,0,0,0,0,0,58,0,0,1
853,1052,6,372,100,0,0,0,0,0,0,62,0,0,0
854,1240,6.15254,363,100,0,0,0,0,0,0,56,0,0,3
855,956,6.15517,357,100,0,0,0,0,0,0,55,0,0,3
856,1040,6.14516,381,100,0,0,0,0,0,0,59,0,0,3
857,1092,6.09677,378,100,0,0,0,0,0,0,60,0,0,2
858,1060,6.04839,375,100,0,0,0,0,0,0,61,0,0,1
859,956,6,342,100,0,0,0,0,0,0,57,0,0,0
860,1044,6,372,100,0,0,0,0,0,0,62,0,0,0
861,1184,6.10345,354,100,0,0,0,0,0,0,56,0,0,2
862,1140,6.16071,345,100,0,0,0,0,0,0,53,0,0,3
863,1200,6.10714,342,100,0,0,0,0,0,0,54,0,0,2
864,1204,6.15254,363,100,0,0,0,0,0,0,56,0,0,3
865,1132,6.2,372,100,0,0,0,0,0,0,56,0,0,4
866,1136,6.15517,357,100,0,0,0,0,0,0,55,0,0,3
867,1060,6.09375,390,100,0,0,0,0,0,0,62,0,0,2
868,1020,6.15254,363,100,0,0,0,0,0,0,56,0,0,3
869,1116,6.15254,363,100,0,0,0,0,0,0,56,0,0,3
870,1172,6.10169,360,100,0,0,0,0,0,0,57,0,0,2
871,1052,6,372,100,0,0,0,0,0,0,62,0,0,0
872,1068,6.14516,381,100,0,0,0,0,0,0,59,0,0,3
873,1260,6.19355,384,100,0,0,0,0,0,0,58,0,0,4
874,1448,6.14286,387,100,0,0,0,0,0,0,60,0,0,3
875,1312,6.14062,393,100,0,0,0,0,0,0,61,0,0,3
876,1084,6,324,100,0,0,0,0,0,0,54,0,0,0
877,1416,6.2459,381,100,0,0,0,0,0,0,56,0,0,5
878,1200,6.20339,366,100,0,0,0,0,0,0,55,0,0,4
879,1296,6.35088,362,100,0,0,0,0,0,0,50,0,1,6
880,1152,6.28814,371,100,0,0,0,0,0,0,53,0,1,5
881,1052,6.09677,378,100,0,0,0,0,0,0,60,0,0,2
882,1124,6.2459,381,100,0,0,0,0,0,0,56,0,0,5
883,1332,6.3,378,100,0,0,0,0,0,0,54,0,0,6
884,1264,6.2069,360,100,0,0,0,0,0,0,54,0,0,4
885,972,6.21818,342,100,0,0,0,0,0,0,51,0,0,4
886,1060,6.29032,390,100,0,0,0,0,0,0,56,0,0,6
887,1248,6.21053,354,100,0,0,0,0,0,0,53,0,0,4
888,1188,6.14754,375,100,0,0,0,0,0,0,58,0,0,3
889,1268,6.29508,384,100,0,0,0,0,0,0,55,0,0,6
890,1136,6.30508,372,100,0,0,0,0,0,0,53,0,0,6
891,1132,6.25424,369,100,0,0,0,0,0,0,54,0,0,5
892,1360,6.40678,378,100,0,0,0,0,0,0,51,0,0,8
893,1448,6.29032,390,100,0,0,0,0,0,0,56,0,0,6
894,1092,6.25862,363,100,0,0,0,0,0,0,53,0,0,5
895,1116,6.15517,357,100,0,0,0,0,0,0,55,0,0,3
896,1156,6.15789,351,100,0,0,0,0,0,0,54,0,0,3
897,1128,6.10169,360,100,0,0,0,0,0,0,57,0,0,2
898,1140,6.15254,363,100,0,0,0,0,0,0,56,0,0,3
899,1200,6.15517,357,100,0,0,0,0,0,0,55,0,0,3
900,1008,6.15254,363,100,0,0,0,0,0,0,56,0,0,3
901,1176,6.16071,345,100,0,0,0,0,0,0,53,0,0,3
902,1436,6.14754,375,100,0,0,0,0,0,0,58,0,0,3
903,1292,6.19672,378,100,0,0,0,0,0,0,57,0,0,4
904,1296,6.32258,392,100,0,0,0,0,0,0,55,0,1,6
905,1176,6.15,369,100,0,0,0,0,0,0,57,0,0,3
906,1204,6.20339,366,100,0,0,0,0,0,0,55,0,0,4
907,960,6.10526,348,100,0,0,0,0,0,0,55,0,0,2
908,1148,6.26786,351,100,0,0,0,0,0,0,51,0,0,5
909,1308,6.27273,345,100,0,0,0,0,0,0,50,0,0,5
910,1168,6.10345,354,100,0,0,0,0,0,0,56,0,0,2
911,1132,6.33333,342,100,0,0,0,0,0,0,48,0,0,6
912,1312,6.25862,363,100,0,0,0,0,0,0,53,0,0,5
913,1604,6.52632,372,100,0,0,0,0,0,0,47,0,0,10
914,1604,6.25424,369,100,0,0,0,0,0,0,54,0,0,5
915,1372,6.40385,333,100,0,0,0,0,0,0,45,0,0,7
916,1300,6.05556,327,100,0,0,0,0,0,0,53,0,0,1
917,1328,6.21818,342,100,0,0,0,0,0,0,51,0,0,4
918,1240,6.10714,342,100,0,0,0,0,0,0,54,0,0,2
919,1144,6.15254,363,100,0,0,0,0,0,0,56,0,0,3
920,1012,6.15517,357,100,0,0,0,0,0,0,55,0,0,3
921,1224,6.14516,381,100,0,0,0,0,0,0,59,0,0,3
922,1184,6.04918,369,100,0,0,0,0,0,0,60,0,0,1
923,1236,6.10909,336,100,0,0,0,0,0,0,53,0,0,2
924,1364,6.26316,357,100,0,0,0,0,0,0,52,0,0,5
925,1652,6.34426,387,100,0,0,0,0,0,0,54,0,0,7
926,1648,6.3871,396,100,0,0,0,0,0,0,54,0,0,8
927,1392,6.2459,381,100,0,0,0,0,0,0,56,0,0,5
928,1356,6.24194,387,100,0,0,0,0,0,0,57,0,0,5
929,1352,6.14286,387,100,0,0,0,0,0,0,60,0,0,3
930,1360,6.21429,348,100,0,0,0,0,0,0,52,0,0,4
931,1312,6.09677,378,100,0,0,0,0,0,0,60,0,0,2
932,1304,6.25,375,100,0,0,0,0,0,0,55,0,0,5
933,1316,6.32787,386,100,0,0,0,0,0,0,54,0,1,6
934,1332,6.18033,377,100,0,0,0,0,0,0,57,0,1,3
935,1232,6.28814,371,100,0,0,0,0,0,0,53,0,1,5
936,1604,6.32258,392,100,0,0,0,0,0,0,55,0,1,6
937,1460,6.29508,384,100,0,0,0,0,0,0,55,0,0,6
938,1688,6.25862,363,100,0,0,0,0,0,0,53,0,0,5
939,1640,6.20339,366,100,0,0,0,0,0,0,55,0,0,4
940,1400,6.10714,342,100,0,0,0,0,0,0,54,0,0,2
941,1544,6.31034,366,100,0,0,0,0,0,0,52,0,0,6
942,1364,6.25424,369,100,0,0,0,0,0,0,54,0,0,5
943,1408,6.31579,360,100,0,0,0,0,0,0,51,0,0,6
944,1352,6.2069,360,100,0,0,0,0,0,0,54,0,0,4
945,1472,6.20339,366,100,0,0,0,0,0,0,55,0,0,4
946,1508,6.33333,399,100,0,0,0,0,0,0,56,0,0,7
947,1448,6.27778,339,100,0,0,0,0,0,0,49,0,0,5
948,1356,6.38182,351,100,0,0,0,0,0,0,48,0,0,7
949,1696,6.43548,399,100,0,0,0,0,0,0,53,0,0,9
950,1512,6.32727,348,100,0,0,0,0,0,0,49,0,0,6
951,1524,6.25424,369,100,0,0,0,0,0,0,54,0,0,5
952,1576,6.40678,378,100,0,0,0,0,0,0,51,0,0,8
953,1352,6.21429,348,100,0,0,0,0,0,0,52,0,0,4
954,1268,6.26786,351,100,0,0,0,0,0,0,51,0,0,5
955,1276,6.25,375,100,0,0,0,0,0,0,55,0,0,5
956,1160,6.31579,360,100,0,0,0,0,0,0,51,0,0,6
957,1136,6.35088,362,100,0,0,0,0,0,0,50,0,1,6
958,1128,6.42857,360,100,0,0,0,0,0,0,48,0,0,8
959,1380,6.42857,405,100,0,0,0,0,0,0,54,0,0,9
960,1088,6.17647,315,100,0,0,0,0,0,0,48,0,0,3
961,1204,6.35593,375,100,0,0,0,0,0,0,52,0,0,7
962,1276,6.47368,369,100,0,0,0,0,0,0,48,0,0,9
963,1192,6.58929,369,100,0,0,0,0,0,0,45,0,0,11
964,1304,6.42105,366,100,0,0,0,0,0,0,49,0,0,8
965,1328,6.375,357,100,0,0,0,0,0,0,49,0,0,7
966,1492,6.52459,398,100,0,0,0,0,0,0,50,0,1,10
967,1212,6.51786,365,100,0,0,0,0,0,0,46,0,1,9
968,1208,6.42593,347,100,0,0,0,0,0,0,46,0,1,7
969,1380,6.54237,386,100,0,0,0,0,0,0,48,0,1,10
970,1416,6.44068,380,100,0,0,0,0,0,0,50,0,1,8
971,1300,6.77778,366,100,0,0,0,0,0,0,40,0,0,14
972,1880,7.01695,414,100,0,0,0,0,0,0,39,0,0,20
973,1560,6.72222,363,100,0,0,0,0,0,0,41,0,0,13
974,1560,6.45,387,100,0,0,0,0,0,0,51,0,0,9
975,1676,6.77778,366,100,0,0,0,0,0,0,40,0,0,14
976,1648,6.63158,378,100,0,0,0,0,0,0,45,0,0,12
977,1496,6.81818,375,100,0,0,0,0,0,0,40,0,0,15
978,1440,6.81356,402,100,0,0,0,0,0,0,43,0,0,16
979,1352,6.62069,384,100,0,0,0,0,0,0,46,0,0,12
980,1612,6.75,378,100,0,0,0,0,0,0,42,0,0,14
981,1728,6.66102,393,100,0,0,0,0,0,0,46,0,0,13
982,1864,6.7377,411,100,0,0,0,0,0,0,46,0,0,15
983,2012,6.71186,396,100,0,0,0,0,0,0,45,0,0,14
984,1616,6.83333,369,100,0,0,0,0,0,0,39,0,0,15
985,1784,6.86441,405,100,0,0,0,0,0,0,42,0,0,17
986,1800,6.90476,435,100,0,0,0,0,0,0,44,0,0,19
987,1596,6.9661,411,100,0,0,0,0,0,0,40,0,0,19
988,1684,6.7377,411,100,0,0,0,0,0,0,46,0,0,15
989,1780,7.11864,420,100,0,0,0,0,0,0,37,0,0,22
990,1872,7.14286,450,100,0,0,0,0,0,0,39,0,0,24
991,1848,7,399,100,0,0,0,0,0,0,38,0,0,19
992,2060,7.0678,417,100,0,0,0,0,0,0,38,0,0,21
993,2132,7.01786,393,100,0,0,0,0,0,0,37,0,0,19
994,2524,7.32203,432,100,0,0,0,0,0,0,33,0,0,26
995,2356,6.9661,411,100,0,0,0,0,0,0,40,0,0,19
996,1884,6.87273,378,100,0,0,0,0,0,0,39,0,0,16
997,2040,6.87931,399,100,0,0,0,0,0,0,41,0,0,17
998,1764,6.93443,423,100,0,0,0,0,0,0,42,0,0,19
999,1792,6.86441,405,100,0,0,0,0,0,0,42,0,0,17
