update,points,mean_tasks,total_tasks,total_orgs,task_0,task_1,task_2,task_3,task_4,task_5,task_6,task_7,task_8,task_9
0,0,nan,0,7,0,0,0,0,0,0,0,0,0,0
1,32,6,12,7,0,0,0,0,0,0,2,0,0,0
2,28,6,12,8,0,0,0,0,0,0,2,0,0,0
3,104,6.75,27,9,0,0,0,0,0,0,3,0,0,1
4,80,6,24,10,0,0,0,0,0,0,4,0,0,0
5,104,6.6,33,10,0,0,0,0,0,0,4,0,0,1
6,108,6,36,12,0,0,0,0,0,0,6,0,0,0
7,176,6,48,14,0,0,0,0,0,0,8,0,0,0
8,152,6,48,15,0,0,0,0,0,0,8,0,0,0
9,132,6,48,15,0,0,0,0,0,0,8,0,0,0
10,140,6,60,16,0,0,0,0,0,0,10,0,0,0
11,172,6,48,16,0,0,0,0,0,0,8,0,0,0
12,172,6,54,19,0,0,0,0,0,0,9,0,0,0
13,168,6,60,20,0,0,0,0,0,0,10,0,0,0
14,188,6,72,22,0,0,0,0,0,0,12,0,0,0
15,252,6,90,24,0,0,0,0,0,0,15,0,0,0
16,296,6,90,25,0,0,0,0,0,0,15,0,0,0
17,284,6,102,26,0,0,0,0,0,0,17,0,0,0
18,240,6,96,28,0,0,0,0,0,0,16,0,0,0
19,268,6,102,29,0,0,0,0,0,0,17,0,0,0
20,292,6,96,31,0,0,0,0,0,0,16,0,0,0
21,324,6,102,37,0,0,0,0,0,0,17,0,0,0
22,344,6,120,39,0,0,0,0,0,0,20,0,0,0
23,424,6,144,42,0,0,0,0,0,0,24,0,0,0
24,408,6,144,45,0,0,0,0,0,0,24,0,0,0
25,404,6,126,47,0,0,0,0,0,0,21,0,0,0
26,516,6.11538,159,48,0,0,0,0,0,0,25,0,0,1
27,376,6,156,51,0,0,0,0,0,0,26,0,0,0
28,496,6.08824,207,55,0,0,0,0,0,0,33,0,0,1
29,520,6.17647,210,57,0,0,0,0,0,0,32,0,0,2
30,560,6.08333,219,58,0,0,0,0,0,0,35,0,0,1
31,528,6,222,61,0,0,0,0,0,0,37,0,0,0
32,432,6,210,66,0,0,0,0,0,0,35,0,0,0
33,504,6,246,67,0,0,0,0,0,0,41,0,0,0
34,636,6.06522,279,70,0,0,0,0,0,0,45,0,0,1
35,688,6.06818,267,72,0,0,0,0,0,0,43,0,0,1
36,768,6.12245,300,75,0,0,0,0,0,0,47,0,0,2
37,660,6.13043,282,77,0,0,0,0,0,0,44,0,0,2
38,636,6.19565,285,82,0,0,0,0,0,0,43,0,0,3
39,644,6.11111,330,84,0,0,0,0,0,0,52,0,0,2
40,732,6.16364,339,88,0,0,0,0,0,0,52,0,0,3
41,916,6.29508,384,93,0,0,0,0,0,0,55,0,0,6
42,880,6.19355,384,94,0,0,0,0,0,0,58,0,0,4
43,752,6.34426,387,94,0,0,0,0,0,0,54,0,0,7
44,824,6.40678,378,94,0,0,0,0,0,0,51,0,0,8
45,968,6.42105,366,96,0,0,0,0,0,0,49,0,0,8
46,1172,6.50943,345,96,0,0,0,0,0,0,44,0,0,9
47,1144,6.51724,378,97,0,0,0,0,0,0,48,0,0,10
48,1080,6.48387,402,97,0,0,0,0,0,0,52,0,0,10
49,960,6.32727,348,98,0,0,0,0,0,0,49,0,0,6
50,1256,6.50847,384,99,0,0,0,0,0,0,49,0,0,10
51,1200,6.33871,393,99,0,0,0,0,0,0,55,0,0,7
52,1272,6.35,381,99,0,0,0,0,0,0,53,0,0,7
53,1108,6.4,384,99,0,0,0,0,0,0,52,0,0,8
54,1264,6.45,387,100,0,0,0,0,0,0,51,0,0,9
55,1208,6.3871,396,100,0,0,0,0,0,0,54,0,0,8
56,1204,6.34426,387,100,0,0,0,0,0,0,54,0,0,7
57,1436,6.7619,426,100,0,0,0,0,0,0,47,0,0,16
58,1144,6.5,351,100,0,0,0,0,0,0,45,0,0,9
59,1188,6.51724,378,100,0,0,0,0,0,0,48,0,0,10
60,1212,6.55,393,100,0,0,0,0,0,0,49,0,0,11
61,1240,6.48387,402,100,0,0,0,0,0,0,52,0,0,10
62,1460,6.69643,375,100,0,0,0,0,0,0,43,0,0,13
63,1544,6.66102,393,100,0,0,0,0,0,0,46,0,0,13
64,1380,6.57895,375,100,0,0,0,0,0,0,46,0,0,11
65,1532,6.7619,426,100,0,0,0,0,0,0,47,0,0,16
66,1648,6.8,408,100,0,0,0,0,0,0,44,0,0,16
67,1684,7.10526,405,100,0,0,0,0,0,0,36,0,0,21
68,1676,7.09091,390,100,0,0,0,0,0,0,35,0,0,20
69,1636,7.03636,387,100,0,0,0,0,0,0,36,0,0,19
70,1652,7.2,396,100,0,0,0,0,0,0,33,0,0,22
71,1780,6.77778,366,100,0,0,0,0,0,0,40,0,0,14
72,1724,6.87097,426,100,0,0,0,0,0,0,44,0,0,18
73,1672,6.65,399,100,0,0,0,0,0,0,47,0,0,13
74,1616,6.44262,393,100,0,0,0,0,0,0,52,0,0,9
75,1812,6.59016,402,100,0,0,0,0,0,0,49,0,0,12
76,1816,6.67241,387,100,0,0,0,0,0,0,45,0,0,13
77,1592,6.42857,360,100,0,0,0,0,0,0,48,0,0,8
78,1828,6.54098,399,100,0,0,0,0,0,0,50,0,0,11
79,1704,6.3871,396,100,0,0,0,0,0,0,54,0,0,8
80,1744,6.4918,396,100,0,0,0,0,0,0,51,0,0,10
81,1556,6.46552,375,100,0,0,0,0,0,0,49,0,0,9
82,1604,6.52381,411,100,0,0,0,0,0,0,52,0,0,11
83,1760,6.6,396,100,0,0,0,0,0,0,48,0,0,12
84,1744,6.46875,414,100,0,0,0,0,0,0,54,0,0,10
85,1236,6.33333,342,100,0,0,0,0,0,0,48,0,0,6
86,1344,6.31579,360,100,0,0,0,0,0,0,51,0,0,6
87,1196,6.39623,339,100,0,0,0,0,0,0,46,0,0,7
88,1716,6.44262,393,100,0,0,0,0,0,0,52,0,0,9
89,1272,6.35294,324,100,0,0,0,0,0,0,45,0,0,6
90,1380,6.57895,375,100,0,0,0,0,0,0,46,0,0,11
91,1324,6.42105,366,100,0,0,0,0,0,0,49,0,0,8
92,1344,6.46552,375,100,0,0,0,0,0,0,49,0,0,9
93,1408,6.48214,363,100,0,0,0,0,0,0,47,0,0,9
94,1412,6.64286,372,100,0,0,0,0,0,0,44,0,0,12
95,1308,6.75,378,100,0,0,0,0,0,0,42,0,0,14
96,1252,6.5,351,100,0,0,0,0,0,0,45,0,0,9
97,1340,6.67925,354,100,0,0,0,0,0,0,41,0,0,12
98,1316,6.56897,381,100,0,0,0,0,0,0,47,0,0,11
99,1136,6.43636,354,100,0,0,0,0,0,0,47,0,0,8
100,1320,6.68852,408,100,0,0,0,0,0,0,47,0,0,14
101,1400,6.57143,414,100,0,0,0,0,0,0,51,0,0,12
102,1100,6.52632,372,100,0,0,0,0,0,0,47,0,0,10
103,1460,6.55385,426,100,0,0,0,0,0,0,53,0,0,12
104,1332,6.54098,399,100,0,0,0,0,0,0,50,0,0,11
105,1316,6.65,399,100,0,0,0,0,0,0,47,0,0,13
106,1144,6.48387,402,100,0,0,0,0,0,0,52,0,0,10
107,1096,6.4,384,100,0,0,0,0,0,0,52,0,0,8
108,1108,6.41379,372,100,0,0,0,0,0,0,50,0,0,8
109,1252,6.47826,447,100,0,0,0,0,0,0,58,0,0,11
110,1192,6.67742,414,100,0,0,0,0,0,0,48,0,0,14
111,1096,6.46552,375,100,0,0,0,0,0,0,49,0,0,9
112,1216,6.66102,393,100,0,0,0,0,0,0,46,0,0,13
113,936,6.6,363,100,0,0,0,0,0,0,44,0,0,11
114,1148,6.71186,396,100,0,0,0,0,0,0,45,0,0,14
115,1148,6.68852,408,100,0,0,0,0,0,0,47,0,0,14
116,1120,6.59016,402,100,0,0,0,0,0,0,49,0,0,12
117,988,6.55932,387,100,0,0,0,0,0,0,48,0,0,11
118,788,6.45283,342,100,0,0,0,0,0,0,45,0,0,8
119,1016,6.52632,372,100,0,0,0,0,0,0,47,0,0,10
120,888,6.22222,336,100,0,0,0,0,0,0,50,0,0,4
121,1088,6.57895,375,100,0,0,0,0,0,0,46,0,0,11
122,952,6.45763,381,100,0,0,0,0,0,0,50,0,0,9
123,980,6.34426,387,100,0,0,0,0,0,0,54,0,0,7
124,1072,6.50847,384,100,0,0,0,0,0,0,49,0,0,10
125,1088,6.45,387,100,0,0,0,0,0,0,51,0,0,9
126,1068,6.45,387,100,0,0,0,0,0,0,51,0,0,9
127,1028,6.32812,405,100,0,0,0,0,0,0,57,0,0,7
128,1100,6.25862,363,100,0,0,0,0,0,0,53,0,0,5
129,1152,6.09677,378,100,0,0,0,0,0,0,60,0,0,2
130,1080,6.29032,390,100,0,0,0,0,0,0,56,0,0,6
131,1000,6.34426,387,100,0,0,0,0,0,0,54,0,0,7
132,1004,6.32308,411,100,0,0,0,0,0,0,58,0,0,7
133,1016,6.40678,378,100,0,0,0,0,0,0,51,0,0,8
134,1212,6.51724,378,100,0,0,0,0,0,0,48,0,0,10
135,1200,6.63158,378,100,0,0,0,0,0,0,45,0,0,12
136,1096,6.54545,360,100,0,0,0,0,0,0,45,0,0,10
137,1132,6.51724,378,100,0,0,0,0,0,0,48,0,0,10
138,1064,6.43548,399,100,0,0,0,0,0,0,53,0,0,9
139,1056,6.31579,360,100,0,0,0,0,0,0,51,0,0,6
140,824,6.28814,371,100,0,0,0,0,0,0,53,0,1,5
141,872,6.15,369,100,0,0,0,0,0,0,57,0,0,3
142,1060,6.23438,399,100,0,0,0,0,0,0,59,0,0,5
143,1056,6.13636,405,100,0,0,0,0,0,0,63,0,0,3
144,900,6.26316,357,100,0,0,0,0,0,0,52,0,0,5
145,872,6.29508,384,100,0,0,0,0,0,0,55,0,0,6
146,928,6.35,381,100,0,0,0,0,0,0,53,0,0,7
147,984,6.28125,402,100,0,0,0,0,0,0,58,0,0,6
148,988,6.3,378,100,0,0,0,0,0,0,54,0,0,6
149,1180,6.35593,375,100,0,0,0,0,0,0,52,0,0,7
150,1084,6.35,381,100,0,0,0,0,0,0,53,0,0,7
151,996,6.30508,372,100,0,0,0,0,0,0,53,0,0,6
152,968,6.28571,396,100,0,0,0,0,0,0,57,0,0,6
153,1044,6.24194,387,100,0,0,0,0,0,0,57,0,0,5
154,1104,6.35593,375,100,0,0,0,0,0,0,52,0,0,7
155,1052,6.30508,372,100,0,0,0,0,0,0,53,0,0,6
156,1124,6.46552,375,100,0,0,0,0,0,0,49,0,0,9
157,1236,6.47368,369,100,0,0,0,0,0,0,48,0,0,9
158,1428,6.52632,372,100,0,0,0,0,0,0,47,0,0,10
159,1212,6.31034,366,100,0,0,0,0,0,0,52,0,0,6
160,1092,6.50943,345,100,0,0,0,0,0,0,44,0,0,9
161,1028,6.33333,342,100,0,0,0,0,0,0,48,0,0,6
162,920,6.375,357,100,0,0,0,0,0,0,49,0,0,7
163,924,6.2069,360,100,0,0,0,0,0,0,54,0,0,4
164,856,6.2,372,100,0,0,0,0,0,0,56,0,0,4
165,900,6.10526,348,100,0,0,0,0,0,0,55,0,0,2
166,960,6.16667,333,100,0,0,0,0,0,0,51,0,0,3
167,944,6,372,100,0,0,0,0,0,0,62,0,0,0
168,1036,6.04762,381,100,0,0,0,0,0,0,62,0,0,1
169,1088,6.2,372,100,0,0,0,0,0,0,56,0,0,4
170,1060,6.16364,339,100,0,0,0,0,0,0,52,0,0,3
171,1168,6.2,372,100,0,0,0,0,0,0,56,0,0,4
172,1208,6.15789,351,100,0,0,0,0,0,0,54,0,0,3
173,1284,6.09836,372,100,0,0,0,0,0,0,59,0,0,2
174,980,6.05263,345,100,0,0,0,0,0,0,56,0,0,1
175,1056,6.04918,369,100,0,0,0,0,0,0,60,0,0,1
176,1068,6.10169,360,100,0,0,0,0,0,0,57,0,0,2
177,1196,6.04918,369,100,0,0,0,0,0,0,60,0,0,1
178,1248,6.04839,375,100,0,0,0,0,0,0,61,0,0,1
179,1176,6,354,100,0,0,0,0,0,0,59,0,0,0
180,1168,6,354,100,0,0,0,0,0,0,59,0,0,0
181,1204,6,330,100,0,0,0,0,0,0,55,0,0,0
182,1172,6,372,100,0,0,0,0,0,0,62,0,0,0
183,1212,6.09677,378,100,0,0,0,0,0,0,60,0,0,2
184,1220,6.10169,360,100,0,0,0,0,0,0,57,0,0,2
185,1180,6.09836,372,100,0,0,0,0,0,0,59,0,0,2
186,1192,6.09677,378,100,0,0,0,0,0,0,60,0,0,2
187,1136,6.05455,333,100,0,0,0,0,0,0,54,0,0,1
188,1236,6.05085,357,100,0,0,0,0,0,0,58,0,0,1
189,1316,6.21429,348,100,0,0,0,0,0,0,52,0,0,4
190,1320,6.16071,345,100,0,0,0,0,0,0,53,0,0,3
191,1420,6.15517,357,100,0,0,0,0,0,0,55,0,0,3
192,1424,6.05556,327,100,0,0,0,0,0,0,53,0,0,1
193,1456,6.05172,351,100,0,0,0,0,0,0,57,0,0,1
194,1344,6.16667,333,100,0,0,0,0,0,0,51,0,0,3
195,1616,6.15,369,100,0,0,0,0,0,0,57,0,0,3
196,1672,6.25424,369,100,0,0,0,0,0,0,54,0,0,5
197,1832,6.14754,375,100,0,0,0,0,0,0,58,0,0,3
198,1552,6.21053,354,100,0,0,0,0,0,0,53,0,0,4
199,1868,6.26786,351,100,0,0,0,0,0,0,51,0,0,5
200,2056,6.48214,363,100,0,0,0,0,0,0,47,0,0,9
201,2228,6.42105,366,100,0,0,0,0,0,0,49,0,0,8
202,2548,6.47368,369,100,0,0,0,0,0,0,48,0,0,9
203,2352,6.46552,375,100,0,0,0,0,0,0,49,0,0,9
204,2632,6.21818,342,100,0,0,0,0,0,0,51,0,0,4
205,2144,6.15,369,100,0,0,0,0,0,0,57,0,0,3
206,1676,6.05085,357,100,0,0,0,0,0,0,58,0,0,1
207,1460,6.0566,321,100,0,0,0,0,0,0,52,0,0,1
208,1512,6.04918,369,100,0,0,0,0,0,0,60,0,0,1
209,1692,6,372,100,0,0,0,0,0,0,62,0,0,0
210,1364,6,378,100,0,0,0,0,0,0,63,0,0,0
211,1304,6.09375,390,100,0,0,0,0,0,0,62,0,0,2
212,1524,6.14062,393,100,0,0,0,0,0,0,61,0,0,3
213,1664,6.04412,411,100,0,0,0,0,0,0,67,0,0,1
214,1812,6.04545,399,100,0,0,0,0,0,0,65,0,0,1
215,1420,6.05172,351,100,0,0,0,0,0,0,57,0,0,1
216,1336,6.04762,381,100,0,0,0,0,0,0,62,0,0,1
217,1392,6.09375,390,100,0,0,0,0,0,0,62,0,0,2
218,1376,6.09524,384,100,0,0,0,0,0,0,61,0,0,2
219,1240,6.15,369,100,0,0,0,0,0,0,57,0,0,3
220,1320,6.19355,384,100,0,0,0,0,0,0,58,0,0,4
221,1176,6.04918,369,100,0,0,0,0,0,0,60,0,0,1
222,1340,6.09524,384,100,0,0,0,0,0,0,61,0,0,2
223,1444,6.19048,390,100,0,0,0,0,0,0,59,0,0,4
224,1476,6.19672,378,100,0,0,0,0,0,0,57,0,0,4
225,1660,6.21429,435,100,0,0,0,0,0,0,65,0,0,5
226,1668,6.29508,384,100,0,0,0,0,0,0,55,0,0,6
227,1068,6.38095,402,100,0,0,0,0,0,0,55,0,0,8
228,1236,6.40299,429,100,0,0,0,0,0,0,58,0,0,9
229,1172,6.4918,396,100,0,0,0,0,0,0,51,0,0,10
230,1324,6.46875,414,100,0,0,0,0,0,0,54,0,0,10
231,1184,6.4918,396,100,0,0,0,0,0,0,51,0,0,10
232,1344,6.50769,423,100,0,0,0,0,0,0,54,0,0,11
233,1316,6.53226,405,100,0,0,0,0,0,0,51,0,0,11
234,1392,6.5625,420,100,0,0,0,0,0,0,52,0,0,12
235,1272,6.53226,405,100,0,0,0,0,0,0,51,0,0,11
236,1188,6.68421,381,100,0,0,0,0,0,0,44,0,0,13
237,1432,6.71186,396,100,0,0,0,0,0,0,45,0,0,14
238,1368,6.7,402,100,0,0,0,0,0,0,46,0,0,14
239,1236,6.45763,381,100,0,0,0,0,0,0,50,0,0,9
240,1352,6.55932,387,100,0,0,0,0,0,0,48,0,0,11
241,1576,6.87273,378,100,0,0,0,0,0,0,39,0,0,16
242,1716,6.93443,423,100,0,0,0,0,0,0,42,0,0,19
243,1484,6.77586,393,100,0,0,0,0,0,0,43,0,0,15
244,1432,6.66102,393,100,0,0,0,0,0,0,46,0,0,13
245,1600,6.84211,390,100,0,0,0,0,0,0,41,0,0,16
246,1720,6.81356,402,100,0,0,0,0,0,0,43,0,0,16
247,1692,6.81356,402,100,0,0,0,0,0,0,43,0,0,16
248,1600,6.81818,375,100,0,0,0,0,0,0,40,0,0,15
249,1628,6.67241,387,100,0,0,0,0,0,0,45,0,0,13
250,1892,6.89474,393,100,0,0,0,0,0,0,40,0,0,17
251,1568,6.77586,393,100,0,0,0,0,0,0,43,0,0,15
252,1608,6.6,363,100,0,0,0,0,0,0,44,0,0,11
253,1744,6.72222,363,100,0,0,0,0,0,0,41,0,0,13
254,1548,6.52632,372,100,0,0,0,0,0,0,47,0,0,10
255,1460,6.85,411,100,0,0,0,0,0,0,43,0,0,17
256,1460,6.69231,435,100,0,0,0,0,0,0,50,0,0,15
257,1324,6.79245,360,100,0,0,0,0,0,0,39,0,0,14
258,1492,6.91071,387,100,0,0,0,0,0,0,39,0,0,17
259,1320,6.81818,375,100,0,0,0,0,0,0,40,0,0,15
260,1704,6.9,414,100,0,0,0,0,0,0,42,0,0,18
261,1472,6.93103,402,100,0,0,0,0,0,0,40,0,0,18
262,1552,6.68421,381,100,0,0,0,0,0,0,44,0,0,13
263,1520,6.85714,384,100,0,0,0,0,0,0,40,0,0,16
264,1188,6.45283,342,100,0,0,0,0,0,0,45,0,0,8
265,1684,6.77586,393,100,0,0,0,0,0,0,43,0,0,15
266,1356,6.58929,369,100,0,0,0,0,0,0,45,0,0,11
267,1220,6.63158,378,100,0,0,0,0,0,0,45,0,0,12
268,1452,6.75,405,100,0,0,0,0,0,0,45,0,0,15
269,1340,6.53226,405,100,0,0,0,0,0,0,51,0,0,11
270,1344,6.6,396,100,0,0,0,0,0,0,48,0,0,12
271,1796,6.75,432,100,0,0,0,0,0,0,48,0,0,16
272,1756,6.77419,420,100,0,0,0,0,0,0,46,0,0,16
273,1640,6.96429,390,100,0,0,0,0,0,0,38,0,0,18
274,1556,6.98276,405,100,0,0,0,0,0,0,39,0,0,19
275,1204,6.92727,381,100,0,0,0,0,0,0,38,0,0,17
276,1564,7.10526,405,100,0,0,0,0,0,0,36,0,0,21
277,1804,6.86441,405,100,0,0,0,0,0,0,42,0,0,17
278,1596,7.13793,414,100,0,0,0,0,0,0,36,0,0,22
279,1784,7.31579,417,100,0,0,0,0,0,0,32,0,0,25
280,2128,7.39286,414,100,0,0,0,0,0,0,30,0,0,26
281,2152,7.19298,410,100,0,0,0,0,0,0,34,0,1,22
282,2212,7.15789,408,100,0,0,0,0,0,0,35,0,0,22
283,2244,7.07143,396,100,0,0,0,0,0,0,36,0,0,20
284,2332,7.0678,417,100,0,0,0,0,0,0,38,0,0,21
285,2184,7.0678,417,100,0,0,0,0,0,0,38,0,0,21
286,1864,7.09091,390,100,0,0,0,0,0,0,35,0,0,20
287,2256,7.09091,390,100,0,0,0,0,0,0,35,0,0,20
288,1868,7,399,100,0,0,0,0,0,0,38,0,0,19
289,1992,7.11111,384,100,0,0,0,0,0,0,34,0,0,20
290,2304,7.125,399,100,0,0,0,0,0,0,35,0,0,21
291,2476,7.30909,402,100,0,0,0,0,0,0,31,0,0,24
292,2136,7.44444,402,100,0,0,0,0,0,0,28,0,0,26
293,1856,7.09091,390,100,0,0,0,0,0,0,35,0,0,20
294,1708,7.07143,396,100,0,0,0,0,0,0,36,0,0,20
295,1776,7.0678,417,100,0,0,0,0,0,0,38,0,0,21
296,1860,7.13208,378,100,0,0,0,0,0,0,33,0,0,20
297,1632,6.98077,363,100,0,0,0,0,0,0,35,0,0,17
298,1912,7.11864,420,100,0,0,0,0,0,0,37,0,0,22
299,1660,6.92308,360,100,0,0,0,0,0,0,36,0,0,16
300,1780,7.01887,372,100,0,0,0,0,0,0,35,0,0,18
301,1844,6.94737,396,100,0,0,0,0,0,0,39,0,0,18
302,1792,6.76271,399,100,0,0,0,0,0,0,44,0,0,15
303,1872,6.78333,407,100,0,0,0,0,0,0,44,0,1,15
304,1608,6.8,408,100,0,0,0,0,0,0,44,0,0,16
305,1248,6.26316,357,100,0,0,0,0,0,0,52,0,0,5
306,1480,6.3871,396,100,0,0,0,0,0,0,54,0,0,8
307,1440,6.6,396,100,0,0,0,0,0,0,48,0,0,12
308,1440,6.68852,408,100,0,0,0,0,0,0,47,0,0,14
309,1360,6.8,408,100,0,0,0,0,0,0,44,0,0,16
310,1588,6.48387,402,100,0,0,0,0,0,0,52,0,0,10
311,1776,6.45,387,100,0,0,0,0,0,0,51,0,0,9
312,1800,6.53226,405,100,0,0,0,0,0,0,51,0,0,11
313,1636,6.81356,402,100,0,0,0,0,0,0,43,0,0,16
314,1704,6.78947,387,100,0,0,0,0,0,0,42,0,0,15
315,1576,6.84906,363,100,0,0,0,0,0,0,38,0,0,15
316,1804,6.98182,384,100,0,0,0,0,0,0,37,0,0,18
317,1784,6.65625,426,100,0,0,0,0,0,0,50,0,0,14
318,1860,6.61905,417,100,0,0,0,0,0,0,50,0,0,13
319,1576,6.84211,390,100,0,0,0,0,0,0,41,0,0,16
320,1812,6.98276,405,100,0,0,0,0,0,0,39,0,0,19
321,1872,6.96226,369,100,0,0,0,0,0,0,36,0,0,17
322,2008,6.94737,396,100,0,0,0,0,0,0,39,0,0,18
323,1772,6.86441,405,100,0,0,0,0,0,0,42,0,0,17
324,1868,6.89474,393,100,0,0,0,0,0,0,40,0,0,17
325,1852,6.89474,393,100,0,0,0,0,0,0,40,0,0,17
326,1932,6.83333,369,100,0,0,0,0,0,0,39,0,0,15
327,2028,6.80357,381,100,0,0,0,0,0,0,41,0,0,15
328,1880,6.75,378,100,0,0,0,0,0,0,42,0,0,14
329,2068,7.03846,366,100,0,0,0,0,0,0,34,0,0,18
330,2052,6.70312,429,100,0,0,0,0,0,0,49,0,0,15
331,1744,6.35,381,100,0,0,0,0,0,0,53,0,0,7
332,2012,6.62069,384,100,0,0,0,0,0,0,46,0,0,12
333,1800,6.55,393,100,0,0,0,0,0,0,49,0,0,11
334,2340,6.7,402,100,0,0,0,0,0,0,46,0,0,14
335,2184,6.75,378,100,0,0,0,0,0,0,42,0,0,14
336,1940,6.36207,369,100,0,0,0,0,0,0,51,0,0,7
337,1868,6.5625,420,100,0,0,0,0,0,0,52,0,0,12
338,1964,6.67241,387,100,0,0,0,0,0,0,45,0,0,13
339,2080,6.51724,378,100,0,0,0,0,0,0,48,0,0,10
340,2264,6.62069,384,100,0,0,0,0,0,0,46,0,0,12
341,2372,6.50847,384,100,0,0,0,0,0,0,49,0,0,10
342,2396,6.44262,393,100,0,0,0,0,0,0,52,0,0,9
343,2572,6.55932,387,100,0,0,0,0,0,0,48,0,0,11
344,2392,6.58929,369,100,0,0,0,0,0,0,45,0,0,11
345,2148,6.52632,372,100,0,0,0,0,0,0,47,0,0,10
346,1736,6.68421,381,100,0,0,0,0,0,0,44,0,0,13
347,1664,6.77586,393,100,0,0,0,0,0,0,43,0,0,15
348,1640,6.77586,393,100,0,0,0,0,0,0,43,0,0,15
349,1720,6.79688,435,100,0,0,0,0,0,0,47,0,0,17
350,1444,6.77586,393,100,0,0,0,0,0,0,43,0,0,15
351,1840,6.68421,381,100,0,0,0,0,0,0,44,0,0,13
352,1904,6.52632,372,100,0,0,0,0,0,0,47,0,0,10
353,2112,6.71186,396,100,0,0,0,0,0,0,45,0,0,14
354,2096,6.72414,390,100,0,0,0,0,0,0,44,0,0,14
355,2392,6.6,396,100,0,0,0,0,0,0,48,0,0,12
356,2028,6.57895,375,100,0,0,0,0,0,0,46,0,0,11
357,1908,6.50943,345,100,0,0,0,0,0,0,44,0,0,9
358,2320,6.46154,420,100,0,0,0,0,0,0,55,0,0,10
359,2024,6.29508,384,100,0,0,0,0,0,0,55,0,0,6
360,1464,6.36842,363,100,0,0,0,0,0,0,50,0,0,7
361,1292,6.36842,363,100,0,0,0,0,0,0,50,0,0,7
362,1172,6.27778,339,100,0,0,0,0,0,0,49,0,0,5
363,1644,6.53226,405,100,0,0,0,0,0,0,51,0,0,11
364,1580,6.45763,381,100,0,0,0,0,0,0,50,0,0,9
365,1532,6.32727,348,100,0,0,0,0,0,0,49,0,0,6
366,1452,6.33333,399,100,0,0,0,0,0,0,56,0,0,7
367,1584,6.41379,372,100,0,0,0,0,0,0,50,0,0,8
368,1552,6.47368,369,100,0,0,0,0,0,0,48,0,0,9
369,1816,6.2931,365,100,0,0,0,0,0,0,52,0,1,5
370,1516,6.41379,372,100,0,0,0,0,0,0,50,0,0,8
371,1612,6.31818,417,100,0,0,0,0,0,0,59,0,0,7
372,1504,6.40678,378,100,0,0,0,0,0,0,51,0,0,8
373,1620,6.48387,402,100,0,0,0,0,0,0,52,0,0,10
374,1716,6.39344,390,100,0,0,0,0,0,0,53,0,0,8
375,1340,6.55,393,100,0,0,0,0,0,0,49,0,0,11
376,1420,6.6,429,100,0,0,0,0,0,0,52,0,0,13
377,1368,6.75,405,100,0,0,0,0,0,0,45,0,0,15
378,1232,6.65,399,100,0,0,0,0,0,0,47,0,0,13
379,1116,6.81818,375,100,0,0,0,0,0,0,40,0,0,15
380,1332,6.94737,396,100,0,0,0,0,0,0,39,0,0,18
381,1236,6.70909,369,100,0,0,0,0,0,0,42,0,0,13
382,1280,6.93103,402,100,0,0,0,0,0,0,40,0,0,18
383,1640,7.01613,435,100,0,0,0,0,0,0,41,0,0,21
384,1408,6.76364,372,100,0,0,0,0,0,0,41,0,0,14
385,1596,6.87273,378,100,0,0,0,0,0,0,39,0,0,16
386,1812,6.84906,363,100,0,0,0,0,0,0,38,0,0,15
387,1904,6.93103,402,100,0,0,0,0,0,0,40,0,0,18
388,1712,6.87931,399,100,0,0,0,0,0,0,41,0,0,17
389,1928,6.83607,417,100,0,0,0,0,0,0,44,0,0,17
390,1576,6.83333,369,100,0,0,0,0,0,0,39,0,0,15
391,1768,6.84211,390,100,0,0,0,0,0,0,41,0,0,16
392,1820,6.85714,384,100,0,0,0,0,0,0,40,0,0,16
393,1836,6.94737,396,100,0,0,0,0,0,0,39,0,0,18
394,1544,6.78,339,100,0,0,0,0,0,0,37,0,0,13
395,1612,6.7377,411,100,0,0,0,0,0,0,46,0,0,15
396,1540,6.81818,375,100,0,0,0,0,0,0,40,0,0,15
397,1708,6.87097,426,100,0,0,0,0,0,0,44,0,0,18
398,1436,6.73684,384,100,0,0,0,0,0,0,43,0,0,14
399,1500,6.81818,375,100,0,0,0,0,0,0,40,0,0,15
400,1608,6.62264,351,100,0,0,0,0,0,0,42,0,0,11
401,1544,6.57692,342,100,0,0,0,0,0,0,42,0,0,10
402,1560,6.66667,360,100,0,0,0,0,0,0,42,0,0,12
403,1300,6.35294,324,100,0,0,0,0,0,0,45,0,0,6
404,1552,6.50943,345,100,0,0,0,0,0,0,44,0,0,9
405,1512,6.51724,378,100,0,0,0,0,0,0,48,0,0,10
406,1540,6.31579,360,100,0,0,0,0,0,0,51,0,0,6
407,1204,6.39344,390,100,0,0,0,0,0,0,53,0,0,8
408,1300,6.42857,405,100,0,0,0,0,0,0,54,0,0,9
409,1076,6.31034,366,100,0,0,0,0,0,0,52,0,0,6
410,952,6.38182,351,100,0,0,0,0,0,0,48,0,0,7
411,1192,6.3871,396,100,0,0,0,0,0,0,54,0,0,8
412,1364,6.46552,375,100,0,0,0,0,0,0,49,0,0,9
413,1592,6.45,387,100,0,0,0,0,0,0,51,0,0,9
414,1408,6.65,399,100,0,0,0,0,0,0,47,0,0,13
415,1236,6.69643,375,100,0,0,0,0,0,0,43,0,0,13
416,1320,6.39344,390,100,0,0,0,0,0,0,53,0,0,8
417,1536,6.59016,402,100,0,0,0,0,0,0,49,0,0,12
418,1508,6.4918,396,100,0,0,0,0,0,0,51,0,0,10
419,1328,6.64286,372,100,0,0,0,0,0,0,44,0,0,12
420,1516,6.64615,432,100,0,0,0,0,0,0,51,0,0,14
421,1248,6.68421,381,100,0,0,0,0,0,0,44,0,0,13
422,1184,6.86441,405,100,0,0,0,0,0,0,42,0,0,17
423,1128,6.67241,387,100,0,0,0,0,0,0,45,0,0,13
424,1340,6.77586,393,100,0,0,0,0,0,0,43,0,0,15
425,1264,6.46552,375,100,0,0,0,0,0,0,49,0,0,9
426,1216,6.52632,372,100,0,0,0,0,0,0,47,0,0,10
427,1044,6.5,351,100,0,0,0,0,0,0,45,0,0,9
428,1120,6.51724,378,100,0,0,0,0,0,0,48,0,0,10
429,1208,6.45,387,100,0,0,0,0,0,0,51,0,0,9
430,1276,6.62069,384,100,0,0,0,0,0,0,46,0,0,12
431,992,6.57692,342,100,0,0,0,0,0,0,42,0,0,10
432,1156,6.49091,357,100,0,0,0,0,0,0,46,0,0,9
433,1272,6.35,381,100,0,0,0,0,0,0,53,0,0,7
434,1340,6.55556,354,100,0,0,0,0,0,0,44,0,0,10
435,1552,6.59016,402,100,0,0,0,0,0,0,49,0,0,12
436,1656,6.54098,399,100,0,0,0,0,0,0,50,0,0,11
437,1760,6.42857,360,100,0,0,0,0,0,0,48,0,0,8
438,1476,6.5,390,100,0,0,0,0,0,0,50,0,0,10
439,1276,6.55932,387,100,0,0,0,0,0,0,48,0,0,11
440,1188,6.3871,396,100,0,0,0,0,0,0,54,0,0,8
441,1180,6.42857,360,100,0,0,0,0,0,0,48,0,0,8
442,1496,6.55556,354,100,0,0,0,0,0,0,44,0,0,10
443,1260,6.33333,342,100,0,0,0,0,0,0,48,0,0,6
444,1320,6.36842,363,100,0,0,0,0,0,0,50,0,0,7
445,1524,6.46552,375,100,0,0,0,0,0,0,49,0,0,9
446,1376,6.5,351,100,0,0,0,0,0,0,45,0,0,9
447,1264,6.51724,378,100,0,0,0,0,0,0,48,0,0,10
448,1344,6.67925,354,100,0,0,0,0,0,0,41,0,0,12
449,1164,6.79592,333,100,0,0,0,0,0,0,36,0,0,13
450,1272,6.53571,366,100,0,0,0,0,0,0,46,0,0,10
451,1304,6.56604,348,100,0,0,0,0,0,0,43,0,0,10
452,1544,6.5,390,100,0,0,0,0,0,0,50,0,0,10
453,1492,6.36842,363,100,0,0,0,0,0,0,50,0,0,7
454,1192,6.25862,363,100,0,0,0,0,0,0,53,0,0,5
455,1016,6.21053,354,100,0,0,0,0,0,0,53,0,0,4
456,1124,6.26562,401,100,0,0,0,0,0,0,58,0,1,5
457,1136,6.23438,399,100,0,0,0,0,0,0,59,0,0,5
458,1028,6.14286,387,100,0,0,0,0,0,0,60,0,0,3
459,1040,6.14516,381,100,0,0,0,0,0,0,59,0,0,3
460,892,6.08955,408,100,0,0,0,0,0,0,65,0,0,2
461,1048,6.25,375,100,0,0,0,0,0,0,55,0,0,5
462,888,6.19355,384,100,0,0,0,0,0,0,58,0,0,4
463,868,6.1,366,100,0,0,0,0,0,0,58,0,0,2
464,844,6.14516,381,100,0,0,0,0,0,0,59,0,0,3
465,956,6.1875,396,100,0,0,0,0,0,0,60,0,0,4
466,980,6.14754,375,100,0,0,0,0,0,0,58,0,0,3
467,844,6.10169,360,100,0,0,0,0,0,0,57,0,0,2
468,908,6.10169,360,100,0,0,0,0,0,0,57,0,0,2
469,996,6.04839,375,100,0,0,0,0,0,0,61,0,0,1
470,1124,6.15,369,100,0,0,0,0,0,0,57,0,0,3
471,1208,6.04918,369,100,0,0,0,0,0,0,60,0,0,1
472,1324,6.04918,369,100,0,0,0,0,0,0,60,0,0,1
473,1300,6.04839,375,100,0,0,0,0,0,0,61,0,0,1
474,1264,6.04839,375,100,0,0,0,0,0,0,61,0,0,1
475,1168,6,336,100,0,0,0,0,0,0,56,0,0,0
476,1100,6,372,100,0,0,0,0,0,0,62,0,0,0
477,1040,6.05085,357,100,0,0,0,0,0,0,58,0,0,1
478,988,6.04918,369,100,0,0,0,0,0,0,60,0,0,1
479,960,6.09836,372,100,0,0,0,0,0,0,59,0,0,2
480,1188,6.04762,381,100,0,0,0,0,0,0,62,0,0,1
481,1060,6.19048,390,100,0,0,0,0,0,0,59,0,0,4
482,1188,6.20339,366,100,0,0,0,0,0,0,55,0,0,4
483,1112,6.26786,351,100,0,0,0,0,0,0,51,0,0,5
484,1164,6.14754,375,100,0,0,0,0,0,0,58,0,0,3
485,1064,6.11321,324,100,0,0,0,0,0,0,51,0,0,2
486,1268,6.10345,354,100,0,0,0,0,0,0,56,0,0,2
487,1280,6.10345,354,100,0,0,0,0,0,0,56,0,0,2
488,1348,6.10169,360,100,0,0,0,0,0,0,57,0,0,2
489,1380,6.10169,360,100,0,0,0,0,0,0,57,0,0,2
490,1596,6.10714,342,100,0,0,0,0,0,0,54,0,0,2
491,1672,6.10345,354,100,0,0,0,0,0,0,56,0,0,2
492,1480,6.10526,348,100,0,0,0,0,0,0,55,0,0,2
493,1512,6.10526,348,100,0,0,0,0,0,0,55,0,0,2
494,1196,6.10714,342,100,0,0,0,0,0,0,54,0,0,2
495,1320,6.25424,369,100,0,0,0,0,0,0,54,0,0,5
496,1404,6.19672,378,100,0,0,0,0,0,0,57,0,0,4
497,1152,6.16364,339,100,0,0,0,0,0,0,52,0,0,3
498,1204,6.16981,327,100,0,0,0,0,0,0,50,0,0,3
499,1064,6.15517,357,100,0,0,0,0,0,0,55,0,0,3
500,1100,6.19048,390,100,0,0,0,0,0,0,59,0,0,4
501,1072,6.19355,384,100,0,0,0,0,0,0,58,0,0,4
502,1200,6.18462,402,100,0,0,0,0,0,0,61,0,0,4
503,796,6.05455,333,100,0,0,0,0,0,0,54,0,0,1
504,984,6.09836,372,100,0,0,0,0,0,0,59,0,0,2
505,1156,6.15,369,100,0,0,0,0,0,0,57,0,0,3
506,1156,6.09836,372,100,0,0,0,0,0,0,59,0,0,2
507,1092,6.04688,387,100,0,0,0,0,0,0,63,0,0,1
508,964,6.15517,357,100,0,0,0,0,0,0,55,0,0,3
509,1140,6.04762,381,100,0,0,0,0,0,0,62,0,0,1
510,908,6.04839,375,100,0,0,0,0,0,0,61,0,0,1
511,840,6.05,363,100,0,0,0,0,0,0,59,0,0,1
512,804,6.05357,339,100,0,0,0,0,0,0,55,0,0,1
513,996,6.14516,381,100,0,0,0,0,0,0,59,0,0,3
514,900,6.05,363,100,0,0,0,0,0,0,59,0,0,1
515,892,6.10345,354,100,0,0,0,0,0,0,56,0,0,2
516,944,6.10909,336,100,0,0,0,0,0,0,53,0,0,2
517,940,6.05357,339,100,0,0,0,0,0,0,55,0,0,1
518,996,6.05085,357,100,0,0,0,0,0,0,58,0,0,1
519,1232,6.10714,342,100,0,0,0,0,0,0,54,0,0,2
520,1092,6,360,100,0,0,0,0,0,0,60,0,0,0
521,1244,6,354,100,0,0,0,0,0,0,59,0,0,0
522,1136,6,348,100,0,0,0,0,0,0,58,0,0,0
523,892,6.10526,348,100,0,0,0,0,0,0,55,0,0,2
524,1096,6,348,100,0,0,0,0,0,0,58,0,0,0
525,896,6.0566,321,100,0,0,0,0,0,0,52,0,0,1
526,928,6.05263,345,100,0,0,0,0,0,0,56,0,0,1
527,972,6,378,100,0,0,0,0,0,0,63,0,0,0
528,1084,6.10169,360,100,0,0,0,0,0,0,57,0,0,2
529,844,6.05556,327,100,0,0,0,0,0,0,53,0,0,1
530,764,6.25,350,100,0,0,0,0,0,0,51,0,1,4
531,1068,6.19355,384,100,0,0,0,0,0,0,58,0,0,4
532,1232,6.21053,354,100,0,0,0,0,0,0,53,0,0,4
533,1100,6.2,372,100,0,0,0,0,0,0,56,0,0,4
534,1212,6.29032,390,100,0,0,0,0,0,0,56,0,0,6
535,1360,6.31034,366,100,0,0,0,0,0,0,52,0,0,6
536,1180,6.10345,354,100,0,0,0,0,0,0,56,0,0,2
537,1220,6.30508,372,100,0,0,0,0,0,0,53,0,0,6
538,1128,6.32143,354,100,0,0,0,0,0,0,50,0,0,6
539,1248,6.36207,369,100,0,0,0,0,0,0,51,0,0,7
540,1180,6.49091,357,100,0,0,0,0,0,0,46,0,0,9
541,1264,6.41379,372,100,0,0,0,0,0,0,50,0,0,8
542,1320,6.35,381,100,0,0,0,0,0,0,53,0,0,7
543,1188,6.15517,357,100,0,0,0,0,0,0,55,0,0,3
544,1108,6.19672,378,100,0,0,0,0,0,0,57,0,0,4
545,1164,6.10526,348,100,0,0,0,0,0,0,55,0,0,2
546,1080,6.21429,348,100,0,0,0,0,0,0,52,0,0,4
547,1136,6.20339,366,100,0,0,0,0,0,0,55,0,0,4
548,996,6.10714,342,100,0,0,0,0,0,0,54,0,0,2
549,1108,6.14062,393,100,0,0,0,0,0,0,61,0,0,3
550,1144,6.15,369,100,0,0,0,0,0,0,57,0,0,3
551,984,6.09375,390,100,0,0,0,0,0,0,62,0,0,2
552,1044,6.14754,375,100,0,0,0,0,0,0,58,0,0,3
553,1040,6.25,375,100,0,0,0,0,0,0,55,0,0,5
554,944,6.05085,357,100,0,0,0,0,0,0,58,0,0,1
555,996,6.14516,381,100,0,0,0,0,0,0,59,0,0,3
556,1220,6.29032,390,100,0,0,0,0,0,0,56,0,0,6
557,1172,6.24194,387,100,0,0,0,0,0,0,57,0,0,5
558,1300,6.33333,399,100,0,0,0,0,0,0,56,0,0,7
559,1620,6.39344,390,100,0,0,0,0,0,0,53,0,0,8
560,1172,6.26316,357,100,0,0,0,0,0,0,52,0,0,5
561,1032,6.38182,351,100,0,0,0,0,0,0,48,0,0,7
562,1224,6.46552,375,100,0,0,0,0,0,0,49,0,0,9
563,1284,6.50847,384,100,0,0,0,0,0,0,49,0,0,10
564,1056,6.33962,336,100,0,0,0,0,0,0,47,0,0,6
565,1408,6.25,375,100,0,0,0,0,0,0,55,0,0,5
566,1292,6.25862,363,100,0,0,0,0,0,0,53,0,0,5
567,1400,6.375,408,100,0,0,0,0,0,0,56,0,0,8
568,1176,6.31034,366,100,0,0,0,0,0,0,52,0,0,6
569,1072,6.29508,384,100,0,0,0,0,0,0,55,0,0,6
570,1352,6.23077,405,100,0,0,0,0,0,0,60,0,0,5
571,1084,6.2,372,100,0,0,0,0,0,0,56,0,0,4
572,1024,6.2,372,100,0,0,0,0,0,0,56,0,0,4
573,1220,6.25424,369,100,0,0,0,0,0,0,54,0,0,5
574,1120,6.21429,348,100,0,0,0,0,0,0,52,0,0,4
575,872,6.05172,351,100,0,0,0,0,0,0,57,0,0,1
576,1024,6.25862,363,100,0,0,0,0,0,0,53,0,0,5
577,1128,6.09836,372,100,0,0,0,0,0,0,59,0,0,2
578,924,6.1,366,100,0,0,0,0,0,0,58,0,0,2
579,1292,6.13636,405,100,0,0,0,0,0,0,63,0,0,3
580,1300,6.14754,375,100,0,0,0,0,0,0,58,0,0,3
581,1232,6.23438,399,100,0,0,0,0,0,0,59,0,0,5
582,972,6.25424,369,100,0,0,0,0,0,0,54,0,0,5
583,1176,6.26866,420,100,0,0,0,0,0,0,61,0,0,6
584,1064,6.25,375,100,0,0,0,0,0,0,55,0,0,5
585,1156,6.19048,390,100,0,0,0,0,0,0,59,0,0,4
586,1072,6.09375,390,100,0,0,0,0,0,0,62,0,0,2
587,1152,6.09231,396,100,0,0,0,0,0,0,63,0,0,2
588,1316,6.17647,420,100,0,0,0,0,0,0,64,0,0,4
589,1104,6.25,375,100,0,0,0,0,0,0,55,0,0,5
590,1108,6.15254,363,100,0,0,0,0,0,0,56,0,0,3
591,864,6.25424,369,100,0,0,0,0,0,0,54,0,0,5
592,844,6.09677,378,100,0,0,0,0,0,0,60,0,0,2
593,884,6.10526,348,100,0,0,0,0,0,0,55,0,0,2
594,980,6.20339,366,100,0,0,0,0,0,0,55,0,0,4
595,1076,6.22222,336,100,0,0,0,0,0,0,50,0,0,4
596,1140,6.19355,384,100,0,0,0,0,0,0,58,0,0,4
597,1008,6.19048,390,100,0,0,0,0,0,0,59,0,0,4
598,984,6.19048,390,100,0,0,0,0,0,0,59,0,0,4
599,968,6.21053,354,100,0,0,0,0,0,0,53,0,0,4
600,1088,6.09836,372,100,0,0,0,0,0,0,59,0,0,2
601,984,6.10345,354,100,0,0,0,0,0,0,56,0,0,2
602,1040,6.21053,354,100,0,0,0,0,0,0,53,0,0,4
603,992,6,360,100,0,0,0,0,0,0,60,0,0,0
604,1068,6.09836,372,100,0,0,0,0,0,0,59,0,0,2
605,952,6.05085,357,100,0,0,0,0,0,0,58,0,0,1
606,1156,6.05172,351,100,0,0,0,0,0,0,57,0,0,1
607,1120,6.05263,345,100,0,0,0,0,0,0,56,0,0,1
608,1044,6.05,363,100,0,0,0,0,0,0,59,0,0,1
609,1140,6,360,100,0,0,0,0,0,0,60,0,0,0
610,1068,6,378,100,0,0,0,0,0,0,63,0,0,0
611,892,6.04918,369,100,0,0,0,0,0,0,60,0,0,1
612,920,6,390,100,0,0,0,0,0,0,65,0,0,0
613,944,6,384,100,0,0,0,0,0,0,64,0,0,0
614,896,6,360,100,0,0,0,0,0,0,60,0,0,0
615,1092,6.04615,393,100,0,0,0,0,0,0,64,0,0,1
616,984,6.09231,396,100,0,0,0,0,0,0,63,0,0,2
617,1156,6.14286,387,100,0,0,0,0,0,0,60,0,0,3
618,1068,6.04478,405,100,0,0,0,0,0,0,66,0,0,1
619,860,6.1,366,100,0,0,0,0,0,0,58,0,0,2
620,1096,6.13636,405,100,0,0,0,0,0,0,63,0,0,3
621,1004,6.09524,384,100,0,0,0,0,0,0,61,0,0,2
622,1112,6.18182,408,100,0,0,0,0,0,0,62,0,0,4
623,952,6.04918,369,100,0,0,0,0,0,0,60,0,0,1
624,908,6,384,100,0,0,0,0,0,0,64,0,0,0
625,972,6,396,100,0,0,0,0,0,0,66,0,0,0
626,840,6,366,100,0,0,0,0,0,0,61,0,0,0
627,912,6,378,100,0,0,0,0,0,0,63,0,0,0
628,796,6,360,100,0,0,0,0,0,0,60,0,0,0
629,928,6,408,100,0,0,0,0,0,0,68,0,0,0
630,892,6,360,100,0,0,0,0,0,0,60,0,0,0
631,908,6.07576,401,100,0,0,0,0,0,0,64,0,1,1
632,788,6.08333,365,100,0,0,0,0,0,0,58,0,1,1
633,944,6.09836,372,100,0,0,0,0,0,0,59,0,0,2
634,976,6.04545,399,100,0,0,0,0,0,0,65,0,0,1
635,856,6,360,100,0,0,0,0,0,0,60,0,0,0
636,1088,6.09231,396,100,0,0,0,0,0,0,63,0,0,2
637,1032,6.09836,372,100,0,0,0,0,0,0,59,0,0,2
638,1140,6.23438,399,100,0,0,0,0,0,0,59,0,0,5
639,1016,6.1,366,100,0,0,0,0,0,0,58,0,0,2
640,1184,6.19355,384,100,0,0,0,0,0,0,58,0,0,4
641,1272,6.23438,399,100,0,0,0,0,0,0,59,0,0,5
642,1336,6.21212,410,100,0,0,0,0,0,0,61,0,1,4
643,908,6.09231,396,100,0,0,0,0,0,0,63,0,0,2
644,976,6.14062,393,100,0,0,0,0,0,0,61,0,0,3
645,940,6.1,366,100,0,0,0,0,0,0,58,0,0,2
646,1092,6.14754,375,100,0,0,0,0,0,0,58,0,0,3
647,1140,6.04412,411,100,0,0,0,0,0,0,67,0,0,1
648,1084,6.15789,351,100,0,0,0,0,0,0,54,0,0,3
649,988,6,366,100,0,0,0,0,0,0,61,0,0,0
650,872,6.05,363,100,0,0,0,0,0,0,59,0,0,1
651,912,6.16364,339,100,0,0,0,0,0,0,52,0,0,3
652,1040,6.09836,372,100,0,0,0,0,0,0,59,0,0,2
653,1132,6,360,100,0,0,0,0,0,0,60,0,0,0
654,1128,6.14545,338,100,0,0,0,0,0,0,52,0,1,2
655,1084,6.05172,351,100,0,0,0,0,0,0,57,0,0,1
656,1152,6.22222,336,100,0,0,0,0,0,0,50,0,0,4
657,1160,6.05085,357,100,0,0,0,0,0,0,58,0,0,1
658,1048,6.10169,360,100,0,0,0,0,0,0,57,0,0,2
659,924,6.05085,357,100,0,0,0,0,0,0,58,0,0,1
660,1136,6.10169,360,100,0,0,0,0,0,0,57,0,0,2
661,1108,6.1,366,100,0,0,0,0,0,0,58,0,0,2
662,1036,6.16071,345,100,0,0,0,0,0,0,53,0,0,3
663,1172,6.25,375,100,0,0,0,0,0,0,55,0,0,5
664,1188,6.31579,360,100,0,0,0,0,0,0,51,0,0,6
665,1080,6.26316,357,100,0,0,0,0,0,0,52,0,0,5
666,1160,6.15,369,100,0,0,0,0,0,0,57,0,0,3
667,1060,6.10169,360,100,0,0,0,0,0,0,57,0,0,2
668,1212,6.25,375,100,0,0,0,0,0,0,55,0,0,5
669,1084,6.16071,345,100,0,0,0,0,0,0,53,0,0,3
670,1196,6.10909,336,100,0,0,0,0,0,0,53,0,0,2
671,1268,6.16071,345,100,0,0,0,0,0,0,53,0,0,3
672,1348,6.25862,363,100,0,0,0,0,0,0,53,0,0,5
673,1260,6.16071,345,100,0,0,0,0,0,0,53,0,0,3
674,1032,6.21429,348,100,0,0,0,0,0,0,52,0,0,4
675,1132,6.14286,387,100,0,0,0,0,0,0,60,0,0,3
676,908,6.05357,339,100,0,0,0,0,0,0,55,0,0,1
677,992,6.04615,393,100,0,0,0,0,0,0,64,0,0,1
678,960,6.09091,402,100,0,0,0,0,0,0,64,0,0,2
679,1120,6.04545,399,100,0,0,0,0,0,0,65,0,0,1
680,980,6,378,100,0,0,0,0,0,0,63,0,0,0
681,1128,6,396,100,0,0,0,0,0,0,66,0,0,0
682,1132,6.04478,405,100,0,0,0,0,0,0,66,0,0,1
683,1024,6.09091,402,100,0,0,0,0,0,0,64,0,0,2
684,1232,6.13846,399,100,0,0,0,0,0,0,62,0,0,3
685,1092,6,372,100,0,0,0,0,0,0,62,0,0,0
686,1012,6.09836,372,100,0,0,0,0,0,0,59,0,0,2
687,1100,6.05172,351,100,0,0,0,0,0,0,57,0,0,1
688,1108,6.05357,339,100,0,0,0,0,0,0,55,0,0,1
689,1148,6.10345,354,100,0,0,0,0,0,0,56,0,0,2
690,960,6.10714,342,100,0,0,0,0,0,0,54,0,0,2
691,1012,6,360,100,0,0,0,0,0,0,60,0,0,0
692,1204,6.08955,408,100,0,0,0,0,0,0,65,0,0,2
693,1016,6.04839,375,100,0,0,0,0,0,0,61,0,0,1
694,1004,6,378,100,0,0,0,0,0,0,63,0,0,0
695,1192,6.04412,411,100,0,0,0,0,0,0,67,0,0,1
696,1204,6.1,366,100,0,0,0,0,0,0,58,0,0,2
697,1300,6.23333,374,100,0,0,0,0,0,0,55,0,1,4
698,1084,6.09375,390,100,0,0,0,0,0,0,62,0,0,2
699,1084,6.125,392,100,0,0,0,0,0,0,61,0,1,2
700,756,6.10169,360,100,0,0,0,0,0,0,57,0,0,2
701,924,6.19355,384,100,0,0,0,0,0,0,58,0,0,4
702,952,6.14286,387,100,0,0,0,0,0,0,60,0,0,3
703,740,6.05172,351,100,0,0,0,0,0,0,57,0,0,1
704,804,6.05172,351,100,0,0,0,0,0,0,57,0,0,1
705,856,6,348,100,0,0,0,0,0,0,58,0,0,0
706,1008,6.04615,393,100,0,0,0,0,0,0,64,0,0,1
707,916,6.09524,384,100,0,0,0,0,0,0,61,0,0,2
708,928,6.09677,378,100,0,0,0,0,0,0,60,0,0,2
709,904,6.09677,378,100,0,0,0,0,0,0,60,0,0,2
710,956,6.05,363,100,0,0,0,0,0,0,59,0,0,1
711,1108,6.08955,408,100,0,0,0,0,0,0,65,0,0,2
712,948,6.09677,378,100,0,0,0,0,0,0,60,0,0,2
713,976,6,378,100,0,0,0,0,0,0,63,0,0,0
714,956,6.05357,339,100,0,0,0,0,0,0,55,0,0,1
715,1152,6.04545,399,100,0,0,0,0,0,0,65,0,0,1
716,1076,6,348,100,0,0,0,0,0,0,58,0,0,0
717,1092,6,378,100,0,0,0,0,0,0,63,0,0,0
718,1376,6.09375,390,100,0,0,0,0,0,0,62,0,0,2
719,1212,6.05172,351,100,0,0,0,0,0,0,57,0,0,1
720,1328,6,354,100,0,0,0,0,0,0,59,0,0,0
721,1424,6.05,363,100,0,0,0,0,0,0,59,0,0,1
722,1252,6,330,100,0,0,0,0,0,0,55,0,0,0
723,1044,6,336,100,0,0,0,0,0,0,56,0,0,0
724,956,6.05172,351,100,0,0,0,0,0,0,57,0,0,1
725,1112,6.08929,341,100,0,0,0,0,0,0,54,0,1,1
726,1244,6,354,100,0,0,0,0,0,0,59,0,0,0
727,1168,6.08621,353,100,0,0,0,0,0,0,56,0,1,1
728,964,6.05172,351,100,0,0,0,0,0,0,57,0,0,1
729,916,6.15517,357,100,0,0,0,0,0,0,55,0,0,3
730,1024,6.04918,369,100,0,0,0,0,0,0,60,0,0,1
731,820,6.05556,327,100,0,0,0,0,0,0,53,0,0,1
732,752,6.05085,357,100,0,0,0,0,0,0,58,0,0,1
733,892,6.10526,348,100,0,0,0,0,0,0,55,0,0,2
734,892,6.05172,351,100,0,0,0,0,0,0,57,0,0,1
735,960,6.14754,375,100,0,0,0,0,0,0,58,0,0,3
736,1012,6.15254,363,100,0,0,0,0,0,0,56,0,0,3
737,992,6.2,372,100,0,0,0,0,0,0,56,0,0,4
738,1060,6.19355,384,100,0,0,0,0,0,0,58,0,0,4
739,792,6.10345,354,100,0,0,0,0,0,0,56,0,0,2
740,984,6.2,372,100,0,0,0,0,0,0,56,0,0,4
741,1004,6.20339,366,100,0,0,0,0,0,0,55,0,0,4
742,976,6.15789,351,100,0,0,0,0,0,0,54,0,0,3
743,916,6,330,100,0,0,0,0,0,0,55,0,0,0
744,940,6.09836,372,100,0,0,0,0,0,0,59,0,0,2
745,1008,6.04762,381,100,0,0,0,0,0,0,62,0,0,1
746,980,6,360,100,0,0,0,0,0,0,60,0,0,0
747,1108,6.09231,396,100,0,0,0,0,0,0,63,0,0,2
748,1140,6.14516,381,100,0,0,0,0,0,0,59,0,0,3
749,1300,6.2459,381,100,0,0,0,0,0,0,56,0,0,5
750,1092,6.10169,360,100,0,0,0,0,0,0,57,0,0,2
751,1220,6.04918,369,100,0,0,0,0,0,0,60,0,0,1
752,1168,6.09677,378,100,0,0,0,0,0,0,60,0,0,2
753,1252,6.09836,372,100,0,0,0,0,0,0,59,0,0,2
754,1088,6.05172,351,100,0,0,0,0,0,0,57,0,0,1
755,1248,6.14516,381,100,0,0,0,0,0,0,59,0,0,3
756,1284,6.2,372,100,0,0,0,0,0,0,56,0,0,4
757,908,6.10169,360,100,0,0,0,0,0,0,57,0,0,2
758,1120,6.20339,366,100,0,0,0,0,0,0,55,0,0,4
759,892,6.05172,351,100,0,0,0,0,0,0,57,0,0,1
760,1128,6.10169,360,100,0,0,0,0,0,0,57,0,0,2
761,1164,6.05,363,100,0,0,0,0,0,0,59,0,0,1
762,1072,6.16981,327,100,0,0,0,0,0,0,50,0,0,3
763,1056,6.15517,357,100,0,0,0,0,0,0,55,0,0,3
764,872,6.15517,357,100,0,0,0,0,0,0,55,0,0,3
765,992,6.14516,381,100,0,0,0,0,0,0,59,0,0,3
766,1068,6.15,369,100,0,0,0,0,0,0,57,0,0,3
767,1048,6.1,366,100,0,0,0,0,0,0,58,0,0,2
768,1224,6.20339,366,100,0,0,0,0,0,0,55,0,0,4
769,1248,6.26786,351,100,0,0,0,0,0,0,51,0,0,5
770,1064,6.21818,342,100,0,0,0,0,0,0,51,0,0,4
771,1200,6.21429,348,100,0,0,0,0,0,0,52,0,0,4
772,1368,6.10169,360,100,0,0,0,0,0,0,57,0,0,2
773,1284,6.10345,354,100,0,0,0,0,0,0,56,0,0,2
774,1236,6.25862,363,100,0,0,0,0,0,0,53,0,0,5
775,1304,6.2459,381,100,0,0,0,0,0,0,56,0,0,5
776,1536,6.3,378,100,0,0,0,0,0,0,54,0,0,6
777,1448,6.14754,375,100,0,0,0,0,0,0,58,0,0,3
778,1568,6.26316,357,100,0,0,0,0,0,0,52,0,0,5
779,1552,6.21429,348,100,0,0,0,0,0,0,52,0,0,4
780,1404,6.32727,348,100,0,0,0,0,0,0,49,0,0,6
781,1076,6.38182,351,100,0,0,0,0,0,0,48,0,0,7
782,1152,6.29508,384,100,0,0,0,0,0,0,55,0,0,6
783,1188,6.39623,339,100,0,0,0,0,0,0,46,0,0,7
784,1148,6.25424,369,100,0,0,0,0,0,0,54,0,0,5
785,1212,6.35593,375,100,0,0,0,0,0,0,52,0,0,7
786,1236,6.2069,360,100,0,0,0,0,0,0,54,0,0,4
787,1140,6.04918,369,100,0,0,0,0,0,0,60,0,0,1
788,1356,6.13846,399,100,0,0,0,0,0,0,62,0,0,3
789,1148,6.19355,384,100,0,0,0,0,0,0,58,0,0,4
790,1232,6.15254,363,100,0,0,0,0,0,0,56,0,0,3
791,1280,6.15789,351,100,0,0,0,0,0,0,54,0,0,3
792,1488,6.23729,368,100,0,0,0,0,0,0,54,0,1,4
793,1500,6.25862,363,100,0,0,0,0,0,0,53,0,0,5
794,1544,6.30508,372,100,0,0,0,0,0,0,53,0,0,6
795,1324,6.45283,342,100,0,0,0,0,0,0,45,0,0,8
796,1392,6.32143,354,100,0,0,0,0,0,0,50,0,0,6
797,1520,6.35593,375,100,0,0,0,0,0,0,52,0,0,7
798,1676,6.53226,405,100,0,0,0,0,0,0,51,0,0,11
799,1244,6.31579,360,100,0,0,0,0,0,0,51,0,0,6
800,1316,6.26316,357,100,0,0,0,0,0,0,52,0,0,5
801,1096,6.16667,333,100,0,0,0,0,0,0,51,0,0,3
802,1272,6.10526,348,100,0,0,0,0,0,0,55,0,0,2
803,1216,6.27273,345,100,0,0,0,0,0,0,50,0,0,5
804,1480,6.35593,375,100,0,0,0,0,0,0,52,0,0,7
805,1332,6.28846,327,100,0,0,0,0,0,0,47,0,0,5
806,1176,6.25424,369,100,0,0,0,0,0,0,54,0,0,5
807,1216,6.26316,357,100,0,0,0,0,0,0,52,0,0,5
808,1244,6.21429,348,100,0,0,0,0,0,0,52,0,0,4
809,1136,6.21429,348,100,0,0,0,0,0,0,52,0,0,4
810,1272,6.35593,375,100,0,0,0,0,0,0,52,0,0,7
811,1356,6.3,378,100,0,0,0,0,0,0,54,0,0,6
812,1264,6.39344,390,100,0,0,0,0,0,0,53,0,0,8
813,1412,6.4918,396,100,0,0,0,0,0,0,51,0,0,10
814,1200,6.63462,345,100,0,0,0,0,0,0,41,0,0,11
815,1328,6.80357,381,100,0,0,0,0,0,0,41,0,0,15
816,1308,6.62069,384,100,0,0,0,0,0,0,46,0,0,12
817,1384,6.54098,399,100,0,0,0,0,0,0,50,0,0,11
818,1240,6.53571,366,100,0,0,0,0,0,0,46,0,0,10
819,1148,6.375,357,100,0,0,0,0,0,0,49,0,0,7
820,1128,6.41379,372,100,0,0,0,0,0,0,50,0,0,8
821,1060,6.3871,396,100,0,0,0,0,0,0,54,0,0,8
822,1088,6.47619,408,100,0,0,0,0,0,0,53,0,0,10
823,1048,6.46552,375,100,0,0,0,0,0,0,49,0,0,9
824,928,6.32812,405,100,0,0,0,0,0,0,57,0,0,7
825,924,6.1875,396,100,0,0,0,0,0,0,60,0,0,4
826,864,6.29508,384,100,0,0,0,0,0,0,55,0,0,6
827,920,6.13846,399,100,0,0,0,0,0,0,62,0,0,3
828,960,6.2459,381,100,0,0,0,0,0,0,56,0,0,5
829,1048,6.2381,393,100,0,0,0,0,0,0,58,0,0,5
830,1108,6.14062,393,100,0,0,0,0,0,0,61,0,0,3
831,980,6.15254,363,100,0,0,0,0,0,0,56,0,0,3
832,880,6,360,100,0,0,0,0,0,0,60,0,0,0
833,900,6.05263,345,100,0,0,0,0,0,0,56,0,0,1
834,872,6.10714,342,100,0,0,0,0,0,0,54,0,0,2
835,892,6.10714,342,100,0,0,0,0,0,0,54,0,0,2
836,868,6.09677,378,100,0,0,0,0,0,0,60,0,0,2
837,888,6.04918,369,100,0,0,0,0,0,0,60,0,0,1
838,872,6,348,100,0,0,0,0,0,0,58,0,0,0
839,996,6,354,100,0,0,0,0,0,0,59,0,0,0
840,932,6,366,100,0,0,0,0,0,0,61,0,0,0
841,1032,6.09677,378,100,0,0,0,0,0,0,60,0,0,2
842,1160,6.04839,375,100,0,0,0,0,0,0,61,0,0,1
843,1180,6.09524,384,100,0,0,0,0,0,0,61,0,0,2
844,1248,6.13846,399,100,0,0,0,0,0,0,62,0,0,3
845,1108,6.09524,384,100,0,0,0,0,0,0,61,0,0,2
846,1120,6.09836,372,100,0,0,0,0,0,0,59,0,0,2
847,1268,6.10345,354,100,0,0,0,0,0,0,56,0,0,2
848,1396,6,360,100,0,0,0,0,0,0,60,0,0,0
849,1564,6,336,100,0,0,0,0,0,0,56,0,0,0
850,1476,6,336,100,0,0,0,0,0,0,56,0,0,0
851,1432,6.04762,381,100,0,0,0,0,0,0,62,0,0,1
852,1560,6,348,100,0,0,0,0,0,0,58,0,0,0
853,1616,6.15517,357,100,0,0,0,0,0,0,55,0,0,3
854,1580,6.09677,378,100,0,0,0,0,0,0,60,0,0,2
855,1632,6.15254,363,100,0,0,0,0,0,0,56,0,0,3
856,1480,6.26984,395,100,0,0,0,0,0,0,57,0,1,5
857,1296,6.22581,386,100,0,0,0,0,0,0,57,0,1,4
858,1164,6.18462,402,100,0,0,0,0,0,0,61,0,0,4
859,1252,6.09524,384,100,0,0,0,0,0,0,61,0,0,2
860,1324,6.15,369,100,0,0,0,0,0,0,57,0,0,3
861,1220,6.15,369,100,0,0,0,0,0,0,57,0,0,3
862,1324,6.09677,378,100,0,0,0,0,0,0,60,0,0,2
863,1324,6.04839,375,100,0,0,0,0,0,0,61,0,0,1
864,1344,6.09524,384,100,0,0,0,0,0,0,61,0,0,2
865,1252,6,348,100,0,0,0,0,0,0,58,0,0,0
866,1292,6.05085,357,100,0,0,0,0,0,0,58,0,0,1
867,1584,6.15254,363,100,0,0,0,0,0,0,56,0,0,3
868,1592,6.15254,363,100,0,0,0,0,0,0,56,0,0,3
869,1180,6.05455,333,100,0,0,0,0,0,0,54,0,0,1
870,1320,6.10345,354,100,0,0,0,0,0,0,56,0,0,2
871,1232,6.10169,360,100,0,0,0,0,0,0,57,0,0,2
872,1420,6.2,372,100,0,0,0,0,0,0,56,0,0,4
873,1200,6.05085,357,100,0,0,0,0,0,0,58,0,0,1
874,1284,6.05,363,100,0,0,0,0,0,0,59,0,0,1
875,1060,6.05263,345,100,0,0,0,0,0,0,56,0,0,1
876,1272,6.1,366,100,0,0,0,0,0,0,58,0,0,2
877,1332,6.10169,360,100,0,0,0,0,0,0,57,0,0,2
878,1684,6.12857,429,100,0,0,0,0,0,0,67,0,0,3
879,1184,6.19048,390,100,0,0,0,0,0,0,59,0,0,4
880,1092,6.20339,366,100,0,0,0,0,0,0,55,0,0,4
881,1160,6.07812,389,100,0,0,0,0,0,0,62,0,1,1
882,1304,6.09836,372,100,0,0,0,0,0,0,59,0,0,2
883,1436,6.04762,381,100,0,0,0,0,0,0,62,0,0,1
884,1348,6.09375,390,100,0,0,0,0,0,0,62,0,0,2
885,1444,6.15,369,100,0,0,0,0,0,0,57,0,0,3
886,1348,6.10526,348,100,0,0,0,0,0,0,55,0,0,2
887,1328,6.04839,375,100,0,0,0,0,0,0,61,0,0,1
888,932,6.1,366,100,0,0,0,0,0,0,58,0,0,2
889,1028,6.14062,393,100,0,0,0,0,0,0,61,0,0,3
890,932,6.19048,390,100,0,0,0,0,0,0,59,0,0,4
891,1192,6.17391,426,100,0,0,0,0,0,0,65,0,0,4
892,1120,6.2459,381,100,0,0,0,0,0,0,56,0,0,5
893,1052,6.26786,351,100,0,0,0,0,0,0,51,0,0,5
894,1212,6.40678,378,100,0,0,0,0,0,0,51,0,0,8
895,1324,6.43548,399,100,0,0,0,0,0,0,53,0,0,9
896,1152,6.5,351,100,0,0,0,0,0,0,45,0,0,9
897,1152,6.40678,378,100,0,0,0,0,0,0,51,0,0,8
898,1004,6.46552,375,100,0,0,0,0,0,0,49,0,0,9
899,964,6.41379,372,100,0,0,0,0,0,0,50,0,0,8
900,1148,6.31034,366,100,0,0,0,0,0,0,52,0,0,6
901,1116,6.15517,357,100,0,0,0,0,0,0,55,0,0,3
902,1044,6.25862,363,100,0,0,0,0,0,0,53,0,0,5
903,960,6.15789,351,100,0,0,0,0,0,0,54,0,0,3
904,928,6.25862,363,100,0,0,0,0,0,0,53,0,0,5
905,1104,6.375,357,100,0,0,0,0,0,0,49,0,0,7
906,1124,6.52632,372,100,0,0,0,0,0,0,47,0,0,10
907,1172,6.22727,411,100,0,0,0,0,0,0,61,0,0,5
908,1108,6.375,357,100,0,0,0,0,0,0,49,0,0,7
909,1276,6.35593,375,100,0,0,0,0,0,0,52,0,0,7
910,1192,6.4,384,100,0,0,0,0,0,0,52,0,0,8
911,1080,6.31579,360,100,0,0,0,0,0,0,51,0,0,6
912,1220,6.46552,375,100,0,0,0,0,0,0,49,0,0,9
913,1396,6.39344,390,100,0,0,0,0,0,0,53,0,0,8
914,1136,6.39623,339,100,0,0,0,0,0,0,46,0,0,7
915,1372,6.375,357,100,0,0,0,0,0,0,49,0,0,7
916,1276,6.44444,348,100,0,0,0,0,0,0,46,0,0,8
917,1404,6.36842,363,100,0,0,0,0,0,0,50,0,0,7
918,1400,6.55,393,100,0,0,0,0,0,0,49,0,0,11
919,1388,6.43548,399,100,0,0,0,0,0,0,53,0,0,9
920,1420,6.42857,360,100,0,0,0,0,0,0,48,0,0,8
921,1596,6.3,378,100,0,0,0,0,0,0,54,0,0,6
922,1780,6.65455,366,100,0,0,0,0,0,0,43,0,0,12
923,1484,6.5,351,100,0,0,0,0,0,0,45,0,0,9
924,1192,6.42857,360,100,0,0,0,0,0,0,48,0,0,8
925,1236,6.40678,378,100,0,0,0,0,0,0,51,0,0,8
926,1288,6.44444,348,100,0,0,0,0,0,0,46,0,0,8
927,1292,6.2069,360,100,0,0,0,0,0,0,54,0,0,4
928,1412,6.31579,360,100,0,0,0,0,0,0,51,0,0,6
929,1428,6.42105,366,100,0,0,0,0,0,0,49,0,0,8
930,1516,6.33871,393,100,0,0,0,0,0,0,55,0,0,7
931,1580,6.3871,396,100,0,0,0,0,0,0,54,0,0,8
932,1424,6.48387,402,100,0,0,0,0,0,0,52,0,0,10
933,1424,6.67241,387,100,0,0,0,0,0,0,45,0,0,13
934,1528,6.98276,405,100,0,0,0,0,0,0,39,0,0,19
935,1464,6.76271,399,100,0,0,0,0,0,0,44,0,0,15
936,1608,6.87931,399,100,0,0,0,0,0,0,41,0,0,17
937,1852,7.03636,387,100,0,0,0,0,0,0,36,0,0,19
938,1564,6.81818,375,100,0,0,0,0,0,0,40,0,0,15
939,1436,6.67241,387,100,0,0,0,0,0,0,45,0,0,13
940,1592,7.08333,425,100,0,0,0,0,0,0,38,0,1,21
941,1644,7.07143,396,100,0,0,0,0,0,0,36,0,0,20
942,1396,7,399,100,0,0,0,0,0,0,38,0,0,19
943,1492,7.21053,411,100,0,0,0,0,0,0,34,0,0,23
944,1008,6.96226,369,100,0,0,0,0,0,0,36,0,0,17
945,1476,7.0678,417,100,0,0,0,0,0,0,38,0,0,21
946,1500,7.22034,426,100,0,0,0,0,0,0,35,0,0,24
947,1332,7.10526,405,100,0,0,0,0,0,0,36,0,0,21
948,1476,7.44828,432,100,0,0,0,0,0,0,30,0,0,28
949,1712,7.63158,435,100,0,0,0,0,0,0,26,0,0,31
950,1524,7.57895,432,100,0,0,0,0,0,0,27,0,0,30
951,1768,7.60714,426,100,0,0,0,0,0,0,26,0,0,30
952,1840,7.61111,411,100,0,0,0,0,0,0,25,0,0,29
953,1724,7.67308,399,100,0,0,0,0,0,0,23,0,0,29
954,1408,7.44231,387,100,0,0,0,0,0,0,27,0,0,25
955,1496,7.375,354,100,0,0,0,0,0,0,26,0,0,22
956,1584,7.44643,417,100,0,0,0,0,0,0,29,0,0,27
957,1436,7.39286,414,100,0,0,0,0,0,0,30,0,0,26
958,1876,7.45,447,100,0,0,0,0,0,0,31,0,0,29
959,1684,7.52632,429,100,0,0,0,0,0,0,28,0,0,29
960,1776,7.36364,405,100,0,0,0,0,0,0,30,0,0,25
961,1592,7.03636,387,100,0,0,0,0,0,0,36,0,0,19
962,1624,7.18966,417,100,0,0,0,0,0,0,35,0,0,23
963,1564,7.0678,417,100,0,0,0,0,0,0,38,0,0,21
964,1536,7.2,396,100,0,0,0,0,0,0,33,0,0,22
965,1828,6.82759,396,100,0,0,0,0,0,0,42,0,0,16
966,1924,6.98182,384,100,0,0,0,0,0,0,37,0,0,18
967,1972,6.9,414,100,0,0,0,0,0,0,42,0,0,18
968,2092,6.98276,405,100,0,0,0,0,0,0,39,0,0,19
969,2284,6.85714,432,100,0,0,0,0,0,0,45,0,0,18
970,2364,7.0678,417,100,0,0,0,0,0,0,38,0,0,21
971,2264,6.98276,405,100,0,0,0,0,0,0,39,0,0,19
972,2028,7.22034,426,100,0,0,0,0,0,0,35,0,0,24
973,1656,7.10526,405,100,0,0,0,0,0,0,36,0,0,21
974,1868,7.3,438,100,0,0,0,0,0,0,34,0,0,26
975,1808,6.9661,411,100,0,0,0,0,0,0,40,0,0,19
976,1632,6.72222,363,100,0,0,0,0,0,0,41,0,0,13
977,1608,6.81818,375,100,0,0,0,0,0,0,40,0,0,15
978,1596,6.85714,384,100,0,0,0,0,0,0,40,0,0,16
979,1640,6.73585,357,100,0,0,0,0,0,0,40,0,0,13
980,1812,6.57895,375,100,0,0,0,0,0,0,46,0,0,11
981,1668,6.5,351,100,0,0,0,0,0,0,45,0,0,9
982,1704,6.47368,369,100,0,0,0,0,0,0,48,0,0,9
983,1544,6.73684,384,100,0,0,0,0,0,0,43,0,0,14
984,1776,6.9661,411,100,0,0,0,0,0,0,40,0,0,19
985,1624,6.87931,399,100,0,0,0,0,0,0,41,0,0,17
986,1948,6.79688,435,100,0,0,0,0,0,0,47,0,0,17
987,1936,6.78689,414,100,0,0,0,0,0,0,45,0,0,16
988,1916,6.96429,390,100,0,0,0,0,0,0,38,0,0,18
989,2048,6.82759,396,100,0,0,0,0,0,0,42,0,0,16
990,2560,6.77586,393,100,0,0,0,0,0,0,43,0,0,15
991,2756,6.75,378,100,0,0,0,0,0,0,42,0,0,14
992,1688,6.84211,390,100,0,0,0,0,0,0,41,0,0,16
993,1696,6.58065,408,100,0,0,0,0,0,0,50,0,0,12
994,1172,6.5,351,100,0,0,0,0,0,0,45,0,0,9
995,1512,6.42857,360,100,0,0,0,0,0,0,48,0,0,8
996,1388,6.43636,354,100,0,0,0,0,0,0,47,0,0,8
997,1336,6.64286,372,100,0,0,0,0,0,0,44,0,0,12
998,1332,6.66667,420,100,0,0,0,0,0,0,49,0,0,14
999,1352,6.65,399,100,0,0,0,0,0,0,47,0,0,13
