update,points,mean_tasks,total_tasks,total_orgs,task_0,task_1,task_2,task_3,task_4,task_5,task_6,task_7,task_8,task_9
0,0,nan,0,10,0,0,0,0,0,0,0,0,0,0
1,60,6,24,11,0,0,0,0,0,0,4,0,0,0
2,88,6,36,12,0,0,0,0,0,0,6,0,0,0
3,184,6.27273,69,16,0,0,0,0,0,0,10,0,0,1
4,156,6.25,75,18,0,0,0,0,0,0,11,0,0,1
5,220,6.23077,81,20,0,0,0,0,0,0,12,0,0,1
6,348,6.5,117,28,0,0,0,0,0,0,15,0,0,3
7,364,6.71429,141,33,0,0,0,0,0,0,16,0,0,5
8,388,6.5,156,41,0,0,0,0,0,0,20,0,0,4
9,460,6.375,204,51,0,0,0,0,0,0,28,0,0,4
10,516,6.31579,240,55,0,0,0,0,0,0,34,0,0,4
11,600,6.38462,249,61,0,0,0,0,0,0,34,0,0,5
12,664,6.48837,279,65,0,0,0,0,0,0,36,0,0,7
13,724,6.4186,276,70,0,0,0,0,0,0,37,0,0,6
14,740,6.36,318,76,0,0,0,0,0,0,44,0,0,6
15,768,6.36735,312,78,0,0,0,0,0,0,43,0,0,6
16,800,6.375,306,81,0,0,0,0,0,0,42,0,0,6
17,724,6.28846,327,83,0,0,0,0,0,0,47,0,0,5
18,824,6.28846,327,88,0,0,0,0,0,0,47,0,0,5
19,772,6.31579,360,93,0,0,0,0,0,0,51,0,0,6
20,656,6.16981,327,97,0,0,0,0,0,0,50,0,0,3
21,812,6.09524,384,99,0,0,0,0,0,0,61,0,0,2
22,844,6.10345,354,100,0,0,0,0,0,0,56,0,0,2
23,872,6.04839,375,100,0,0,0,0,0,0,61,0,0,1
24,772,6.05172,351,100,0,0,0,0,0,0,57,0,0,1
25,916,6.04918,369,100,0,0,0,0,0,0,60,0,0,1
26,860,6.10169,360,100,0,0,0,0,0,0,57,0,0,2
27,820,6.04688,387,100,0,0,0,0,0,0,63,0,0,1
28,828,6.05,363,100,0,0,0,0,0,0,59,0,0,1
29,1000,6.16364,339,100,0,0,0,0,0,0,52,0,0,3
30,960,6.15254,363,100,0,0,0,0,0,0,56,0,0,3
31,860,6.14754,375,100,0,0,0,0,0,0,58,0,0,3
32,1044,6.19672,378,100,0,0,0,0,0,0,57,0,0,4
33,1028,6.15,369,100,0,0,0,0,0,0,57,0,0,3
34,1220,6.3,378,100,0,0,0,0,0,0,54,0,0,6
35,1192,6.23438,399,100,0,0,0,0,0,0,59,0,0,5
36,1224,6.28571,396,100,0,0,0,0,0,0,57,0,0,6
37,864,6.05556,327,100,0,0,0,0,0,0,53,0,0,1
38,1032,6.15254,363,100,0,0,0,0,0,0,56,0,0,3
39,1212,6.19355,384,100,0,0,0,0,0,0,58,0,0,4
40,1076,6.18966,359,100,0,0,0,0,0,0,54,0,1,3
41,1228,6.13846,399,100,0,0,0,0,0,0,62,0,0,3
42,1100,6.04688,387,100,0,0,0,0,0,0,63,0,0,1
43,1016,6,366,100,0,0,0,0,0,0,61,0,0,0
44,1016,6,384,100,0,0,0,0,0,0,64,0,0,0
45,1008,6.05263,345,100,0,0,0,0,0,0,56,0,0,1
46,952,6.05085,357,100,0,0,0,0,0,0,58,0,0,1
47,1004,6,324,100,0,0,0,0,0,0,54,0,0,0
48,1060,6.05172,351,100,0,0,0,0,0,0,57,0,0,1
49,952,6.05455,333,100,0,0,0,0,0,0,54,0,0,1
50,1180,6.15,369,100,0,0,0,0,0,0,57,0,0,3
51,1124,6.10714,342,100,0,0,0,0,0,0,54,0,0,2
52,908,6.06122,297,100,0,0,0,0,0,0,48,0,0,1
53,1072,6.05357,339,100,0,0,0,0,0,0,55,0,0,1
54,1136,6.05357,339,100,0,0,0,0,0,0,55,0,0,1
55,1164,6.05172,351,100,0,0,0,0,0,0,57,0,0,1
56,1028,6.05455,333,100,0,0,0,0,0,0,54,0,0,1
57,1072,6.05,363,100,0,0,0,0,0,0,59,0,0,1
58,1036,6.05172,351,100,0,0,0,0,0,0,57,0,0,1
59,1148,6.09836,372,100,0,0,0,0,0,0,59,0,0,2
60,1148,6.20339,366,100,0,0,0,0,0,0,55,0,0,4
61,936,6.05263,345,100,0,0,0,0,0,0,56,0,0,1
62,1108,6.15,369,100,0,0,0,0,0,0,57,0,0,3
63,928,6.15789,351,100,0,0,0,0,0,0,54,0,0,3
64,980,6.05263,345,100,0,0,0,0,0,0,56,0,0,1
65,1032,6.1,366,100,0,0,0,0,0,0,58,0,0,2
66,1200,6.13793,356,100,0,0,0,0,0,0,55,0,1,2
67,1124,6.14754,375,100,0,0,0,0,0,0,58,0,0,3
68,1048,6.10526,348,100,0,0,0,0,0,0,55,0,0,2
69,1188,6.04839,375,100,0,0,0,0,0,0,61,0,0,1
70,972,6.04688,387,100,0,0,0,0,0,0,63,0,0,1
71,900,6.04918,369,100,0,0,0,0,0,0,60,0,0,1
72,988,6.04615,393,100,0,0,0,0,0,0,64,0,0,1
73,992,6.09091,402,100,0,0,0,0,0,0,64,0,0,2
74,984,6,378,100,0,0,0,0,0,0,63,0,0,0
75,1116,6.05,363,100,0,0,0,0,0,0,59,0,0,1
76,1140,6.04918,369,100,0,0,0,0,0,0,60,0,0,1
77,1356,6,396,100,0,0,0,0,0,0,66,0,0,0
78,1280,6,396,100,0,0,0,0,0,0,66,0,0,0
79,1188,6,366,100,0,0,0,0,0,0,61,0,0,0
80,972,6,378,100,0,0,0,0,0,0,63,0,0,0
81,1132,6,372,100,0,0,0,0,0,0,62,0,0,0
82,1128,6,372,100,0,0,0,0,0,0,62,0,0,0
83,1148,6,342,100,0,0,0,0,0,0,57,0,0,0
84,1084,6,348,100,0,0,0,0,0,0,58,0,0,0
85,1360,6,354,100,0,0,0,0,0,0,59,0,0,0
86,1388,6.05085,357,100,0,0,0,0,0,0,58,0,0,1
87,1400,6.10714,342,100,0,0,0,0,0,0,54,0,0,2
88,1300,6.05357,339,100,0,0,0,0,0,0,55,0,0,1
89,1332,6,348,100,0,0,0,0,0,0,58,0,0,0
90,1192,6,360,100,0,0,0,0,0,0,60,0,0,0
91,1328,6.09375,390,100,0,0,0,0,0,0,62,0,0,2
92,1116,6.04839,375,100,0,0,0,0,0,0,61,0,0,1
93,1104,6.11111,330,100,0,0,0,0,0,0,52,0,0,2
94,1120,6.16364,339,100,0,0,0,0,0,0,52,0,0,3
95,1144,6.1,366,100,0,0,0,0,0,0,58,0,0,2
96,1088,6,384,100,0,0,0,0,0,0,64,0,0,0
97,1184,6.05263,345,100,0,0,0,0,0,0,56,0,0,1
98,1152,6.05,363,100,0,0,0,0,0,0,59,0,0,1
99,1140,6.09836,372,100,0,0,0,0,0,0,59,0,0,2
100,1428,6.18462,402,100,0,0,0,0,0,0,61,0,0,4
101,1320,6.05,363,100,0,0,0,0,0,0,59,0,0,1
102,1176,6.10526,348,100,0,0,0,0,0,0,55,0,0,2
103,1444,6.09524,384,100,0,0,0,0,0,0,61,0,0,2
104,1576,6.04918,369,100,0,0,0,0,0,0,60,0,0,1
105,1336,6.04762,381,100,0,0,0,0,0,0,62,0,0,1
106,1292,6.10169,360,100,0,0,0,0,0,0,57,0,0,2
107,1160,6.05263,345,100,0,0,0,0,0,0,56,0,0,1
108,996,6,366,100,0,0,0,0,0,0,61,0,0,0
109,996,6,378,100,0,0,0,0,0,0,63,0,0,0
110,1052,6.10345,354,100,0,0,0,0,0,0,56,0,0,2
111,980,6,348,100,0,0,0,0,0,0,58,0,0,0
112,1048,6,348,100,0,0,0,0,0,0,58,0,0,0
113,1064,6,342,100,0,0,0,0,0,0,57,0,0,0
114,992,6.05,363,100,0,0,0,0,0,0,59,0,0,1
115,964,6.10526,348,100,0,0,0,0,0,0,55,0,0,2
116,852,6.0566,321,100,0,0,0,0,0,0,52,0,0,1
117,1196,6.04762,381,100,0,0,0,0,0,0,62,0,0,1
118,1020,6.1,366,100,0,0,0,0,0,0,58,0,0,2
119,1176,6.19355,384,100,0,0,0,0,0,0,58,0,0,4
120,1116,6.10345,354,100,0,0,0,0,0,0,56,0,0,2
121,1068,6.15,369,100,0,0,0,0,0,0,57,0,0,3
122,1020,6.10345,354,100,0,0,0,0,0,0,56,0,0,2
123,1148,6.14286,387,100,0,0,0,0,0,0,60,0,0,3
124,1324,6.18462,402,100,0,0,0,0,0,0,61,0,0,4
125,1272,6.15254,363,100,0,0,0,0,0,0,56,0,0,3
126,1356,6.31034,366,100,0,0,0,0,0,0,52,0,0,6
127,1132,6.27273,345,100,0,0,0,0,0,0,50,0,0,5
128,1756,6.46154,420,100,0,0,0,0,0,0,55,0,0,10
129,1620,6.40678,378,100,0,0,0,0,0,0,51,0,0,8
130,1508,6.42105,366,100,0,0,0,0,0,0,49,0,0,8
131,1588,6.5,351,100,0,0,0,0,0,0,45,0,0,9
132,1512,6.30508,372,100,0,0,0,0,0,0,53,0,0,6
133,1800,6.45763,381,100,0,0,0,0,0,0,50,0,0,9
134,1876,6.34426,387,100,0,0,0,0,0,0,54,0,0,7
135,1928,6.51724,378,100,0,0,0,0,0,0,48,0,0,10
136,1740,6.5,351,100,0,0,0,0,0,0,45,0,0,9
137,1732,6.54545,360,100,0,0,0,0,0,0,45,0,0,10
138,1780,6.45763,381,100,0,0,0,0,0,0,50,0,0,9
139,1636,6.46552,375,100,0,0,0,0,0,0,49,0,0,9
140,1896,6.66667,360,100,0,0,0,0,0,0,42,0,0,12
141,1624,6.63158,378,100,0,0,0,0,0,0,45,0,0,12
142,1616,6.7,402,100,0,0,0,0,0,0,46,0,0,14
143,1584,6.77778,366,100,0,0,0,0,0,0,40,0,0,14
144,1548,6.85714,384,100,0,0,0,0,0,0,40,0,0,16
145,1716,6.8,408,100,0,0,0,0,0,0,44,0,0,16
146,1616,6.65,399,100,0,0,0,0,0,0,47,0,0,13
147,1684,6.9,414,100,0,0,0,0,0,0,42,0,0,18
148,1600,6.96429,390,100,0,0,0,0,0,0,38,0,0,18
149,1736,6.9661,411,100,0,0,0,0,0,0,40,0,0,19
150,1704,6.72414,390,100,0,0,0,0,0,0,44,0,0,14
151,1804,6.87931,399,100,0,0,0,0,0,0,41,0,0,17
152,2048,6.89474,393,100,0,0,0,0,0,0,40,0,0,17
153,2152,6.75,378,100,0,0,0,0,0,0,42,0,0,14
154,2224,6.47368,369,100,0,0,0,0,0,0,48,0,0,9
155,2000,6.71186,396,100,0,0,0,0,0,0,45,0,0,14
156,1736,6.72414,390,100,0,0,0,0,0,0,44,0,0,14
157,1576,6.69643,375,100,0,0,0,0,0,0,43,0,0,13
158,1528,6.62069,384,100,0,0,0,0,0,0,46,0,0,12
159,1436,6.38182,351,100,0,0,0,0,0,0,48,0,0,7
160,1552,6.52632,372,100,0,0,0,0,0,0,47,0,0,10
161,1516,6.42105,366,100,0,0,0,0,0,0,49,0,0,8
162,1608,6.33333,342,100,0,0,0,0,0,0,48,0,0,6
163,1484,6.36207,369,100,0,0,0,0,0,0,51,0,0,7
164,1696,6.25862,363,100,0,0,0,0,0,0,53,0,0,5
165,1588,6.39623,339,100,0,0,0,0,0,0,46,0,0,7
166,1464,6.46552,375,100,0,0,0,0,0,0,49,0,0,9
167,1660,6.54545,360,100,0,0,0,0,0,0,45,0,0,10
168,1648,6.57895,375,100,0,0,0,0,0,0,46,0,0,11
169,1628,6.56604,348,100,0,0,0,0,0,0,43,0,0,10
170,1972,6.51724,378,100,0,0,0,0,0,0,48,0,0,10
171,1820,6.72222,363,100,0,0,0,0,0,0,41,0,0,13
172,1880,6.76364,372,100,0,0,0,0,0,0,41,0,0,14
173,1692,6.61111,357,100,0,0,0,0,0,0,43,0,0,11
174,1884,6.62069,384,100,0,0,0,0,0,0,46,0,0,12
175,1680,6.45763,381,100,0,0,0,0,0,0,50,0,0,9
176,1472,6.27273,345,100,0,0,0,0,0,0,50,0,0,5
177,1712,6.50847,384,100,0,0,0,0,0,0,49,0,0,10
178,1884,6.45763,381,100,0,0,0,0,0,0,50,0,0,9
179,1612,6.19355,384,100,0,0,0,0,0,0,58,0,0,4
180,1328,6.35593,375,100,0,0,0,0,0,0,52,0,0,7
181,1324,6.35,381,100,0,0,0,0,0,0,53,0,0,7
182,1576,6.375,408,100,0,0,0,0,0,0,56,0,0,8
183,1232,6.32143,354,100,0,0,0,0,0,0,50,0,0,6
184,1556,6.33871,393,100,0,0,0,0,0,0,55,0,0,7
185,1488,6.25862,363,100,0,0,0,0,0,0,53,0,0,5
186,1788,6.47368,369,100,0,0,0,0,0,0,48,0,0,9
187,1900,6.21429,348,100,0,0,0,0,0,0,52,0,0,4
188,1748,6.2,372,100,0,0,0,0,0,0,56,0,0,4
189,2236,6.24194,387,100,0,0,0,0,0,0,57,0,0,5
190,2072,6.15,369,100,0,0,0,0,0,0,57,0,0,3
191,2192,6.2069,360,100,0,0,0,0,0,0,54,0,0,4
192,2108,6.30508,372,100,0,0,0,0,0,0,53,0,0,6
193,1876,6.23729,368,100,0,0,0,0,0,0,54,0,1,4
194,1204,6.25862,363,100,0,0,0,0,0,0,53,0,0,5
195,1272,6.29508,384,100,0,0,0,0,0,0,55,0,0,6
196,1196,6.375,357,100,0,0,0,0,0,0,49,0,0,7
197,952,6.26316,357,100,0,0,0,0,0,0,52,0,0,5
198,1020,6.36207,369,100,0,0,0,0,0,0,51,0,0,7
199,1200,6.42188,411,100,0,0,0,0,0,0,55,0,0,9
200,924,6.50847,384,100,0,0,0,0,0,0,49,0,0,10
201,1124,6.42188,411,100,0,0,0,0,0,0,55,0,0,9
202,1156,6.51562,417,100,0,0,0,0,0,0,53,0,0,11
203,1228,6.33333,399,100,0,0,0,0,0,0,56,0,0,7
204,1452,6.32308,411,100,0,0,0,0,0,0,58,0,0,7
205,1152,6.23077,405,100,0,0,0,0,0,0,60,0,0,5
206,1124,6.2459,381,100,0,0,0,0,0,0,56,0,0,5
207,1428,6.28571,396,100,0,0,0,0,0,0,57,0,0,6
208,1400,6.33871,393,100,0,0,0,0,0,0,55,0,0,7
209,1148,6.6,330,100,0,0,0,0,0,0,40,0,0,10
210,1384,6.45,387,100,0,0,0,0,0,0,51,0,0,9
211,1564,6.6,363,100,0,0,0,0,0,0,44,0,0,11
212,1444,6.46154,336,100,0,0,0,0,0,0,44,0,0,8
213,1524,6.50847,384,100,0,0,0,0,0,0,49,0,0,10
214,1112,6.75,378,100,0,0,0,0,0,0,42,0,0,14
215,1248,6.65,399,100,0,0,0,0,0,0,47,0,0,13
216,1208,6.61111,357,100,0,0,0,0,0,0,43,0,0,11
217,1352,6.75,378,100,0,0,0,0,0,0,42,0,0,14
218,1160,6.50847,384,100,0,0,0,0,0,0,49,0,0,10
219,932,6.4,384,100,0,0,0,0,0,0,52,0,0,8
220,1136,6.38095,402,100,0,0,0,0,0,0,55,0,0,8
221,1120,6.29508,384,100,0,0,0,0,0,0,55,0,0,6
222,888,6.19048,390,100,0,0,0,0,0,0,59,0,0,4
223,1304,6.36923,414,100,0,0,0,0,0,0,57,0,0,8
224,1236,6.33871,393,100,0,0,0,0,0,0,55,0,0,7
225,1152,6.29508,384,100,0,0,0,0,0,0,55,0,0,6
226,1128,6.2069,360,100,0,0,0,0,0,0,54,0,0,4
227,1512,6.49254,435,100,0,0,0,0,0,0,56,0,0,11
228,1296,6.42857,405,100,0,0,0,0,0,0,54,0,0,9
229,1196,6.46154,420,100,0,0,0,0,0,0,55,0,0,10
230,1012,6.45763,381,100,0,0,0,0,0,0,50,0,0,9
231,1200,6.40678,378,100,0,0,0,0,0,0,51,0,0,8
232,1232,6.4,384,100,0,0,0,0,0,0,52,0,0,8
233,1468,6.58065,408,100,0,0,0,0,0,0,50,0,0,12
234,1568,6.44262,393,100,0,0,0,0,0,0,52,0,0,9
235,1340,6.53226,405,100,0,0,0,0,0,0,51,0,0,11
236,1640,6.28125,402,100,0,0,0,0,0,0,58,0,0,6
237,1420,6.61017,390,100,0,0,0,0,0,0,47,0,0,12
238,1336,6.55,393,100,0,0,0,0,0,0,49,0,0,11
239,1176,6.50847,384,100,0,0,0,0,0,0,49,0,0,10
240,1292,6.32308,411,100,0,0,0,0,0,0,58,0,0,7
241,1228,6.2381,393,100,0,0,0,0,0,0,58,0,0,5
242,1212,6.2459,381,100,0,0,0,0,0,0,56,0,0,5
243,1396,6.24194,387,100,0,0,0,0,0,0,57,0,0,5
244,1464,6.2459,381,100,0,0,0,0,0,0,56,0,0,5
245,1336,6.21818,342,100,0,0,0,0,0,0,51,0,0,4
246,1340,6.25,375,100,0,0,0,0,0,0,55,0,0,5
247,1332,6.36207,369,100,0,0,0,0,0,0,51,0,0,7
248,1432,6.36207,369,100,0,0,0,0,0,0,51,0,0,7
249,1380,6.32143,354,100,0,0,0,0,0,0,50,0,0,6
250,1536,6.51724,378,100,0,0,0,0,0,0,48,0,0,10
251,1108,6.3,378,100,0,0,0,0,0,0,54,0,0,6
252,1316,6.28125,402,100,0,0,0,0,0,0,58,0,0,6
253,1176,6.34426,387,100,0,0,0,0,0,0,54,0,0,7
254,1012,6.3,378,100,0,0,0,0,0,0,54,0,0,6
255,1220,6.33333,399,100,0,0,0,0,0,0,56,0,0,7
256,1116,6.25424,369,100,0,0,0,0,0,0,54,0,0,5
257,1176,6.25424,369,100,0,0,0,0,0,0,54,0,0,5
258,1212,6.24194,387,100,0,0,0,0,0,0,57,0,0,5
259,1096,6.16071,345,100,0,0,0,0,0,0,53,0,0,3
260,1252,6.2069,360,100,0,0,0,0,0,0,54,0,0,4
261,964,6.16071,345,100,0,0,0,0,0,0,53,0,0,3
262,1136,6.15517,357,100,0,0,0,0,0,0,55,0,0,3
263,1212,6.18462,402,100,0,0,0,0,0,0,61,0,0,4
264,1028,6.09524,384,100,0,0,0,0,0,0,61,0,0,2
265,992,6.10526,348,100,0,0,0,0,0,0,55,0,0,2
266,948,6.05172,351,100,0,0,0,0,0,0,57,0,0,1
267,956,6.03571,338,100,0,0,0,0,0,0,55,0,1,0
268,892,6.05263,345,100,0,0,0,0,0,0,56,0,0,1
269,1040,6,384,100,0,0,0,0,0,0,64,0,0,0
270,972,6,366,100,0,0,0,0,0,0,61,0,0,0
271,1212,6,396,100,0,0,0,0,0,0,66,0,0,0
272,1536,6.04688,387,100,0,0,0,0,0,0,63,0,0,1
273,1300,6.04615,393,100,0,0,0,0,0,0,64,0,0,1
274,1160,6.04918,369,100,0,0,0,0,0,0,60,0,0,1
275,1280,6.05,363,100,0,0,0,0,0,0,59,0,0,1
276,1332,6,384,100,0,0,0,0,0,0,64,0,0,0
277,992,6.1,366,100,0,0,0,0,0,0,58,0,0,2
278,1216,6.05263,345,100,0,0,0,0,0,0,56,0,0,1
279,1656,6.14516,381,100,0,0,0,0,0,0,59,0,0,3
280,1308,6.25424,369,100,0,0,0,0,0,0,54,0,0,5
281,1144,6.2,372,100,0,0,0,0,0,0,56,0,0,4
282,1376,6.2381,393,100,0,0,0,0,0,0,58,0,0,5
283,1476,6.35,381,100,0,0,0,0,0,0,53,0,0,7
284,1468,6.31818,417,100,0,0,0,0,0,0,59,0,0,7
285,1460,6.28125,402,100,0,0,0,0,0,0,58,0,0,6
286,1240,6.29508,384,100,0,0,0,0,0,0,55,0,0,6
287,1324,6.3,378,100,0,0,0,0,0,0,54,0,0,6
288,1500,6.29032,390,100,0,0,0,0,0,0,56,0,0,6
289,1332,6.30508,372,100,0,0,0,0,0,0,53,0,0,6
290,1516,6.3,378,100,0,0,0,0,0,0,54,0,0,6
291,1472,6.29508,384,100,0,0,0,0,0,0,55,0,0,6
292,1296,6.50943,345,100,0,0,0,0,0,0,44,0,0,9
293,1236,6.15517,357,100,0,0,0,0,0,0,55,0,0,3
294,1364,6.2459,381,100,0,0,0,0,0,0,56,0,0,5
295,1284,6.30508,372,100,0,0,0,0,0,0,53,0,0,6
296,1528,6.25,375,100,0,0,0,0,0,0,55,0,0,5
297,1620,6.31343,423,100,0,0,0,0,0,0,60,0,0,7
298,1568,6.34426,387,100,0,0,0,0,0,0,54,0,0,7
299,1632,6.375,357,100,0,0,0,0,0,0,49,0,0,7
300,1600,6.32143,354,100,0,0,0,0,0,0,50,0,0,6
301,1036,6.20339,366,100,0,0,0,0,0,0,55,0,0,4
302,1152,6.24194,387,100,0,0,0,0,0,0,57,0,0,5
303,1068,6.21818,342,100,0,0,0,0,0,0,51,0,0,4
304,1144,6.32727,348,100,0,0,0,0,0,0,49,0,0,6
305,1056,6.1746,389,100,0,0,0,0,0,0,59,0,1,3
306,1228,6.23438,399,100,0,0,0,0,0,0,59,0,0,5
307,1100,6.16071,345,100,0,0,0,0,0,0,53,0,0,3
308,1148,6.25862,363,100,0,0,0,0,0,0,53,0,0,5
309,1292,6.22727,411,100,0,0,0,0,0,0,61,0,0,5
310,1032,6.12676,435,100,0,0,0,0,0,0,68,0,0,3
311,980,6.14062,393,100,0,0,0,0,0,0,61,0,0,3
312,1080,6.27273,414,100,0,0,0,0,0,0,60,0,0,6
313,1060,6.23438,399,100,0,0,0,0,0,0,59,0,0,5
314,832,6.09231,396,100,0,0,0,0,0,0,63,0,0,2
315,904,6.19048,390,100,0,0,0,0,0,0,59,0,0,4
316,980,6.26316,357,100,0,0,0,0,0,0,52,0,0,5
317,1028,6.33871,393,100,0,0,0,0,0,0,55,0,0,7
318,896,6.15789,351,100,0,0,0,0,0,0,54,0,0,3
319,1172,6.21429,348,100,0,0,0,0,0,0,52,0,0,4
320,1032,6.3,378,100,0,0,0,0,0,0,54,0,0,6
321,1304,6.34426,387,100,0,0,0,0,0,0,54,0,0,7
322,1180,6.29032,390,100,0,0,0,0,0,0,56,0,0,6
323,956,6.23438,399,100,0,0,0,0,0,0,59,0,0,5
324,936,6.14286,387,100,0,0,0,0,0,0,60,0,0,3
325,1184,6.125,392,100,0,0,0,0,0,0,61,0,1,2
326,1532,6.125,392,100,0,0,0,0,0,0,61,0,1,2
327,1524,6.04545,399,100,0,0,0,0,0,0,65,0,0,1
328,1700,6.23438,399,100,0,0,0,0,0,0,59,0,0,5
329,1628,6.19048,390,100,0,0,0,0,0,0,59,0,0,4
330,1712,6.14754,375,100,0,0,0,0,0,0,58,0,0,3
331,1544,6.17143,432,100,0,0,0,0,0,0,66,0,0,4
332,1524,6.09836,372,100,0,0,0,0,0,0,59,0,0,2
333,992,6.15789,351,100,0,0,0,0,0,0,54,0,0,3
334,1108,6.09375,390,100,0,0,0,0,0,0,62,0,0,2
335,1128,6.14754,375,100,0,0,0,0,0,0,58,0,0,3
336,1300,6.09677,378,100,0,0,0,0,0,0,60,0,0,2
337,1320,6.2069,360,100,0,0,0,0,0,0,54,0,0,4
338,1224,6.10714,342,100,0,0,0,0,0,0,54,0,0,2
339,1336,6.22222,336,100,0,0,0,0,0,0,50,0,0,4
340,1516,6.10345,354,100,0,0,0,0,0,0,56,0,0,2
341,1320,6.09677,378,100,0,0,0,0,0,0,60,0,0,2
342,1292,6.15789,351,100,0,0,0,0,0,0,54,0,0,3
343,1648,6.09524,384,100,0,0,0,0,0,0,61,0,0,2
344,1432,6.05085,357,100,0,0,0,0,0,0,58,0,0,1
345,1744,6.05,363,100,0,0,0,0,0,0,59,0,0,1
346,1660,6.10345,354,100,0,0,0,0,0,0,56,0,0,2
347,1724,6.15,369,100,0,0,0,0,0,0,57,0,0,3
348,1580,6.27778,339,100,0,0,0,0,0,0,49,0,0,5
349,1540,6.38889,345,100,0,0,0,0,0,0,47,0,0,7
350,1728,6.45283,342,100,0,0,0,0,0,0,45,0,0,8
351,1852,6.25862,363,100,0,0,0,0,0,0,53,0,0,5
352,1760,6.26316,357,100,0,0,0,0,0,0,52,0,0,5
353,1744,6.38889,345,100,0,0,0,0,0,0,47,0,0,7
354,1792,6.27273,345,100,0,0,0,0,0,0,50,0,0,5
355,1940,6.42,321,100,0,0,0,0,0,0,43,0,0,7
356,1684,6.45283,342,100,0,0,0,0,0,0,45,0,0,8
357,1488,6.32727,348,100,0,0,0,0,0,0,49,0,0,6
358,1772,6.21429,348,100,0,0,0,0,0,0,52,0,0,4
359,1892,6.36842,363,100,0,0,0,0,0,0,50,0,0,7
360,1624,6.38182,351,100,0,0,0,0,0,0,48,0,0,7
361,1508,6.48214,363,100,0,0,0,0,0,0,47,0,0,9
362,1620,6.44262,393,100,0,0,0,0,0,0,52,0,0,9
363,1704,6.48214,363,100,0,0,0,0,0,0,47,0,0,9
364,1856,6.47368,369,100,0,0,0,0,0,0,48,0,0,9
365,1632,6.43636,354,100,0,0,0,0,0,0,47,0,0,8
366,1264,6.46552,375,100,0,0,0,0,0,0,49,0,0,9
367,1304,6.61017,390,100,0,0,0,0,0,0,47,0,0,12
368,1232,6.42105,366,100,0,0,0,0,0,0,49,0,0,8
369,1476,6.49091,357,100,0,0,0,0,0,0,46,0,0,9
370,1384,6.42105,366,100,0,0,0,0,0,0,49,0,0,8
371,1352,6.46552,375,100,0,0,0,0,0,0,49,0,0,9
372,1400,6.38983,377,100,0,0,0,0,0,0,51,0,1,7
373,1520,6.50877,371,100,0,0,0,0,0,0,47,0,1,9
374,1500,6.78333,407,100,0,0,0,0,0,0,44,0,1,15
375,1224,6.5,377,100,0,0,0,0,0,0,48,0,1,9
376,1356,6.77049,413,100,0,0,0,0,0,0,45,0,1,15
377,1624,6.62295,404,100,0,0,0,0,0,0,48,0,1,12
378,1412,6.58182,362,100,0,0,0,0,0,0,44,0,1,10
379,1560,6.5,390,100,0,0,0,0,0,0,50,0,0,10
380,1604,6.66102,393,100,0,0,0,0,0,0,46,0,0,13
381,1396,6.55,393,100,0,0,0,0,0,0,49,0,0,11
382,1648,6.59016,402,100,0,0,0,0,0,0,49,0,0,12
383,1660,6.54098,399,100,0,0,0,0,0,0,50,0,0,11
384,1828,6.58929,369,100,0,0,0,0,0,0,45,0,0,11
385,2028,6.83607,417,100,0,0,0,0,0,0,44,0,0,17
386,1868,6.81818,375,100,0,0,0,0,0,0,40,0,0,15
387,1664,6.67241,387,100,0,0,0,0,0,0,45,0,0,13
388,1932,6.78689,414,100,0,0,0,0,0,0,45,0,0,16
389,1836,7,399,100,0,0,0,0,0,0,38,0,0,19
390,1620,6.86441,405,100,0,0,0,0,0,0,42,0,0,17
391,1744,6.89474,393,100,0,0,0,0,0,0,40,0,0,17
392,1516,6.77586,393,100,0,0,0,0,0,0,43,0,0,15
393,1376,6.82258,423,100,0,0,0,0,0,0,45,0,0,17
394,1276,6.83607,417,100,0,0,0,0,0,0,44,0,0,17
395,1232,6.8,408,100,0,0,0,0,0,0,44,0,0,16
396,1440,6.77419,420,100,0,0,0,0,0,0,46,0,0,16
397,1448,6.7377,411,100,0,0,0,0,0,0,46,0,0,15
398,1516,6.71429,423,100,0,0,0,0,0,0,48,0,0,15
399,1880,6.87097,426,100,0,0,0,0,0,0,44,0,0,18
400,1776,6.89552,462,100,0,0,0,0,0,0,47,0,0,20
401,1472,7.05,423,100,0,0,0,0,0,0,39,0,0,21
402,1668,7,462,100,0,0,0,0,0,0,44,0,0,22
403,1504,6.96923,453,100,0,0,0,0,0,0,44,0,0,21
404,1684,7.05,423,100,0,0,0,0,0,0,39,0,0,21
405,1516,7.03448,408,100,0,0,0,0,0,0,38,0,0,20
406,1620,6.93443,423,100,0,0,0,0,0,0,42,0,0,19
407,1508,6.65,399,100,0,0,0,0,0,0,47,0,0,13
408,1676,6.5,390,100,0,0,0,0,0,0,50,0,0,10
409,1456,6.72414,390,100,0,0,0,0,0,0,44,0,0,14
410,1472,6.82759,396,100,0,0,0,0,0,0,42,0,0,16
411,1400,6.63934,405,100,0,0,0,0,0,0,48,0,0,13
412,1500,6.42857,405,100,0,0,0,0,0,0,54,0,0,9
413,1312,6.49091,357,100,0,0,0,0,0,0,46,0,0,9
414,1576,6.45,387,100,0,0,0,0,0,0,51,0,0,9
415,1504,6.48387,402,100,0,0,0,0,0,0,52,0,0,10
416,1620,6.62069,384,100,0,0,0,0,0,0,46,0,0,12
417,1656,6.50769,423,100,0,0,0,0,0,0,54,0,0,11
418,1488,6.45763,381,100,0,0,0,0,0,0,50,0,0,9
419,1380,6.55932,387,100,0,0,0,0,0,0,48,0,0,11
420,1556,6.86441,405,100,0,0,0,0,0,0,42,0,0,17
421,1536,6.7,402,100,0,0,0,0,0,0,46,0,0,14
422,1320,6.6,396,100,0,0,0,0,0,0,48,0,0,12
423,1388,6.78947,387,100,0,0,0,0,0,0,42,0,0,15
424,1552,6.85714,384,100,0,0,0,0,0,0,40,0,0,16
425,1396,6.72222,363,100,0,0,0,0,0,0,41,0,0,13
426,1460,6.80357,381,100,0,0,0,0,0,0,41,0,0,15
427,1788,7.25,435,100,0,0,0,0,0,0,35,0,0,25
428,1632,7.11111,384,100,0,0,0,0,0,0,34,0,0,20
429,1844,6.98182,384,100,0,0,0,0,0,0,37,0,0,18
430,1820,7.26923,378,100,0,0,0,0,0,0,30,0,0,22
431,1980,7.28571,408,100,0,0,0,0,0,0,32,0,0,24
432,1972,7.33929,411,100,0,0,0,0,0,0,31,0,0,25
433,1580,7.27119,429,100,0,0,0,0,0,0,34,0,0,25
434,1304,7.13208,378,100,0,0,0,0,0,0,33,0,0,20
435,1408,7.03636,387,100,0,0,0,0,0,0,36,0,0,19
436,1704,6.87692,447,100,0,0,0,0,0,0,46,0,0,19
437,1324,6.77778,366,100,0,0,0,0,0,0,40,0,0,14
438,1372,6.79661,401,100,0,0,0,0,0,0,43,0,1,15
439,1456,6.72414,390,100,0,0,0,0,0,0,44,0,0,14
440,1484,6.8,408,100,0,0,0,0,0,0,44,0,0,16
441,1724,6.87097,426,100,0,0,0,0,0,0,44,0,0,18
442,1552,6.63934,405,100,0,0,0,0,0,0,48,0,0,13
443,1300,6.87931,399,100,0,0,0,0,0,0,41,0,0,17
444,1532,6.93103,402,100,0,0,0,0,0,0,40,0,0,18
445,1424,6.88889,372,100,0,0,0,0,0,0,38,0,0,16
446,1588,6.84211,390,100,0,0,0,0,0,0,41,0,0,16
447,1560,6.72222,363,100,0,0,0,0,0,0,41,0,0,13
448,1580,6.78689,414,100,0,0,0,0,0,0,45,0,0,16
449,1468,6.67241,387,100,0,0,0,0,0,0,45,0,0,13
450,1664,6.53226,405,100,0,0,0,0,0,0,51,0,0,11
451,1668,6.5625,420,100,0,0,0,0,0,0,52,0,0,12
452,1644,6.61017,390,100,0,0,0,0,0,0,47,0,0,12
453,1532,6.58065,408,100,0,0,0,0,0,0,50,0,0,12
454,1436,6.61017,390,100,0,0,0,0,0,0,47,0,0,12
455,1256,6.36,318,100,0,0,0,0,0,0,44,0,0,6
456,1292,6.48214,363,100,0,0,0,0,0,0,47,0,0,9
457,1372,6.33333,342,100,0,0,0,0,0,0,48,0,0,6
458,1768,6.31034,366,100,0,0,0,0,0,0,52,0,0,6
459,1660,6.31579,360,100,0,0,0,0,0,0,51,0,0,6
460,1516,6.42105,366,100,0,0,0,0,0,0,49,0,0,8
461,1604,6.53571,366,100,0,0,0,0,0,0,46,0,0,10
462,1488,6.62264,351,100,0,0,0,0,0,0,42,0,0,11
463,1600,6.55,393,100,0,0,0,0,0,0,49,0,0,11
464,1548,6.50847,384,100,0,0,0,0,0,0,49,0,0,10
465,1612,6.38983,377,100,0,0,0,0,0,0,51,0,1,7
466,1596,6.38889,345,100,0,0,0,0,0,0,47,0,0,7
467,1468,6.31579,360,100,0,0,0,0,0,0,51,0,0,6
468,1312,6.33333,342,100,0,0,0,0,0,0,48,0,0,6
469,1316,6.45,387,100,0,0,0,0,0,0,51,0,0,9
470,976,6.36842,363,100,0,0,0,0,0,0,50,0,0,7
471,1268,6.42188,411,100,0,0,0,0,0,0,55,0,0,9
472,1144,6.21818,342,100,0,0,0,0,0,0,51,0,0,4
473,1248,6.33871,393,100,0,0,0,0,0,0,55,0,0,7
474,1568,6.3871,396,100,0,0,0,0,0,0,54,0,0,8
475,1408,6.20339,366,100,0,0,0,0,0,0,55,0,0,4
476,1520,6.20339,366,100,0,0,0,0,0,0,55,0,0,4
477,1392,6.33871,393,100,0,0,0,0,0,0,55,0,0,7
478,1468,6.29508,384,100,0,0,0,0,0,0,55,0,0,6
479,1288,6.24194,387,100,0,0,0,0,0,0,57,0,0,5
480,1236,6.14754,375,100,0,0,0,0,0,0,58,0,0,3
481,1584,6.19672,378,100,0,0,0,0,0,0,57,0,0,4
482,1660,6.2459,381,100,0,0,0,0,0,0,56,0,0,5
483,1760,6.15,369,100,0,0,0,0,0,0,57,0,0,3
484,1708,6.10169,360,100,0,0,0,0,0,0,57,0,0,2
485,2064,6.19355,384,100,0,0,0,0,0,0,58,0,0,4
486,1984,6.21429,348,100,0,0,0,0,0,0,52,0,0,4
487,2064,6.26786,351,100,0,0,0,0,0,0,51,0,0,5
488,2252,6.19672,378,100,0,0,0,0,0,0,57,0,0,4
489,1432,6.31034,366,100,0,0,0,0,0,0,52,0,0,6
490,1664,6.43636,354,100,0,0,0,0,0,0,47,0,0,8
491,1812,6.51923,339,100,0,0,0,0,0,0,43,0,0,9
492,1796,6.375,408,100,0,0,0,0,0,0,56,0,0,8
493,1632,6.26786,351,100,0,0,0,0,0,0,51,0,0,5
494,1760,6.51724,378,100,0,0,0,0,0,0,48,0,0,10
495,1808,6.40678,378,100,0,0,0,0,0,0,51,0,0,8
496,2028,6.42188,411,100,0,0,0,0,0,0,55,0,0,9
497,1968,6.5,377,100,0,0,0,0,0,0,48,0,1,9
498,2328,6.66102,393,100,0,0,0,0,0,0,46,0,0,13
499,1928,6.82759,396,100,0,0,0,0,0,0,42,0,0,16
500,1988,6.95,417,100,0,0,0,0,0,0,41,0,0,19
501,2032,6.98361,426,100,0,0,0,0,0,0,41,0,0,20
502,2028,6.95,417,100,0,0,0,0,0,0,41,0,0,19
503,2148,6.75,405,100,0,0,0,0,0,0,45,0,0,15
504,2116,6.84211,390,100,0,0,0,0,0,0,41,0,0,16
505,1760,6.77586,393,100,0,0,0,0,0,0,43,0,0,15
506,1760,6.70909,369,100,0,0,0,0,0,0,42,0,0,13
507,1688,6.8,408,100,0,0,0,0,0,0,44,0,0,16
508,1896,6.78947,387,100,0,0,0,0,0,0,42,0,0,15
509,1876,6.87931,399,100,0,0,0,0,0,0,41,0,0,17
510,1928,7.03448,408,100,0,0,0,0,0,0,38,0,0,20
511,1972,6.87931,399,100,0,0,0,0,0,0,41,0,0,17
512,2164,6.93103,402,100,0,0,0,0,0,0,40,0,0,18
513,2152,6.92308,360,100,0,0,0,0,0,0,36,0,0,16
514,2064,6.64286,372,100,0,0,0,0,0,0,44,0,0,12
515,2056,6.73585,357,100,0,0,0,0,0,0,40,0,0,13
516,1588,6.77778,366,100,0,0,0,0,0,0,40,0,0,14
517,1988,6.77586,393,100,0,0,0,0,0,0,43,0,0,15
518,1736,6.73684,384,100,0,0,0,0,0,0,43,0,0,14
519,1928,6.72414,390,100,0,0,0,0,0,0,44,0,0,14
520,1568,6.76271,399,100,0,0,0,0,0,0,44,0,0,15
521,1256,6.78947,387,100,0,0,0,0,0,0,42,0,0,15
522,1380,6.76271,399,100,0,0,0,0,0,0,44,0,0,15
523,1500,6.67742,414,100,0,0,0,0,0,0,48,0,0,14
524,1732,6.7619,426,100,0,0,0,0,0,0,47,0,0,16
525,1436,6.69643,375,100,0,0,0,0,0,0,43,0,0,13
526,1532,6.76364,372,100,0,0,0,0,0,0,41,0,0,14
527,1804,6.67742,414,100,0,0,0,0,0,0,48,0,0,14
528,1436,6.64286,372,100,0,0,0,0,0,0,44,0,0,12
529,1348,6.69643,375,100,0,0,0,0,0,0,43,0,0,13
530,1364,6.54545,360,100,0,0,0,0,0,0,45,0,0,10
531,1504,6.29508,384,100,0,0,0,0,0,0,55,0,0,6
532,1348,6.31034,366,100,0,0,0,0,0,0,52,0,0,6
533,1244,6.2381,393,100,0,0,0,0,0,0,58,0,0,5
534,1256,6.47368,369,100,0,0,0,0,0,0,48,0,0,9
535,1580,6.43548,399,100,0,0,0,0,0,0,53,0,0,9
536,1388,6.51724,378,100,0,0,0,0,0,0,48,0,0,10
537,1728,6.4918,396,100,0,0,0,0,0,0,51,0,0,10
538,1416,6.62903,411,100,0,0,0,0,0,0,49,0,0,13
539,1444,6.41538,417,100,0,0,0,0,0,0,56,0,0,9
540,1408,6.3871,396,100,0,0,0,0,0,0,54,0,0,8
541,1352,6.51724,378,100,0,0,0,0,0,0,48,0,0,10
542,1192,6.61017,390,100,0,0,0,0,0,0,47,0,0,12
543,1496,6.71186,396,100,0,0,0,0,0,0,45,0,0,14
544,1688,6.98276,405,100,0,0,0,0,0,0,39,0,0,19
545,1652,6.48214,363,100,0,0,0,0,0,0,47,0,0,9
546,1868,6.71186,396,100,0,0,0,0,0,0,45,0,0,14
547,1632,6.76271,399,100,0,0,0,0,0,0,44,0,0,15
548,1712,6.55,393,100,0,0,0,0,0,0,49,0,0,11
549,1588,6.72222,363,100,0,0,0,0,0,0,41,0,0,13
550,1624,6.50847,384,100,0,0,0,0,0,0,49,0,0,10
551,1408,6.55932,387,100,0,0,0,0,0,0,48,0,0,11
552,1392,6.5,351,100,0,0,0,0,0,0,45,0,0,9
553,1316,6.48214,363,100,0,0,0,0,0,0,47,0,0,9
554,1512,6.39344,390,100,0,0,0,0,0,0,53,0,0,8
555,1604,6.33333,342,100,0,0,0,0,0,0,48,0,0,6
556,1320,6.19355,384,100,0,0,0,0,0,0,58,0,0,4
557,1172,6.16071,345,100,0,0,0,0,0,0,53,0,0,3
558,1576,6.2381,393,100,0,0,0,0,0,0,58,0,0,5
559,1524,6.21053,354,100,0,0,0,0,0,0,53,0,0,4
560,1624,6.35593,375,100,0,0,0,0,0,0,52,0,0,7
561,1368,6.20339,366,100,0,0,0,0,0,0,55,0,0,4
562,1500,6.2069,360,100,0,0,0,0,0,0,54,0,0,4
563,1248,6.22222,336,100,0,0,0,0,0,0,50,0,0,4
564,1552,6.14516,381,100,0,0,0,0,0,0,59,0,0,3
565,1552,6.19355,384,100,0,0,0,0,0,0,58,0,0,4
566,1332,6.28571,396,100,0,0,0,0,0,0,57,0,0,6
567,1324,6.31034,366,100,0,0,0,0,0,0,52,0,0,6
568,1296,6.29032,390,100,0,0,0,0,0,0,56,0,0,6
569,1360,6.38095,402,100,0,0,0,0,0,0,55,0,0,8
570,1432,6.46552,375,100,0,0,0,0,0,0,49,0,0,9
571,1384,6.50847,384,100,0,0,0,0,0,0,49,0,0,10
572,1612,6.48387,402,100,0,0,0,0,0,0,52,0,0,10
573,1568,6.39344,390,100,0,0,0,0,0,0,53,0,0,8
574,1512,6.4918,396,100,0,0,0,0,0,0,51,0,0,10
575,1584,6.71186,396,100,0,0,0,0,0,0,45,0,0,14
576,1628,6.75,405,100,0,0,0,0,0,0,45,0,0,15
577,1416,6.86441,405,100,0,0,0,0,0,0,42,0,0,17
578,1672,6.7619,426,100,0,0,0,0,0,0,47,0,0,16
579,1532,6.62069,384,100,0,0,0,0,0,0,46,0,0,12
580,1620,6.66102,393,100,0,0,0,0,0,0,46,0,0,13
581,1500,6.50794,410,100,0,0,0,0,0,0,52,0,1,10
582,1368,6.45763,381,100,0,0,0,0,0,0,50,0,0,9
583,1632,6.3871,396,100,0,0,0,0,0,0,54,0,0,8
584,1416,6.42105,366,100,0,0,0,0,0,0,49,0,0,8
585,1360,6.38889,345,100,0,0,0,0,0,0,47,0,0,7
586,1504,6.5,390,100,0,0,0,0,0,0,50,0,0,10
587,1512,6.69643,375,100,0,0,0,0,0,0,43,0,0,13
588,1648,6.56897,381,100,0,0,0,0,0,0,47,0,0,11
589,1544,6.53571,366,100,0,0,0,0,0,0,46,0,0,10
590,1728,6.72581,417,100,0,0,0,0,0,0,47,0,0,15
591,1400,6.38182,351,100,0,0,0,0,0,0,48,0,0,7
592,1528,6.71186,396,100,0,0,0,0,0,0,45,0,0,14
593,1500,6.62069,384,100,0,0,0,0,0,0,46,0,0,12
594,1664,6.59016,402,100,0,0,0,0,0,0,49,0,0,12
595,1592,6.6,363,100,0,0,0,0,0,0,44,0,0,11
596,1460,6.48214,363,100,0,0,0,0,0,0,47,0,0,9
597,1444,6.6,363,100,0,0,0,0,0,0,44,0,0,11
598,1432,6.76364,372,100,0,0,0,0,0,0,41,0,0,14
599,1584,6.7,402,100,0,0,0,0,0,0,46,0,0,14
600,1424,6.6,396,100,0,0,0,0,0,0,48,0,0,12
601,1448,6.7377,411,100,0,0,0,0,0,0,46,0,0,15
602,1340,6.89062,441,100,0,0,0,0,0,0,45,0,0,19
603,1428,6.73684,384,100,0,0,0,0,0,0,43,0,0,14
604,1752,6.72414,390,100,0,0,0,0,0,0,44,0,0,14
605,1612,6.93103,402,100,0,0,0,0,0,0,40,0,0,18
606,1928,6.88525,420,100,0,0,0,0,0,0,43,0,0,18
607,2304,7.17857,402,100,0,0,0,0,0,0,34,0,0,22
608,2068,6.98182,384,100,0,0,0,0,0,0,37,0,0,18
609,1576,6.77586,393,100,0,0,0,0,0,0,43,0,0,15
610,1852,6.8,408,100,0,0,0,0,0,0,44,0,0,16
611,1608,6.93443,423,100,0,0,0,0,0,0,42,0,0,19
612,1320,7.13793,414,100,0,0,0,0,0,0,36,0,0,22
613,1680,7.3,438,100,0,0,0,0,0,0,34,0,0,26
614,1504,7.27778,393,100,0,0,0,0,0,0,31,0,0,23
615,1672,7.58491,402,100,0,0,0,0,0,0,25,0,0,28
616,1576,7.61111,411,100,0,0,0,0,0,0,25,0,0,29
617,1456,7.75862,450,100,0,0,0,0,0,0,24,0,0,34
618,1416,7.60345,441,100,0,0,0,0,0,0,27,0,0,31
619,1392,7.5,435,100,0,0,0,0,0,0,29,0,0,29
620,1364,7.5,450,100,0,0,0,0,0,0,30,0,0,30
621,1268,7.30909,402,100,0,0,0,0,0,0,31,0,0,24
622,1320,7.34483,426,100,0,0,0,0,0,0,32,0,0,26
623,1700,7.40625,474,100,0,0,0,0,0,0,34,0,0,30
624,1596,7.2,468,100,0,0,0,0,0,0,39,0,0,26
625,1996,7.25373,486,100,0,0,0,0,0,0,39,0,0,28
626,1892,7.47458,441,100,0,0,0,0,0,0,30,0,0,29
627,2272,7.55,453,100,0,0,0,0,0,0,29,0,0,31
628,2292,7.6,456,100,0,0,0,0,0,0,28,0,0,32
629,2200,7.55357,423,100,0,0,0,0,0,0,27,0,0,29
630,1972,7.47273,411,100,0,0,0,0,0,0,28,0,0,27
631,1844,7.5,420,100,0,0,0,0,0,0,28,0,0,28
632,1908,7.39286,414,100,0,0,0,0,0,0,30,0,0,26
633,1504,7.64151,405,100,0,0,0,0,0,0,24,0,0,29
634,1880,7.54839,468,100,0,0,0,0,0,0,30,0,0,32
635,1392,7.26316,414,100,0,0,0,0,0,0,33,0,0,24
636,1356,7.44643,417,100,0,0,0,0,0,0,29,0,0,27
637,1512,7.42857,468,100,0,0,0,0,0,0,33,0,0,30
638,1440,7.34483,426,100,0,0,0,0,0,0,32,0,0,26
639,1552,7.35,441,100,0,0,0,0,0,0,33,0,0,27
640,1436,7.08621,411,100,0,0,0,0,0,0,37,0,0,21
641,1340,6.93103,402,100,0,0,0,0,0,0,40,0,0,18
642,1524,7.15,429,100,0,0,0,0,0,0,37,0,0,23
643,1524,6.91935,429,100,0,0,0,0,0,0,43,0,0,19
644,1692,6.9,414,100,0,0,0,0,0,0,42,0,0,18
645,1684,7,441,100,0,0,0,0,0,0,42,0,0,21
646,1688,7.1129,441,100,0,0,0,0,0,0,39,0,0,23
647,1752,7.01613,435,100,0,0,0,0,0,0,41,0,0,21
648,1836,7.03279,429,100,0,0,0,0,0,0,40,0,0,21
649,1860,7.21053,411,100,0,0,0,0,0,0,34,0,0,23
650,1760,7.2,396,100,0,0,0,0,0,0,33,0,0,22
651,1892,7.28571,408,100,0,0,0,0,0,0,32,0,0,24
652,2000,7.23214,405,100,0,0,0,0,0,0,33,0,0,23
653,2056,7.24138,420,100,0,0,0,0,0,0,34,0,0,24
654,2256,7.22951,441,100,0,0,0,0,0,0,36,0,0,25
655,2164,7.18868,381,100,0,0,0,0,0,0,32,0,0,21
656,2052,7.5,375,100,0,0,0,0,0,0,25,0,0,25
657,2320,7.38462,384,100,0,0,0,0,0,0,28,0,0,24
658,2392,7.18966,417,100,0,0,0,0,0,0,35,0,0,23
659,2436,7.36364,405,100,0,0,0,0,0,0,30,0,0,25
660,2256,7.25455,399,100,0,0,0,0,0,0,32,0,0,23
661,2156,7.13208,378,100,0,0,0,0,0,0,33,0,0,20
662,2324,7.18966,417,100,0,0,0,0,0,0,35,0,0,23
663,2432,6.89474,393,100,0,0,0,0,0,0,40,0,0,17
664,2536,6.98182,384,100,0,0,0,0,0,0,37,0,0,18
665,2212,6.90566,366,100,0,0,0,0,0,0,37,0,0,16
666,2096,6.70909,369,100,0,0,0,0,0,0,42,0,0,13
667,1668,6.88889,372,100,0,0,0,0,0,0,38,0,0,16
668,1784,6.7377,411,100,0,0,0,0,0,0,46,0,0,15
669,2052,6.98276,405,100,0,0,0,0,0,0,39,0,0,19
670,1784,6.76471,345,100,0,0,0,0,0,0,38,0,0,13
671,1888,6.84,342,100,0,0,0,0,0,0,36,0,0,14
672,1956,6.81818,375,100,0,0,0,0,0,0,40,0,0,15
673,1692,6.78947,387,100,0,0,0,0,0,0,42,0,0,15
674,1764,6.72581,417,100,0,0,0,0,0,0,47,0,0,15
675,1676,6.48214,363,100,0,0,0,0,0,0,47,0,0,9
676,1744,6.76271,399,100,0,0,0,0,0,0,44,0,0,15
677,1472,6.72414,390,100,0,0,0,0,0,0,44,0,0,14
678,1436,6.81356,402,100,0,0,0,0,0,0,43,0,0,16
679,1748,6.87692,447,100,0,0,0,0,0,0,46,0,0,19
680,1536,6.53226,405,100,0,0,0,0,0,0,51,0,0,11
681,1412,6.7377,411,100,0,0,0,0,0,0,46,0,0,15
682,1568,6.60938,423,100,0,0,0,0,0,0,51,0,0,13
683,1732,6.65625,426,100,0,0,0,0,0,0,50,0,0,14
684,1664,6.83607,417,100,0,0,0,0,0,0,44,0,0,17
685,1836,6.98276,405,100,0,0,0,0,0,0,39,0,0,19
686,2164,7.2,432,100,0,0,0,0,0,0,36,0,0,24
687,1740,7.08621,411,100,0,0,0,0,0,0,37,0,0,21
688,2052,7.01613,435,100,0,0,0,0,0,0,41,0,0,21
689,2176,6.9661,411,100,0,0,0,0,0,0,40,0,0,19
690,2184,7,399,100,0,0,0,0,0,0,38,0,0,19
691,2392,7.05556,381,100,0,0,0,0,0,0,35,0,0,19
692,2668,6.89474,393,100,0,0,0,0,0,0,40,0,0,17
693,2400,6.8,408,100,0,0,0,0,0,0,44,0,0,16
694,1888,7,357,100,0,0,0,0,0,0,34,0,0,17
695,2196,7.13208,378,100,0,0,0,0,0,0,33,0,0,20
696,2016,7.05263,402,100,0,0,0,0,0,0,37,0,0,20
697,2140,6.76271,399,100,0,0,0,0,0,0,44,0,0,15
698,2024,7.21053,411,100,0,0,0,0,0,0,34,0,0,23
699,1648,6.85714,432,100,0,0,0,0,0,0,45,0,0,18
700,1844,6.91525,408,100,0,0,0,0,0,0,41,0,0,18
701,1756,6.66667,420,100,0,0,0,0,0,0,49,0,0,14
702,1708,6.61017,390,100,0,0,0,0,0,0,47,0,0,12
703,1908,6.85,411,100,0,0,0,0,0,0,43,0,0,17
704,1220,6.7069,389,100,0,0,0,0,0,0,44,0,1,13
705,1244,6.5614,374,100,0,0,0,0,0,0,46,0,1,10
706,1348,6.45,387,100,0,0,0,0,0,0,51,0,0,9
707,1240,6.53226,405,100,0,0,0,0,0,0,51,0,0,11
708,1172,6.48333,389,100,0,0,0,0,0,0,50,0,1,9
709,1332,6.48214,363,100,0,0,0,0,0,0,47,0,0,9
710,1344,6.53571,366,100,0,0,0,0,0,0,46,0,0,10
711,1092,6.34426,387,100,0,0,0,0,0,0,54,0,0,7
712,1304,6.46154,420,100,0,0,0,0,0,0,55,0,0,10
713,1372,6.68852,408,100,0,0,0,0,0,0,47,0,0,14
714,1304,6.54098,399,100,0,0,0,0,0,0,50,0,0,11
715,1688,6.75,405,100,0,0,0,0,0,0,45,0,0,15
716,1328,6.65,399,100,0,0,0,0,0,0,47,0,0,13
717,1420,6.7,402,100,0,0,0,0,0,0,46,0,0,14
718,1448,6.6,396,100,0,0,0,0,0,0,48,0,0,12
719,1412,6.39344,390,100,0,0,0,0,0,0,53,0,0,8
720,1332,6.45763,381,100,0,0,0,0,0,0,50,0,0,9
721,1476,6.53226,405,100,0,0,0,0,0,0,51,0,0,11
722,1388,6.66102,393,100,0,0,0,0,0,0,46,0,0,13
723,1104,6.38182,351,100,0,0,0,0,0,0,48,0,0,7
724,1100,6.61111,357,100,0,0,0,0,0,0,43,0,0,11
725,1340,6.55,393,100,0,0,0,0,0,0,49,0,0,11
726,1320,6.47368,369,100,0,0,0,0,0,0,48,0,0,9
727,1272,6.56604,348,100,0,0,0,0,0,0,43,0,0,10
728,1632,6.54098,399,100,0,0,0,0,0,0,50,0,0,11
729,1272,6.42857,360,100,0,0,0,0,0,0,48,0,0,8
730,1376,6.61017,390,100,0,0,0,0,0,0,47,0,0,12
731,1420,6.66102,393,100,0,0,0,0,0,0,46,0,0,13
732,1384,6.62069,384,100,0,0,0,0,0,0,46,0,0,12
733,1292,6.46552,375,100,0,0,0,0,0,0,49,0,0,9
734,1308,6.50847,384,100,0,0,0,0,0,0,49,0,0,10
735,1116,6.35593,375,100,0,0,0,0,0,0,52,0,0,7
736,1216,6.39623,339,100,0,0,0,0,0,0,46,0,0,7
737,1384,6.65,399,100,0,0,0,0,0,0,47,0,0,13
738,1296,6.51724,378,100,0,0,0,0,0,0,48,0,0,10
739,1264,6.57895,375,100,0,0,0,0,0,0,46,0,0,11
740,1324,6.5,390,100,0,0,0,0,0,0,50,0,0,10
741,1252,6.38182,351,100,0,0,0,0,0,0,48,0,0,7
742,1212,6.61017,390,100,0,0,0,0,0,0,47,0,0,12
743,1260,6.47368,369,100,0,0,0,0,0,0,48,0,0,9
744,1200,6.53571,366,100,0,0,0,0,0,0,46,0,0,10
745,1224,6.42105,366,100,0,0,0,0,0,0,49,0,0,8
746,1148,6.46552,375,100,0,0,0,0,0,0,49,0,0,9
747,1156,6.2459,381,100,0,0,0,0,0,0,56,0,0,5
748,980,6.30508,372,100,0,0,0,0,0,0,53,0,0,6
749,1096,6.5,390,100,0,0,0,0,0,0,50,0,0,10
750,1160,6.26786,351,100,0,0,0,0,0,0,51,0,0,5
751,908,6.21818,342,100,0,0,0,0,0,0,51,0,0,4
752,1148,6.25,375,100,0,0,0,0,0,0,55,0,0,5
753,1128,6.35,381,100,0,0,0,0,0,0,53,0,0,7
754,1220,6.36207,369,100,0,0,0,0,0,0,51,0,0,7
755,1536,6.45,387,100,0,0,0,0,0,0,51,0,0,9
756,1400,6.41379,372,100,0,0,0,0,0,0,50,0,0,8
757,1396,6.27273,345,100,0,0,0,0,0,0,50,0,0,5
758,1368,6.4918,396,100,0,0,0,0,0,0,51,0,0,10
759,1296,6.33333,342,100,0,0,0,0,0,0,48,0,0,6
760,1348,6.40678,378,100,0,0,0,0,0,0,51,0,0,8
761,1348,6.39344,390,100,0,0,0,0,0,0,53,0,0,8
762,1408,6.77586,393,100,0,0,0,0,0,0,43,0,0,15
763,1460,6.55932,387,100,0,0,0,0,0,0,48,0,0,11
764,1288,6.57895,375,100,0,0,0,0,0,0,46,0,0,11
765,1416,6.64286,372,100,0,0,0,0,0,0,44,0,0,12
766,1156,6.70909,369,100,0,0,0,0,0,0,42,0,0,13
767,1276,6.85,411,100,0,0,0,0,0,0,43,0,0,17
768,1636,6.9,414,100,0,0,0,0,0,0,42,0,0,18
769,1068,6.78,339,100,0,0,0,0,0,0,37,0,0,13
770,1108,6.72222,363,100,0,0,0,0,0,0,41,0,0,13
771,1432,6.92727,381,100,0,0,0,0,0,0,38,0,0,17
772,1528,7.08621,411,100,0,0,0,0,0,0,37,0,0,21
773,1764,6.7377,411,100,0,0,0,0,0,0,46,0,0,15
774,1712,6.65455,366,100,0,0,0,0,0,0,43,0,0,12
775,1628,6.91071,387,100,0,0,0,0,0,0,39,0,0,17
776,1232,6.6,363,100,0,0,0,0,0,0,44,0,0,11
777,1584,6.69643,375,100,0,0,0,0,0,0,43,0,0,13
778,1716,6.41379,372,100,0,0,0,0,0,0,50,0,0,8
779,2048,6.46552,375,100,0,0,0,0,0,0,49,0,0,9
780,2184,6.62069,384,100,0,0,0,0,0,0,46,0,0,12
781,2476,6.72222,363,100,0,0,0,0,0,0,41,0,0,13
782,2756,6.85714,384,100,0,0,0,0,0,0,40,0,0,16
783,2608,6.92157,353,100,0,0,0,0,0,0,35,0,1,15
784,1816,7.03704,380,100,0,0,0,0,0,0,35,0,1,18
785,1752,6.56897,381,100,0,0,0,0,0,0,47,0,0,11
786,1784,6.52632,372,100,0,0,0,0,0,0,47,0,0,10
787,1540,6.61111,357,100,0,0,0,0,0,0,43,0,0,11
788,1748,6.47368,369,100,0,0,0,0,0,0,48,0,0,9
789,1856,6.51562,417,100,0,0,0,0,0,0,53,0,0,11
790,1784,6.25424,369,100,0,0,0,0,0,0,54,0,0,5
791,1872,6.47368,369,100,0,0,0,0,0,0,48,0,0,9
792,1708,6.47368,369,100,0,0,0,0,0,0,48,0,0,9
793,1816,6.56897,381,100,0,0,0,0,0,0,47,0,0,11
794,1880,6.55932,387,100,0,0,0,0,0,0,48,0,0,11
795,1664,6.4918,396,100,0,0,0,0,0,0,51,0,0,10
796,1920,6.54098,399,100,0,0,0,0,0,0,50,0,0,11
797,1872,6.48387,402,100,0,0,0,0,0,0,52,0,0,10
798,1792,6.4918,396,100,0,0,0,0,0,0,51,0,0,10
799,1616,6.47368,369,100,0,0,0,0,0,0,48,0,0,9
800,1448,6.55556,354,100,0,0,0,0,0,0,44,0,0,10
801,1608,6.35593,375,100,0,0,0,0,0,0,52,0,0,7
802,1348,6.53571,366,100,0,0,0,0,0,0,46,0,0,10
803,1436,6.54098,399,100,0,0,0,0,0,0,50,0,0,11
804,1308,6.28846,327,100,0,0,0,0,0,0,47,0,0,5
805,1532,6.44444,348,100,0,0,0,0,0,0,46,0,0,8
806,1544,6.46154,336,100,0,0,0,0,0,0,44,0,0,8
807,1444,6.28302,333,100,0,0,0,0,0,0,48,0,0,5
808,1312,6.21053,354,100,0,0,0,0,0,0,53,0,0,4
809,1348,6.31034,366,100,0,0,0,0,0,0,52,0,0,6
810,1256,6.21429,348,100,0,0,0,0,0,0,52,0,0,4
811,1272,6.10714,342,100,0,0,0,0,0,0,54,0,0,2
812,1284,6.28302,333,100,0,0,0,0,0,0,48,0,0,5
813,1348,6.42105,366,100,0,0,0,0,0,0,49,0,0,8
814,1608,6.48214,363,100,0,0,0,0,0,0,47,0,0,9
815,1584,6.44444,348,100,0,0,0,0,0,0,46,0,0,8
816,1548,6.47368,369,100,0,0,0,0,0,0,48,0,0,9
817,1404,6.27778,339,100,0,0,0,0,0,0,49,0,0,5
818,1524,6.25,375,100,0,0,0,0,0,0,55,0,0,5
819,1492,6.15517,357,100,0,0,0,0,0,0,55,0,0,3
820,1400,6.33962,336,100,0,0,0,0,0,0,47,0,0,6
821,1104,6.20339,366,100,0,0,0,0,0,0,55,0,0,4
822,1308,6.19048,390,100,0,0,0,0,0,0,59,0,0,4
823,1256,6.25,375,100,0,0,0,0,0,0,55,0,0,5
824,1408,6.25,375,100,0,0,0,0,0,0,55,0,0,5
825,1632,6.23438,399,100,0,0,0,0,0,0,59,0,0,5
826,1312,6.2459,381,100,0,0,0,0,0,0,56,0,0,5
827,1428,6.1875,396,100,0,0,0,0,0,0,60,0,0,4
828,1320,6.43636,354,100,0,0,0,0,0,0,47,0,0,8
829,1572,6.26786,351,100,0,0,0,0,0,0,51,0,0,5
830,1740,6.31579,360,100,0,0,0,0,0,0,51,0,0,6
831,1692,6.31034,366,100,0,0,0,0,0,0,52,0,0,6
832,1576,6.21818,342,100,0,0,0,0,0,0,51,0,0,4
833,1740,6.45763,381,100,0,0,0,0,0,0,50,0,0,9
834,1740,6.25424,369,100,0,0,0,0,0,0,54,0,0,5
835,1608,6.35593,375,100,0,0,0,0,0,0,52,0,0,7
836,1360,6.27778,339,100,0,0,0,0,0,0,49,0,0,5
837,1492,6.15517,357,100,0,0,0,0,0,0,55,0,0,3
838,1412,6.11111,330,100,0,0,0,0,0,0,52,0,0,2
839,1652,6.09836,372,100,0,0,0,0,0,0,59,0,0,2
840,1400,6.1,366,100,0,0,0,0,0,0,58,0,0,2
841,1476,6.24561,356,100,0,0,0,0,0,0,52,0,1,4
842,1264,6.13559,362,100,0,0,0,0,0,0,56,0,1,2
843,1276,6.21053,354,100,0,0,0,0,0,0,53,0,0,4
844,1160,6.19672,378,100,0,0,0,0,0,0,57,0,0,4
845,1028,6.20339,366,100,0,0,0,0,0,0,55,0,0,4
846,988,6.09677,378,100,0,0,0,0,0,0,60,0,0,2
847,968,6.10526,348,100,0,0,0,0,0,0,55,0,0,2
848,888,6.15789,351,100,0,0,0,0,0,0,54,0,0,3
849,1224,6.09524,384,100,0,0,0,0,0,0,61,0,0,2
850,1328,6.19672,378,100,0,0,0,0,0,0,57,0,0,4
851,1380,6.28814,371,100,0,0,0,0,0,0,53,0,1,5
852,1740,6.35,381,100,0,0,0,0,0,0,53,0,0,7
853,2196,6.23077,405,100,0,0,0,0,0,0,60,0,0,5
854,2752,6.48387,402,100,0,0,0,0,0,0,52,0,0,10
855,2064,6.45,387,100,0,0,0,0,0,0,51,0,0,9
856,2232,6.25862,363,100,0,0,0,0,0,0,53,0,0,5
857,1588,6.6,396,100,0,0,0,0,0,0,48,0,0,12
858,2060,6.63158,378,100,0,0,0,0,0,0,45,0,0,12
859,1928,6.57895,375,100,0,0,0,0,0,0,46,0,0,11
860,1816,6.62264,351,100,0,0,0,0,0,0,42,0,0,11
861,2680,6.67241,387,100,0,0,0,0,0,0,45,0,0,13
862,2660,6.96226,369,100,0,0,0,0,0,0,36,0,0,17
863,3232,6.80357,381,100,0,0,0,0,0,0,41,0,0,15
864,3188,7,420,100,0,0,0,0,0,0,40,0,0,20
865,1560,6.77586,393,100,0,0,0,0,0,0,43,0,0,15
866,1752,6.83333,369,100,0,0,0,0,0,0,39,0,0,15
867,2484,6.82759,396,100,0,0,0,0,0,0,42,0,0,16
868,2720,6.96774,432,100,0,0,0,0,0,0,42,0,0,20
869,3224,6.78689,414,100,0,0,0,0,0,0,45,0,0,16
870,2592,7,420,100,0,0,0,0,0,0,40,0,0,20
871,2676,6.91071,387,100,0,0,0,0,0,0,39,0,0,17
872,1788,6.95,417,100,0,0,0,0,0,0,41,0,0,19
873,1960,6.91525,408,100,0,0,0,0,0,0,41,0,0,18
874,1420,6.73684,384,100,0,0,0,0,0,0,43,0,0,14
875,1560,6.83333,369,100,0,0,0,0,0,0,39,0,0,15
876,1560,6.9661,411,100,0,0,0,0,0,0,40,0,0,19
877,1956,6.96774,432,100,0,0,0,0,0,0,42,0,0,20
878,1456,6.76364,372,100,0,0,0,0,0,0,41,0,0,14
879,1492,6.71186,396,100,0,0,0,0,0,0,45,0,0,14
880,1704,6.76364,372,100,0,0,0,0,0,0,41,0,0,14
881,1536,6.84906,363,100,0,0,0,0,0,0,38,0,0,15
882,1596,6.73684,384,100,0,0,0,0,0,0,43,0,0,14
883,1396,6.78689,414,100,0,0,0,0,0,0,45,0,0,16
884,1272,6.68421,381,100,0,0,0,0,0,0,44,0,0,13
885,1216,6.48,324,100,0,0,0,0,0,0,42,0,0,8
886,1368,6.4,384,100,0,0,0,0,0,0,52,0,0,8
887,1512,6.35593,375,100,0,0,0,0,0,0,52,0,0,7
888,1216,6.32727,348,100,0,0,0,0,0,0,49,0,0,6
889,1252,6.33962,336,100,0,0,0,0,0,0,47,0,0,6
890,1300,6.26786,351,100,0,0,0,0,0,0,51,0,0,5
891,1352,6.51724,378,100,0,0,0,0,0,0,48,0,0,10
892,1512,6.34426,387,100,0,0,0,0,0,0,54,0,0,7
893,1684,6.35,381,100,0,0,0,0,0,0,53,0,0,7
894,1552,6.30508,372,100,0,0,0,0,0,0,53,0,0,6
895,1580,6.20339,366,100,0,0,0,0,0,0,55,0,0,4
896,1776,6.3,378,100,0,0,0,0,0,0,54,0,0,6
897,1692,6.25424,369,100,0,0,0,0,0,0,54,0,0,5
898,1796,6.34426,387,100,0,0,0,0,0,0,54,0,0,7
899,1952,6.35593,375,100,0,0,0,0,0,0,52,0,0,7
900,1736,6.29508,384,100,0,0,0,0,0,0,55,0,0,6
901,1636,6.33898,374,100,0,0,0,0,0,0,52,0,1,6
902,1884,6.3,378,100,0,0,0,0,0,0,54,0,0,6
903,1904,6.3,378,100,0,0,0,0,0,0,54,0,0,6
904,1908,6.20339,366,100,0,0,0,0,0,0,55,0,0,4
905,1836,6.31579,360,100,0,0,0,0,0,0,51,0,0,6
906,1620,6.35,381,100,0,0,0,0,0,0,53,0,0,7
907,1884,6.28571,396,100,0,0,0,0,0,0,57,0,0,6
908,1616,6.33333,342,100,0,0,0,0,0,0,48,0,0,6
909,1872,6.50847,384,100,0,0,0,0,0,0,49,0,0,10
910,2016,6.44262,393,100,0,0,0,0,0,0,52,0,0,9
911,2220,6.63158,378,100,0,0,0,0,0,0,45,0,0,12
912,1852,6.58929,369,100,0,0,0,0,0,0,45,0,0,11
913,1512,6.62264,351,100,0,0,0,0,0,0,42,0,0,11
914,1940,6.57895,375,100,0,0,0,0,0,0,46,0,0,11
915,1784,6.39623,339,100,0,0,0,0,0,0,46,0,0,7
916,2152,6.58182,362,100,0,0,0,0,0,0,44,0,1,10
917,2344,6.62069,384,100,0,0,0,0,0,0,46,0,0,12
918,1888,6.6,363,100,0,0,0,0,0,0,44,0,0,11
919,2444,6.91071,387,100,0,0,0,0,0,0,39,0,0,17
920,2004,6.89474,393,100,0,0,0,0,0,0,40,0,0,17
921,1992,6.77586,393,100,0,0,0,0,0,0,43,0,0,15
922,1896,6.67241,387,100,0,0,0,0,0,0,45,0,0,13
923,2128,6.66102,393,100,0,0,0,0,0,0,46,0,0,13
924,2060,6.54545,360,100,0,0,0,0,0,0,45,0,0,10
925,1896,6.32727,348,100,0,0,0,0,0,0,49,0,0,6
926,1792,6.25862,363,100,0,0,0,0,0,0,53,0,0,5
927,1816,6.31034,366,100,0,0,0,0,0,0,52,0,0,6
928,1700,6.32727,348,100,0,0,0,0,0,0,49,0,0,6
929,1588,6.31579,360,100,0,0,0,0,0,0,51,0,0,6
930,1792,6.50847,384,100,0,0,0,0,0,0,49,0,0,10
931,1900,6.45,387,100,0,0,0,0,0,0,51,0,0,9
932,1868,6.51724,378,100,0,0,0,0,0,0,48,0,0,10
933,1772,6.4,384,100,0,0,0,0,0,0,52,0,0,8
934,1820,6.50847,384,100,0,0,0,0,0,0,49,0,0,10
935,2272,6.76271,399,100,0,0,0,0,0,0,44,0,0,15
936,2040,6.65,399,100,0,0,0,0,0,0,47,0,0,13
937,2076,6.5,390,100,0,0,0,0,0,0,50,0,0,10
938,1960,6.66102,393,100,0,0,0,0,0,0,46,0,0,13
939,2168,6.66102,393,100,0,0,0,0,0,0,46,0,0,13
940,2004,6.55,393,100,0,0,0,0,0,0,49,0,0,11
941,1932,6.50847,384,100,0,0,0,0,0,0,49,0,0,10
942,1904,6.56897,381,100,0,0,0,0,0,0,47,0,0,11
943,1876,6.77586,393,100,0,0,0,0,0,0,43,0,0,15
944,1780,6.76364,372,100,0,0,0,0,0,0,41,0,0,14
945,2248,6.95,417,100,0,0,0,0,0,0,41,0,0,19
946,1752,6.53571,366,100,0,0,0,0,0,0,46,0,0,10
947,1924,6.69643,375,100,0,0,0,0,0,0,43,0,0,13
948,1868,6.63158,378,100,0,0,0,0,0,0,45,0,0,12
949,1576,6.42105,366,100,0,0,0,0,0,0,49,0,0,8
950,1540,6.72414,390,100,0,0,0,0,0,0,44,0,0,14
951,1508,6.67213,407,100,0,0,0,0,0,0,47,0,1,13
952,1512,6.72414,390,100,0,0,0,0,0,0,44,0,0,14
953,1244,6.55932,387,100,0,0,0,0,0,0,48,0,0,11
954,1440,6.46875,414,100,0,0,0,0,0,0,54,0,0,10
955,1416,6.47368,369,100,0,0,0,0,0,0,48,0,0,9
956,1496,6.47368,369,100,0,0,0,0,0,0,48,0,0,9
957,1304,6.50847,384,100,0,0,0,0,0,0,49,0,0,10
958,1240,6.56897,381,100,0,0,0,0,0,0,47,0,0,11
959,1524,6.67241,387,100,0,0,0,0,0,0,45,0,0,13
960,1496,6.47368,369,100,0,0,0,0,0,0,48,0,0,9
961,1508,6.57895,375,100,0,0,0,0,0,0,46,0,0,11
962,1636,6.68852,408,100,0,0,0,0,0,0,47,0,0,14
963,1692,6.71429,423,100,0,0,0,0,0,0,48,0,0,15
964,1516,6.64286,372,100,0,0,0,0,0,0,44,0,0,12
965,1704,6.54098,399,100,0,0,0,0,0,0,50,0,0,11
966,1140,6.42857,315,100,0,0,0,0,0,0,42,0,0,7
967,1216,6.41379,372,100,0,0,0,0,0,0,50,0,0,8
968,1540,6.59016,402,100,0,0,0,0,0,0,49,0,0,12
969,1500,6.6,396,100,0,0,0,0,0,0,48,0,0,12
970,1588,6.84211,390,100,0,0,0,0,0,0,41,0,0,16
971,1648,6.80769,354,100,0,0,0,0,0,0,38,0,0,14
972,1712,7.125,342,100,0,0,0,0,0,0,30,0,0,18
973,1892,6.83333,369,100,0,0,0,0,0,0,39,0,0,15
974,2044,7.05556,381,100,0,0,0,0,0,0,35,0,0,19
975,2200,6.92727,381,100,0,0,0,0,0,0,38,0,0,17
976,2072,7.09091,390,100,0,0,0,0,0,0,35,0,0,20
977,1852,7.23214,405,100,0,0,0,0,0,0,33,0,0,23
978,1892,7.16327,351,100,0,0,0,0,0,0,30,0,0,19
979,2220,7.03636,387,100,0,0,0,0,0,0,36,0,0,19
980,2272,6.92727,381,100,0,0,0,0,0,0,38,0,0,17
981,1868,6.72222,363,100,0,0,0,0,0,0,41,0,0,13
982,1764,6.67241,387,100,0,0,0,0,0,0,45,0,0,13
983,1440,6.48214,363,100,0,0,0,0,0,0,47,0,0,9
984,1644,6.71186,396,100,0,0,0,0,0,0,45,0,0,14
985,1600,6.63934,405,100,0,0,0,0,0,0,48,0,0,13
986,1696,6.50769,423,100,0,0,0,0,0,0,54,0,0,11
987,1500,6.55,393,100,0,0,0,0,0,0,49,0,0,11
988,1612,6.77586,393,100,0,0,0,0,0,0,43,0,0,15
989,1348,6.47368,369,100,0,0,0,0,0,0,48,0,0,9
990,1304,6.28571,396,100,0,0,0,0,0,0,57,0,0,6
991,1500,6.45,387,100,0,0,0,0,0,0,51,0,0,9
992,1488,6.48214,363,100,0,0,0,0,0,0,47,0,0,9
993,1772,6.68852,408,100,0,0,0,0,0,0,47,0,0,14
994,1728,6.61905,417,100,0,0,0,0,0,0,50,0,0,13
995,1812,6.33333,399,100,0,0,0,0,0,0,56,0,0,7
996,1892,6.44262,393,100,0,0,0,0,0,0,52,0,0,9
997,1880,6.38095,402,100,0,0,0,0,0,0,55,0,0,8
998,1580,6.35593,375,100,0,0,0,0,0,0,52,0,0,7
999,1756,6.36207,369,100,0,0,0,0,0,0,51,0,0,7
