update,points,mean_tasks,total_tasks,total_orgs,task_0,task_1,task_2,task_3,task_4,task_5,task_6,task_7,task_8,task_9
0,0,nan,0,10,0,0,0,0,0,0,0,0,0,0
1,64,6,24,10,0,0,0,0,0,0,4,0,0,0
2,76,6,30,10,0,0,0,0,0,0,5,0,0,0
3,140,6.42857,45,14,0,0,0,0,0,0,6,0,0,1
4,152,6.3,63,15,0,0,0,0,0,0,9,0,0,1
5,160,6,66,17,0,0,0,0,0,0,11,0,0,0
6,208,6.23077,81,20,0,0,0,0,0,0,12,0,0,1
7,244,6.1875,99,23,0,0,0,0,0,0,15,0,0,1
8,228,6.35294,108,26,0,0,0,0,0,0,15,0,0,2
9,252,6.52941,111,27,0,0,0,0,0,0,14,0,0,3
10,252,6.16667,111,27,0,0,0,0,0,0,17,0,0,1
11,268,6,120,28,0,0,0,0,0,0,20,0,0,0
12,280,6.15789,117,30,0,0,0,0,0,0,18,0,0,1
13,420,6.54545,144,31,0,0,0,0,0,0,18,0,0,4
14,420,6.52174,150,34,0,0,0,0,0,0,19,0,0,4
15,316,6.57143,138,37,0,0,0,0,0,0,17,0,0,4
16,436,6.375,153,40,0,0,0,0,0,0,21,0,0,3
17,376,6.36,159,43,0,0,0,0,0,0,22,0,0,3
18,432,6.2,186,45,0,0,0,0,0,0,28,0,0,2
19,568,6.4,192,49,0,0,0,0,0,0,26,0,0,4
20,524,6.48387,201,52,0,0,0,0,0,0,26,0,0,5
21,592,6.54545,216,54,0,0,0,0,0,0,27,0,0,6
22,612,6.39474,243,61,0,0,0,0,0,0,33,0,0,5
23,800,6.6,264,65,0,0,0,0,0,0,32,0,0,8
24,812,6.48837,279,71,0,0,0,0,0,0,36,0,0,7
25,800,6.51064,306,76,0,0,0,0,0,0,39,0,0,8
26,908,6.50943,345,79,0,0,0,0,0,0,44,0,0,9
27,1044,6.73684,384,83,0,0,0,0,0,0,43,0,0,14
28,992,6.56897,381,87,0,0,0,0,0,0,47,0,0,11
29,1164,6.71186,396,88,0,0,0,0,0,0,45,0,0,14
30,1136,6.63158,378,90,0,0,0,0,0,0,45,0,0,12
31,1028,6.56897,381,92,0,0,0,0,0,0,47,0,0,11
32,1184,6.54098,399,94,0,0,0,0,0,0,50,0,0,11
33,1072,6.59016,402,95,0,0,0,0,0,0,49,0,0,12
34,964,6.39344,390,96,0,0,0,0,0,0,53,0,0,8
35,952,6.32812,405,97,0,0,0,0,0,0,57,0,0,7
36,888,6.40678,378,97,0,0,0,0,0,0,51,0,0,8
37,1032,6.375,408,98,0,0,0,0,0,0,56,0,0,8
38,1004,6.3,378,100,0,0,0,0,0,0,54,0,0,6
39,1016,6.3,378,100,0,0,0,0,0,0,54,0,0,6
40,1376,6.47619,408,100,0,0,0,0,0,0,53,0,0,10
41,1044,6.38095,402,100,0,0,0,0,0,0,55,0,0,8
42,1240,6.32308,411,100,0,0,0,0,0,0,58,0,0,7
43,1056,6.33333,399,100,0,0,0,0,0,0,56,0,0,7
44,1124,6.43548,399,100,0,0,0,0,0,0,53,0,0,9
45,1144,6.45455,426,100,0,0,0,0,0,0,56,0,0,10
46,1204,6.53226,405,100,0,0,0,0,0,0,51,0,0,11
47,1180,6.6,396,100,0,0,0,0,0,0,48,0,0,12
48,1164,6.52381,411,100,0,0,0,0,0,0,52,0,0,11
49,1276,6.61017,390,100,0,0,0,0,0,0,47,0,0,12
50,1220,6.34426,387,100,0,0,0,0,0,0,54,0,0,7
51,1412,6.58065,408,100,0,0,0,0,0,0,50,0,0,12
52,1508,6.68852,408,100,0,0,0,0,0,0,47,0,0,14
53,1468,6.67241,387,100,0,0,0,0,0,0,45,0,0,13
54,1308,6.61905,417,100,0,0,0,0,0,0,50,0,0,13
55,1220,6.66102,393,100,0,0,0,0,0,0,46,0,0,13
56,1448,6.71186,396,100,0,0,0,0,0,0,45,0,0,14
57,1352,6.78689,414,100,0,0,0,0,0,0,45,0,0,16
58,1604,6.8,408,100,0,0,0,0,0,0,44,0,0,16
59,1356,6.39344,390,100,0,0,0,0,0,0,53,0,0,8
60,1300,6.61017,390,100,0,0,0,0,0,0,47,0,0,12
61,1484,6.78947,387,100,0,0,0,0,0,0,42,0,0,15
62,1276,6.52941,333,100,0,0,0,0,0,0,42,0,0,9
63,1240,6.46154,336,100,0,0,0,0,0,0,44,0,0,8
64,1308,6.58929,369,100,0,0,0,0,0,0,45,0,0,11
65,1588,6.83607,417,100,0,0,0,0,0,0,44,0,0,17
66,1524,6.42105,366,100,0,0,0,0,0,0,49,0,0,8
67,1572,6.66667,360,100,0,0,0,0,0,0,42,0,0,12
68,1500,6.53571,366,100,0,0,0,0,0,0,46,0,0,10
69,1656,6.42105,366,100,0,0,0,0,0,0,49,0,0,8
70,1472,6.31034,366,100,0,0,0,0,0,0,52,0,0,6
71,1292,6.45283,342,100,0,0,0,0,0,0,45,0,0,8
72,1416,6.30508,372,100,0,0,0,0,0,0,53,0,0,6
73,1344,6.25424,369,100,0,0,0,0,0,0,54,0,0,5
74,1420,6.55932,387,100,0,0,0,0,0,0,48,0,0,11
75,1452,6.5,390,100,0,0,0,0,0,0,50,0,0,10
76,1208,6.41379,372,100,0,0,0,0,0,0,50,0,0,8
77,1304,6.43548,399,100,0,0,0,0,0,0,53,0,0,9
78,1184,6.5,390,100,0,0,0,0,0,0,50,0,0,10
79,1276,6.35,381,100,0,0,0,0,0,0,53,0,0,7
80,1136,6.30508,372,100,0,0,0,0,0,0,53,0,0,6
81,1228,6.3,378,100,0,0,0,0,0,0,54,0,0,6
82,1224,6.46552,375,100,0,0,0,0,0,0,49,0,0,9
83,1096,6.40678,378,100,0,0,0,0,0,0,51,0,0,8
84,1184,6.41379,372,100,0,0,0,0,0,0,50,0,0,8
85,1180,6.39344,390,100,0,0,0,0,0,0,53,0,0,8
86,1292,6.46552,375,100,0,0,0,0,0,0,49,0,0,9
87,1400,6.35,381,100,0,0,0,0,0,0,53,0,0,7
88,1284,6.15254,363,100,0,0,0,0,0,0,56,0,0,3
89,1300,6.15,369,100,0,0,0,0,0,0,57,0,0,3
90,1288,6.29032,390,100,0,0,0,0,0,0,56,0,0,6
91,1416,6.5,390,100,0,0,0,0,0,0,50,0,0,10
92,1460,6.5,390,100,0,0,0,0,0,0,50,0,0,10
93,1572,6.53226,405,100,0,0,0,0,0,0,51,0,0,11
94,1544,6.3871,396,100,0,0,0,0,0,0,54,0,0,8
95,1280,6.34426,387,100,0,0,0,0,0,0,54,0,0,7
96,1492,6.67742,414,100,0,0,0,0,0,0,48,0,0,14
97,1388,6.62069,384,100,0,0,0,0,0,0,46,0,0,12
98,1328,6.51562,417,100,0,0,0,0,0,0,53,0,0,11
99,1252,6.59016,402,100,0,0,0,0,0,0,49,0,0,12
100,1324,6.46875,414,100,0,0,0,0,0,0,54,0,0,10
101,1312,6.4918,396,100,0,0,0,0,0,0,51,0,0,10
102,1268,6.59016,402,100,0,0,0,0,0,0,49,0,0,12
103,1592,6.81356,402,100,0,0,0,0,0,0,43,0,0,16
104,1572,6.86538,357,100,0,0,0,0,0,0,37,0,0,15
105,1504,6.6,396,100,0,0,0,0,0,0,48,0,0,12
106,1616,6.95,417,100,0,0,0,0,0,0,41,0,0,19
107,1496,6.62069,384,100,0,0,0,0,0,0,46,0,0,12
108,1312,6.61017,390,100,0,0,0,0,0,0,47,0,0,12
109,1524,6.70968,416,100,0,0,0,0,0,0,47,0,1,14
110,1472,6.85246,418,100,0,0,0,0,0,0,43,0,2,16
111,1320,6.75,378,100,0,0,0,0,0,0,42,0,0,14
112,1488,6.77419,420,100,0,0,0,0,0,0,46,0,0,16
113,1532,7,420,100,0,0,0,0,0,0,40,0,0,20
114,1484,6.87931,399,100,0,0,0,0,0,0,41,0,0,17
115,1696,7.03636,387,100,0,0,0,0,0,0,36,0,0,19
116,1392,6.84211,390,100,0,0,0,0,0,0,41,0,0,16
117,1336,6.78571,380,100,0,0,0,0,0,0,41,0,1,14
118,1356,6.79245,360,100,0,0,0,0,0,0,39,0,0,14
119,1404,6.56897,381,100,0,0,0,0,0,0,47,0,0,11
120,1812,6.88525,420,100,0,0,0,0,0,0,43,0,0,18
121,1712,6.96226,369,100,0,0,0,0,0,0,36,0,0,17
122,1640,6.72,336,100,0,0,0,0,0,0,38,0,0,12
123,1788,7,420,100,0,0,0,0,0,0,40,0,0,20
124,1948,6.96429,390,100,0,0,0,0,0,0,38,0,0,18
125,1608,6.88235,351,100,0,0,0,0,0,0,36,0,0,15
126,1528,6.81818,375,100,0,0,0,0,0,0,40,0,0,15
127,1664,6.9661,411,100,0,0,0,0,0,0,40,0,0,19
128,1852,6.98276,405,100,0,0,0,0,0,0,39,0,0,19
129,1656,6.58929,369,100,0,0,0,0,0,0,45,0,0,11
130,1572,6.41379,372,100,0,0,0,0,0,0,50,0,0,8
131,1584,6.76271,399,100,0,0,0,0,0,0,44,0,0,15
132,1688,6.76364,372,100,0,0,0,0,0,0,41,0,0,14
133,1700,7.05556,381,100,0,0,0,0,0,0,35,0,0,19
134,1536,6.82759,396,100,0,0,0,0,0,0,42,0,0,16
135,1596,6.72414,390,100,0,0,0,0,0,0,44,0,0,14
136,1676,6.68852,408,100,0,0,0,0,0,0,47,0,0,14
137,1804,6.72581,417,100,0,0,0,0,0,0,47,0,0,15
138,1688,6.63934,405,100,0,0,0,0,0,0,48,0,0,13
139,1568,6.77586,393,100,0,0,0,0,0,0,43,0,0,15
140,1632,6.87931,399,100,0,0,0,0,0,0,41,0,0,17
141,1752,7.08621,411,100,0,0,0,0,0,0,37,0,0,21
142,1608,7.07547,375,100,0,0,0,0,0,0,34,0,0,19
143,1744,7.28571,408,100,0,0,0,0,0,0,32,0,0,24
144,1984,7.01695,414,100,0,0,0,0,0,0,39,0,0,20
145,2288,7.39286,414,100,0,0,0,0,0,0,30,0,0,26
146,2316,7.17857,402,100,0,0,0,0,0,0,34,0,0,22
147,1864,7.16667,387,100,0,0,0,0,0,0,33,0,0,21
148,1836,7.13208,378,100,0,0,0,0,0,0,33,0,0,20
149,2196,7.13208,378,100,0,0,0,0,0,0,33,0,0,20
150,2100,7.03636,387,100,0,0,0,0,0,0,36,0,0,19
151,1928,7,392,100,0,0,0,0,0,0,37,0,1,18
152,1788,6.87719,392,100,0,0,0,0,0,0,40,0,1,16
153,1972,6.94643,389,100,0,0,0,0,0,0,38,0,1,17
154,1976,6.88333,413,100,0,0,0,0,0,0,42,0,1,17
155,1796,6.63636,365,100,0,0,0,0,0,0,43,0,1,11
156,2336,6.98246,398,100,0,0,0,0,0,0,38,0,1,18
157,1784,6.69643,375,100,0,0,0,0,0,0,43,0,0,13
158,1924,6.94118,354,100,0,0,0,0,0,0,35,0,0,16
159,1956,6.96429,390,100,0,0,0,0,0,0,38,0,0,18
160,1624,6.80769,354,100,0,0,0,0,0,0,38,0,0,14
161,2028,6.73684,384,100,0,0,0,0,0,0,43,0,0,14
162,1780,6.40678,378,100,0,0,0,0,0,0,51,0,0,8
163,1840,6.66102,393,100,0,0,0,0,0,0,46,0,0,13
164,1960,6.55,393,100,0,0,0,0,0,0,49,0,0,11
165,1980,6.88525,420,100,0,0,0,0,0,0,43,0,0,18
166,1696,6.81818,375,100,0,0,0,0,0,0,40,0,0,15
167,1660,6.84211,390,100,0,0,0,0,0,0,41,0,0,16
168,1568,6.83333,369,100,0,0,0,0,0,0,39,0,0,15
169,1700,6.85714,384,100,0,0,0,0,0,0,40,0,0,16
170,1832,6.94444,375,100,0,0,0,0,0,0,37,0,0,17
171,1708,6.84211,390,100,0,0,0,0,0,0,41,0,0,16
172,1792,6.78947,387,100,0,0,0,0,0,0,42,0,0,15
173,1868,6.81818,375,100,0,0,0,0,0,0,40,0,0,15
174,1788,6.67241,387,100,0,0,0,0,0,0,45,0,0,13
175,1908,6.83333,369,100,0,0,0,0,0,0,39,0,0,15
176,1852,6.81818,375,100,0,0,0,0,0,0,40,0,0,15
177,1944,6.7377,411,100,0,0,0,0,0,0,46,0,0,15
178,1896,6.96429,390,100,0,0,0,0,0,0,38,0,0,18
179,1900,7,378,100,0,0,0,0,0,0,36,0,0,18
180,1960,7.05556,381,100,0,0,0,0,0,0,35,0,0,19
181,1612,6.79245,360,100,0,0,0,0,0,0,39,0,0,14
182,2208,7.01818,386,100,0,0,0,0,0,0,36,0,1,18
183,2048,6.81818,375,100,0,0,0,0,0,0,40,0,0,15
184,2188,7.17857,402,100,0,0,0,0,0,0,34,0,0,22
185,1796,6.92308,360,100,0,0,0,0,0,0,36,0,0,16
186,2120,6.82759,396,100,0,0,0,0,0,0,42,0,0,16
187,1688,6.67241,387,100,0,0,0,0,0,0,45,0,0,13
188,1780,6.96429,390,100,0,0,0,0,0,0,38,0,0,18
189,1920,6.72414,390,100,0,0,0,0,0,0,44,0,0,14
190,1860,6.55556,354,100,0,0,0,0,0,0,44,0,0,10
191,2016,6.70909,369,100,0,0,0,0,0,0,42,0,0,13
192,1748,6.64286,372,100,0,0,0,0,0,0,44,0,0,12
193,1692,6.68421,381,100,0,0,0,0,0,0,44,0,0,13
194,1436,6.56604,348,100,0,0,0,0,0,0,43,0,0,10
195,1816,6.66102,393,100,0,0,0,0,0,0,46,0,0,13
196,1716,6.69231,348,100,0,0,0,0,0,0,40,0,0,12
197,1960,6.72414,390,100,0,0,0,0,0,0,44,0,0,14
198,2016,7.07143,396,100,0,0,0,0,0,0,36,0,0,20
199,2148,7,399,100,0,0,0,0,0,0,38,0,0,19
200,1960,7.22222,390,100,0,0,0,0,0,0,32,0,0,22
201,2124,7.56,378,100,0,0,0,0,0,0,24,0,0,26
202,1972,7.26316,414,100,0,0,0,0,0,0,33,0,0,24
203,1848,6.88889,372,100,0,0,0,0,0,0,38,0,0,16
204,1344,6.92308,360,100,0,0,0,0,0,0,36,0,0,16
205,1576,7.05,423,100,0,0,0,0,0,0,39,0,0,21
206,1804,6.98361,426,100,0,0,0,0,0,0,41,0,0,20
207,1436,6.75,378,100,0,0,0,0,0,0,42,0,0,14
208,1608,6.8,408,100,0,0,0,0,0,0,44,0,0,16
209,1536,6.7,402,100,0,0,0,0,0,0,46,0,0,14
210,1544,6.61017,390,100,0,0,0,0,0,0,47,0,0,12
211,1512,6.69643,375,100,0,0,0,0,0,0,43,0,0,13
212,2012,6.82258,423,100,0,0,0,0,0,0,45,0,0,17
213,1736,6.42857,360,100,0,0,0,0,0,0,48,0,0,8
214,1496,6.42105,366,100,0,0,0,0,0,0,49,0,0,8
215,1636,6.75,378,100,0,0,0,0,0,0,42,0,0,14
216,1696,6.53571,366,100,0,0,0,0,0,0,46,0,0,10
217,1752,6.61017,390,100,0,0,0,0,0,0,47,0,0,12
218,1616,6.56604,348,100,0,0,0,0,0,0,43,0,0,10
219,1508,6.55932,387,100,0,0,0,0,0,0,48,0,0,11
220,1464,6.7619,426,100,0,0,0,0,0,0,47,0,0,16
221,1504,6.7377,411,100,0,0,0,0,0,0,46,0,0,15
222,1284,6.67742,414,100,0,0,0,0,0,0,48,0,0,14
223,1656,6.81356,402,100,0,0,0,0,0,0,43,0,0,16
224,1416,6.73684,384,100,0,0,0,0,0,0,43,0,0,14
225,1236,6.62069,384,100,0,0,0,0,0,0,46,0,0,12
226,1372,6.6,396,100,0,0,0,0,0,0,48,0,0,12
227,1276,6.5625,420,100,0,0,0,0,0,0,52,0,0,12
228,1460,6.63158,378,100,0,0,0,0,0,0,45,0,0,12
229,1604,6.45,387,100,0,0,0,0,0,0,51,0,0,9
230,1420,6.71186,396,100,0,0,0,0,0,0,45,0,0,14
231,1460,6.43548,399,100,0,0,0,0,0,0,53,0,0,9
232,1416,6.5,390,100,0,0,0,0,0,0,50,0,0,10
233,1204,6.4,384,100,0,0,0,0,0,0,52,0,0,8
234,1372,6.59091,435,100,0,0,0,0,0,0,53,0,0,13
235,1332,6.59016,402,100,0,0,0,0,0,0,49,0,0,12
236,1608,6.70312,429,100,0,0,0,0,0,0,49,0,0,15
237,1872,6.72727,444,100,0,0,0,0,0,0,50,0,0,16
238,1756,6.78689,414,100,0,0,0,0,0,0,45,0,0,16
239,1340,6.92727,381,100,0,0,0,0,0,0,38,0,0,17
240,1684,6.93443,423,100,0,0,0,0,0,0,42,0,0,19
241,1656,6.95,417,100,0,0,0,0,0,0,41,0,0,19
242,1604,7.01695,414,100,0,0,0,0,0,0,39,0,0,20
243,1600,6.82759,396,100,0,0,0,0,0,0,42,0,0,16
244,1556,6.81818,375,100,0,0,0,0,0,0,40,0,0,15
245,1708,7,420,100,0,0,0,0,0,0,40,0,0,20
246,1840,6.91525,408,100,0,0,0,0,0,0,41,0,0,18
247,1832,6.85714,384,100,0,0,0,0,0,0,40,0,0,16
248,1772,6.77778,366,100,0,0,0,0,0,0,40,0,0,14
249,1764,6.98276,405,100,0,0,0,0,0,0,39,0,0,19
250,1652,6.70909,369,100,0,0,0,0,0,0,42,0,0,13
251,1572,6.83333,369,100,0,0,0,0,0,0,39,0,0,15
252,1620,6.64286,372,100,0,0,0,0,0,0,44,0,0,12
253,1552,6.79245,360,100,0,0,0,0,0,0,39,0,0,14
254,1360,6.77586,393,100,0,0,0,0,0,0,43,0,0,15
255,1516,6.70909,369,100,0,0,0,0,0,0,42,0,0,13
256,1728,6.8,408,100,0,0,0,0,0,0,44,0,0,16
257,1780,6.76364,372,100,0,0,0,0,0,0,41,0,0,14
258,1772,6.75,405,100,0,0,0,0,0,0,45,0,0,15
259,1728,6.85714,384,100,0,0,0,0,0,0,40,0,0,16
260,1732,6.89474,393,100,0,0,0,0,0,0,40,0,0,17
261,1852,6.87273,378,100,0,0,0,0,0,0,39,0,0,16
262,1860,7,399,100,0,0,0,0,0,0,38,0,0,19
263,1736,7.24528,384,100,0,0,0,0,0,0,31,0,0,22
264,1772,7.14545,393,100,0,0,0,0,0,0,34,0,0,21
265,1504,6.9,345,100,0,0,0,0,0,0,35,0,0,15
266,1772,7.03448,408,100,0,0,0,0,0,0,38,0,0,20
267,1628,6.72222,363,100,0,0,0,0,0,0,41,0,0,13
268,1732,6.86441,405,100,0,0,0,0,0,0,42,0,0,17
269,1648,6.9661,411,100,0,0,0,0,0,0,40,0,0,19
270,1788,7.06452,438,100,0,0,0,0,0,0,40,0,0,22
271,1976,7.0678,417,100,0,0,0,0,0,0,38,0,0,21
272,2032,7,399,100,0,0,0,0,0,0,38,0,0,19
273,2136,6.91525,408,100,0,0,0,0,0,0,41,0,0,18
274,1976,6.71186,396,100,0,0,0,0,0,0,45,0,0,14
275,1768,6.6,363,100,0,0,0,0,0,0,44,0,0,11
276,1948,6.83333,369,100,0,0,0,0,0,0,39,0,0,15
277,2188,6.78947,387,100,0,0,0,0,0,0,42,0,0,15
278,1956,7.125,399,100,0,0,0,0,0,0,35,0,0,21
279,1972,6.81818,375,100,0,0,0,0,0,0,40,0,0,15
280,1812,6.72222,363,100,0,0,0,0,0,0,41,0,0,13
281,2220,6.69231,348,100,0,0,0,0,0,0,40,0,0,12
282,2136,6.6,363,100,0,0,0,0,0,0,44,0,0,11
283,2384,6.84906,363,100,0,0,0,0,0,0,38,0,0,15
284,1884,6.67925,354,100,0,0,0,0,0,0,41,0,0,12
285,1672,6.79245,360,100,0,0,0,0,0,0,39,0,0,14
286,1724,6.94444,375,100,0,0,0,0,0,0,37,0,0,17
287,1372,6.65455,366,100,0,0,0,0,0,0,43,0,0,12
288,1328,6.56604,348,100,0,0,0,0,0,0,43,0,0,10
289,1224,6.6,363,100,0,0,0,0,0,0,44,0,0,11
290,1264,6.36842,363,100,0,0,0,0,0,0,50,0,0,7
291,1276,6.62069,384,100,0,0,0,0,0,0,46,0,0,12
292,1412,6.67241,387,100,0,0,0,0,0,0,45,0,0,13
293,1272,6.5,390,100,0,0,0,0,0,0,50,0,0,10
294,1648,6.66102,393,100,0,0,0,0,0,0,46,0,0,13
295,1648,6.70909,369,100,0,0,0,0,0,0,42,0,0,13
296,1232,6.50943,345,100,0,0,0,0,0,0,44,0,0,9
297,1684,6.75,405,100,0,0,0,0,0,0,45,0,0,15
298,1704,6.49091,357,100,0,0,0,0,0,0,46,0,0,9
299,1816,6.50943,345,100,0,0,0,0,0,0,44,0,0,9
300,2124,6.59016,402,100,0,0,0,0,0,0,49,0,0,12
301,1700,6.67925,354,100,0,0,0,0,0,0,41,0,0,12
302,1736,6.55,393,100,0,0,0,0,0,0,49,0,0,11
303,1652,6.73684,384,100,0,0,0,0,0,0,43,0,0,14
304,1456,6.63934,405,100,0,0,0,0,0,0,48,0,0,13
305,1696,6.58333,395,100,0,0,0,0,0,0,48,0,1,11
306,1636,6.56897,381,100,0,0,0,0,0,0,47,0,0,11
307,1664,6.65455,366,100,0,0,0,0,0,0,43,0,0,12
308,1556,6.6,396,100,0,0,0,0,0,0,48,0,0,12
309,1408,6.57895,375,100,0,0,0,0,0,0,46,0,0,11
310,1376,6.51724,378,100,0,0,0,0,0,0,48,0,0,10
311,1608,6.61017,390,100,0,0,0,0,0,0,47,0,0,12
312,1500,6.4,384,100,0,0,0,0,0,0,52,0,0,8
313,1708,6.64286,372,100,0,0,0,0,0,0,44,0,0,12
314,1864,6.375,357,100,0,0,0,0,0,0,49,0,0,7
315,1416,6.47059,330,100,0,0,0,0,0,0,43,0,0,8
316,1744,6.54545,360,100,0,0,0,0,0,0,45,0,0,10
317,1656,6.69643,375,100,0,0,0,0,0,0,43,0,0,13
318,1596,6.62069,384,100,0,0,0,0,0,0,46,0,0,12
319,1744,6.84211,390,100,0,0,0,0,0,0,41,0,0,16
320,1908,6.92727,381,100,0,0,0,0,0,0,38,0,0,17
321,1412,6.58929,369,100,0,0,0,0,0,0,45,0,0,11
322,1504,6.50847,384,100,0,0,0,0,0,0,49,0,0,10
323,1416,6.53226,405,100,0,0,0,0,0,0,51,0,0,11
324,1264,6.51724,378,100,0,0,0,0,0,0,48,0,0,10
325,1312,6.33871,393,100,0,0,0,0,0,0,55,0,0,7
326,984,6.21053,354,100,0,0,0,0,0,0,53,0,0,4
327,952,6.30508,372,100,0,0,0,0,0,0,53,0,0,6
328,1104,6.29508,384,100,0,0,0,0,0,0,55,0,0,6
329,1208,6.09375,390,100,0,0,0,0,0,0,62,0,0,2
330,1016,6.35593,375,100,0,0,0,0,0,0,52,0,0,7
331,1156,6.3,378,100,0,0,0,0,0,0,54,0,0,6
332,1036,6.31034,366,100,0,0,0,0,0,0,52,0,0,6
333,1080,6.31818,417,100,0,0,0,0,0,0,59,0,0,7
334,1004,6.19355,384,100,0,0,0,0,0,0,58,0,0,4
335,1160,6.19672,378,100,0,0,0,0,0,0,57,0,0,4
336,1136,6.30508,372,100,0,0,0,0,0,0,53,0,0,6
337,1132,6.22727,411,100,0,0,0,0,0,0,61,0,0,5
338,904,6.16364,339,100,0,0,0,0,0,0,52,0,0,3
339,836,6.09836,372,100,0,0,0,0,0,0,59,0,0,2
340,924,6.09375,390,100,0,0,0,0,0,0,62,0,0,2
341,944,6.09231,396,100,0,0,0,0,0,0,63,0,0,2
342,1264,6.14286,387,100,0,0,0,0,0,0,60,0,0,3
343,1040,6.16364,339,100,0,0,0,0,0,0,52,0,0,3
344,1012,6.14754,375,100,0,0,0,0,0,0,58,0,0,3
345,920,6.2,372,100,0,0,0,0,0,0,56,0,0,4
346,968,6.15517,357,100,0,0,0,0,0,0,55,0,0,3
347,964,6.05263,345,100,0,0,0,0,0,0,56,0,0,1
348,1092,6.05263,345,100,0,0,0,0,0,0,56,0,0,1
349,1108,6.20339,366,100,0,0,0,0,0,0,55,0,0,4
350,1160,6.14516,381,100,0,0,0,0,0,0,59,0,0,3
351,1000,6.16981,327,100,0,0,0,0,0,0,50,0,0,3
352,1092,6.11321,324,100,0,0,0,0,0,0,51,0,0,2
353,964,6.05172,351,100,0,0,0,0,0,0,57,0,0,1
354,1088,6.04918,369,100,0,0,0,0,0,0,60,0,0,1
355,1156,6.1,366,100,0,0,0,0,0,0,58,0,0,2
356,1468,6.19355,384,100,0,0,0,0,0,0,58,0,0,4
357,1684,6.20339,366,100,0,0,0,0,0,0,55,0,0,4
358,1636,6.27273,345,100,0,0,0,0,0,0,50,0,0,5
359,1628,6.34615,330,100,0,0,0,0,0,0,46,0,0,6
360,1180,6.11538,318,100,0,0,0,0,0,0,50,0,0,2
361,1496,6.14286,387,100,0,0,0,0,0,0,60,0,0,3
362,1108,6.17308,321,100,0,0,0,0,0,0,49,0,0,3
363,1064,6.10909,336,100,0,0,0,0,0,0,53,0,0,2
364,1136,6.22222,336,100,0,0,0,0,0,0,50,0,0,4
365,1320,6.21053,354,100,0,0,0,0,0,0,53,0,0,4
366,1368,6.49091,357,100,0,0,0,0,0,0,46,0,0,9
367,1204,6.26786,351,100,0,0,0,0,0,0,51,0,0,5
368,1120,6.10909,336,100,0,0,0,0,0,0,53,0,0,2
369,1416,6.41379,372,100,0,0,0,0,0,0,50,0,0,8
370,1064,6.05357,339,100,0,0,0,0,0,0,55,0,0,1
371,1212,6.16071,345,100,0,0,0,0,0,0,53,0,0,3
372,944,6,336,100,0,0,0,0,0,0,56,0,0,0
373,1240,6.10526,348,100,0,0,0,0,0,0,55,0,0,2
374,1304,6.25424,369,100,0,0,0,0,0,0,54,0,0,5
375,1168,6.10345,354,100,0,0,0,0,0,0,56,0,0,2
376,1240,6.22222,336,100,0,0,0,0,0,0,50,0,0,4
377,1232,6.21053,354,100,0,0,0,0,0,0,53,0,0,4
378,1088,6.16981,327,100,0,0,0,0,0,0,50,0,0,3
379,1352,6.15254,363,100,0,0,0,0,0,0,56,0,0,3
380,1312,6.26786,351,100,0,0,0,0,0,0,51,0,0,5
381,1280,6.2069,360,100,0,0,0,0,0,0,54,0,0,4
382,1084,6.25424,369,100,0,0,0,0,0,0,54,0,0,5
383,1036,6.15789,351,100,0,0,0,0,0,0,54,0,0,3
384,1176,6.25,375,100,0,0,0,0,0,0,55,0,0,5
385,1204,6.29032,390,100,0,0,0,0,0,0,56,0,0,6
386,1124,6.16364,339,100,0,0,0,0,0,0,52,0,0,3
387,1248,6.25424,369,100,0,0,0,0,0,0,54,0,0,5
388,1120,6.28571,396,100,0,0,0,0,0,0,57,0,0,6
389,1244,6.2069,360,100,0,0,0,0,0,0,54,0,0,4
390,1280,6.31034,366,100,0,0,0,0,0,0,52,0,0,6
391,1320,6.30508,372,100,0,0,0,0,0,0,53,0,0,6
392,1060,6.27273,345,100,0,0,0,0,0,0,50,0,0,5
393,1044,6.36207,369,100,0,0,0,0,0,0,51,0,0,7
394,992,6.25,375,100,0,0,0,0,0,0,55,0,0,5
395,1176,6.25,375,100,0,0,0,0,0,0,55,0,0,5
396,1000,6.21053,354,100,0,0,0,0,0,0,53,0,0,4
397,1152,6.29032,390,100,0,0,0,0,0,0,56,0,0,6
398,1088,6.51724,378,100,0,0,0,0,0,0,48,0,0,10
399,1308,6.48387,402,100,0,0,0,0,0,0,52,0,0,10
400,1492,6.45,387,100,0,0,0,0,0,0,51,0,0,9
401,1452,6.4,384,100,0,0,0,0,0,0,52,0,0,8
402,1200,6.18462,402,100,0,0,0,0,0,0,61,0,0,4
403,1200,6.39344,390,100,0,0,0,0,0,0,53,0,0,8
404,1220,6.47619,408,100,0,0,0,0,0,0,53,0,0,10
405,1088,6.3871,396,100,0,0,0,0,0,0,54,0,0,8
406,1128,6.36842,363,100,0,0,0,0,0,0,50,0,0,7
407,1128,6.36842,363,100,0,0,0,0,0,0,50,0,0,7
408,1284,6.26316,357,100,0,0,0,0,0,0,52,0,0,5
409,1560,6.36207,369,100,0,0,0,0,0,0,51,0,0,7
410,1276,6.19672,378,100,0,0,0,0,0,0,57,0,0,4
411,1452,6.3913,441,100,0,0,0,0,0,0,60,0,0,9
412,916,6.31034,366,100,0,0,0,0,0,0,52,0,0,6
413,1212,6.56897,381,100,0,0,0,0,0,0,47,0,0,11
414,1276,6.39344,390,100,0,0,0,0,0,0,53,0,0,8
415,1404,6.26316,357,100,0,0,0,0,0,0,52,0,0,5
416,1380,6.42105,366,100,0,0,0,0,0,0,49,0,0,8
417,1240,6.22222,336,100,0,0,0,0,0,0,50,0,0,4
418,1172,6.36842,363,100,0,0,0,0,0,0,50,0,0,7
419,1096,6.23438,399,100,0,0,0,0,0,0,59,0,0,5
420,1152,6.34426,387,100,0,0,0,0,0,0,54,0,0,7
421,1200,6.28571,396,100,0,0,0,0,0,0,57,0,0,6
422,1000,6.24194,387,100,0,0,0,0,0,0,57,0,0,5
423,1092,6.2381,393,100,0,0,0,0,0,0,58,0,0,5
424,1064,6.3,378,100,0,0,0,0,0,0,54,0,0,6
425,984,6.15517,357,100,0,0,0,0,0,0,55,0,0,3
426,1056,6.22388,417,100,0,0,0,0,0,0,62,0,0,5
427,1116,6.33333,399,100,0,0,0,0,0,0,56,0,0,7
428,1344,6.36923,414,100,0,0,0,0,0,0,57,0,0,8
429,1760,6.55932,387,100,0,0,0,0,0,0,48,0,0,11
430,1936,6.53226,405,100,0,0,0,0,0,0,51,0,0,11
431,1772,6.61017,390,100,0,0,0,0,0,0,47,0,0,12
432,2028,6.52632,372,100,0,0,0,0,0,0,47,0,0,10
433,1780,6.36923,414,100,0,0,0,0,0,0,57,0,0,8
434,1916,6.29508,384,100,0,0,0,0,0,0,55,0,0,6
435,1804,6.21053,354,100,0,0,0,0,0,0,53,0,0,4
436,1812,6.2459,381,100,0,0,0,0,0,0,56,0,0,5
437,2292,6.36923,414,100,0,0,0,0,0,0,57,0,0,8
438,2248,6.34426,387,100,0,0,0,0,0,0,54,0,0,7
439,2452,6.4918,396,100,0,0,0,0,0,0,51,0,0,10
440,2556,6.3871,396,100,0,0,0,0,0,0,54,0,0,8
441,1640,6.57895,375,100,0,0,0,0,0,0,46,0,0,11
442,1468,6.25,375,100,0,0,0,0,0,0,55,0,0,5
443,1480,6.29508,384,100,0,0,0,0,0,0,55,0,0,6
444,1452,6.33333,342,100,0,0,0,0,0,0,48,0,0,6
445,1668,6.28571,396,100,0,0,0,0,0,0,57,0,0,6
446,1228,6.26316,357,100,0,0,0,0,0,0,52,0,0,5
447,1080,6.27778,339,100,0,0,0,0,0,0,49,0,0,5
448,1328,6.2459,381,100,0,0,0,0,0,0,56,0,0,5
449,1336,6.23729,368,100,0,0,0,0,0,0,54,0,1,4
450,1532,6.21053,354,100,0,0,0,0,0,0,53,0,0,4
451,1612,6.23438,399,100,0,0,0,0,0,0,59,0,0,5
452,1116,6.1,366,100,0,0,0,0,0,0,58,0,0,2
453,1240,6.08571,426,100,0,0,0,0,0,0,68,0,0,2
454,1168,6.04478,405,100,0,0,0,0,0,0,66,0,0,1
455,1128,6.09231,396,100,0,0,0,0,0,0,63,0,0,2
456,1200,6.13636,405,100,0,0,0,0,0,0,63,0,0,3
457,1384,6.17647,420,100,0,0,0,0,0,0,64,0,0,4
458,1100,6.26316,357,100,0,0,0,0,0,0,52,0,0,5
459,1196,6.33871,393,100,0,0,0,0,0,0,55,0,0,7
460,1016,6.22222,336,100,0,0,0,0,0,0,50,0,0,4
461,984,6.16071,345,100,0,0,0,0,0,0,53,0,0,3
462,1028,6.14754,375,100,0,0,0,0,0,0,58,0,0,3
463,1148,6.21053,354,100,0,0,0,0,0,0,53,0,0,4
464,900,6.05085,357,100,0,0,0,0,0,0,58,0,0,1
465,1052,6.04918,369,100,0,0,0,0,0,0,60,0,0,1
466,984,6.05085,357,100,0,0,0,0,0,0,58,0,0,1
467,876,6.04918,369,100,0,0,0,0,0,0,60,0,0,1
468,1128,6.04688,387,100,0,0,0,0,0,0,63,0,0,1
469,908,6.11111,330,100,0,0,0,0,0,0,52,0,0,2
470,1040,6.10526,348,100,0,0,0,0,0,0,55,0,0,2
471,1168,6.10169,360,100,0,0,0,0,0,0,57,0,0,2
472,1236,6.21053,354,100,0,0,0,0,0,0,53,0,0,4
473,1304,6.13559,362,100,0,0,0,0,0,0,56,0,1,2
474,1124,6.10526,348,100,0,0,0,0,0,0,55,0,0,2
475,1136,6.05,363,100,0,0,0,0,0,0,59,0,0,1
476,1052,6.1,366,100,0,0,0,0,0,0,58,0,0,2
477,976,6.10169,360,100,0,0,0,0,0,0,57,0,0,2
478,1320,6.15,369,100,0,0,0,0,0,0,57,0,0,3
479,1288,6.05357,339,100,0,0,0,0,0,0,55,0,0,1
480,1060,6,354,100,0,0,0,0,0,0,59,0,0,0
481,1176,6.04615,393,100,0,0,0,0,0,0,64,0,0,1
482,1260,6.09677,378,100,0,0,0,0,0,0,60,0,0,2
483,1432,6.09524,384,100,0,0,0,0,0,0,61,0,0,2
484,1204,6.09524,384,100,0,0,0,0,0,0,61,0,0,2
485,1148,6.14286,387,100,0,0,0,0,0,0,60,0,0,3
486,928,6.05263,345,100,0,0,0,0,0,0,56,0,0,1
487,1000,6.04839,375,100,0,0,0,0,0,0,61,0,0,1
488,1008,6.05,363,100,0,0,0,0,0,0,59,0,0,1
489,1044,6.05,363,100,0,0,0,0,0,0,59,0,0,1
490,1152,6,372,100,0,0,0,0,0,0,62,0,0,0
491,1092,6,354,100,0,0,0,0,0,0,59,0,0,0
492,1032,6.04762,381,100,0,0,0,0,0,0,62,0,0,1
493,1176,6,372,100,0,0,0,0,0,0,62,0,0,0
494,1252,6,360,100,0,0,0,0,0,0,60,0,0,0
495,1204,6.05,363,100,0,0,0,0,0,0,59,0,0,1
496,1036,6,342,100,0,0,0,0,0,0,57,0,0,0
497,1000,6,372,100,0,0,0,0,0,0,62,0,0,0
498,812,6,312,100,0,0,0,0,0,0,52,0,0,0
499,892,6,366,100,0,0,0,0,0,0,61,0,0,0
500,1072,6,360,100,0,0,0,0,0,0,60,0,0,0
501,1016,6.05263,345,100,0,0,0,0,0,0,56,0,0,1
502,1344,6.14754,375,100,0,0,0,0,0,0,58,0,0,3
503,1204,6.19355,384,100,0,0,0,0,0,0,58,0,0,4
504,1148,6.09677,378,100,0,0,0,0,0,0,60,0,0,2
505,1108,6.09524,384,100,0,0,0,0,0,0,61,0,0,2
506,1180,6.14516,381,100,0,0,0,0,0,0,59,0,0,3
507,1428,6.2381,393,100,0,0,0,0,0,0,58,0,0,5
508,1424,6.10169,360,100,0,0,0,0,0,0,57,0,0,2
509,1320,6.08955,408,100,0,0,0,0,0,0,65,0,0,2
510,1376,6.25424,369,100,0,0,0,0,0,0,54,0,0,5
511,1020,6.15,369,100,0,0,0,0,0,0,57,0,0,3
512,1240,6.2459,381,100,0,0,0,0,0,0,56,0,0,5
513,1088,6,342,100,0,0,0,0,0,0,57,0,0,0
514,916,6,366,100,0,0,0,0,0,0,61,0,0,0
515,1232,6.1,366,100,0,0,0,0,0,0,58,0,0,2
516,1188,6.15789,351,100,0,0,0,0,0,0,54,0,0,3
517,1220,6.05172,351,100,0,0,0,0,0,0,57,0,0,1
518,1232,6.10345,354,100,0,0,0,0,0,0,56,0,0,2
519,1040,6.04688,387,100,0,0,0,0,0,0,63,0,0,1
520,1228,6.21429,348,100,0,0,0,0,0,0,52,0,0,4
521,1292,6.25862,363,100,0,0,0,0,0,0,53,0,0,5
522,1160,6.36207,369,100,0,0,0,0,0,0,51,0,0,7
523,1036,6.21053,354,100,0,0,0,0,0,0,53,0,0,4
524,1200,6.24561,356,100,0,0,0,0,0,0,52,0,1,4
525,1216,6.10526,348,100,0,0,0,0,0,0,55,0,0,2
526,1588,6.26316,357,100,0,0,0,0,0,0,52,0,0,5
527,1300,6.05263,345,100,0,0,0,0,0,0,56,0,0,1
528,1180,6.05357,339,100,0,0,0,0,0,0,55,0,0,1
529,920,6.0566,321,100,0,0,0,0,0,0,52,0,0,1
530,1120,6.05,363,100,0,0,0,0,0,0,59,0,0,1
531,952,6.05263,345,100,0,0,0,0,0,0,56,0,0,1
532,980,6.15,369,100,0,0,0,0,0,0,57,0,0,3
533,1072,6.19355,384,100,0,0,0,0,0,0,58,0,0,4
534,1160,6.19672,378,100,0,0,0,0,0,0,57,0,0,4
535,1240,6.25424,369,100,0,0,0,0,0,0,54,0,0,5
536,1136,6.20339,366,100,0,0,0,0,0,0,55,0,0,4
537,1080,6.0566,321,100,0,0,0,0,0,0,52,0,0,1
538,1236,6.15789,351,100,0,0,0,0,0,0,54,0,0,3
539,1488,6.22642,330,100,0,0,0,0,0,0,49,0,0,4
540,1352,6.36207,369,100,0,0,0,0,0,0,51,0,0,7
541,1236,6.25862,363,100,0,0,0,0,0,0,53,0,0,5
542,1100,6.2,372,100,0,0,0,0,0,0,56,0,0,4
543,1156,6.2459,381,100,0,0,0,0,0,0,56,0,0,5
544,1252,6.19672,378,100,0,0,0,0,0,0,57,0,0,4
545,1100,6.1,366,100,0,0,0,0,0,0,58,0,0,2
546,1328,6.2381,393,100,0,0,0,0,0,0,58,0,0,5
547,1348,6.35,381,100,0,0,0,0,0,0,53,0,0,7
548,1300,6.25862,363,100,0,0,0,0,0,0,53,0,0,5
549,1436,6.35,381,100,0,0,0,0,0,0,53,0,0,7
550,1380,6.4,384,100,0,0,0,0,0,0,52,0,0,8
551,1248,6.2,372,100,0,0,0,0,0,0,56,0,0,4
552,1184,6.3,378,100,0,0,0,0,0,0,54,0,0,6
553,1212,6.25862,363,100,0,0,0,0,0,0,53,0,0,5
554,1224,6.2069,360,100,0,0,0,0,0,0,54,0,0,4
555,1124,6.05357,339,100,0,0,0,0,0,0,55,0,0,1
556,976,6,336,100,0,0,0,0,0,0,56,0,0,0
557,1080,6,348,100,0,0,0,0,0,0,58,0,0,0
558,1016,6,342,100,0,0,0,0,0,0,57,0,0,0
559,1008,6.04918,369,100,0,0,0,0,0,0,60,0,0,1
560,956,6.04918,369,100,0,0,0,0,0,0,60,0,0,1
561,1076,6,378,100,0,0,0,0,0,0,63,0,0,0
562,1096,6.16364,339,100,0,0,0,0,0,0,52,0,0,3
563,1216,6.25,375,100,0,0,0,0,0,0,55,0,0,5
564,1448,6.19355,384,100,0,0,0,0,0,0,58,0,0,4
565,1432,6.19048,390,100,0,0,0,0,0,0,59,0,0,4
566,1376,6.25,375,100,0,0,0,0,0,0,55,0,0,5
567,1220,6.05085,357,100,0,0,0,0,0,0,58,0,0,1
568,1412,6.23333,374,100,0,0,0,0,0,0,55,0,1,4
569,1508,6.15517,357,100,0,0,0,0,0,0,55,0,0,3
570,1128,6.21053,354,100,0,0,0,0,0,0,53,0,0,4
571,1256,6.2,372,100,0,0,0,0,0,0,56,0,0,4
572,1292,6.21429,348,100,0,0,0,0,0,0,52,0,0,4
573,1236,6.25424,369,100,0,0,0,0,0,0,54,0,0,5
574,1092,6.21429,348,100,0,0,0,0,0,0,52,0,0,4
575,1000,6.16071,345,100,0,0,0,0,0,0,53,0,0,3
576,1148,6.15,369,100,0,0,0,0,0,0,57,0,0,3
577,1136,6.15517,357,100,0,0,0,0,0,0,55,0,0,3
578,972,6.05455,333,100,0,0,0,0,0,0,54,0,0,1
579,940,6.05263,345,100,0,0,0,0,0,0,56,0,0,1
580,972,6.15254,363,100,0,0,0,0,0,0,56,0,0,3
581,972,6.15,369,100,0,0,0,0,0,0,57,0,0,3
582,1052,6.04688,387,100,0,0,0,0,0,0,63,0,0,1
583,1004,6.09836,372,100,0,0,0,0,0,0,59,0,0,2
584,992,6.09836,372,100,0,0,0,0,0,0,59,0,0,2
585,980,6.04918,369,100,0,0,0,0,0,0,60,0,0,1
586,1064,6.05,363,100,0,0,0,0,0,0,59,0,0,1
587,1032,6,354,100,0,0,0,0,0,0,59,0,0,0
588,1032,6,354,100,0,0,0,0,0,0,59,0,0,0
589,1024,6.05085,357,100,0,0,0,0,0,0,58,0,0,1
590,1072,6.04762,381,100,0,0,0,0,0,0,62,0,0,1
591,880,6.1,366,100,0,0,0,0,0,0,58,0,0,2
592,1024,6.05,363,100,0,0,0,0,0,0,59,0,0,1
593,836,6,324,100,0,0,0,0,0,0,54,0,0,0
594,996,6,360,100,0,0,0,0,0,0,60,0,0,0
595,1088,6.09677,378,100,0,0,0,0,0,0,60,0,0,2
596,1104,6.19355,384,100,0,0,0,0,0,0,58,0,0,4
597,1116,6.22388,417,100,0,0,0,0,0,0,62,0,0,5
598,996,6.1791,414,100,0,0,0,0,0,0,63,0,0,4
599,1004,6.14286,387,100,0,0,0,0,0,0,60,0,0,3
600,1184,6,396,100,0,0,0,0,0,0,66,0,0,0
601,1108,6.04412,411,100,0,0,0,0,0,0,67,0,0,1
602,1104,6.07576,401,100,0,0,0,0,0,0,64,0,1,1
603,1000,6.09091,402,100,0,0,0,0,0,0,64,0,0,2
604,836,6.09677,378,100,0,0,0,0,0,0,60,0,0,2
605,1032,6.27273,414,100,0,0,0,0,0,0,60,0,0,6
606,1048,6.13636,405,100,0,0,0,0,0,0,63,0,0,3
607,1144,6.09231,396,100,0,0,0,0,0,0,63,0,0,2
608,1100,6.04348,417,100,0,0,0,0,0,0,68,0,0,1
609,1248,6.13636,405,100,0,0,0,0,0,0,63,0,0,3
610,1164,6.18182,408,100,0,0,0,0,0,0,62,0,0,4
611,1256,6.14062,393,100,0,0,0,0,0,0,61,0,0,3
612,1452,6.22727,411,100,0,0,0,0,0,0,61,0,0,5
613,1364,6.15254,363,100,0,0,0,0,0,0,56,0,0,3
614,1304,6.15,369,100,0,0,0,0,0,0,57,0,0,3
615,1308,6.34615,330,100,0,0,0,0,0,0,46,0,0,6
616,1740,6.2381,393,100,0,0,0,0,0,0,58,0,0,5
617,1728,6.44444,348,100,0,0,0,0,0,0,46,0,0,8
618,1548,6.33333,342,100,0,0,0,0,0,0,48,0,0,6
619,1756,6.25424,369,100,0,0,0,0,0,0,54,0,0,5
620,1676,6.26786,351,100,0,0,0,0,0,0,51,0,0,5
621,1764,6.2069,360,100,0,0,0,0,0,0,54,0,0,4
622,1344,6.3,378,100,0,0,0,0,0,0,54,0,0,6
623,1396,6.16071,345,100,0,0,0,0,0,0,53,0,0,3
624,1372,6.31579,360,100,0,0,0,0,0,0,51,0,0,6
625,1516,6.32727,348,100,0,0,0,0,0,0,49,0,0,6
626,1716,6.42105,366,100,0,0,0,0,0,0,49,0,0,8
627,1732,6.49091,357,100,0,0,0,0,0,0,46,0,0,9
628,1468,6.42105,366,100,0,0,0,0,0,0,49,0,0,8
629,1476,6.41818,353,100,0,0,0,0,0,0,47,0,1,7
630,1648,6.5614,374,100,0,0,0,0,0,0,46,0,1,10
631,1408,6.58182,362,100,0,0,0,0,0,0,44,0,1,10
632,1476,6.50877,371,100,0,0,0,0,0,0,47,0,1,9
633,1364,6.41818,353,100,0,0,0,0,0,0,47,0,1,7
634,1512,6.51923,339,100,0,0,0,0,0,0,43,0,0,9
635,1476,6.58929,369,100,0,0,0,0,0,0,45,0,0,11
636,1196,6.39623,339,100,0,0,0,0,0,0,46,0,0,7
637,1564,6.42857,360,100,0,0,0,0,0,0,48,0,0,8
638,1664,6.5,390,100,0,0,0,0,0,0,50,0,0,10
639,1600,6.43636,354,100,0,0,0,0,0,0,47,0,0,8
640,1228,6.32727,348,100,0,0,0,0,0,0,49,0,0,6
641,1392,6.45283,342,100,0,0,0,0,0,0,45,0,0,8
642,1300,6.33333,342,100,0,0,0,0,0,0,48,0,0,6
643,1668,6.4918,396,100,0,0,0,0,0,0,51,0,0,10
644,1412,6.40678,378,100,0,0,0,0,0,0,51,0,0,8
645,1256,6.31579,360,100,0,0,0,0,0,0,51,0,0,6
646,1568,6.31034,366,100,0,0,0,0,0,0,52,0,0,6
647,1604,6.16981,327,100,0,0,0,0,0,0,50,0,0,3
648,1728,6.30508,372,100,0,0,0,0,0,0,53,0,0,6
649,1428,6.21053,354,100,0,0,0,0,0,0,53,0,0,4
650,1200,6.10909,336,100,0,0,0,0,0,0,53,0,0,2
651,1280,6.10169,360,100,0,0,0,0,0,0,57,0,0,2
652,1156,6.16364,339,100,0,0,0,0,0,0,52,0,0,3
653,1228,6.27273,345,100,0,0,0,0,0,0,50,0,0,5
654,1508,6.48214,363,100,0,0,0,0,0,0,47,0,0,9
655,1540,6.63158,378,100,0,0,0,0,0,0,45,0,0,12
656,1172,6.33871,393,100,0,0,0,0,0,0,55,0,0,7
657,1252,6.39344,390,100,0,0,0,0,0,0,53,0,0,8
658,1236,6.25,375,100,0,0,0,0,0,0,55,0,0,5
659,1528,6.33333,399,100,0,0,0,0,0,0,56,0,0,7
660,1424,6.31034,366,100,0,0,0,0,0,0,52,0,0,6
661,1200,6.15789,351,100,0,0,0,0,0,0,54,0,0,3
662,1200,6.15517,357,100,0,0,0,0,0,0,55,0,0,3
663,1096,6.10345,354,100,0,0,0,0,0,0,56,0,0,2
664,884,6.04918,369,100,0,0,0,0,0,0,60,0,0,1
665,992,6.15,369,100,0,0,0,0,0,0,57,0,0,3
666,1092,6.14062,393,100,0,0,0,0,0,0,61,0,0,3
667,988,6.04839,375,100,0,0,0,0,0,0,61,0,0,1
668,920,6,354,100,0,0,0,0,0,0,59,0,0,0
669,1220,6.25,375,100,0,0,0,0,0,0,55,0,0,5
670,1104,6.21053,354,100,0,0,0,0,0,0,53,0,0,4
671,1084,6.05,363,100,0,0,0,0,0,0,59,0,0,1
672,1208,6.1,366,100,0,0,0,0,0,0,58,0,0,2
673,1192,6,384,100,0,0,0,0,0,0,64,0,0,0
674,1244,6.09836,372,100,0,0,0,0,0,0,59,0,0,2
675,1120,6.15517,357,100,0,0,0,0,0,0,55,0,0,3
676,1000,6.16364,339,100,0,0,0,0,0,0,52,0,0,3
677,996,6,354,100,0,0,0,0,0,0,59,0,0,0
678,980,6,342,100,0,0,0,0,0,0,57,0,0,0
679,1152,6.10526,348,100,0,0,0,0,0,0,55,0,0,2
680,1088,6.04918,369,100,0,0,0,0,0,0,60,0,0,1
681,1288,6.15,369,100,0,0,0,0,0,0,57,0,0,3
682,1220,6.21053,354,100,0,0,0,0,0,0,53,0,0,4
683,1520,6.15789,351,100,0,0,0,0,0,0,54,0,0,3
684,1628,6.19672,378,100,0,0,0,0,0,0,57,0,0,4
685,1600,6.10345,354,100,0,0,0,0,0,0,56,0,0,2
686,1296,6.10714,342,100,0,0,0,0,0,0,54,0,0,2
687,952,6.10714,342,100,0,0,0,0,0,0,54,0,0,2
688,1224,6.14062,393,100,0,0,0,0,0,0,61,0,0,3
689,1200,6.20339,366,100,0,0,0,0,0,0,55,0,0,4
690,1380,6.15254,363,100,0,0,0,0,0,0,56,0,0,3
691,1224,6.25424,369,100,0,0,0,0,0,0,54,0,0,5
692,1292,6.05,363,100,0,0,0,0,0,0,59,0,0,1
693,1312,6.10345,354,100,0,0,0,0,0,0,56,0,0,2
694,1092,6.15,369,100,0,0,0,0,0,0,57,0,0,3
695,1136,6.26316,357,100,0,0,0,0,0,0,52,0,0,5
696,1124,6.19355,384,100,0,0,0,0,0,0,58,0,0,4
697,932,6.05357,339,100,0,0,0,0,0,0,55,0,0,1
698,1012,6.05085,357,100,0,0,0,0,0,0,58,0,0,1
699,1108,6,360,100,0,0,0,0,0,0,60,0,0,0
700,1144,6,336,100,0,0,0,0,0,0,56,0,0,0
701,1120,6,330,100,0,0,0,0,0,0,55,0,0,0
702,996,6,360,100,0,0,0,0,0,0,60,0,0,0
703,944,6,330,100,0,0,0,0,0,0,55,0,0,0
704,980,6.05263,345,100,0,0,0,0,0,0,56,0,0,1
705,1188,6.16364,339,100,0,0,0,0,0,0,52,0,0,3
706,1332,6.09677,378,100,0,0,0,0,0,0,60,0,0,2
707,1452,6.05263,345,100,0,0,0,0,0,0,56,0,0,1
708,1340,6.05357,339,100,0,0,0,0,0,0,55,0,0,1
709,1264,6,324,100,0,0,0,0,0,0,54,0,0,0
710,1152,6,384,100,0,0,0,0,0,0,64,0,0,0
711,1048,6.05357,339,100,0,0,0,0,0,0,55,0,0,1
712,1052,6.15254,363,100,0,0,0,0,0,0,56,0,0,3
713,1172,6.20339,366,100,0,0,0,0,0,0,55,0,0,4
714,1060,6.15,369,100,0,0,0,0,0,0,57,0,0,3
715,988,6.05085,357,100,0,0,0,0,0,0,58,0,0,1
716,1032,6.10169,360,100,0,0,0,0,0,0,57,0,0,2
717,996,6.16071,345,100,0,0,0,0,0,0,53,0,0,3
718,1020,6.05455,333,100,0,0,0,0,0,0,54,0,0,1
719,1080,6.04839,375,100,0,0,0,0,0,0,61,0,0,1
720,1156,6.04839,375,100,0,0,0,0,0,0,61,0,0,1
721,1040,6.04918,369,100,0,0,0,0,0,0,60,0,0,1
722,1068,6.04918,369,100,0,0,0,0,0,0,60,0,0,1
723,908,6,390,100,0,0,0,0,0,0,65,0,0,0
724,944,6.09091,402,100,0,0,0,0,0,0,64,0,0,2
725,928,6.14516,381,100,0,0,0,0,0,0,59,0,0,3
726,804,6.04688,387,100,0,0,0,0,0,0,63,0,0,1
727,976,6.09231,396,100,0,0,0,0,0,0,63,0,0,2
728,992,6.12308,398,100,0,0,0,0,0,0,62,0,1,2
729,908,6.15789,351,100,0,0,0,0,0,0,54,0,0,3
730,892,6.04839,375,100,0,0,0,0,0,0,61,0,0,1
731,868,6.09836,372,100,0,0,0,0,0,0,59,0,0,2
732,724,6.08772,347,100,0,0,0,0,0,0,55,0,1,1
733,968,6.04688,387,100,0,0,0,0,0,0,63,0,0,1
734,920,6.09836,372,100,0,0,0,0,0,0,59,0,0,2
735,788,6.09836,372,100,0,0,0,0,0,0,59,0,0,2
736,760,6.05263,345,100,0,0,0,0,0,0,56,0,0,1
737,780,6,330,100,0,0,0,0,0,0,55,0,0,0
738,892,6,372,100,0,0,0,0,0,0,62,0,0,0
739,948,6.04918,369,100,0,0,0,0,0,0,60,0,0,1
740,1032,6,354,100,0,0,0,0,0,0,59,0,0,0
741,992,6,366,100,0,0,0,0,0,0,61,0,0,0
742,1076,6.04839,375,100,0,0,0,0,0,0,61,0,0,1
743,1004,6.05172,351,100,0,0,0,0,0,0,57,0,0,1
744,1016,6.05172,351,100,0,0,0,0,0,0,57,0,0,1
745,1184,6,384,100,0,0,0,0,0,0,64,0,0,0
746,1056,6.09231,396,100,0,0,0,0,0,0,63,0,0,2
747,976,6.09836,372,100,0,0,0,0,0,0,59,0,0,2
748,1052,6.14286,387,100,0,0,0,0,0,0,60,0,0,3
749,868,6.15517,357,100,0,0,0,0,0,0,55,0,0,3
750,944,6.04762,381,100,0,0,0,0,0,0,62,0,0,1
751,1000,6,348,100,0,0,0,0,0,0,58,0,0,0
752,792,6,324,100,0,0,0,0,0,0,54,0,0,0
753,1024,6,390,100,0,0,0,0,0,0,65,0,0,0
754,1128,6,372,100,0,0,0,0,0,0,62,0,0,0
755,932,6,348,100,0,0,0,0,0,0,58,0,0,0
756,1140,6,354,100,0,0,0,0,0,0,59,0,0,0
757,1092,6,336,100,0,0,0,0,0,0,56,0,0,0
758,1096,6,366,100,0,0,0,0,0,0,61,0,0,0
759,1048,6.04918,369,100,0,0,0,0,0,0,60,0,0,1
760,972,6.1,366,100,0,0,0,0,0,0,58,0,0,2
761,992,6.15,369,100,0,0,0,0,0,0,57,0,0,3
762,1052,6.05085,357,100,0,0,0,0,0,0,58,0,0,1
763,1076,6.10526,348,100,0,0,0,0,0,0,55,0,0,2
764,772,6.05882,309,100,0,0,0,0,0,0,50,0,0,1
765,804,6.10526,348,100,0,0,0,0,0,0,55,0,0,2
766,908,6.10169,360,100,0,0,0,0,0,0,57,0,0,2
767,768,6.15254,363,100,0,0,0,0,0,0,56,0,0,3
768,972,6.24194,387,100,0,0,0,0,0,0,57,0,0,5
769,940,6.27778,339,100,0,0,0,0,0,0,49,0,0,5
770,1064,6.15,369,100,0,0,0,0,0,0,57,0,0,3
771,1064,6.15,369,100,0,0,0,0,0,0,57,0,0,3
772,988,6.2,372,100,0,0,0,0,0,0,56,0,0,4
773,1104,6.14286,387,100,0,0,0,0,0,0,60,0,0,3
774,1220,6.15517,357,100,0,0,0,0,0,0,55,0,0,3
775,1056,6.04762,381,100,0,0,0,0,0,0,62,0,0,1
776,1020,6.04688,387,100,0,0,0,0,0,0,63,0,0,1
777,1212,6.09231,396,100,0,0,0,0,0,0,63,0,0,2
778,1096,6.1,366,100,0,0,0,0,0,0,58,0,0,2
779,1136,6.15254,363,100,0,0,0,0,0,0,56,0,0,3
780,1300,6.23438,399,100,0,0,0,0,0,0,59,0,0,5
781,1236,6.21429,348,100,0,0,0,0,0,0,52,0,0,4
782,1304,6,360,100,0,0,0,0,0,0,60,0,0,0
783,1476,6.21053,354,100,0,0,0,0,0,0,53,0,0,4
784,1896,6.2459,381,100,0,0,0,0,0,0,56,0,0,5
785,1556,6.2,372,100,0,0,0,0,0,0,56,0,0,4
786,1668,6.33333,399,100,0,0,0,0,0,0,56,0,0,7
787,1624,6.3871,396,100,0,0,0,0,0,0,54,0,0,8
788,1564,6.31034,366,100,0,0,0,0,0,0,52,0,0,6
789,1604,6.20339,366,100,0,0,0,0,0,0,55,0,0,4
790,1876,6.20339,366,100,0,0,0,0,0,0,55,0,0,4
791,1808,6.11321,324,100,0,0,0,0,0,0,51,0,0,2
792,1620,6.11321,324,100,0,0,0,0,0,0,51,0,0,2
793,1716,6.23077,324,100,0,0,0,0,0,0,48,0,0,4
794,1764,6.34426,387,100,0,0,0,0,0,0,54,0,0,7
795,1620,6.35,381,100,0,0,0,0,0,0,53,0,0,7
796,1648,6.46552,375,100,0,0,0,0,0,0,49,0,0,9
797,1528,6.35593,375,100,0,0,0,0,0,0,52,0,0,7
798,1416,6.52632,372,100,0,0,0,0,0,0,47,0,0,10
799,1464,6.375,357,100,0,0,0,0,0,0,49,0,0,7
800,1608,6.35593,375,100,0,0,0,0,0,0,52,0,0,7
801,1888,6.51724,378,100,0,0,0,0,0,0,48,0,0,10
802,1828,6.58929,369,100,0,0,0,0,0,0,45,0,0,11
803,2380,6.33333,399,100,0,0,0,0,0,0,56,0,0,7
804,1812,6.15,369,100,0,0,0,0,0,0,57,0,0,3
805,1848,6.21818,342,100,0,0,0,0,0,0,51,0,0,4
806,2156,6.21053,354,100,0,0,0,0,0,0,53,0,0,4
807,2256,6.05357,339,100,0,0,0,0,0,0,55,0,0,1
808,2288,6.11321,324,100,0,0,0,0,0,0,51,0,0,2
809,2552,6.05556,327,100,0,0,0,0,0,0,53,0,0,1
810,1668,6.10714,342,100,0,0,0,0,0,0,54,0,0,2
811,1572,6.05357,339,100,0,0,0,0,0,0,55,0,0,1
812,1260,6.11321,324,100,0,0,0,0,0,0,51,0,0,2
813,1400,6.11538,318,100,0,0,0,0,0,0,50,0,0,2
814,1452,6.25424,369,100,0,0,0,0,0,0,54,0,0,5
815,1204,6.05357,339,100,0,0,0,0,0,0,55,0,0,1
816,1256,6.15254,363,100,0,0,0,0,0,0,56,0,0,3
817,1548,6.09524,384,100,0,0,0,0,0,0,61,0,0,2
818,1648,6.22222,392,100,0,0,0,0,0,0,58,0,1,4
819,1484,6.05263,345,100,0,0,0,0,0,0,56,0,0,1
820,1572,6.15254,363,100,0,0,0,0,0,0,56,0,0,3
821,1700,6.09677,378,100,0,0,0,0,0,0,60,0,0,2
822,1664,6.21053,354,100,0,0,0,0,0,0,53,0,0,4
823,1424,6,336,100,0,0,0,0,0,0,56,0,0,0
824,1564,6.11321,324,100,0,0,0,0,0,0,51,0,0,2
825,1348,6.21818,342,100,0,0,0,0,0,0,51,0,0,4
826,1480,6.15517,357,100,0,0,0,0,0,0,55,0,0,3
827,1232,6,330,100,0,0,0,0,0,0,55,0,0,0
828,1388,6.14516,381,100,0,0,0,0,0,0,59,0,0,3
829,1436,6.27273,345,100,0,0,0,0,0,0,50,0,0,5
830,1316,6.27273,345,100,0,0,0,0,0,0,50,0,0,5
831,1552,6.15254,363,100,0,0,0,0,0,0,56,0,0,3
832,1632,6.31579,360,100,0,0,0,0,0,0,51,0,0,6
833,1432,6.27778,339,100,0,0,0,0,0,0,49,0,0,5
834,1608,6.3,378,100,0,0,0,0,0,0,54,0,0,6
835,1452,6.10169,360,100,0,0,0,0,0,0,57,0,0,2
836,1208,6.22222,336,100,0,0,0,0,0,0,50,0,0,4
837,1136,6.15254,363,100,0,0,0,0,0,0,56,0,0,3
838,1208,6.20339,366,100,0,0,0,0,0,0,55,0,0,4
839,1184,6.31034,366,100,0,0,0,0,0,0,52,0,0,6
840,1276,6.35593,375,100,0,0,0,0,0,0,52,0,0,7
841,1480,6.39344,390,100,0,0,0,0,0,0,53,0,0,8
842,1532,6.49091,357,100,0,0,0,0,0,0,46,0,0,9
843,1404,6.42857,360,100,0,0,0,0,0,0,48,0,0,8
844,1348,6.54545,360,100,0,0,0,0,0,0,45,0,0,10
845,1508,6.36207,369,100,0,0,0,0,0,0,51,0,0,7
846,1508,6.20339,366,100,0,0,0,0,0,0,55,0,0,4
847,1196,6.14754,375,100,0,0,0,0,0,0,58,0,0,3
848,1276,6.09836,372,100,0,0,0,0,0,0,59,0,0,2
849,1280,6.05172,351,100,0,0,0,0,0,0,57,0,0,1
850,1388,6.09231,396,100,0,0,0,0,0,0,63,0,0,2
851,1512,6.05085,357,100,0,0,0,0,0,0,58,0,0,1
852,1308,6.1,366,100,0,0,0,0,0,0,58,0,0,2
853,1348,6.15789,351,100,0,0,0,0,0,0,54,0,0,3
854,1316,6.16364,339,100,0,0,0,0,0,0,52,0,0,3
855,1224,6.10526,348,100,0,0,0,0,0,0,55,0,0,2
856,1468,6.14516,381,100,0,0,0,0,0,0,59,0,0,3
857,1284,6.09836,372,100,0,0,0,0,0,0,59,0,0,2
858,1188,6.20339,366,100,0,0,0,0,0,0,55,0,0,4
859,1172,6.10169,360,100,0,0,0,0,0,0,57,0,0,2
860,1072,6.09677,378,100,0,0,0,0,0,0,60,0,0,2
861,1256,6.09677,378,100,0,0,0,0,0,0,60,0,0,2
862,1140,6.10345,354,100,0,0,0,0,0,0,56,0,0,2
863,944,6.05172,351,100,0,0,0,0,0,0,57,0,0,1
864,1188,6.08955,408,100,0,0,0,0,0,0,65,0,0,2
865,1088,6.09677,378,100,0,0,0,0,0,0,60,0,0,2
866,1100,6.09231,396,100,0,0,0,0,0,0,63,0,0,2
867,956,6.14286,387,100,0,0,0,0,0,0,60,0,0,3
868,1204,6.14516,381,100,0,0,0,0,0,0,59,0,0,3
869,1244,6.125,392,100,0,0,0,0,0,0,61,0,1,2
870,1196,6.10526,348,100,0,0,0,0,0,0,55,0,0,2
871,1216,6.05357,339,100,0,0,0,0,0,0,55,0,0,1
872,1552,6.10169,360,100,0,0,0,0,0,0,57,0,0,2
873,1512,6.05263,345,100,0,0,0,0,0,0,56,0,0,1
874,1316,6,324,100,0,0,0,0,0,0,54,0,0,0
875,1172,6,342,100,0,0,0,0,0,0,57,0,0,0
876,1288,6,354,100,0,0,0,0,0,0,59,0,0,0
877,1324,6,348,100,0,0,0,0,0,0,58,0,0,0
878,1440,6,354,100,0,0,0,0,0,0,59,0,0,0
879,1520,6,324,100,0,0,0,0,0,0,54,0,0,0
880,1236,6,336,100,0,0,0,0,0,0,56,0,0,0
881,1120,6,342,100,0,0,0,0,0,0,57,0,0,0
882,1140,6,384,100,0,0,0,0,0,0,64,0,0,0
883,1088,6,366,100,0,0,0,0,0,0,61,0,0,0
884,1232,6,390,100,0,0,0,0,0,0,65,0,0,0
885,1308,6,360,100,0,0,0,0,0,0,60,0,0,0
886,1336,6,384,100,0,0,0,0,0,0,64,0,0,0
887,1332,6,402,100,0,0,0,0,0,0,67,0,0,0
888,1380,6,372,100,0,0,0,0,0,0,62,0,0,0
889,1644,6,366,100,0,0,0,0,0,0,61,0,0,0
890,1372,6.05085,357,100,0,0,0,0,0,0,58,0,0,1
891,1256,6.10526,348,100,0,0,0,0,0,0,55,0,0,2
892,1384,6.05,363,100,0,0,0,0,0,0,59,0,0,1
893,1372,6.09677,378,100,0,0,0,0,0,0,60,0,0,2
894,1328,6.1,366,100,0,0,0,0,0,0,58,0,0,2
895,1508,6.14754,375,100,0,0,0,0,0,0,58,0,0,3
896,1472,6.14754,375,100,0,0,0,0,0,0,58,0,0,3
897,1268,6.05,363,100,0,0,0,0,0,0,59,0,0,1
898,1308,6.13793,356,100,0,0,0,0,0,0,55,0,1,2
899,1316,6.03448,350,100,0,0,0,0,0,0,57,0,1,0
900,1524,6,372,100,0,0,0,0,0,0,62,0,0,0
901,1704,6,348,100,0,0,0,0,0,0,58,0,0,0
902,1708,6,360,100,0,0,0,0,0,0,60,0,0,0
903,2144,6,390,100,0,0,0,0,0,0,65,0,0,0
904,2256,6,354,100,0,0,0,0,0,0,59,0,0,0
905,2516,6,378,100,0,0,0,0,0,0,63,0,0,0
906,2508,6.05357,339,100,0,0,0,0,0,0,55,0,0,1
907,1928,6.05263,345,100,0,0,0,0,0,0,56,0,0,1
908,1808,6.10526,348,100,0,0,0,0,0,0,55,0,0,2
909,1896,6.05357,339,100,0,0,0,0,0,0,55,0,0,1
910,1160,6.04839,375,100,0,0,0,0,0,0,61,0,0,1
911,1208,6.05,363,100,0,0,0,0,0,0,59,0,0,1
912,1364,6.05085,357,100,0,0,0,0,0,0,58,0,0,1
913,1828,6.04839,375,100,0,0,0,0,0,0,61,0,0,1
914,1416,6,330,100,0,0,0,0,0,0,55,0,0,0
915,1568,6.05455,333,100,0,0,0,0,0,0,54,0,0,1
916,1248,6,354,100,0,0,0,0,0,0,59,0,0,0
917,1352,6.04762,381,100,0,0,0,0,0,0,62,0,0,1
918,1144,6.04839,375,100,0,0,0,0,0,0,61,0,0,1
919,1020,6.05,363,100,0,0,0,0,0,0,59,0,0,1
920,1008,6.11667,367,100,0,0,0,0,0,0,57,0,2,1
921,1036,6.20339,366,100,0,0,0,0,0,0,55,0,0,4
922,1168,6.28571,396,100,0,0,0,0,0,0,57,0,0,6
923,908,6.23077,324,100,0,0,0,0,0,0,48,0,0,4
924,1124,6.14754,375,100,0,0,0,0,0,0,58,0,0,3
925,1092,6.09375,390,100,0,0,0,0,0,0,62,0,0,2
926,1080,6.04839,375,100,0,0,0,0,0,0,61,0,0,1
927,1276,6.14516,381,100,0,0,0,0,0,0,59,0,0,3
928,940,6,348,100,0,0,0,0,0,0,58,0,0,0
929,880,6,324,100,0,0,0,0,0,0,54,0,0,0
930,1008,6,348,100,0,0,0,0,0,0,58,0,0,0
931,1024,6.10526,348,100,0,0,0,0,0,0,55,0,0,2
932,972,6,324,100,0,0,0,0,0,0,54,0,0,0
933,1028,6.05172,351,100,0,0,0,0,0,0,57,0,0,1
934,920,6.05556,327,100,0,0,0,0,0,0,53,0,0,1
935,1240,6.21429,348,100,0,0,0,0,0,0,52,0,0,4
936,1124,6.17308,321,100,0,0,0,0,0,0,49,0,0,3
937,1216,6.10714,342,100,0,0,0,0,0,0,54,0,0,2
938,1140,6,300,100,0,0,0,0,0,0,50,0,0,0
939,1224,6,366,100,0,0,0,0,0,0,61,0,0,0
940,1072,6,330,100,0,0,0,0,0,0,55,0,0,0
941,1080,6,336,100,0,0,0,0,0,0,56,0,0,0
942,1416,6.09677,378,100,0,0,0,0,0,0,60,0,0,2
943,1348,6.10345,354,100,0,0,0,0,0,0,56,0,0,2
944,1364,6.1,366,100,0,0,0,0,0,0,58,0,0,2
945,1164,6.05556,327,100,0,0,0,0,0,0,53,0,0,1
946,1232,6.10909,336,100,0,0,0,0,0,0,53,0,0,2
947,1576,6.19355,384,100,0,0,0,0,0,0,58,0,0,4
948,1092,6.10714,342,100,0,0,0,0,0,0,54,0,0,2
949,956,6.10526,348,100,0,0,0,0,0,0,55,0,0,2
950,1324,6.13846,399,100,0,0,0,0,0,0,62,0,0,3
951,1212,6.14286,387,100,0,0,0,0,0,0,60,0,0,3
952,1084,6.15254,363,100,0,0,0,0,0,0,56,0,0,3
953,1088,6.15517,357,100,0,0,0,0,0,0,55,0,0,3
954,1220,6.09836,372,100,0,0,0,0,0,0,59,0,0,2
955,1376,6.2,372,100,0,0,0,0,0,0,56,0,0,4
956,1300,6.14516,381,100,0,0,0,0,0,0,59,0,0,3
957,1172,6.15517,357,100,0,0,0,0,0,0,55,0,0,3
958,1192,6.15789,351,100,0,0,0,0,0,0,54,0,0,3
959,1068,6.16071,345,100,0,0,0,0,0,0,53,0,0,3
960,1160,6.22222,336,100,0,0,0,0,0,0,50,0,0,4
961,1180,6.15789,351,100,0,0,0,0,0,0,54,0,0,3
962,1276,6.2069,360,100,0,0,0,0,0,0,54,0,0,4
963,1136,6.16364,339,100,0,0,0,0,0,0,52,0,0,3
964,1200,6.16667,333,100,0,0,0,0,0,0,51,0,0,3
965,1316,6.3,378,100,0,0,0,0,0,0,54,0,0,6
966,1316,6.25424,369,100,0,0,0,0,0,0,54,0,0,5
967,1408,6.36207,369,100,0,0,0,0,0,0,51,0,0,7
968,1392,6.3,378,100,0,0,0,0,0,0,54,0,0,6
969,1324,6.29508,384,100,0,0,0,0,0,0,55,0,0,6
970,1376,6.35593,375,100,0,0,0,0,0,0,52,0,0,7
971,1428,6.28571,396,100,0,0,0,0,0,0,57,0,0,6
972,1372,6.25862,363,100,0,0,0,0,0,0,53,0,0,5
973,1540,6.4,384,100,0,0,0,0,0,0,52,0,0,8
974,1836,6.47619,408,100,0,0,0,0,0,0,53,0,0,10
975,1732,6.39344,390,100,0,0,0,0,0,0,53,0,0,8
976,1748,6.29508,384,100,0,0,0,0,0,0,55,0,0,6
977,1704,6.42857,360,100,0,0,0,0,0,0,48,0,0,8
978,1600,6.42105,366,100,0,0,0,0,0,0,49,0,0,8
979,1476,6.36207,369,100,0,0,0,0,0,0,51,0,0,7
980,1544,6.33333,399,100,0,0,0,0,0,0,56,0,0,7
981,1328,6.28302,333,100,0,0,0,0,0,0,48,0,0,5
982,1380,6.36207,369,100,0,0,0,0,0,0,51,0,0,7
983,1252,6.15789,351,100,0,0,0,0,0,0,54,0,0,3
984,1388,6.31034,366,100,0,0,0,0,0,0,52,0,0,6
985,1464,6.31034,366,100,0,0,0,0,0,0,52,0,0,6
986,1700,6.48387,402,100,0,0,0,0,0,0,52,0,0,10
987,1548,6.35593,375,100,0,0,0,0,0,0,52,0,0,7
988,1432,6.2381,393,100,0,0,0,0,0,0,58,0,0,5
989,1456,6.21053,354,100,0,0,0,0,0,0,53,0,0,4
990,1420,6.25862,363,100,0,0,0,0,0,0,53,0,0,5
991,1556,6.36207,369,100,0,0,0,0,0,0,51,0,0,7
992,2020,6.6,396,100,0,0,0,0,0,0,48,0,0,12
993,1592,6.38889,345,100,0,0,0,0,0,0,47,0,0,7
994,1652,6.62069,384,100,0,0,0,0,0,0,46,0,0,12
995,1568,6.52632,372,100,0,0,0,0,0,0,47,0,0,10
996,1328,6.44262,393,100,0,0,0,0,0,0,52,0,0,9
997,1372,6.47059,330,100,0,0,0,0,0,0,43,0,0,8
998,1572,6.46552,375,100,0,0,0,0,0,0,49,0,0,9
999,1472,6.5,351,100,0,0,0,0,0,0,45,0,0,9
