update,points,mean_tasks,total_tasks,total_orgs,task_0,task_1,task_2,task_3,task_4,task_5,task_6,task_7,task_8,task_9
0,0,nan,0,10,0,0,0,0,0,0,0,0,0,0
1,16,6,6,10,0,0,0,0,0,0,1,0,0,0
2,60,6,24,11,0,0,0,0,0,0,4,0,0,0
3,68,6,24,12,0,0,0,0,0,0,4,0,0,0
4,72,6,30,12,0,0,0,0,0,0,5,0,0,0
5,100,6,42,13,0,0,0,0,0,0,7,0,0,0
6,68,6,36,13,0,0,0,0,0,0,6,0,0,0
7,144,6.42857,45,14,0,0,0,0,0,0,6,0,0,1
8,88,6.375,51,15,0,0,0,0,0,0,7,0,0,1
9,96,6.33333,57,16,0,0,0,0,0,0,8,0,0,1
10,132,6.3,63,19,0,0,0,0,0,0,9,0,0,1
11,120,6.25,75,19,0,0,0,0,0,0,11,0,0,1
12,112,6.3,63,19,0,0,0,0,0,0,9,0,0,1
13,168,6.23077,81,21,0,0,0,0,0,0,12,0,0,1
14,144,6.21429,87,23,0,0,0,0,0,0,13,0,0,1
15,196,6.17647,105,25,0,0,0,0,0,0,16,0,0,1
16,228,6.16667,111,27,0,0,0,0,0,0,17,0,0,1
17,244,6,126,34,0,0,0,0,0,0,21,0,0,0
18,268,6.12,153,38,0,0,0,0,0,0,24,0,0,1
19,304,6,162,42,0,0,0,0,0,0,27,0,0,0
20,276,6,162,47,0,0,0,0,0,0,27,0,0,0
21,384,6,198,50,0,0,0,0,0,0,33,0,0,0
22,384,6,198,53,0,0,0,0,0,0,33,0,0,0
23,480,6,222,56,0,0,0,0,0,0,37,0,0,0
24,508,6,228,57,0,0,0,0,0,0,38,0,0,0
25,616,6,252,57,0,0,0,0,0,0,42,0,0,0
26,704,6,240,59,0,0,0,0,0,0,40,0,0,0
27,876,6,246,64,0,0,0,0,0,0,41,0,0,0
28,500,6,270,66,0,0,0,0,0,0,45,0,0,0
29,624,6,282,70,0,0,0,0,0,0,47,0,0,0
30,700,6.06383,285,73,0,0,0,0,0,0,46,0,0,1
31,712,6.06,303,77,0,0,0,0,0,0,49,0,0,1
32,988,6.16364,339,80,0,0,0,0,0,0,52,0,0,3
33,1092,6.1,366,83,0,0,0,0,0,0,58,0,0,2
34,1012,6.13793,356,87,0,0,0,0,0,0,55,0,1,2
35,1208,6.17188,395,90,0,0,0,0,0,0,60,0,1,3
36,1424,6.18033,377,92,0,0,0,0,0,0,57,0,1,3
37,1308,6.13559,362,93,0,0,0,0,0,0,56,0,1,2
38,1400,6.13115,374,94,0,0,0,0,0,0,58,0,1,2
39,1388,6.25424,369,95,0,0,0,0,0,0,54,0,0,5
40,1012,6.14286,387,97,0,0,0,0,0,0,60,0,0,3
41,1092,6.04688,387,98,0,0,0,0,0,0,63,0,0,1
42,1168,6.12308,398,99,0,0,0,0,0,0,62,0,1,2
43,1300,6.07353,413,99,0,0,0,0,0,0,66,0,1,1
44,1352,6.04545,399,99,0,0,0,0,0,0,65,0,0,1
45,1540,6,384,99,0,0,0,0,0,0,64,0,0,0
46,1712,6,402,99,0,0,0,0,0,0,67,0,0,0
47,1968,6.04615,393,99,0,0,0,0,0,0,64,0,0,1
48,1628,6.13433,411,99,0,0,0,0,0,0,64,0,0,3
49,904,6.04918,369,99,0,0,0,0,0,0,60,0,0,1
50,1116,6.09375,390,99,0,0,0,0,0,0,62,0,0,2
51,1088,6.04615,393,99,0,0,0,0,0,0,64,0,0,1
52,1224,6.09375,390,99,0,0,0,0,0,0,62,0,0,2
53,1340,6.09524,384,99,0,0,0,0,0,0,61,0,0,2
54,1372,6.30508,372,99,0,0,0,0,0,0,53,0,0,6
55,1588,6.42105,366,99,0,0,0,0,0,0,49,0,0,8
56,1744,6.43636,354,100,0,0,0,0,0,0,47,0,0,8
57,1520,6.47368,369,100,0,0,0,0,0,0,48,0,0,9
58,1460,6.27273,345,100,0,0,0,0,0,0,50,0,0,5
59,1524,6.25,375,100,0,0,0,0,0,0,55,0,0,5
60,1668,6.15,369,100,0,0,0,0,0,0,57,0,0,3
61,1840,6.31034,366,100,0,0,0,0,0,0,52,0,0,6
62,1184,6.28302,333,100,0,0,0,0,0,0,48,0,0,5
63,1336,6.27692,408,100,0,0,0,0,0,0,59,0,0,6
64,1384,6.15,369,100,0,0,0,0,0,0,57,0,0,3
65,1428,6.25424,369,100,0,0,0,0,0,0,54,0,0,5
66,1316,6.1,366,100,0,0,0,0,0,0,58,0,0,2
67,1336,6.15517,357,100,0,0,0,0,0,0,55,0,0,3
68,1596,6.26786,351,100,0,0,0,0,0,0,51,0,0,5
69,1952,6.2381,393,100,0,0,0,0,0,0,58,0,0,5
70,1976,6.31579,360,100,0,0,0,0,0,0,51,0,0,6
71,2308,6.14516,381,100,0,0,0,0,0,0,59,0,0,3
72,2060,6.16071,345,100,0,0,0,0,0,0,53,0,0,3
73,2284,6.25,375,100,0,0,0,0,0,0,55,0,0,5
74,2412,6.15254,363,100,0,0,0,0,0,0,56,0,0,3
75,2332,6.19355,384,100,0,0,0,0,0,0,58,0,0,4
76,2636,6.13115,374,100,0,0,0,0,0,0,58,0,1,2
77,1852,6.18966,359,100,0,0,0,0,0,0,54,0,1,3
78,1940,6.03279,368,100,0,0,0,0,0,0,60,0,1,0
79,2016,6.07812,389,100,0,0,0,0,0,0,62,0,1,1
80,1688,6.05085,357,100,0,0,0,0,0,0,58,0,0,1
81,1592,6.10714,342,100,0,0,0,0,0,0,54,0,0,2
82,1252,6.10169,360,100,0,0,0,0,0,0,57,0,0,2
83,808,6.05455,333,100,0,0,0,0,0,0,54,0,0,1
84,896,6,336,100,0,0,0,0,0,0,56,0,0,0
85,1160,6.09836,372,100,0,0,0,0,0,0,59,0,0,2
86,1048,6.05085,357,100,0,0,0,0,0,0,58,0,0,1
87,1112,6.10345,354,100,0,0,0,0,0,0,56,0,0,2
88,1156,6.05085,357,100,0,0,0,0,0,0,58,0,0,1
89,1120,6.09836,372,100,0,0,0,0,0,0,59,0,0,2
90,1232,6.04918,369,100,0,0,0,0,0,0,60,0,0,1
91,1300,6,366,100,0,0,0,0,0,0,61,0,0,0
92,1260,6.04918,369,100,0,0,0,0,0,0,60,0,0,1
93,1380,6.1,366,100,0,0,0,0,0,0,58,0,0,2
94,1652,6.15517,357,100,0,0,0,0,0,0,55,0,0,3
95,1536,6.15,369,100,0,0,0,0,0,0,57,0,0,3
96,1136,6.10714,342,100,0,0,0,0,0,0,54,0,0,2
97,1376,6.15517,357,100,0,0,0,0,0,0,55,0,0,3
98,1276,6.19672,378,100,0,0,0,0,0,0,57,0,0,4
99,1360,6.14516,381,100,0,0,0,0,0,0,59,0,0,3
100,1192,6.04918,369,100,0,0,0,0,0,0,60,0,0,1
101,1008,6.05085,357,100,0,0,0,0,0,0,58,0,0,1
102,1212,6.04762,381,100,0,0,0,0,0,0,62,0,0,1
103,1136,6,390,100,0,0,0,0,0,0,65,0,0,0
104,1300,6.05,363,100,0,0,0,0,0,0,59,0,0,1
105,1464,6,372,100,0,0,0,0,0,0,62,0,0,0
106,1480,6.04839,375,100,0,0,0,0,0,0,61,0,0,1
107,1424,6.10345,354,100,0,0,0,0,0,0,56,0,0,2
108,1100,6,336,100,0,0,0,0,0,0,56,0,0,0
109,984,6,360,100,0,0,0,0,0,0,60,0,0,0
110,1040,6.05085,357,100,0,0,0,0,0,0,58,0,0,1
111,984,6,366,100,0,0,0,0,0,0,61,0,0,0
112,992,6.05085,357,100,0,0,0,0,0,0,58,0,0,1
113,800,6,348,100,0,0,0,0,0,0,58,0,0,0
114,1184,6.04688,387,100,0,0,0,0,0,0,63,0,0,1
115,1040,6.03226,374,100,0,0,0,0,0,0,61,0,1,0
116,1172,6,396,100,0,0,0,0,0,0,66,0,0,0
117,1220,6.04478,405,100,0,0,0,0,0,0,66,0,0,1
118,1264,6.09677,378,100,0,0,0,0,0,0,60,0,0,2
119,1176,6.15,369,100,0,0,0,0,0,0,57,0,0,3
120,900,6.05085,357,100,0,0,0,0,0,0,58,0,0,1
121,1228,6.09231,396,100,0,0,0,0,0,0,63,0,0,2
122,1068,6,366,100,0,0,0,0,0,0,61,0,0,0
123,1144,6,360,100,0,0,0,0,0,0,60,0,0,0
124,1244,6,360,100,0,0,0,0,0,0,60,0,0,0
125,1288,6.05357,339,100,0,0,0,0,0,0,55,0,0,1
126,1380,6,336,100,0,0,0,0,0,0,56,0,0,0
127,1348,6.16981,327,100,0,0,0,0,0,0,50,0,0,3
128,1652,6.05,363,100,0,0,0,0,0,0,59,0,0,1
129,1312,6,360,100,0,0,0,0,0,0,60,0,0,0
130,1384,6,354,100,0,0,0,0,0,0,59,0,0,0
131,1212,6.05455,333,100,0,0,0,0,0,0,54,0,0,1
132,1352,6.05172,351,100,0,0,0,0,0,0,57,0,0,1
133,1364,6,306,100,0,0,0,0,0,0,51,0,0,0
134,1328,6,318,100,0,0,0,0,0,0,53,0,0,0
135,1252,6.0625,291,100,0,0,0,0,0,0,47,0,0,1
136,1284,6.05769,315,100,0,0,0,0,0,0,51,0,0,1
137,1468,6.05263,345,100,0,0,0,0,0,0,56,0,0,1
138,1452,6.05357,339,100,0,0,0,0,0,0,55,0,0,1
139,1272,6.17308,321,100,0,0,0,0,0,0,49,0,0,3
140,1144,6.0566,321,100,0,0,0,0,0,0,52,0,0,1
141,1244,6,336,100,0,0,0,0,0,0,56,0,0,0
142,1140,6.05357,339,100,0,0,0,0,0,0,55,0,0,1
143,1320,6.09677,378,100,0,0,0,0,0,0,60,0,0,2
144,1104,6.05,363,100,0,0,0,0,0,0,59,0,0,1
145,948,6,354,100,0,0,0,0,0,0,59,0,0,0
146,1044,6,366,100,0,0,0,0,0,0,61,0,0,0
147,1060,6.05,363,100,0,0,0,0,0,0,59,0,0,1
148,1156,6.04688,387,100,0,0,0,0,0,0,63,0,0,1
149,1200,6.1875,396,100,0,0,0,0,0,0,60,0,0,4
150,1424,6,396,100,0,0,0,0,0,0,66,0,0,0
151,1220,6.15,369,100,0,0,0,0,0,0,57,0,0,3
152,1472,6.21053,354,100,0,0,0,0,0,0,53,0,0,4
153,1416,6.15,369,100,0,0,0,0,0,0,57,0,0,3
154,1508,6.33898,374,100,0,0,0,0,0,0,52,0,1,6
155,1384,6.25424,369,100,0,0,0,0,0,0,54,0,0,5
156,1644,6.34426,387,100,0,0,0,0,0,0,54,0,0,7
157,1536,6.26786,351,100,0,0,0,0,0,0,51,0,0,5
158,1744,6.15254,363,100,0,0,0,0,0,0,56,0,0,3
159,1404,6.10345,354,100,0,0,0,0,0,0,56,0,0,2
160,1632,6.04918,369,100,0,0,0,0,0,0,60,0,0,1
161,1268,6.14754,375,100,0,0,0,0,0,0,58,0,0,3
162,1176,6.05,363,100,0,0,0,0,0,0,59,0,0,1
163,1288,6,384,100,0,0,0,0,0,0,64,0,0,0
164,1336,6.09677,378,100,0,0,0,0,0,0,60,0,0,2
165,1296,6.09677,378,100,0,0,0,0,0,0,60,0,0,2
166,1512,6.14754,375,100,0,0,0,0,0,0,58,0,0,3
167,1452,6.09677,378,100,0,0,0,0,0,0,60,0,0,2
168,1272,6,360,100,0,0,0,0,0,0,60,0,0,0
169,1336,6.07812,389,100,0,0,0,0,0,0,62,0,1,1
170,1540,6,390,100,0,0,0,0,0,0,65,0,0,0
171,1480,6.05172,351,100,0,0,0,0,0,0,57,0,0,1
172,1160,6.05263,345,100,0,0,0,0,0,0,56,0,0,1
173,1392,6.20339,366,100,0,0,0,0,0,0,55,0,0,4
174,1484,6.19048,390,100,0,0,0,0,0,0,59,0,0,4
175,1428,6.09836,372,100,0,0,0,0,0,0,59,0,0,2
176,1268,6.14516,381,100,0,0,0,0,0,0,59,0,0,3
177,1600,6.09524,384,100,0,0,0,0,0,0,61,0,0,2
178,1160,6.16981,327,100,0,0,0,0,0,0,50,0,0,3
179,1120,6.05455,333,100,0,0,0,0,0,0,54,0,0,1
180,1196,6.16364,339,100,0,0,0,0,0,0,52,0,0,3
181,1340,6.16071,345,100,0,0,0,0,0,0,53,0,0,3
182,1356,6.20339,366,100,0,0,0,0,0,0,55,0,0,4
183,1276,6.05172,351,100,0,0,0,0,0,0,57,0,0,1
184,1408,6.10169,360,100,0,0,0,0,0,0,57,0,0,2
185,1388,6.10909,336,100,0,0,0,0,0,0,53,0,0,2
186,1500,6.25,375,100,0,0,0,0,0,0,55,0,0,5
187,1648,6.19672,378,100,0,0,0,0,0,0,57,0,0,4
188,1492,6.15254,363,100,0,0,0,0,0,0,56,0,0,3
189,1424,6.15789,351,100,0,0,0,0,0,0,54,0,0,3
190,1312,6.25,375,100,0,0,0,0,0,0,55,0,0,5
191,1460,6.30508,372,100,0,0,0,0,0,0,53,0,0,6
192,1520,6.32143,354,100,0,0,0,0,0,0,50,0,0,6
193,1500,6.42857,360,100,0,0,0,0,0,0,48,0,0,8
194,1576,6.66667,360,100,0,0,0,0,0,0,42,0,0,12
195,1828,6.64286,372,100,0,0,0,0,0,0,44,0,0,12
196,1712,6.49091,357,100,0,0,0,0,0,0,46,0,0,9
197,1836,6.75,378,100,0,0,0,0,0,0,42,0,0,14
198,1848,6.63158,378,100,0,0,0,0,0,0,45,0,0,12
199,1916,6.60938,423,100,0,0,0,0,0,0,51,0,0,13
200,1844,6.69643,375,100,0,0,0,0,0,0,43,0,0,13
201,1908,6.72414,390,100,0,0,0,0,0,0,44,0,0,14
202,2032,6.78947,387,100,0,0,0,0,0,0,42,0,0,15
203,2060,6.88889,372,100,0,0,0,0,0,0,38,0,0,16
204,1940,7.10526,405,100,0,0,0,0,0,0,36,0,0,21
205,2168,6.92727,381,100,0,0,0,0,0,0,38,0,0,17
206,2100,6.98182,384,100,0,0,0,0,0,0,37,0,0,18
207,1936,6.83333,369,100,0,0,0,0,0,0,39,0,0,15
208,1964,6.96429,390,100,0,0,0,0,0,0,38,0,0,18
209,2028,7.125,399,100,0,0,0,0,0,0,35,0,0,21
210,2028,7,357,100,0,0,0,0,0,0,34,0,0,17
211,2100,7.14545,393,100,0,0,0,0,0,0,34,0,0,21
212,2064,7,378,100,0,0,0,0,0,0,36,0,0,18
213,2012,7.03636,387,100,0,0,0,0,0,0,36,0,0,19
214,2348,7.05263,402,100,0,0,0,0,0,0,37,0,0,20
215,2104,7,357,100,0,0,0,0,0,0,34,0,0,17
216,2208,7.11111,384,100,0,0,0,0,0,0,34,0,0,20
217,2112,7.04082,345,100,0,0,0,0,0,0,32,0,0,17
218,2132,7.15385,372,100,0,0,0,0,0,0,32,0,0,20
219,2248,7.16667,387,100,0,0,0,0,0,0,33,0,0,21
220,1736,7.38462,384,100,0,0,0,0,0,0,28,0,0,24
221,1872,7.07143,396,100,0,0,0,0,0,0,36,0,0,20
222,1956,7.14545,393,100,0,0,0,0,0,0,34,0,0,21
223,1832,7.07143,396,100,0,0,0,0,0,0,36,0,0,20
224,2048,7.10526,405,100,0,0,0,0,0,0,36,0,0,21
225,1968,6.87273,378,100,0,0,0,0,0,0,39,0,0,16
226,1924,6.75,405,100,0,0,0,0,0,0,45,0,0,15
227,1984,6.81818,375,100,0,0,0,0,0,0,40,0,0,15
228,1960,6.98077,363,100,0,0,0,0,0,0,35,0,0,17
229,2180,7.05556,381,100,0,0,0,0,0,0,35,0,0,19
230,2232,6.77778,366,100,0,0,0,0,0,0,40,0,0,14
231,2040,7.05882,360,100,0,0,0,0,0,0,33,0,0,18
232,1988,6.78947,387,100,0,0,0,0,0,0,42,0,0,15
233,2100,6.62687,444,100,0,0,0,0,0,0,53,0,0,14
234,1824,7.09615,369,100,0,0,0,0,0,0,33,0,0,19
235,1704,6.96226,369,100,0,0,0,0,0,0,36,0,0,17
236,1820,6.77778,366,100,0,0,0,0,0,0,40,0,0,14
237,1612,6.84906,363,100,0,0,0,0,0,0,38,0,0,15
238,1488,6.55556,354,100,0,0,0,0,0,0,44,0,0,10
239,1396,6.88889,372,100,0,0,0,0,0,0,38,0,0,16
240,1436,6.81818,375,100,0,0,0,0,0,0,40,0,0,15
241,1608,6.61111,357,100,0,0,0,0,0,0,43,0,0,11
242,1584,6.98077,363,100,0,0,0,0,0,0,35,0,0,17
243,1564,6.69643,375,100,0,0,0,0,0,0,43,0,0,13
244,1604,6.5,429,100,0,0,0,0,0,0,55,0,0,11
245,1584,6.77778,366,100,0,0,0,0,0,0,40,0,0,14
246,1772,7.03448,408,100,0,0,0,0,0,0,38,0,0,20
247,1920,6.82258,423,100,0,0,0,0,0,0,45,0,0,17
248,1980,7.01695,414,100,0,0,0,0,0,0,39,0,0,20
249,1680,6.84906,363,100,0,0,0,0,0,0,38,0,0,15
250,1864,6.94444,375,100,0,0,0,0,0,0,37,0,0,17
251,2008,6.91071,387,100,0,0,0,0,0,0,39,0,0,17
252,1480,6.9,345,100,0,0,0,0,0,0,35,0,0,15
253,1868,6.77778,366,100,0,0,0,0,0,0,40,0,0,14
254,2008,6.78689,414,100,0,0,0,0,0,0,45,0,0,16
255,1724,7,399,100,0,0,0,0,0,0,38,0,0,19
256,1852,7.0678,417,100,0,0,0,0,0,0,38,0,0,21
257,1824,6.6,396,100,0,0,0,0,0,0,48,0,0,12
258,1724,6.8,408,100,0,0,0,0,0,0,44,0,0,16
259,1624,6.75,378,100,0,0,0,0,0,0,42,0,0,14
260,1848,6.78947,387,100,0,0,0,0,0,0,42,0,0,15
261,1800,6.70312,429,100,0,0,0,0,0,0,49,0,0,15
262,1524,6.72581,417,100,0,0,0,0,0,0,47,0,0,15
263,1328,6.56604,348,100,0,0,0,0,0,0,43,0,0,10
264,1528,7.05556,381,100,0,0,0,0,0,0,35,0,0,19
265,1588,6.67241,387,100,0,0,0,0,0,0,45,0,0,13
266,1512,6.76364,372,100,0,0,0,0,0,0,41,0,0,14
267,1484,6.70909,369,100,0,0,0,0,0,0,42,0,0,13
268,1356,6.96429,390,100,0,0,0,0,0,0,38,0,0,18
269,1080,6.81356,402,100,0,0,0,0,0,0,43,0,0,16
270,1324,7.09091,390,100,0,0,0,0,0,0,35,0,0,20
271,1232,6.69643,375,100,0,0,0,0,0,0,43,0,0,13
272,1208,6.55932,387,100,0,0,0,0,0,0,48,0,0,11
273,1284,6.57895,375,100,0,0,0,0,0,0,46,0,0,11
274,1040,6.39623,339,100,0,0,0,0,0,0,46,0,0,7
275,1336,6.45763,381,100,0,0,0,0,0,0,50,0,0,9
276,1224,6.45763,381,100,0,0,0,0,0,0,50,0,0,9
277,1172,6.32727,348,100,0,0,0,0,0,0,49,0,0,6
278,1124,6.33333,342,100,0,0,0,0,0,0,48,0,0,6
279,1284,6.25,375,100,0,0,0,0,0,0,55,0,0,5
280,1164,6.32143,354,100,0,0,0,0,0,0,50,0,0,6
281,1068,6.32143,354,100,0,0,0,0,0,0,50,0,0,6
282,988,6.43636,354,100,0,0,0,0,0,0,47,0,0,8
283,956,6.42105,366,100,0,0,0,0,0,0,49,0,0,8
284,1336,6.31818,417,100,0,0,0,0,0,0,59,0,0,7
285,1252,6.45,387,100,0,0,0,0,0,0,51,0,0,9
286,1296,6.3871,396,100,0,0,0,0,0,0,54,0,0,8
287,1468,6.36842,363,100,0,0,0,0,0,0,50,0,0,7
288,1300,6.5,390,100,0,0,0,0,0,0,50,0,0,10
289,1140,6.34426,387,100,0,0,0,0,0,0,54,0,0,7
290,1260,6.28125,402,100,0,0,0,0,0,0,58,0,0,6
291,1300,6.52632,372,100,0,0,0,0,0,0,47,0,0,10
292,1300,6.3871,396,100,0,0,0,0,0,0,54,0,0,8
293,1472,6.32308,411,100,0,0,0,0,0,0,58,0,0,7
294,1500,6.45,387,100,0,0,0,0,0,0,51,0,0,9
295,1384,6.29508,384,100,0,0,0,0,0,0,55,0,0,6
296,1396,6.33333,399,100,0,0,0,0,0,0,56,0,0,7
297,1372,6.25424,369,100,0,0,0,0,0,0,54,0,0,5
298,1464,6.30508,372,100,0,0,0,0,0,0,53,0,0,6
299,1304,6.36207,369,100,0,0,0,0,0,0,51,0,0,7
300,1028,6.38889,345,100,0,0,0,0,0,0,47,0,0,7
301,936,6.31579,360,100,0,0,0,0,0,0,51,0,0,6
302,972,6.26316,357,100,0,0,0,0,0,0,52,0,0,5
303,1008,6.27273,345,100,0,0,0,0,0,0,50,0,0,5
304,1108,6.2,372,100,0,0,0,0,0,0,56,0,0,4
305,1268,6.33333,399,100,0,0,0,0,0,0,56,0,0,7
306,1060,6.16364,339,100,0,0,0,0,0,0,52,0,0,3
307,1344,6.30508,372,100,0,0,0,0,0,0,53,0,0,6
308,1420,6.2,372,100,0,0,0,0,0,0,56,0,0,4
309,1648,6.35,381,100,0,0,0,0,0,0,53,0,0,7
310,1328,6.36207,369,100,0,0,0,0,0,0,51,0,0,7
311,1308,6.25862,363,100,0,0,0,0,0,0,53,0,0,5
312,1180,6.33871,393,100,0,0,0,0,0,0,55,0,0,7
313,1140,6.15,369,100,0,0,0,0,0,0,57,0,0,3
314,1036,6.25424,369,100,0,0,0,0,0,0,54,0,0,5
315,1116,6.36842,363,100,0,0,0,0,0,0,50,0,0,7
316,1104,6.45,387,100,0,0,0,0,0,0,51,0,0,9
317,1020,6.24194,387,100,0,0,0,0,0,0,57,0,0,5
318,1224,6.37097,395,100,0,0,0,0,0,0,54,0,1,7
319,1056,6.19672,378,100,0,0,0,0,0,0,57,0,0,4
320,1108,6.32143,354,100,0,0,0,0,0,0,50,0,0,6
321,1128,6.19355,384,100,0,0,0,0,0,0,58,0,0,4
322,1104,6.14754,375,100,0,0,0,0,0,0,58,0,0,3
323,900,6.26316,357,100,0,0,0,0,0,0,52,0,0,5
324,1068,6.33333,399,100,0,0,0,0,0,0,56,0,0,7
325,1060,6.26786,351,100,0,0,0,0,0,0,51,0,0,5
326,972,6.16364,339,100,0,0,0,0,0,0,52,0,0,3
327,1192,6.29508,384,100,0,0,0,0,0,0,55,0,0,6
328,1092,6.25862,363,100,0,0,0,0,0,0,53,0,0,5
329,1016,6.09677,378,100,0,0,0,0,0,0,60,0,0,2
330,1076,6.09677,378,100,0,0,0,0,0,0,60,0,0,2
331,1164,6.18182,408,100,0,0,0,0,0,0,62,0,0,4
332,1060,6.20339,366,100,0,0,0,0,0,0,55,0,0,4
333,972,6.2069,360,100,0,0,0,0,0,0,54,0,0,4
334,1096,6.1,366,100,0,0,0,0,0,0,58,0,0,2
335,1132,6.1,366,100,0,0,0,0,0,0,58,0,0,2
336,1308,6.15789,351,100,0,0,0,0,0,0,54,0,0,3
337,1340,6.10169,360,100,0,0,0,0,0,0,57,0,0,2
338,1320,6,348,100,0,0,0,0,0,0,58,0,0,0
339,1544,6.04839,375,100,0,0,0,0,0,0,61,0,0,1
340,1544,6.26786,351,100,0,0,0,0,0,0,51,0,0,5
341,1160,6.19672,378,100,0,0,0,0,0,0,57,0,0,4
342,1324,6.26316,357,100,0,0,0,0,0,0,52,0,0,5
343,1372,6.25,375,100,0,0,0,0,0,0,55,0,0,5
344,1348,6.31034,366,100,0,0,0,0,0,0,52,0,0,6
345,1272,6.20339,366,100,0,0,0,0,0,0,55,0,0,4
346,1376,6.15,369,100,0,0,0,0,0,0,57,0,0,3
347,1600,6.30508,372,100,0,0,0,0,0,0,53,0,0,6
348,1016,6.15789,351,100,0,0,0,0,0,0,54,0,0,3
349,1104,6.16364,339,100,0,0,0,0,0,0,52,0,0,3
350,1284,6.20339,366,100,0,0,0,0,0,0,55,0,0,4
351,1312,6.25862,363,100,0,0,0,0,0,0,53,0,0,5
352,1316,6.2069,360,100,0,0,0,0,0,0,54,0,0,4
353,1200,6.14754,375,100,0,0,0,0,0,0,58,0,0,3
354,1192,6.15,369,100,0,0,0,0,0,0,57,0,0,3
355,1280,6.1,366,100,0,0,0,0,0,0,58,0,0,2
356,1396,6,408,100,0,0,0,0,0,0,68,0,0,0
357,1204,6,390,100,0,0,0,0,0,0,65,0,0,0
358,1108,6.05085,357,100,0,0,0,0,0,0,58,0,0,1
359,1216,6.09231,396,100,0,0,0,0,0,0,63,0,0,2
360,936,6,372,100,0,0,0,0,0,0,62,0,0,0
361,956,6.05,363,100,0,0,0,0,0,0,59,0,0,1
362,900,6.10909,336,100,0,0,0,0,0,0,53,0,0,2
363,1104,6.10345,354,100,0,0,0,0,0,0,56,0,0,2
364,1124,6.10169,360,100,0,0,0,0,0,0,57,0,0,2
365,1140,6.15517,357,100,0,0,0,0,0,0,55,0,0,3
366,1416,6.25424,369,100,0,0,0,0,0,0,54,0,0,5
367,1504,6.25862,363,100,0,0,0,0,0,0,53,0,0,5
368,1044,6.10714,342,100,0,0,0,0,0,0,54,0,0,2
369,1036,6.22222,336,100,0,0,0,0,0,0,50,0,0,4
370,1344,6.36207,369,100,0,0,0,0,0,0,51,0,0,7
371,1176,6.25424,369,100,0,0,0,0,0,0,54,0,0,5
372,1168,6.19672,378,100,0,0,0,0,0,0,57,0,0,4
373,1196,6.25862,363,100,0,0,0,0,0,0,53,0,0,5
374,988,6.15789,351,100,0,0,0,0,0,0,54,0,0,3
375,1076,6,360,100,0,0,0,0,0,0,60,0,0,0
376,1196,6.15254,363,100,0,0,0,0,0,0,56,0,0,3
377,980,6.10169,360,100,0,0,0,0,0,0,57,0,0,2
378,1140,6.04839,375,100,0,0,0,0,0,0,61,0,0,1
379,1124,6.09836,372,100,0,0,0,0,0,0,59,0,0,2
380,896,6.05263,345,100,0,0,0,0,0,0,56,0,0,1
381,876,6.05085,357,100,0,0,0,0,0,0,58,0,0,1
382,824,6.05263,345,100,0,0,0,0,0,0,56,0,0,1
383,944,6.05263,345,100,0,0,0,0,0,0,56,0,0,1
384,960,6.04839,375,100,0,0,0,0,0,0,61,0,0,1
385,856,6,330,100,0,0,0,0,0,0,55,0,0,0
386,848,6,324,100,0,0,0,0,0,0,54,0,0,0
387,968,6.04918,369,100,0,0,0,0,0,0,60,0,0,1
388,760,6,354,100,0,0,0,0,0,0,59,0,0,0
389,792,6,342,100,0,0,0,0,0,0,57,0,0,0
390,852,6,330,100,0,0,0,0,0,0,55,0,0,0
391,884,6,348,100,0,0,0,0,0,0,58,0,0,0
392,944,6.04615,393,100,0,0,0,0,0,0,64,0,0,1
393,1112,6.11594,422,100,0,0,0,0,0,0,66,0,1,2
394,1004,6.13846,399,100,0,0,0,0,0,0,62,0,0,3
395,1012,6.1,366,100,0,0,0,0,0,0,58,0,0,2
396,1008,6.15,369,100,0,0,0,0,0,0,57,0,0,3
397,1084,6.1791,414,100,0,0,0,0,0,0,63,0,0,4
398,996,6.19355,384,100,0,0,0,0,0,0,58,0,0,4
399,1040,6.12903,380,100,0,0,0,0,0,0,59,0,1,2
400,1120,6.28333,377,100,0,0,0,0,0,0,54,0,1,5
401,1036,6.25,375,100,0,0,0,0,0,0,55,0,0,5
402,984,6.16364,339,100,0,0,0,0,0,0,52,0,0,3
403,1088,6.15517,357,100,0,0,0,0,0,0,55,0,0,3
404,1084,6.26316,357,100,0,0,0,0,0,0,52,0,0,5
405,1288,6.30508,372,100,0,0,0,0,0,0,53,0,0,6
406,1036,6.19672,378,100,0,0,0,0,0,0,57,0,0,4
407,988,6.21053,354,100,0,0,0,0,0,0,53,0,0,4
408,1076,6.38889,345,100,0,0,0,0,0,0,47,0,0,7
409,1168,6.35593,375,100,0,0,0,0,0,0,52,0,0,7
410,1064,6.4,384,100,0,0,0,0,0,0,52,0,0,8
411,992,6.25,375,100,0,0,0,0,0,0,55,0,0,5
412,1008,6.15,369,100,0,0,0,0,0,0,57,0,0,3
413,1036,6.18462,402,100,0,0,0,0,0,0,61,0,0,4
414,1020,6.14516,381,100,0,0,0,0,0,0,59,0,0,3
415,1124,6.32812,405,100,0,0,0,0,0,0,57,0,0,7
416,880,6.09677,378,100,0,0,0,0,0,0,60,0,0,2
417,856,6.04688,387,100,0,0,0,0,0,0,63,0,0,1
418,820,6.15254,363,100,0,0,0,0,0,0,56,0,0,3
419,844,6.19048,390,100,0,0,0,0,0,0,59,0,0,4
420,1004,6.19355,384,100,0,0,0,0,0,0,58,0,0,4
421,832,6.1,366,100,0,0,0,0,0,0,58,0,0,2
422,876,6.05,363,100,0,0,0,0,0,0,59,0,0,1
423,904,6,360,100,0,0,0,0,0,0,60,0,0,0
424,820,6,348,100,0,0,0,0,0,0,58,0,0,0
425,1076,6.14286,387,100,0,0,0,0,0,0,60,0,0,3
426,1116,6.09836,372,100,0,0,0,0,0,0,59,0,0,2
427,1092,6.04839,375,100,0,0,0,0,0,0,61,0,0,1
428,1196,6.09524,384,100,0,0,0,0,0,0,61,0,0,2
429,1112,6.04839,375,100,0,0,0,0,0,0,61,0,0,1
430,1380,6.04688,387,100,0,0,0,0,0,0,63,0,0,1
431,1264,6.04615,393,100,0,0,0,0,0,0,64,0,0,1
432,1176,6,390,100,0,0,0,0,0,0,65,0,0,0
433,1576,6.09231,396,100,0,0,0,0,0,0,63,0,0,2
434,1788,6.14516,381,100,0,0,0,0,0,0,59,0,0,3
435,1656,6.15,369,100,0,0,0,0,0,0,57,0,0,3
436,1624,6.10345,354,100,0,0,0,0,0,0,56,0,0,2
437,1880,6.15254,363,100,0,0,0,0,0,0,56,0,0,3
438,1900,6.25862,363,100,0,0,0,0,0,0,53,0,0,5
439,1388,6.14754,375,100,0,0,0,0,0,0,58,0,0,3
440,1272,6.22222,336,100,0,0,0,0,0,0,50,0,0,4
441,1236,6.16364,339,100,0,0,0,0,0,0,52,0,0,3
442,1264,6.11111,330,100,0,0,0,0,0,0,52,0,0,2
443,1180,6.16667,333,100,0,0,0,0,0,0,51,0,0,3
444,1052,6.26316,357,100,0,0,0,0,0,0,52,0,0,5
445,1264,6.31034,366,100,0,0,0,0,0,0,52,0,0,6
446,1316,6.45283,342,100,0,0,0,0,0,0,45,0,0,8
447,1268,6.42105,366,100,0,0,0,0,0,0,49,0,0,8
448,1264,6.36842,363,100,0,0,0,0,0,0,50,0,0,7
449,1492,6.32143,354,100,0,0,0,0,0,0,50,0,0,6
450,1472,6.35,381,100,0,0,0,0,0,0,53,0,0,7
451,1528,6.29508,384,100,0,0,0,0,0,0,55,0,0,6
452,1140,6.26786,351,100,0,0,0,0,0,0,51,0,0,5
453,1172,6.35593,375,100,0,0,0,0,0,0,52,0,0,7
454,1056,6.19672,378,100,0,0,0,0,0,0,57,0,0,4
455,1300,6.45,387,100,0,0,0,0,0,0,51,0,0,9
456,1176,6.48387,402,100,0,0,0,0,0,0,52,0,0,10
457,1324,6.33871,393,100,0,0,0,0,0,0,55,0,0,7
458,1616,6.42188,411,100,0,0,0,0,0,0,55,0,0,9
459,1604,6.34426,387,100,0,0,0,0,0,0,54,0,0,7
460,1548,6.42105,366,100,0,0,0,0,0,0,49,0,0,8
461,1900,6.4,384,100,0,0,0,0,0,0,52,0,0,8
462,1532,6.55932,387,100,0,0,0,0,0,0,48,0,0,11
463,1440,6.34426,387,100,0,0,0,0,0,0,54,0,0,7
464,1436,6.56897,381,100,0,0,0,0,0,0,47,0,0,11
465,1268,6.36842,363,100,0,0,0,0,0,0,50,0,0,7
466,1308,6.45763,381,100,0,0,0,0,0,0,50,0,0,9
467,1584,6.36923,414,100,0,0,0,0,0,0,57,0,0,8
468,1388,6.39344,390,100,0,0,0,0,0,0,53,0,0,8
469,1528,6.43548,399,100,0,0,0,0,0,0,53,0,0,9
470,1120,6.33333,399,100,0,0,0,0,0,0,56,0,0,7
471,1256,6.46552,375,100,0,0,0,0,0,0,49,0,0,9
472,1332,6.53226,405,100,0,0,0,0,0,0,51,0,0,11
473,1148,6.40678,378,100,0,0,0,0,0,0,51,0,0,8
474,1204,6.4,384,100,0,0,0,0,0,0,52,0,0,8
475,1304,6.5,390,100,0,0,0,0,0,0,50,0,0,10
476,1480,6.4918,396,100,0,0,0,0,0,0,51,0,0,10
477,1384,6.56897,381,100,0,0,0,0,0,0,47,0,0,11
478,1248,6.55,393,100,0,0,0,0,0,0,49,0,0,11
479,1448,6.68421,381,100,0,0,0,0,0,0,44,0,0,13
480,1428,6.78846,353,100,0,0,0,0,0,0,38,0,1,13
481,1292,6.69643,375,100,0,0,0,0,0,0,43,0,0,13
482,1684,6.65,399,100,0,0,0,0,0,0,47,0,0,13
483,1496,6.56897,381,100,0,0,0,0,0,0,47,0,0,11
484,1772,6.67213,407,100,0,0,0,0,0,0,47,0,1,13
485,2028,6.65,399,100,0,0,0,0,0,0,47,0,0,13
486,2196,6.96429,390,100,0,0,0,0,0,0,38,0,0,18
487,1936,6.67241,387,100,0,0,0,0,0,0,45,0,0,13
488,2128,6.75,378,100,0,0,0,0,0,0,42,0,0,14
489,2196,6.70909,369,100,0,0,0,0,0,0,42,0,0,13
490,1720,6.58929,369,100,0,0,0,0,0,0,45,0,0,11
491,1832,6.69643,375,100,0,0,0,0,0,0,43,0,0,13
492,1892,6.6,330,100,0,0,0,0,0,0,40,0,0,10
493,2144,6.71186,396,100,0,0,0,0,0,0,45,0,0,14
494,1612,6.46429,362,100,0,0,0,0,0,0,47,0,1,8
495,1484,6.49091,357,100,0,0,0,0,0,0,46,0,0,9
496,1468,6.66667,360,100,0,0,0,0,0,0,42,0,0,12
497,1556,6.72,336,100,0,0,0,0,0,0,38,0,0,12
498,1672,6.73684,384,100,0,0,0,0,0,0,43,0,0,14
499,1712,6.96226,369,100,0,0,0,0,0,0,36,0,0,17
500,2100,6.76271,399,100,0,0,0,0,0,0,44,0,0,15
501,1732,6.72222,363,100,0,0,0,0,0,0,41,0,0,13
502,1740,6.70909,369,100,0,0,0,0,0,0,42,0,0,13
503,1676,6.64706,339,100,0,0,0,0,0,0,40,0,0,11
504,1408,6.52727,359,100,0,0,0,0,0,0,45,0,1,9
505,1708,6.4,384,100,0,0,0,0,0,0,52,0,0,8
506,1992,6.46875,414,100,0,0,0,0,0,0,54,0,0,10
507,2152,6.35593,375,100,0,0,0,0,0,0,52,0,0,7
508,1928,6.56897,381,100,0,0,0,0,0,0,47,0,0,11
509,1848,6.52632,372,100,0,0,0,0,0,0,47,0,0,10
510,2044,6.40678,378,100,0,0,0,0,0,0,51,0,0,8
511,1800,6.40678,378,100,0,0,0,0,0,0,51,0,0,8
512,1824,6.50847,384,100,0,0,0,0,0,0,49,0,0,10
513,1972,6.43636,354,100,0,0,0,0,0,0,47,0,0,8
514,1760,6.49091,357,100,0,0,0,0,0,0,46,0,0,9
515,1684,6.54545,360,100,0,0,0,0,0,0,45,0,0,10
516,1888,6.62069,384,100,0,0,0,0,0,0,46,0,0,12
517,1360,6.375,357,100,0,0,0,0,0,0,49,0,0,7
518,1556,6.36842,363,100,0,0,0,0,0,0,50,0,0,7
519,1532,6.48214,363,100,0,0,0,0,0,0,47,0,0,9
520,1648,6.50847,384,100,0,0,0,0,0,0,49,0,0,10
521,1464,6.42105,366,100,0,0,0,0,0,0,49,0,0,8
522,1764,6.40678,378,100,0,0,0,0,0,0,51,0,0,8
523,1396,6.45763,381,100,0,0,0,0,0,0,50,0,0,9
524,1336,6.42857,360,100,0,0,0,0,0,0,48,0,0,8
525,1596,6.44262,393,100,0,0,0,0,0,0,52,0,0,9
526,1572,6.57692,342,100,0,0,0,0,0,0,42,0,0,10
527,1536,6.66102,393,100,0,0,0,0,0,0,46,0,0,13
528,1736,6.46875,414,100,0,0,0,0,0,0,54,0,0,10
529,1484,6.47059,330,100,0,0,0,0,0,0,43,0,0,8
530,1716,6.4918,396,100,0,0,0,0,0,0,51,0,0,10
531,1516,6.6,363,100,0,0,0,0,0,0,44,0,0,11
532,1608,6.63158,378,100,0,0,0,0,0,0,45,0,0,12
533,1604,6.47368,369,100,0,0,0,0,0,0,48,0,0,9
534,1568,6.50847,384,100,0,0,0,0,0,0,49,0,0,10
535,1356,6.57692,342,100,0,0,0,0,0,0,42,0,0,10
536,1560,6.63158,378,100,0,0,0,0,0,0,45,0,0,12
537,1584,6.56897,381,100,0,0,0,0,0,0,47,0,0,11
538,1564,6.65455,366,100,0,0,0,0,0,0,43,0,0,12
539,1464,6.66102,393,100,0,0,0,0,0,0,46,0,0,13
540,1524,6.91525,408,100,0,0,0,0,0,0,41,0,0,18
541,1428,6.7377,411,100,0,0,0,0,0,0,46,0,0,15
542,1552,6.75,432,100,0,0,0,0,0,0,48,0,0,16
543,1492,6.83607,417,100,0,0,0,0,0,0,44,0,0,17
544,1388,6.83607,417,100,0,0,0,0,0,0,44,0,0,17
545,1496,6.68421,381,100,0,0,0,0,0,0,44,0,0,13
546,1396,6.53226,405,100,0,0,0,0,0,0,51,0,0,11
547,1296,6.57143,414,100,0,0,0,0,0,0,51,0,0,12
548,1316,6.3871,396,100,0,0,0,0,0,0,54,0,0,8
549,1396,6.62069,384,100,0,0,0,0,0,0,46,0,0,12
550,1436,6.52632,372,100,0,0,0,0,0,0,47,0,0,10
551,1604,6.87931,399,100,0,0,0,0,0,0,41,0,0,17
552,1656,6.96429,390,100,0,0,0,0,0,0,38,0,0,18
553,1464,6.77586,393,100,0,0,0,0,0,0,43,0,0,15
554,1552,6.56897,381,100,0,0,0,0,0,0,47,0,0,11
555,1744,6.50847,384,100,0,0,0,0,0,0,49,0,0,10
556,1688,6.77586,393,100,0,0,0,0,0,0,43,0,0,15
557,1932,6.91071,387,100,0,0,0,0,0,0,39,0,0,17
558,1916,6.75,405,100,0,0,0,0,0,0,45,0,0,15
559,1744,6.69643,375,100,0,0,0,0,0,0,43,0,0,13
560,1968,6.98276,405,100,0,0,0,0,0,0,39,0,0,19
561,1592,6.52459,398,100,0,0,0,0,0,0,50,0,1,10
562,1592,6.74545,371,100,0,0,0,0,0,0,41,0,1,13
563,1656,6.61017,390,100,0,0,0,0,0,0,47,0,0,12
564,1764,7.1129,441,100,0,0,0,0,0,0,39,0,0,23
565,1988,6.75,378,100,0,0,0,0,0,0,42,0,0,14
566,1580,6.77778,366,100,0,0,0,0,0,0,40,0,0,14
567,2028,7.08197,432,100,0,0,0,0,0,0,39,0,0,22
568,1792,6.98077,363,100,0,0,0,0,0,0,35,0,0,17
569,1784,7.01887,372,100,0,0,0,0,0,0,35,0,0,18
570,1608,7.11765,363,100,0,0,0,0,0,0,32,0,0,19
571,2024,6.87097,426,100,0,0,0,0,0,0,44,0,0,18
572,1728,6.87931,399,100,0,0,0,0,0,0,41,0,0,17
573,1872,6.85714,384,100,0,0,0,0,0,0,40,0,0,16
574,1596,6.92308,360,100,0,0,0,0,0,0,36,0,0,16
575,1972,6.98182,384,100,0,0,0,0,0,0,37,0,0,18
576,1696,7.3125,351,100,0,0,0,0,0,0,27,0,0,21
577,1692,7.09091,390,100,0,0,0,0,0,0,35,0,0,20
578,1896,6.96226,369,100,0,0,0,0,0,0,36,0,0,17
579,2076,6.62069,384,100,0,0,0,0,0,0,46,0,0,12
580,1656,6.58824,336,100,0,0,0,0,0,0,41,0,0,10
581,1836,6.47368,369,100,0,0,0,0,0,0,48,0,0,9
582,1844,6.50943,345,100,0,0,0,0,0,0,44,0,0,9
583,1792,6.50943,345,100,0,0,0,0,0,0,44,0,0,9
584,2108,6.5,351,100,0,0,0,0,0,0,45,0,0,9
585,2240,6.79245,360,100,0,0,0,0,0,0,39,0,0,14
586,2152,6.62069,384,100,0,0,0,0,0,0,46,0,0,12
587,2124,6.75,351,100,0,0,0,0,0,0,39,0,0,13
588,2420,6.47368,369,100,0,0,0,0,0,0,48,0,0,9
589,1964,6.45,387,100,0,0,0,0,0,0,51,0,0,9
590,1796,6.47368,369,100,0,0,0,0,0,0,48,0,0,9
591,2428,6.44262,393,100,0,0,0,0,0,0,52,0,0,9
592,2380,6.42857,360,100,0,0,0,0,0,0,48,0,0,8
593,2548,6.54545,360,100,0,0,0,0,0,0,45,0,0,10
594,2828,6.54545,360,100,0,0,0,0,0,0,45,0,0,10
595,2996,6.56897,381,100,0,0,0,0,0,0,47,0,0,11
596,2132,6.51724,378,100,0,0,0,0,0,0,48,0,0,10
597,2308,6.32727,348,100,0,0,0,0,0,0,49,0,0,6
598,2332,6.68421,381,100,0,0,0,0,0,0,44,0,0,13
599,2196,6.47368,369,100,0,0,0,0,0,0,48,0,0,9
600,1964,6.16364,339,100,0,0,0,0,0,0,52,0,0,3
601,1792,6.27778,339,100,0,0,0,0,0,0,49,0,0,5
602,1944,6.44444,348,100,0,0,0,0,0,0,46,0,0,8
603,1832,6.46154,336,100,0,0,0,0,0,0,44,0,0,8
604,1916,6.33962,336,100,0,0,0,0,0,0,47,0,0,6
605,1656,6.49091,357,100,0,0,0,0,0,0,46,0,0,9
606,1860,6.47368,369,100,0,0,0,0,0,0,48,0,0,9
607,2088,6.66667,420,100,0,0,0,0,0,0,49,0,0,14
608,1644,6.77778,366,100,0,0,0,0,0,0,40,0,0,14
609,1836,7.05556,381,100,0,0,0,0,0,0,35,0,0,19
610,2000,6.67925,354,100,0,0,0,0,0,0,41,0,0,12
611,2268,6.6,363,100,0,0,0,0,0,0,44,0,0,11
612,2148,6.54545,360,100,0,0,0,0,0,0,45,0,0,10
613,2040,6.72222,363,100,0,0,0,0,0,0,41,0,0,13
614,1956,6.84,342,100,0,0,0,0,0,0,36,0,0,14
615,2104,6.79245,360,100,0,0,0,0,0,0,39,0,0,14
616,2172,6.70909,369,100,0,0,0,0,0,0,42,0,0,13
617,1936,6.57895,375,100,0,0,0,0,0,0,46,0,0,11
618,2040,6.47368,369,100,0,0,0,0,0,0,48,0,0,9
619,1900,6.55556,354,100,0,0,0,0,0,0,44,0,0,10
620,2292,6.7,402,100,0,0,0,0,0,0,46,0,0,14
621,1604,6.34615,330,100,0,0,0,0,0,0,46,0,0,6
622,1844,6.47368,369,100,0,0,0,0,0,0,48,0,0,9
623,1672,6.52632,372,100,0,0,0,0,0,0,47,0,0,10
624,1924,6.8,408,100,0,0,0,0,0,0,44,0,0,16
625,1772,6.87273,378,100,0,0,0,0,0,0,39,0,0,16
626,2064,6.67925,354,100,0,0,0,0,0,0,41,0,0,12
627,1904,6.69231,348,100,0,0,0,0,0,0,40,0,0,12
628,2004,6.51724,378,100,0,0,0,0,0,0,48,0,0,10
629,1624,6.42105,366,100,0,0,0,0,0,0,49,0,0,8
630,1508,6.375,357,100,0,0,0,0,0,0,49,0,0,7
631,1872,6.35,381,100,0,0,0,0,0,0,53,0,0,7
632,1376,6.32727,348,100,0,0,0,0,0,0,49,0,0,6
633,1568,6.46552,375,100,0,0,0,0,0,0,49,0,0,9
634,1596,6.61017,390,100,0,0,0,0,0,0,47,0,0,12
635,1680,6.72414,390,100,0,0,0,0,0,0,44,0,0,14
636,1732,6.32143,354,100,0,0,0,0,0,0,50,0,0,6
637,1788,6.65455,366,100,0,0,0,0,0,0,43,0,0,12
638,1856,6.57895,375,100,0,0,0,0,0,0,46,0,0,11
639,1728,6.50943,345,100,0,0,0,0,0,0,44,0,0,9
640,1660,6.4918,396,100,0,0,0,0,0,0,51,0,0,10
641,1616,6.45763,381,100,0,0,0,0,0,0,50,0,0,9
642,1932,6.45,387,100,0,0,0,0,0,0,51,0,0,9
643,1716,6.38889,345,100,0,0,0,0,0,0,47,0,0,7
644,1844,6.33962,336,100,0,0,0,0,0,0,47,0,0,6
645,1944,6.33962,336,100,0,0,0,0,0,0,47,0,0,6
646,1644,6.22222,336,100,0,0,0,0,0,0,50,0,0,4
647,1864,6.40678,378,100,0,0,0,0,0,0,51,0,0,8
648,2132,6.66667,360,100,0,0,0,0,0,0,42,0,0,12
649,1916,6.77586,393,100,0,0,0,0,0,0,43,0,0,15
650,1608,6.6,363,100,0,0,0,0,0,0,44,0,0,11
651,1576,6.32143,354,100,0,0,0,0,0,0,50,0,0,6
652,1564,6.50943,345,100,0,0,0,0,0,0,44,0,0,9
653,1644,6.42,321,100,0,0,0,0,0,0,43,0,0,7
654,1732,6.38182,351,100,0,0,0,0,0,0,48,0,0,7
655,1480,6.33898,374,100,0,0,0,0,0,0,52,0,1,6
656,1568,6.62903,411,100,0,0,0,0,0,0,49,0,0,13
657,1540,6.45763,381,100,0,0,0,0,0,0,50,0,0,9
658,1468,6.45763,381,100,0,0,0,0,0,0,50,0,0,9
659,1432,6.45,387,100,0,0,0,0,0,0,51,0,0,9
660,1556,6.55,393,100,0,0,0,0,0,0,49,0,0,11
661,1648,6.67742,414,100,0,0,0,0,0,0,48,0,0,14
662,1796,6.68852,408,100,0,0,0,0,0,0,47,0,0,14
663,1532,6.80357,381,100,0,0,0,0,0,0,41,0,0,15
664,1664,6.54098,399,100,0,0,0,0,0,0,50,0,0,11
665,1644,6.73684,384,100,0,0,0,0,0,0,43,0,0,14
666,1980,6.75,432,100,0,0,0,0,0,0,48,0,0,16
667,1836,6.81818,375,100,0,0,0,0,0,0,40,0,0,15
668,1644,6.70909,369,100,0,0,0,0,0,0,42,0,0,13
669,1652,6.93103,402,100,0,0,0,0,0,0,40,0,0,18
670,1872,6.9,414,100,0,0,0,0,0,0,42,0,0,18
671,1640,6.94444,375,100,0,0,0,0,0,0,37,0,0,17
672,1600,6.82759,396,100,0,0,0,0,0,0,42,0,0,16
673,1556,6.76271,399,100,0,0,0,0,0,0,44,0,0,15
674,1820,7.10526,405,100,0,0,0,0,0,0,36,0,0,21
675,1916,7.11864,420,100,0,0,0,0,0,0,37,0,0,22
676,1924,7.15385,465,100,0,0,0,0,0,0,40,0,0,25
677,1736,7.3,438,100,0,0,0,0,0,0,34,0,0,26
678,1528,7.30909,402,100,0,0,0,0,0,0,31,0,0,24
679,1792,7.52632,429,100,0,0,0,0,0,0,28,0,0,29
680,1568,7.10526,405,100,0,0,0,0,0,0,36,0,0,21
681,1788,7.03448,408,100,0,0,0,0,0,0,38,0,0,20
682,1952,7.18966,417,100,0,0,0,0,0,0,35,0,0,23
683,1696,6.78947,387,100,0,0,0,0,0,0,42,0,0,15
684,2012,6.9,414,100,0,0,0,0,0,0,42,0,0,18
685,1796,6.75,378,100,0,0,0,0,0,0,42,0,0,14
686,2332,7,399,100,0,0,0,0,0,0,38,0,0,19
687,2244,6.65455,366,100,0,0,0,0,0,0,43,0,0,12
688,2132,6.87273,378,100,0,0,0,0,0,0,39,0,0,16
689,1904,7.10714,398,100,0,0,0,0,0,0,35,0,1,20
690,2272,7.13793,414,100,0,0,0,0,0,0,36,0,0,22
691,2088,7.14545,393,100,0,0,0,0,0,0,34,0,0,21
692,1968,7.16667,387,100,0,0,0,0,0,0,33,0,0,21
693,2172,7.21053,411,100,0,0,0,0,0,0,34,0,0,23
694,2096,7.2931,423,100,0,0,0,0,0,0,33,0,0,25
695,1688,7.21154,375,100,0,0,0,0,0,0,31,0,0,21
696,1824,6.91071,387,100,0,0,0,0,0,0,39,0,0,17
697,2032,6.9,414,100,0,0,0,0,0,0,42,0,0,18
698,1696,6.73684,384,100,0,0,0,0,0,0,43,0,0,14
699,1872,6.71186,396,100,0,0,0,0,0,0,45,0,0,14
700,1924,6.76271,399,100,0,0,0,0,0,0,44,0,0,15
701,1780,6.49091,357,100,0,0,0,0,0,0,46,0,0,9
702,1768,6.38889,345,100,0,0,0,0,0,0,47,0,0,7
703,1624,6.44444,348,100,0,0,0,0,0,0,46,0,0,8
704,1220,6.57692,342,100,0,0,0,0,0,0,42,0,0,10
705,1332,6.48214,363,100,0,0,0,0,0,0,47,0,0,9
706,1244,6.56897,381,100,0,0,0,0,0,0,47,0,0,11
707,1356,6.46552,375,100,0,0,0,0,0,0,49,0,0,9
708,1208,6.55556,354,100,0,0,0,0,0,0,44,0,0,10
709,1264,6.45763,381,100,0,0,0,0,0,0,50,0,0,9
710,996,6.5,351,100,0,0,0,0,0,0,45,0,0,9
711,1388,6.52632,372,100,0,0,0,0,0,0,47,0,0,10
712,1160,6.32143,354,100,0,0,0,0,0,0,50,0,0,6
713,1436,6.36842,363,100,0,0,0,0,0,0,50,0,0,7
714,1668,6.34426,387,100,0,0,0,0,0,0,54,0,0,7
715,1476,6.48214,363,100,0,0,0,0,0,0,47,0,0,9
716,1532,6.65,399,100,0,0,0,0,0,0,47,0,0,13
717,1448,6.59016,402,100,0,0,0,0,0,0,49,0,0,12
718,1340,6.5,390,100,0,0,0,0,0,0,50,0,0,10
719,1448,6.29032,390,100,0,0,0,0,0,0,56,0,0,6
720,1524,6.4,384,100,0,0,0,0,0,0,52,0,0,8
721,1564,6.35593,375,100,0,0,0,0,0,0,52,0,0,7
722,1560,6.48214,363,100,0,0,0,0,0,0,47,0,0,9
723,1248,6.375,357,100,0,0,0,0,0,0,49,0,0,7
724,1280,6.30508,372,100,0,0,0,0,0,0,53,0,0,6
725,1204,6.29032,390,100,0,0,0,0,0,0,56,0,0,6
726,1212,6.2,372,100,0,0,0,0,0,0,56,0,0,4
727,1392,6.23077,405,100,0,0,0,0,0,0,60,0,0,5
728,1552,6.29508,384,100,0,0,0,0,0,0,55,0,0,6
729,1672,6.3871,396,100,0,0,0,0,0,0,54,0,0,8
730,1716,6.35593,375,100,0,0,0,0,0,0,52,0,0,7
731,1184,6.38889,345,100,0,0,0,0,0,0,47,0,0,7
732,1496,6.33333,399,100,0,0,0,0,0,0,56,0,0,7
733,1248,6.5,390,100,0,0,0,0,0,0,50,0,0,10
734,1188,6.25862,363,100,0,0,0,0,0,0,53,0,0,5
735,1384,6.50847,384,100,0,0,0,0,0,0,49,0,0,10
736,1352,6.40678,378,100,0,0,0,0,0,0,51,0,0,8
737,1144,6.46552,375,100,0,0,0,0,0,0,49,0,0,9
738,1504,6.50769,423,100,0,0,0,0,0,0,54,0,0,11
739,1420,6.40678,378,100,0,0,0,0,0,0,51,0,0,8
740,1248,6.52632,372,100,0,0,0,0,0,0,47,0,0,10
741,1252,6.6,363,100,0,0,0,0,0,0,44,0,0,11
742,1392,6.42857,360,100,0,0,0,0,0,0,48,0,0,8
743,1456,6.44444,348,100,0,0,0,0,0,0,46,0,0,8
744,1412,6.33871,393,100,0,0,0,0,0,0,55,0,0,7
745,1064,6.52632,372,100,0,0,0,0,0,0,47,0,0,10
746,1348,6.46552,375,100,0,0,0,0,0,0,49,0,0,9
747,1316,6.66667,360,100,0,0,0,0,0,0,42,0,0,12
748,1288,6.61017,390,100,0,0,0,0,0,0,47,0,0,12
749,1484,6.6,396,100,0,0,0,0,0,0,48,0,0,12
750,1416,6.81481,368,100,0,0,0,0,0,0,39,0,1,14
751,1368,6.69643,375,100,0,0,0,0,0,0,43,0,0,13
752,1500,6.7,402,100,0,0,0,0,0,0,46,0,0,14
753,1404,6.6,363,100,0,0,0,0,0,0,44,0,0,11
754,1356,6.51724,378,100,0,0,0,0,0,0,48,0,0,10
755,1456,6.61017,390,100,0,0,0,0,0,0,47,0,0,12
756,1144,6.48214,363,100,0,0,0,0,0,0,47,0,0,9
757,1300,6.5,390,100,0,0,0,0,0,0,50,0,0,10
758,1008,6.57692,342,100,0,0,0,0,0,0,42,0,0,10
759,1288,6.35938,407,100,0,0,0,0,0,0,56,0,1,7
760,1064,6.62069,384,100,0,0,0,0,0,0,46,0,0,12
761,1132,6.6,396,100,0,0,0,0,0,0,48,0,0,12
762,1144,6.50847,384,100,0,0,0,0,0,0,49,0,0,10
763,1268,6.7377,411,100,0,0,0,0,0,0,46,0,0,15
764,1320,6.72581,417,100,0,0,0,0,0,0,47,0,0,15
765,968,6.88889,372,100,0,0,0,0,0,0,38,0,0,16
766,1120,6.72414,390,100,0,0,0,0,0,0,44,0,0,14
767,992,6.61017,390,100,0,0,0,0,0,0,47,0,0,12
768,1188,6.78689,414,100,0,0,0,0,0,0,45,0,0,16
769,948,6.72222,363,100,0,0,0,0,0,0,41,0,0,13
770,1324,6.84906,363,100,0,0,0,0,0,0,38,0,0,15
771,1104,6.88889,372,100,0,0,0,0,0,0,38,0,0,16
772,1192,6.50847,384,100,0,0,0,0,0,0,49,0,0,10
773,1240,6.4918,396,100,0,0,0,0,0,0,51,0,0,10
774,1220,6.55,393,100,0,0,0,0,0,0,49,0,0,11
775,1168,6.32143,354,100,0,0,0,0,0,0,50,0,0,6
776,1248,6.3871,396,100,0,0,0,0,0,0,54,0,0,8
777,1180,6.2931,365,100,0,0,0,0,0,0,52,0,1,5
778,1348,6.2931,365,100,0,0,0,0,0,0,52,0,1,5
779,1028,6.25,375,100,0,0,0,0,0,0,55,0,0,5
780,1104,6.36923,414,100,0,0,0,0,0,0,57,0,0,8
781,1008,6.26866,420,100,0,0,0,0,0,0,61,0,0,6
782,1056,6.31818,417,100,0,0,0,0,0,0,59,0,0,7
783,1064,6.35,381,100,0,0,0,0,0,0,53,0,0,7
784,1200,6.26786,351,100,0,0,0,0,0,0,51,0,0,5
785,1236,6.3,378,100,0,0,0,0,0,0,54,0,0,6
786,1144,6.36842,363,100,0,0,0,0,0,0,50,0,0,7
787,1492,6.32812,405,100,0,0,0,0,0,0,57,0,0,7
788,1388,6.4,384,100,0,0,0,0,0,0,52,0,0,8
789,1248,6.375,408,100,0,0,0,0,0,0,56,0,0,8
790,1300,6.58929,369,100,0,0,0,0,0,0,45,0,0,11
791,1324,6.72414,390,100,0,0,0,0,0,0,44,0,0,14
792,1284,6.68421,381,100,0,0,0,0,0,0,44,0,0,13
793,1452,6.44262,393,100,0,0,0,0,0,0,52,0,0,9
794,1284,6.63158,378,100,0,0,0,0,0,0,45,0,0,12
795,1284,6.52381,411,100,0,0,0,0,0,0,52,0,0,11
796,1196,6.7377,411,100,0,0,0,0,0,0,46,0,0,15
797,1384,6.75,405,100,0,0,0,0,0,0,45,0,0,15
798,1508,6.85,411,100,0,0,0,0,0,0,43,0,0,17
799,1404,6.98182,384,100,0,0,0,0,0,0,37,0,0,18
800,1236,6.98077,363,100,0,0,0,0,0,0,35,0,0,17
801,1248,6.84211,390,100,0,0,0,0,0,0,41,0,0,16
802,1332,6.84211,390,100,0,0,0,0,0,0,41,0,0,16
803,1324,6.73684,384,100,0,0,0,0,0,0,43,0,0,14
804,1280,6.52632,372,100,0,0,0,0,0,0,47,0,0,10
805,1220,6.61111,357,100,0,0,0,0,0,0,43,0,0,11
806,1416,6.44262,393,100,0,0,0,0,0,0,52,0,0,9
807,1452,6.45763,381,100,0,0,0,0,0,0,50,0,0,9
808,1188,6.53571,366,100,0,0,0,0,0,0,46,0,0,10
809,1160,6.63158,378,100,0,0,0,0,0,0,45,0,0,12
810,1264,6.53571,366,100,0,0,0,0,0,0,46,0,0,10
811,1296,6.65455,366,100,0,0,0,0,0,0,43,0,0,12
812,1556,6.66102,393,100,0,0,0,0,0,0,46,0,0,13
813,1424,6.63158,378,100,0,0,0,0,0,0,45,0,0,12
814,1364,6.45283,342,100,0,0,0,0,0,0,45,0,0,8
815,1168,6.31034,366,100,0,0,0,0,0,0,52,0,0,6
816,1252,6.30508,372,100,0,0,0,0,0,0,53,0,0,6
817,1340,6.54545,360,100,0,0,0,0,0,0,45,0,0,10
818,1296,6.26786,351,100,0,0,0,0,0,0,51,0,0,5
819,1444,6.40678,378,100,0,0,0,0,0,0,51,0,0,8
820,1360,6.38095,402,100,0,0,0,0,0,0,55,0,0,8
821,1028,6.39344,390,100,0,0,0,0,0,0,53,0,0,8
822,1356,6.5,390,100,0,0,0,0,0,0,50,0,0,10
823,1176,6.33333,399,100,0,0,0,0,0,0,56,0,0,7
824,1132,6.36207,369,100,0,0,0,0,0,0,51,0,0,7
825,1276,6.35593,375,100,0,0,0,0,0,0,52,0,0,7
826,1452,6.53226,405,100,0,0,0,0,0,0,51,0,0,11
827,1308,6.46552,375,100,0,0,0,0,0,0,49,0,0,9
828,1088,6.55932,387,100,0,0,0,0,0,0,48,0,0,11
829,1192,6.51724,378,100,0,0,0,0,0,0,48,0,0,10
830,1280,6.39344,390,100,0,0,0,0,0,0,53,0,0,8
831,1468,6.41538,417,100,0,0,0,0,0,0,56,0,0,9
832,1248,6.46552,375,100,0,0,0,0,0,0,49,0,0,9
833,1464,6.47619,408,100,0,0,0,0,0,0,53,0,0,10
834,1356,6.3871,396,100,0,0,0,0,0,0,54,0,0,8
835,1208,6.48387,402,100,0,0,0,0,0,0,52,0,0,10
836,1508,6.63934,405,100,0,0,0,0,0,0,48,0,0,13
837,1428,6.38095,402,100,0,0,0,0,0,0,55,0,0,8
838,1356,6.34426,387,100,0,0,0,0,0,0,54,0,0,7
839,1360,6.3871,396,100,0,0,0,0,0,0,54,0,0,8
840,1308,6.39344,390,100,0,0,0,0,0,0,53,0,0,8
841,1372,6.33333,399,100,0,0,0,0,0,0,56,0,0,7
842,1444,6.45763,381,100,0,0,0,0,0,0,50,0,0,9
843,1208,6.19048,390,100,0,0,0,0,0,0,59,0,0,4
844,1240,6.46552,375,100,0,0,0,0,0,0,49,0,0,9
845,1088,6.21053,354,100,0,0,0,0,0,0,53,0,0,4
846,1216,6.15254,363,100,0,0,0,0,0,0,56,0,0,3
847,1368,6.2069,360,100,0,0,0,0,0,0,54,0,0,4
848,1516,6.2381,393,100,0,0,0,0,0,0,58,0,0,5
849,1344,6.14516,381,100,0,0,0,0,0,0,59,0,0,3
850,964,6.09524,384,100,0,0,0,0,0,0,61,0,0,2
851,1100,6.2,372,100,0,0,0,0,0,0,56,0,0,4
852,1016,6.1,366,100,0,0,0,0,0,0,58,0,0,2
853,1060,6.2,372,100,0,0,0,0,0,0,56,0,0,4
854,992,6.19672,378,100,0,0,0,0,0,0,57,0,0,4
855,1032,6.21053,354,100,0,0,0,0,0,0,53,0,0,4
856,1012,6.14062,393,100,0,0,0,0,0,0,61,0,0,3
857,948,6.09524,384,100,0,0,0,0,0,0,61,0,0,2
858,1052,6.21053,354,100,0,0,0,0,0,0,53,0,0,4
859,1012,6.21429,348,100,0,0,0,0,0,0,52,0,0,4
860,1116,6.09677,378,100,0,0,0,0,0,0,60,0,0,2
861,1192,6.04545,399,100,0,0,0,0,0,0,65,0,0,1
862,1244,6.14062,393,100,0,0,0,0,0,0,61,0,0,3
863,1148,6.15,369,100,0,0,0,0,0,0,57,0,0,3
864,1216,6.15517,357,100,0,0,0,0,0,0,55,0,0,3
865,1216,6.18333,371,100,0,0,0,0,0,0,56,0,1,3
866,1028,6.19643,347,100,0,0,0,0,0,0,52,0,1,3
867,1068,6.26786,351,100,0,0,0,0,0,0,51,0,0,5
868,1168,6.2459,381,100,0,0,0,0,0,0,56,0,0,5
869,1244,6.33333,399,100,0,0,0,0,0,0,56,0,0,7
870,1212,6.31579,360,100,0,0,0,0,0,0,51,0,0,6
871,1120,6.26786,351,100,0,0,0,0,0,0,51,0,0,5
872,1084,6.1,366,100,0,0,0,0,0,0,58,0,0,2
873,1260,6.14754,375,100,0,0,0,0,0,0,58,0,0,3
874,1104,6.14754,375,100,0,0,0,0,0,0,58,0,0,3
875,1232,6.13846,399,100,0,0,0,0,0,0,62,0,0,3
876,1320,6.14286,387,100,0,0,0,0,0,0,60,0,0,3
877,1360,6.15,369,100,0,0,0,0,0,0,57,0,0,3
878,1380,6.15517,357,100,0,0,0,0,0,0,55,0,0,3
879,1404,6.15789,351,100,0,0,0,0,0,0,54,0,0,3
880,1360,6.05357,339,100,0,0,0,0,0,0,55,0,0,1
881,1204,6.10345,354,100,0,0,0,0,0,0,56,0,0,2
882,1136,6.1,366,100,0,0,0,0,0,0,58,0,0,2
883,1028,6.22222,336,100,0,0,0,0,0,0,50,0,0,4
884,1080,6.15517,357,100,0,0,0,0,0,0,55,0,0,3
885,1308,6.2381,393,100,0,0,0,0,0,0,58,0,0,5
886,1140,6.2069,360,100,0,0,0,0,0,0,54,0,0,4
887,1140,6.2,372,100,0,0,0,0,0,0,56,0,0,4
888,1228,6.2381,393,100,0,0,0,0,0,0,58,0,0,5
889,1464,6.32308,411,100,0,0,0,0,0,0,58,0,0,7
890,1488,6.34426,387,100,0,0,0,0,0,0,54,0,0,7
891,1328,6.25,375,100,0,0,0,0,0,0,55,0,0,5
892,1264,6.19048,390,100,0,0,0,0,0,0,59,0,0,4
893,1472,6.29508,384,100,0,0,0,0,0,0,55,0,0,6
894,1184,6.19355,384,100,0,0,0,0,0,0,58,0,0,4
895,1484,6.31343,423,100,0,0,0,0,0,0,60,0,0,7
896,1496,6.28125,402,100,0,0,0,0,0,0,58,0,0,6
897,1476,6.47619,408,100,0,0,0,0,0,0,53,0,0,10
898,1740,6.51562,417,100,0,0,0,0,0,0,53,0,0,11
899,1780,6.62903,411,100,0,0,0,0,0,0,49,0,0,13
900,1172,6.28302,333,100,0,0,0,0,0,0,48,0,0,5
901,1612,6.62069,384,100,0,0,0,0,0,0,46,0,0,12
902,1512,6.57895,375,100,0,0,0,0,0,0,46,0,0,11
903,1620,6.55,393,100,0,0,0,0,0,0,49,0,0,11
904,1692,6.55932,387,100,0,0,0,0,0,0,48,0,0,11
905,1268,6.46552,375,100,0,0,0,0,0,0,49,0,0,9
906,1356,6.39344,390,100,0,0,0,0,0,0,53,0,0,8
907,1304,6.40678,378,100,0,0,0,0,0,0,51,0,0,8
908,1628,6.40678,378,100,0,0,0,0,0,0,51,0,0,8
909,1408,6.31034,366,100,0,0,0,0,0,0,52,0,0,6
910,1508,6.36207,369,100,0,0,0,0,0,0,51,0,0,7
911,1752,6.36207,369,100,0,0,0,0,0,0,51,0,0,7
912,1796,6.46552,375,100,0,0,0,0,0,0,49,0,0,9
913,1888,6.46154,420,100,0,0,0,0,0,0,55,0,0,10
914,1636,6.42105,366,100,0,0,0,0,0,0,49,0,0,8
915,1320,6.3871,396,100,0,0,0,0,0,0,54,0,0,8
916,1492,6.44262,393,100,0,0,0,0,0,0,52,0,0,9
917,1860,6.67742,414,100,0,0,0,0,0,0,48,0,0,14
918,1780,6.52632,372,100,0,0,0,0,0,0,47,0,0,10
919,1700,6.4,384,100,0,0,0,0,0,0,52,0,0,8
920,1616,6.375,357,100,0,0,0,0,0,0,49,0,0,7
921,1780,6.30508,372,100,0,0,0,0,0,0,53,0,0,6
922,1976,6.46552,375,100,0,0,0,0,0,0,49,0,0,9
923,1740,6.58824,336,100,0,0,0,0,0,0,41,0,0,10
924,1728,6.64286,372,100,0,0,0,0,0,0,44,0,0,12
925,1616,6.42105,366,100,0,0,0,0,0,0,49,0,0,8
926,1428,6.25862,363,100,0,0,0,0,0,0,53,0,0,5
927,1392,6.35593,375,100,0,0,0,0,0,0,52,0,0,7
928,1296,6.31579,360,100,0,0,0,0,0,0,51,0,0,6
929,1240,6.31579,360,100,0,0,0,0,0,0,51,0,0,6
930,1532,6.46552,375,100,0,0,0,0,0,0,49,0,0,9
931,1472,6.05,363,100,0,0,0,0,0,0,59,0,0,1
932,1564,6.10714,342,100,0,0,0,0,0,0,54,0,0,2
933,1416,6.21429,348,100,0,0,0,0,0,0,52,0,0,4
934,1128,6.17308,321,100,0,0,0,0,0,0,49,0,0,3
935,1284,6.1,366,100,0,0,0,0,0,0,58,0,0,2
936,1376,6.24194,387,100,0,0,0,0,0,0,57,0,0,5
937,1212,6.05556,327,100,0,0,0,0,0,0,53,0,0,1
938,1268,6.16667,333,100,0,0,0,0,0,0,51,0,0,3
939,1312,6.31034,366,100,0,0,0,0,0,0,52,0,0,6
940,1256,6.33333,342,100,0,0,0,0,0,0,48,0,0,6
941,1244,6.21429,348,100,0,0,0,0,0,0,52,0,0,4
942,1188,6.14754,375,100,0,0,0,0,0,0,58,0,0,3
943,1244,6.45763,381,100,0,0,0,0,0,0,50,0,0,9
944,1128,6.26786,351,100,0,0,0,0,0,0,51,0,0,5
945,1588,6.4918,396,100,0,0,0,0,0,0,51,0,0,10
946,1200,6.375,357,100,0,0,0,0,0,0,49,0,0,7
947,1208,6.4,384,100,0,0,0,0,0,0,52,0,0,8
948,1096,6.43636,354,100,0,0,0,0,0,0,47,0,0,8
949,1260,6.44262,393,100,0,0,0,0,0,0,52,0,0,9
950,1112,6.49057,344,100,0,0,0,0,0,0,44,0,1,8
951,1116,6.39655,371,100,0,0,0,0,0,0,50,0,1,7
952,1128,6.25424,369,100,0,0,0,0,0,0,54,0,0,5
953,1056,6.12308,398,100,0,0,0,0,0,0,62,0,1,2
954,1124,6.21053,354,100,0,0,0,0,0,0,53,0,0,4
955,1200,6.15517,357,100,0,0,0,0,0,0,55,0,0,3
956,900,6.05455,333,100,0,0,0,0,0,0,54,0,0,1
957,1228,6.04918,369,100,0,0,0,0,0,0,60,0,0,1
958,976,6.05455,333,100,0,0,0,0,0,0,54,0,0,1
959,976,6,342,100,0,0,0,0,0,0,57,0,0,0
960,984,6.05263,345,100,0,0,0,0,0,0,56,0,0,1
961,1104,6.04762,381,100,0,0,0,0,0,0,62,0,0,1
962,1164,6.04478,405,100,0,0,0,0,0,0,66,0,0,1
963,1228,6.08824,414,100,0,0,0,0,0,0,66,0,0,2
964,1112,6.09091,402,100,0,0,0,0,0,0,64,0,0,2
965,1248,6.09677,378,100,0,0,0,0,0,0,60,0,0,2
966,1280,6.04688,387,100,0,0,0,0,0,0,63,0,0,1
967,1244,6.1,366,100,0,0,0,0,0,0,58,0,0,2
968,1108,6.19048,390,100,0,0,0,0,0,0,59,0,0,4
969,1040,6.1875,396,100,0,0,0,0,0,0,60,0,0,4
970,1380,6.32812,405,100,0,0,0,0,0,0,57,0,0,7
971,1576,6.55,393,100,0,0,0,0,0,0,49,0,0,11
972,1668,6.27692,408,100,0,0,0,0,0,0,59,0,0,6
973,1664,6.19355,384,100,0,0,0,0,0,0,58,0,0,4
974,1964,6.36842,363,100,0,0,0,0,0,0,50,0,0,7
975,1372,6.4,384,100,0,0,0,0,0,0,52,0,0,8
976,1892,6.33333,399,100,0,0,0,0,0,0,56,0,0,7
977,1572,6.25424,369,100,0,0,0,0,0,0,54,0,0,5
978,1472,6.25424,369,100,0,0,0,0,0,0,54,0,0,5
979,1340,6.3,378,100,0,0,0,0,0,0,54,0,0,6
980,1380,6.31034,366,100,0,0,0,0,0,0,52,0,0,6
981,1740,6.34426,387,100,0,0,0,0,0,0,54,0,0,7
982,1740,6.30508,372,100,0,0,0,0,0,0,53,0,0,6
983,1468,6.28571,396,100,0,0,0,0,0,0,57,0,0,6
984,1636,6.34426,387,100,0,0,0,0,0,0,54,0,0,7
985,1368,6.32308,411,100,0,0,0,0,0,0,58,0,0,7
986,1200,6.28302,333,100,0,0,0,0,0,0,48,0,0,5
987,1128,6.26316,357,100,0,0,0,0,0,0,52,0,0,5
988,1344,6.29508,384,100,0,0,0,0,0,0,55,0,0,6
989,1424,6.14754,375,100,0,0,0,0,0,0,58,0,0,3
990,1452,6.19048,390,100,0,0,0,0,0,0,59,0,0,4
991,1332,6.26316,357,100,0,0,0,0,0,0,52,0,0,5
992,1380,6.31579,360,100,0,0,0,0,0,0,51,0,0,6
993,1576,6.24194,387,100,0,0,0,0,0,0,57,0,0,5
994,1620,6.35,381,100,0,0,0,0,0,0,53,0,0,7
995,1404,6.32143,354,100,0,0,0,0,0,0,50,0,0,6
996,1224,6.27273,345,100,0,0,0,0,0,0,50,0,0,5
997,1532,6.46552,375,100,0,0,0,0,0,0,49,0,0,9
998,1624,6.38095,402,100,0,0,0,0,0,0,55,0,0,8
999,1616,6.51724,378,100,0,0,0,0,0,0,48,0,0,10
