update,points,mean_tasks,total_tasks,total_orgs,task_0,task_1,task_2,task_3,task_4,task_5,task_6,task_7,task_8,task_9
0,0,nan,0,10,0,0,0,0,0,0,0,0,0,0
1,64,6,24,10,0,0,0,0,0,0,4,0,0,0
2,112,6,42,10,0,0,0,0,0,0,7,0,0,0
3,124,6,48,11,0,0,0,0,0,0,8,0,0,0
4,120,6,48,12,0,0,0,0,0,0,8,0,0,0
5,180,6.3,63,13,0,0,0,0,0,0,9,0,0,1
6,232,6.5,78,16,0,0,0,0,0,0,10,0,0,2
7,268,6.6,99,19,0,0,0,0,0,0,12,0,0,3
8,208,6.5625,105,20,0,0,0,0,0,0,13,0,0,3
9,192,6.70588,114,21,0,0,0,0,0,0,13,0,0,4
10,292,7.05882,120,22,0,0,0,0,0,0,11,0,0,6
11,364,6.78947,129,24,0,0,0,0,0,0,14,0,0,5
12,348,6.71429,141,30,0,0,0,0,0,0,16,0,0,5
13,312,6.68182,147,30,0,0,0,0,0,0,17,0,0,5
14,292,6.6,165,30,0,0,0,0,0,0,20,0,0,5
15,272,6.44444,174,33,0,0,0,0,0,0,23,0,0,4
16,328,6.57692,171,36,0,0,0,0,0,0,21,0,0,5
17,412,6.4,192,38,0,0,0,0,0,0,26,0,0,4
18,440,6.29032,195,39,0,0,0,0,0,0,28,0,0,3
19,456,6.1875,198,40,0,0,0,0,0,0,30,0,0,2
20,400,6.19355,192,43,0,0,0,0,0,0,29,0,0,2
21,440,6.08571,213,45,0,0,0,0,0,0,34,0,0,1
22,552,6.23077,243,50,0,0,0,0,0,0,36,0,0,3
23,476,6.15789,234,55,0,0,0,0,0,0,36,0,0,2
24,568,6.2093,267,60,0,0,0,0,0,0,40,0,0,3
25,620,6.1875,297,63,0,0,0,0,0,0,45,0,0,3
26,648,6.125,294,71,0,0,0,0,0,0,46,0,0,2
27,616,6.12245,300,73,0,0,0,0,0,0,47,0,0,2
28,828,6.2069,360,77,0,0,0,0,0,0,54,0,0,4
29,824,6.16981,327,82,0,0,0,0,0,0,50,0,0,3
30,744,6.17308,321,86,0,0,0,0,0,0,49,0,0,3
31,688,6.19298,353,87,0,0,0,0,0,0,53,0,1,3
32,780,6.14286,344,89,0,0,0,0,0,0,53,0,1,2
33,824,6.10526,348,90,0,0,0,0,0,0,55,0,0,2
34,868,6.09677,378,93,0,0,0,0,0,0,60,0,0,2
35,928,6.09375,390,94,0,0,0,0,0,0,62,0,0,2
36,1000,6.14286,387,95,0,0,0,0,0,0,60,0,0,3
37,800,6.09836,372,96,0,0,0,0,0,0,59,0,0,2
38,856,6.04762,381,98,0,0,0,0,0,0,62,0,0,1
39,944,6.14754,375,98,0,0,0,0,0,0,58,0,0,3
40,884,6.04412,411,98,0,0,0,0,0,0,67,0,0,1
41,852,6.09524,384,99,0,0,0,0,0,0,61,0,0,2
42,1024,6.13846,399,100,0,0,0,0,0,0,62,0,0,3
43,1104,6.09231,396,100,0,0,0,0,0,0,63,0,0,2
44,972,6.04615,393,100,0,0,0,0,0,0,64,0,0,1
45,936,6.09677,378,100,0,0,0,0,0,0,60,0,0,2
46,984,6.09677,378,100,0,0,0,0,0,0,60,0,0,2
47,992,6.09231,396,100,0,0,0,0,0,0,63,0,0,2
48,1036,6.09231,396,100,0,0,0,0,0,0,63,0,0,2
49,872,6.05,363,100,0,0,0,0,0,0,59,0,0,1
50,1036,6.09375,390,100,0,0,0,0,0,0,62,0,0,2
51,972,6.14286,387,100,0,0,0,0,0,0,60,0,0,3
52,1064,6.14754,375,100,0,0,0,0,0,0,58,0,0,3
53,964,6.15789,351,100,0,0,0,0,0,0,54,0,0,3
54,1060,6.09836,372,100,0,0,0,0,0,0,59,0,0,2
55,1124,6.04688,387,100,0,0,0,0,0,0,63,0,0,1
56,984,6.05172,351,100,0,0,0,0,0,0,57,0,0,1
57,1176,6.09375,390,100,0,0,0,0,0,0,62,0,0,2
58,1192,6.05,363,100,0,0,0,0,0,0,59,0,0,1
59,1012,6.04839,375,100,0,0,0,0,0,0,61,0,0,1
60,984,6.19672,378,100,0,0,0,0,0,0,57,0,0,4
61,1012,6.09375,390,100,0,0,0,0,0,0,62,0,0,2
62,1080,6.09524,384,100,0,0,0,0,0,0,61,0,0,2
63,940,6.09836,372,100,0,0,0,0,0,0,59,0,0,2
64,984,6,372,100,0,0,0,0,0,0,62,0,0,0
65,1064,6.04545,399,100,0,0,0,0,0,0,65,0,0,1
66,980,6.05,363,100,0,0,0,0,0,0,59,0,0,1
67,1080,6.04688,387,100,0,0,0,0,0,0,63,0,0,1
68,1056,6.04688,387,100,0,0,0,0,0,0,63,0,0,1
69,996,6.25424,369,100,0,0,0,0,0,0,54,0,0,5
70,1000,6.19355,384,100,0,0,0,0,0,0,58,0,0,4
71,1236,6.24194,387,100,0,0,0,0,0,0,57,0,0,5
72,1160,6.25,375,100,0,0,0,0,0,0,55,0,0,5
73,972,6.14286,387,100,0,0,0,0,0,0,60,0,0,3
74,896,6.09231,396,100,0,0,0,0,0,0,63,0,0,2
75,1044,6.14062,393,100,0,0,0,0,0,0,61,0,0,3
76,1032,6.14286,387,100,0,0,0,0,0,0,60,0,0,3
77,972,6.09524,384,100,0,0,0,0,0,0,61,0,0,2
78,1056,6.15,369,100,0,0,0,0,0,0,57,0,0,3
79,1180,6.14286,387,100,0,0,0,0,0,0,60,0,0,3
80,1236,6,390,100,0,0,0,0,0,0,65,0,0,0
81,1196,6.04839,375,100,0,0,0,0,0,0,61,0,0,1
82,1376,6.05172,351,100,0,0,0,0,0,0,57,0,0,1
83,1460,6.05172,351,100,0,0,0,0,0,0,57,0,0,1
84,1012,6.11111,330,100,0,0,0,0,0,0,52,0,0,2
85,1180,6.09836,372,100,0,0,0,0,0,0,59,0,0,2
86,1284,6.04762,381,100,0,0,0,0,0,0,62,0,0,1
87,1312,6.04762,381,100,0,0,0,0,0,0,62,0,0,1
88,1048,6,372,100,0,0,0,0,0,0,62,0,0,0
89,1144,6.09375,390,100,0,0,0,0,0,0,62,0,0,2
90,1140,6.09375,390,100,0,0,0,0,0,0,62,0,0,2
91,1072,6.09524,384,100,0,0,0,0,0,0,61,0,0,2
92,1212,6.22388,417,100,0,0,0,0,0,0,62,0,0,5
93,1204,6.15517,357,100,0,0,0,0,0,0,55,0,0,3
94,1128,6.09375,390,100,0,0,0,0,0,0,62,0,0,2
95,1140,6.24194,387,100,0,0,0,0,0,0,57,0,0,5
96,1376,6.13636,405,100,0,0,0,0,0,0,63,0,0,3
97,1272,6.25,375,100,0,0,0,0,0,0,55,0,0,5
98,1384,6.30508,372,100,0,0,0,0,0,0,53,0,0,6
99,1528,6.46552,375,100,0,0,0,0,0,0,49,0,0,9
100,1996,6.53226,405,100,0,0,0,0,0,0,51,0,0,11
101,2228,6.48387,402,100,0,0,0,0,0,0,52,0,0,10
102,2072,6.50847,384,100,0,0,0,0,0,0,49,0,0,10
103,2096,6.35,381,100,0,0,0,0,0,0,53,0,0,7
104,1896,6.35,381,100,0,0,0,0,0,0,53,0,0,7
105,2132,6.40678,378,100,0,0,0,0,0,0,51,0,0,8
106,2604,6.54098,399,100,0,0,0,0,0,0,50,0,0,11
107,2212,6.19672,378,100,0,0,0,0,0,0,57,0,0,4
108,1908,6.26786,351,100,0,0,0,0,0,0,51,0,0,5
109,2316,6.36207,369,100,0,0,0,0,0,0,51,0,0,7
110,2612,6.21818,342,100,0,0,0,0,0,0,51,0,0,4
111,2816,6.31034,366,100,0,0,0,0,0,0,52,0,0,6
112,2360,6.3,378,100,0,0,0,0,0,0,54,0,0,6
113,2380,6.33333,342,100,0,0,0,0,0,0,48,0,0,6
114,2624,6.30508,372,100,0,0,0,0,0,0,53,0,0,6
115,2096,6.22642,330,100,0,0,0,0,0,0,49,0,0,4
116,2488,6.2459,381,100,0,0,0,0,0,0,56,0,0,5
117,2596,6.14754,375,100,0,0,0,0,0,0,58,0,0,3
118,2564,6.14516,381,100,0,0,0,0,0,0,59,0,0,3
119,2756,6.14516,381,100,0,0,0,0,0,0,59,0,0,3
120,2840,6.2069,360,100,0,0,0,0,0,0,54,0,0,4
121,1752,6.20339,366,100,0,0,0,0,0,0,55,0,0,4
122,1764,6.26316,357,100,0,0,0,0,0,0,52,0,0,5
123,1880,6.3,378,100,0,0,0,0,0,0,54,0,0,6
124,2124,6.28125,402,100,0,0,0,0,0,0,58,0,0,6
125,1864,6.22581,386,100,0,0,0,0,0,0,57,0,1,4
126,1900,6.25,375,100,0,0,0,0,0,0,55,0,0,5
127,1496,6.33333,399,100,0,0,0,0,0,0,56,0,0,7
128,1556,6.36207,369,100,0,0,0,0,0,0,51,0,0,7
129,1416,6.15789,351,100,0,0,0,0,0,0,54,0,0,3
130,1424,6.2459,381,100,0,0,0,0,0,0,56,0,0,5
131,1276,6.25862,363,100,0,0,0,0,0,0,53,0,0,5
132,1648,6.25,375,100,0,0,0,0,0,0,55,0,0,5
133,1504,6.10714,342,100,0,0,0,0,0,0,54,0,0,2
134,1592,6.32143,354,100,0,0,0,0,0,0,50,0,0,6
135,1824,6.14754,375,100,0,0,0,0,0,0,58,0,0,3
136,1900,6.14286,387,100,0,0,0,0,0,0,60,0,0,3
137,1768,6.21818,342,100,0,0,0,0,0,0,51,0,0,4
138,1616,6.14516,381,100,0,0,0,0,0,0,59,0,0,3
139,1664,6.20339,366,100,0,0,0,0,0,0,55,0,0,4
140,2080,6.29508,384,100,0,0,0,0,0,0,55,0,0,6
141,2068,6.28846,327,100,0,0,0,0,0,0,47,0,0,5
142,2016,6.28302,333,100,0,0,0,0,0,0,48,0,0,5
143,2228,6.28846,327,100,0,0,0,0,0,0,47,0,0,5
144,2296,6.43636,354,100,0,0,0,0,0,0,47,0,0,8
145,2288,6.26786,351,100,0,0,0,0,0,0,51,0,0,5
146,2344,6.33962,336,100,0,0,0,0,0,0,47,0,0,6
147,2724,6.2459,381,100,0,0,0,0,0,0,56,0,0,5
148,1932,6.39623,339,100,0,0,0,0,0,0,46,0,0,7
149,2024,6.41379,372,100,0,0,0,0,0,0,50,0,0,8
150,2024,6.24194,387,100,0,0,0,0,0,0,57,0,0,5
151,2084,6.24194,387,100,0,0,0,0,0,0,57,0,0,5
152,2164,6.24194,387,100,0,0,0,0,0,0,57,0,0,5
153,2160,6.30508,372,100,0,0,0,0,0,0,53,0,0,6
154,2164,6.19048,390,100,0,0,0,0,0,0,59,0,0,4
155,1476,6.1,366,100,0,0,0,0,0,0,58,0,0,2
156,1944,6.15,369,100,0,0,0,0,0,0,57,0,0,3
157,1940,6.09677,378,100,0,0,0,0,0,0,60,0,0,2
158,2040,6.24194,387,100,0,0,0,0,0,0,57,0,0,5
159,1912,6.23077,324,100,0,0,0,0,0,0,48,0,0,4
160,2236,6.10526,348,100,0,0,0,0,0,0,55,0,0,2
161,2088,6.17742,383,100,0,0,0,0,0,0,58,0,1,3
162,1944,6.1875,396,100,0,0,0,0,0,0,60,0,0,4
163,1528,6.10169,360,100,0,0,0,0,0,0,57,0,0,2
164,1460,6.1,366,100,0,0,0,0,0,0,58,0,0,2
165,1408,6.15254,363,100,0,0,0,0,0,0,56,0,0,3
166,1456,6.15517,357,100,0,0,0,0,0,0,55,0,0,3
167,1620,6.14754,375,100,0,0,0,0,0,0,58,0,0,3
168,1396,6.04918,369,100,0,0,0,0,0,0,60,0,0,1
169,1428,6.09375,390,100,0,0,0,0,0,0,62,0,0,2
170,1576,6.15254,363,100,0,0,0,0,0,0,56,0,0,3
171,1608,6.09524,384,100,0,0,0,0,0,0,61,0,0,2
172,1588,6.05085,357,100,0,0,0,0,0,0,58,0,0,1
173,1372,6.14754,375,100,0,0,0,0,0,0,58,0,0,3
174,1480,6.21053,354,100,0,0,0,0,0,0,53,0,0,4
175,1320,6.20339,366,100,0,0,0,0,0,0,55,0,0,4
176,1256,6.09677,378,100,0,0,0,0,0,0,60,0,0,2
177,1320,6.09677,378,100,0,0,0,0,0,0,60,0,0,2
178,1448,6.13846,399,100,0,0,0,0,0,0,62,0,0,3
179,1168,6.14516,381,100,0,0,0,0,0,0,59,0,0,3
180,1468,6.18462,402,100,0,0,0,0,0,0,61,0,0,4
181,1548,6.19672,378,100,0,0,0,0,0,0,57,0,0,4
182,1488,6.22727,411,100,0,0,0,0,0,0,61,0,0,5
183,1412,6.24194,387,100,0,0,0,0,0,0,57,0,0,5
184,1332,6.14286,387,100,0,0,0,0,0,0,60,0,0,3
185,1436,6.1,366,100,0,0,0,0,0,0,58,0,0,2
186,1444,6.20339,366,100,0,0,0,0,0,0,55,0,0,4
187,1448,6.29508,384,100,0,0,0,0,0,0,55,0,0,6
188,1532,6.14754,375,100,0,0,0,0,0,0,58,0,0,3
189,1448,6.10169,360,100,0,0,0,0,0,0,57,0,0,2
190,1176,6.15254,363,100,0,0,0,0,0,0,56,0,0,3
191,1336,6.2381,393,100,0,0,0,0,0,0,58,0,0,5
192,1224,6.2069,360,100,0,0,0,0,0,0,54,0,0,4
193,968,6.10526,348,100,0,0,0,0,0,0,55,0,0,2
194,1052,6.18462,402,100,0,0,0,0,0,0,61,0,0,4
195,820,6.05455,333,100,0,0,0,0,0,0,54,0,0,1
196,972,6.05263,345,100,0,0,0,0,0,0,56,0,0,1
197,1352,6.09231,396,100,0,0,0,0,0,0,63,0,0,2
198,1192,6.15,369,100,0,0,0,0,0,0,57,0,0,3
199,1032,6.09677,378,100,0,0,0,0,0,0,60,0,0,2
200,1108,6.15,369,100,0,0,0,0,0,0,57,0,0,3
201,1064,6.19643,347,100,0,0,0,0,0,0,52,0,1,3
202,1172,6.1746,389,100,0,0,0,0,0,0,59,0,1,3
203,1184,6.10345,354,100,0,0,0,0,0,0,56,0,0,2
204,1332,6.14062,393,100,0,0,0,0,0,0,61,0,0,3
205,1208,6.13636,405,100,0,0,0,0,0,0,63,0,0,3
206,1188,6.04615,393,100,0,0,0,0,0,0,64,0,0,1
207,1152,6,360,100,0,0,0,0,0,0,60,0,0,0
208,1264,6,384,100,0,0,0,0,0,0,64,0,0,0
209,1252,6,360,100,0,0,0,0,0,0,60,0,0,0
210,1364,6,396,100,0,0,0,0,0,0,66,0,0,0
211,1488,6.04762,381,100,0,0,0,0,0,0,62,0,0,1
212,1156,6.04918,369,100,0,0,0,0,0,0,60,0,0,1
213,1156,6.04839,375,100,0,0,0,0,0,0,61,0,0,1
214,1164,6,372,100,0,0,0,0,0,0,62,0,0,0
215,1188,6,366,100,0,0,0,0,0,0,61,0,0,0
216,1244,6,366,100,0,0,0,0,0,0,61,0,0,0
217,1164,6,384,100,0,0,0,0,0,0,64,0,0,0
218,1376,6,366,100,0,0,0,0,0,0,61,0,0,0
219,1480,6.04545,399,100,0,0,0,0,0,0,65,0,0,1
220,1512,6.04839,375,100,0,0,0,0,0,0,61,0,0,1
221,1356,6,354,100,0,0,0,0,0,0,59,0,0,0
222,1336,6.10714,342,100,0,0,0,0,0,0,54,0,0,2
223,1564,6.09677,378,100,0,0,0,0,0,0,60,0,0,2
224,1752,6.04688,387,100,0,0,0,0,0,0,63,0,0,1
225,1744,6.04918,369,100,0,0,0,0,0,0,60,0,0,1
226,1748,6.08955,408,100,0,0,0,0,0,0,65,0,0,2
227,1520,6.13043,423,100,0,0,0,0,0,0,66,0,0,3
228,1300,6.19355,384,100,0,0,0,0,0,0,58,0,0,4
229,1260,6.2381,393,100,0,0,0,0,0,0,58,0,0,5
230,1300,6.14286,387,100,0,0,0,0,0,0,60,0,0,3
231,1144,6.14062,393,100,0,0,0,0,0,0,61,0,0,3
232,1136,6.18333,371,100,0,0,0,0,0,0,56,0,1,3
233,1160,6.07812,389,100,0,0,0,0,0,0,62,0,1,1
234,1052,6.24138,362,100,0,0,0,0,0,0,53,0,1,4
235,1016,6.2069,360,100,0,0,0,0,0,0,54,0,0,4
236,1252,6.28125,402,100,0,0,0,0,0,0,58,0,0,6
237,1092,6.1875,396,100,0,0,0,0,0,0,60,0,0,4
238,1144,6.26316,357,100,0,0,0,0,0,0,52,0,0,5
239,1204,6.27273,345,100,0,0,0,0,0,0,50,0,0,5
240,952,6.27778,339,100,0,0,0,0,0,0,49,0,0,5
241,880,6.11111,330,100,0,0,0,0,0,0,52,0,0,2
242,948,6.21053,354,100,0,0,0,0,0,0,53,0,0,4
243,1148,6.14754,375,100,0,0,0,0,0,0,58,0,0,3
244,1088,6.24194,387,100,0,0,0,0,0,0,57,0,0,5
245,1212,6.14754,375,100,0,0,0,0,0,0,58,0,0,3
246,1288,6.2069,360,100,0,0,0,0,0,0,54,0,0,4
247,1188,6.26786,351,100,0,0,0,0,0,0,51,0,0,5
248,1436,6.45,387,100,0,0,0,0,0,0,51,0,0,9
249,1248,6.36842,363,100,0,0,0,0,0,0,50,0,0,7
250,1388,6.45,387,100,0,0,0,0,0,0,51,0,0,9
251,1016,6.21429,348,100,0,0,0,0,0,0,52,0,0,4
252,1260,6.47368,369,100,0,0,0,0,0,0,48,0,0,9
253,1336,6.48214,363,100,0,0,0,0,0,0,47,0,0,9
254,1296,6.5,351,100,0,0,0,0,0,0,45,0,0,9
255,1424,6.6,363,100,0,0,0,0,0,0,44,0,0,11
256,1288,6.45763,381,100,0,0,0,0,0,0,50,0,0,9
257,1352,6.6,363,100,0,0,0,0,0,0,44,0,0,11
258,1220,6.44262,393,100,0,0,0,0,0,0,52,0,0,9
259,1288,6.63158,378,100,0,0,0,0,0,0,45,0,0,12
260,1680,6.68852,408,100,0,0,0,0,0,0,47,0,0,14
261,1492,6.66102,393,100,0,0,0,0,0,0,46,0,0,13
262,1540,6.63934,405,100,0,0,0,0,0,0,48,0,0,13
263,1572,6.66667,420,100,0,0,0,0,0,0,49,0,0,14
264,1648,6.73684,384,100,0,0,0,0,0,0,43,0,0,14
265,1572,6.72222,363,100,0,0,0,0,0,0,41,0,0,13
266,1428,6.77586,393,100,0,0,0,0,0,0,43,0,0,15
267,1604,6.64615,432,100,0,0,0,0,0,0,51,0,0,14
268,1448,6.67241,387,100,0,0,0,0,0,0,45,0,0,13
269,1528,6.6,363,100,0,0,0,0,0,0,44,0,0,11
270,1704,6.51724,378,100,0,0,0,0,0,0,48,0,0,10
271,1600,6.6,363,100,0,0,0,0,0,0,44,0,0,11
272,1364,6.54,327,100,0,0,0,0,0,0,41,0,0,9
273,1400,6.55556,354,100,0,0,0,0,0,0,44,0,0,10
274,1548,6.77586,393,100,0,0,0,0,0,0,43,0,0,15
275,1648,6.77586,393,100,0,0,0,0,0,0,43,0,0,15
276,1436,6.84906,363,100,0,0,0,0,0,0,38,0,0,15
277,1680,6.73684,384,100,0,0,0,0,0,0,43,0,0,14
278,1824,6.71186,396,100,0,0,0,0,0,0,45,0,0,14
279,2112,6.90566,366,100,0,0,0,0,0,0,37,0,0,16
280,2020,7.08621,411,100,0,0,0,0,0,0,37,0,0,21
281,1880,6.83333,369,100,0,0,0,0,0,0,39,0,0,15
282,1888,6.76364,372,100,0,0,0,0,0,0,41,0,0,14
283,1580,6.68421,381,100,0,0,0,0,0,0,44,0,0,13
284,1552,6.78947,387,100,0,0,0,0,0,0,42,0,0,15
285,1700,6.91071,387,100,0,0,0,0,0,0,39,0,0,17
286,1824,6.72581,417,100,0,0,0,0,0,0,47,0,0,15
287,1576,6.7,402,100,0,0,0,0,0,0,46,0,0,14
288,1636,6.81356,402,100,0,0,0,0,0,0,43,0,0,16
289,1452,6.80357,381,100,0,0,0,0,0,0,41,0,0,15
290,1404,6.7193,383,100,0,0,0,0,0,0,43,0,1,13
291,1532,6.83333,369,100,0,0,0,0,0,0,39,0,0,15
292,1456,6.72414,390,100,0,0,0,0,0,0,44,0,0,14
293,1628,6.75,405,100,0,0,0,0,0,0,45,0,0,15
294,1612,6.57143,414,100,0,0,0,0,0,0,51,0,0,12
295,1592,6.96429,390,100,0,0,0,0,0,0,38,0,0,18
296,1332,6.69643,375,100,0,0,0,0,0,0,43,0,0,13
297,1420,6.58065,408,100,0,0,0,0,0,0,50,0,0,12
298,1852,6.93443,423,100,0,0,0,0,0,0,42,0,0,19
299,1740,6.85,411,100,0,0,0,0,0,0,43,0,0,17
300,1604,7.13208,378,100,0,0,0,0,0,0,33,0,0,20
301,1584,7.2931,423,100,0,0,0,0,0,0,33,0,0,25
302,1604,7.08621,411,100,0,0,0,0,0,0,37,0,0,21
303,1560,6.78947,387,100,0,0,0,0,0,0,42,0,0,15
304,1836,6.85,411,100,0,0,0,0,0,0,43,0,0,17
305,1708,6.77586,393,100,0,0,0,0,0,0,43,0,0,15
306,2016,6.77419,420,100,0,0,0,0,0,0,46,0,0,16
307,1944,6.52632,372,100,0,0,0,0,0,0,47,0,0,10
308,2052,6.87931,399,100,0,0,0,0,0,0,41,0,0,17
309,2284,6.72727,444,100,0,0,0,0,0,0,50,0,0,16
310,1640,6.7377,411,100,0,0,0,0,0,0,46,0,0,15
311,1468,6.9,414,100,0,0,0,0,0,0,42,0,0,18
312,1404,6.72581,417,100,0,0,0,0,0,0,47,0,0,15
313,1604,6.8,408,100,0,0,0,0,0,0,44,0,0,16
314,1432,6.81818,375,100,0,0,0,0,0,0,40,0,0,15
315,1796,6.94737,396,100,0,0,0,0,0,0,39,0,0,18
316,1756,6.92727,381,100,0,0,0,0,0,0,38,0,0,17
317,1700,6.98182,384,100,0,0,0,0,0,0,37,0,0,18
318,1708,7,420,100,0,0,0,0,0,0,40,0,0,20
319,1876,6.88525,420,100,0,0,0,0,0,0,43,0,0,18
320,2000,6.88525,420,100,0,0,0,0,0,0,43,0,0,18
321,1792,7.26316,414,100,0,0,0,0,0,0,33,0,0,24
322,1892,7.38462,384,100,0,0,0,0,0,0,28,0,0,24
323,1764,7.29412,372,100,0,0,0,0,0,0,29,0,0,22
324,1712,7.05556,381,100,0,0,0,0,0,0,35,0,0,19
325,1736,7.25455,399,100,0,0,0,0,0,0,32,0,0,23
326,1684,7.17857,402,100,0,0,0,0,0,0,34,0,0,22
327,2080,7.13115,435,100,0,0,0,0,0,0,38,0,0,23
328,2228,7.39286,414,100,0,0,0,0,0,0,30,0,0,26
329,1852,7.21053,411,100,0,0,0,0,0,0,34,0,0,23
330,1904,7.2,396,100,0,0,0,0,0,0,33,0,0,22
331,1424,6.92308,360,100,0,0,0,0,0,0,36,0,0,16
332,1648,7.01695,414,100,0,0,0,0,0,0,39,0,0,20
333,1700,7.03636,387,100,0,0,0,0,0,0,36,0,0,19
334,1776,7.32692,381,100,0,0,0,0,0,0,29,0,0,23
335,1580,7,399,100,0,0,0,0,0,0,38,0,0,19
336,1444,6.64286,372,100,0,0,0,0,0,0,44,0,0,12
337,1380,6.70909,369,100,0,0,0,0,0,0,42,0,0,13
338,1624,6.68421,381,100,0,0,0,0,0,0,44,0,0,13
339,1736,6.76271,399,100,0,0,0,0,0,0,44,0,0,15
340,1592,6.76364,372,100,0,0,0,0,0,0,41,0,0,14
341,1536,6.92308,360,100,0,0,0,0,0,0,36,0,0,16
342,1760,6.87931,399,100,0,0,0,0,0,0,41,0,0,17
343,1736,7.125,456,100,0,0,0,0,0,0,40,0,0,24
344,1792,7,399,100,0,0,0,0,0,0,38,0,0,19
345,2016,7.05,423,100,0,0,0,0,0,0,39,0,0,21
346,1772,6.91071,387,100,0,0,0,0,0,0,39,0,0,17
347,2376,7.25,435,100,0,0,0,0,0,0,35,0,0,25
348,2440,7.11864,420,100,0,0,0,0,0,0,37,0,0,22
349,1952,7.05882,360,100,0,0,0,0,0,0,33,0,0,18
350,2272,7.03846,366,100,0,0,0,0,0,0,34,0,0,18
351,2600,7.01786,393,100,0,0,0,0,0,0,37,0,0,19
352,2228,7.17857,402,100,0,0,0,0,0,0,34,0,0,22
353,2500,7.08621,411,100,0,0,0,0,0,0,37,0,0,21
354,2520,6.98276,405,100,0,0,0,0,0,0,39,0,0,19
355,2768,7.10526,405,100,0,0,0,0,0,0,36,0,0,21
356,2892,6.84906,363,100,0,0,0,0,0,0,38,0,0,15
357,2400,7,399,100,0,0,0,0,0,0,38,0,0,19
358,2276,7.41509,393,100,0,0,0,0,0,0,28,0,0,25
359,1636,7.07547,375,100,0,0,0,0,0,0,34,0,0,19
360,1532,6.73585,357,100,0,0,0,0,0,0,40,0,0,13
361,1480,6.73585,357,100,0,0,0,0,0,0,40,0,0,13
362,1724,6.85,411,100,0,0,0,0,0,0,43,0,0,17
363,1624,7,378,100,0,0,0,0,0,0,36,0,0,18
364,1532,6.84211,390,100,0,0,0,0,0,0,41,0,0,16
365,2012,7.11111,384,100,0,0,0,0,0,0,34,0,0,20
366,2168,6.96429,390,100,0,0,0,0,0,0,38,0,0,18
367,2040,7,399,100,0,0,0,0,0,0,38,0,0,19
368,2280,7,399,100,0,0,0,0,0,0,38,0,0,19
369,2220,7.25455,399,100,0,0,0,0,0,0,32,0,0,23
370,2376,7.28571,408,100,0,0,0,0,0,0,32,0,0,24
371,1832,7.01786,393,100,0,0,0,0,0,0,37,0,0,19
372,1580,6.79245,360,100,0,0,0,0,0,0,39,0,0,14
373,1444,6.92308,360,100,0,0,0,0,0,0,36,0,0,16
374,1756,7.01613,435,100,0,0,0,0,0,0,41,0,0,21
375,1612,6.92727,381,100,0,0,0,0,0,0,38,0,0,17
376,1828,6.67742,414,100,0,0,0,0,0,0,48,0,0,14
377,1880,6.88525,420,100,0,0,0,0,0,0,43,0,0,18
378,2120,7.01695,414,100,0,0,0,0,0,0,39,0,0,20
379,1676,6.87273,378,100,0,0,0,0,0,0,39,0,0,16
380,1620,6.98276,405,100,0,0,0,0,0,0,39,0,0,19
381,1632,6.88525,420,100,0,0,0,0,0,0,43,0,0,18
382,1528,6.85,411,100,0,0,0,0,0,0,43,0,0,17
383,1640,6.71186,396,100,0,0,0,0,0,0,45,0,0,14
384,1500,6.84211,390,100,0,0,0,0,0,0,41,0,0,16
385,1456,6.94444,375,100,0,0,0,0,0,0,37,0,0,17
386,1604,7.08197,432,100,0,0,0,0,0,0,39,0,0,22
387,1484,6.67241,387,100,0,0,0,0,0,0,45,0,0,13
388,1808,7.22951,441,100,0,0,0,0,0,0,36,0,0,25
389,1652,7.30909,402,100,0,0,0,0,0,0,31,0,0,24
390,1608,6.87273,378,100,0,0,0,0,0,0,39,0,0,16
391,1732,7.05263,402,100,0,0,0,0,0,0,37,0,0,20
392,1628,6.78947,387,100,0,0,0,0,0,0,42,0,0,15
393,1956,7.18966,417,100,0,0,0,0,0,0,35,0,0,23
394,1720,6.96774,432,100,0,0,0,0,0,0,42,0,0,20
395,1568,6.70312,429,100,0,0,0,0,0,0,49,0,0,15
396,1596,6.91071,387,100,0,0,0,0,0,0,39,0,0,17
397,1816,7.03279,429,100,0,0,0,0,0,0,40,0,0,21
398,1776,6.69643,375,100,0,0,0,0,0,0,43,0,0,13
399,1872,7.07143,396,100,0,0,0,0,0,0,36,0,0,20
400,1876,6.96429,390,100,0,0,0,0,0,0,38,0,0,18
401,1932,7.11765,363,100,0,0,0,0,0,0,32,0,0,19
402,1912,7.26,363,100,0,0,0,0,0,0,29,0,0,21
403,1744,6.98182,384,100,0,0,0,0,0,0,37,0,0,18
404,1544,6.79245,360,100,0,0,0,0,0,0,39,0,0,14
405,1668,6.89474,393,100,0,0,0,0,0,0,40,0,0,17
406,1548,6.92727,381,100,0,0,0,0,0,0,38,0,0,17
407,1640,6.89474,393,100,0,0,0,0,0,0,40,0,0,17
408,1636,6.82759,396,100,0,0,0,0,0,0,42,0,0,16
409,1748,6.71186,396,100,0,0,0,0,0,0,45,0,0,14
410,1512,6.56897,381,100,0,0,0,0,0,0,47,0,0,11
411,1780,6.86441,405,100,0,0,0,0,0,0,42,0,0,17
412,1612,6.72414,390,100,0,0,0,0,0,0,44,0,0,14
413,1368,6.69643,375,100,0,0,0,0,0,0,43,0,0,13
414,1416,6.7,402,100,0,0,0,0,0,0,46,0,0,14
415,1640,6.66102,393,100,0,0,0,0,0,0,46,0,0,13
416,1448,6.67925,354,100,0,0,0,0,0,0,41,0,0,12
417,1588,6.73684,384,100,0,0,0,0,0,0,43,0,0,14
418,1712,6.6,363,100,0,0,0,0,0,0,44,0,0,11
419,1588,6.35714,356,100,0,0,0,0,0,0,49,0,1,6
420,1568,6.63158,378,100,0,0,0,0,0,0,45,0,0,12
421,1764,6.65625,426,100,0,0,0,0,0,0,50,0,0,14
422,1700,6.61905,417,100,0,0,0,0,0,0,50,0,0,13
423,1552,6.4918,396,100,0,0,0,0,0,0,51,0,0,10
424,1368,6.55,393,100,0,0,0,0,0,0,49,0,0,11
425,1728,6.7377,411,100,0,0,0,0,0,0,46,0,0,15
426,1608,6.72581,417,100,0,0,0,0,0,0,47,0,0,15
427,1236,6.64286,372,100,0,0,0,0,0,0,44,0,0,12
428,1472,6.65,399,100,0,0,0,0,0,0,47,0,0,13
429,1220,6.77778,366,100,0,0,0,0,0,0,40,0,0,14
430,1136,6.35,381,100,0,0,0,0,0,0,53,0,0,7
431,1084,6.44444,348,100,0,0,0,0,0,0,46,0,0,8
432,1216,6.42105,366,100,0,0,0,0,0,0,49,0,0,8
433,1608,6.47619,408,100,0,0,0,0,0,0,53,0,0,10
434,2036,6.53226,405,100,0,0,0,0,0,0,51,0,0,11
435,2052,6.30508,372,100,0,0,0,0,0,0,53,0,0,6
436,1872,6.2381,393,100,0,0,0,0,0,0,58,0,0,5
437,1744,6.45,387,100,0,0,0,0,0,0,51,0,0,9
438,1624,6.38182,351,100,0,0,0,0,0,0,48,0,0,7
439,1356,6.30508,372,100,0,0,0,0,0,0,53,0,0,6
440,1348,6.25424,369,100,0,0,0,0,0,0,54,0,0,5
441,1392,6.2,372,100,0,0,0,0,0,0,56,0,0,4
442,1364,6.30508,372,100,0,0,0,0,0,0,53,0,0,6
443,1420,6.30508,372,100,0,0,0,0,0,0,53,0,0,6
444,1352,6.33962,336,100,0,0,0,0,0,0,47,0,0,6
445,1612,6.25,375,100,0,0,0,0,0,0,55,0,0,5
446,1832,6.40678,378,100,0,0,0,0,0,0,51,0,0,8
447,1724,6.53571,366,100,0,0,0,0,0,0,46,0,0,10
448,1796,6.57143,414,100,0,0,0,0,0,0,51,0,0,12
449,1488,6.34615,330,100,0,0,0,0,0,0,46,0,0,6
450,1472,6.375,357,100,0,0,0,0,0,0,49,0,0,7
451,1304,6.32143,354,100,0,0,0,0,0,0,50,0,0,6
452,1256,6.42105,366,100,0,0,0,0,0,0,49,0,0,8
453,1228,6.29032,390,100,0,0,0,0,0,0,56,0,0,6
454,1196,6.35593,375,100,0,0,0,0,0,0,52,0,0,7
455,1408,6.52381,411,100,0,0,0,0,0,0,52,0,0,11
456,1140,6.21053,354,100,0,0,0,0,0,0,53,0,0,4
457,1196,6.3,378,100,0,0,0,0,0,0,54,0,0,6
458,1328,6.45763,381,100,0,0,0,0,0,0,50,0,0,9
459,1436,6.40678,378,100,0,0,0,0,0,0,51,0,0,8
460,1500,6.35,381,100,0,0,0,0,0,0,53,0,0,7
461,1448,6.375,357,100,0,0,0,0,0,0,49,0,0,7
462,1476,6.26316,357,100,0,0,0,0,0,0,52,0,0,5
463,1336,6.26316,357,100,0,0,0,0,0,0,52,0,0,5
464,1204,6.27273,345,100,0,0,0,0,0,0,50,0,0,5
465,1364,6.32143,354,100,0,0,0,0,0,0,50,0,0,6
466,1464,6.20339,366,100,0,0,0,0,0,0,55,0,0,4
467,1484,6.05,363,100,0,0,0,0,0,0,59,0,0,1
468,1640,6.32727,348,100,0,0,0,0,0,0,49,0,0,6
469,1600,6.38889,345,100,0,0,0,0,0,0,47,0,0,7
470,1688,6.2069,360,100,0,0,0,0,0,0,54,0,0,4
471,1528,6.39623,339,100,0,0,0,0,0,0,46,0,0,7
472,1820,6.31034,366,100,0,0,0,0,0,0,52,0,0,6
473,1828,6.30508,372,100,0,0,0,0,0,0,53,0,0,6
474,1748,6.25424,369,100,0,0,0,0,0,0,54,0,0,5
475,1840,6.15517,357,100,0,0,0,0,0,0,55,0,0,3
476,1500,6.15,369,100,0,0,0,0,0,0,57,0,0,3
477,1304,6.05,363,100,0,0,0,0,0,0,59,0,0,1
478,1496,6.16364,339,100,0,0,0,0,0,0,52,0,0,3
479,1708,6.15,369,100,0,0,0,0,0,0,57,0,0,3
480,1852,6.09836,372,100,0,0,0,0,0,0,59,0,0,2
481,1600,6.05085,357,100,0,0,0,0,0,0,58,0,0,1
482,1524,6.04918,369,100,0,0,0,0,0,0,60,0,0,1
483,1364,6.1,366,100,0,0,0,0,0,0,58,0,0,2
484,1268,6.20339,366,100,0,0,0,0,0,0,55,0,0,4
485,1364,6.10714,342,100,0,0,0,0,0,0,54,0,0,2
486,1464,6.05172,351,100,0,0,0,0,0,0,57,0,0,1
487,1460,6.05263,345,100,0,0,0,0,0,0,56,0,0,1
488,1656,6.16981,327,100,0,0,0,0,0,0,50,0,0,3
489,1656,6.16071,345,100,0,0,0,0,0,0,53,0,0,3
490,2048,6.21818,342,100,0,0,0,0,0,0,51,0,0,4
491,1732,6.10909,336,100,0,0,0,0,0,0,53,0,0,2
492,1276,6.22222,336,100,0,0,0,0,0,0,50,0,0,4
493,1096,6.27778,339,100,0,0,0,0,0,0,49,0,0,5
494,1152,6.10909,336,100,0,0,0,0,0,0,53,0,0,2
495,1176,6.10169,360,100,0,0,0,0,0,0,57,0,0,2
496,1156,6.15517,357,100,0,0,0,0,0,0,55,0,0,3
497,1164,6.16981,327,100,0,0,0,0,0,0,50,0,0,3
498,1116,6.2069,360,100,0,0,0,0,0,0,54,0,0,4
499,1004,6.15,369,100,0,0,0,0,0,0,57,0,0,3
500,1088,6.09677,378,100,0,0,0,0,0,0,60,0,0,2
501,1136,6.09231,396,100,0,0,0,0,0,0,63,0,0,2
502,1264,6.09231,396,100,0,0,0,0,0,0,63,0,0,2
503,1044,6.09375,390,100,0,0,0,0,0,0,62,0,0,2
504,984,6.11321,324,100,0,0,0,0,0,0,51,0,0,2
505,900,6.10169,360,100,0,0,0,0,0,0,57,0,0,2
506,952,6.28846,327,100,0,0,0,0,0,0,47,0,0,5
507,1168,6.25862,363,100,0,0,0,0,0,0,53,0,0,5
508,1084,6.15517,357,100,0,0,0,0,0,0,55,0,0,3
509,1148,6.14754,375,100,0,0,0,0,0,0,58,0,0,3
510,1216,6.09375,390,100,0,0,0,0,0,0,62,0,0,2
511,972,6.16071,345,100,0,0,0,0,0,0,53,0,0,3
512,880,6.05263,345,100,0,0,0,0,0,0,56,0,0,1
513,1008,6.10345,354,100,0,0,0,0,0,0,56,0,0,2
514,1024,6,360,100,0,0,0,0,0,0,60,0,0,0
515,824,6,348,100,0,0,0,0,0,0,58,0,0,0
516,872,6,354,100,0,0,0,0,0,0,59,0,0,0
517,920,6,372,100,0,0,0,0,0,0,62,0,0,0
518,1028,6.04688,387,100,0,0,0,0,0,0,63,0,0,1
519,884,6.05172,351,100,0,0,0,0,0,0,57,0,0,1
520,888,6.04918,369,100,0,0,0,0,0,0,60,0,0,1
521,864,6.05357,339,100,0,0,0,0,0,0,55,0,0,1
522,984,6.05,363,100,0,0,0,0,0,0,59,0,0,1
523,1020,6.05,363,100,0,0,0,0,0,0,59,0,0,1
524,1056,6,336,100,0,0,0,0,0,0,56,0,0,0
525,1172,6.04839,375,100,0,0,0,0,0,0,61,0,0,1
526,1004,6,360,100,0,0,0,0,0,0,60,0,0,0
527,1116,6.04918,369,100,0,0,0,0,0,0,60,0,0,1
528,1080,6,360,100,0,0,0,0,0,0,60,0,0,0
529,1040,6,348,100,0,0,0,0,0,0,58,0,0,0
530,1076,6.04918,369,100,0,0,0,0,0,0,60,0,0,1
531,1004,6.05172,351,100,0,0,0,0,0,0,57,0,0,1
532,1116,6,354,100,0,0,0,0,0,0,59,0,0,0
533,1300,6.04918,369,100,0,0,0,0,0,0,60,0,0,1
534,1260,6.10169,360,100,0,0,0,0,0,0,57,0,0,2
535,1096,6.15517,357,100,0,0,0,0,0,0,55,0,0,3
536,1160,6.16071,345,100,0,0,0,0,0,0,53,0,0,3
537,1008,6.08621,353,100,0,0,0,0,0,0,56,0,1,1
538,1200,6.08772,347,100,0,0,0,0,0,0,55,0,1,1
539,1060,6.05556,327,100,0,0,0,0,0,0,53,0,0,1
540,1212,6.04918,369,100,0,0,0,0,0,0,60,0,0,1
541,888,6.05172,351,100,0,0,0,0,0,0,57,0,0,1
542,1016,6,378,100,0,0,0,0,0,0,63,0,0,0
543,1020,6.10526,348,100,0,0,0,0,0,0,55,0,0,2
544,1200,6.1,366,100,0,0,0,0,0,0,58,0,0,2
545,1300,6,342,100,0,0,0,0,0,0,57,0,0,0
546,1340,6.10714,342,100,0,0,0,0,0,0,54,0,0,2
547,1648,6,360,100,0,0,0,0,0,0,60,0,0,0
548,1632,6,318,100,0,0,0,0,0,0,53,0,0,0
549,1760,6.10714,342,100,0,0,0,0,0,0,54,0,0,2
550,1720,6.15517,357,100,0,0,0,0,0,0,55,0,0,3
551,1732,6.09677,378,100,0,0,0,0,0,0,60,0,0,2
552,1736,6.14516,381,100,0,0,0,0,0,0,59,0,0,3
553,1480,6.30508,372,100,0,0,0,0,0,0,53,0,0,6
554,1676,6.44444,348,100,0,0,0,0,0,0,46,0,0,8
555,1252,6.48214,363,100,0,0,0,0,0,0,47,0,0,9
556,1356,6.3871,396,100,0,0,0,0,0,0,54,0,0,8
557,1488,6.58929,369,100,0,0,0,0,0,0,45,0,0,11
558,1600,6.30508,372,100,0,0,0,0,0,0,53,0,0,6
559,1608,6.32727,348,100,0,0,0,0,0,0,49,0,0,6
560,1544,6.43636,354,100,0,0,0,0,0,0,47,0,0,8
561,1456,6.43636,354,100,0,0,0,0,0,0,47,0,0,8
562,1524,6.2459,381,100,0,0,0,0,0,0,56,0,0,5
563,1676,6.2,372,100,0,0,0,0,0,0,56,0,0,4
564,1772,6.15,369,100,0,0,0,0,0,0,57,0,0,3
565,1724,6.16071,345,100,0,0,0,0,0,0,53,0,0,3
566,1364,6.22222,336,100,0,0,0,0,0,0,50,0,0,4
567,1152,6.05455,333,100,0,0,0,0,0,0,54,0,0,1
568,1304,6.2,372,100,0,0,0,0,0,0,56,0,0,4
569,1304,6.15517,357,100,0,0,0,0,0,0,55,0,0,3
570,1272,6.14286,387,100,0,0,0,0,0,0,60,0,0,3
571,1188,6.19048,390,100,0,0,0,0,0,0,59,0,0,4
572,1312,6.13846,399,100,0,0,0,0,0,0,62,0,0,3
573,1456,6.22388,417,100,0,0,0,0,0,0,62,0,0,5
574,1440,6.1875,396,100,0,0,0,0,0,0,60,0,0,4
575,1736,6.05,363,100,0,0,0,0,0,0,59,0,0,1
576,1976,6.04762,381,100,0,0,0,0,0,0,62,0,0,1
577,1880,6.04762,381,100,0,0,0,0,0,0,62,0,0,1
578,1560,6.04918,369,100,0,0,0,0,0,0,60,0,0,1
579,1000,6.05,363,100,0,0,0,0,0,0,59,0,0,1
580,1428,6.14754,375,100,0,0,0,0,0,0,58,0,0,3
581,1428,6.14286,387,100,0,0,0,0,0,0,60,0,0,3
582,1156,6.10526,348,100,0,0,0,0,0,0,55,0,0,2
583,1464,6.04762,381,100,0,0,0,0,0,0,62,0,0,1
584,1448,6.16071,345,100,0,0,0,0,0,0,53,0,0,3
585,1384,6.15789,351,100,0,0,0,0,0,0,54,0,0,3
586,1556,6.19672,378,100,0,0,0,0,0,0,57,0,0,4
587,1468,6.15,369,100,0,0,0,0,0,0,57,0,0,3
588,1452,6.36842,363,100,0,0,0,0,0,0,50,0,0,7
589,1612,6.38889,345,100,0,0,0,0,0,0,47,0,0,7
590,1748,6.45763,381,100,0,0,0,0,0,0,50,0,0,9
591,1768,6.2069,360,100,0,0,0,0,0,0,54,0,0,4
592,1792,6.30508,372,100,0,0,0,0,0,0,53,0,0,6
593,2232,6.6,396,100,0,0,0,0,0,0,48,0,0,12
594,1956,6.40678,378,100,0,0,0,0,0,0,51,0,0,8
595,1884,6.3871,396,100,0,0,0,0,0,0,54,0,0,8
596,1540,6.5,390,100,0,0,0,0,0,0,50,0,0,10
597,1576,6.55,393,100,0,0,0,0,0,0,49,0,0,11
598,1944,6.53226,405,100,0,0,0,0,0,0,51,0,0,11
599,2132,6.53571,366,100,0,0,0,0,0,0,46,0,0,10
600,2244,6.55932,387,100,0,0,0,0,0,0,48,0,0,11
601,1756,6.6,363,100,0,0,0,0,0,0,44,0,0,11
602,1784,6.62069,384,100,0,0,0,0,0,0,46,0,0,12
603,1876,6.77586,393,100,0,0,0,0,0,0,43,0,0,15
604,1656,6.77586,393,100,0,0,0,0,0,0,43,0,0,15
605,1776,6.82759,396,100,0,0,0,0,0,0,42,0,0,16
606,1300,6.76364,372,100,0,0,0,0,0,0,41,0,0,14
607,1288,6.63158,378,100,0,0,0,0,0,0,45,0,0,12
608,1500,6.73684,384,100,0,0,0,0,0,0,43,0,0,14
609,1644,7.01786,393,100,0,0,0,0,0,0,37,0,0,19
610,1368,6.82353,348,100,0,0,0,0,0,0,37,0,0,14
611,1660,6.68421,381,100,0,0,0,0,0,0,44,0,0,13
612,1544,6.71186,396,100,0,0,0,0,0,0,45,0,0,14
613,1184,6.5,390,100,0,0,0,0,0,0,50,0,0,10
614,1392,6.84906,363,100,0,0,0,0,0,0,38,0,0,15
615,1440,6.84615,356,100,0,0,0,0,0,0,37,0,1,14
616,1684,6.89831,407,100,0,0,0,0,0,0,41,0,1,17
617,1524,6.72222,363,100,0,0,0,0,0,0,41,0,0,13
618,1764,6.68421,381,100,0,0,0,0,0,0,44,0,0,13
619,1888,6.78947,387,100,0,0,0,0,0,0,42,0,0,15
620,1852,6.89474,393,100,0,0,0,0,0,0,40,0,0,17
621,1792,6.96226,369,100,0,0,0,0,0,0,36,0,0,17
622,1684,6.84211,390,100,0,0,0,0,0,0,41,0,0,16
623,1812,7.03448,408,100,0,0,0,0,0,0,38,0,0,20
624,1892,7,399,100,0,0,0,0,0,0,38,0,0,19
625,1540,6.91935,429,100,0,0,0,0,0,0,43,0,0,19
626,1588,6.75,405,100,0,0,0,0,0,0,45,0,0,15
627,1384,6.83607,417,100,0,0,0,0,0,0,44,0,0,17
628,1228,6.57895,375,100,0,0,0,0,0,0,46,0,0,11
629,1480,6.55,393,100,0,0,0,0,0,0,49,0,0,11
630,1456,6.54098,399,100,0,0,0,0,0,0,50,0,0,11
631,1492,6.57143,414,100,0,0,0,0,0,0,51,0,0,12
632,1476,6.54688,419,100,0,0,0,0,0,0,52,0,1,11
633,1628,6.63158,378,100,0,0,0,0,0,0,45,0,0,12
634,1788,6.43548,399,100,0,0,0,0,0,0,53,0,0,9
635,1748,6.55932,387,100,0,0,0,0,0,0,48,0,0,11
636,1792,6.63934,405,100,0,0,0,0,0,0,48,0,0,13
637,1564,6.68421,381,100,0,0,0,0,0,0,44,0,0,13
638,1372,6.72414,390,100,0,0,0,0,0,0,44,0,0,14
639,1776,6.66667,420,100,0,0,0,0,0,0,49,0,0,14
640,1376,6.65,399,100,0,0,0,0,0,0,47,0,0,13
641,1156,6.41379,372,100,0,0,0,0,0,0,50,0,0,8
642,1328,6.75,378,100,0,0,0,0,0,0,42,0,0,14
643,1532,6.63934,405,100,0,0,0,0,0,0,48,0,0,13
644,1468,6.64286,372,100,0,0,0,0,0,0,44,0,0,12
645,1440,6.49091,357,100,0,0,0,0,0,0,46,0,0,9
646,1244,6.42105,366,100,0,0,0,0,0,0,49,0,0,8
647,1352,6.57895,375,100,0,0,0,0,0,0,46,0,0,11
648,1240,6.55932,387,100,0,0,0,0,0,0,48,0,0,11
649,1388,6.64286,372,100,0,0,0,0,0,0,44,0,0,12
650,1304,6.6,396,100,0,0,0,0,0,0,48,0,0,12
651,1452,6.57895,375,100,0,0,0,0,0,0,46,0,0,11
652,1460,6.63158,378,100,0,0,0,0,0,0,45,0,0,12
653,1584,6.68421,381,100,0,0,0,0,0,0,44,0,0,13
654,1712,6.55,393,100,0,0,0,0,0,0,49,0,0,11
655,1492,6.31579,360,100,0,0,0,0,0,0,51,0,0,6
656,1764,6.52632,372,100,0,0,0,0,0,0,47,0,0,10
657,1892,6.51724,378,100,0,0,0,0,0,0,48,0,0,10
658,1756,6.48214,363,100,0,0,0,0,0,0,47,0,0,9
659,2160,6.56897,381,100,0,0,0,0,0,0,47,0,0,11
660,1788,6.45283,342,100,0,0,0,0,0,0,45,0,0,8
661,1552,6.42105,366,100,0,0,0,0,0,0,49,0,0,8
662,1400,6.25424,369,100,0,0,0,0,0,0,54,0,0,5
663,1676,6.5,390,100,0,0,0,0,0,0,50,0,0,10
664,1540,6.45763,381,100,0,0,0,0,0,0,50,0,0,9
665,1528,6.33871,393,100,0,0,0,0,0,0,55,0,0,7
666,1372,6.375,357,100,0,0,0,0,0,0,49,0,0,7
667,1452,6.39344,390,100,0,0,0,0,0,0,53,0,0,8
668,1548,6.50847,384,100,0,0,0,0,0,0,49,0,0,10
669,1688,6.4918,396,100,0,0,0,0,0,0,51,0,0,10
670,1376,6.45,387,100,0,0,0,0,0,0,51,0,0,9
671,1344,6.25,375,100,0,0,0,0,0,0,55,0,0,5
672,1588,6.42857,360,100,0,0,0,0,0,0,48,0,0,8
673,1456,6.36207,369,100,0,0,0,0,0,0,51,0,0,7
674,1492,6.49091,357,100,0,0,0,0,0,0,46,0,0,9
675,1720,6.25862,363,100,0,0,0,0,0,0,53,0,0,5
676,1796,6.46552,375,100,0,0,0,0,0,0,49,0,0,9
677,1400,6.63158,378,100,0,0,0,0,0,0,45,0,0,12
678,1540,6.41379,372,100,0,0,0,0,0,0,50,0,0,8
679,1680,6.55,393,100,0,0,0,0,0,0,49,0,0,11
680,1500,6.42105,366,100,0,0,0,0,0,0,49,0,0,8
681,1376,6.25862,363,100,0,0,0,0,0,0,53,0,0,5
682,1812,6.33871,393,100,0,0,0,0,0,0,55,0,0,7
683,2084,6.4918,396,100,0,0,0,0,0,0,51,0,0,10
684,1776,6.43548,399,100,0,0,0,0,0,0,53,0,0,9
685,1572,6.49091,357,100,0,0,0,0,0,0,46,0,0,9
686,1960,6.2069,360,100,0,0,0,0,0,0,54,0,0,4
687,1856,6.46154,336,100,0,0,0,0,0,0,44,0,0,8
688,1836,6.38889,345,100,0,0,0,0,0,0,47,0,0,7
689,1768,6.32727,348,100,0,0,0,0,0,0,49,0,0,6
690,1988,6.42,321,100,0,0,0,0,0,0,43,0,0,7
691,2088,6.23529,318,100,0,0,0,0,0,0,47,0,0,4
692,1900,6.26316,357,100,0,0,0,0,0,0,52,0,0,5
693,1704,6.16667,333,100,0,0,0,0,0,0,51,0,0,3
694,1380,6.26786,351,100,0,0,0,0,0,0,51,0,0,5
695,1280,6.15789,351,100,0,0,0,0,0,0,54,0,0,3
696,1632,6.15254,363,100,0,0,0,0,0,0,56,0,0,3
697,1496,6.16364,339,100,0,0,0,0,0,0,52,0,0,3
698,1620,6.20339,366,100,0,0,0,0,0,0,55,0,0,4
699,1268,6.15254,363,100,0,0,0,0,0,0,56,0,0,3
700,1656,6.35,381,100,0,0,0,0,0,0,53,0,0,7
701,1628,6.20339,366,100,0,0,0,0,0,0,55,0,0,4
702,1776,6.19672,378,100,0,0,0,0,0,0,57,0,0,4
703,1524,6.2,372,100,0,0,0,0,0,0,56,0,0,4
704,1252,6.19672,378,100,0,0,0,0,0,0,57,0,0,4
705,1224,6.22581,386,100,0,0,0,0,0,0,57,0,1,4
706,1452,6.22059,423,100,0,0,0,0,0,0,63,0,0,5
707,1444,6.26471,426,100,0,0,0,0,0,0,62,0,0,6
708,1380,6.15,369,100,0,0,0,0,0,0,57,0,0,3
709,1384,6.19672,378,100,0,0,0,0,0,0,57,0,0,4
710,1688,6.19048,390,100,0,0,0,0,0,0,59,0,0,4
711,1936,6.31343,423,100,0,0,0,0,0,0,60,0,0,7
712,1660,6.33333,399,100,0,0,0,0,0,0,56,0,0,7
713,1580,6.33871,393,100,0,0,0,0,0,0,55,0,0,7
714,1424,6.33871,393,100,0,0,0,0,0,0,55,0,0,7
715,1408,6.25,375,100,0,0,0,0,0,0,55,0,0,5
716,1444,6.26316,357,100,0,0,0,0,0,0,52,0,0,5
717,1488,6.29412,321,100,0,0,0,0,0,0,46,0,0,5
718,1760,6.21053,354,100,0,0,0,0,0,0,53,0,0,4
719,1784,6.17308,321,100,0,0,0,0,0,0,49,0,0,3
720,1424,6.11538,318,100,0,0,0,0,0,0,50,0,0,2
721,1576,6.28846,327,100,0,0,0,0,0,0,47,0,0,5
722,1540,6.10526,348,100,0,0,0,0,0,0,55,0,0,2
723,1536,6.10345,354,100,0,0,0,0,0,0,56,0,0,2
724,1660,6.15,369,100,0,0,0,0,0,0,57,0,0,3
725,1684,6.25424,369,100,0,0,0,0,0,0,54,0,0,5
726,1372,6.21429,348,100,0,0,0,0,0,0,52,0,0,4
727,1380,6.14754,375,100,0,0,0,0,0,0,58,0,0,3
728,1472,6.21429,348,100,0,0,0,0,0,0,52,0,0,4
729,1116,6.05769,315,100,0,0,0,0,0,0,51,0,0,1
730,1300,6.19355,384,100,0,0,0,0,0,0,58,0,0,4
731,1196,6.29508,384,100,0,0,0,0,0,0,55,0,0,6
732,1076,6.09524,384,100,0,0,0,0,0,0,61,0,0,2
733,1176,6.14754,375,100,0,0,0,0,0,0,58,0,0,3
734,996,6.09375,390,100,0,0,0,0,0,0,62,0,0,2
735,932,6.04688,387,100,0,0,0,0,0,0,63,0,0,1
736,1004,6.09524,384,100,0,0,0,0,0,0,61,0,0,2
737,1032,6.04762,381,100,0,0,0,0,0,0,62,0,0,1
738,1144,6.2,372,100,0,0,0,0,0,0,56,0,0,4
739,1172,6.04839,375,100,0,0,0,0,0,0,61,0,0,1
740,980,6.10169,360,100,0,0,0,0,0,0,57,0,0,2
741,1068,6.09677,378,100,0,0,0,0,0,0,60,0,0,2
742,1032,6,354,100,0,0,0,0,0,0,59,0,0,0
743,924,6.05,363,100,0,0,0,0,0,0,59,0,0,1
744,992,6.1,366,100,0,0,0,0,0,0,58,0,0,2
745,864,6.04918,369,100,0,0,0,0,0,0,60,0,0,1
746,968,6.09375,390,100,0,0,0,0,0,0,62,0,0,2
747,976,6.04688,387,100,0,0,0,0,0,0,63,0,0,1
748,980,6.14286,387,100,0,0,0,0,0,0,60,0,0,3
749,1076,6.09375,390,100,0,0,0,0,0,0,62,0,0,2
750,1068,6.13846,399,100,0,0,0,0,0,0,62,0,0,3
751,1092,6.14516,381,100,0,0,0,0,0,0,59,0,0,3
752,1220,6.09375,390,100,0,0,0,0,0,0,62,0,0,2
753,1108,6.04839,375,100,0,0,0,0,0,0,61,0,0,1
754,1232,6,384,100,0,0,0,0,0,0,64,0,0,0
755,1316,6,384,100,0,0,0,0,0,0,64,0,0,0
756,1124,6,342,100,0,0,0,0,0,0,57,0,0,0
757,1080,6.05357,339,100,0,0,0,0,0,0,55,0,0,1
758,1084,6.10909,336,100,0,0,0,0,0,0,53,0,0,2
759,1196,6.10714,342,100,0,0,0,0,0,0,54,0,0,2
760,1228,6.10169,360,100,0,0,0,0,0,0,57,0,0,2
761,1176,6.04839,375,100,0,0,0,0,0,0,61,0,0,1
762,1304,6.15254,363,100,0,0,0,0,0,0,56,0,0,3
763,1100,6.16071,345,100,0,0,0,0,0,0,53,0,0,3
764,1368,6.13846,399,100,0,0,0,0,0,0,62,0,0,3
765,1176,6.14286,387,100,0,0,0,0,0,0,60,0,0,3
766,972,6.05455,333,100,0,0,0,0,0,0,54,0,0,1
767,1048,6,336,100,0,0,0,0,0,0,56,0,0,0
768,1100,6.0566,321,100,0,0,0,0,0,0,52,0,0,1
769,1440,6.19048,390,100,0,0,0,0,0,0,59,0,0,4
770,1096,6.15254,363,100,0,0,0,0,0,0,56,0,0,3
771,1280,6.14754,375,100,0,0,0,0,0,0,58,0,0,3
772,1024,6.10714,342,100,0,0,0,0,0,0,54,0,0,2
773,1036,6.10714,342,100,0,0,0,0,0,0,54,0,0,2
774,1296,6.13846,399,100,0,0,0,0,0,0,62,0,0,3
775,1120,6.05263,345,100,0,0,0,0,0,0,56,0,0,1
776,1144,6.2069,360,100,0,0,0,0,0,0,54,0,0,4
777,1332,6.28846,327,100,0,0,0,0,0,0,47,0,0,5
778,1340,6.31034,366,100,0,0,0,0,0,0,52,0,0,6
779,1332,6.31579,360,100,0,0,0,0,0,0,51,0,0,6
780,1616,6.25424,369,100,0,0,0,0,0,0,54,0,0,5
781,1332,6.32143,354,100,0,0,0,0,0,0,50,0,0,6
782,1488,6.09836,372,100,0,0,0,0,0,0,59,0,0,2
783,1304,6.21818,342,100,0,0,0,0,0,0,51,0,0,4
784,896,6.10169,360,100,0,0,0,0,0,0,57,0,0,2
785,1068,6.04918,369,100,0,0,0,0,0,0,60,0,0,1
786,1140,6.1,366,100,0,0,0,0,0,0,58,0,0,2
787,1420,6.09836,372,100,0,0,0,0,0,0,59,0,0,2
788,1388,6.21429,348,100,0,0,0,0,0,0,52,0,0,4
789,1156,6.1,366,100,0,0,0,0,0,0,58,0,0,2
790,1272,6.25862,363,100,0,0,0,0,0,0,53,0,0,5
791,1244,6.15,369,100,0,0,0,0,0,0,57,0,0,3
792,1008,6.1,366,100,0,0,0,0,0,0,58,0,0,2
793,836,6.05263,345,100,0,0,0,0,0,0,56,0,0,1
794,948,6,378,100,0,0,0,0,0,0,63,0,0,0
795,868,6.05172,351,100,0,0,0,0,0,0,57,0,0,1
796,1024,6.19355,384,100,0,0,0,0,0,0,58,0,0,4
797,1068,6.13846,399,100,0,0,0,0,0,0,62,0,0,3
798,980,6.05085,357,100,0,0,0,0,0,0,58,0,0,1
799,1156,6.09231,396,100,0,0,0,0,0,0,63,0,0,2
800,944,6.05172,351,100,0,0,0,0,0,0,57,0,0,1
801,936,6.10169,360,100,0,0,0,0,0,0,57,0,0,2
802,1380,6.13235,417,100,0,0,0,0,0,0,65,0,0,3
803,1364,6.19048,390,100,0,0,0,0,0,0,59,0,0,4
804,1168,6.19048,390,100,0,0,0,0,0,0,59,0,0,4
805,1196,6.09836,372,100,0,0,0,0,0,0,59,0,0,2
806,1188,6.05,363,100,0,0,0,0,0,0,59,0,0,1
807,992,6,324,100,0,0,0,0,0,0,54,0,0,0
808,1108,6.0566,321,100,0,0,0,0,0,0,52,0,0,1
809,1092,6,348,100,0,0,0,0,0,0,58,0,0,0
810,1104,6.05263,345,100,0,0,0,0,0,0,56,0,0,1
811,1220,6,354,100,0,0,0,0,0,0,59,0,0,0
812,1220,6,330,100,0,0,0,0,0,0,55,0,0,0
813,1236,6,318,100,0,0,0,0,0,0,53,0,0,0
814,992,6,354,100,0,0,0,0,0,0,59,0,0,0
815,800,6,318,100,0,0,0,0,0,0,53,0,0,0
816,952,6.05172,351,100,0,0,0,0,0,0,57,0,0,1
817,892,6,330,100,0,0,0,0,0,0,55,0,0,0
818,1000,6,366,100,0,0,0,0,0,0,61,0,0,0
819,1048,6,372,100,0,0,0,0,0,0,62,0,0,0
820,1008,6.05,363,100,0,0,0,0,0,0,59,0,0,1
821,1024,6.04762,381,100,0,0,0,0,0,0,62,0,0,1
822,1016,6,360,100,0,0,0,0,0,0,60,0,0,0
823,1164,6.10909,336,100,0,0,0,0,0,0,53,0,0,2
824,1256,6.05357,339,100,0,0,0,0,0,0,55,0,0,1
825,1132,6.05172,351,100,0,0,0,0,0,0,57,0,0,1
826,1224,6.14754,375,100,0,0,0,0,0,0,58,0,0,3
827,1140,6.15,369,100,0,0,0,0,0,0,57,0,0,3
828,1160,6.09524,384,100,0,0,0,0,0,0,61,0,0,2
829,1536,6.18182,408,100,0,0,0,0,0,0,62,0,0,4
830,1400,6.2459,381,100,0,0,0,0,0,0,56,0,0,5
831,1604,6.33333,399,100,0,0,0,0,0,0,56,0,0,7
832,1672,6.38182,351,100,0,0,0,0,0,0,48,0,0,7
833,1428,6.30508,372,100,0,0,0,0,0,0,53,0,0,6
834,1540,6.35593,375,100,0,0,0,0,0,0,52,0,0,7
835,1340,6.16667,333,100,0,0,0,0,0,0,51,0,0,3
836,1440,6.21429,348,100,0,0,0,0,0,0,52,0,0,4
837,1396,6.21818,342,100,0,0,0,0,0,0,51,0,0,4
838,1664,6.47368,369,100,0,0,0,0,0,0,48,0,0,9
839,1524,6.26786,351,100,0,0,0,0,0,0,51,0,0,5
840,1432,6.28571,396,100,0,0,0,0,0,0,57,0,0,6
841,1212,6.19048,390,100,0,0,0,0,0,0,59,0,0,4
842,1400,6.30882,429,100,0,0,0,0,0,0,61,0,0,7
843,1176,6.33333,399,100,0,0,0,0,0,0,56,0,0,7
844,1144,6.22388,417,100,0,0,0,0,0,0,62,0,0,5
845,1312,6.26866,420,100,0,0,0,0,0,0,61,0,0,6
846,1280,6.32812,405,100,0,0,0,0,0,0,57,0,0,7
847,1152,6.32812,405,100,0,0,0,0,0,0,57,0,0,7
848,1088,6.36842,363,100,0,0,0,0,0,0,50,0,0,7
849,1136,6.41379,372,100,0,0,0,0,0,0,50,0,0,8
850,1072,6.25424,369,100,0,0,0,0,0,0,54,0,0,5
851,1068,6.19672,378,100,0,0,0,0,0,0,57,0,0,4
852,948,6.20339,366,100,0,0,0,0,0,0,55,0,0,4
853,1084,6.23438,399,100,0,0,0,0,0,0,59,0,0,5
854,988,6.04762,381,100,0,0,0,0,0,0,62,0,0,1
855,1144,6.09836,372,100,0,0,0,0,0,0,59,0,0,2
856,1304,6.13846,399,100,0,0,0,0,0,0,62,0,0,3
857,1204,6.2,372,100,0,0,0,0,0,0,56,0,0,4
858,1220,6.14062,393,100,0,0,0,0,0,0,61,0,0,3
859,952,6.1,366,100,0,0,0,0,0,0,58,0,0,2
860,844,6.05085,357,100,0,0,0,0,0,0,58,0,0,1
861,956,6.25,375,100,0,0,0,0,0,0,55,0,0,5
862,884,6.05,363,100,0,0,0,0,0,0,59,0,0,1
863,916,6.09677,378,100,0,0,0,0,0,0,60,0,0,2
864,1072,6.14062,393,100,0,0,0,0,0,0,61,0,0,3
865,988,6.05,363,100,0,0,0,0,0,0,59,0,0,1
866,1016,6.09836,372,100,0,0,0,0,0,0,59,0,0,2
867,1060,6.05,363,100,0,0,0,0,0,0,59,0,0,1
868,1012,6,372,100,0,0,0,0,0,0,62,0,0,0
869,1088,6.09524,384,100,0,0,0,0,0,0,61,0,0,2
870,1252,6.09375,390,100,0,0,0,0,0,0,62,0,0,2
871,964,6.04762,381,100,0,0,0,0,0,0,62,0,0,1
872,1112,6.04762,381,100,0,0,0,0,0,0,62,0,0,1
873,1156,6.09677,378,100,0,0,0,0,0,0,60,0,0,2
874,1036,6.04762,381,100,0,0,0,0,0,0,62,0,0,1
875,1056,6.14516,381,100,0,0,0,0,0,0,59,0,0,3
876,1184,6.1875,396,100,0,0,0,0,0,0,60,0,0,4
877,1148,6.3871,396,100,0,0,0,0,0,0,54,0,0,8
878,1196,6.19048,390,100,0,0,0,0,0,0,59,0,0,4
879,920,6.2,372,100,0,0,0,0,0,0,56,0,0,4
880,1056,6.1875,396,100,0,0,0,0,0,0,60,0,0,4
881,1136,6.15789,351,100,0,0,0,0,0,0,54,0,0,3
882,1192,6.10169,360,100,0,0,0,0,0,0,57,0,0,2
883,1176,6.09524,384,100,0,0,0,0,0,0,61,0,0,2
884,1296,6.1,366,100,0,0,0,0,0,0,58,0,0,2
885,1228,6.09836,372,100,0,0,0,0,0,0,59,0,0,2
886,1284,6.09677,378,100,0,0,0,0,0,0,60,0,0,2
887,1100,6.09677,378,100,0,0,0,0,0,0,60,0,0,2
888,1092,6.04839,375,100,0,0,0,0,0,0,61,0,0,1
889,1100,6.04615,393,100,0,0,0,0,0,0,64,0,0,1
890,988,6.08197,371,100,0,0,0,0,0,0,59,0,1,1
891,968,6.04688,387,100,0,0,0,0,0,0,63,0,0,1
892,924,6.10169,360,100,0,0,0,0,0,0,57,0,0,2
893,992,6.10345,354,100,0,0,0,0,0,0,56,0,0,2
894,1076,6.04839,375,100,0,0,0,0,0,0,61,0,0,1
895,1132,6,372,100,0,0,0,0,0,0,62,0,0,0
896,1104,6.03333,362,100,0,0,0,0,0,0,59,0,1,0
897,1232,6,372,100,0,0,0,0,0,0,62,0,0,0
898,1068,6.05556,327,100,0,0,0,0,0,0,53,0,0,1
899,1188,6.2069,360,100,0,0,0,0,0,0,54,0,0,4
900,1036,6.14754,375,100,0,0,0,0,0,0,58,0,0,3
901,1032,6.09677,378,100,0,0,0,0,0,0,60,0,0,2
902,1032,6.1,366,100,0,0,0,0,0,0,58,0,0,2
903,988,6,360,100,0,0,0,0,0,0,60,0,0,0
904,1060,6.03175,380,100,0,0,0,0,0,0,62,0,1,0
905,1088,6,366,100,0,0,0,0,0,0,61,0,0,0
906,1160,6,348,100,0,0,0,0,0,0,58,0,0,0
907,1108,6.10909,336,100,0,0,0,0,0,0,53,0,0,2
908,1136,6.05357,339,100,0,0,0,0,0,0,55,0,0,1
909,1332,6.15,369,100,0,0,0,0,0,0,57,0,0,3
910,1340,6.27273,345,100,0,0,0,0,0,0,50,0,0,5
911,1172,6.15254,363,100,0,0,0,0,0,0,56,0,0,3
912,912,6.05882,309,100,0,0,0,0,0,0,50,0,0,1
913,1004,6.05085,357,100,0,0,0,0,0,0,58,0,0,1
914,912,6.11538,318,100,0,0,0,0,0,0,50,0,0,2
915,964,6,342,100,0,0,0,0,0,0,57,0,0,0
916,1048,6.04918,369,100,0,0,0,0,0,0,60,0,0,1
917,1000,6.1,366,100,0,0,0,0,0,0,58,0,0,2
918,1084,6.08955,408,100,0,0,0,0,0,0,65,0,0,2
919,1080,6.09836,372,100,0,0,0,0,0,0,59,0,0,2
920,1072,6.10345,354,100,0,0,0,0,0,0,56,0,0,2
921,980,6.21818,342,100,0,0,0,0,0,0,51,0,0,4
922,1236,6.19355,384,100,0,0,0,0,0,0,58,0,0,4
923,1224,6.23438,399,100,0,0,0,0,0,0,59,0,0,5
924,908,6,366,100,0,0,0,0,0,0,61,0,0,0
925,1084,6.19048,390,100,0,0,0,0,0,0,59,0,0,4
926,1016,6.2,372,100,0,0,0,0,0,0,56,0,0,4
927,1104,6.2069,360,100,0,0,0,0,0,0,54,0,0,4
928,1212,6.31579,360,100,0,0,0,0,0,0,51,0,0,6
929,984,6.15789,351,100,0,0,0,0,0,0,54,0,0,3
930,1036,6.15517,357,100,0,0,0,0,0,0,55,0,0,3
931,1184,6.15789,351,100,0,0,0,0,0,0,54,0,0,3
932,1312,6.2069,360,100,0,0,0,0,0,0,54,0,0,4
933,1264,6.38182,351,100,0,0,0,0,0,0,48,0,0,7
934,1404,6.41379,372,100,0,0,0,0,0,0,50,0,0,8
935,1288,6.16667,333,100,0,0,0,0,0,0,51,0,0,3
936,1272,6.15517,357,100,0,0,0,0,0,0,55,0,0,3
937,1412,6.27273,345,100,0,0,0,0,0,0,50,0,0,5
938,1176,6.22222,336,100,0,0,0,0,0,0,50,0,0,4
939,1132,6.27273,345,100,0,0,0,0,0,0,50,0,0,5
940,1192,6.23529,318,100,0,0,0,0,0,0,47,0,0,4
941,1240,6.33333,342,100,0,0,0,0,0,0,48,0,0,6
942,1076,6.21053,354,100,0,0,0,0,0,0,53,0,0,4
943,1176,6.15254,363,100,0,0,0,0,0,0,56,0,0,3
944,1528,6.375,357,100,0,0,0,0,0,0,49,0,0,7
945,1392,6.19672,378,100,0,0,0,0,0,0,57,0,0,4
946,1268,6.04839,375,100,0,0,0,0,0,0,61,0,0,1
947,1252,6.15,369,100,0,0,0,0,0,0,57,0,0,3
948,1052,6,390,100,0,0,0,0,0,0,65,0,0,0
949,1228,6.25424,369,100,0,0,0,0,0,0,54,0,0,5
950,1320,6.21053,354,100,0,0,0,0,0,0,53,0,0,4
951,1188,6.21429,348,100,0,0,0,0,0,0,52,0,0,4
952,1088,6.21429,348,100,0,0,0,0,0,0,52,0,0,4
953,1160,6.09375,390,100,0,0,0,0,0,0,62,0,0,2
954,1296,6.14516,381,100,0,0,0,0,0,0,59,0,0,3
955,1200,6.19672,378,100,0,0,0,0,0,0,57,0,0,4
956,900,6.05263,345,100,0,0,0,0,0,0,56,0,0,1
957,812,6,330,100,0,0,0,0,0,0,55,0,0,0
958,984,6.10526,348,100,0,0,0,0,0,0,55,0,0,2
959,1092,6.15789,351,100,0,0,0,0,0,0,54,0,0,3
960,1104,6.10526,348,100,0,0,0,0,0,0,55,0,0,2
961,1056,6.22642,330,100,0,0,0,0,0,0,49,0,0,4
962,1216,6.10526,348,100,0,0,0,0,0,0,55,0,0,2
963,1472,6.23729,368,100,0,0,0,0,0,0,54,0,1,4
964,1356,6.05263,345,100,0,0,0,0,0,0,56,0,0,1
965,1324,6.05357,339,100,0,0,0,0,0,0,55,0,0,1
966,1348,6.2069,360,100,0,0,0,0,0,0,54,0,0,4
967,1404,6.21053,354,100,0,0,0,0,0,0,53,0,0,4
968,1380,6.36207,369,100,0,0,0,0,0,0,51,0,0,7
969,1384,6.31034,366,100,0,0,0,0,0,0,52,0,0,6
970,1120,6.09836,372,100,0,0,0,0,0,0,59,0,0,2
971,1288,6.19355,384,100,0,0,0,0,0,0,58,0,0,4
972,1096,6.18033,377,100,0,0,0,0,0,0,57,0,1,3
973,1080,6.15,369,100,0,0,0,0,0,0,57,0,0,3
974,1088,6.09524,384,100,0,0,0,0,0,0,61,0,0,2
975,1088,6.2,372,100,0,0,0,0,0,0,56,0,0,4
976,992,6.14754,375,100,0,0,0,0,0,0,58,0,0,3
977,1036,6.10169,360,100,0,0,0,0,0,0,57,0,0,2
978,964,6.09836,372,100,0,0,0,0,0,0,59,0,0,2
979,1096,6.18462,402,100,0,0,0,0,0,0,61,0,0,4
980,1028,6.09524,384,100,0,0,0,0,0,0,61,0,0,2
981,1104,6.29032,390,100,0,0,0,0,0,0,56,0,0,6
982,1240,6.19672,378,100,0,0,0,0,0,0,57,0,0,4
983,1152,6.26316,357,100,0,0,0,0,0,0,52,0,0,5
984,1296,6.19355,384,100,0,0,0,0,0,0,58,0,0,4
985,1080,6.14286,387,100,0,0,0,0,0,0,60,0,0,3
986,1132,6.15,369,100,0,0,0,0,0,0,57,0,0,3
987,1312,6.13846,399,100,0,0,0,0,0,0,62,0,0,3
988,1224,6.14286,387,100,0,0,0,0,0,0,60,0,0,3
989,1232,6.09836,372,100,0,0,0,0,0,0,59,0,0,2
990,1204,6.14754,375,100,0,0,0,0,0,0,58,0,0,3
991,1096,6.05,363,100,0,0,0,0,0,0,59,0,0,1
992,1136,6.04918,369,100,0,0,0,0,0,0,60,0,0,1
993,1148,6.0339,356,100,0,0,0,0,0,0,58,0,1,0
994,1180,6.15254,363,100,0,0,0,0,0,0,56,0,0,3
995,1088,6.14754,375,100,0,0,0,0,0,0,58,0,0,3
996,1024,6.14286,387,100,0,0,0,0,0,0,60,0,0,3
997,1080,6.09677,378,100,0,0,0,0,0,0,60,0,0,2
998,984,6.10345,354,100,0,0,0,0,0,0,56,0,0,2
999,1176,6.09677,378,100,0,0,0,0,0,0,60,0,0,2
