update,points,mean_tasks,total_tasks,total_orgs,task_0,task_1,task_2,task_3,task_4,task_5,task_6,task_7,task_8,task_9
0,0,nan,0,8,0,0,0,0,0,0,0,0,0,0
1,32,6,12,8,0,0,0,0,0,0,2,0,0,0
2,88,6,36,10,0,0,0,0,0,0,6,0,0,0
3,84,6,42,11,0,0,0,0,0,0,7,0,0,0
4,84,6,48,15,0,0,0,0,0,0,8,0,0,0
5,80,6,60,17,0,0,0,0,0,0,10,0,0,0
6,220,6.46154,84,22,0,0,0,0,0,0,11,0,0,2
7,172,6.375,102,28,0,0,0,0,0,0,14,0,0,2
8,308,6.3,126,34,0,0,0,0,0,0,18,0,0,2
9,384,6.34615,165,39,0,0,0,0,0,0,23,0,0,3
10,524,6.62069,192,46,0,0,0,0,0,0,23,0,0,6
11,536,6.5,195,53,0,0,0,0,0,0,25,0,0,5
12,612,6.15,246,59,0,0,0,0,0,0,38,0,0,2
13,600,6.26667,282,67,0,0,0,0,0,0,41,0,0,4
14,572,6.25532,294,74,0,0,0,0,0,0,43,0,0,4
15,768,6.28302,333,79,0,0,0,0,0,0,48,0,0,5
16,560,6.17647,315,81,0,0,0,0,0,0,48,0,0,3
17,772,6.23529,318,83,0,0,0,0,0,0,47,0,0,4
18,772,6.16364,339,88,0,0,0,0,0,0,52,0,0,3
19,836,6.19048,390,91,0,0,0,0,0,0,59,0,0,4
20,860,6.2,372,91,0,0,0,0,0,0,56,0,0,4
21,684,6.25424,369,94,0,0,0,0,0,0,54,0,0,5
22,712,6.16071,345,95,0,0,0,0,0,0,53,0,0,3
23,964,6.19048,390,96,0,0,0,0,0,0,59,0,0,4
24,892,6.23077,405,97,0,0,0,0,0,0,60,0,0,5
25,880,6.13043,423,99,0,0,0,0,0,0,66,0,0,3
26,980,6.18182,408,99,0,0,0,0,0,0,62,0,0,4
27,916,6.18462,402,99,0,0,0,0,0,0,61,0,0,4
28,840,6.29508,384,99,0,0,0,0,0,0,55,0,0,6
29,980,6.14062,393,99,0,0,0,0,0,0,61,0,0,3
30,1080,6.19672,378,99,0,0,0,0,0,0,57,0,0,4
31,1032,6.15517,357,100,0,0,0,0,0,0,55,0,0,3
32,1056,6.18462,402,100,0,0,0,0,0,0,61,0,0,4
33,1056,6.19048,390,100,0,0,0,0,0,0,59,0,0,4
34,1116,6.14286,387,100,0,0,0,0,0,0,60,0,0,3
35,996,6.14754,375,100,0,0,0,0,0,0,58,0,0,3
36,1312,6.19672,378,100,0,0,0,0,0,0,57,0,0,4
37,996,6.16364,339,100,0,0,0,0,0,0,52,0,0,3
38,940,6.05172,351,100,0,0,0,0,0,0,57,0,0,1
39,976,6.13559,362,100,0,0,0,0,0,0,56,0,1,2
40,1216,6.18033,377,100,0,0,0,0,0,0,57,0,1,3
41,1036,6.1,366,100,0,0,0,0,0,0,58,0,0,2
42,988,6.04615,393,100,0,0,0,0,0,0,64,0,0,1
43,956,6.08955,408,100,0,0,0,0,0,0,65,0,0,2
44,1112,6.19355,384,100,0,0,0,0,0,0,58,0,0,4
45,1036,6.13846,399,100,0,0,0,0,0,0,62,0,0,3
46,1096,6.25,375,100,0,0,0,0,0,0,55,0,0,5
47,1264,6.26471,426,100,0,0,0,0,0,0,62,0,0,6
48,1080,6.09677,378,100,0,0,0,0,0,0,60,0,0,2
49,1060,6.04839,375,100,0,0,0,0,0,0,61,0,0,1
50,916,6.08929,341,100,0,0,0,0,0,0,54,0,1,1
51,1096,6.12698,386,100,0,0,0,0,0,0,60,0,1,2
52,1176,6.125,392,100,0,0,0,0,0,0,61,0,1,2
53,1056,6.17742,383,100,0,0,0,0,0,0,58,0,1,3
54,1024,6.23729,368,100,0,0,0,0,0,0,54,0,1,4
55,972,6.19298,353,100,0,0,0,0,0,0,53,0,1,3
56,1164,6.22581,386,100,0,0,0,0,0,0,57,0,1,4
57,1044,6.28333,377,100,0,0,0,0,0,0,54,0,1,5
58,936,6.2381,393,100,0,0,0,0,0,0,58,0,0,5
59,1008,6.29508,384,100,0,0,0,0,0,0,55,0,0,6
60,916,6.3871,396,100,0,0,0,0,0,0,54,0,0,8
61,764,6.05,363,100,0,0,0,0,0,0,59,0,0,1
62,916,6.09375,390,100,0,0,0,0,0,0,62,0,0,2
63,780,6.04918,369,100,0,0,0,0,0,0,60,0,0,1
64,908,6.2381,393,100,0,0,0,0,0,0,58,0,0,5
65,948,6.10169,360,100,0,0,0,0,0,0,57,0,0,2
66,976,6.04545,399,100,0,0,0,0,0,0,65,0,0,1
67,852,6,378,100,0,0,0,0,0,0,63,0,0,0
68,940,6.09375,390,100,0,0,0,0,0,0,62,0,0,2
69,1148,6.09375,390,100,0,0,0,0,0,0,62,0,0,2
70,1140,6.10169,360,100,0,0,0,0,0,0,57,0,0,2
71,1288,6.04688,387,100,0,0,0,0,0,0,63,0,0,1
72,1224,6.05085,357,100,0,0,0,0,0,0,58,0,0,1
73,1112,6,354,100,0,0,0,0,0,0,59,0,0,0
74,1316,6.13636,405,100,0,0,0,0,0,0,63,0,0,3
75,1136,6.09836,372,100,0,0,0,0,0,0,59,0,0,2
76,1260,6.04762,381,100,0,0,0,0,0,0,62,0,0,1
77,1484,6.13235,417,100,0,0,0,0,0,0,65,0,0,3
78,1104,6.25,375,100,0,0,0,0,0,0,55,0,0,5
79,1192,6.14516,381,100,0,0,0,0,0,0,59,0,0,3
80,1072,6.21053,354,100,0,0,0,0,0,0,53,0,0,4
81,1056,6.27778,339,100,0,0,0,0,0,0,49,0,0,5
82,1304,6.38095,402,100,0,0,0,0,0,0,55,0,0,8
83,1016,6.10169,360,100,0,0,0,0,0,0,57,0,0,2
84,1092,6,366,100,0,0,0,0,0,0,61,0,0,0
85,1056,6,354,100,0,0,0,0,0,0,59,0,0,0
86,980,6,372,100,0,0,0,0,0,0,62,0,0,0
87,1196,6.04918,369,100,0,0,0,0,0,0,60,0,0,1
88,1424,6.04615,393,100,0,0,0,0,0,0,64,0,0,1
89,1116,6,336,100,0,0,0,0,0,0,56,0,0,0
90,1020,6,336,100,0,0,0,0,0,0,56,0,0,0
91,984,6,354,100,0,0,0,0,0,0,59,0,0,0
92,952,6.05172,351,100,0,0,0,0,0,0,57,0,0,1
93,1088,6.11321,324,100,0,0,0,0,0,0,51,0,0,2
94,984,6.03571,338,100,0,0,0,0,0,0,55,0,1,0
95,916,6,348,100,0,0,0,0,0,0,58,0,0,0
96,1260,6.04688,387,100,0,0,0,0,0,0,63,0,0,1
97,916,6,330,100,0,0,0,0,0,0,55,0,0,0
98,1028,6.05263,345,100,0,0,0,0,0,0,56,0,0,1
99,912,6,342,100,0,0,0,0,0,0,57,0,0,0
100,904,6.05172,351,100,0,0,0,0,0,0,57,0,0,1
101,1052,6.14754,375,100,0,0,0,0,0,0,58,0,0,3
102,936,6.10345,354,100,0,0,0,0,0,0,56,0,0,2
103,928,6,360,100,0,0,0,0,0,0,60,0,0,0
104,816,6,360,100,0,0,0,0,0,0,60,0,0,0
105,868,6,372,100,0,0,0,0,0,0,62,0,0,0
106,776,6,342,100,0,0,0,0,0,0,57,0,0,0
107,884,6,348,100,0,0,0,0,0,0,58,0,0,0
108,1088,6.09524,384,100,0,0,0,0,0,0,61,0,0,2
109,872,6,384,100,0,0,0,0,0,0,64,0,0,0
110,908,6,372,100,0,0,0,0,0,0,62,0,0,0
111,1040,6.09375,390,100,0,0,0,0,0,0,62,0,0,2
112,1016,6,390,100,0,0,0,0,0,0,65,0,0,0
113,860,6,354,100,0,0,0,0,0,0,59,0,0,0
114,892,6,366,100,0,0,0,0,0,0,61,0,0,0
115,1048,6.09091,402,100,0,0,0,0,0,0,64,0,0,2
116,864,6.04839,375,100,0,0,0,0,0,0,61,0,0,1
117,868,6,366,100,0,0,0,0,0,0,61,0,0,0
118,804,6.04839,375,100,0,0,0,0,0,0,61,0,0,1
119,820,6.05,363,100,0,0,0,0,0,0,59,0,0,1
120,1016,6.15517,357,100,0,0,0,0,0,0,55,0,0,3
121,844,6.05,363,100,0,0,0,0,0,0,59,0,0,1
122,756,6.05172,351,100,0,0,0,0,0,0,57,0,0,1
123,972,6.19048,390,100,0,0,0,0,0,0,59,0,0,4
124,768,6.09836,372,100,0,0,0,0,0,0,59,0,0,2
125,1092,6.13433,411,100,0,0,0,0,0,0,64,0,0,3
126,984,6,348,100,0,0,0,0,0,0,58,0,0,0
127,892,6,396,100,0,0,0,0,0,0,66,0,0,0
128,932,6.04615,393,100,0,0,0,0,0,0,64,0,0,1
129,872,6,378,100,0,0,0,0,0,0,63,0,0,0
130,824,6.05085,357,100,0,0,0,0,0,0,58,0,0,1
131,800,6,372,100,0,0,0,0,0,0,62,0,0,0
132,820,6,396,100,0,0,0,0,0,0,66,0,0,0
133,912,6.09375,390,100,0,0,0,0,0,0,62,0,0,2
134,976,6.08696,420,100,0,0,0,0,0,0,67,0,0,2
135,980,6.19672,378,100,0,0,0,0,0,0,57,0,0,4
136,912,6.09524,384,100,0,0,0,0,0,0,61,0,0,2
137,888,6.04615,393,100,0,0,0,0,0,0,64,0,0,1
138,872,6,378,100,0,0,0,0,0,0,63,0,0,0
139,904,6.04839,375,100,0,0,0,0,0,0,61,0,0,1
140,1044,6.09375,390,100,0,0,0,0,0,0,62,0,0,2
141,820,6.05,363,100,0,0,0,0,0,0,59,0,0,1
142,872,6.10169,360,100,0,0,0,0,0,0,57,0,0,2
143,1080,6.09677,378,100,0,0,0,0,0,0,60,0,0,2
144,1036,6.04762,381,100,0,0,0,0,0,0,62,0,0,1
145,1024,6.14286,387,100,0,0,0,0,0,0,60,0,0,3
146,940,6.15254,363,100,0,0,0,0,0,0,56,0,0,3
147,940,6.14754,375,100,0,0,0,0,0,0,58,0,0,3
148,1200,6.33871,393,100,0,0,0,0,0,0,55,0,0,7
149,1024,6.3,378,100,0,0,0,0,0,0,54,0,0,6
150,1060,6.19048,390,100,0,0,0,0,0,0,59,0,0,4
151,1092,6.19355,384,100,0,0,0,0,0,0,58,0,0,4
152,1216,6.27273,414,100,0,0,0,0,0,0,60,0,0,6
153,984,6.2381,393,100,0,0,0,0,0,0,58,0,0,5
154,960,6.2069,360,100,0,0,0,0,0,0,54,0,0,4
155,1140,6.1875,396,100,0,0,0,0,0,0,60,0,0,4
156,1032,6.16667,333,100,0,0,0,0,0,0,51,0,0,3
157,972,6.21053,354,100,0,0,0,0,0,0,53,0,0,4
158,1060,6.2069,360,100,0,0,0,0,0,0,54,0,0,4
159,1256,6.44262,393,100,0,0,0,0,0,0,52,0,0,9
160,1144,6.49091,357,100,0,0,0,0,0,0,46,0,0,9
161,1080,6.41379,372,100,0,0,0,0,0,0,50,0,0,8
162,956,6.45763,381,100,0,0,0,0,0,0,50,0,0,9
163,1072,6.58929,369,100,0,0,0,0,0,0,45,0,0,11
164,1100,6.47368,369,100,0,0,0,0,0,0,48,0,0,9
165,1352,6.59016,402,100,0,0,0,0,0,0,49,0,0,12
166,1096,6.45763,381,100,0,0,0,0,0,0,50,0,0,9
167,1312,6.32258,392,100,0,0,0,0,0,0,55,0,1,6
168,1580,6.43636,354,100,0,0,0,0,0,0,47,0,0,8
169,1572,6.3,378,100,0,0,0,0,0,0,54,0,0,6
170,1568,6.3,378,100,0,0,0,0,0,0,54,0,0,6
171,1856,6.3,378,100,0,0,0,0,0,0,54,0,0,6
172,1688,6.3,378,100,0,0,0,0,0,0,54,0,0,6
173,1960,6.45,387,100,0,0,0,0,0,0,51,0,0,9
174,2252,6.78689,414,100,0,0,0,0,0,0,45,0,0,16
175,1496,6.45763,381,100,0,0,0,0,0,0,50,0,0,9
176,1368,6.67925,354,100,0,0,0,0,0,0,41,0,0,12
177,1412,6.64286,372,100,0,0,0,0,0,0,44,0,0,12
178,1464,6.40678,378,100,0,0,0,0,0,0,51,0,0,8
179,1524,6.49091,357,100,0,0,0,0,0,0,46,0,0,9
180,1440,6.62069,384,100,0,0,0,0,0,0,46,0,0,12
181,1416,6.67925,354,100,0,0,0,0,0,0,41,0,0,12
182,1544,6.81818,375,100,0,0,0,0,0,0,40,0,0,15
183,1120,6.67925,354,100,0,0,0,0,0,0,41,0,0,12
184,1304,6.50847,384,100,0,0,0,0,0,0,49,0,0,10
185,1320,6.46552,375,100,0,0,0,0,0,0,49,0,0,9
186,1540,6.66102,393,100,0,0,0,0,0,0,46,0,0,13
187,1324,6.54545,360,100,0,0,0,0,0,0,45,0,0,10
188,1176,6.48214,363,100,0,0,0,0,0,0,47,0,0,9
189,924,6.49091,357,100,0,0,0,0,0,0,46,0,0,9
190,1340,6.55932,387,100,0,0,0,0,0,0,48,0,0,11
191,1320,6.32727,348,100,0,0,0,0,0,0,49,0,0,6
192,1428,6.33871,393,100,0,0,0,0,0,0,55,0,0,7
193,1112,6.31034,366,100,0,0,0,0,0,0,52,0,0,6
194,1024,6.15789,351,100,0,0,0,0,0,0,54,0,0,3
195,1492,6.53226,405,100,0,0,0,0,0,0,51,0,0,11
196,1312,6.48387,402,100,0,0,0,0,0,0,52,0,0,10
197,1360,6.35294,432,100,0,0,0,0,0,0,60,0,0,8
198,1340,6.48387,402,100,0,0,0,0,0,0,52,0,0,10
199,1536,6.48214,363,100,0,0,0,0,0,0,47,0,0,9
200,1616,6.50847,384,100,0,0,0,0,0,0,49,0,0,10
201,1772,6.89474,393,100,0,0,0,0,0,0,40,0,0,17
202,1504,6.63158,378,100,0,0,0,0,0,0,45,0,0,12
203,1952,6.7,402,100,0,0,0,0,0,0,46,0,0,14
204,1932,6.51724,378,100,0,0,0,0,0,0,48,0,0,10
205,1996,6.3871,396,100,0,0,0,0,0,0,54,0,0,8
206,1632,6.46552,375,100,0,0,0,0,0,0,49,0,0,9
207,1396,6.31579,360,100,0,0,0,0,0,0,51,0,0,6
208,1112,6.31034,366,100,0,0,0,0,0,0,52,0,0,6
209,1256,6.5,390,100,0,0,0,0,0,0,50,0,0,10
210,1172,6.39623,339,100,0,0,0,0,0,0,46,0,0,7
211,1532,6.42188,411,100,0,0,0,0,0,0,55,0,0,9
212,1448,6.27778,339,100,0,0,0,0,0,0,49,0,0,5
213,1340,6.41379,372,100,0,0,0,0,0,0,50,0,0,8
214,1152,6.21818,342,100,0,0,0,0,0,0,51,0,0,4
215,1124,6.38182,351,100,0,0,0,0,0,0,48,0,0,7
216,1380,6.50847,384,100,0,0,0,0,0,0,49,0,0,10
217,1212,6.35593,375,100,0,0,0,0,0,0,52,0,0,7
218,924,6.44444,348,100,0,0,0,0,0,0,46,0,0,8
219,1432,6.46552,375,100,0,0,0,0,0,0,49,0,0,9
220,1172,6.63158,378,100,0,0,0,0,0,0,45,0,0,12
221,1324,6.49091,357,100,0,0,0,0,0,0,46,0,0,9
222,1468,6.59016,402,100,0,0,0,0,0,0,49,0,0,12
223,1288,6.58929,369,100,0,0,0,0,0,0,45,0,0,11
224,1048,6.53226,405,100,0,0,0,0,0,0,51,0,0,11
225,1188,6.51724,378,100,0,0,0,0,0,0,48,0,0,10
226,1300,6.47619,408,100,0,0,0,0,0,0,53,0,0,10
227,1204,6.38095,402,100,0,0,0,0,0,0,55,0,0,8
228,1192,6.44776,432,100,0,0,0,0,0,0,57,0,0,10
229,1288,6.4918,396,100,0,0,0,0,0,0,51,0,0,10
230,1124,6.35821,426,100,0,0,0,0,0,0,59,0,0,8
231,1388,6.35821,426,100,0,0,0,0,0,0,59,0,0,8
232,1352,6.33871,393,100,0,0,0,0,0,0,55,0,0,7
233,1352,6.32812,405,100,0,0,0,0,0,0,57,0,0,7
234,1280,6.29508,384,100,0,0,0,0,0,0,55,0,0,6
235,1468,6.34426,387,100,0,0,0,0,0,0,54,0,0,7
236,1504,6.35593,375,100,0,0,0,0,0,0,52,0,0,7
237,1404,6.47368,369,100,0,0,0,0,0,0,48,0,0,9
238,1208,6.45,387,100,0,0,0,0,0,0,51,0,0,9
239,1256,6.33871,393,100,0,0,0,0,0,0,55,0,0,7
240,1148,6.35593,375,100,0,0,0,0,0,0,52,0,0,7
241,1216,6.31034,366,100,0,0,0,0,0,0,52,0,0,6
242,1432,6.36842,363,100,0,0,0,0,0,0,50,0,0,7
243,1396,6.51724,378,100,0,0,0,0,0,0,48,0,0,10
244,1268,6.52632,372,100,0,0,0,0,0,0,47,0,0,10
245,1340,6.42857,405,100,0,0,0,0,0,0,54,0,0,9
246,1432,6.55932,387,100,0,0,0,0,0,0,48,0,0,11
247,1276,6.45763,381,100,0,0,0,0,0,0,50,0,0,9
248,1496,6.71186,396,100,0,0,0,0,0,0,45,0,0,14
249,1480,6.79661,401,100,0,0,0,0,0,0,43,0,1,15
250,1276,6.72414,390,100,0,0,0,0,0,0,44,0,0,14
251,1348,6.72414,390,100,0,0,0,0,0,0,44,0,0,14
252,1468,6.80952,429,100,0,0,0,0,0,0,46,0,0,17
253,1368,6.7193,383,100,0,0,0,0,0,0,43,0,1,13
254,1332,6.67742,414,100,0,0,0,0,0,0,48,0,0,14
255,1348,6.72414,390,100,0,0,0,0,0,0,44,0,0,14
256,1572,6.73846,438,100,0,0,0,0,0,0,49,0,0,16
257,1604,6.65,399,100,0,0,0,0,0,0,47,0,0,13
258,1468,6.76364,372,100,0,0,0,0,0,0,41,0,0,14
259,1620,6.84211,390,100,0,0,0,0,0,0,41,0,0,16
260,1520,6.82759,396,100,0,0,0,0,0,0,42,0,0,16
261,1516,6.78689,414,100,0,0,0,0,0,0,45,0,0,16
262,1356,6.75,378,100,0,0,0,0,0,0,42,0,0,14
263,1420,6.98276,405,100,0,0,0,0,0,0,39,0,0,19
264,1664,7.03636,387,100,0,0,0,0,0,0,36,0,0,19
265,2036,6.85,411,100,0,0,0,0,0,0,43,0,0,17
266,2084,6.93103,402,100,0,0,0,0,0,0,40,0,0,18
267,1672,6.75,351,100,0,0,0,0,0,0,39,0,0,13
268,2004,6.81818,375,100,0,0,0,0,0,0,40,0,0,15
269,1920,6.75,378,100,0,0,0,0,0,0,42,0,0,14
270,1816,6.75,351,100,0,0,0,0,0,0,39,0,0,13
271,2016,6.67241,387,100,0,0,0,0,0,0,45,0,0,13
272,2232,6.63158,378,100,0,0,0,0,0,0,45,0,0,12
273,1916,6.49091,357,100,0,0,0,0,0,0,46,0,0,9
274,1968,6.53571,366,100,0,0,0,0,0,0,46,0,0,10
275,1840,6.69643,375,100,0,0,0,0,0,0,43,0,0,13
276,1792,6.56604,348,100,0,0,0,0,0,0,43,0,0,10
277,1424,6.58,329,100,0,0,0,0,0,0,40,0,1,9
278,1560,6.77358,359,100,0,0,0,0,0,0,39,0,1,13
279,1676,6.89474,393,100,0,0,0,0,0,0,40,0,0,17
280,1828,6.94444,375,100,0,0,0,0,0,0,37,0,0,17
281,1748,6.86441,405,100,0,0,0,0,0,0,42,0,0,17
282,1764,6.61017,390,100,0,0,0,0,0,0,47,0,0,12
283,1248,6.55932,387,100,0,0,0,0,0,0,48,0,0,11
284,1228,6.66102,393,100,0,0,0,0,0,0,46,0,0,13
285,1288,6.60938,423,100,0,0,0,0,0,0,51,0,0,13
286,1256,6.45455,426,100,0,0,0,0,0,0,56,0,0,10
287,1268,6.36923,414,100,0,0,0,0,0,0,57,0,0,8
288,1348,6.28125,402,100,0,0,0,0,0,0,58,0,0,6
289,1280,6.3871,396,100,0,0,0,0,0,0,54,0,0,8
290,1524,6.5,390,100,0,0,0,0,0,0,50,0,0,10
291,1516,6.59016,402,100,0,0,0,0,0,0,49,0,0,12
292,1428,6.66667,360,100,0,0,0,0,0,0,42,0,0,12
293,1444,6.49091,357,100,0,0,0,0,0,0,46,0,0,9
294,1636,6.73684,384,100,0,0,0,0,0,0,43,0,0,14
295,1644,6.65455,366,100,0,0,0,0,0,0,43,0,0,12
296,1656,6.57895,375,100,0,0,0,0,0,0,46,0,0,11
297,1392,6.52632,372,100,0,0,0,0,0,0,47,0,0,10
298,1420,6.54098,399,100,0,0,0,0,0,0,50,0,0,11
299,1396,6.45,387,100,0,0,0,0,0,0,51,0,0,9
300,1396,6.69643,375,100,0,0,0,0,0,0,43,0,0,13
301,1588,6.95238,438,100,0,0,0,0,0,0,43,0,0,20
302,1440,6.73684,384,100,0,0,0,0,0,0,43,0,0,14
303,1532,6.72414,390,100,0,0,0,0,0,0,44,0,0,14
304,1652,6.72414,390,100,0,0,0,0,0,0,44,0,0,14
305,1936,6.9661,411,100,0,0,0,0,0,0,40,0,0,19
306,1972,6.80357,381,100,0,0,0,0,0,0,41,0,0,15
307,1812,6.87931,399,100,0,0,0,0,0,0,41,0,0,17
308,1800,6.88889,372,100,0,0,0,0,0,0,38,0,0,16
309,1416,6.78,339,100,0,0,0,0,0,0,37,0,0,13
310,1524,6.49091,357,100,0,0,0,0,0,0,46,0,0,9
311,1744,6.78947,387,100,0,0,0,0,0,0,42,0,0,15
312,1572,6.57895,375,100,0,0,0,0,0,0,46,0,0,11
313,1776,6.76364,372,100,0,0,0,0,0,0,41,0,0,14
314,1644,6.86538,357,100,0,0,0,0,0,0,37,0,0,15
315,1612,6.82759,396,100,0,0,0,0,0,0,42,0,0,16
316,1740,6.85714,384,100,0,0,0,0,0,0,40,0,0,16
317,2168,6.98361,426,100,0,0,0,0,0,0,41,0,0,20
318,2008,7.18966,417,100,0,0,0,0,0,0,35,0,0,23
319,2004,7.36842,420,100,0,0,0,0,0,0,31,0,0,26
320,1300,6.86538,357,100,0,0,0,0,0,0,37,0,0,15
321,1556,6.98276,405,100,0,0,0,0,0,0,39,0,0,19
322,1416,6.84746,404,100,0,0,0,0,0,0,42,0,1,16
323,1452,6.98182,384,100,0,0,0,0,0,0,37,0,0,18
324,1552,6.91525,408,100,0,0,0,0,0,0,41,0,0,18
325,1520,6.67241,387,100,0,0,0,0,0,0,45,0,0,13
326,1296,6.77586,393,100,0,0,0,0,0,0,43,0,0,15
327,1524,7.125,399,100,0,0,0,0,0,0,35,0,0,21
328,1424,7.11111,384,100,0,0,0,0,0,0,34,0,0,20
329,1696,7.05,423,100,0,0,0,0,0,0,39,0,0,21
330,1256,6.72414,390,100,0,0,0,0,0,0,44,0,0,14
331,1368,6.80357,381,100,0,0,0,0,0,0,41,0,0,15
332,1376,6.7,402,100,0,0,0,0,0,0,46,0,0,14
333,1108,6.52632,372,100,0,0,0,0,0,0,47,0,0,10
334,1372,6.38095,402,100,0,0,0,0,0,0,55,0,0,8
335,1504,6.49254,435,100,0,0,0,0,0,0,56,0,0,11
336,1468,6.31579,360,100,0,0,0,0,0,0,51,0,0,6
337,1436,6.25862,363,100,0,0,0,0,0,0,53,0,0,5
338,1700,6.28125,402,100,0,0,0,0,0,0,58,0,0,6
339,1964,6.3,378,100,0,0,0,0,0,0,54,0,0,6
340,1356,6.36842,363,100,0,0,0,0,0,0,50,0,0,7
341,1448,6.30357,353,100,0,0,0,0,0,0,50,0,1,5
342,1332,6.26786,351,100,0,0,0,0,0,0,51,0,0,5
343,1772,6.40678,378,100,0,0,0,0,0,0,51,0,0,8
344,1916,6.31034,366,100,0,0,0,0,0,0,52,0,0,6
345,1356,6.26316,357,100,0,0,0,0,0,0,52,0,0,5
346,1176,6.19048,390,100,0,0,0,0,0,0,59,0,0,4
347,932,6.10526,348,100,0,0,0,0,0,0,55,0,0,2
348,1076,6.16923,401,100,0,0,0,0,0,0,61,0,1,3
349,1184,6.25862,363,100,0,0,0,0,0,0,53,0,0,5
350,980,6.04839,375,100,0,0,0,0,0,0,61,0,0,1
351,1104,6.25,375,100,0,0,0,0,0,0,55,0,0,5
352,1152,6.1746,389,100,0,0,0,0,0,0,59,0,1,3
353,1288,6.17742,383,100,0,0,0,0,0,0,58,0,1,3
354,1048,6.25,375,100,0,0,0,0,0,0,55,0,0,5
355,1096,6.14516,381,100,0,0,0,0,0,0,59,0,0,3
356,1052,6.15,369,100,0,0,0,0,0,0,57,0,0,3
357,1260,6.33871,393,100,0,0,0,0,0,0,55,0,0,7
358,1384,6.36923,414,100,0,0,0,0,0,0,57,0,0,8
359,1144,6.36207,369,100,0,0,0,0,0,0,51,0,0,7
360,1040,6.31579,360,100,0,0,0,0,0,0,51,0,0,6
361,1088,6.19048,390,100,0,0,0,0,0,0,59,0,0,4
362,944,6.21053,354,100,0,0,0,0,0,0,53,0,0,4
363,1112,6.29032,390,100,0,0,0,0,0,0,56,0,0,6
364,1192,6.32812,405,100,0,0,0,0,0,0,57,0,0,7
365,1040,6.2459,381,100,0,0,0,0,0,0,56,0,0,5
366,1088,6.20339,366,100,0,0,0,0,0,0,55,0,0,4
367,1244,6.24194,387,100,0,0,0,0,0,0,57,0,0,5
368,1232,6,354,100,0,0,0,0,0,0,59,0,0,0
369,1052,6,366,100,0,0,0,0,0,0,61,0,0,0
370,1120,6.04762,381,100,0,0,0,0,0,0,62,0,0,1
371,924,6.05263,345,100,0,0,0,0,0,0,56,0,0,1
372,1004,6.05263,345,100,0,0,0,0,0,0,56,0,0,1
373,1168,6.05,363,100,0,0,0,0,0,0,59,0,0,1
374,1272,6.1,366,100,0,0,0,0,0,0,58,0,0,2
375,1068,6.15517,357,100,0,0,0,0,0,0,55,0,0,3
376,1096,6.1,366,100,0,0,0,0,0,0,58,0,0,2
377,992,6.15517,357,100,0,0,0,0,0,0,55,0,0,3
378,1064,6.15,369,100,0,0,0,0,0,0,57,0,0,3
379,1140,6.15789,351,100,0,0,0,0,0,0,54,0,0,3
380,1132,6.10714,342,100,0,0,0,0,0,0,54,0,0,2
381,1112,6.0566,321,100,0,0,0,0,0,0,52,0,0,1
382,1288,6.10345,354,100,0,0,0,0,0,0,56,0,0,2
383,1256,6.15254,363,100,0,0,0,0,0,0,56,0,0,3
384,1080,6.15789,351,100,0,0,0,0,0,0,54,0,0,3
385,1224,6.25424,369,100,0,0,0,0,0,0,54,0,0,5
386,1232,6.14062,393,100,0,0,0,0,0,0,61,0,0,3
387,1020,6.21053,354,100,0,0,0,0,0,0,53,0,0,4
388,968,6.14754,375,100,0,0,0,0,0,0,58,0,0,3
389,772,6.18644,365,100,0,0,0,0,0,0,55,0,1,3
390,1004,6.18644,365,100,0,0,0,0,0,0,55,0,1,3
391,844,6.08772,347,100,0,0,0,0,0,0,55,0,1,1
392,1004,6.10169,360,100,0,0,0,0,0,0,57,0,0,2
393,936,6.09836,372,100,0,0,0,0,0,0,59,0,0,2
394,828,6.05,363,100,0,0,0,0,0,0,59,0,0,1
395,964,6.05,363,100,0,0,0,0,0,0,59,0,0,1
396,1044,6.04615,393,100,0,0,0,0,0,0,64,0,0,1
397,1188,6.14286,387,100,0,0,0,0,0,0,60,0,0,3
398,1064,6.1,366,100,0,0,0,0,0,0,58,0,0,2
399,1032,6.04839,375,100,0,0,0,0,0,0,61,0,0,1
400,1028,6.05357,339,100,0,0,0,0,0,0,55,0,0,1
401,1260,6.09677,378,100,0,0,0,0,0,0,60,0,0,2
402,976,6.1,366,100,0,0,0,0,0,0,58,0,0,2
403,1148,6.09836,372,100,0,0,0,0,0,0,59,0,0,2
404,1252,6.09836,372,100,0,0,0,0,0,0,59,0,0,2
405,1128,6,348,100,0,0,0,0,0,0,58,0,0,0
406,1156,6,348,100,0,0,0,0,0,0,58,0,0,0
407,1056,6.05357,339,100,0,0,0,0,0,0,55,0,0,1
408,1020,6.05455,333,100,0,0,0,0,0,0,54,0,0,1
409,900,6.05357,339,100,0,0,0,0,0,0,55,0,0,1
410,1292,6.14516,381,100,0,0,0,0,0,0,59,0,0,3
411,1124,6.10345,354,100,0,0,0,0,0,0,56,0,0,2
412,1204,6,354,100,0,0,0,0,0,0,59,0,0,0
413,1152,6.08621,353,100,0,0,0,0,0,0,56,0,1,1
414,1028,6.08333,365,100,0,0,0,0,0,0,58,0,1,1
415,1144,6,336,100,0,0,0,0,0,0,56,0,0,0
416,892,6,330,100,0,0,0,0,0,0,55,0,0,0
417,948,6,330,100,0,0,0,0,0,0,55,0,0,0
418,1076,6.04918,369,100,0,0,0,0,0,0,60,0,0,1
419,1040,6,384,100,0,0,0,0,0,0,64,0,0,0
420,1064,6.05,363,100,0,0,0,0,0,0,59,0,0,1
421,1068,6.1,366,100,0,0,0,0,0,0,58,0,0,2
422,1340,6.2381,393,100,0,0,0,0,0,0,58,0,0,5
423,1044,6.05455,333,100,0,0,0,0,0,0,54,0,0,1
424,1384,6.25862,363,100,0,0,0,0,0,0,53,0,0,5
425,1576,6.38095,402,100,0,0,0,0,0,0,55,0,0,8
426,1560,6.42857,360,100,0,0,0,0,0,0,48,0,0,8
427,1320,6.3,378,100,0,0,0,0,0,0,54,0,0,6
428,1568,6.46875,414,100,0,0,0,0,0,0,54,0,0,10
429,1456,6.36364,420,100,0,0,0,0,0,0,58,0,0,8
430,1516,6.54098,399,100,0,0,0,0,0,0,50,0,0,11
431,1488,6.4,384,100,0,0,0,0,0,0,52,0,0,8
432,1516,6.39344,390,100,0,0,0,0,0,0,53,0,0,8
433,1604,6.44262,393,100,0,0,0,0,0,0,52,0,0,9
434,1292,6.3871,396,100,0,0,0,0,0,0,54,0,0,8
435,1456,6.3,378,100,0,0,0,0,0,0,54,0,0,6
436,1360,6.28571,396,100,0,0,0,0,0,0,57,0,0,6
437,1492,6.2459,381,100,0,0,0,0,0,0,56,0,0,5
438,1284,6.29508,384,100,0,0,0,0,0,0,55,0,0,6
439,1136,6.25424,369,100,0,0,0,0,0,0,54,0,0,5
440,1132,6.28125,402,100,0,0,0,0,0,0,58,0,0,6
441,1288,6.24194,387,100,0,0,0,0,0,0,57,0,0,5
442,1188,6.24194,387,100,0,0,0,0,0,0,57,0,0,5
443,1160,6,384,100,0,0,0,0,0,0,64,0,0,0
444,1448,6.22388,417,100,0,0,0,0,0,0,62,0,0,5
445,1220,6.19355,384,100,0,0,0,0,0,0,58,0,0,4
446,1444,6.09524,384,100,0,0,0,0,0,0,61,0,0,2
447,1372,6.19672,378,100,0,0,0,0,0,0,57,0,0,4
448,1432,6.26316,357,100,0,0,0,0,0,0,52,0,0,5
449,1352,6.25862,363,100,0,0,0,0,0,0,53,0,0,5
450,1392,6.15,369,100,0,0,0,0,0,0,57,0,0,3
451,1316,6.2381,393,100,0,0,0,0,0,0,58,0,0,5
452,1280,6.32143,354,100,0,0,0,0,0,0,50,0,0,6
453,1580,6.20339,366,100,0,0,0,0,0,0,55,0,0,4
454,1312,6.34426,387,100,0,0,0,0,0,0,54,0,0,7
455,1140,6.28302,333,100,0,0,0,0,0,0,48,0,0,5
456,1316,6.35,381,100,0,0,0,0,0,0,53,0,0,7
457,1636,6.3871,396,100,0,0,0,0,0,0,54,0,0,8
458,1580,6.4,384,100,0,0,0,0,0,0,52,0,0,8
459,1372,6.47368,369,100,0,0,0,0,0,0,48,0,0,9
460,1404,6.30508,372,100,0,0,0,0,0,0,53,0,0,6
461,1468,6.56897,381,100,0,0,0,0,0,0,47,0,0,11
462,1280,6.36207,369,100,0,0,0,0,0,0,51,0,0,7
463,1444,6.45763,381,100,0,0,0,0,0,0,50,0,0,9
464,1528,6.59016,402,100,0,0,0,0,0,0,49,0,0,12
465,1488,6.67241,387,100,0,0,0,0,0,0,45,0,0,13
466,1456,6.56897,381,100,0,0,0,0,0,0,47,0,0,11
467,1364,6.55,393,100,0,0,0,0,0,0,49,0,0,11
468,1580,6.76271,399,100,0,0,0,0,0,0,44,0,0,15
469,1548,6.62069,384,100,0,0,0,0,0,0,46,0,0,12
470,1676,6.80952,429,100,0,0,0,0,0,0,46,0,0,17
471,1496,6.76364,372,100,0,0,0,0,0,0,41,0,0,14
472,1700,6.81818,375,100,0,0,0,0,0,0,40,0,0,15
473,1564,6.57895,375,100,0,0,0,0,0,0,46,0,0,11
474,1320,6.62264,351,100,0,0,0,0,0,0,42,0,0,11
475,1620,6.75,405,100,0,0,0,0,0,0,45,0,0,15
476,1476,6.84211,390,100,0,0,0,0,0,0,41,0,0,16
477,1248,6.66667,360,100,0,0,0,0,0,0,42,0,0,12
478,1284,6.72222,363,100,0,0,0,0,0,0,41,0,0,13
479,1468,6.69643,375,100,0,0,0,0,0,0,43,0,0,13
480,1384,6.72222,363,100,0,0,0,0,0,0,41,0,0,13
481,1456,6.48387,402,100,0,0,0,0,0,0,52,0,0,10
482,1300,6.56897,381,100,0,0,0,0,0,0,47,0,0,11
483,1348,6.375,408,100,0,0,0,0,0,0,56,0,0,8
484,1272,6.36842,363,100,0,0,0,0,0,0,50,0,0,7
485,936,6.27778,339,100,0,0,0,0,0,0,49,0,0,5
486,1068,6.25862,363,100,0,0,0,0,0,0,53,0,0,5
487,1188,6.28302,333,100,0,0,0,0,0,0,48,0,0,5
488,1124,6.21429,348,100,0,0,0,0,0,0,52,0,0,4
489,1228,6.2459,381,100,0,0,0,0,0,0,56,0,0,5
490,1124,6.2459,381,100,0,0,0,0,0,0,56,0,0,5
491,1208,6.30508,372,100,0,0,0,0,0,0,53,0,0,6
492,1408,6.27273,414,100,0,0,0,0,0,0,60,0,0,6
493,1556,6.5,390,100,0,0,0,0,0,0,50,0,0,10
494,1592,6.55,393,100,0,0,0,0,0,0,49,0,0,11
495,1632,6.50847,384,100,0,0,0,0,0,0,49,0,0,10
496,1776,6.6,363,100,0,0,0,0,0,0,44,0,0,11
497,1720,6.47368,369,100,0,0,0,0,0,0,48,0,0,9
498,1496,6.48214,363,100,0,0,0,0,0,0,47,0,0,9
499,1588,6.54545,360,100,0,0,0,0,0,0,45,0,0,10
500,1524,6.36842,363,100,0,0,0,0,0,0,50,0,0,7
501,1708,6.58065,408,100,0,0,0,0,0,0,50,0,0,12
502,1588,6.54098,399,100,0,0,0,0,0,0,50,0,0,11
503,1612,6.58929,369,100,0,0,0,0,0,0,45,0,0,11
504,1448,6.42105,366,100,0,0,0,0,0,0,49,0,0,8
505,1540,6.43548,399,100,0,0,0,0,0,0,53,0,0,9
506,1368,6.36842,363,100,0,0,0,0,0,0,50,0,0,7
507,1476,6.35593,375,100,0,0,0,0,0,0,52,0,0,7
508,1544,6.55,393,100,0,0,0,0,0,0,49,0,0,11
509,1840,6.3871,396,100,0,0,0,0,0,0,54,0,0,8
510,1508,6.5,390,100,0,0,0,0,0,0,50,0,0,10
511,1548,6.36923,414,100,0,0,0,0,0,0,57,0,0,8
512,1720,6.33333,399,100,0,0,0,0,0,0,56,0,0,7
513,1576,6.43548,399,100,0,0,0,0,0,0,53,0,0,9
514,1588,6.52632,372,100,0,0,0,0,0,0,47,0,0,10
515,1624,6.78947,387,100,0,0,0,0,0,0,42,0,0,15
516,1592,6.86441,405,100,0,0,0,0,0,0,42,0,0,17
517,1632,6.53571,366,100,0,0,0,0,0,0,46,0,0,10
518,1724,6.58929,369,100,0,0,0,0,0,0,45,0,0,11
519,1604,6.73585,357,100,0,0,0,0,0,0,40,0,0,13
520,1524,6.88889,372,100,0,0,0,0,0,0,38,0,0,16
521,1356,6.86538,357,100,0,0,0,0,0,0,37,0,0,15
522,1672,6.92727,381,100,0,0,0,0,0,0,38,0,0,17
523,1768,7.17857,402,100,0,0,0,0,0,0,34,0,0,22
524,1696,7.21154,375,100,0,0,0,0,0,0,31,0,0,21
525,1832,6.9,414,100,0,0,0,0,0,0,42,0,0,18
526,1688,6.94444,375,100,0,0,0,0,0,0,37,0,0,17
527,1780,6.91525,408,100,0,0,0,0,0,0,41,0,0,18
528,1636,6.71186,396,100,0,0,0,0,0,0,45,0,0,14
529,1384,6.78947,387,100,0,0,0,0,0,0,42,0,0,15
530,1364,6.73684,384,100,0,0,0,0,0,0,43,0,0,14
531,1504,6.61017,390,100,0,0,0,0,0,0,47,0,0,12
532,1348,6.58929,369,100,0,0,0,0,0,0,45,0,0,11
533,1324,6.66102,393,100,0,0,0,0,0,0,46,0,0,13
534,1460,6.36923,414,100,0,0,0,0,0,0,57,0,0,8
535,1404,6.44262,393,100,0,0,0,0,0,0,52,0,0,9
536,1312,6.43548,399,100,0,0,0,0,0,0,53,0,0,9
537,1504,6.51562,417,100,0,0,0,0,0,0,53,0,0,11
538,1576,6.45763,381,100,0,0,0,0,0,0,50,0,0,9
539,1596,6.63934,405,100,0,0,0,0,0,0,48,0,0,13
540,1728,6.61017,390,100,0,0,0,0,0,0,47,0,0,12
541,1316,6.6,396,100,0,0,0,0,0,0,48,0,0,12
542,1444,6.55932,387,100,0,0,0,0,0,0,48,0,0,11
543,1396,6.52632,372,100,0,0,0,0,0,0,47,0,0,10
544,1444,6.44262,393,100,0,0,0,0,0,0,52,0,0,9
545,1364,6.54098,399,100,0,0,0,0,0,0,50,0,0,11
546,1148,6.4,384,100,0,0,0,0,0,0,52,0,0,8
547,1404,6.66102,393,100,0,0,0,0,0,0,46,0,0,13
548,1416,6.6,396,100,0,0,0,0,0,0,48,0,0,12
549,1344,6.6,396,100,0,0,0,0,0,0,48,0,0,12
550,1372,6.50847,384,100,0,0,0,0,0,0,49,0,0,10
551,1280,6.6,363,100,0,0,0,0,0,0,44,0,0,11
552,1228,6.29508,384,100,0,0,0,0,0,0,55,0,0,6
553,1316,6.5,390,100,0,0,0,0,0,0,50,0,0,10
554,1560,6.59016,402,100,0,0,0,0,0,0,49,0,0,12
555,1616,6.62264,351,100,0,0,0,0,0,0,42,0,0,11
556,1360,6.26786,351,100,0,0,0,0,0,0,51,0,0,5
557,1396,6.31579,360,100,0,0,0,0,0,0,51,0,0,6
558,1548,6.30508,372,100,0,0,0,0,0,0,53,0,0,6
559,1412,6.10714,342,100,0,0,0,0,0,0,54,0,0,2
560,1408,6.41071,359,100,0,0,0,0,0,0,48,0,1,7
561,1168,6.33333,342,100,0,0,0,0,0,0,48,0,0,6
562,1224,6.51724,378,100,0,0,0,0,0,0,48,0,0,10
563,1384,6.29508,384,100,0,0,0,0,0,0,55,0,0,6
564,1064,6.25862,363,100,0,0,0,0,0,0,53,0,0,5
565,1052,6.31034,366,100,0,0,0,0,0,0,52,0,0,6
566,1028,6.23077,324,100,0,0,0,0,0,0,48,0,0,4
567,1252,6.35593,375,100,0,0,0,0,0,0,52,0,0,7
568,1132,6.30508,372,100,0,0,0,0,0,0,53,0,0,6
569,1016,6.19355,384,100,0,0,0,0,0,0,58,0,0,4
570,1008,6.33871,393,100,0,0,0,0,0,0,55,0,0,7
571,952,6.15,369,100,0,0,0,0,0,0,57,0,0,3
572,1136,6.23438,399,100,0,0,0,0,0,0,59,0,0,5
573,1132,6.45,387,100,0,0,0,0,0,0,51,0,0,9
574,1120,6.40678,378,100,0,0,0,0,0,0,51,0,0,8
575,1144,6.28571,396,100,0,0,0,0,0,0,57,0,0,6
576,1072,6.24194,387,100,0,0,0,0,0,0,57,0,0,5
577,1144,6.32308,411,100,0,0,0,0,0,0,58,0,0,7
578,1252,6.3,378,100,0,0,0,0,0,0,54,0,0,6
579,1188,6.33871,393,100,0,0,0,0,0,0,55,0,0,7
580,1300,6.46552,375,100,0,0,0,0,0,0,49,0,0,9
581,1136,6.40678,378,100,0,0,0,0,0,0,51,0,0,8
582,1264,6.29508,384,100,0,0,0,0,0,0,55,0,0,6
583,1344,6.34426,387,100,0,0,0,0,0,0,54,0,0,7
584,1428,6.47368,369,100,0,0,0,0,0,0,48,0,0,9
585,1596,6.50847,384,100,0,0,0,0,0,0,49,0,0,10
586,1544,6.62264,351,100,0,0,0,0,0,0,42,0,0,11
587,1816,6.50943,345,100,0,0,0,0,0,0,44,0,0,9
588,1580,6.66,333,100,0,0,0,0,0,0,39,0,0,11
589,1676,6.48214,363,100,0,0,0,0,0,0,47,0,0,9
590,1692,6.31579,360,100,0,0,0,0,0,0,51,0,0,6
591,1796,6.29508,384,100,0,0,0,0,0,0,55,0,0,6
592,1944,6.3871,396,100,0,0,0,0,0,0,54,0,0,8
593,1912,6.375,357,100,0,0,0,0,0,0,49,0,0,7
594,2016,6.31579,360,100,0,0,0,0,0,0,51,0,0,6
595,1892,6.32143,354,100,0,0,0,0,0,0,50,0,0,6
596,1932,6.47368,369,100,0,0,0,0,0,0,48,0,0,9
597,2036,6.4,384,100,0,0,0,0,0,0,52,0,0,8
598,1476,6.21818,342,100,0,0,0,0,0,0,51,0,0,4
599,1656,6.26316,357,100,0,0,0,0,0,0,52,0,0,5
600,1648,6.31579,360,100,0,0,0,0,0,0,51,0,0,6
601,1528,6.10714,342,100,0,0,0,0,0,0,54,0,0,2
602,1572,6.26786,351,100,0,0,0,0,0,0,51,0,0,5
603,1808,6.6,363,100,0,0,0,0,0,0,44,0,0,11
604,1616,6.5,351,100,0,0,0,0,0,0,45,0,0,9
605,1628,6.50943,345,100,0,0,0,0,0,0,44,0,0,9
606,1728,6.63158,378,100,0,0,0,0,0,0,45,0,0,12
607,1772,6.66667,360,100,0,0,0,0,0,0,42,0,0,12
608,1952,6.84211,390,100,0,0,0,0,0,0,41,0,0,16
609,1992,6.66667,360,100,0,0,0,0,0,0,42,0,0,12
610,1684,6.68421,381,100,0,0,0,0,0,0,44,0,0,13
611,1700,6.4918,396,100,0,0,0,0,0,0,51,0,0,10
612,1504,6.19672,378,100,0,0,0,0,0,0,57,0,0,4
613,1484,6.21053,354,100,0,0,0,0,0,0,53,0,0,4
614,1640,6.21053,354,100,0,0,0,0,0,0,53,0,0,4
615,1624,6.26786,351,100,0,0,0,0,0,0,51,0,0,5
616,1432,6.33333,342,100,0,0,0,0,0,0,48,0,0,6
617,1204,6.28302,333,100,0,0,0,0,0,0,48,0,0,5
618,1372,6.26316,357,100,0,0,0,0,0,0,52,0,0,5
619,1464,6.41379,372,100,0,0,0,0,0,0,50,0,0,8
620,1652,6.58929,369,100,0,0,0,0,0,0,45,0,0,11
621,1552,6.46552,375,100,0,0,0,0,0,0,49,0,0,9
622,1424,6.63462,345,100,0,0,0,0,0,0,41,0,0,11
623,1456,6.47368,369,100,0,0,0,0,0,0,48,0,0,9
624,1240,6.44444,348,100,0,0,0,0,0,0,46,0,0,8
625,1344,6.53571,366,100,0,0,0,0,0,0,46,0,0,10
626,1364,6.76364,372,100,0,0,0,0,0,0,41,0,0,14
627,1528,6.43636,354,100,0,0,0,0,0,0,47,0,0,8
628,1504,6.47368,369,100,0,0,0,0,0,0,48,0,0,9
629,1508,6.49091,357,100,0,0,0,0,0,0,46,0,0,9
630,1268,6.44444,348,100,0,0,0,0,0,0,46,0,0,8
631,1368,6.41379,372,100,0,0,0,0,0,0,50,0,0,8
632,1436,6.6,396,100,0,0,0,0,0,0,48,0,0,12
633,1516,6.4918,396,100,0,0,0,0,0,0,51,0,0,10
634,1464,6.3,378,100,0,0,0,0,0,0,54,0,0,6
635,1532,6.375,408,100,0,0,0,0,0,0,56,0,0,8
636,1364,6.56897,381,100,0,0,0,0,0,0,47,0,0,11
637,1452,6.59016,402,100,0,0,0,0,0,0,49,0,0,12
638,1276,6.63158,378,100,0,0,0,0,0,0,45,0,0,12
639,1284,6.45763,381,100,0,0,0,0,0,0,50,0,0,9
640,1476,6.2459,381,100,0,0,0,0,0,0,56,0,0,5
641,1576,6.30508,372,100,0,0,0,0,0,0,53,0,0,6
642,1328,6.50847,384,100,0,0,0,0,0,0,49,0,0,10
643,1512,6.45763,381,100,0,0,0,0,0,0,50,0,0,9
644,1444,6.7,402,100,0,0,0,0,0,0,46,0,0,14
645,1464,6.87931,399,100,0,0,0,0,0,0,41,0,0,17
646,1412,6.71186,396,100,0,0,0,0,0,0,45,0,0,14
647,1428,6.81356,402,100,0,0,0,0,0,0,43,0,0,16
648,1220,6.54098,399,100,0,0,0,0,0,0,50,0,0,11
649,1400,6.54098,399,100,0,0,0,0,0,0,50,0,0,11
650,1252,6.43548,399,100,0,0,0,0,0,0,53,0,0,9
651,1344,6.55385,426,100,0,0,0,0,0,0,53,0,0,12
652,1208,6.58209,441,100,0,0,0,0,0,0,54,0,0,13
653,1188,6.51562,417,100,0,0,0,0,0,0,53,0,0,11
654,1492,6.52174,450,100,0,0,0,0,0,0,57,0,0,12
655,1480,6.58209,441,100,0,0,0,0,0,0,54,0,0,13
656,1516,6.58065,408,100,0,0,0,0,0,0,50,0,0,12
657,1480,6.64615,432,100,0,0,0,0,0,0,51,0,0,14
658,1372,6.32812,405,100,0,0,0,0,0,0,57,0,0,7
659,1192,6.29508,384,100,0,0,0,0,0,0,55,0,0,6
660,1224,6.29032,390,100,0,0,0,0,0,0,56,0,0,6
661,1096,6.2459,381,100,0,0,0,0,0,0,56,0,0,5
662,1216,6.31343,423,100,0,0,0,0,0,0,60,0,0,7
663,1236,6.29032,390,100,0,0,0,0,0,0,56,0,0,6
664,1268,6.2381,393,100,0,0,0,0,0,0,58,0,0,5
665,1096,6.18462,402,100,0,0,0,0,0,0,61,0,0,4
666,1020,6.27273,414,100,0,0,0,0,0,0,60,0,0,6
667,1220,6.42857,405,100,0,0,0,0,0,0,54,0,0,9
668,1160,6.29032,390,100,0,0,0,0,0,0,56,0,0,6
669,1260,6.22727,411,100,0,0,0,0,0,0,61,0,0,5
670,1244,6.19355,384,100,0,0,0,0,0,0,58,0,0,4
671,1336,6.14516,381,100,0,0,0,0,0,0,59,0,0,3
672,1372,6.29032,390,100,0,0,0,0,0,0,56,0,0,6
673,1448,6.32308,411,100,0,0,0,0,0,0,58,0,0,7
674,1076,6.31034,366,100,0,0,0,0,0,0,52,0,0,6
675,1428,6.28571,396,100,0,0,0,0,0,0,57,0,0,6
676,1280,6.09677,378,100,0,0,0,0,0,0,60,0,0,2
677,1204,6.14286,387,100,0,0,0,0,0,0,60,0,0,3
678,1352,6.29508,384,100,0,0,0,0,0,0,55,0,0,6
679,1364,6.34426,387,100,0,0,0,0,0,0,54,0,0,7
680,1440,6.19048,390,100,0,0,0,0,0,0,59,0,0,4
681,1208,6.25862,363,100,0,0,0,0,0,0,53,0,0,5
682,1152,6.3871,396,100,0,0,0,0,0,0,54,0,0,8
683,1428,6.23077,405,100,0,0,0,0,0,0,60,0,0,5
684,1292,6.32308,411,100,0,0,0,0,0,0,58,0,0,7
685,1224,6.24194,387,100,0,0,0,0,0,0,57,0,0,5
686,1464,6.2,372,100,0,0,0,0,0,0,56,0,0,4
687,1396,6.30508,372,100,0,0,0,0,0,0,53,0,0,6
688,1344,6.41379,372,100,0,0,0,0,0,0,50,0,0,8
689,1496,6.32308,411,100,0,0,0,0,0,0,58,0,0,7
690,1372,6.29508,384,100,0,0,0,0,0,0,55,0,0,6
691,1576,6.28125,402,100,0,0,0,0,0,0,58,0,0,6
692,1676,6.29032,390,100,0,0,0,0,0,0,56,0,0,6
693,1612,6.36842,363,100,0,0,0,0,0,0,50,0,0,7
694,1716,6.41538,417,100,0,0,0,0,0,0,56,0,0,9
695,1736,6.43548,399,100,0,0,0,0,0,0,53,0,0,9
696,1572,6.27778,339,100,0,0,0,0,0,0,49,0,0,5
697,1436,6.42857,360,100,0,0,0,0,0,0,48,0,0,8
698,1316,6.27273,345,100,0,0,0,0,0,0,50,0,0,5
699,1408,6.33962,336,100,0,0,0,0,0,0,47,0,0,6
700,1420,6.32727,348,100,0,0,0,0,0,0,49,0,0,6
701,1684,6.51724,378,100,0,0,0,0,0,0,48,0,0,10
702,1584,6.36207,369,100,0,0,0,0,0,0,51,0,0,7
703,1684,6.46552,375,100,0,0,0,0,0,0,49,0,0,9
704,1944,6.65455,366,100,0,0,0,0,0,0,43,0,0,12
705,1508,6.66667,360,100,0,0,0,0,0,0,42,0,0,12
706,1488,6.84211,390,100,0,0,0,0,0,0,41,0,0,16
707,1504,6.75,378,100,0,0,0,0,0,0,42,0,0,14
708,1516,6.82353,348,100,0,0,0,0,0,0,37,0,0,14
709,1576,6.77778,366,100,0,0,0,0,0,0,40,0,0,14
710,1260,6.4375,309,100,0,0,0,0,0,0,41,0,0,7
711,1452,6.5,390,100,0,0,0,0,0,0,50,0,0,10
712,1228,6.46552,375,100,0,0,0,0,0,0,49,0,0,9
713,1368,6.54098,399,100,0,0,0,0,0,0,50,0,0,11
714,924,6.32143,354,100,0,0,0,0,0,0,50,0,0,6
715,944,6.5,390,100,0,0,0,0,0,0,50,0,0,10
716,984,6.4918,396,100,0,0,0,0,0,0,51,0,0,10
717,1256,6.41935,398,100,0,0,0,0,0,0,53,0,1,8
718,968,6.38095,402,100,0,0,0,0,0,0,55,0,0,8
719,1148,6.42857,405,100,0,0,0,0,0,0,54,0,0,9
720,1212,6.3871,396,100,0,0,0,0,0,0,54,0,0,8
721,1424,6.47619,408,100,0,0,0,0,0,0,53,0,0,10
722,1336,6.43548,399,100,0,0,0,0,0,0,53,0,0,9
723,1096,6.39344,390,100,0,0,0,0,0,0,53,0,0,8
724,1300,6.375,408,100,0,0,0,0,0,0,56,0,0,8
725,1332,6.56897,381,100,0,0,0,0,0,0,47,0,0,11
726,1428,6.5,390,100,0,0,0,0,0,0,50,0,0,10
727,1416,6.55,393,100,0,0,0,0,0,0,49,0,0,11
728,1624,6.68852,408,100,0,0,0,0,0,0,47,0,0,14
729,1080,6.53571,366,100,0,0,0,0,0,0,46,0,0,10
730,1184,6.5,390,100,0,0,0,0,0,0,50,0,0,10
731,1360,6.45763,381,100,0,0,0,0,0,0,50,0,0,9
732,936,6.2459,381,100,0,0,0,0,0,0,56,0,0,5
733,1036,6.3871,396,100,0,0,0,0,0,0,54,0,0,8
734,1092,6.375,408,100,0,0,0,0,0,0,56,0,0,8
735,1116,6.29032,390,100,0,0,0,0,0,0,56,0,0,6
736,980,6.50847,384,100,0,0,0,0,0,0,49,0,0,10
737,1132,6.43333,386,100,0,0,0,0,0,0,51,0,1,8
738,1268,6.60938,423,100,0,0,0,0,0,0,51,0,0,13
739,1244,6.67241,387,100,0,0,0,0,0,0,45,0,0,13
740,1460,6.38095,402,100,0,0,0,0,0,0,55,0,0,8
741,1208,6.43548,399,100,0,0,0,0,0,0,53,0,0,9
742,1452,6.60938,423,100,0,0,0,0,0,0,51,0,0,13
743,1328,6.63158,378,100,0,0,0,0,0,0,45,0,0,12
744,1348,6.40678,378,100,0,0,0,0,0,0,51,0,0,8
745,1340,6.5,429,100,0,0,0,0,0,0,55,0,0,11
746,1576,6.73846,438,100,0,0,0,0,0,0,49,0,0,16
747,1628,6.7377,411,100,0,0,0,0,0,0,46,0,0,15
748,1640,6.72581,417,100,0,0,0,0,0,0,47,0,0,15
749,1840,6.93103,402,100,0,0,0,0,0,0,40,0,0,18
750,1780,6.81356,402,100,0,0,0,0,0,0,43,0,0,16
751,1788,6.8,408,100,0,0,0,0,0,0,44,0,0,16
752,1804,6.84211,390,100,0,0,0,0,0,0,41,0,0,16
753,2020,6.96429,390,100,0,0,0,0,0,0,38,0,0,18
754,2028,6.91525,408,100,0,0,0,0,0,0,41,0,0,18
755,2136,7.03636,387,100,0,0,0,0,0,0,36,0,0,19
756,2260,7.22222,390,100,0,0,0,0,0,0,32,0,0,22
757,2500,7.21154,375,100,0,0,0,0,0,0,31,0,0,21
758,2368,7.13793,414,100,0,0,0,0,0,0,36,0,0,22
759,1588,7.0678,417,100,0,0,0,0,0,0,38,0,0,21
760,1240,6.79245,360,100,0,0,0,0,0,0,39,0,0,14
761,1420,7.17857,402,100,0,0,0,0,0,0,34,0,0,22
762,1512,7.09091,390,100,0,0,0,0,0,0,35,0,0,20
763,1364,7.07143,396,100,0,0,0,0,0,0,36,0,0,20
764,1608,7,420,100,0,0,0,0,0,0,40,0,0,20
765,1544,7.26316,414,100,0,0,0,0,0,0,33,0,0,24
766,1428,7.32203,432,100,0,0,0,0,0,0,33,0,0,26
767,1700,7.25,435,100,0,0,0,0,0,0,35,0,0,25
768,1608,7.30909,402,100,0,0,0,0,0,0,31,0,0,24
769,1800,7.28571,408,100,0,0,0,0,0,0,32,0,0,24
770,1780,7.35,441,100,0,0,0,0,0,0,33,0,0,27
771,1724,7.2931,423,100,0,0,0,0,0,0,33,0,0,25
772,1712,7.15385,465,100,0,0,0,0,0,0,40,0,0,25
773,1280,7,420,100,0,0,0,0,0,0,40,0,0,20
774,1492,7.10526,405,100,0,0,0,0,0,0,36,0,0,21
775,1396,7.28571,408,100,0,0,0,0,0,0,32,0,0,24
776,1308,7.01887,372,100,0,0,0,0,0,0,35,0,0,18
777,1320,7.27778,393,100,0,0,0,0,0,0,31,0,0,23
778,1208,7,357,100,0,0,0,0,0,0,34,0,0,17
779,1408,7.01613,435,100,0,0,0,0,0,0,41,0,0,21
780,1428,7.31579,417,100,0,0,0,0,0,0,32,0,0,25
781,1444,7.36364,405,100,0,0,0,0,0,0,30,0,0,25
782,1404,7.27778,393,100,0,0,0,0,0,0,31,0,0,23
783,1492,7.57895,432,100,0,0,0,0,0,0,27,0,0,30
784,1532,7.37705,450,100,0,0,0,0,0,0,33,0,0,28
785,1496,7.61111,411,100,0,0,0,0,0,0,25,0,0,29
786,1800,7.63158,435,100,0,0,0,0,0,0,26,0,0,31
787,1600,7.69811,408,100,0,0,0,0,0,0,23,0,0,30
788,1620,7.5,405,100,0,0,0,0,0,0,27,0,0,27
789,1944,7.4717,396,100,0,0,0,0,0,0,27,0,0,26
790,1720,7.35849,390,100,0,0,0,0,0,0,29,0,0,24
791,1604,7.58182,417,100,0,0,0,0,0,0,26,0,0,29
792,1736,7.72222,417,100,0,0,0,0,0,0,23,0,0,31
793,1708,7.5,405,100,0,0,0,0,0,0,27,0,0,27
794,1696,7.2,396,100,0,0,0,0,0,0,33,0,0,22
795,1644,7.31579,417,100,0,0,0,0,0,0,32,0,0,25
796,1768,7.16949,423,100,0,0,0,0,0,0,36,0,0,23
797,1484,7.16949,423,100,0,0,0,0,0,0,36,0,0,23
798,1328,6.95,417,100,0,0,0,0,0,0,41,0,0,19
799,1380,6.87692,447,100,0,0,0,0,0,0,46,0,0,19
800,1204,6.98182,384,100,0,0,0,0,0,0,37,0,0,18
801,1288,6.85,411,100,0,0,0,0,0,0,43,0,0,17
802,1416,6.98276,405,100,0,0,0,0,0,0,39,0,0,19
803,1600,7.21875,462,100,0,0,0,0,0,0,38,0,0,26
804,1508,7.125,456,100,0,0,0,0,0,0,40,0,0,24
805,1328,7.03448,408,100,0,0,0,0,0,0,38,0,0,20
806,1636,7.18966,417,100,0,0,0,0,0,0,35,0,0,23
807,1548,7.03279,429,100,0,0,0,0,0,0,40,0,0,21
808,1700,7.14516,443,100,0,0,0,0,0,0,38,0,1,23
809,1256,7.11111,384,100,0,0,0,0,0,0,34,0,0,20
810,1676,7.1,426,100,0,0,0,0,0,0,38,0,0,22
811,1564,7.0678,417,100,0,0,0,0,0,0,38,0,0,21
812,1684,7.18966,417,100,0,0,0,0,0,0,35,0,0,23
813,1468,6.91525,408,100,0,0,0,0,0,0,41,0,0,18
814,1632,7.08621,411,100,0,0,0,0,0,0,37,0,0,21
815,1444,7.15789,408,100,0,0,0,0,0,0,35,0,0,22
816,1544,7.09091,390,100,0,0,0,0,0,0,35,0,0,20
817,1428,7.09615,369,100,0,0,0,0,0,0,33,0,0,19
818,1700,7.21053,411,100,0,0,0,0,0,0,34,0,0,23
819,1448,6.98182,384,100,0,0,0,0,0,0,37,0,0,18
820,1636,7.21053,411,100,0,0,0,0,0,0,34,0,0,23
821,1372,6.94737,396,100,0,0,0,0,0,0,39,0,0,18
822,1464,7.22222,390,100,0,0,0,0,0,0,32,0,0,22
823,1616,7.15789,408,100,0,0,0,0,0,0,35,0,0,22
824,1592,7.18966,417,100,0,0,0,0,0,0,35,0,0,23
825,1432,7.4717,396,100,0,0,0,0,0,0,27,0,0,26
826,1688,7.18033,438,100,0,0,0,0,0,0,37,0,0,24
827,1592,6.89474,393,100,0,0,0,0,0,0,40,0,0,17
828,1532,6.91935,429,100,0,0,0,0,0,0,43,0,0,19
829,1520,6.93443,423,100,0,0,0,0,0,0,42,0,0,19
830,1788,6.9403,465,100,0,0,0,0,0,0,46,0,0,21
831,1560,6.77419,420,100,0,0,0,0,0,0,46,0,0,16
832,1544,6.86441,405,100,0,0,0,0,0,0,42,0,0,17
833,1512,7.14545,393,100,0,0,0,0,0,0,34,0,0,21
834,1336,6.87931,399,100,0,0,0,0,0,0,41,0,0,17
835,1460,7,420,100,0,0,0,0,0,0,40,0,0,20
836,1592,6.74576,398,100,0,0,0,0,0,0,44,0,1,14
837,1456,6.94737,396,100,0,0,0,0,0,0,39,0,0,18
838,1432,7.05556,381,100,0,0,0,0,0,0,35,0,0,19
839,1500,7.07143,396,100,0,0,0,0,0,0,36,0,0,20
840,1488,7.11765,363,100,0,0,0,0,0,0,32,0,0,19
841,1728,7.05263,402,100,0,0,0,0,0,0,37,0,0,20
842,1364,6.88889,372,100,0,0,0,0,0,0,38,0,0,16
843,1324,6.62069,384,100,0,0,0,0,0,0,46,0,0,12
844,1524,6.84211,390,100,0,0,0,0,0,0,41,0,0,16
845,1544,6.87931,399,100,0,0,0,0,0,0,41,0,0,17
846,1652,6.68852,408,100,0,0,0,0,0,0,47,0,0,14
847,1348,6.79245,360,100,0,0,0,0,0,0,39,0,0,14
848,1424,6.68421,381,100,0,0,0,0,0,0,44,0,0,13
849,1424,6.67241,387,100,0,0,0,0,0,0,45,0,0,13
850,1480,6.70909,369,100,0,0,0,0,0,0,42,0,0,13
851,1380,6.72222,363,100,0,0,0,0,0,0,41,0,0,13
852,1788,6.87931,399,100,0,0,0,0,0,0,41,0,0,17
853,1640,6.87273,378,100,0,0,0,0,0,0,39,0,0,16
854,1536,7.01786,393,100,0,0,0,0,0,0,37,0,0,19
855,1692,6.96429,390,100,0,0,0,0,0,0,38,0,0,18
856,1424,6.85714,384,100,0,0,0,0,0,0,40,0,0,16
857,1644,6.88525,420,100,0,0,0,0,0,0,43,0,0,18
858,1600,6.96429,390,100,0,0,0,0,0,0,38,0,0,18
859,1984,7.21053,411,100,0,0,0,0,0,0,34,0,0,23
860,1848,7.01695,414,100,0,0,0,0,0,0,39,0,0,20
861,1852,7.07143,396,100,0,0,0,0,0,0,36,0,0,20
862,1736,6.92727,381,100,0,0,0,0,0,0,38,0,0,17
863,1668,6.96226,369,100,0,0,0,0,0,0,36,0,0,17
864,1524,6.78689,414,100,0,0,0,0,0,0,45,0,0,16
865,1304,6.68852,408,100,0,0,0,0,0,0,47,0,0,14
866,1312,6.65625,426,100,0,0,0,0,0,0,50,0,0,14
867,1376,6.58929,369,100,0,0,0,0,0,0,45,0,0,11
868,1344,6.57143,414,100,0,0,0,0,0,0,51,0,0,12
869,1572,6.83607,417,100,0,0,0,0,0,0,44,0,0,17
870,1628,6.91525,408,100,0,0,0,0,0,0,41,0,0,18
871,1648,7.05263,402,100,0,0,0,0,0,0,37,0,0,20
872,1564,6.8,408,100,0,0,0,0,0,0,44,0,0,16
873,1628,6.57895,375,100,0,0,0,0,0,0,46,0,0,11
874,1432,6.58929,369,100,0,0,0,0,0,0,45,0,0,11
875,1116,6.38182,351,100,0,0,0,0,0,0,48,0,0,7
876,1356,6.55932,387,100,0,0,0,0,0,0,48,0,0,11
877,1604,6.53226,405,100,0,0,0,0,0,0,51,0,0,11
878,1460,6.59016,402,100,0,0,0,0,0,0,49,0,0,12
879,1472,6.46552,375,100,0,0,0,0,0,0,49,0,0,9
880,1556,6.66102,393,100,0,0,0,0,0,0,46,0,0,13
881,1644,6.54545,432,100,0,0,0,0,0,0,54,0,0,12
882,1632,6.4918,396,100,0,0,0,0,0,0,51,0,0,10
883,1712,6.36923,414,100,0,0,0,0,0,0,57,0,0,8
884,1560,6.42105,366,100,0,0,0,0,0,0,49,0,0,8
885,1160,6.42105,366,100,0,0,0,0,0,0,49,0,0,8
886,1292,6.55932,387,100,0,0,0,0,0,0,48,0,0,11
887,1132,6.39623,339,100,0,0,0,0,0,0,46,0,0,7
888,1192,6.33871,393,100,0,0,0,0,0,0,55,0,0,7
889,1052,6.38095,402,100,0,0,0,0,0,0,55,0,0,8
890,1248,6.47619,408,100,0,0,0,0,0,0,53,0,0,10
891,1308,6.5625,420,100,0,0,0,0,0,0,52,0,0,12
892,1500,6.47619,408,100,0,0,0,0,0,0,53,0,0,10
893,1420,6.55556,354,100,0,0,0,0,0,0,44,0,0,10
894,1500,6.67742,414,100,0,0,0,0,0,0,48,0,0,14
895,1384,6.58065,408,100,0,0,0,0,0,0,50,0,0,12
896,1512,6.6,396,100,0,0,0,0,0,0,48,0,0,12
897,1640,6.59016,402,100,0,0,0,0,0,0,49,0,0,12
898,1420,6.62264,351,100,0,0,0,0,0,0,42,0,0,11
899,1784,6.80357,381,100,0,0,0,0,0,0,41,0,0,15
900,1516,6.98182,384,100,0,0,0,0,0,0,37,0,0,18
901,1468,6.92727,381,100,0,0,0,0,0,0,38,0,0,17
902,1624,6.86441,405,100,0,0,0,0,0,0,42,0,0,17
903,1476,6.92727,381,100,0,0,0,0,0,0,38,0,0,17
904,1340,6.68421,381,100,0,0,0,0,0,0,44,0,0,13
905,1560,6.8,408,100,0,0,0,0,0,0,44,0,0,16
906,1388,6.85714,384,100,0,0,0,0,0,0,40,0,0,16
907,1592,6.72414,390,100,0,0,0,0,0,0,44,0,0,14
908,1744,6.9661,411,100,0,0,0,0,0,0,40,0,0,19
909,1936,6.70312,429,100,0,0,0,0,0,0,49,0,0,15
910,1932,6.55,393,100,0,0,0,0,0,0,49,0,0,11
911,1752,6.7377,411,100,0,0,0,0,0,0,46,0,0,15
912,1980,6.86441,405,100,0,0,0,0,0,0,42,0,0,17
913,1812,6.82759,396,100,0,0,0,0,0,0,42,0,0,16
914,2112,6.73684,384,100,0,0,0,0,0,0,43,0,0,14
915,1752,6.62069,384,100,0,0,0,0,0,0,46,0,0,12
916,1952,7.05263,402,100,0,0,0,0,0,0,37,0,0,20
917,1836,6.70909,369,100,0,0,0,0,0,0,42,0,0,13
918,1368,6.65455,366,100,0,0,0,0,0,0,43,0,0,12
919,1136,6.4898,318,100,0,0,0,0,0,0,41,0,0,8
920,1240,6.62264,351,100,0,0,0,0,0,0,42,0,0,11
921,1392,6.6,396,100,0,0,0,0,0,0,48,0,0,12
922,1368,6.87931,399,100,0,0,0,0,0,0,41,0,0,17
923,1424,7.05263,402,100,0,0,0,0,0,0,37,0,0,20
924,1340,6.94737,396,100,0,0,0,0,0,0,39,0,0,18
925,1572,6.71429,423,100,0,0,0,0,0,0,48,0,0,15
926,1528,6.7,402,100,0,0,0,0,0,0,46,0,0,14
927,1520,6.42857,360,100,0,0,0,0,0,0,48,0,0,8
928,1860,6.63934,405,100,0,0,0,0,0,0,48,0,0,13
929,1456,6.51724,378,100,0,0,0,0,0,0,48,0,0,10
930,1460,6.51724,378,100,0,0,0,0,0,0,48,0,0,10
931,1496,6.66667,360,100,0,0,0,0,0,0,42,0,0,12
932,1584,6.43548,399,100,0,0,0,0,0,0,53,0,0,9
933,1596,6.36842,363,100,0,0,0,0,0,0,50,0,0,7
934,1528,6.40678,378,100,0,0,0,0,0,0,51,0,0,8
935,1480,6.63158,378,100,0,0,0,0,0,0,45,0,0,12
936,1476,6.49091,357,100,0,0,0,0,0,0,46,0,0,9
937,1808,6.62069,384,100,0,0,0,0,0,0,46,0,0,12
938,1784,6.32143,354,100,0,0,0,0,0,0,50,0,0,6
939,1900,6.5,390,100,0,0,0,0,0,0,50,0,0,10
940,2104,6.48387,402,100,0,0,0,0,0,0,52,0,0,10
941,2460,6.53226,405,100,0,0,0,0,0,0,51,0,0,11
942,2440,6.72414,390,100,0,0,0,0,0,0,44,0,0,14
943,2276,6.62069,384,100,0,0,0,0,0,0,46,0,0,12
944,1888,6.64286,372,100,0,0,0,0,0,0,44,0,0,12
945,1576,6.73585,357,100,0,0,0,0,0,0,40,0,0,13
946,1716,6.66667,360,100,0,0,0,0,0,0,42,0,0,12
947,1508,6.42105,366,100,0,0,0,0,0,0,49,0,0,8
948,1516,6.6,396,100,0,0,0,0,0,0,48,0,0,12
949,1628,6.64286,372,100,0,0,0,0,0,0,44,0,0,12
950,1716,6.50847,384,100,0,0,0,0,0,0,49,0,0,10
951,1764,6.61017,390,100,0,0,0,0,0,0,47,0,0,12
952,1648,6.45763,381,100,0,0,0,0,0,0,50,0,0,9
953,1964,6.76364,372,100,0,0,0,0,0,0,41,0,0,14
954,1860,6.9,345,100,0,0,0,0,0,0,35,0,0,15
955,2116,6.58929,369,100,0,0,0,0,0,0,45,0,0,11
956,2316,6.78689,414,100,0,0,0,0,0,0,45,0,0,16
957,2144,6.88889,372,100,0,0,0,0,0,0,38,0,0,16
958,2456,7.01695,414,100,0,0,0,0,0,0,39,0,0,20
959,1964,7.01786,393,100,0,0,0,0,0,0,37,0,0,19
960,1848,6.84906,363,100,0,0,0,0,0,0,38,0,0,15
961,1892,6.78947,387,100,0,0,0,0,0,0,42,0,0,15
962,1744,6.62069,384,100,0,0,0,0,0,0,46,0,0,12
963,1292,6.41379,372,100,0,0,0,0,0,0,50,0,0,8
964,1416,6.77586,393,100,0,0,0,0,0,0,43,0,0,15
965,1316,6.84906,363,100,0,0,0,0,0,0,38,0,0,15
966,1404,6.50847,384,100,0,0,0,0,0,0,49,0,0,10
967,1616,6.47368,369,100,0,0,0,0,0,0,48,0,0,9
968,1584,6.34426,387,100,0,0,0,0,0,0,54,0,0,7
969,1660,6.48214,363,100,0,0,0,0,0,0,47,0,0,9
970,1948,6.45,387,100,0,0,0,0,0,0,51,0,0,9
971,1212,6.42857,360,100,0,0,0,0,0,0,48,0,0,8
972,1288,6.41379,372,100,0,0,0,0,0,0,50,0,0,8
973,1636,6.31579,360,100,0,0,0,0,0,0,51,0,0,6
974,1244,6.42857,360,100,0,0,0,0,0,0,48,0,0,8
975,1500,6.51724,378,100,0,0,0,0,0,0,48,0,0,10
976,1564,6.53571,366,100,0,0,0,0,0,0,46,0,0,10
977,1724,6.45763,381,100,0,0,0,0,0,0,50,0,0,9
978,1452,6.73684,384,100,0,0,0,0,0,0,43,0,0,14
979,1480,6.57895,375,100,0,0,0,0,0,0,46,0,0,11
980,1272,6.47368,369,100,0,0,0,0,0,0,48,0,0,9
981,1432,6.47619,408,100,0,0,0,0,0,0,53,0,0,10
982,1148,6.45763,381,100,0,0,0,0,0,0,50,0,0,9
983,1288,6.55932,387,100,0,0,0,0,0,0,48,0,0,11
984,1540,6.51562,417,100,0,0,0,0,0,0,53,0,0,11
985,1388,6.40678,378,100,0,0,0,0,0,0,51,0,0,8
986,1612,6.53226,405,100,0,0,0,0,0,0,51,0,0,11
987,1484,6.54545,432,100,0,0,0,0,0,0,54,0,0,12
988,1360,6.66102,393,100,0,0,0,0,0,0,46,0,0,13
989,1532,6.77273,447,100,0,0,0,0,0,0,49,0,0,17
990,1492,6.71429,423,100,0,0,0,0,0,0,48,0,0,15
991,1388,6.53226,405,100,0,0,0,0,0,0,51,0,0,11
992,1440,6.58065,408,100,0,0,0,0,0,0,50,0,0,12
993,1444,6.76271,399,100,0,0,0,0,0,0,44,0,0,15
994,1428,6.68852,408,100,0,0,0,0,0,0,47,0,0,14
995,1556,6.62069,384,100,0,0,0,0,0,0,46,0,0,12
996,1560,6.38095,402,100,0,0,0,0,0,0,55,0,0,8
997,1276,6.45,387,100,0,0,0,0,0,0,51,0,0,9
998,1280,6.35,381,100,0,0,0,0,0,0,53,0,0,7
999,1488,6.46154,420,100,0,0,0,0,0,0,55,0,0,10
