update,points,mean_tasks,total_tasks,total_orgs,task_0,task_1,task_2,task_3,task_4,task_5,task_6,task_7,task_8,task_9
0,0,nan,0,10,0,0,0,0,0,0,0,0,0,0
1,64,6,24,10,0,0,0,0,0,0,4,0,0,0
2,72,6,30,12,0,0,0,0,0,0,5,0,0,0
3,84,6,36,13,0,0,0,0,0,0,6,0,0,0
4,132,6,54,13,0,0,0,0,0,0,9,0,0,0
5,108,6,54,15,0,0,0,0,0,0,9,0,0,0
6,112,6,54,15,0,0,0,0,0,0,9,0,0,0
7,108,6,54,16,0,0,0,0,0,0,9,0,0,0
8,144,6,66,17,0,0,0,0,0,0,11,0,0,0
9,148,6,72,19,0,0,0,0,0,0,12,0,0,0
10,184,6,78,22,0,0,0,0,0,0,13,0,0,0
11,164,6,78,24,0,0,0,0,0,0,13,0,0,0
12,216,6,90,26,0,0,0,0,0,0,15,0,0,0
13,240,6,114,29,0,0,0,0,0,0,19,0,0,0
14,256,6,114,30,0,0,0,0,0,0,19,0,0,0
15,276,6,138,32,0,0,0,0,0,0,23,0,0,0
16,320,6,144,35,0,0,0,0,0,0,24,0,0,0
17,296,6,156,36,0,0,0,0,0,0,26,0,0,0
18,388,6,162,39,0,0,0,0,0,0,27,0,0,0
19,332,6,168,42,0,0,0,0,0,0,28,0,0,0
20,364,6,174,45,0,0,0,0,0,0,29,0,0,0
21,432,6,198,49,0,0,0,0,0,0,33,0,0,0
22,472,6,210,53,0,0,0,0,0,0,35,0,0,0
23,548,6,228,58,0,0,0,0,0,0,38,0,0,0
24,604,6,252,58,0,0,0,0,0,0,42,0,0,0
25,632,6.06977,261,62,0,0,0,0,0,0,42,0,0,1
26,532,6.06977,261,64,0,0,0,0,0,0,42,0,0,1
27,636,6.06667,273,66,0,0,0,0,0,0,44,0,0,1
28,556,6.07692,237,70,0,0,0,0,0,0,38,0,0,1
29,756,6,294,73,0,0,0,0,0,0,49,0,0,0
30,760,6.0625,291,76,0,0,0,0,0,0,47,0,0,1
31,732,6.10417,293,80,0,0,0,0,0,0,46,0,1,1
32,948,6.18644,365,84,0,0,0,0,0,0,55,0,1,3
33,960,6.10345,354,88,0,0,0,0,0,0,56,0,0,2
34,972,6.09524,384,91,0,0,0,0,0,0,61,0,0,2
35,964,6,372,92,0,0,0,0,0,0,62,0,0,0
36,888,6,360,93,0,0,0,0,0,0,60,0,0,0
37,856,6,354,94,0,0,0,0,0,0,59,0,0,0
38,944,6.04839,375,94,0,0,0,0,0,0,61,0,0,1
39,1112,6.08955,408,94,0,0,0,0,0,0,65,0,0,2
40,1036,6.13433,411,97,0,0,0,0,0,0,64,0,0,3
41,1028,6.08571,426,98,0,0,0,0,0,0,68,0,0,2
42,1004,6.04348,417,99,0,0,0,0,0,0,68,0,0,1
43,1000,6.04348,417,99,0,0,0,0,0,0,68,0,0,1
44,908,6.04545,399,99,0,0,0,0,0,0,65,0,0,1
45,888,6.04688,387,99,0,0,0,0,0,0,63,0,0,1
46,904,6,402,100,0,0,0,0,0,0,67,0,0,0
47,900,6,402,100,0,0,0,0,0,0,67,0,0,0
48,1016,6.04615,393,100,0,0,0,0,0,0,64,0,0,1
49,932,6.04762,381,100,0,0,0,0,0,0,62,0,0,1
50,1192,6.08696,420,100,0,0,0,0,0,0,67,0,0,2
51,1256,6.1,366,100,0,0,0,0,0,0,58,0,0,2
52,1276,6.04839,375,100,0,0,0,0,0,0,61,0,0,1
53,1052,6.10526,348,100,0,0,0,0,0,0,55,0,0,2
54,1056,6.10714,342,100,0,0,0,0,0,0,54,0,0,2
55,1248,6.04918,369,100,0,0,0,0,0,0,60,0,0,1
56,1100,6.10526,348,100,0,0,0,0,0,0,55,0,0,2
57,1232,6.09836,372,100,0,0,0,0,0,0,59,0,0,2
58,1368,6.15,369,100,0,0,0,0,0,0,57,0,0,3
59,1464,6.1,366,100,0,0,0,0,0,0,58,0,0,2
60,1736,6.09677,378,100,0,0,0,0,0,0,60,0,0,2
61,1700,6.1,366,100,0,0,0,0,0,0,58,0,0,2
62,1412,6.15254,363,100,0,0,0,0,0,0,56,0,0,3
63,1416,6.10345,354,100,0,0,0,0,0,0,56,0,0,2
64,1540,6.09524,384,100,0,0,0,0,0,0,61,0,0,2
65,1444,6.10909,336,100,0,0,0,0,0,0,53,0,0,2
66,1372,6.29508,384,100,0,0,0,0,0,0,55,0,0,6
67,1568,6.24194,387,100,0,0,0,0,0,0,57,0,0,5
68,1460,6.20339,366,100,0,0,0,0,0,0,55,0,0,4
69,1008,6.11111,330,100,0,0,0,0,0,0,52,0,0,2
70,1244,6.29032,390,100,0,0,0,0,0,0,56,0,0,6
71,1164,6.35593,375,100,0,0,0,0,0,0,52,0,0,7
72,1180,6.15517,357,100,0,0,0,0,0,0,55,0,0,3
73,1188,6.05263,345,100,0,0,0,0,0,0,56,0,0,1
74,1296,6.15,369,100,0,0,0,0,0,0,57,0,0,3
75,1388,6.25,375,100,0,0,0,0,0,0,55,0,0,5
76,1312,6.25,375,100,0,0,0,0,0,0,55,0,0,5
77,1248,6.13846,399,100,0,0,0,0,0,0,62,0,0,3
78,1108,6.14286,387,100,0,0,0,0,0,0,60,0,0,3
79,1060,6.10169,360,100,0,0,0,0,0,0,57,0,0,2
80,1328,6.1875,396,100,0,0,0,0,0,0,60,0,0,4
81,1188,6.19355,384,100,0,0,0,0,0,0,58,0,0,4
82,1256,6.09677,378,100,0,0,0,0,0,0,60,0,0,2
83,1576,6.13235,417,100,0,0,0,0,0,0,65,0,0,3
84,1380,6.29032,390,100,0,0,0,0,0,0,56,0,0,6
85,1472,6.24194,387,100,0,0,0,0,0,0,57,0,0,5
86,1516,6.14062,393,100,0,0,0,0,0,0,61,0,0,3
87,1540,6.34426,387,100,0,0,0,0,0,0,54,0,0,7
88,1424,6.28302,333,100,0,0,0,0,0,0,48,0,0,5
89,1648,6.33871,393,100,0,0,0,0,0,0,55,0,0,7
90,1740,6.42105,366,100,0,0,0,0,0,0,49,0,0,8
91,1624,6.2,372,100,0,0,0,0,0,0,56,0,0,4
92,1736,6.35,381,100,0,0,0,0,0,0,53,0,0,7
93,1092,6.21053,354,100,0,0,0,0,0,0,53,0,0,4
94,1184,6.31034,366,100,0,0,0,0,0,0,52,0,0,6
95,1312,6.35,381,100,0,0,0,0,0,0,53,0,0,7
96,1244,6.32143,354,100,0,0,0,0,0,0,50,0,0,6
97,1388,6.41379,372,100,0,0,0,0,0,0,50,0,0,8
98,1724,6.42857,360,100,0,0,0,0,0,0,48,0,0,8
99,1656,6.47368,369,100,0,0,0,0,0,0,48,0,0,9
100,1544,6.36207,369,100,0,0,0,0,0,0,51,0,0,7
101,1496,6.2,372,100,0,0,0,0,0,0,56,0,0,4
102,1448,6.28125,402,100,0,0,0,0,0,0,58,0,0,6
103,1544,6.45,387,100,0,0,0,0,0,0,51,0,0,9
104,1564,6.55,393,100,0,0,0,0,0,0,49,0,0,11
105,1560,6.61905,417,100,0,0,0,0,0,0,50,0,0,13
106,1420,6.41379,372,100,0,0,0,0,0,0,50,0,0,8
107,1380,6.50847,384,100,0,0,0,0,0,0,49,0,0,10
108,1720,6.40909,423,100,0,0,0,0,0,0,57,0,0,9
109,1752,6.38182,351,100,0,0,0,0,0,0,48,0,0,7
110,1988,6.44444,348,100,0,0,0,0,0,0,46,0,0,8
111,1856,6.50847,384,100,0,0,0,0,0,0,49,0,0,10
112,2120,6.59016,402,100,0,0,0,0,0,0,49,0,0,12
113,1864,6.34615,330,100,0,0,0,0,0,0,46,0,0,6
114,2256,6.40678,378,100,0,0,0,0,0,0,51,0,0,8
115,2048,6.56897,381,100,0,0,0,0,0,0,47,0,0,11
116,1772,6.55932,387,100,0,0,0,0,0,0,48,0,0,11
117,1816,6.56897,381,100,0,0,0,0,0,0,47,0,0,11
118,2032,6.88889,372,100,0,0,0,0,0,0,38,0,0,16
119,1432,6.64286,372,100,0,0,0,0,0,0,44,0,0,12
120,1324,6.63158,378,100,0,0,0,0,0,0,45,0,0,12
121,1420,6.4918,396,100,0,0,0,0,0,0,51,0,0,10
122,1308,6.76271,399,100,0,0,0,0,0,0,44,0,0,15
123,1288,6.55932,387,100,0,0,0,0,0,0,48,0,0,11
124,1108,6.64286,372,100,0,0,0,0,0,0,44,0,0,12
125,1232,6.41379,372,100,0,0,0,0,0,0,50,0,0,8
126,1276,6.62069,384,100,0,0,0,0,0,0,46,0,0,12
127,1536,6.55932,387,100,0,0,0,0,0,0,48,0,0,11
128,1416,6.42623,392,100,0,0,0,0,0,0,52,0,1,8
129,1324,6.41379,372,100,0,0,0,0,0,0,50,0,0,8
130,1336,6.57895,375,100,0,0,0,0,0,0,46,0,0,11
131,1336,6.51724,378,100,0,0,0,0,0,0,48,0,0,10
132,1344,6.39344,390,100,0,0,0,0,0,0,53,0,0,8
133,1356,6.52632,372,100,0,0,0,0,0,0,47,0,0,10
134,1264,6.44262,393,100,0,0,0,0,0,0,52,0,0,9
135,1356,6.56897,381,100,0,0,0,0,0,0,47,0,0,11
136,1524,6.68852,408,100,0,0,0,0,0,0,47,0,0,14
137,1680,6.80952,429,100,0,0,0,0,0,0,46,0,0,17
138,1540,6.65,399,100,0,0,0,0,0,0,47,0,0,13
139,1800,6.75,378,100,0,0,0,0,0,0,42,0,0,14
140,1932,6.94444,375,100,0,0,0,0,0,0,37,0,0,17
141,1996,6.76364,372,100,0,0,0,0,0,0,41,0,0,14
142,1680,6.63462,345,100,0,0,0,0,0,0,41,0,0,11
143,1700,6.59016,402,100,0,0,0,0,0,0,49,0,0,12
144,1800,6.5625,420,100,0,0,0,0,0,0,52,0,0,12
145,1516,6.56897,381,100,0,0,0,0,0,0,47,0,0,11
146,1692,6.52632,372,100,0,0,0,0,0,0,47,0,0,10
147,1636,6.54098,399,100,0,0,0,0,0,0,50,0,0,11
148,1692,6.63158,378,100,0,0,0,0,0,0,45,0,0,12
149,1684,6.64615,432,100,0,0,0,0,0,0,51,0,0,14
150,1552,6.7377,411,100,0,0,0,0,0,0,46,0,0,15
151,1796,6.89062,441,100,0,0,0,0,0,0,45,0,0,19
152,1348,6.48214,363,100,0,0,0,0,0,0,47,0,0,9
153,1508,6.52632,372,100,0,0,0,0,0,0,47,0,0,10
154,1780,6.65,399,100,0,0,0,0,0,0,47,0,0,13
155,1504,6.63158,378,100,0,0,0,0,0,0,45,0,0,12
156,1532,6.64286,372,100,0,0,0,0,0,0,44,0,0,12
157,1488,6.75,378,100,0,0,0,0,0,0,42,0,0,14
158,1344,6.63462,345,100,0,0,0,0,0,0,41,0,0,11
159,1608,6.51724,378,100,0,0,0,0,0,0,48,0,0,10
160,1564,6.56897,381,100,0,0,0,0,0,0,47,0,0,11
161,1324,6.57895,375,100,0,0,0,0,0,0,46,0,0,11
162,1516,6.56897,381,100,0,0,0,0,0,0,47,0,0,11
163,1656,6.61017,390,100,0,0,0,0,0,0,47,0,0,12
164,1504,6.32143,354,100,0,0,0,0,0,0,50,0,0,6
165,1460,6.29508,384,100,0,0,0,0,0,0,55,0,0,6
166,1352,6.45,387,100,0,0,0,0,0,0,51,0,0,9
167,1600,6.47368,369,100,0,0,0,0,0,0,48,0,0,9
168,1544,6.4,384,100,0,0,0,0,0,0,52,0,0,8
169,1484,6.64286,372,100,0,0,0,0,0,0,44,0,0,12
170,1796,6.4918,396,100,0,0,0,0,0,0,51,0,0,10
171,1728,6.50847,384,100,0,0,0,0,0,0,49,0,0,10
172,1172,6.10909,336,100,0,0,0,0,0,0,53,0,0,2
173,1648,6.24194,387,100,0,0,0,0,0,0,57,0,0,5
174,1536,6.23529,318,100,0,0,0,0,0,0,47,0,0,4
175,1300,6.15789,351,100,0,0,0,0,0,0,54,0,0,3
176,964,6.10345,354,100,0,0,0,0,0,0,56,0,0,2
177,1072,6.14754,375,100,0,0,0,0,0,0,58,0,0,3
178,1056,6.15517,357,100,0,0,0,0,0,0,55,0,0,3
179,1168,6.21053,354,100,0,0,0,0,0,0,53,0,0,4
180,1408,6.10345,354,100,0,0,0,0,0,0,56,0,0,2
181,1436,6.10526,348,100,0,0,0,0,0,0,55,0,0,2
182,1664,6.14754,375,100,0,0,0,0,0,0,58,0,0,3
183,1764,6.24561,356,100,0,0,0,0,0,0,52,0,1,4
184,1664,6.03333,362,100,0,0,0,0,0,0,59,0,1,0
185,1644,6.08333,365,100,0,0,0,0,0,0,58,0,1,1
186,1136,6.09524,384,100,0,0,0,0,0,0,61,0,0,2
187,1400,6.09231,396,100,0,0,0,0,0,0,63,0,0,2
188,1404,6.14754,375,100,0,0,0,0,0,0,58,0,0,3
189,1136,6.09836,372,100,0,0,0,0,0,0,59,0,0,2
190,996,6.09836,372,100,0,0,0,0,0,0,59,0,0,2
191,1088,6.05,363,100,0,0,0,0,0,0,59,0,0,1
192,1056,6.04839,375,100,0,0,0,0,0,0,61,0,0,1
193,936,6.05172,351,100,0,0,0,0,0,0,57,0,0,1
194,1052,6.04762,381,100,0,0,0,0,0,0,62,0,0,1
195,900,6,366,100,0,0,0,0,0,0,61,0,0,0
196,920,6.1,366,100,0,0,0,0,0,0,58,0,0,2
197,984,6.04839,375,100,0,0,0,0,0,0,61,0,0,1
198,1060,6,384,100,0,0,0,0,0,0,64,0,0,0
199,1016,6,366,100,0,0,0,0,0,0,61,0,0,0
200,1124,6.07812,389,100,0,0,0,0,0,0,62,0,1,1
201,1220,6.04615,393,100,0,0,0,0,0,0,64,0,0,1
202,1444,6.14062,393,100,0,0,0,0,0,0,61,0,0,3
203,1068,6.09677,378,100,0,0,0,0,0,0,60,0,0,2
204,952,6,366,100,0,0,0,0,0,0,61,0,0,0
205,1220,6.04348,417,100,0,0,0,0,0,0,68,0,0,1
206,1252,6.04615,393,100,0,0,0,0,0,0,64,0,0,1
207,1256,6.04688,387,100,0,0,0,0,0,0,63,0,0,1
208,1416,6.1875,396,100,0,0,0,0,0,0,60,0,0,4
209,1180,6.12698,386,100,0,0,0,0,0,0,60,0,1,2
210,724,6.05085,357,100,0,0,0,0,0,0,58,0,0,1
211,812,6,378,100,0,0,0,0,0,0,63,0,0,0
212,884,6.04545,399,100,0,0,0,0,0,0,65,0,0,1
213,916,6.04762,381,100,0,0,0,0,0,0,62,0,0,1
214,780,6.125,392,100,0,0,0,0,0,0,61,0,1,2
215,936,6.11594,422,100,0,0,0,0,0,0,66,0,1,2
216,920,6.09091,402,100,0,0,0,0,0,0,64,0,0,2
217,992,6.04615,393,100,0,0,0,0,0,0,64,0,0,1
218,1092,6.09836,372,100,0,0,0,0,0,0,59,0,0,2
219,984,6.09375,390,100,0,0,0,0,0,0,62,0,0,2
220,864,6.04762,381,100,0,0,0,0,0,0,62,0,0,1
221,948,6,342,100,0,0,0,0,0,0,57,0,0,0
222,896,6,360,100,0,0,0,0,0,0,60,0,0,0
223,948,6.05263,345,100,0,0,0,0,0,0,56,0,0,1
224,996,6.04545,399,100,0,0,0,0,0,0,65,0,0,1
225,780,6,366,100,0,0,0,0,0,0,61,0,0,0
226,860,6,366,100,0,0,0,0,0,0,61,0,0,0
227,888,6,354,100,0,0,0,0,0,0,59,0,0,0
228,896,6,366,100,0,0,0,0,0,0,61,0,0,0
229,828,6,336,100,0,0,0,0,0,0,56,0,0,0
230,836,6,366,100,0,0,0,0,0,0,61,0,0,0
231,836,6,360,100,0,0,0,0,0,0,60,0,0,0
232,976,6,396,100,0,0,0,0,0,0,66,0,0,0
233,1016,6,354,100,0,0,0,0,0,0,59,0,0,0
234,892,6,366,100,0,0,0,0,0,0,61,0,0,0
235,972,6.04545,399,100,0,0,0,0,0,0,65,0,0,1
236,956,6.10169,360,100,0,0,0,0,0,0,57,0,0,2
237,944,6.05085,357,100,0,0,0,0,0,0,58,0,0,1
238,1080,6.09375,390,100,0,0,0,0,0,0,62,0,0,2
239,1156,6.09677,378,100,0,0,0,0,0,0,60,0,0,2
240,1236,6.1875,396,100,0,0,0,0,0,0,60,0,0,4
241,1280,6.09677,378,100,0,0,0,0,0,0,60,0,0,2
242,1188,6.2,372,100,0,0,0,0,0,0,56,0,0,4
243,1256,6.26316,357,100,0,0,0,0,0,0,52,0,0,5
244,1440,6.29508,384,100,0,0,0,0,0,0,55,0,0,6
245,1324,6.36842,363,100,0,0,0,0,0,0,50,0,0,7
246,1172,6.20339,366,100,0,0,0,0,0,0,55,0,0,4
247,1300,6.40678,378,100,0,0,0,0,0,0,51,0,0,8
248,1528,6.29032,390,100,0,0,0,0,0,0,56,0,0,6
249,1660,6.15789,351,100,0,0,0,0,0,0,54,0,0,3
250,1856,6.25424,369,100,0,0,0,0,0,0,54,0,0,5
251,1636,6.16667,333,100,0,0,0,0,0,0,51,0,0,3
252,1648,6.48214,363,100,0,0,0,0,0,0,47,0,0,9
253,1872,6.46552,375,100,0,0,0,0,0,0,49,0,0,9
254,1668,6.40678,378,100,0,0,0,0,0,0,51,0,0,8
255,1452,6.31034,366,100,0,0,0,0,0,0,52,0,0,6
256,1652,6.29508,384,100,0,0,0,0,0,0,55,0,0,6
257,1520,6.36842,363,100,0,0,0,0,0,0,50,0,0,7
258,1368,6.36207,369,100,0,0,0,0,0,0,51,0,0,7
259,1348,6.3,378,100,0,0,0,0,0,0,54,0,0,6
260,1160,6.21053,354,100,0,0,0,0,0,0,53,0,0,4
261,1176,6.32143,354,100,0,0,0,0,0,0,50,0,0,6
262,1420,6.45763,381,100,0,0,0,0,0,0,50,0,0,9
263,1228,6.34426,387,100,0,0,0,0,0,0,54,0,0,7
264,1440,6.31034,366,100,0,0,0,0,0,0,52,0,0,6
265,1768,6.43548,399,100,0,0,0,0,0,0,53,0,0,9
266,1432,6.35593,375,100,0,0,0,0,0,0,52,0,0,7
267,1288,6.30508,372,100,0,0,0,0,0,0,53,0,0,6
268,1452,6.17647,420,100,0,0,0,0,0,0,64,0,0,4
269,1376,6.4,384,100,0,0,0,0,0,0,52,0,0,8
270,1420,6.3871,396,100,0,0,0,0,0,0,54,0,0,8
271,1800,6.57143,414,100,0,0,0,0,0,0,51,0,0,12
272,1496,6.39344,390,100,0,0,0,0,0,0,53,0,0,8
273,1492,6.4,384,100,0,0,0,0,0,0,52,0,0,8
274,1424,6.48387,402,100,0,0,0,0,0,0,52,0,0,10
275,1440,6.63934,405,100,0,0,0,0,0,0,48,0,0,13
276,1324,6.43548,399,100,0,0,0,0,0,0,53,0,0,9
277,1324,6.42857,405,100,0,0,0,0,0,0,54,0,0,9
278,1304,6.44262,393,100,0,0,0,0,0,0,52,0,0,9
279,1480,6.56897,381,100,0,0,0,0,0,0,47,0,0,11
280,1580,6.77419,420,100,0,0,0,0,0,0,46,0,0,16
281,1524,6.69643,375,100,0,0,0,0,0,0,43,0,0,13
282,1368,6.67241,387,100,0,0,0,0,0,0,45,0,0,13
283,1500,6.4918,396,100,0,0,0,0,0,0,51,0,0,10
284,1912,6.72727,444,100,0,0,0,0,0,0,50,0,0,16
285,1336,6.84211,390,100,0,0,0,0,0,0,41,0,0,16
286,1236,6.83333,369,100,0,0,0,0,0,0,39,0,0,15
287,1156,7.01887,372,100,0,0,0,0,0,0,35,0,0,18
288,1172,6.71186,396,100,0,0,0,0,0,0,45,0,0,14
289,1232,6.82759,396,100,0,0,0,0,0,0,42,0,0,16
290,1288,6.76364,372,100,0,0,0,0,0,0,41,0,0,14
291,1344,6.96429,390,100,0,0,0,0,0,0,38,0,0,18
292,1268,6.91525,408,100,0,0,0,0,0,0,41,0,0,18
293,1168,6.81356,402,100,0,0,0,0,0,0,43,0,0,16
294,1180,6.80357,381,100,0,0,0,0,0,0,41,0,0,15
295,1500,7.08197,432,100,0,0,0,0,0,0,39,0,0,22
296,1368,6.93443,423,100,0,0,0,0,0,0,42,0,0,19
297,1268,6.91525,408,100,0,0,0,0,0,0,41,0,0,18
298,1256,7.01695,414,100,0,0,0,0,0,0,39,0,0,20
299,1248,7.125,399,100,0,0,0,0,0,0,35,0,0,21
300,1476,7.11864,420,100,0,0,0,0,0,0,37,0,0,22
301,1496,7.3,438,100,0,0,0,0,0,0,34,0,0,26
302,1380,7.17857,402,100,0,0,0,0,0,0,34,0,0,22
303,1784,7.22727,477,100,0,0,0,0,0,0,39,0,0,27
304,1476,7.18033,438,100,0,0,0,0,0,0,37,0,0,24
305,1284,7.34483,426,100,0,0,0,0,0,0,32,0,0,26
306,1344,7.32203,432,100,0,0,0,0,0,0,33,0,0,26
307,1376,7.08621,411,100,0,0,0,0,0,0,37,0,0,21
308,1572,7.23214,405,100,0,0,0,0,0,0,33,0,0,23
309,1468,6.82759,396,100,0,0,0,0,0,0,42,0,0,16
310,1596,6.63934,405,100,0,0,0,0,0,0,48,0,0,13
311,1604,6.82258,423,100,0,0,0,0,0,0,45,0,0,17
312,1576,6.67742,414,100,0,0,0,0,0,0,48,0,0,14
313,1784,7,441,100,0,0,0,0,0,0,42,0,0,21
314,1496,6.88525,420,100,0,0,0,0,0,0,43,0,0,18
315,1428,6.85714,384,100,0,0,0,0,0,0,40,0,0,16
316,1696,6.98276,405,100,0,0,0,0,0,0,39,0,0,19
317,1708,7.03279,429,100,0,0,0,0,0,0,40,0,0,21
318,1660,7.125,456,100,0,0,0,0,0,0,40,0,0,24
319,1548,7.06452,438,100,0,0,0,0,0,0,40,0,0,22
320,1500,7.06452,438,100,0,0,0,0,0,0,40,0,0,22
321,1600,7.09524,447,100,0,0,0,0,0,0,40,0,0,23
322,1396,7.18966,417,100,0,0,0,0,0,0,35,0,0,23
323,1576,7.45,447,100,0,0,0,0,0,0,31,0,0,29
324,1596,7.22034,426,100,0,0,0,0,0,0,35,0,0,24
325,1712,7.07812,453,100,0,0,0,0,0,0,41,0,0,23
326,1748,7.03448,408,100,0,0,0,0,0,0,38,0,0,20
327,1656,6.9,414,100,0,0,0,0,0,0,42,0,0,18
328,2152,7.18033,438,100,0,0,0,0,0,0,37,0,0,24
329,2032,6.63934,405,100,0,0,0,0,0,0,48,0,0,13
330,2060,6.71429,423,100,0,0,0,0,0,0,48,0,0,15
331,1624,6.67742,414,100,0,0,0,0,0,0,48,0,0,14
332,1664,6.86441,405,100,0,0,0,0,0,0,42,0,0,17
333,1728,6.93443,423,100,0,0,0,0,0,0,42,0,0,19
334,1968,7.11864,420,100,0,0,0,0,0,0,37,0,0,22
335,1980,6.96774,432,100,0,0,0,0,0,0,42,0,0,20
336,2040,7.06452,438,100,0,0,0,0,0,0,40,0,0,22
337,2216,7.0678,417,100,0,0,0,0,0,0,38,0,0,21
338,2104,7.15,429,100,0,0,0,0,0,0,37,0,0,23
339,2172,7.11864,420,100,0,0,0,0,0,0,37,0,0,22
340,2684,7.37288,435,100,0,0,0,0,0,0,32,0,0,27
341,2264,6.9661,411,100,0,0,0,0,0,0,40,0,0,19
342,2272,7.26316,414,100,0,0,0,0,0,0,33,0,0,24
343,2324,7,420,100,0,0,0,0,0,0,40,0,0,20
344,2268,7.01786,393,100,0,0,0,0,0,0,37,0,0,19
345,2140,6.73684,384,100,0,0,0,0,0,0,43,0,0,14
346,2656,7.16949,423,100,0,0,0,0,0,0,36,0,0,23
347,2616,7.14545,393,100,0,0,0,0,0,0,34,0,0,21
348,2160,6.94444,375,100,0,0,0,0,0,0,37,0,0,17
349,1836,6.78947,387,100,0,0,0,0,0,0,42,0,0,15
350,1952,6.75,378,100,0,0,0,0,0,0,42,0,0,14
351,2072,6.77586,393,100,0,0,0,0,0,0,43,0,0,15
352,1784,6.56897,381,100,0,0,0,0,0,0,47,0,0,11
353,1800,6.54545,360,100,0,0,0,0,0,0,45,0,0,10
354,1708,6.66102,393,100,0,0,0,0,0,0,46,0,0,13
355,1996,6.66102,393,100,0,0,0,0,0,0,46,0,0,13
356,1636,6.71186,396,100,0,0,0,0,0,0,45,0,0,14
357,2056,6.80357,381,100,0,0,0,0,0,0,41,0,0,15
358,1604,6.81356,402,100,0,0,0,0,0,0,43,0,0,16
359,2220,6.93103,402,100,0,0,0,0,0,0,40,0,0,18
360,2352,6.81356,402,100,0,0,0,0,0,0,43,0,0,16
361,1512,6.72414,390,100,0,0,0,0,0,0,44,0,0,14
362,1436,6.96,348,100,0,0,0,0,0,0,34,0,0,16
363,1660,7.01695,414,100,0,0,0,0,0,0,39,0,0,20
364,1892,6.95,417,100,0,0,0,0,0,0,41,0,0,19
365,2032,7,441,100,0,0,0,0,0,0,42,0,0,21
366,2292,7.07812,453,100,0,0,0,0,0,0,41,0,0,23
367,2180,6.78689,414,100,0,0,0,0,0,0,45,0,0,16
368,1560,6.9,414,100,0,0,0,0,0,0,42,0,0,18
369,1960,6.76271,399,100,0,0,0,0,0,0,44,0,0,15
370,1880,6.82759,396,100,0,0,0,0,0,0,42,0,0,16
371,2012,6.61017,390,100,0,0,0,0,0,0,47,0,0,12
372,2048,6.70312,429,100,0,0,0,0,0,0,49,0,0,15
373,1796,6.6,396,100,0,0,0,0,0,0,48,0,0,12
374,1244,6.55,393,100,0,0,0,0,0,0,49,0,0,11
375,1384,6.43548,399,100,0,0,0,0,0,0,53,0,0,9
376,1392,6.35,381,100,0,0,0,0,0,0,53,0,0,7
377,1428,6.44262,393,100,0,0,0,0,0,0,52,0,0,9
378,1572,6.4918,396,100,0,0,0,0,0,0,51,0,0,10
379,1592,6.47619,408,100,0,0,0,0,0,0,53,0,0,10
380,1480,6.50847,384,100,0,0,0,0,0,0,49,0,0,10
381,1624,6.7,402,100,0,0,0,0,0,0,46,0,0,14
382,1636,6.77586,393,100,0,0,0,0,0,0,43,0,0,15
383,1736,6.59016,402,100,0,0,0,0,0,0,49,0,0,12
384,1708,6.53226,405,100,0,0,0,0,0,0,51,0,0,11
385,1740,6.44262,393,100,0,0,0,0,0,0,52,0,0,9
386,1552,6.62903,411,100,0,0,0,0,0,0,49,0,0,13
387,1528,6.60938,423,100,0,0,0,0,0,0,51,0,0,13
388,1692,6.68182,441,100,0,0,0,0,0,0,51,0,0,15
389,1460,6.75,432,100,0,0,0,0,0,0,48,0,0,16
390,1412,6.75,405,100,0,0,0,0,0,0,45,0,0,15
391,1896,6.83607,417,100,0,0,0,0,0,0,44,0,0,17
392,2044,7.08621,411,100,0,0,0,0,0,0,37,0,0,21
393,2068,7.05263,402,100,0,0,0,0,0,0,37,0,0,20
394,2116,6.73684,384,100,0,0,0,0,0,0,43,0,0,14
395,1864,6.82759,396,100,0,0,0,0,0,0,42,0,0,16
396,1900,6.9,414,100,0,0,0,0,0,0,42,0,0,18
397,2048,6.77586,393,100,0,0,0,0,0,0,43,0,0,15
398,2396,6.84211,390,100,0,0,0,0,0,0,41,0,0,16
399,2292,6.81818,375,100,0,0,0,0,0,0,40,0,0,15
400,1812,6.44444,348,100,0,0,0,0,0,0,46,0,0,8
401,1680,6.52632,372,100,0,0,0,0,0,0,47,0,0,10
402,1672,6.47368,369,100,0,0,0,0,0,0,48,0,0,9
403,1852,6.64286,372,100,0,0,0,0,0,0,44,0,0,12
404,1936,6.66667,360,100,0,0,0,0,0,0,42,0,0,12
405,1704,6.5,351,100,0,0,0,0,0,0,45,0,0,9
406,1732,6.57895,375,100,0,0,0,0,0,0,46,0,0,11
407,1556,6.45763,381,100,0,0,0,0,0,0,50,0,0,9
408,1496,6.58929,369,100,0,0,0,0,0,0,45,0,0,11
409,1392,6.52941,333,100,0,0,0,0,0,0,42,0,0,9
410,1532,6.2459,381,100,0,0,0,0,0,0,56,0,0,5
411,1464,6.40678,378,100,0,0,0,0,0,0,51,0,0,8
412,1340,6.64286,372,100,0,0,0,0,0,0,44,0,0,12
413,1436,6.21053,354,100,0,0,0,0,0,0,53,0,0,4
414,1436,6.32143,354,100,0,0,0,0,0,0,50,0,0,6
415,1280,6.35593,375,100,0,0,0,0,0,0,52,0,0,7
416,1340,6.42857,360,100,0,0,0,0,0,0,48,0,0,8
417,1236,6.56897,381,100,0,0,0,0,0,0,47,0,0,11
418,1428,6.53226,405,100,0,0,0,0,0,0,51,0,0,11
419,1388,6.45,387,100,0,0,0,0,0,0,51,0,0,9
420,1112,6.31034,366,100,0,0,0,0,0,0,52,0,0,6
421,1404,6.73684,384,100,0,0,0,0,0,0,43,0,0,14
422,1348,6.48214,363,100,0,0,0,0,0,0,47,0,0,9
423,1560,6.42105,366,100,0,0,0,0,0,0,49,0,0,8
424,1508,6.41379,372,100,0,0,0,0,0,0,50,0,0,8
425,1580,6.35593,375,100,0,0,0,0,0,0,52,0,0,7
426,1364,6.3,378,100,0,0,0,0,0,0,54,0,0,6
427,1548,6.19355,384,100,0,0,0,0,0,0,58,0,0,4
428,1652,6.34426,387,100,0,0,0,0,0,0,54,0,0,7
429,1692,6.5,390,100,0,0,0,0,0,0,50,0,0,10
430,1776,6.47619,408,100,0,0,0,0,0,0,53,0,0,10
431,2244,6.84211,390,100,0,0,0,0,0,0,41,0,0,16
432,2076,6.68852,408,100,0,0,0,0,0,0,47,0,0,14
433,2252,6.75,405,100,0,0,0,0,0,0,45,0,0,15
434,2100,6.62264,351,100,0,0,0,0,0,0,42,0,0,11
435,2116,6.67925,354,100,0,0,0,0,0,0,41,0,0,12
436,2312,6.95,417,100,0,0,0,0,0,0,41,0,0,19
437,2364,7.05,423,100,0,0,0,0,0,0,39,0,0,21
438,2516,7.1,426,100,0,0,0,0,0,0,38,0,0,22
439,2080,7.05263,402,100,0,0,0,0,0,0,37,0,0,20
440,2080,7.14545,393,100,0,0,0,0,0,0,34,0,0,21
441,2132,7.01887,372,100,0,0,0,0,0,0,35,0,0,18
442,2492,7,399,100,0,0,0,0,0,0,38,0,0,19
443,1976,6.77778,366,100,0,0,0,0,0,0,40,0,0,14
444,1784,6.58824,336,100,0,0,0,0,0,0,41,0,0,10
445,1808,6.88889,372,100,0,0,0,0,0,0,38,0,0,16
446,1928,6.96226,369,100,0,0,0,0,0,0,36,0,0,17
447,2128,6.94737,396,100,0,0,0,0,0,0,39,0,0,18
448,2140,6.85714,384,100,0,0,0,0,0,0,40,0,0,16
449,2140,6.80357,381,100,0,0,0,0,0,0,41,0,0,15
450,1936,6.66667,360,100,0,0,0,0,0,0,42,0,0,12
451,1600,6.75,324,100,0,0,0,0,0,0,36,0,0,12
452,1796,6.62069,384,100,0,0,0,0,0,0,46,0,0,12
453,1884,6.58065,408,100,0,0,0,0,0,0,50,0,0,12
454,1692,6.7,402,100,0,0,0,0,0,0,46,0,0,14
455,1484,6.65,399,100,0,0,0,0,0,0,47,0,0,13
456,1460,6.62069,384,100,0,0,0,0,0,0,46,0,0,12
457,1704,6.64286,372,100,0,0,0,0,0,0,44,0,0,12
458,1696,6.48214,363,100,0,0,0,0,0,0,47,0,0,9
459,2056,6.43636,354,100,0,0,0,0,0,0,47,0,0,8
460,1704,6.3,378,100,0,0,0,0,0,0,54,0,0,6
461,1424,6.42857,360,100,0,0,0,0,0,0,48,0,0,8
462,1724,6.46552,375,100,0,0,0,0,0,0,49,0,0,9
463,1652,6.47368,369,100,0,0,0,0,0,0,48,0,0,9
464,1600,6.36207,369,100,0,0,0,0,0,0,51,0,0,7
465,1764,6.29412,321,100,0,0,0,0,0,0,46,0,0,5
466,2048,6.35593,375,100,0,0,0,0,0,0,52,0,0,7
467,2080,6.48387,402,100,0,0,0,0,0,0,52,0,0,10
468,1908,6.36207,369,100,0,0,0,0,0,0,51,0,0,7
469,1684,6.44444,348,100,0,0,0,0,0,0,46,0,0,8
470,1780,6.54545,360,100,0,0,0,0,0,0,45,0,0,10
471,1604,6.49091,357,100,0,0,0,0,0,0,46,0,0,9
472,1580,6.51724,378,100,0,0,0,0,0,0,48,0,0,10
473,1380,6.6,363,100,0,0,0,0,0,0,44,0,0,11
474,1520,6.56897,381,100,0,0,0,0,0,0,47,0,0,11
475,1388,6.42188,411,100,0,0,0,0,0,0,55,0,0,9
476,1348,6.4918,396,100,0,0,0,0,0,0,51,0,0,10
477,1620,6.39344,390,100,0,0,0,0,0,0,53,0,0,8
478,1696,6.26316,357,100,0,0,0,0,0,0,52,0,0,5
479,1844,6.2381,393,100,0,0,0,0,0,0,58,0,0,5
480,1892,6.4,384,100,0,0,0,0,0,0,52,0,0,8
481,1504,6.33333,342,100,0,0,0,0,0,0,48,0,0,6
482,1836,6.39344,390,100,0,0,0,0,0,0,53,0,0,8
483,1768,6.33333,399,100,0,0,0,0,0,0,56,0,0,7
484,1540,6.29032,390,100,0,0,0,0,0,0,56,0,0,6
485,1084,6.40678,378,100,0,0,0,0,0,0,51,0,0,8
486,1252,6.32812,405,100,0,0,0,0,0,0,57,0,0,7
487,1184,6.19672,378,100,0,0,0,0,0,0,57,0,0,4
488,1396,6.38095,402,100,0,0,0,0,0,0,55,0,0,8
489,1132,6.32727,348,100,0,0,0,0,0,0,49,0,0,6
490,1076,6.15789,351,100,0,0,0,0,0,0,54,0,0,3
491,1224,6.2,372,100,0,0,0,0,0,0,56,0,0,4
492,1332,6.2381,393,100,0,0,0,0,0,0,58,0,0,5
493,1252,6.09091,402,100,0,0,0,0,0,0,64,0,0,2
494,1124,6.09524,384,100,0,0,0,0,0,0,61,0,0,2
495,1352,6.17647,420,100,0,0,0,0,0,0,64,0,0,4
496,1124,6.19048,390,100,0,0,0,0,0,0,59,0,0,4
497,1124,6.14516,381,100,0,0,0,0,0,0,59,0,0,3
498,1232,6.13636,405,100,0,0,0,0,0,0,63,0,0,3
499,1004,6.15254,363,100,0,0,0,0,0,0,56,0,0,3
500,1096,6.13846,399,100,0,0,0,0,0,0,62,0,0,3
501,1108,6.09836,372,100,0,0,0,0,0,0,59,0,0,2
502,1196,6.14062,393,100,0,0,0,0,0,0,61,0,0,3
503,1276,6.13636,405,100,0,0,0,0,0,0,63,0,0,3
504,1140,6.16667,333,100,0,0,0,0,0,0,51,0,0,3
505,1184,6.10169,360,100,0,0,0,0,0,0,57,0,0,2
506,1276,6.34426,387,100,0,0,0,0,0,0,54,0,0,7
507,1088,6.19672,378,100,0,0,0,0,0,0,57,0,0,4
508,976,6.20339,366,100,0,0,0,0,0,0,55,0,0,4
509,1072,6.14754,375,100,0,0,0,0,0,0,58,0,0,3
510,992,6.09836,372,100,0,0,0,0,0,0,59,0,0,2
511,1120,6.04545,399,100,0,0,0,0,0,0,65,0,0,1
512,924,6.10169,360,100,0,0,0,0,0,0,57,0,0,2
513,1240,6.25,375,100,0,0,0,0,0,0,55,0,0,5
514,1128,6.10345,354,100,0,0,0,0,0,0,56,0,0,2
515,1304,6.04839,375,100,0,0,0,0,0,0,61,0,0,1
516,1084,6.16071,345,100,0,0,0,0,0,0,53,0,0,3
517,1076,6.19048,390,100,0,0,0,0,0,0,59,0,0,4
518,1008,6.05263,345,100,0,0,0,0,0,0,56,0,0,1
519,960,6.05172,351,100,0,0,0,0,0,0,57,0,0,1
520,968,6,378,100,0,0,0,0,0,0,63,0,0,0
521,984,6.09524,384,100,0,0,0,0,0,0,61,0,0,2
522,936,6.15517,357,100,0,0,0,0,0,0,55,0,0,3
523,928,6.05172,351,100,0,0,0,0,0,0,57,0,0,1
524,1312,6.1,366,100,0,0,0,0,0,0,58,0,0,2
525,1304,6.38889,345,100,0,0,0,0,0,0,47,0,0,7
526,992,6.21429,348,100,0,0,0,0,0,0,52,0,0,4
527,988,6,330,100,0,0,0,0,0,0,55,0,0,0
528,892,6.05556,327,100,0,0,0,0,0,0,53,0,0,1
529,992,6.16071,345,100,0,0,0,0,0,0,53,0,0,3
530,912,6.20339,366,100,0,0,0,0,0,0,55,0,0,4
531,1000,6.25,375,100,0,0,0,0,0,0,55,0,0,5
532,1060,6.22727,411,100,0,0,0,0,0,0,61,0,0,5
533,1336,6.42105,366,100,0,0,0,0,0,0,49,0,0,8
534,1164,6.29032,390,100,0,0,0,0,0,0,56,0,0,6
535,1200,6.28125,402,100,0,0,0,0,0,0,58,0,0,6
536,1144,6.29508,384,100,0,0,0,0,0,0,55,0,0,6
537,1232,6.2381,393,100,0,0,0,0,0,0,58,0,0,5
538,1236,6.14286,387,100,0,0,0,0,0,0,60,0,0,3
539,1296,6.2,372,100,0,0,0,0,0,0,56,0,0,4
540,1208,6.09677,378,100,0,0,0,0,0,0,60,0,0,2
541,1072,6.14062,393,100,0,0,0,0,0,0,61,0,0,3
542,1052,6.25424,369,100,0,0,0,0,0,0,54,0,0,5
543,1140,6.36207,369,100,0,0,0,0,0,0,51,0,0,7
544,1216,6.39344,390,100,0,0,0,0,0,0,53,0,0,8
545,1032,6.35,381,100,0,0,0,0,0,0,53,0,0,7
546,1256,6.3871,396,100,0,0,0,0,0,0,54,0,0,8
547,1080,6.35593,375,100,0,0,0,0,0,0,52,0,0,7
548,1144,6.19355,384,100,0,0,0,0,0,0,58,0,0,4
549,1076,6.20339,366,100,0,0,0,0,0,0,55,0,0,4
550,1160,6.26316,357,100,0,0,0,0,0,0,52,0,0,5
551,1244,6.35593,375,100,0,0,0,0,0,0,52,0,0,7
552,1188,6.2069,360,100,0,0,0,0,0,0,54,0,0,4
553,1184,6.21429,348,100,0,0,0,0,0,0,52,0,0,4
554,1200,6.20339,366,100,0,0,0,0,0,0,55,0,0,4
555,1260,6.24194,387,100,0,0,0,0,0,0,57,0,0,5
556,1180,6.23077,405,100,0,0,0,0,0,0,60,0,0,5
557,1228,6.28571,396,100,0,0,0,0,0,0,57,0,0,6
558,1220,6.31034,366,100,0,0,0,0,0,0,52,0,0,6
559,992,6.19672,378,100,0,0,0,0,0,0,57,0,0,4
560,1076,6.18462,402,100,0,0,0,0,0,0,61,0,0,4
561,1040,6.15254,363,100,0,0,0,0,0,0,56,0,0,3
562,1232,6.18462,402,100,0,0,0,0,0,0,61,0,0,4
563,1144,6.14516,381,100,0,0,0,0,0,0,59,0,0,3
564,1088,6.15,369,100,0,0,0,0,0,0,57,0,0,3
565,936,6.05172,351,100,0,0,0,0,0,0,57,0,0,1
566,1160,6.04918,369,100,0,0,0,0,0,0,60,0,0,1
567,1280,6.04478,405,100,0,0,0,0,0,0,66,0,0,1
568,1100,6,342,100,0,0,0,0,0,0,57,0,0,0
569,1024,6,336,100,0,0,0,0,0,0,56,0,0,0
570,1252,6.05263,345,100,0,0,0,0,0,0,56,0,0,1
571,1260,6.10526,348,100,0,0,0,0,0,0,55,0,0,2
572,1168,6.05263,345,100,0,0,0,0,0,0,56,0,0,1
573,1212,6.09375,390,100,0,0,0,0,0,0,62,0,0,2
574,1096,6.15254,363,100,0,0,0,0,0,0,56,0,0,3
575,1104,6.10169,360,100,0,0,0,0,0,0,57,0,0,2
576,1304,6.2459,381,100,0,0,0,0,0,0,56,0,0,5
577,1360,6.31579,360,100,0,0,0,0,0,0,51,0,0,6
578,1228,6.26316,357,100,0,0,0,0,0,0,52,0,0,5
579,1220,6.21818,342,100,0,0,0,0,0,0,51,0,0,4
580,1100,6.27273,345,100,0,0,0,0,0,0,50,0,0,5
581,1360,6.31034,366,100,0,0,0,0,0,0,52,0,0,6
582,1584,6.68421,381,100,0,0,0,0,0,0,44,0,0,13
583,1440,6.32143,354,100,0,0,0,0,0,0,50,0,0,6
584,1252,6.33333,342,100,0,0,0,0,0,0,48,0,0,6
585,1344,6.36842,363,100,0,0,0,0,0,0,50,0,0,7
586,1512,6.42857,360,100,0,0,0,0,0,0,48,0,0,8
587,1544,6.35,381,100,0,0,0,0,0,0,53,0,0,7
588,1616,6.42105,366,100,0,0,0,0,0,0,49,0,0,8
589,1536,6.36842,363,100,0,0,0,0,0,0,50,0,0,7
590,1360,6.39623,339,100,0,0,0,0,0,0,46,0,0,7
591,1224,6.25862,363,100,0,0,0,0,0,0,53,0,0,5
592,1648,6.42857,360,100,0,0,0,0,0,0,48,0,0,8
593,1812,6.47368,369,100,0,0,0,0,0,0,48,0,0,9
594,1476,6.44444,348,100,0,0,0,0,0,0,46,0,0,8
595,1688,6.42105,366,100,0,0,0,0,0,0,49,0,0,8
596,1644,6.3,378,100,0,0,0,0,0,0,54,0,0,6
597,1452,6.26316,357,100,0,0,0,0,0,0,52,0,0,5
598,1352,6.28302,333,100,0,0,0,0,0,0,48,0,0,5
599,1800,6.19672,378,100,0,0,0,0,0,0,57,0,0,4
600,1492,6.20339,366,100,0,0,0,0,0,0,55,0,0,4
601,1360,6.25424,369,100,0,0,0,0,0,0,54,0,0,5
602,1288,6.16364,339,100,0,0,0,0,0,0,52,0,0,3
603,1416,6.2069,360,100,0,0,0,0,0,0,54,0,0,4
604,1500,6.29508,384,100,0,0,0,0,0,0,55,0,0,6
605,1424,6.42105,366,100,0,0,0,0,0,0,49,0,0,8
606,1340,6.32812,405,100,0,0,0,0,0,0,57,0,0,7
607,1272,6.375,357,100,0,0,0,0,0,0,49,0,0,7
608,1548,6.46552,375,100,0,0,0,0,0,0,49,0,0,9
609,1408,6.33333,399,100,0,0,0,0,0,0,56,0,0,7
610,1184,6.45763,381,100,0,0,0,0,0,0,50,0,0,9
611,1328,6.40678,378,100,0,0,0,0,0,0,51,0,0,8
612,1224,6.35593,375,100,0,0,0,0,0,0,52,0,0,7
613,1360,6.38095,402,100,0,0,0,0,0,0,55,0,0,8
614,1124,6.41379,372,100,0,0,0,0,0,0,50,0,0,8
615,1184,6.32812,405,100,0,0,0,0,0,0,57,0,0,7
616,1216,6.20339,366,100,0,0,0,0,0,0,55,0,0,4
617,1460,6.35593,375,100,0,0,0,0,0,0,52,0,0,7
618,1604,6.40678,378,100,0,0,0,0,0,0,51,0,0,8
619,1740,6.45,387,100,0,0,0,0,0,0,51,0,0,9
620,2036,6.7,402,100,0,0,0,0,0,0,46,0,0,14
621,2056,6.65,399,100,0,0,0,0,0,0,47,0,0,13
622,2000,6.66667,420,100,0,0,0,0,0,0,49,0,0,14
623,1952,6.45,387,100,0,0,0,0,0,0,51,0,0,9
624,1392,6.56897,381,100,0,0,0,0,0,0,47,0,0,11
625,1340,6.59016,402,100,0,0,0,0,0,0,49,0,0,12
626,1576,6.87931,399,100,0,0,0,0,0,0,41,0,0,17
627,1604,6.51724,378,100,0,0,0,0,0,0,48,0,0,10
628,1420,6.65455,366,100,0,0,0,0,0,0,43,0,0,12
629,1536,6.5,390,100,0,0,0,0,0,0,50,0,0,10
630,1592,6.63158,378,100,0,0,0,0,0,0,45,0,0,12
631,1372,6.38182,351,100,0,0,0,0,0,0,48,0,0,7
632,1456,6.74545,371,100,0,0,0,0,0,0,41,0,1,13
633,1460,6.61111,357,100,0,0,0,0,0,0,43,0,0,11
634,1644,6.73684,384,100,0,0,0,0,0,0,43,0,0,14
635,1788,6.62903,411,100,0,0,0,0,0,0,49,0,0,13
636,1624,6.82759,396,100,0,0,0,0,0,0,42,0,0,16
637,1684,6.58929,369,100,0,0,0,0,0,0,45,0,0,11
638,1964,6.8,408,100,0,0,0,0,0,0,44,0,0,16
639,1748,6.90566,366,100,0,0,0,0,0,0,37,0,0,16
640,1800,6.91071,387,100,0,0,0,0,0,0,39,0,0,17
641,1992,7.23214,405,100,0,0,0,0,0,0,33,0,0,23
642,1828,7,378,100,0,0,0,0,0,0,36,0,0,18
643,1676,6.84906,363,100,0,0,0,0,0,0,38,0,0,15
644,1748,6.96226,369,100,0,0,0,0,0,0,36,0,0,17
645,1748,6.88889,372,100,0,0,0,0,0,0,38,0,0,16
646,1756,7.07547,375,100,0,0,0,0,0,0,34,0,0,19
647,1516,6.6,363,100,0,0,0,0,0,0,44,0,0,11
648,1624,6.73684,384,100,0,0,0,0,0,0,43,0,0,14
649,1580,6.76364,372,100,0,0,0,0,0,0,41,0,0,14
650,1600,6.53571,366,100,0,0,0,0,0,0,46,0,0,10
651,1732,6.65455,366,100,0,0,0,0,0,0,43,0,0,12
652,2072,6.85,411,100,0,0,0,0,0,0,43,0,0,17
653,1756,6.47368,369,100,0,0,0,0,0,0,48,0,0,9
654,1704,6.72222,363,100,0,0,0,0,0,0,41,0,0,13
655,1556,6.79245,360,100,0,0,0,0,0,0,39,0,0,14
656,1624,6.81356,402,100,0,0,0,0,0,0,43,0,0,16
657,1484,6.63158,378,100,0,0,0,0,0,0,45,0,0,12
658,1360,6.75,378,100,0,0,0,0,0,0,42,0,0,14
659,1604,6.77419,420,100,0,0,0,0,0,0,46,0,0,16
660,1572,6.55932,387,100,0,0,0,0,0,0,48,0,0,11
661,1324,6.5,390,100,0,0,0,0,0,0,50,0,0,10
662,1552,6.62069,384,100,0,0,0,0,0,0,46,0,0,12
663,1492,6.5,390,100,0,0,0,0,0,0,50,0,0,10
664,1456,6.45,387,100,0,0,0,0,0,0,51,0,0,9
665,1320,6.50847,384,100,0,0,0,0,0,0,49,0,0,10
666,1360,6.61111,357,100,0,0,0,0,0,0,43,0,0,11
667,1188,6.40678,378,100,0,0,0,0,0,0,51,0,0,8
668,1288,6.375,408,100,0,0,0,0,0,0,56,0,0,8
669,1116,6.42188,411,100,0,0,0,0,0,0,55,0,0,9
670,1100,6.33333,399,100,0,0,0,0,0,0,56,0,0,7
671,1196,6.55172,380,100,0,0,0,0,0,0,47,0,1,10
672,1224,6.46429,362,100,0,0,0,0,0,0,47,0,1,8
673,1236,6.64407,392,100,0,0,0,0,0,0,46,0,1,12
674,1312,6.51613,404,100,0,0,0,0,0,0,51,0,1,10
675,1200,6.40678,378,100,0,0,0,0,0,0,51,0,0,8
676,1336,6.47368,369,100,0,0,0,0,0,0,48,0,0,9
677,1360,6.41379,372,100,0,0,0,0,0,0,50,0,0,8
678,1248,6.36207,369,100,0,0,0,0,0,0,51,0,0,7
679,1308,6.35,381,100,0,0,0,0,0,0,53,0,0,7
680,1608,6.58065,408,100,0,0,0,0,0,0,50,0,0,12
681,1216,6.36207,369,100,0,0,0,0,0,0,51,0,0,7
682,1516,6.6,429,100,0,0,0,0,0,0,52,0,0,13
683,1296,6.71429,423,100,0,0,0,0,0,0,48,0,0,15
684,1336,6.48387,402,100,0,0,0,0,0,0,52,0,0,10
685,1452,6.55385,426,100,0,0,0,0,0,0,53,0,0,12
686,1368,6.62069,384,100,0,0,0,0,0,0,46,0,0,12
687,1400,6.66102,393,100,0,0,0,0,0,0,46,0,0,13
688,1468,6.54098,399,100,0,0,0,0,0,0,50,0,0,11
689,1472,6.63158,378,100,0,0,0,0,0,0,45,0,0,12
690,1352,6.66102,393,100,0,0,0,0,0,0,46,0,0,13
691,1400,6.53226,405,100,0,0,0,0,0,0,51,0,0,11
692,1420,6.66667,360,100,0,0,0,0,0,0,42,0,0,12
693,1396,6.51724,378,100,0,0,0,0,0,0,48,0,0,10
694,1388,6.84,342,100,0,0,0,0,0,0,36,0,0,14
695,1636,6.6,396,100,0,0,0,0,0,0,48,0,0,12
696,1916,6.65625,426,100,0,0,0,0,0,0,50,0,0,14
697,1660,6.55,393,100,0,0,0,0,0,0,49,0,0,11
698,1660,6.8,408,100,0,0,0,0,0,0,44,0,0,16
699,1700,6.72581,417,100,0,0,0,0,0,0,47,0,0,15
700,1568,6.62903,411,100,0,0,0,0,0,0,49,0,0,13
701,1736,6.67241,387,100,0,0,0,0,0,0,45,0,0,13
702,1628,6.62069,384,100,0,0,0,0,0,0,46,0,0,12
703,1792,6.48387,402,100,0,0,0,0,0,0,52,0,0,10
704,1188,6.46552,375,100,0,0,0,0,0,0,49,0,0,9
705,1572,6.69231,435,100,0,0,0,0,0,0,50,0,0,15
706,1324,6.47368,369,100,0,0,0,0,0,0,48,0,0,9
707,1596,6.75,405,100,0,0,0,0,0,0,45,0,0,15
708,1592,6.62903,411,100,0,0,0,0,0,0,49,0,0,13
709,1616,6.68421,381,100,0,0,0,0,0,0,44,0,0,13
710,1540,6.77778,366,100,0,0,0,0,0,0,40,0,0,14
711,1376,6.65455,366,100,0,0,0,0,0,0,43,0,0,12
712,1392,6.64286,372,100,0,0,0,0,0,0,44,0,0,12
713,1632,6.61017,390,100,0,0,0,0,0,0,47,0,0,12
714,1468,6.57895,375,100,0,0,0,0,0,0,46,0,0,11
715,1608,6.4,384,100,0,0,0,0,0,0,52,0,0,8
716,1432,6.42105,366,100,0,0,0,0,0,0,49,0,0,8
717,1556,6.42188,411,100,0,0,0,0,0,0,55,0,0,9
718,1040,6.18644,365,100,0,0,0,0,0,0,55,0,1,3
719,1264,6.25,375,100,0,0,0,0,0,0,55,0,0,5
720,972,6.10345,354,100,0,0,0,0,0,0,56,0,0,2
721,1084,6.15,369,100,0,0,0,0,0,0,57,0,0,3
722,1216,6.15254,363,100,0,0,0,0,0,0,56,0,0,3
723,1548,6.36207,369,100,0,0,0,0,0,0,51,0,0,7
724,1520,6.42857,360,100,0,0,0,0,0,0,48,0,0,8
725,1372,6.36508,401,100,0,0,0,0,0,0,55,0,1,7
726,1304,6.36842,363,100,0,0,0,0,0,0,50,0,0,7
727,1296,6.2381,393,100,0,0,0,0,0,0,58,0,0,5
728,1400,6.15,369,100,0,0,0,0,0,0,57,0,0,3
729,1188,6.05455,333,100,0,0,0,0,0,0,54,0,0,1
730,1204,6.2069,360,100,0,0,0,0,0,0,54,0,0,4
731,1384,6.4,384,100,0,0,0,0,0,0,52,0,0,8
732,1288,6.40385,333,100,0,0,0,0,0,0,45,0,0,7
733,1080,6.31034,366,100,0,0,0,0,0,0,52,0,0,6
734,1312,6.39344,390,100,0,0,0,0,0,0,53,0,0,8
735,1028,6.42857,360,100,0,0,0,0,0,0,48,0,0,8
736,1068,6.28571,396,100,0,0,0,0,0,0,57,0,0,6
737,1032,6.26316,357,100,0,0,0,0,0,0,52,0,0,5
738,1140,6.09677,378,100,0,0,0,0,0,0,60,0,0,2
739,1232,6.35,381,100,0,0,0,0,0,0,53,0,0,7
740,1244,6.39623,339,100,0,0,0,0,0,0,46,0,0,7
741,1276,6.2,372,100,0,0,0,0,0,0,56,0,0,4
742,1184,6.29508,384,100,0,0,0,0,0,0,55,0,0,6
743,1260,6.35593,375,100,0,0,0,0,0,0,52,0,0,7
744,1592,6.36207,369,100,0,0,0,0,0,0,51,0,0,7
745,1828,6.2,372,100,0,0,0,0,0,0,56,0,0,4
746,2192,6.29508,384,100,0,0,0,0,0,0,55,0,0,6
747,1772,6.34426,387,100,0,0,0,0,0,0,54,0,0,7
748,1700,6.33871,393,100,0,0,0,0,0,0,55,0,0,7
749,1740,6.34426,387,100,0,0,0,0,0,0,54,0,0,7
750,1808,6.38095,402,100,0,0,0,0,0,0,55,0,0,8
751,2060,6.4,384,100,0,0,0,0,0,0,52,0,0,8
752,2040,6.51724,378,100,0,0,0,0,0,0,48,0,0,10
753,2036,6.5,390,100,0,0,0,0,0,0,50,0,0,10
754,1884,6.42857,405,100,0,0,0,0,0,0,54,0,0,9
755,1852,6.36842,363,100,0,0,0,0,0,0,50,0,0,7
756,1276,6.2459,381,100,0,0,0,0,0,0,56,0,0,5
757,1096,6.29032,390,100,0,0,0,0,0,0,56,0,0,6
758,1068,6.15254,363,100,0,0,0,0,0,0,56,0,0,3
759,1228,6.14516,381,100,0,0,0,0,0,0,59,0,0,3
760,1048,6.14516,381,100,0,0,0,0,0,0,59,0,0,3
761,1124,6.14754,375,100,0,0,0,0,0,0,58,0,0,3
762,1300,6.09231,396,100,0,0,0,0,0,0,63,0,0,2
763,1476,6.20339,366,100,0,0,0,0,0,0,55,0,0,4
764,1236,6.10909,336,100,0,0,0,0,0,0,53,0,0,2
765,1264,6.10169,360,100,0,0,0,0,0,0,57,0,0,2
766,1408,6.05085,357,100,0,0,0,0,0,0,58,0,0,1
767,1416,6.05,363,100,0,0,0,0,0,0,59,0,0,1
768,1260,6.04688,387,100,0,0,0,0,0,0,63,0,0,1
769,1328,6.04688,387,100,0,0,0,0,0,0,63,0,0,1
770,1476,6.19048,390,100,0,0,0,0,0,0,59,0,0,4
771,1160,6.13559,362,100,0,0,0,0,0,0,56,0,1,2
772,1020,6.04762,381,100,0,0,0,0,0,0,62,0,0,1
773,1180,6.04762,381,100,0,0,0,0,0,0,62,0,0,1
774,1160,6.04478,405,100,0,0,0,0,0,0,66,0,0,1
775,1096,6.05,363,100,0,0,0,0,0,0,59,0,0,1
776,1504,6.2459,381,100,0,0,0,0,0,0,56,0,0,5
777,1696,6.19672,378,100,0,0,0,0,0,0,57,0,0,4
778,1448,6.15254,363,100,0,0,0,0,0,0,56,0,0,3
779,1672,6.15517,357,100,0,0,0,0,0,0,55,0,0,3
780,2068,6.2,372,100,0,0,0,0,0,0,56,0,0,4
781,2020,6.15254,363,100,0,0,0,0,0,0,56,0,0,3
782,1904,6.25,375,100,0,0,0,0,0,0,55,0,0,5
783,1940,6.20339,366,100,0,0,0,0,0,0,55,0,0,4
784,2180,6.14062,393,100,0,0,0,0,0,0,61,0,0,3
785,1516,6.21429,348,100,0,0,0,0,0,0,52,0,0,4
786,1656,6.15254,363,100,0,0,0,0,0,0,56,0,0,3
787,1824,6.16364,339,100,0,0,0,0,0,0,52,0,0,3
788,1888,6.05,363,100,0,0,0,0,0,0,59,0,0,1
789,1468,6,342,100,0,0,0,0,0,0,57,0,0,0
790,1632,6,336,100,0,0,0,0,0,0,56,0,0,0
791,1876,6.05172,351,100,0,0,0,0,0,0,57,0,0,1
792,1904,6.04762,381,100,0,0,0,0,0,0,62,0,0,1
793,2056,6.15,369,100,0,0,0,0,0,0,57,0,0,3
794,2380,6.2069,360,100,0,0,0,0,0,0,54,0,0,4
795,1592,6.16364,339,100,0,0,0,0,0,0,52,0,0,3
796,1756,6.2069,360,100,0,0,0,0,0,0,54,0,0,4
797,2016,6.35,381,100,0,0,0,0,0,0,53,0,0,7
798,2420,6.26316,357,100,0,0,0,0,0,0,52,0,0,5
799,2392,6.25,375,100,0,0,0,0,0,0,55,0,0,5
800,2244,6.31579,360,100,0,0,0,0,0,0,51,0,0,6
801,2212,6.29508,384,100,0,0,0,0,0,0,55,0,0,6
802,1960,6.43548,399,100,0,0,0,0,0,0,53,0,0,9
803,1628,6.26786,351,100,0,0,0,0,0,0,51,0,0,5
804,1680,6.21053,354,100,0,0,0,0,0,0,53,0,0,4
805,2416,6.19672,378,100,0,0,0,0,0,0,57,0,0,4
806,2220,6.11538,318,100,0,0,0,0,0,0,50,0,0,2
807,2328,6.15,369,100,0,0,0,0,0,0,57,0,0,3
808,2396,6.28571,396,100,0,0,0,0,0,0,57,0,0,6
809,2328,6.53571,366,100,0,0,0,0,0,0,46,0,0,10
810,1976,6.45283,342,100,0,0,0,0,0,0,45,0,0,8
811,1876,6.30508,372,100,0,0,0,0,0,0,53,0,0,6
812,1876,6.35593,375,100,0,0,0,0,0,0,52,0,0,7
813,1588,6.34426,387,100,0,0,0,0,0,0,54,0,0,7
814,1788,6.2381,393,100,0,0,0,0,0,0,58,0,0,5
815,1860,6.44262,393,100,0,0,0,0,0,0,52,0,0,9
816,1780,6.38182,351,100,0,0,0,0,0,0,48,0,0,7
817,2068,6.46429,362,100,0,0,0,0,0,0,47,0,1,8
818,2224,6.36207,369,100,0,0,0,0,0,0,51,0,0,7
819,2184,6.45763,381,100,0,0,0,0,0,0,50,0,0,9
820,1972,6.44262,393,100,0,0,0,0,0,0,52,0,0,9
821,1596,6.375,357,100,0,0,0,0,0,0,49,0,0,7
822,1544,6.22222,336,100,0,0,0,0,0,0,50,0,0,4
823,1436,6.32727,348,100,0,0,0,0,0,0,49,0,0,6
824,1416,6.21818,342,100,0,0,0,0,0,0,51,0,0,4
825,1352,6.21053,354,100,0,0,0,0,0,0,53,0,0,4
826,1292,6.21053,354,100,0,0,0,0,0,0,53,0,0,4
827,1456,6.26786,351,100,0,0,0,0,0,0,51,0,0,5
828,1484,6.10714,342,100,0,0,0,0,0,0,54,0,0,2
829,1472,6.22222,336,100,0,0,0,0,0,0,50,0,0,4
830,1668,6.32143,354,100,0,0,0,0,0,0,50,0,0,6
831,1632,6.15,369,100,0,0,0,0,0,0,57,0,0,3
832,1236,6,354,100,0,0,0,0,0,0,59,0,0,0
833,1264,6.15789,351,100,0,0,0,0,0,0,54,0,0,3
834,1096,6.21429,348,100,0,0,0,0,0,0,52,0,0,4
835,1208,6.15517,357,100,0,0,0,0,0,0,55,0,0,3
836,1220,6.09524,384,100,0,0,0,0,0,0,61,0,0,2
837,1128,6.2,372,100,0,0,0,0,0,0,56,0,0,4
838,988,6.10909,336,100,0,0,0,0,0,0,53,0,0,2
839,1172,6.15254,363,100,0,0,0,0,0,0,56,0,0,3
840,1168,6.10345,354,100,0,0,0,0,0,0,56,0,0,2
841,1164,6.15517,357,100,0,0,0,0,0,0,55,0,0,3
842,1292,6,372,100,0,0,0,0,0,0,62,0,0,0
843,1484,6.23333,374,100,0,0,0,0,0,0,55,0,1,4
844,1488,6.28333,377,100,0,0,0,0,0,0,54,0,1,5
845,1168,6.05357,339,100,0,0,0,0,0,0,55,0,0,1
846,1096,6.10714,342,100,0,0,0,0,0,0,54,0,0,2
847,1124,6.05455,333,100,0,0,0,0,0,0,54,0,0,1
848,1152,6.15,369,100,0,0,0,0,0,0,57,0,0,3
849,1252,6.11321,324,100,0,0,0,0,0,0,51,0,0,2
850,1052,6.11111,330,100,0,0,0,0,0,0,52,0,0,2
851,984,6.05882,309,100,0,0,0,0,0,0,50,0,0,1
852,1008,6.05455,333,100,0,0,0,0,0,0,54,0,0,1
853,1104,6,342,100,0,0,0,0,0,0,57,0,0,0
854,1128,6.10714,342,100,0,0,0,0,0,0,54,0,0,2
855,1192,6,360,100,0,0,0,0,0,0,60,0,0,0
856,1100,6,348,100,0,0,0,0,0,0,58,0,0,0
857,1264,6.05,363,100,0,0,0,0,0,0,59,0,0,1
858,1376,6.09375,390,100,0,0,0,0,0,0,62,0,0,2
859,1244,6.04762,381,100,0,0,0,0,0,0,62,0,0,1
860,1060,6.09836,372,100,0,0,0,0,0,0,59,0,0,2
861,1308,6,378,100,0,0,0,0,0,0,63,0,0,0
862,1244,6.09836,372,100,0,0,0,0,0,0,59,0,0,2
863,1420,6.04918,369,100,0,0,0,0,0,0,60,0,0,1
864,1292,6.11111,330,100,0,0,0,0,0,0,52,0,0,2
865,1232,6.10526,348,100,0,0,0,0,0,0,55,0,0,2
866,1316,6.21053,354,100,0,0,0,0,0,0,53,0,0,4
867,1196,6.05085,357,100,0,0,0,0,0,0,58,0,0,1
868,1020,6.09091,335,100,0,0,0,0,0,0,53,0,1,1
869,1056,6.04918,369,100,0,0,0,0,0,0,60,0,0,1
870,1004,6.05,363,100,0,0,0,0,0,0,59,0,0,1
871,892,6.05,363,100,0,0,0,0,0,0,59,0,0,1
872,1080,6.19672,378,100,0,0,0,0,0,0,57,0,0,4
873,952,6.09836,372,100,0,0,0,0,0,0,59,0,0,2
874,1092,6.1,366,100,0,0,0,0,0,0,58,0,0,2
875,1028,6.15,369,100,0,0,0,0,0,0,57,0,0,3
876,948,6.14062,393,100,0,0,0,0,0,0,61,0,0,3
877,940,6.04918,369,100,0,0,0,0,0,0,60,0,0,1
878,936,6.05172,351,100,0,0,0,0,0,0,57,0,0,1
879,1104,6.1,366,100,0,0,0,0,0,0,58,0,0,2
880,1100,6.05085,357,100,0,0,0,0,0,0,58,0,0,1
881,880,6.05,363,100,0,0,0,0,0,0,59,0,0,1
882,944,6.04615,393,100,0,0,0,0,0,0,64,0,0,1
883,1052,6.15,369,100,0,0,0,0,0,0,57,0,0,3
884,1004,6.10345,354,100,0,0,0,0,0,0,56,0,0,2
885,1112,6.2069,360,100,0,0,0,0,0,0,54,0,0,4
886,924,6.05085,357,100,0,0,0,0,0,0,58,0,0,1
887,964,6.16071,345,100,0,0,0,0,0,0,53,0,0,3
888,956,6,348,100,0,0,0,0,0,0,58,0,0,0
889,936,6,384,100,0,0,0,0,0,0,64,0,0,0
890,848,6,384,100,0,0,0,0,0,0,64,0,0,0
891,948,6,390,100,0,0,0,0,0,0,65,0,0,0
892,860,6,384,100,0,0,0,0,0,0,64,0,0,0
893,1036,6.04545,399,100,0,0,0,0,0,0,65,0,0,1
894,1060,6.14754,375,100,0,0,0,0,0,0,58,0,0,3
895,944,6.05085,357,100,0,0,0,0,0,0,58,0,0,1
896,1060,6.07812,389,100,0,0,0,0,0,0,62,0,1,1
897,976,6.05085,357,100,0,0,0,0,0,0,58,0,0,1
898,1044,6,372,100,0,0,0,0,0,0,62,0,0,0
899,1064,6,348,100,0,0,0,0,0,0,58,0,0,0
900,1080,6.04918,369,100,0,0,0,0,0,0,60,0,0,1
901,1072,6.05172,351,100,0,0,0,0,0,0,57,0,0,1
902,1212,6.04839,375,100,0,0,0,0,0,0,61,0,0,1
903,1352,6.15,369,100,0,0,0,0,0,0,57,0,0,3
904,1284,6.09677,378,100,0,0,0,0,0,0,60,0,0,2
905,1440,6.2,372,100,0,0,0,0,0,0,56,0,0,4
906,1596,6.35,381,100,0,0,0,0,0,0,53,0,0,7
907,1512,6.23438,399,100,0,0,0,0,0,0,59,0,0,5
908,1276,6.2459,381,100,0,0,0,0,0,0,56,0,0,5
909,1080,6.30508,372,100,0,0,0,0,0,0,53,0,0,6
910,1136,6.19355,384,100,0,0,0,0,0,0,58,0,0,4
911,1160,6.2069,360,100,0,0,0,0,0,0,54,0,0,4
912,1188,6.29032,390,100,0,0,0,0,0,0,56,0,0,6
913,1224,6.14062,393,100,0,0,0,0,0,0,61,0,0,3
914,1208,6.13636,405,100,0,0,0,0,0,0,63,0,0,3
915,1160,6.18182,408,100,0,0,0,0,0,0,62,0,0,4
916,1120,6.18182,408,100,0,0,0,0,0,0,62,0,0,4
917,1184,6.24194,387,100,0,0,0,0,0,0,57,0,0,5
918,1140,6.25862,363,100,0,0,0,0,0,0,53,0,0,5
919,960,6.16071,345,100,0,0,0,0,0,0,53,0,0,3
920,1348,6.25,375,100,0,0,0,0,0,0,55,0,0,5
921,1136,6.31034,366,100,0,0,0,0,0,0,52,0,0,6
922,1188,6.14754,375,100,0,0,0,0,0,0,58,0,0,3
923,960,6.23729,368,100,0,0,0,0,0,0,54,0,1,4
924,1092,6.17742,383,100,0,0,0,0,0,0,58,0,1,3
925,1068,6,366,100,0,0,0,0,0,0,61,0,0,0
926,908,6,336,100,0,0,0,0,0,0,56,0,0,0
927,1156,6.16071,345,100,0,0,0,0,0,0,53,0,0,3
928,972,6.0566,321,100,0,0,0,0,0,0,52,0,0,1
929,716,6,348,100,0,0,0,0,0,0,58,0,0,0
930,840,6,336,100,0,0,0,0,0,0,56,0,0,0
931,884,6,330,100,0,0,0,0,0,0,55,0,0,0
932,900,6,348,100,0,0,0,0,0,0,58,0,0,0
933,1000,6.04918,369,100,0,0,0,0,0,0,60,0,0,1
934,984,6,336,100,0,0,0,0,0,0,56,0,0,0
935,936,6,366,100,0,0,0,0,0,0,61,0,0,0
936,984,6,396,100,0,0,0,0,0,0,66,0,0,0
937,892,6,354,100,0,0,0,0,0,0,59,0,0,0
938,972,6.04762,381,100,0,0,0,0,0,0,62,0,0,1
939,1008,6.05263,345,100,0,0,0,0,0,0,56,0,0,1
940,888,6,330,100,0,0,0,0,0,0,55,0,0,0
941,1108,6,390,100,0,0,0,0,0,0,65,0,0,0
942,1112,6,348,100,0,0,0,0,0,0,58,0,0,0
943,1076,6.15789,351,100,0,0,0,0,0,0,54,0,0,3
944,1076,6.09836,372,100,0,0,0,0,0,0,59,0,0,2
945,996,6.09836,372,100,0,0,0,0,0,0,59,0,0,2
946,932,6.0566,321,100,0,0,0,0,0,0,52,0,0,1
947,1128,6,360,100,0,0,0,0,0,0,60,0,0,0
948,1056,6,354,100,0,0,0,0,0,0,59,0,0,0
949,800,6,348,100,0,0,0,0,0,0,58,0,0,0
950,1136,6,396,100,0,0,0,0,0,0,66,0,0,0
951,960,6,372,100,0,0,0,0,0,0,62,0,0,0
952,956,6,342,100,0,0,0,0,0,0,57,0,0,0
953,1128,6,408,100,0,0,0,0,0,0,68,0,0,0
954,1168,6.04478,405,100,0,0,0,0,0,0,66,0,0,1
955,840,6,378,100,0,0,0,0,0,0,63,0,0,0
956,1120,6.04762,381,100,0,0,0,0,0,0,62,0,0,1
957,1076,6.20339,366,100,0,0,0,0,0,0,55,0,0,4
958,1008,6.05,363,100,0,0,0,0,0,0,59,0,0,1
959,1100,6.09524,384,100,0,0,0,0,0,0,61,0,0,2
960,796,6.11111,330,100,0,0,0,0,0,0,52,0,0,2
961,956,6.1,366,100,0,0,0,0,0,0,58,0,0,2
962,1108,6.05085,357,100,0,0,0,0,0,0,58,0,0,1
963,972,6,354,100,0,0,0,0,0,0,59,0,0,0
964,1028,6.05085,357,100,0,0,0,0,0,0,58,0,0,1
965,1020,6,366,100,0,0,0,0,0,0,61,0,0,0
966,936,6,354,100,0,0,0,0,0,0,59,0,0,0
967,1116,6,366,100,0,0,0,0,0,0,61,0,0,0
968,1152,6.04688,387,100,0,0,0,0,0,0,63,0,0,1
969,1180,6,390,100,0,0,0,0,0,0,65,0,0,0
970,1160,6,342,100,0,0,0,0,0,0,57,0,0,0
971,940,6.05357,339,100,0,0,0,0,0,0,55,0,0,1
972,1000,6,348,100,0,0,0,0,0,0,58,0,0,0
973,836,6.05085,357,100,0,0,0,0,0,0,58,0,0,1
974,928,6,384,100,0,0,0,0,0,0,64,0,0,0
975,860,6.05085,357,100,0,0,0,0,0,0,58,0,0,1
976,748,6.05085,357,100,0,0,0,0,0,0,58,0,0,1
977,784,6.04918,369,100,0,0,0,0,0,0,60,0,0,1
978,936,6.09524,384,100,0,0,0,0,0,0,61,0,0,2
979,852,6.04918,369,100,0,0,0,0,0,0,60,0,0,1
980,864,6.09836,372,100,0,0,0,0,0,0,59,0,0,2
981,912,6.10169,360,100,0,0,0,0,0,0,57,0,0,2
982,864,6.04615,393,100,0,0,0,0,0,0,64,0,0,1
983,848,6.04918,369,100,0,0,0,0,0,0,60,0,0,1
984,900,6.1,366,100,0,0,0,0,0,0,58,0,0,2
985,912,6.09231,396,100,0,0,0,0,0,0,63,0,0,2
986,956,6.05085,357,100,0,0,0,0,0,0,58,0,0,1
987,1128,6,372,100,0,0,0,0,0,0,62,0,0,0
988,1256,6,366,100,0,0,0,0,0,0,61,0,0,0
989,1152,6,384,100,0,0,0,0,0,0,64,0,0,0
990,1080,6,348,100,0,0,0,0,0,0,58,0,0,0
991,1132,6,366,100,0,0,0,0,0,0,61,0,0,0
992,1028,6,348,100,0,0,0,0,0,0,58,0,0,0
993,1096,6.04918,369,100,0,0,0,0,0,0,60,0,0,1
994,1260,6.04545,399,100,0,0,0,0,0,0,65,0,0,1
995,1068,6.04762,381,100,0,0,0,0,0,0,62,0,0,1
996,1068,6.04839,375,100,0,0,0,0,0,0,61,0,0,1
997,1064,6.04615,393,100,0,0,0,0,0,0,64,0,0,1
998,976,6.05172,351,100,0,0,0,0,0,0,57,0,0,1
999,984,6.10169,360,100,0,0,0,0,0,0,57,0,0,2
