update,points,mean_tasks,total_tasks,total_orgs,task_0,task_1,task_2,task_3,task_4,task_5,task_6,task_7,task_8,task_9
0,0,nan,0,9,0,0,0,0,0,0,0,0,0,0
1,32,6,12,9,0,0,0,0,0,0,2,0,0,0
2,60,6,24,10,0,0,0,0,0,0,4,0,0,0
3,136,6.42857,45,11,0,0,0,0,0,0,6,0,0,1
4,240,6.42857,45,12,0,0,0,0,0,0,6,0,0,1
5,296,6.375,51,14,0,0,0,0,0,0,7,0,0,1
6,396,6.6,66,16,0,0,0,0,0,0,8,0,0,2
7,572,6.5,78,20,0,0,0,0,0,0,10,0,0,2
8,708,6.5,78,24,0,0,0,0,0,0,10,0,0,2
9,744,6.5625,105,25,0,0,0,0,0,0,13,0,0,3
10,920,6.88235,117,28,0,0,0,0,0,0,12,0,0,5
11,424,6.33333,114,29,0,0,0,0,0,0,16,0,0,2
12,576,6.70588,114,36,0,0,0,0,0,0,13,0,0,4
13,900,6.71429,141,40,0,0,0,0,0,0,16,0,0,5
14,744,6.71429,141,44,0,0,0,0,0,0,16,0,0,5
15,876,6.46154,168,49,0,0,0,0,0,0,22,0,0,4
16,1076,6.48387,201,54,0,0,0,0,0,0,26,0,0,5
17,1316,6.52941,222,60,0,0,0,0,0,0,28,0,0,6
18,1844,6.71053,255,61,0,0,0,0,0,0,29,0,0,9
19,1872,6.69231,261,65,0,0,0,0,0,0,30,0,0,9
20,1152,6.46154,252,69,0,0,0,0,0,0,33,0,0,6
21,1284,6.52174,300,71,0,0,0,0,0,0,38,0,0,8
22,1260,6.52174,300,78,0,0,0,0,0,0,38,0,0,8
23,1620,6.47059,330,82,0,0,0,0,0,0,43,0,0,8
24,1868,6.52941,333,86,0,0,0,0,0,0,42,0,0,9
25,2072,6.45763,381,88,0,0,0,0,0,0,50,0,0,9
26,2420,6.57895,375,89,0,0,0,0,0,0,46,0,0,11
27,2416,6.54545,360,91,0,0,0,0,0,0,45,0,0,10
28,2416,6.48,324,92,0,0,0,0,0,0,42,0,0,8
29,1980,6.47059,330,93,0,0,0,0,0,0,43,0,0,8
30,2144,6.63158,378,94,0,0,0,0,0,0,45,0,0,12
31,1712,6.56897,381,98,0,0,0,0,0,0,47,0,0,11
32,1752,6.45763,381,99,0,0,0,0,0,0,50,0,0,9
33,1720,6.51724,378,99,0,0,0,0,0,0,48,0,0,10
34,1820,6.52632,372,99,0,0,0,0,0,0,47,0,0,10
35,1604,6.35593,375,99,0,0,0,0,0,0,52,0,0,7
36,1180,6.3,378,99,0,0,0,0,0,0,54,0,0,6
37,1620,6.39344,390,99,0,0,0,0,0,0,53,0,0,8
38,1692,6.44828,374,99,0,0,0,0,0,0,49,0,1,8
39,1716,6.18033,377,100,0,0,0,0,0,0,57,0,1,3
40,1368,6.15,369,100,0,0,0,0,0,0,57,0,0,3
41,1648,6.31034,366,100,0,0,0,0,0,0,52,0,0,6
42,1420,6.3,378,100,0,0,0,0,0,0,54,0,0,6
43,1424,6.26786,351,100,0,0,0,0,0,0,51,0,0,5
44,900,6.10169,360,100,0,0,0,0,0,0,57,0,0,2
45,1140,6.14754,375,100,0,0,0,0,0,0,58,0,0,3
46,1088,6.16364,339,100,0,0,0,0,0,0,52,0,0,3
47,1132,6.15789,351,100,0,0,0,0,0,0,54,0,0,3
48,928,6.05085,357,100,0,0,0,0,0,0,58,0,0,1
49,1028,6.21053,354,100,0,0,0,0,0,0,53,0,0,4
50,844,6.10909,336,100,0,0,0,0,0,0,53,0,0,2
51,916,6.25862,363,100,0,0,0,0,0,0,53,0,0,5
52,924,6.25862,363,100,0,0,0,0,0,0,53,0,0,5
53,1076,6.10714,342,100,0,0,0,0,0,0,54,0,0,2
54,1008,6.2,372,100,0,0,0,0,0,0,56,0,0,4
55,996,6.19672,378,100,0,0,0,0,0,0,57,0,0,4
56,980,6.21538,404,100,0,0,0,0,0,0,60,0,1,4
57,996,6.29508,384,100,0,0,0,0,0,0,55,0,0,6
58,844,6.1,366,100,0,0,0,0,0,0,58,0,0,2
59,1060,6.29508,384,100,0,0,0,0,0,0,55,0,0,6
60,1044,6.05,363,100,0,0,0,0,0,0,59,0,0,1
61,1064,6.05,363,100,0,0,0,0,0,0,59,0,0,1
62,1092,6,354,100,0,0,0,0,0,0,59,0,0,0
63,1344,6.15,369,100,0,0,0,0,0,0,57,0,0,3
64,1120,6.09091,402,100,0,0,0,0,0,0,64,0,0,2
65,1140,6.09677,378,100,0,0,0,0,0,0,60,0,0,2
66,1016,6.05172,351,100,0,0,0,0,0,0,57,0,0,1
67,896,6,342,100,0,0,0,0,0,0,57,0,0,0
68,1100,6.14516,381,100,0,0,0,0,0,0,59,0,0,3
69,1036,6.10345,354,100,0,0,0,0,0,0,56,0,0,2
70,924,6.05455,333,100,0,0,0,0,0,0,54,0,0,1
71,1104,6.29032,390,100,0,0,0,0,0,0,56,0,0,6
72,1364,6.41379,372,100,0,0,0,0,0,0,50,0,0,8
73,1056,6.28302,333,100,0,0,0,0,0,0,48,0,0,5
74,1292,6.35593,375,100,0,0,0,0,0,0,52,0,0,7
75,1352,6.3,378,100,0,0,0,0,0,0,54,0,0,6
76,1104,6.27273,345,100,0,0,0,0,0,0,50,0,0,5
77,1244,6.3,378,100,0,0,0,0,0,0,54,0,0,6
78,988,6.10909,336,100,0,0,0,0,0,0,53,0,0,2
79,1116,6.2069,360,100,0,0,0,0,0,0,54,0,0,4
80,1216,6.25424,369,100,0,0,0,0,0,0,54,0,0,5
81,1232,6.19672,378,100,0,0,0,0,0,0,57,0,0,4
82,1548,6.32812,405,100,0,0,0,0,0,0,57,0,0,7
83,1396,6.14754,375,100,0,0,0,0,0,0,58,0,0,3
84,1436,6.39344,390,100,0,0,0,0,0,0,53,0,0,8
85,1200,6.42105,366,100,0,0,0,0,0,0,49,0,0,8
86,1124,6.31579,360,100,0,0,0,0,0,0,51,0,0,6
87,1108,6.33333,342,100,0,0,0,0,0,0,48,0,0,6
88,1164,6.25424,369,100,0,0,0,0,0,0,54,0,0,5
89,1164,6.25424,369,100,0,0,0,0,0,0,54,0,0,5
90,956,6.2,372,100,0,0,0,0,0,0,56,0,0,4
91,1100,6.25424,369,100,0,0,0,0,0,0,54,0,0,5
92,1132,6.42105,366,100,0,0,0,0,0,0,49,0,0,8
93,1016,6.26316,357,100,0,0,0,0,0,0,52,0,0,5
94,1180,6.42857,360,100,0,0,0,0,0,0,48,0,0,8
95,1312,6.31034,366,100,0,0,0,0,0,0,52,0,0,6
96,1344,6.26316,357,100,0,0,0,0,0,0,52,0,0,5
97,1600,6.34426,387,100,0,0,0,0,0,0,54,0,0,7
98,1440,6.38182,351,100,0,0,0,0,0,0,48,0,0,7
99,1776,6.51724,378,100,0,0,0,0,0,0,48,0,0,10
100,1628,6.55556,354,100,0,0,0,0,0,0,44,0,0,10
101,1924,6.53571,366,100,0,0,0,0,0,0,46,0,0,10
102,1464,6.43636,354,100,0,0,0,0,0,0,47,0,0,8
103,1396,6.35,381,100,0,0,0,0,0,0,53,0,0,7
104,1304,6.24194,387,100,0,0,0,0,0,0,57,0,0,5
105,1136,6.19355,384,100,0,0,0,0,0,0,58,0,0,4
106,1264,6.16071,345,100,0,0,0,0,0,0,53,0,0,3
107,1344,6.23077,405,100,0,0,0,0,0,0,60,0,0,5
108,1284,6.39344,390,100,0,0,0,0,0,0,53,0,0,8
109,1108,6.35,381,100,0,0,0,0,0,0,53,0,0,7
110,1196,6.4,384,100,0,0,0,0,0,0,52,0,0,8
111,1296,6.39344,390,100,0,0,0,0,0,0,53,0,0,8
112,1304,6.53571,366,100,0,0,0,0,0,0,46,0,0,10
113,1472,6.45763,381,100,0,0,0,0,0,0,50,0,0,9
114,1260,6.42857,360,100,0,0,0,0,0,0,48,0,0,8
115,1364,6.55,393,100,0,0,0,0,0,0,49,0,0,11
116,1376,6.62903,411,100,0,0,0,0,0,0,49,0,0,13
117,1324,6.49091,357,100,0,0,0,0,0,0,46,0,0,9
118,1540,6.375,408,100,0,0,0,0,0,0,56,0,0,8
119,1408,6.36842,363,100,0,0,0,0,0,0,50,0,0,7
120,1536,6.43548,399,100,0,0,0,0,0,0,53,0,0,9
121,1480,6.43548,399,100,0,0,0,0,0,0,53,0,0,9
122,1596,6.3,378,100,0,0,0,0,0,0,54,0,0,6
123,1648,6.29032,390,100,0,0,0,0,0,0,56,0,0,6
124,1284,6.14754,375,100,0,0,0,0,0,0,58,0,0,3
125,1292,6.19355,384,100,0,0,0,0,0,0,58,0,0,4
126,1316,6.3871,396,100,0,0,0,0,0,0,54,0,0,8
127,1392,6.32308,411,100,0,0,0,0,0,0,58,0,0,7
128,1424,6.33871,393,100,0,0,0,0,0,0,55,0,0,7
129,1440,6.47368,369,100,0,0,0,0,0,0,48,0,0,9
130,1516,6.38889,345,100,0,0,0,0,0,0,47,0,0,7
131,1476,6.49091,357,100,0,0,0,0,0,0,46,0,0,9
132,1404,6.49091,357,100,0,0,0,0,0,0,46,0,0,9
133,1652,6.7,402,100,0,0,0,0,0,0,46,0,0,14
134,1824,6.62069,384,100,0,0,0,0,0,0,46,0,0,12
135,1816,6.42857,405,100,0,0,0,0,0,0,54,0,0,9
136,1612,6.31034,366,100,0,0,0,0,0,0,52,0,0,6
137,1536,6.41379,372,100,0,0,0,0,0,0,50,0,0,8
138,1612,6.53571,366,100,0,0,0,0,0,0,46,0,0,10
139,1608,6.46154,336,100,0,0,0,0,0,0,44,0,0,8
140,1568,6.35593,375,100,0,0,0,0,0,0,52,0,0,7
141,1484,6.32143,354,100,0,0,0,0,0,0,50,0,0,6
142,1516,6.36842,363,100,0,0,0,0,0,0,50,0,0,7
143,1528,6.25,375,100,0,0,0,0,0,0,55,0,0,5
144,1844,6.31034,366,100,0,0,0,0,0,0,52,0,0,6
145,1868,6.25862,363,100,0,0,0,0,0,0,53,0,0,5
146,1844,6.31579,360,100,0,0,0,0,0,0,51,0,0,6
147,1720,6.15789,351,100,0,0,0,0,0,0,54,0,0,3
148,1728,6.29508,384,100,0,0,0,0,0,0,55,0,0,6
149,1432,6.31579,360,100,0,0,0,0,0,0,51,0,0,6
150,1332,6.42857,360,100,0,0,0,0,0,0,48,0,0,8
151,1400,6.25,375,100,0,0,0,0,0,0,55,0,0,5
152,1476,6.2459,381,100,0,0,0,0,0,0,56,0,0,5
153,1492,6.15,369,100,0,0,0,0,0,0,57,0,0,3
154,1616,6.14516,381,100,0,0,0,0,0,0,59,0,0,3
155,1560,6.29508,384,100,0,0,0,0,0,0,55,0,0,6
156,1540,6.15789,351,100,0,0,0,0,0,0,54,0,0,3
157,1224,6.21818,342,100,0,0,0,0,0,0,51,0,0,4
158,1736,6.44262,393,100,0,0,0,0,0,0,52,0,0,9
159,1744,6.35593,375,100,0,0,0,0,0,0,52,0,0,7
160,1680,6.26316,357,100,0,0,0,0,0,0,52,0,0,5
161,1532,6.61017,390,100,0,0,0,0,0,0,47,0,0,12
162,1612,6.72414,390,100,0,0,0,0,0,0,44,0,0,14
163,1636,6.65,399,100,0,0,0,0,0,0,47,0,0,13
164,1532,6.57895,375,100,0,0,0,0,0,0,46,0,0,11
165,1572,6.65455,366,100,0,0,0,0,0,0,43,0,0,12
166,1500,6.48214,363,100,0,0,0,0,0,0,47,0,0,9
167,1716,6.63158,378,100,0,0,0,0,0,0,45,0,0,12
168,1904,6.76271,399,100,0,0,0,0,0,0,44,0,0,15
169,1784,6.64286,372,100,0,0,0,0,0,0,44,0,0,12
170,1896,6.56897,381,100,0,0,0,0,0,0,47,0,0,11
171,1956,6.31034,366,100,0,0,0,0,0,0,52,0,0,6
172,1712,6.4,384,100,0,0,0,0,0,0,52,0,0,8
173,1632,6.7,402,100,0,0,0,0,0,0,46,0,0,14
174,1332,6.375,357,100,0,0,0,0,0,0,49,0,0,7
175,1460,6.40678,378,100,0,0,0,0,0,0,51,0,0,8
176,1728,6.45763,381,100,0,0,0,0,0,0,50,0,0,9
177,1532,6.40678,378,100,0,0,0,0,0,0,51,0,0,8
178,1460,6.43636,354,100,0,0,0,0,0,0,47,0,0,8
179,1284,6.25424,369,100,0,0,0,0,0,0,54,0,0,5
180,1448,6.41379,372,100,0,0,0,0,0,0,50,0,0,8
181,1376,6.26316,357,100,0,0,0,0,0,0,52,0,0,5
182,1380,6.14754,375,100,0,0,0,0,0,0,58,0,0,3
183,1672,6.23438,399,100,0,0,0,0,0,0,59,0,0,5
184,1348,6.21053,354,100,0,0,0,0,0,0,53,0,0,4
185,1280,6.15517,357,100,0,0,0,0,0,0,55,0,0,3
186,1300,6.19355,384,100,0,0,0,0,0,0,58,0,0,4
187,1312,6.21053,354,100,0,0,0,0,0,0,53,0,0,4
188,1264,6.20339,366,100,0,0,0,0,0,0,55,0,0,4
189,1336,6.23438,399,100,0,0,0,0,0,0,59,0,0,5
190,1300,6.30508,372,100,0,0,0,0,0,0,53,0,0,6
191,1012,6.2,372,100,0,0,0,0,0,0,56,0,0,4
192,1144,6.32812,405,100,0,0,0,0,0,0,57,0,0,7
193,1260,6.42857,405,100,0,0,0,0,0,0,54,0,0,9
194,1284,6.36364,420,100,0,0,0,0,0,0,58,0,0,8
195,1056,6.35593,375,100,0,0,0,0,0,0,52,0,0,7
196,1196,6.52381,411,100,0,0,0,0,0,0,52,0,0,11
197,1168,6.35593,375,100,0,0,0,0,0,0,52,0,0,7
198,1240,6.66102,393,100,0,0,0,0,0,0,46,0,0,13
199,1296,6.53571,366,100,0,0,0,0,0,0,46,0,0,10
200,1188,6.46552,375,100,0,0,0,0,0,0,49,0,0,9
201,1128,6.39344,390,100,0,0,0,0,0,0,53,0,0,8
202,1188,6.36364,420,100,0,0,0,0,0,0,58,0,0,8
203,1012,6.48214,363,100,0,0,0,0,0,0,47,0,0,9
204,1236,6.46552,375,100,0,0,0,0,0,0,49,0,0,9
205,1280,6.24194,387,100,0,0,0,0,0,0,57,0,0,5
206,1468,6.43548,399,100,0,0,0,0,0,0,53,0,0,9
207,1704,6.38095,402,100,0,0,0,0,0,0,55,0,0,8
208,1344,6.55,393,100,0,0,0,0,0,0,49,0,0,11
209,1256,6.47368,369,100,0,0,0,0,0,0,48,0,0,9
210,1500,6.44262,393,100,0,0,0,0,0,0,52,0,0,9
211,1408,6.4918,396,100,0,0,0,0,0,0,51,0,0,10
212,1380,6.39344,390,100,0,0,0,0,0,0,53,0,0,8
213,1392,6.28125,402,100,0,0,0,0,0,0,58,0,0,6
214,1084,6.27273,414,100,0,0,0,0,0,0,60,0,0,6
215,1252,6.33871,393,100,0,0,0,0,0,0,55,0,0,7
216,1228,6.34426,387,100,0,0,0,0,0,0,54,0,0,7
217,1200,6.43548,399,100,0,0,0,0,0,0,53,0,0,9
218,1224,6.35593,375,100,0,0,0,0,0,0,52,0,0,7
219,1240,6.38182,351,100,0,0,0,0,0,0,48,0,0,7
220,1064,6.25424,369,100,0,0,0,0,0,0,54,0,0,5
221,1076,6.45763,381,100,0,0,0,0,0,0,50,0,0,9
222,1280,6.4,384,100,0,0,0,0,0,0,52,0,0,8
223,1028,6.32143,354,100,0,0,0,0,0,0,50,0,0,6
224,1200,6.35,381,100,0,0,0,0,0,0,53,0,0,7
225,1132,6.35593,375,100,0,0,0,0,0,0,52,0,0,7
226,1268,6.38182,351,100,0,0,0,0,0,0,48,0,0,7
227,1400,6.36207,369,100,0,0,0,0,0,0,51,0,0,7
228,1460,6.40678,378,100,0,0,0,0,0,0,51,0,0,8
229,1332,6.26471,426,100,0,0,0,0,0,0,62,0,0,6
230,1292,6.32812,405,100,0,0,0,0,0,0,57,0,0,7
231,1304,6.33871,393,100,0,0,0,0,0,0,55,0,0,7
232,1172,6.31343,423,100,0,0,0,0,0,0,60,0,0,7
233,1040,6.42105,366,100,0,0,0,0,0,0,49,0,0,8
234,1288,6.40678,378,100,0,0,0,0,0,0,51,0,0,8
235,1284,6.3,378,100,0,0,0,0,0,0,54,0,0,6
236,996,6.25862,363,100,0,0,0,0,0,0,53,0,0,5
237,1072,6.27692,408,100,0,0,0,0,0,0,59,0,0,6
238,1056,6.25424,369,100,0,0,0,0,0,0,54,0,0,5
239,1196,6.19355,384,100,0,0,0,0,0,0,58,0,0,4
240,996,6.23333,374,100,0,0,0,0,0,0,55,0,1,4
241,1240,6.32812,405,100,0,0,0,0,0,0,57,0,0,7
242,1184,6.28571,396,100,0,0,0,0,0,0,57,0,0,6
243,1132,6.375,408,100,0,0,0,0,0,0,56,0,0,8
244,1064,6.375,408,100,0,0,0,0,0,0,56,0,0,8
245,1152,6.29508,384,100,0,0,0,0,0,0,55,0,0,6
246,864,6.32143,354,100,0,0,0,0,0,0,50,0,0,6
247,940,6.31579,360,100,0,0,0,0,0,0,51,0,0,6
248,956,6.34426,387,100,0,0,0,0,0,0,54,0,0,7
249,996,6.3871,396,100,0,0,0,0,0,0,54,0,0,8
250,1144,6.48387,402,100,0,0,0,0,0,0,52,0,0,10
251,1172,6.46154,420,100,0,0,0,0,0,0,55,0,0,10
252,856,6.29032,390,100,0,0,0,0,0,0,56,0,0,6
253,1340,6.58462,428,100,0,0,0,0,0,0,52,0,1,12
254,1192,6.49091,357,100,0,0,0,0,0,0,46,0,0,9
255,1164,6.68421,381,100,0,0,0,0,0,0,44,0,0,13
256,1444,6.59091,435,100,0,0,0,0,0,0,53,0,0,13
257,1216,6.71429,423,100,0,0,0,0,0,0,48,0,0,15
258,1176,6.63636,438,100,0,0,0,0,0,0,52,0,0,14
259,1032,6.54098,399,100,0,0,0,0,0,0,50,0,0,11
260,976,6.49091,357,100,0,0,0,0,0,0,46,0,0,9
261,1064,6.36207,369,100,0,0,0,0,0,0,51,0,0,7
262,1064,6.36842,363,100,0,0,0,0,0,0,50,0,0,7
263,936,6.36842,363,100,0,0,0,0,0,0,50,0,0,7
264,1088,6.43548,399,100,0,0,0,0,0,0,53,0,0,9
265,1276,6.48214,363,100,0,0,0,0,0,0,47,0,0,9
266,1072,6.375,408,100,0,0,0,0,0,0,56,0,0,8
267,1180,6.35593,375,100,0,0,0,0,0,0,52,0,0,7
268,1064,6.26316,357,100,0,0,0,0,0,0,52,0,0,5
269,1324,6.23438,399,100,0,0,0,0,0,0,59,0,0,5
270,1208,6.10345,354,100,0,0,0,0,0,0,56,0,0,2
271,1492,6.2459,381,100,0,0,0,0,0,0,56,0,0,5
272,1516,6.14516,381,100,0,0,0,0,0,0,59,0,0,3
273,1572,6.1875,396,100,0,0,0,0,0,0,60,0,0,4
274,2048,6.31818,417,100,0,0,0,0,0,0,59,0,0,7
275,2140,6.35593,375,100,0,0,0,0,0,0,52,0,0,7
276,2424,6.50794,410,100,0,0,0,0,0,0,52,0,1,10
277,1644,6.2931,365,100,0,0,0,0,0,0,52,0,1,5
278,1784,6.2459,381,100,0,0,0,0,0,0,56,0,0,5
279,1896,6.3871,396,100,0,0,0,0,0,0,54,0,0,8
280,2296,6.58929,369,100,0,0,0,0,0,0,45,0,0,11
281,1748,6.58929,369,100,0,0,0,0,0,0,45,0,0,11
282,1640,6.58929,369,100,0,0,0,0,0,0,45,0,0,11
283,1468,6.45283,342,100,0,0,0,0,0,0,45,0,0,8
284,1868,6.5,390,100,0,0,0,0,0,0,50,0,0,10
285,2040,6.50847,384,100,0,0,0,0,0,0,49,0,0,10
286,2040,6.45,387,100,0,0,0,0,0,0,51,0,0,9
287,2116,6.68852,408,100,0,0,0,0,0,0,47,0,0,14
288,2432,6.62903,411,100,0,0,0,0,0,0,49,0,0,13
289,2668,6.55,393,100,0,0,0,0,0,0,49,0,0,11
290,2128,6.30508,372,100,0,0,0,0,0,0,53,0,0,6
291,1784,6.3871,396,100,0,0,0,0,0,0,54,0,0,8
292,1584,6.56897,381,100,0,0,0,0,0,0,47,0,0,11
293,1500,6.3871,396,100,0,0,0,0,0,0,54,0,0,8
294,1500,6.34426,387,100,0,0,0,0,0,0,54,0,0,7
295,1156,6.19672,378,100,0,0,0,0,0,0,57,0,0,4
296,1420,6.14062,393,100,0,0,0,0,0,0,61,0,0,3
297,1328,6.21429,348,100,0,0,0,0,0,0,52,0,0,4
298,1276,6.15254,363,100,0,0,0,0,0,0,56,0,0,3
299,1308,6.34615,330,100,0,0,0,0,0,0,46,0,0,6
300,1552,6.42857,360,100,0,0,0,0,0,0,48,0,0,8
301,1460,6.23529,318,100,0,0,0,0,0,0,47,0,0,4
302,1644,6.22222,336,100,0,0,0,0,0,0,50,0,0,4
303,1724,6.16667,333,100,0,0,0,0,0,0,51,0,0,3
304,1784,6.16071,345,100,0,0,0,0,0,0,53,0,0,3
305,1468,6.0566,321,100,0,0,0,0,0,0,52,0,0,1
306,1016,6.11765,312,100,0,0,0,0,0,0,49,0,0,2
307,916,6.05769,315,100,0,0,0,0,0,0,51,0,0,1
308,1308,6.2381,393,100,0,0,0,0,0,0,58,0,0,5
309,1144,6.16364,339,100,0,0,0,0,0,0,52,0,0,3
310,1204,6.36207,369,100,0,0,0,0,0,0,51,0,0,7
311,1300,6.38333,383,100,0,0,0,0,0,0,52,0,1,7
312,1292,6.18966,359,100,0,0,0,0,0,0,54,0,1,3
313,1112,6.10714,342,100,0,0,0,0,0,0,54,0,0,2
314,972,6.10169,360,100,0,0,0,0,0,0,57,0,0,2
315,1492,6.22222,392,100,0,0,0,0,0,0,58,0,1,4
316,1036,6.04839,375,100,0,0,0,0,0,0,61,0,0,1
317,1160,6.04688,387,100,0,0,0,0,0,0,63,0,0,1
318,1348,6.09524,384,100,0,0,0,0,0,0,61,0,0,2
319,1276,6.14516,381,100,0,0,0,0,0,0,59,0,0,3
320,1356,6,372,100,0,0,0,0,0,0,62,0,0,0
321,1228,6.04839,375,100,0,0,0,0,0,0,61,0,0,1
322,996,6.04918,369,100,0,0,0,0,0,0,60,0,0,1
323,872,6,348,100,0,0,0,0,0,0,58,0,0,0
324,1024,6.05172,351,100,0,0,0,0,0,0,57,0,0,1
325,1128,6,318,100,0,0,0,0,0,0,53,0,0,0
326,1228,6,354,100,0,0,0,0,0,0,59,0,0,0
327,984,6,336,100,0,0,0,0,0,0,56,0,0,0
328,1032,6.05357,339,100,0,0,0,0,0,0,55,0,0,1
329,912,6.04918,369,100,0,0,0,0,0,0,60,0,0,1
330,1068,6.15789,351,100,0,0,0,0,0,0,54,0,0,3
331,1036,6.15,369,100,0,0,0,0,0,0,57,0,0,3
332,896,6,354,100,0,0,0,0,0,0,59,0,0,0
333,1044,6.05085,357,100,0,0,0,0,0,0,58,0,0,1
334,1132,6.15254,363,100,0,0,0,0,0,0,56,0,0,3
335,1204,6.10169,360,100,0,0,0,0,0,0,57,0,0,2
336,1028,6,348,100,0,0,0,0,0,0,58,0,0,0
337,1044,6.0566,321,100,0,0,0,0,0,0,52,0,0,1
338,1168,6.08197,371,100,0,0,0,0,0,0,59,0,1,1
339,1236,6,348,100,0,0,0,0,0,0,58,0,0,0
340,1268,6,372,100,0,0,0,0,0,0,62,0,0,0
341,1008,6.05172,351,100,0,0,0,0,0,0,57,0,0,1
342,1048,6.05556,327,100,0,0,0,0,0,0,53,0,0,1
343,1024,6.05263,345,100,0,0,0,0,0,0,56,0,0,1
344,1036,6.05172,351,100,0,0,0,0,0,0,57,0,0,1
345,1072,6.05085,357,100,0,0,0,0,0,0,58,0,0,1
346,1124,6.05455,333,100,0,0,0,0,0,0,54,0,0,1
347,1284,6.04839,375,100,0,0,0,0,0,0,61,0,0,1
348,1216,6.04762,381,100,0,0,0,0,0,0,62,0,0,1
349,1440,6.05263,345,100,0,0,0,0,0,0,56,0,0,1
350,1340,6.0566,321,100,0,0,0,0,0,0,52,0,0,1
351,1412,6.04918,369,100,0,0,0,0,0,0,60,0,0,1
352,1284,6.04762,381,100,0,0,0,0,0,0,62,0,0,1
353,1324,6,354,100,0,0,0,0,0,0,59,0,0,0
354,1236,6,336,100,0,0,0,0,0,0,56,0,0,0
355,1296,6,336,100,0,0,0,0,0,0,56,0,0,0
356,1040,6,342,100,0,0,0,0,0,0,57,0,0,0
357,1016,6,324,100,0,0,0,0,0,0,54,0,0,0
358,1112,6,342,100,0,0,0,0,0,0,57,0,0,0
359,1220,6,360,100,0,0,0,0,0,0,60,0,0,0
360,1236,6,378,100,0,0,0,0,0,0,63,0,0,0
361,1072,6,354,100,0,0,0,0,0,0,59,0,0,0
362,1160,6.04918,369,100,0,0,0,0,0,0,60,0,0,1
363,1324,6,360,100,0,0,0,0,0,0,60,0,0,0
364,1296,6,372,100,0,0,0,0,0,0,62,0,0,0
365,1256,6.05,363,100,0,0,0,0,0,0,59,0,0,1
366,1240,6.10526,348,100,0,0,0,0,0,0,55,0,0,2
367,1112,6.15254,363,100,0,0,0,0,0,0,56,0,0,3
368,1280,6.13636,405,100,0,0,0,0,0,0,63,0,0,3
369,1220,6.1,366,100,0,0,0,0,0,0,58,0,0,2
370,1224,6.05357,339,100,0,0,0,0,0,0,55,0,0,1
371,1160,6,336,100,0,0,0,0,0,0,56,0,0,0
372,1172,6.05,363,100,0,0,0,0,0,0,59,0,0,1
373,1044,6,372,100,0,0,0,0,0,0,62,0,0,0
374,1080,6.05,363,100,0,0,0,0,0,0,59,0,0,1
375,1104,6.05172,351,100,0,0,0,0,0,0,57,0,0,1
376,976,6.05455,333,100,0,0,0,0,0,0,54,0,0,1
377,1300,6,390,100,0,0,0,0,0,0,65,0,0,0
378,1000,6,354,100,0,0,0,0,0,0,59,0,0,0
379,980,6,354,100,0,0,0,0,0,0,59,0,0,0
380,1004,6,372,100,0,0,0,0,0,0,62,0,0,0
381,1088,6,360,100,0,0,0,0,0,0,60,0,0,0
382,1156,6,372,100,0,0,0,0,0,0,62,0,0,0
383,996,6,312,100,0,0,0,0,0,0,52,0,0,0
384,1096,6.0566,321,100,0,0,0,0,0,0,52,0,0,1
385,1216,6,348,100,0,0,0,0,0,0,58,0,0,0
386,1204,6,324,100,0,0,0,0,0,0,54,0,0,0
387,1220,6.05455,333,100,0,0,0,0,0,0,54,0,0,1
388,1328,6,360,100,0,0,0,0,0,0,60,0,0,0
389,1232,6.11111,330,100,0,0,0,0,0,0,52,0,0,2
390,1180,6.05172,351,100,0,0,0,0,0,0,57,0,0,1
391,1456,6.10526,348,100,0,0,0,0,0,0,55,0,0,2
392,1364,6.05,363,100,0,0,0,0,0,0,59,0,0,1
393,1444,6.10714,342,100,0,0,0,0,0,0,54,0,0,2
394,1472,6.16667,333,100,0,0,0,0,0,0,51,0,0,3
395,1612,6.2069,360,100,0,0,0,0,0,0,54,0,0,4
396,1660,6.2069,360,100,0,0,0,0,0,0,54,0,0,4
397,1720,6.16364,339,100,0,0,0,0,0,0,52,0,0,3
398,1824,6.16071,345,100,0,0,0,0,0,0,53,0,0,3
399,1792,6.15254,363,100,0,0,0,0,0,0,56,0,0,3
400,1320,6.05357,339,100,0,0,0,0,0,0,55,0,0,1
401,1396,6.04839,375,100,0,0,0,0,0,0,61,0,0,1
402,1048,6,330,100,0,0,0,0,0,0,55,0,0,0
403,948,6,342,100,0,0,0,0,0,0,57,0,0,0
404,1380,6.04762,381,100,0,0,0,0,0,0,62,0,0,1
405,1076,6,336,100,0,0,0,0,0,0,56,0,0,0
406,1412,6.10169,360,100,0,0,0,0,0,0,57,0,0,2
407,1324,6.1,366,100,0,0,0,0,0,0,58,0,0,2
408,1336,6.15254,363,100,0,0,0,0,0,0,56,0,0,3
409,1496,6.19355,384,100,0,0,0,0,0,0,58,0,0,4
410,1564,6.30508,372,100,0,0,0,0,0,0,53,0,0,6
411,1784,6.30508,372,100,0,0,0,0,0,0,53,0,0,6
412,1920,6.41379,372,100,0,0,0,0,0,0,50,0,0,8
413,1556,6.40678,378,100,0,0,0,0,0,0,51,0,0,8
414,1440,6.32727,348,100,0,0,0,0,0,0,49,0,0,6
415,1404,6.30508,372,100,0,0,0,0,0,0,53,0,0,6
416,1132,6.22642,330,100,0,0,0,0,0,0,49,0,0,4
417,1128,6.21818,342,100,0,0,0,0,0,0,51,0,0,4
418,996,6.16364,339,100,0,0,0,0,0,0,52,0,0,3
419,1320,6.3,378,100,0,0,0,0,0,0,54,0,0,6
420,1156,6.11321,324,100,0,0,0,0,0,0,51,0,0,2
421,1116,6.2069,360,100,0,0,0,0,0,0,54,0,0,4
422,1280,6.26154,407,100,0,0,0,0,0,0,59,0,1,5
423,1308,6.14754,375,100,0,0,0,0,0,0,58,0,0,3
424,1540,6.29032,390,100,0,0,0,0,0,0,56,0,0,6
425,1188,6.2069,360,100,0,0,0,0,0,0,54,0,0,4
426,1332,6.14754,375,100,0,0,0,0,0,0,58,0,0,3
427,1016,6.14516,381,100,0,0,0,0,0,0,59,0,0,3
428,1156,6.24194,387,100,0,0,0,0,0,0,57,0,0,5
429,1244,6.2381,393,100,0,0,0,0,0,0,58,0,0,5
430,1424,6.27273,414,100,0,0,0,0,0,0,60,0,0,6
431,1688,6.44262,393,100,0,0,0,0,0,0,52,0,0,9
432,1576,6.31579,360,100,0,0,0,0,0,0,51,0,0,6
433,1488,6.38889,345,100,0,0,0,0,0,0,47,0,0,7
434,1540,6.38889,345,100,0,0,0,0,0,0,47,0,0,7
435,1396,6.33333,342,100,0,0,0,0,0,0,48,0,0,6
436,1344,6.38182,351,100,0,0,0,0,0,0,48,0,0,7
437,1288,6.15517,357,100,0,0,0,0,0,0,55,0,0,3
438,1332,6.26316,357,100,0,0,0,0,0,0,52,0,0,5
439,1200,6.25424,369,100,0,0,0,0,0,0,54,0,0,5
440,1292,6.16667,333,100,0,0,0,0,0,0,51,0,0,3
441,1552,6.28571,396,100,0,0,0,0,0,0,57,0,0,6
442,1324,6.48387,402,100,0,0,0,0,0,0,52,0,0,10
443,1560,6.4918,396,100,0,0,0,0,0,0,51,0,0,10
444,1740,6.30508,372,100,0,0,0,0,0,0,53,0,0,6
445,1720,6.20339,366,100,0,0,0,0,0,0,55,0,0,4
446,1864,6.3871,396,100,0,0,0,0,0,0,54,0,0,8
447,1572,6.20339,366,100,0,0,0,0,0,0,55,0,0,4
448,1432,6.375,357,100,0,0,0,0,0,0,49,0,0,7
449,1884,6.21429,348,100,0,0,0,0,0,0,52,0,0,4
450,1564,6.21818,342,100,0,0,0,0,0,0,51,0,0,4
451,1868,6.25862,363,100,0,0,0,0,0,0,53,0,0,5
452,1764,6.26316,357,100,0,0,0,0,0,0,52,0,0,5
453,1520,6.10714,342,100,0,0,0,0,0,0,54,0,0,2
454,1296,6.16071,345,100,0,0,0,0,0,0,53,0,0,3
455,1368,6.15,369,100,0,0,0,0,0,0,57,0,0,3
456,1156,6.10909,336,100,0,0,0,0,0,0,53,0,0,2
457,1164,6.05556,327,100,0,0,0,0,0,0,53,0,0,1
458,1288,6.10909,336,100,0,0,0,0,0,0,53,0,0,2
459,1304,6.04918,369,100,0,0,0,0,0,0,60,0,0,1
460,1292,6.04918,369,100,0,0,0,0,0,0,60,0,0,1
461,1132,6,354,100,0,0,0,0,0,0,59,0,0,0
462,1152,6,378,100,0,0,0,0,0,0,63,0,0,0
463,1272,6.09091,402,100,0,0,0,0,0,0,64,0,0,2
464,1136,6.05,363,100,0,0,0,0,0,0,59,0,0,1
465,1152,6.10909,336,100,0,0,0,0,0,0,53,0,0,2
466,1172,6,342,100,0,0,0,0,0,0,57,0,0,0
467,1340,6.05085,357,100,0,0,0,0,0,0,58,0,0,1
468,1256,6.10526,348,100,0,0,0,0,0,0,55,0,0,2
469,1252,6,360,100,0,0,0,0,0,0,60,0,0,0
470,1188,6,366,100,0,0,0,0,0,0,61,0,0,0
471,1132,6,360,100,0,0,0,0,0,0,60,0,0,0
472,1036,6,366,100,0,0,0,0,0,0,61,0,0,0
473,1092,6.15,369,100,0,0,0,0,0,0,57,0,0,3
474,1200,6.14754,375,100,0,0,0,0,0,0,58,0,0,3
475,1196,6.33333,399,100,0,0,0,0,0,0,56,0,0,7
476,1204,6.25862,363,100,0,0,0,0,0,0,53,0,0,5
477,1104,6.2459,381,100,0,0,0,0,0,0,56,0,0,5
478,1232,6.2381,393,100,0,0,0,0,0,0,58,0,0,5
479,1124,6.1,366,100,0,0,0,0,0,0,58,0,0,2
480,1096,6.09836,372,100,0,0,0,0,0,0,59,0,0,2
481,1084,6.15517,357,100,0,0,0,0,0,0,55,0,0,3
482,1120,6.04918,369,100,0,0,0,0,0,0,60,0,0,1
483,1044,6.19672,378,100,0,0,0,0,0,0,57,0,0,4
484,1208,6.09677,378,100,0,0,0,0,0,0,60,0,0,2
485,960,6,354,100,0,0,0,0,0,0,59,0,0,0
486,1176,6.14286,387,100,0,0,0,0,0,0,60,0,0,3
487,1216,6.1875,396,100,0,0,0,0,0,0,60,0,0,4
488,1124,6.1875,396,100,0,0,0,0,0,0,60,0,0,4
489,1300,6.09091,402,100,0,0,0,0,0,0,64,0,0,2
490,1176,6.15517,357,100,0,0,0,0,0,0,55,0,0,3
491,1336,6.05085,357,100,0,0,0,0,0,0,58,0,0,1
492,1404,6.15254,363,100,0,0,0,0,0,0,56,0,0,3
493,1248,6.10345,354,100,0,0,0,0,0,0,56,0,0,2
494,1292,6.25862,363,100,0,0,0,0,0,0,53,0,0,5
495,1216,6.21429,348,100,0,0,0,0,0,0,52,0,0,4
496,1500,6.24194,387,100,0,0,0,0,0,0,57,0,0,5
497,1476,6.42857,405,100,0,0,0,0,0,0,54,0,0,9
498,1356,6.48214,363,100,0,0,0,0,0,0,47,0,0,9
499,1356,6.32787,386,100,0,0,0,0,0,0,54,0,1,6
500,1548,6.5614,374,100,0,0,0,0,0,0,46,0,1,10
501,1716,6.33333,399,100,0,0,0,0,0,0,56,0,0,7
502,1316,6.28571,396,100,0,0,0,0,0,0,57,0,0,6
503,1476,6.30508,372,100,0,0,0,0,0,0,53,0,0,6
504,1452,6.15,369,100,0,0,0,0,0,0,57,0,0,3
505,1556,6.14516,381,100,0,0,0,0,0,0,59,0,0,3
506,1300,6.27273,345,100,0,0,0,0,0,0,50,0,0,5
507,1396,6.35593,375,100,0,0,0,0,0,0,52,0,0,7
508,1476,6.30508,372,100,0,0,0,0,0,0,53,0,0,6
509,1292,6.34426,387,100,0,0,0,0,0,0,54,0,0,7
510,1232,6.32308,411,100,0,0,0,0,0,0,58,0,0,7
511,1272,6.39344,390,100,0,0,0,0,0,0,53,0,0,8
512,1172,6.3,378,100,0,0,0,0,0,0,54,0,0,6
513,1332,6.33871,393,100,0,0,0,0,0,0,55,0,0,7
514,1416,6.43548,399,100,0,0,0,0,0,0,53,0,0,9
515,1548,6.44262,393,100,0,0,0,0,0,0,52,0,0,9
516,1432,6.42188,411,100,0,0,0,0,0,0,55,0,0,9
517,1720,6.63934,405,100,0,0,0,0,0,0,48,0,0,13
518,1632,6.67742,414,100,0,0,0,0,0,0,48,0,0,14
519,1520,6.6,396,100,0,0,0,0,0,0,48,0,0,12
520,1672,6.36842,363,100,0,0,0,0,0,0,50,0,0,7
521,1828,6.47368,369,100,0,0,0,0,0,0,48,0,0,9
522,1684,6.45,387,100,0,0,0,0,0,0,51,0,0,9
523,1492,6.57895,375,100,0,0,0,0,0,0,46,0,0,11
524,1628,6.44262,393,100,0,0,0,0,0,0,52,0,0,9
525,1620,6.35593,375,100,0,0,0,0,0,0,52,0,0,7
526,1736,6.66102,393,100,0,0,0,0,0,0,46,0,0,13
527,1616,6.68852,408,100,0,0,0,0,0,0,47,0,0,14
528,1532,6.8,408,100,0,0,0,0,0,0,44,0,0,16
529,1220,6.66667,420,100,0,0,0,0,0,0,49,0,0,14
530,1280,6.72581,417,100,0,0,0,0,0,0,47,0,0,15
531,1532,6.87931,399,100,0,0,0,0,0,0,41,0,0,17
532,1748,7.16129,444,100,0,0,0,0,0,0,38,0,0,24
533,1872,7.13793,414,100,0,0,0,0,0,0,36,0,0,22
534,1948,6.96774,432,100,0,0,0,0,0,0,42,0,0,20
535,1588,7.03448,408,100,0,0,0,0,0,0,38,0,0,20
536,1676,6.98276,405,100,0,0,0,0,0,0,39,0,0,19
537,1576,6.76271,399,100,0,0,0,0,0,0,44,0,0,15
538,1640,6.68421,381,100,0,0,0,0,0,0,44,0,0,13
539,1592,6.55932,387,100,0,0,0,0,0,0,48,0,0,11
540,1640,6.66102,393,100,0,0,0,0,0,0,46,0,0,13
541,1728,6.86441,405,100,0,0,0,0,0,0,42,0,0,17
542,1552,6.66667,360,100,0,0,0,0,0,0,42,0,0,12
543,1684,6.86441,405,100,0,0,0,0,0,0,42,0,0,17
544,1568,7.13208,378,100,0,0,0,0,0,0,33,0,0,20
545,1676,7,413,100,0,0,0,0,0,0,39,0,1,19
546,1480,6.81356,402,100,0,0,0,0,0,0,43,0,0,16
547,1412,6.66667,420,100,0,0,0,0,0,0,49,0,0,14
548,1412,6.63934,405,100,0,0,0,0,0,0,48,0,0,13
549,1604,6.62069,384,100,0,0,0,0,0,0,46,0,0,12
550,1472,6.62903,411,100,0,0,0,0,0,0,49,0,0,13
551,1304,6.42857,360,100,0,0,0,0,0,0,48,0,0,8
552,1180,6.35593,375,100,0,0,0,0,0,0,52,0,0,7
553,1040,6.34426,387,100,0,0,0,0,0,0,54,0,0,7
554,1304,6.47619,408,100,0,0,0,0,0,0,53,0,0,10
555,1296,6.55932,387,100,0,0,0,0,0,0,48,0,0,11
556,1252,6.53571,366,100,0,0,0,0,0,0,46,0,0,10
557,1300,6.40678,378,100,0,0,0,0,0,0,51,0,0,8
558,1256,6.31818,417,100,0,0,0,0,0,0,59,0,0,7
559,1288,6.29032,390,100,0,0,0,0,0,0,56,0,0,6
560,1504,6.36842,363,100,0,0,0,0,0,0,50,0,0,7
561,1460,6.42857,360,100,0,0,0,0,0,0,48,0,0,8
562,1392,6.32143,354,100,0,0,0,0,0,0,50,0,0,6
563,1304,6.32143,354,100,0,0,0,0,0,0,50,0,0,6
564,1348,6.2381,393,100,0,0,0,0,0,0,58,0,0,5
565,1068,6.15254,363,100,0,0,0,0,0,0,56,0,0,3
566,1312,6.19048,390,100,0,0,0,0,0,0,59,0,0,4
567,1064,6.05172,351,100,0,0,0,0,0,0,57,0,0,1
568,1260,6.25862,363,100,0,0,0,0,0,0,53,0,0,5
569,1224,6.20339,366,100,0,0,0,0,0,0,55,0,0,4
570,1264,6.14516,381,100,0,0,0,0,0,0,59,0,0,3
571,1208,6.31034,366,100,0,0,0,0,0,0,52,0,0,6
572,1288,6.34426,387,100,0,0,0,0,0,0,54,0,0,7
573,1328,6.50769,423,100,0,0,0,0,0,0,54,0,0,11
574,1496,6.47619,408,100,0,0,0,0,0,0,53,0,0,10
575,1184,6.47368,369,100,0,0,0,0,0,0,48,0,0,9
576,1312,6.4918,396,100,0,0,0,0,0,0,51,0,0,10
577,1312,6.58929,369,100,0,0,0,0,0,0,45,0,0,11
578,1608,6.66102,393,100,0,0,0,0,0,0,46,0,0,13
579,1708,6.58929,369,100,0,0,0,0,0,0,45,0,0,11
580,1720,6.42857,405,100,0,0,0,0,0,0,54,0,0,9
581,1496,6.28846,327,100,0,0,0,0,0,0,47,0,0,5
582,1700,6.43636,354,100,0,0,0,0,0,0,47,0,0,8
583,1808,6.35593,375,100,0,0,0,0,0,0,52,0,0,7
584,1976,6.45,387,100,0,0,0,0,0,0,51,0,0,9
585,2036,6.38095,402,100,0,0,0,0,0,0,55,0,0,8
586,1600,6.13846,399,100,0,0,0,0,0,0,62,0,0,3
587,1664,6.24194,387,100,0,0,0,0,0,0,57,0,0,5
588,1976,6.40299,429,100,0,0,0,0,0,0,58,0,0,9
589,1928,6.34426,387,100,0,0,0,0,0,0,54,0,0,7
590,1752,6.20339,366,100,0,0,0,0,0,0,55,0,0,4
591,1892,6.36842,363,100,0,0,0,0,0,0,50,0,0,7
592,1432,6.21053,354,100,0,0,0,0,0,0,53,0,0,4
593,1208,6.375,357,100,0,0,0,0,0,0,49,0,0,7
594,1292,6.20339,366,100,0,0,0,0,0,0,55,0,0,4
595,1324,6.2069,360,100,0,0,0,0,0,0,54,0,0,4
596,1544,6.49091,357,100,0,0,0,0,0,0,46,0,0,9
597,1568,6.46552,375,100,0,0,0,0,0,0,49,0,0,9
598,1624,6.87931,399,100,0,0,0,0,0,0,41,0,0,17
599,1664,6.67241,387,100,0,0,0,0,0,0,45,0,0,13
600,1512,6.78947,387,100,0,0,0,0,0,0,42,0,0,15
601,1508,6.7,402,100,0,0,0,0,0,0,46,0,0,14
602,1400,6.4,384,100,0,0,0,0,0,0,52,0,0,8
603,1296,6.51724,378,100,0,0,0,0,0,0,48,0,0,10
604,1304,6.3,378,100,0,0,0,0,0,0,54,0,0,6
605,1220,6.49091,357,100,0,0,0,0,0,0,46,0,0,9
606,1368,6.44262,393,100,0,0,0,0,0,0,52,0,0,9
607,1140,6.30508,372,100,0,0,0,0,0,0,53,0,0,6
608,1208,6.4127,404,100,0,0,0,0,0,0,54,0,1,8
609,1152,6.65455,366,100,0,0,0,0,0,0,43,0,0,12
610,1248,6.52632,372,100,0,0,0,0,0,0,47,0,0,10
611,1212,6.65455,366,100,0,0,0,0,0,0,43,0,0,12
612,1248,6.6,396,100,0,0,0,0,0,0,48,0,0,12
613,1284,6.47368,369,100,0,0,0,0,0,0,48,0,0,9
614,1116,6.39344,390,100,0,0,0,0,0,0,53,0,0,8
615,1396,6.42857,405,100,0,0,0,0,0,0,54,0,0,9
616,1164,6.45,387,100,0,0,0,0,0,0,51,0,0,9
617,1452,6.50769,423,100,0,0,0,0,0,0,54,0,0,11
618,1272,6.34426,387,100,0,0,0,0,0,0,54,0,0,7
619,1344,6.47368,369,100,0,0,0,0,0,0,48,0,0,9
620,1608,6.55932,387,100,0,0,0,0,0,0,48,0,0,11
621,1380,6.5,351,100,0,0,0,0,0,0,45,0,0,9
622,1440,6.40678,378,100,0,0,0,0,0,0,51,0,0,8
623,1408,6.43548,399,100,0,0,0,0,0,0,53,0,0,9
624,1552,6.5,390,100,0,0,0,0,0,0,50,0,0,10
625,1768,6.62903,411,100,0,0,0,0,0,0,49,0,0,13
626,1724,6.55,393,100,0,0,0,0,0,0,49,0,0,11
627,1564,6.50847,384,100,0,0,0,0,0,0,49,0,0,10
628,1412,6.6,396,100,0,0,0,0,0,0,48,0,0,12
629,1436,6.53571,366,100,0,0,0,0,0,0,46,0,0,10
630,1380,6.61111,357,100,0,0,0,0,0,0,43,0,0,11
631,1180,6.64286,372,100,0,0,0,0,0,0,44,0,0,12
632,1240,6.64286,372,100,0,0,0,0,0,0,44,0,0,12
633,1604,6.57143,414,100,0,0,0,0,0,0,51,0,0,12
634,1524,6.62903,411,100,0,0,0,0,0,0,49,0,0,13
635,1508,6.55932,387,100,0,0,0,0,0,0,48,0,0,11
636,1480,6.49091,357,100,0,0,0,0,0,0,46,0,0,9
637,1932,6.47619,408,100,0,0,0,0,0,0,53,0,0,10
638,2020,6.53226,405,100,0,0,0,0,0,0,51,0,0,11
639,1588,6.63462,345,100,0,0,0,0,0,0,41,0,0,11
640,1940,6.89474,393,100,0,0,0,0,0,0,40,0,0,17
641,1860,6.84211,390,100,0,0,0,0,0,0,41,0,0,16
642,1572,6.83333,369,100,0,0,0,0,0,0,39,0,0,15
643,1764,6.73684,384,100,0,0,0,0,0,0,43,0,0,14
644,1624,6.50943,345,100,0,0,0,0,0,0,44,0,0,9
645,1876,6.76271,399,100,0,0,0,0,0,0,44,0,0,15
646,1880,6.73684,384,100,0,0,0,0,0,0,43,0,0,14
647,1724,6.75,378,100,0,0,0,0,0,0,42,0,0,14
648,1524,6.87273,378,100,0,0,0,0,0,0,39,0,0,16
649,1792,7,399,100,0,0,0,0,0,0,38,0,0,19
650,2344,7.05263,402,100,0,0,0,0,0,0,37,0,0,20
651,2400,7.11765,363,100,0,0,0,0,0,0,32,0,0,19
652,2828,7.18966,417,100,0,0,0,0,0,0,35,0,0,23
653,2064,6.84211,390,100,0,0,0,0,0,0,41,0,0,16
654,1744,6.98077,363,100,0,0,0,0,0,0,35,0,0,17
655,1940,6.96429,390,100,0,0,0,0,0,0,38,0,0,18
656,2300,6.9,414,100,0,0,0,0,0,0,42,0,0,18
657,3012,6.91803,422,100,0,0,0,0,0,0,42,0,1,18
658,2584,6.81034,395,100,0,0,0,0,0,0,42,0,1,15
659,2716,6.7193,383,100,0,0,0,0,0,0,43,0,1,13
660,3320,6.75806,419,100,0,0,0,0,0,0,46,0,1,15
661,3812,6.73333,404,100,0,0,0,0,0,0,45,0,1,14
662,3060,6.60345,383,100,0,0,0,0,0,0,46,0,1,11
663,2284,6.83333,410,100,0,0,0,0,0,0,43,0,1,16
664,2672,7.12069,413,100,0,0,0,0,0,0,36,0,1,21
665,2548,6.89474,393,100,0,0,0,0,0,0,40,0,0,17
666,2164,6.66102,393,100,0,0,0,0,0,0,46,0,0,13
667,2188,7,399,100,0,0,0,0,0,0,38,0,0,19
668,1944,6.80769,354,100,0,0,0,0,0,0,38,0,0,14
669,2276,6.95,417,100,0,0,0,0,0,0,41,0,0,19
670,2292,6.81356,402,100,0,0,0,0,0,0,43,0,0,16
671,2204,6.85714,384,100,0,0,0,0,0,0,40,0,0,16
672,2060,6.76364,372,100,0,0,0,0,0,0,41,0,0,14
673,2416,6.87097,426,100,0,0,0,0,0,0,44,0,0,18
674,2160,6.70909,369,100,0,0,0,0,0,0,42,0,0,13
675,2320,6.84211,390,100,0,0,0,0,0,0,41,0,0,16
676,1844,6.72414,390,100,0,0,0,0,0,0,44,0,0,14
677,2292,6.87931,399,100,0,0,0,0,0,0,41,0,0,17
678,2292,6.87273,378,100,0,0,0,0,0,0,39,0,0,16
679,1992,6.90566,366,100,0,0,0,0,0,0,37,0,0,16
680,2116,6.7037,362,100,0,0,0,0,0,0,41,0,1,12
681,2404,6.80357,381,100,0,0,0,0,0,0,41,0,0,15
682,2492,7.18182,395,100,0,0,0,0,0,0,33,0,1,21
683,2424,7,399,100,0,0,0,0,0,0,38,0,0,19
684,1944,6.62264,351,100,0,0,0,0,0,0,42,0,0,11
685,2188,6.85714,384,100,0,0,0,0,0,0,40,0,0,16
686,2324,6.72414,390,100,0,0,0,0,0,0,44,0,0,14
687,1652,6.85714,384,100,0,0,0,0,0,0,40,0,0,16
688,2076,7.03448,408,100,0,0,0,0,0,0,38,0,0,20
689,1848,7.18868,381,100,0,0,0,0,0,0,32,0,0,21
690,2016,6.87931,399,100,0,0,0,0,0,0,41,0,0,17
691,2012,7.03636,387,100,0,0,0,0,0,0,36,0,0,19
692,1708,6.9,414,100,0,0,0,0,0,0,42,0,0,18
693,1872,7.30909,402,100,0,0,0,0,0,0,31,0,0,24
694,1628,6.94444,375,100,0,0,0,0,0,0,37,0,0,17
695,1800,7.2,396,100,0,0,0,0,0,0,33,0,0,22
696,2028,7.03636,387,100,0,0,0,0,0,0,36,0,0,19
697,1848,6.79592,333,100,0,0,0,0,0,0,36,0,0,13
698,1928,7.03846,366,100,0,0,0,0,0,0,34,0,0,18
699,1700,7,399,100,0,0,0,0,0,0,38,0,0,19
700,1620,6.70909,369,100,0,0,0,0,0,0,42,0,0,13
701,2008,7,420,100,0,0,0,0,0,0,40,0,0,20
702,2232,7.11111,384,100,0,0,0,0,0,0,34,0,0,20
703,1908,6.96429,390,100,0,0,0,0,0,0,38,0,0,18
704,1352,6.79245,360,100,0,0,0,0,0,0,39,0,0,14
705,1464,6.81818,375,100,0,0,0,0,0,0,40,0,0,15
706,1488,6.78947,387,100,0,0,0,0,0,0,42,0,0,15
707,1580,6.98182,384,100,0,0,0,0,0,0,37,0,0,18
708,1560,6.94444,375,100,0,0,0,0,0,0,37,0,0,17
709,1624,6.78947,387,100,0,0,0,0,0,0,42,0,0,15
710,1612,6.76364,372,100,0,0,0,0,0,0,41,0,0,14
711,1796,6.54098,399,100,0,0,0,0,0,0,50,0,0,11
712,1740,6.66102,393,100,0,0,0,0,0,0,46,0,0,13
713,1676,6.49091,357,100,0,0,0,0,0,0,46,0,0,9
714,1680,6.77778,366,100,0,0,0,0,0,0,40,0,0,14
715,1748,6.85714,384,100,0,0,0,0,0,0,40,0,0,16
716,1272,6.64706,339,100,0,0,0,0,0,0,40,0,0,11
717,1396,6.76364,372,100,0,0,0,0,0,0,41,0,0,14
718,1312,6.69643,375,100,0,0,0,0,0,0,43,0,0,13
719,1540,6.61017,390,100,0,0,0,0,0,0,47,0,0,12
720,1516,6.68852,408,100,0,0,0,0,0,0,47,0,0,14
721,1736,6.7069,389,100,0,0,0,0,0,0,44,0,1,13
722,1136,6.52632,372,100,0,0,0,0,0,0,47,0,0,10
723,1548,6.7377,411,100,0,0,0,0,0,0,46,0,0,15
724,1368,6.72414,390,100,0,0,0,0,0,0,44,0,0,14
725,1456,6.63158,378,100,0,0,0,0,0,0,45,0,0,12
726,1584,6.67241,387,100,0,0,0,0,0,0,45,0,0,13
727,1568,6.93103,402,100,0,0,0,0,0,0,40,0,0,18
728,1412,6.95,417,100,0,0,0,0,0,0,41,0,0,19
729,1328,6.88525,420,100,0,0,0,0,0,0,43,0,0,18
730,1336,7.08621,411,100,0,0,0,0,0,0,37,0,0,21
731,1464,7.06452,438,100,0,0,0,0,0,0,40,0,0,22
732,1304,6.90476,435,100,0,0,0,0,0,0,44,0,0,19
733,1356,6.87692,447,100,0,0,0,0,0,0,46,0,0,19
734,1548,6.9661,411,100,0,0,0,0,0,0,40,0,0,19
735,1464,6.90566,366,100,0,0,0,0,0,0,37,0,0,16
736,1712,6.98276,405,100,0,0,0,0,0,0,39,0,0,19
737,1672,6.87931,399,100,0,0,0,0,0,0,41,0,0,17
738,1568,6.79245,360,100,0,0,0,0,0,0,39,0,0,14
739,1868,6.66667,420,100,0,0,0,0,0,0,49,0,0,14
740,1464,6.87273,378,100,0,0,0,0,0,0,39,0,0,16
741,1616,6.9661,411,100,0,0,0,0,0,0,40,0,0,19
742,1704,7.37288,435,100,0,0,0,0,0,0,32,0,0,27
743,1460,7.11864,420,100,0,0,0,0,0,0,37,0,0,22
744,1748,7.125,456,100,0,0,0,0,0,0,40,0,0,24
745,1576,7.42373,438,100,0,0,0,0,0,0,31,0,0,28
746,1460,7.15,429,100,0,0,0,0,0,0,37,0,0,23
747,1460,7.24138,420,100,0,0,0,0,0,0,34,0,0,24
748,1552,7.22034,426,100,0,0,0,0,0,0,35,0,0,24
749,1580,7.07547,375,100,0,0,0,0,0,0,34,0,0,19
750,1584,7.10526,405,100,0,0,0,0,0,0,36,0,0,21
751,1516,6.9661,411,100,0,0,0,0,0,0,40,0,0,19
752,1716,6.73846,438,100,0,0,0,0,0,0,49,0,0,16
753,1956,6.7619,426,100,0,0,0,0,0,0,47,0,0,16
754,1504,6.62069,384,100,0,0,0,0,0,0,46,0,0,12
755,1744,6.67742,414,100,0,0,0,0,0,0,48,0,0,14
756,1620,6.42188,411,100,0,0,0,0,0,0,55,0,0,9
757,1464,6.30508,372,100,0,0,0,0,0,0,53,0,0,6
758,1616,6.29508,384,100,0,0,0,0,0,0,55,0,0,6
759,1756,6.54545,360,100,0,0,0,0,0,0,45,0,0,10
760,1652,6.6,363,100,0,0,0,0,0,0,44,0,0,11
761,1696,6.65455,366,100,0,0,0,0,0,0,43,0,0,12
762,2044,6.87273,378,100,0,0,0,0,0,0,39,0,0,16
763,1808,6.69231,348,100,0,0,0,0,0,0,40,0,0,12
764,1680,7.21154,375,100,0,0,0,0,0,0,31,0,0,21
765,1512,7.40816,363,100,0,0,0,0,0,0,26,0,0,23
766,1428,7.2,360,100,0,0,0,0,0,0,30,0,0,20
767,1364,7.29412,372,100,0,0,0,0,0,0,29,0,0,22
768,1792,7.03636,387,100,0,0,0,0,0,0,36,0,0,19
769,1728,7.22449,354,100,0,0,0,0,0,0,29,0,0,20
770,1448,6.94118,354,100,0,0,0,0,0,0,35,0,0,16
771,1808,7.03636,387,100,0,0,0,0,0,0,36,0,0,19
772,1636,7.05556,381,100,0,0,0,0,0,0,35,0,0,19
773,1472,6.98077,363,100,0,0,0,0,0,0,35,0,0,17
774,1468,7.17647,366,100,0,0,0,0,0,0,31,0,0,20
775,1404,7.08,354,100,0,0,0,0,0,0,32,0,0,18
776,1324,7.23214,405,100,0,0,0,0,0,0,33,0,0,23
777,1212,6.86538,357,100,0,0,0,0,0,0,37,0,0,15
778,1384,7.05556,381,100,0,0,0,0,0,0,35,0,0,19
779,1524,7.34694,360,100,0,0,0,0,0,0,27,0,0,22
780,1732,7.23214,405,100,0,0,0,0,0,0,33,0,0,23
781,1656,7.2,396,100,0,0,0,0,0,0,33,0,0,22
782,1732,7.16667,387,100,0,0,0,0,0,0,33,0,0,21
783,1596,6.84906,363,100,0,0,0,0,0,0,38,0,0,15
784,2116,6.90476,435,100,0,0,0,0,0,0,44,0,0,19
785,2188,6.91071,387,100,0,0,0,0,0,0,39,0,0,17
786,1136,6.61111,357,100,0,0,0,0,0,0,43,0,0,11
787,1420,6.80357,381,100,0,0,0,0,0,0,41,0,0,15
788,1380,6.71186,396,100,0,0,0,0,0,0,45,0,0,14
789,1616,6.8,408,100,0,0,0,0,0,0,44,0,0,16
790,1296,6.9661,411,100,0,0,0,0,0,0,40,0,0,19
791,1096,7.26,363,100,0,0,0,0,0,0,29,0,0,21
792,1336,7.32,366,100,0,0,0,0,0,0,28,0,0,22
793,1468,7.13208,378,100,0,0,0,0,0,0,33,0,0,20
794,1296,7.24528,384,100,0,0,0,0,0,0,31,0,0,22
795,1548,7.22222,390,100,0,0,0,0,0,0,32,0,0,22
796,1448,7.03846,366,100,0,0,0,0,0,0,34,0,0,18
797,1632,7.11111,384,100,0,0,0,0,0,0,34,0,0,20
798,1796,7.26,363,100,0,0,0,0,0,0,29,0,0,21
799,1464,7.2,360,100,0,0,0,0,0,0,30,0,0,20
800,1852,7.32692,381,100,0,0,0,0,0,0,29,0,0,23
801,2504,7.47368,426,100,0,0,0,0,0,0,29,0,0,28
802,2568,7.5,345,100,0,0,0,0,0,0,23,0,0,23
803,2968,7.30189,387,100,0,0,0,0,0,0,30,0,0,23
804,2788,7.39286,414,100,0,0,0,0,0,0,30,0,0,26
805,1740,7.36364,405,100,0,0,0,0,0,0,30,0,0,25
806,1824,7.26923,378,100,0,0,0,0,0,0,30,0,0,22
807,2060,7.38462,384,100,0,0,0,0,0,0,28,0,0,24
808,1976,7.44,372,100,0,0,0,0,0,0,26,0,0,24
809,2896,7.5,405,100,0,0,0,0,0,0,27,0,0,27
810,2492,7.64706,390,100,0,0,0,0,0,0,23,0,0,28
811,2856,7.55769,393,100,0,0,0,0,0,0,25,0,0,27
812,1764,7.24528,384,100,0,0,0,0,0,0,31,0,0,22
813,1708,7.22222,390,100,0,0,0,0,0,0,32,0,0,22
814,1708,7.15385,372,100,0,0,0,0,0,0,32,0,0,20
815,2448,7.25455,399,100,0,0,0,0,0,0,32,0,0,23
816,1728,7.03846,366,100,0,0,0,0,0,0,34,0,0,18
817,2116,7.33333,396,100,0,0,0,0,0,0,30,0,0,24
818,2176,7.22449,354,100,0,0,0,0,0,0,29,0,0,20
819,1916,7.1875,345,100,0,0,0,0,0,0,29,0,0,19
820,1536,7.1875,345,100,0,0,0,0,0,0,29,0,0,19
821,1564,7.1875,345,100,0,0,0,0,0,0,29,0,0,19
822,1636,7.70588,393,100,0,0,0,0,0,0,22,0,0,29
823,1972,7.47368,426,100,0,0,0,0,0,0,29,0,0,28
824,1344,7.40426,348,100,0,0,0,0,0,0,25,0,0,22
825,1652,7.46939,366,100,0,0,0,0,0,0,25,0,0,24
826,1468,7.44231,387,100,0,0,0,0,0,0,27,0,0,25
827,1484,7.58824,387,100,0,0,0,0,0,0,24,0,0,27
828,1264,7.40816,363,100,0,0,0,0,0,0,26,0,0,23
829,1520,7.52941,384,100,0,0,0,0,0,0,25,0,0,26
830,1256,7.63043,351,100,0,0,0,0,0,0,21,0,0,25
831,1356,7.22449,354,100,0,0,0,0,0,0,29,0,0,20
832,1432,7.47917,359,100,0,0,0,0,0,0,24,0,1,23
833,1292,7.44898,365,100,0,0,0,0,0,0,25,0,1,23
834,1316,7.16327,351,100,0,0,0,0,0,0,30,0,0,19
835,1620,7.22222,390,100,0,0,0,0,0,0,32,0,0,22
836,1408,7.22449,354,100,0,0,0,0,0,0,29,0,0,20
837,1376,7.4375,357,100,0,0,0,0,0,0,25,0,0,23
838,1708,7.4375,357,100,0,0,0,0,0,0,25,0,0,23
839,1832,7.5,345,100,0,0,0,0,0,0,23,0,0,23
840,1728,7.53488,324,100,0,0,0,0,0,0,21,0,0,22
841,2412,7.35849,390,100,0,0,0,0,0,0,29,0,0,24
842,1856,7.63043,351,100,0,0,0,0,0,0,21,0,0,25
843,2016,7.6,342,100,0,0,0,0,0,0,21,0,0,24
844,1972,7.66667,345,100,0,0,0,0,0,0,20,0,0,25
845,2556,7.77551,381,100,0,0,0,0,0,0,20,0,0,29
846,1224,7.74419,333,100,0,0,0,0,0,0,18,0,0,25
847,1344,7.43478,342,100,0,0,0,0,0,0,24,0,0,22
848,1712,7.33333,330,100,0,0,0,0,0,0,25,0,0,20
849,1796,7.43478,342,100,0,0,0,0,0,0,24,0,0,22
850,1672,7.05882,360,100,0,0,0,0,0,0,33,0,0,18
851,1808,7.24528,384,100,0,0,0,0,0,0,31,0,0,22
852,1740,7.41509,393,100,0,0,0,0,0,0,28,0,0,25
853,1256,7.66667,414,100,0,0,0,0,0,0,24,0,0,30
854,1620,7.58491,402,100,0,0,0,0,0,0,25,0,0,28
855,1584,7.29412,372,100,0,0,0,0,0,0,29,0,0,22
856,1556,7.32,366,100,0,0,0,0,0,0,28,0,0,22
857,1384,7.41176,378,100,0,0,0,0,0,0,27,0,0,24
858,1536,7.65306,375,100,0,0,0,0,0,0,22,0,0,27
859,1352,7.375,354,100,0,0,0,0,0,0,26,0,0,22
860,1796,7.21277,339,100,0,0,0,0,0,0,28,0,0,19
861,2036,7.38889,399,100,0,0,0,0,0,0,29,0,0,25
862,2120,7.2,360,100,0,0,0,0,0,0,30,0,0,20
863,1932,7.16327,351,100,0,0,0,0,0,0,30,0,0,19
864,1448,7.1087,327,100,0,0,0,0,0,0,29,0,0,17
865,2500,7.41509,393,100,0,0,0,0,0,0,28,0,0,25
866,3368,7.39655,429,100,0,0,0,0,0,0,31,0,0,27
867,3652,7.27778,393,100,0,0,0,0,0,0,31,0,0,23
868,2584,7.11111,384,100,0,0,0,0,0,0,34,0,0,20
869,2528,7.22034,426,100,0,0,0,0,0,0,35,0,0,24
870,2732,7.15385,372,100,0,0,0,0,0,0,32,0,0,20
871,1832,7.21154,375,100,0,0,0,0,0,0,31,0,0,21
872,2440,7.16949,423,100,0,0,0,0,0,0,36,0,0,23
873,2200,7.03636,387,100,0,0,0,0,0,0,36,0,0,19
874,2276,6.91525,408,100,0,0,0,0,0,0,41,0,0,18
875,1828,7.33333,396,100,0,0,0,0,0,0,30,0,0,24
876,1824,7.05882,360,100,0,0,0,0,0,0,33,0,0,18
877,1800,7.2,396,100,0,0,0,0,0,0,33,0,0,22
878,2024,7.22034,426,100,0,0,0,0,0,0,35,0,0,24
879,1676,7.13793,414,100,0,0,0,0,0,0,36,0,0,22
880,1784,6.91071,387,100,0,0,0,0,0,0,39,0,0,17
881,1620,7.33333,396,100,0,0,0,0,0,0,30,0,0,24
882,1420,7.13208,378,100,0,0,0,0,0,0,33,0,0,20
883,1236,6.875,330,100,0,0,0,0,0,0,34,0,0,14
884,1516,7.16667,387,100,0,0,0,0,0,0,33,0,0,21
885,1884,7.32692,381,100,0,0,0,0,0,0,29,0,0,23
886,1864,7.41818,408,100,0,0,0,0,0,0,29,0,0,26
887,1636,7.01786,393,100,0,0,0,0,0,0,37,0,0,19
888,2000,7.15789,408,100,0,0,0,0,0,0,35,0,0,22
889,1820,7.09091,390,100,0,0,0,0,0,0,35,0,0,20
890,1668,6.85714,384,100,0,0,0,0,0,0,40,0,0,16
891,2096,7,441,100,0,0,0,0,0,0,42,0,0,21
892,2120,6.98276,405,100,0,0,0,0,0,0,39,0,0,19
893,1700,6.72222,363,100,0,0,0,0,0,0,41,0,0,13
894,2112,6.8,408,100,0,0,0,0,0,0,44,0,0,16
895,1752,7.11864,420,100,0,0,0,0,0,0,37,0,0,22
896,2040,6.92727,381,100,0,0,0,0,0,0,38,0,0,17
897,2292,7.10526,405,100,0,0,0,0,0,0,36,0,0,21
898,1752,6.94444,375,100,0,0,0,0,0,0,37,0,0,17
899,1992,7.33929,411,100,0,0,0,0,0,0,31,0,0,25
900,2140,7.01695,414,100,0,0,0,0,0,0,39,0,0,20
901,1920,7.16667,387,100,0,0,0,0,0,0,33,0,0,21
902,1960,7.36842,420,100,0,0,0,0,0,0,31,0,0,26
903,2032,7.24138,420,100,0,0,0,0,0,0,34,0,0,24
904,1996,7.11765,363,100,0,0,0,0,0,0,32,0,0,19
905,2016,7.09091,390,100,0,0,0,0,0,0,35,0,0,20
906,2032,7.31579,417,100,0,0,0,0,0,0,32,0,0,25
907,1992,7.03509,401,100,0,0,0,0,0,0,37,0,1,19
908,2072,6.89474,393,100,0,0,0,0,0,0,40,0,0,17
909,1672,6.89474,393,100,0,0,0,0,0,0,40,0,0,17
910,1372,7.01887,372,100,0,0,0,0,0,0,35,0,0,18
911,1468,7.01786,393,100,0,0,0,0,0,0,37,0,0,19
912,1572,6.94444,375,100,0,0,0,0,0,0,37,0,0,17
913,1680,7.18966,417,100,0,0,0,0,0,0,35,0,0,23
914,1688,7.11864,420,100,0,0,0,0,0,0,37,0,0,22
915,1604,6.96429,390,100,0,0,0,0,0,0,38,0,0,18
916,1800,6.86441,405,100,0,0,0,0,0,0,42,0,0,17
917,1680,6.80769,354,100,0,0,0,0,0,0,38,0,0,14
918,1640,7.11864,420,100,0,0,0,0,0,0,37,0,0,22
919,1584,7.23529,369,100,0,0,0,0,0,0,30,0,0,21
920,1532,6.91071,387,100,0,0,0,0,0,0,39,0,0,17
921,1400,6.85714,384,100,0,0,0,0,0,0,40,0,0,16
922,1228,6.73585,357,100,0,0,0,0,0,0,40,0,0,13
923,1420,6.85,411,100,0,0,0,0,0,0,43,0,0,17
924,1552,7,420,100,0,0,0,0,0,0,40,0,0,20
925,1556,6.98361,426,100,0,0,0,0,0,0,41,0,0,20
926,1232,7.05,423,100,0,0,0,0,0,0,39,0,0,21
927,1392,6.8,408,100,0,0,0,0,0,0,44,0,0,16
928,1424,6.85,411,100,0,0,0,0,0,0,43,0,0,17
929,1460,6.78689,414,100,0,0,0,0,0,0,45,0,0,16
930,1380,6.76271,399,100,0,0,0,0,0,0,44,0,0,15
931,1488,6.75,378,100,0,0,0,0,0,0,42,0,0,14
932,1804,7.1129,441,100,0,0,0,0,0,0,39,0,0,23
933,1596,6.73585,357,100,0,0,0,0,0,0,40,0,0,13
934,1796,6.83333,369,100,0,0,0,0,0,0,39,0,0,15
935,1812,6.92727,381,100,0,0,0,0,0,0,38,0,0,17
936,1812,7,378,100,0,0,0,0,0,0,36,0,0,18
937,1880,6.7,402,100,0,0,0,0,0,0,46,0,0,14
938,1948,6.91525,408,100,0,0,0,0,0,0,41,0,0,18
939,1736,6.73585,357,100,0,0,0,0,0,0,40,0,0,13
940,1956,6.76271,399,100,0,0,0,0,0,0,44,0,0,15
941,1928,6.94737,396,100,0,0,0,0,0,0,39,0,0,18
942,1556,6.73585,357,100,0,0,0,0,0,0,40,0,0,13
943,1632,6.80952,429,100,0,0,0,0,0,0,46,0,0,17
944,1612,6.9661,411,100,0,0,0,0,0,0,40,0,0,19
945,1492,6.78947,387,100,0,0,0,0,0,0,42,0,0,15
946,1716,6.59016,402,100,0,0,0,0,0,0,49,0,0,12
947,1668,6.52632,372,100,0,0,0,0,0,0,47,0,0,10
948,1808,6.48387,402,100,0,0,0,0,0,0,52,0,0,10
949,1712,6.61017,390,100,0,0,0,0,0,0,47,0,0,12
950,1476,6.63158,378,100,0,0,0,0,0,0,45,0,0,12
951,1368,6.61111,357,100,0,0,0,0,0,0,43,0,0,11
952,1804,6.91935,429,100,0,0,0,0,0,0,43,0,0,19
953,1820,6.88525,420,100,0,0,0,0,0,0,43,0,0,18
954,1920,6.87931,399,100,0,0,0,0,0,0,41,0,0,17
955,2084,6.78689,414,100,0,0,0,0,0,0,45,0,0,16
956,1992,6.80952,429,100,0,0,0,0,0,0,46,0,0,17
957,1700,6.82258,423,100,0,0,0,0,0,0,45,0,0,17
958,1688,6.95,417,100,0,0,0,0,0,0,41,0,0,19
959,1956,7.10526,405,100,0,0,0,0,0,0,36,0,0,21
960,2112,7.33333,396,100,0,0,0,0,0,0,30,0,0,24
961,2220,7.16667,387,100,0,0,0,0,0,0,33,0,0,21
962,1996,7.01786,393,100,0,0,0,0,0,0,37,0,0,19
963,2360,7,399,100,0,0,0,0,0,0,38,0,0,19
964,2804,6.72414,390,100,0,0,0,0,0,0,44,0,0,14
965,2188,6.87931,399,100,0,0,0,0,0,0,41,0,0,17
966,2600,6.8,408,100,0,0,0,0,0,0,44,0,0,16
967,2672,6.68421,381,100,0,0,0,0,0,0,44,0,0,13
968,3132,6.66667,420,100,0,0,0,0,0,0,49,0,0,14
969,1748,6.55,393,100,0,0,0,0,0,0,49,0,0,11
970,1844,6.55,393,100,0,0,0,0,0,0,49,0,0,11
971,1760,6.5,390,100,0,0,0,0,0,0,50,0,0,10
972,1900,6.65455,366,100,0,0,0,0,0,0,43,0,0,12
973,2096,6.80357,381,100,0,0,0,0,0,0,41,0,0,15
974,2316,6.6,396,100,0,0,0,0,0,0,48,0,0,12
975,1764,6.31579,360,100,0,0,0,0,0,0,51,0,0,6
976,1872,6.33333,342,100,0,0,0,0,0,0,48,0,0,6
977,1580,6.53226,405,100,0,0,0,0,0,0,51,0,0,11
978,1580,6.52632,372,100,0,0,0,0,0,0,47,0,0,10
979,1720,6.7,402,100,0,0,0,0,0,0,46,0,0,14
980,1544,6.75,351,100,0,0,0,0,0,0,39,0,0,13
981,1736,6.45763,381,100,0,0,0,0,0,0,50,0,0,9
982,1420,6.36842,363,100,0,0,0,0,0,0,50,0,0,7
983,1448,6.30508,372,100,0,0,0,0,0,0,53,0,0,6
984,1232,6.29032,390,100,0,0,0,0,0,0,56,0,0,6
985,1364,6.3,378,100,0,0,0,0,0,0,54,0,0,6
986,1636,6.45,387,100,0,0,0,0,0,0,51,0,0,9
987,1768,6.39344,390,100,0,0,0,0,0,0,53,0,0,8
988,1892,6.46552,375,100,0,0,0,0,0,0,49,0,0,9
989,1980,6.58929,369,100,0,0,0,0,0,0,45,0,0,11
990,1968,6.36207,369,100,0,0,0,0,0,0,51,0,0,7
991,1752,6.54237,386,100,0,0,0,0,0,0,48,0,1,10
992,1824,6.33871,393,100,0,0,0,0,0,0,55,0,0,7
993,1760,6.5,429,100,0,0,0,0,0,0,55,0,0,11
994,1636,6.375,357,100,0,0,0,0,0,0,49,0,0,7
995,1184,6.42105,366,100,0,0,0,0,0,0,49,0,0,8
996,1336,6.375,408,100,0,0,0,0,0,0,56,0,0,8
997,1164,6.2381,393,100,0,0,0,0,0,0,58,0,0,5
998,1096,6.3,378,100,0,0,0,0,0,0,54,0,0,6
999,1152,6.2459,381,100,0,0,0,0,0,0,56,0,0,5
