update,points,mean_tasks,total_tasks,total_orgs,task_0,task_1,task_2,task_3,task_4,task_5,task_6,task_7,task_8,task_9
0,0,nan,0,10,0,0,0,0,0,0,0,0,0,0
1,108,6,42,11,0,0,0,0,0,0,7,0,0,0
2,116,6.33333,57,13,0,0,0,0,0,0,8,0,0,1
3,160,6.3,63,17,0,0,0,0,0,0,9,0,0,1
4,248,6.21429,87,21,0,0,0,0,0,0,13,0,0,1
5,296,6.17647,105,24,0,0,0,0,0,0,16,0,0,1
6,332,6.15789,117,29,0,0,0,0,0,0,18,0,0,1
7,264,6.15789,117,30,0,0,0,0,0,0,18,0,0,1
8,388,6.12,153,39,0,0,0,0,0,0,24,0,0,1
9,452,6.10714,171,41,0,0,0,0,0,0,27,0,0,1
10,560,6.10714,171,43,0,0,0,0,0,0,27,0,0,1
11,656,6.09375,195,50,0,0,0,0,0,0,31,0,0,1
12,752,6.15385,240,58,0,0,0,0,0,0,37,0,0,2
13,872,6.14634,252,63,0,0,0,0,0,0,39,0,0,2
14,800,6.06522,279,70,0,0,0,0,0,0,45,0,0,1
15,680,6.05882,309,77,0,0,0,0,0,0,50,0,0,1
16,792,6.05455,333,82,0,0,0,0,0,0,54,0,0,1
17,996,6.09836,372,86,0,0,0,0,0,0,59,0,0,2
18,964,6.13333,368,90,0,0,0,0,0,0,57,0,1,2
19,916,6.08929,341,90,0,0,0,0,0,0,54,0,1,1
20,1140,6.09836,372,92,0,0,0,0,0,0,59,0,0,2
21,1036,6,360,94,0,0,0,0,0,0,60,0,0,0
22,1180,6.04762,381,96,0,0,0,0,0,0,62,0,0,1
23,1172,6.04918,369,99,0,0,0,0,0,0,60,0,0,1
24,1016,6.09677,378,99,0,0,0,0,0,0,60,0,0,2
25,1044,6.04762,381,99,0,0,0,0,0,0,62,0,0,1
26,1212,6.13846,399,99,0,0,0,0,0,0,62,0,0,3
27,1184,6.1,366,100,0,0,0,0,0,0,58,0,0,2
28,1228,6.09677,378,100,0,0,0,0,0,0,60,0,0,2
29,1492,6.27273,414,100,0,0,0,0,0,0,60,0,0,6
30,1468,6.08955,408,100,0,0,0,0,0,0,65,0,0,2
31,1460,6.04615,393,100,0,0,0,0,0,0,64,0,0,1
32,1472,6.08955,408,100,0,0,0,0,0,0,65,0,0,2
33,1436,6.1791,414,100,0,0,0,0,0,0,63,0,0,4
34,1660,6.38095,402,100,0,0,0,0,0,0,55,0,0,8
35,1972,6.23438,399,100,0,0,0,0,0,0,59,0,0,5
36,1508,6.05172,351,100,0,0,0,0,0,0,57,0,0,1
37,1704,6.05263,345,100,0,0,0,0,0,0,56,0,0,1
38,2552,6,354,100,0,0,0,0,0,0,59,0,0,0
39,2612,6,366,100,0,0,0,0,0,0,61,0,0,0
40,1116,6,366,100,0,0,0,0,0,0,61,0,0,0
41,1136,6,372,100,0,0,0,0,0,0,62,0,0,0
42,1072,6,384,100,0,0,0,0,0,0,64,0,0,0
43,1048,6.05085,357,100,0,0,0,0,0,0,58,0,0,1
44,1332,6.04839,375,100,0,0,0,0,0,0,61,0,0,1
45,1432,6.09677,378,100,0,0,0,0,0,0,60,0,0,2
46,1456,6.14062,393,100,0,0,0,0,0,0,61,0,0,3
47,1568,6.14286,387,100,0,0,0,0,0,0,60,0,0,3
48,1816,6.19355,384,100,0,0,0,0,0,0,58,0,0,4
49,1892,6.25424,369,100,0,0,0,0,0,0,54,0,0,5
50,2108,6.14754,375,100,0,0,0,0,0,0,58,0,0,3
51,1976,6.09677,378,100,0,0,0,0,0,0,60,0,0,2
52,2312,6.19672,378,100,0,0,0,0,0,0,57,0,0,4
53,2476,6.20339,366,100,0,0,0,0,0,0,55,0,0,4
54,2720,6.18644,365,100,0,0,0,0,0,0,55,0,1,3
55,2840,6.16981,327,100,0,0,0,0,0,0,50,0,0,3
56,3280,6.10345,354,100,0,0,0,0,0,0,56,0,0,2
57,1404,6.14286,344,100,0,0,0,0,0,0,53,0,1,2
58,1360,6.05,363,100,0,0,0,0,0,0,59,0,0,1
59,1412,6.10169,360,100,0,0,0,0,0,0,57,0,0,2
60,1812,6.09231,396,100,0,0,0,0,0,0,63,0,0,2
61,1340,6.15,369,100,0,0,0,0,0,0,57,0,0,3
62,1472,6.2381,393,100,0,0,0,0,0,0,58,0,0,5
63,1488,6.16071,345,100,0,0,0,0,0,0,53,0,0,3
64,1684,6.16667,333,100,0,0,0,0,0,0,51,0,0,3
65,1696,6.16364,339,100,0,0,0,0,0,0,52,0,0,3
66,1436,6.16071,345,100,0,0,0,0,0,0,53,0,0,3
67,1376,6.21053,354,100,0,0,0,0,0,0,53,0,0,4
68,1760,6.27273,345,100,0,0,0,0,0,0,50,0,0,5
69,1928,6.21818,342,100,0,0,0,0,0,0,51,0,0,4
70,1944,6.10714,342,100,0,0,0,0,0,0,54,0,0,2
71,1460,6.05357,339,100,0,0,0,0,0,0,55,0,0,1
72,1624,6,342,100,0,0,0,0,0,0,57,0,0,0
73,1204,6,360,100,0,0,0,0,0,0,60,0,0,0
74,1304,6,360,100,0,0,0,0,0,0,60,0,0,0
75,1400,6,336,100,0,0,0,0,0,0,56,0,0,0
76,1096,6,348,100,0,0,0,0,0,0,58,0,0,0
77,1260,6,354,100,0,0,0,0,0,0,59,0,0,0
78,1324,6.05085,357,100,0,0,0,0,0,0,58,0,0,1
79,1192,6.10169,360,100,0,0,0,0,0,0,57,0,0,2
80,1164,6.05,363,100,0,0,0,0,0,0,59,0,0,1
81,1216,6.10169,360,100,0,0,0,0,0,0,57,0,0,2
82,1260,6.21429,348,100,0,0,0,0,0,0,52,0,0,4
83,1288,6.14754,375,100,0,0,0,0,0,0,58,0,0,3
84,1100,6.05263,345,100,0,0,0,0,0,0,56,0,0,1
85,1304,6.05085,357,100,0,0,0,0,0,0,58,0,0,1
86,1376,6.05357,339,100,0,0,0,0,0,0,55,0,0,1
87,1380,6.13559,362,100,0,0,0,0,0,0,56,0,1,2
88,1464,6.05172,351,100,0,0,0,0,0,0,57,0,0,1
89,1696,6,366,100,0,0,0,0,0,0,61,0,0,0
90,1436,6.04839,375,100,0,0,0,0,0,0,61,0,0,1
91,1732,6,354,100,0,0,0,0,0,0,59,0,0,0
92,1752,6.09836,372,100,0,0,0,0,0,0,59,0,0,2
93,1572,6.10169,360,100,0,0,0,0,0,0,57,0,0,2
94,1528,6.15789,351,100,0,0,0,0,0,0,54,0,0,3
95,1836,6.09677,378,100,0,0,0,0,0,0,60,0,0,2
96,1600,6.16071,345,100,0,0,0,0,0,0,53,0,0,3
97,1584,6.25,350,100,0,0,0,0,0,0,51,0,1,4
98,1492,6.21053,354,100,0,0,0,0,0,0,53,0,0,4
99,1212,6.10714,342,100,0,0,0,0,0,0,54,0,0,2
100,1632,6.21429,348,100,0,0,0,0,0,0,52,0,0,4
101,1616,6.27273,345,100,0,0,0,0,0,0,50,0,0,5
102,1420,6.32143,354,100,0,0,0,0,0,0,50,0,0,6
103,1488,6.41379,372,100,0,0,0,0,0,0,50,0,0,8
104,1544,6.32727,348,100,0,0,0,0,0,0,49,0,0,6
105,1760,6.35714,356,100,0,0,0,0,0,0,49,0,1,6
106,1824,6.67925,354,100,0,0,0,0,0,0,41,0,0,12
107,1800,6.75,378,100,0,0,0,0,0,0,42,0,0,14
108,1948,6.6,396,100,0,0,0,0,0,0,48,0,0,12
109,1636,6.77778,366,100,0,0,0,0,0,0,40,0,0,14
110,1872,6.63158,378,100,0,0,0,0,0,0,45,0,0,12
111,1460,6.42857,360,100,0,0,0,0,0,0,48,0,0,8
112,1360,6.6,363,100,0,0,0,0,0,0,44,0,0,11
113,1336,6.42857,405,100,0,0,0,0,0,0,54,0,0,9
114,1228,6.28571,396,100,0,0,0,0,0,0,57,0,0,6
115,1452,6.42857,405,100,0,0,0,0,0,0,54,0,0,9
116,1392,6.62264,351,100,0,0,0,0,0,0,42,0,0,11
117,1396,6.38889,345,100,0,0,0,0,0,0,47,0,0,7
118,1340,6.36842,363,100,0,0,0,0,0,0,50,0,0,7
119,1320,6.5,390,100,0,0,0,0,0,0,50,0,0,10
120,1540,6.54098,399,100,0,0,0,0,0,0,50,0,0,11
121,1276,6.34483,368,100,0,0,0,0,0,0,51,0,1,6
122,1520,6.79661,401,100,0,0,0,0,0,0,43,0,1,15
123,1444,6.53333,392,100,0,0,0,0,0,0,49,0,1,10
124,1680,6.66129,413,100,0,0,0,0,0,0,48,0,1,13
125,1648,6.73684,384,100,0,0,0,0,0,0,43,0,0,14
126,1328,6.68852,408,100,0,0,0,0,0,0,47,0,0,14
127,1320,6.81356,402,100,0,0,0,0,0,0,43,0,0,16
128,1412,6.72581,417,100,0,0,0,0,0,0,47,0,0,15
129,1324,6.57143,414,100,0,0,0,0,0,0,51,0,0,12
130,1476,6.65,399,100,0,0,0,0,0,0,47,0,0,13
131,1300,6.59016,402,100,0,0,0,0,0,0,49,0,0,12
132,1404,6.62903,411,100,0,0,0,0,0,0,49,0,0,13
133,1388,6.75806,419,100,0,0,0,0,0,0,46,0,1,15
134,1460,6.76271,399,100,0,0,0,0,0,0,44,0,0,15
135,1380,6.93103,402,100,0,0,0,0,0,0,40,0,0,18
136,1564,7.1,426,100,0,0,0,0,0,0,38,0,0,22
137,1536,6.8,408,100,0,0,0,0,0,0,44,0,0,16
138,1400,7.07547,375,100,0,0,0,0,0,0,34,0,0,19
139,1540,7.01786,393,100,0,0,0,0,0,0,37,0,0,19
140,1544,7.03448,408,100,0,0,0,0,0,0,38,0,0,20
141,1528,6.78947,387,100,0,0,0,0,0,0,42,0,0,15
142,1516,6.73684,384,100,0,0,0,0,0,0,43,0,0,14
143,1244,6.83333,369,100,0,0,0,0,0,0,39,0,0,15
144,1512,6.91525,408,100,0,0,0,0,0,0,41,0,0,18
145,1364,6.92727,381,100,0,0,0,0,0,0,38,0,0,17
146,1576,7.13793,414,100,0,0,0,0,0,0,36,0,0,22
147,1464,7.18868,381,100,0,0,0,0,0,0,32,0,0,21
148,1640,7.32692,381,100,0,0,0,0,0,0,29,0,0,23
149,1372,7.30909,402,100,0,0,0,0,0,0,31,0,0,24
150,1432,7.32,366,100,0,0,0,0,0,0,28,0,0,22
151,1844,7.69091,423,100,0,0,0,0,0,0,24,0,0,31
152,1624,7.25455,399,100,0,0,0,0,0,0,32,0,0,23
153,1656,7.4717,396,100,0,0,0,0,0,0,27,0,0,26
154,1656,7.4717,396,100,0,0,0,0,0,0,27,0,0,26
155,1728,7.5283,399,100,0,0,0,0,0,0,26,0,0,27
156,1888,7.66071,429,100,0,0,0,0,0,0,25,0,0,31
157,2140,7.5,420,100,0,0,0,0,0,0,28,0,0,28
158,1984,7.77551,381,100,0,0,0,0,0,0,20,0,0,29
159,2216,7.65,459,100,0,0,0,0,0,0,27,0,0,33
160,1948,7.24528,384,100,0,0,0,0,0,0,31,0,0,22
161,2136,7.30189,387,100,0,0,0,0,0,0,30,0,0,23
162,2248,7.69811,408,100,0,0,0,0,0,0,23,0,0,30
163,2620,7.61111,411,100,0,0,0,0,0,0,25,0,0,29
164,1844,7.75,372,100,0,0,0,0,0,0,20,0,0,28
165,1784,7.5,390,100,0,0,0,0,0,0,26,0,0,26
166,1864,7.58182,417,100,0,0,0,0,0,0,26,0,0,29
167,2076,7.2931,423,100,0,0,0,0,0,0,33,0,0,25
168,1764,7.38889,399,100,0,0,0,0,0,0,29,0,0,25
169,1716,7.44444,402,100,0,0,0,0,0,0,28,0,0,26
170,1784,7.44444,402,100,0,0,0,0,0,0,28,0,0,26
171,2136,7.47368,426,100,0,0,0,0,0,0,29,0,0,28
172,2104,7.39286,414,100,0,0,0,0,0,0,30,0,0,26
173,2464,7.39655,429,100,0,0,0,0,0,0,31,0,0,27
174,2520,7.25806,450,100,0,0,0,0,0,0,36,0,0,26
175,1668,7.2931,423,100,0,0,0,0,0,0,33,0,0,25
176,1812,7.18966,417,100,0,0,0,0,0,0,35,0,0,23
177,1920,7.18033,438,100,0,0,0,0,0,0,37,0,0,24
178,1900,7.39286,414,100,0,0,0,0,0,0,30,0,0,26
179,2188,7.44231,387,100,0,0,0,0,0,0,27,0,0,25
180,1760,7.64151,405,100,0,0,0,0,0,0,24,0,0,29
181,1836,7.47368,426,100,0,0,0,0,0,0,29,0,0,28
182,1744,7.42623,453,100,0,0,0,0,0,0,32,0,0,29
183,1696,7.14545,393,100,0,0,0,0,0,0,34,0,0,21
184,2016,7.35,441,100,0,0,0,0,0,0,33,0,0,27
185,1684,7.2,396,100,0,0,0,0,0,0,33,0,0,22
186,1656,7.0678,417,100,0,0,0,0,0,0,38,0,0,21
187,1672,7.15789,408,100,0,0,0,0,0,0,35,0,0,22
188,1472,7.03846,366,100,0,0,0,0,0,0,34,0,0,18
189,1644,7.25455,399,100,0,0,0,0,0,0,32,0,0,23
190,1520,7.22222,390,100,0,0,0,0,0,0,32,0,0,22
191,1648,7.01613,435,100,0,0,0,0,0,0,41,0,0,21
192,1424,6.95,417,100,0,0,0,0,0,0,41,0,0,19
193,1500,7.08621,411,100,0,0,0,0,0,0,37,0,0,21
194,1756,7.07547,375,100,0,0,0,0,0,0,34,0,0,19
195,1708,7.14545,393,100,0,0,0,0,0,0,34,0,0,21
196,1628,7.14545,393,100,0,0,0,0,0,0,34,0,0,21
197,1832,7.03636,387,100,0,0,0,0,0,0,36,0,0,19
198,1736,6.83607,417,100,0,0,0,0,0,0,44,0,0,17
199,1836,6.72581,417,100,0,0,0,0,0,0,47,0,0,15
200,1524,6.70909,369,100,0,0,0,0,0,0,42,0,0,13
201,1720,6.91071,387,100,0,0,0,0,0,0,39,0,0,17
202,1448,6.82759,396,100,0,0,0,0,0,0,42,0,0,16
203,1512,7.17857,402,100,0,0,0,0,0,0,34,0,0,22
204,1776,6.94737,396,100,0,0,0,0,0,0,39,0,0,18
205,1856,7.05263,402,100,0,0,0,0,0,0,37,0,0,20
206,1860,6.93103,402,100,0,0,0,0,0,0,40,0,0,18
207,1932,7.18966,417,100,0,0,0,0,0,0,35,0,0,23
208,2132,7.01786,393,100,0,0,0,0,0,0,37,0,0,19
209,1660,6.96429,390,100,0,0,0,0,0,0,38,0,0,18
210,1972,6.81356,402,100,0,0,0,0,0,0,43,0,0,16
211,1808,6.89474,393,100,0,0,0,0,0,0,40,0,0,17
212,1832,6.90476,435,100,0,0,0,0,0,0,44,0,0,19
213,1584,6.80357,381,100,0,0,0,0,0,0,41,0,0,15
214,1280,6.83333,369,100,0,0,0,0,0,0,39,0,0,15
215,1440,6.7,402,100,0,0,0,0,0,0,46,0,0,14
216,1304,6.68421,381,100,0,0,0,0,0,0,44,0,0,13
217,1424,6.45763,381,100,0,0,0,0,0,0,50,0,0,9
218,1412,6.53571,366,100,0,0,0,0,0,0,46,0,0,10
219,1556,6.73684,384,100,0,0,0,0,0,0,43,0,0,14
220,1708,6.72414,390,100,0,0,0,0,0,0,44,0,0,14
221,1464,6.54545,360,100,0,0,0,0,0,0,45,0,0,10
222,1640,6.76271,399,100,0,0,0,0,0,0,44,0,0,15
223,1508,6.87931,399,100,0,0,0,0,0,0,41,0,0,17
224,1632,6.63934,405,100,0,0,0,0,0,0,48,0,0,13
225,1584,6.62069,384,100,0,0,0,0,0,0,46,0,0,12
226,1332,6.63462,345,100,0,0,0,0,0,0,41,0,0,11
227,1628,6.62903,411,100,0,0,0,0,0,0,49,0,0,13
228,1780,6.76271,399,100,0,0,0,0,0,0,44,0,0,15
229,1888,6.82759,396,100,0,0,0,0,0,0,42,0,0,16
230,1972,6.75,378,100,0,0,0,0,0,0,42,0,0,14
231,1796,6.82759,396,100,0,0,0,0,0,0,42,0,0,16
232,1648,6.79245,360,100,0,0,0,0,0,0,39,0,0,14
233,1716,6.75,405,100,0,0,0,0,0,0,45,0,0,15
234,1616,6.62069,384,100,0,0,0,0,0,0,46,0,0,12
235,1792,6.80357,381,100,0,0,0,0,0,0,41,0,0,15
236,1488,6.84211,390,100,0,0,0,0,0,0,41,0,0,16
237,1516,6.75,378,100,0,0,0,0,0,0,42,0,0,14
238,1460,6.77586,393,100,0,0,0,0,0,0,43,0,0,15
239,1592,6.92308,360,100,0,0,0,0,0,0,36,0,0,16
240,1720,6.82759,396,100,0,0,0,0,0,0,42,0,0,16
241,1488,6.80769,354,100,0,0,0,0,0,0,38,0,0,14
242,1532,6.94737,396,100,0,0,0,0,0,0,39,0,0,18
243,1776,7,378,100,0,0,0,0,0,0,36,0,0,18
244,1832,7.03636,387,100,0,0,0,0,0,0,36,0,0,19
245,1924,6.95238,438,100,0,0,0,0,0,0,43,0,0,20
246,1680,6.77419,420,100,0,0,0,0,0,0,46,0,0,16
247,1696,6.75,405,100,0,0,0,0,0,0,45,0,0,15
248,1516,6.78947,387,100,0,0,0,0,0,0,42,0,0,15
249,1704,7.05263,402,100,0,0,0,0,0,0,37,0,0,20
250,1852,7.09524,447,100,0,0,0,0,0,0,40,0,0,23
251,1704,6.78947,387,100,0,0,0,0,0,0,42,0,0,15
252,1728,6.65079,419,100,0,0,0,0,0,0,49,0,1,13
253,1600,6.53226,405,100,0,0,0,0,0,0,51,0,0,11
254,1836,6.63934,405,100,0,0,0,0,0,0,48,0,0,13
255,1536,6.73684,384,100,0,0,0,0,0,0,43,0,0,14
256,1372,6.78947,387,100,0,0,0,0,0,0,42,0,0,15
257,1528,6.66102,393,100,0,0,0,0,0,0,46,0,0,13
258,1532,6.62069,384,100,0,0,0,0,0,0,46,0,0,12
259,1504,6.69643,375,100,0,0,0,0,0,0,43,0,0,13
260,1824,6.6,396,100,0,0,0,0,0,0,48,0,0,12
261,1376,6.40385,333,100,0,0,0,0,0,0,45,0,0,7
262,1508,6.40385,333,100,0,0,0,0,0,0,45,0,0,7
263,1620,6.68421,381,100,0,0,0,0,0,0,44,0,0,13
264,1368,6.50943,345,100,0,0,0,0,0,0,44,0,0,9
265,1580,6.56604,348,100,0,0,0,0,0,0,43,0,0,10
266,1072,6.31915,297,100,0,0,0,0,0,0,42,0,0,5
267,1540,6.30508,372,100,0,0,0,0,0,0,53,0,0,6
268,1572,6.41379,372,100,0,0,0,0,0,0,50,0,0,8
269,1616,6.26316,357,100,0,0,0,0,0,0,52,0,0,5
270,1768,6.40678,378,100,0,0,0,0,0,0,51,0,0,8
271,1556,6.45763,381,100,0,0,0,0,0,0,50,0,0,9
272,1504,6.49091,357,100,0,0,0,0,0,0,46,0,0,9
273,1492,6.51724,378,100,0,0,0,0,0,0,48,0,0,10
274,1384,6.65455,366,100,0,0,0,0,0,0,43,0,0,12
275,1676,6.48387,402,100,0,0,0,0,0,0,52,0,0,10
276,1664,6.43548,399,100,0,0,0,0,0,0,53,0,0,9
277,1612,6.58929,369,100,0,0,0,0,0,0,45,0,0,11
278,1600,6.36207,369,100,0,0,0,0,0,0,51,0,0,7
279,1576,6.7,402,100,0,0,0,0,0,0,46,0,0,14
280,1572,6.6,363,100,0,0,0,0,0,0,44,0,0,11
281,2048,6.63934,405,100,0,0,0,0,0,0,48,0,0,13
282,2000,6.69643,375,100,0,0,0,0,0,0,43,0,0,13
283,1956,6.72414,390,100,0,0,0,0,0,0,44,0,0,14
284,1744,6.61017,390,100,0,0,0,0,0,0,47,0,0,12
285,1972,6.63158,378,100,0,0,0,0,0,0,45,0,0,12
286,1868,6.41379,372,100,0,0,0,0,0,0,50,0,0,8
287,1700,6.54098,399,100,0,0,0,0,0,0,50,0,0,11
288,1540,6.40678,378,100,0,0,0,0,0,0,51,0,0,8
289,1808,6.46154,420,100,0,0,0,0,0,0,55,0,0,10
290,1608,6.31034,366,100,0,0,0,0,0,0,52,0,0,6
291,1616,6.35593,375,100,0,0,0,0,0,0,52,0,0,7
292,1564,6.36842,363,100,0,0,0,0,0,0,50,0,0,7
293,1168,6.22222,336,100,0,0,0,0,0,0,50,0,0,4
294,1436,6.43548,399,100,0,0,0,0,0,0,53,0,0,9
295,1368,6.5,390,100,0,0,0,0,0,0,50,0,0,10
296,1480,6.54098,399,100,0,0,0,0,0,0,50,0,0,11
297,1436,6.57895,375,100,0,0,0,0,0,0,46,0,0,11
298,1552,6.61017,390,100,0,0,0,0,0,0,47,0,0,12
299,1568,6.56897,381,100,0,0,0,0,0,0,47,0,0,11
300,1372,6.61111,357,100,0,0,0,0,0,0,43,0,0,11
301,1316,6.54,327,100,0,0,0,0,0,0,41,0,0,9
302,1704,6.68421,381,100,0,0,0,0,0,0,44,0,0,13
303,1540,6.51724,378,100,0,0,0,0,0,0,48,0,0,10
304,1256,6.45763,381,100,0,0,0,0,0,0,50,0,0,9
305,1128,6.58065,408,100,0,0,0,0,0,0,50,0,0,12
306,1532,6.93103,402,100,0,0,0,0,0,0,40,0,0,18
307,1344,6.62069,384,100,0,0,0,0,0,0,46,0,0,12
308,1384,6.80357,381,100,0,0,0,0,0,0,41,0,0,15
309,1212,6.63158,378,100,0,0,0,0,0,0,45,0,0,12
310,1024,6.66667,360,100,0,0,0,0,0,0,42,0,0,12
311,1132,6.52632,372,100,0,0,0,0,0,0,47,0,0,10
312,1176,6.48214,363,100,0,0,0,0,0,0,47,0,0,9
313,1284,6.41379,372,100,0,0,0,0,0,0,50,0,0,8
314,928,6.39623,339,100,0,0,0,0,0,0,46,0,0,7
315,1064,6.38182,351,100,0,0,0,0,0,0,48,0,0,7
316,1088,6.45763,381,100,0,0,0,0,0,0,50,0,0,9
317,1208,6.53571,366,100,0,0,0,0,0,0,46,0,0,10
318,1000,6.39623,339,100,0,0,0,0,0,0,46,0,0,7
319,1056,6.32727,348,100,0,0,0,0,0,0,49,0,0,6
320,1328,6.26984,395,100,0,0,0,0,0,0,57,0,1,5
321,1572,6.32812,405,100,0,0,0,0,0,0,57,0,0,7
322,1188,6.25,375,100,0,0,0,0,0,0,55,0,0,5
323,1600,6.46154,420,100,0,0,0,0,0,0,55,0,0,10
324,1516,6.25,375,100,0,0,0,0,0,0,55,0,0,5
325,1336,6.15517,357,100,0,0,0,0,0,0,55,0,0,3
326,1356,6.19355,384,100,0,0,0,0,0,0,58,0,0,4
327,1428,6.52381,411,100,0,0,0,0,0,0,52,0,0,11
328,1440,6.30508,372,100,0,0,0,0,0,0,53,0,0,6
329,1348,6.4,384,100,0,0,0,0,0,0,52,0,0,8
330,1616,6.62069,384,100,0,0,0,0,0,0,46,0,0,12
331,1628,6.52381,411,100,0,0,0,0,0,0,52,0,0,11
332,1608,6.51724,378,100,0,0,0,0,0,0,48,0,0,10
333,1288,6.35593,375,100,0,0,0,0,0,0,52,0,0,7
334,1648,6.43548,399,100,0,0,0,0,0,0,53,0,0,9
335,1508,6.36842,363,100,0,0,0,0,0,0,50,0,0,7
336,1656,6.35593,375,100,0,0,0,0,0,0,52,0,0,7
337,1656,6.35593,375,100,0,0,0,0,0,0,52,0,0,7
338,1516,6.375,357,100,0,0,0,0,0,0,49,0,0,7
339,1360,6.375,357,100,0,0,0,0,0,0,49,0,0,7
340,1548,6.50847,384,100,0,0,0,0,0,0,49,0,0,10
341,1328,6.375,357,100,0,0,0,0,0,0,49,0,0,7
342,1652,6.66102,393,100,0,0,0,0,0,0,46,0,0,13
343,1568,6.48214,363,100,0,0,0,0,0,0,47,0,0,9
344,1676,6.50847,384,100,0,0,0,0,0,0,49,0,0,10
345,1688,6.68852,408,100,0,0,0,0,0,0,47,0,0,14
346,1656,6.63158,378,100,0,0,0,0,0,0,45,0,0,12
347,1412,6.45763,381,100,0,0,0,0,0,0,50,0,0,9
348,1836,6.77586,393,100,0,0,0,0,0,0,43,0,0,15
349,1924,6.36842,363,100,0,0,0,0,0,0,50,0,0,7
350,2236,6.71186,396,100,0,0,0,0,0,0,45,0,0,14
351,1856,6.53571,366,100,0,0,0,0,0,0,46,0,0,10
352,1632,6.5,351,100,0,0,0,0,0,0,45,0,0,9
353,1444,6.5,390,100,0,0,0,0,0,0,50,0,0,10
354,1616,6.57895,375,100,0,0,0,0,0,0,46,0,0,11
355,1604,6.6,396,100,0,0,0,0,0,0,48,0,0,12
356,1588,6.56897,381,100,0,0,0,0,0,0,47,0,0,11
357,1600,6.81356,402,100,0,0,0,0,0,0,43,0,0,16
358,1524,6.51724,378,100,0,0,0,0,0,0,48,0,0,10
359,1436,6.70909,369,100,0,0,0,0,0,0,42,0,0,13
360,1432,6.5,390,100,0,0,0,0,0,0,50,0,0,10
361,1420,6.55172,380,100,0,0,0,0,0,0,47,0,1,10
362,1548,6.42105,366,100,0,0,0,0,0,0,49,0,0,8
363,1508,6.42105,366,100,0,0,0,0,0,0,49,0,0,8
364,1672,6.55556,354,100,0,0,0,0,0,0,44,0,0,10
365,1376,6.52632,372,100,0,0,0,0,0,0,47,0,0,10
366,1104,6.41379,372,100,0,0,0,0,0,0,50,0,0,8
367,1088,6.35593,375,100,0,0,0,0,0,0,52,0,0,7
368,1068,6.62264,351,100,0,0,0,0,0,0,42,0,0,11
369,1172,6.45,387,100,0,0,0,0,0,0,51,0,0,9
370,1392,6.77586,393,100,0,0,0,0,0,0,43,0,0,15
371,996,6.70909,369,100,0,0,0,0,0,0,42,0,0,13
372,1156,6.5,390,100,0,0,0,0,0,0,50,0,0,10
373,1068,6.6,396,100,0,0,0,0,0,0,48,0,0,12
374,1072,6.71186,396,100,0,0,0,0,0,0,45,0,0,14
375,1220,6.63934,405,100,0,0,0,0,0,0,48,0,0,13
376,1284,6.78788,448,100,0,0,0,0,0,0,48,0,2,16
377,1268,6.68333,401,100,0,0,0,0,0,0,46,0,1,13
378,1456,6.47945,473,100,0,0,0,0,0,0,61,0,1,11
379,1428,6.56716,440,100,0,0,0,0,0,0,54,0,1,12
380,1368,6.51562,417,100,0,0,0,0,0,0,53,0,0,11
381,1316,6.32308,411,100,0,0,0,0,0,0,58,0,0,7
382,1428,6.58065,408,100,0,0,0,0,0,0,50,0,0,12
383,1732,6.68852,408,100,0,0,0,0,0,0,47,0,0,14
384,1380,6.65,399,100,0,0,0,0,0,0,47,0,0,13
385,1328,6.5,390,100,0,0,0,0,0,0,50,0,0,10
386,1488,6.35,381,100,0,0,0,0,0,0,53,0,0,7
387,1832,6.4918,396,100,0,0,0,0,0,0,51,0,0,10
388,1708,6.53571,366,100,0,0,0,0,0,0,46,0,0,10
389,1704,6.77586,393,100,0,0,0,0,0,0,43,0,0,15
390,1792,6.68421,381,100,0,0,0,0,0,0,44,0,0,13
391,1612,6.76471,345,100,0,0,0,0,0,0,38,0,0,13
392,1660,6.79245,360,100,0,0,0,0,0,0,39,0,0,14
393,1744,6.75,378,100,0,0,0,0,0,0,42,0,0,14
394,1912,6.85714,384,100,0,0,0,0,0,0,40,0,0,16
395,1784,6.94444,375,100,0,0,0,0,0,0,37,0,0,17
396,1548,6.96226,369,100,0,0,0,0,0,0,36,0,0,17
397,1588,6.88889,372,100,0,0,0,0,0,0,38,0,0,16
398,1936,6.80357,381,100,0,0,0,0,0,0,41,0,0,15
399,1424,6.63462,345,100,0,0,0,0,0,0,41,0,0,11
400,1204,6.39623,339,100,0,0,0,0,0,0,46,0,0,7
401,1508,6.68421,381,100,0,0,0,0,0,0,44,0,0,13
402,1452,6.38182,351,100,0,0,0,0,0,0,48,0,0,7
403,1428,6.4,384,100,0,0,0,0,0,0,52,0,0,8
404,1416,6.39344,390,100,0,0,0,0,0,0,53,0,0,8
405,1560,6.375,357,100,0,0,0,0,0,0,49,0,0,7
406,1456,6.22222,336,100,0,0,0,0,0,0,50,0,0,4
407,1572,6.35,381,100,0,0,0,0,0,0,53,0,0,7
408,1312,6.31034,366,100,0,0,0,0,0,0,52,0,0,6
409,1564,6.30508,372,100,0,0,0,0,0,0,53,0,0,6
410,1592,6.44262,393,100,0,0,0,0,0,0,52,0,0,9
411,1360,6.3,378,100,0,0,0,0,0,0,54,0,0,6
412,1604,6.42857,405,100,0,0,0,0,0,0,54,0,0,9
413,1564,6.45,387,100,0,0,0,0,0,0,51,0,0,9
414,1752,6.4,384,100,0,0,0,0,0,0,52,0,0,8
415,1604,6.45763,381,100,0,0,0,0,0,0,50,0,0,9
416,1524,6.72222,363,100,0,0,0,0,0,0,41,0,0,13
417,1776,6.59016,402,100,0,0,0,0,0,0,49,0,0,12
418,1668,6.55932,387,100,0,0,0,0,0,0,48,0,0,11
419,1756,6.61111,357,100,0,0,0,0,0,0,43,0,0,11
420,1944,6.57692,342,100,0,0,0,0,0,0,42,0,0,10
421,1840,6.61111,357,100,0,0,0,0,0,0,43,0,0,11
422,1808,6.375,357,100,0,0,0,0,0,0,49,0,0,7
423,1736,6.28846,327,100,0,0,0,0,0,0,47,0,0,5
424,1712,6.33333,342,100,0,0,0,0,0,0,48,0,0,6
425,1668,6.40385,333,100,0,0,0,0,0,0,45,0,0,7
426,1608,6.42105,366,100,0,0,0,0,0,0,49,0,0,8
427,1380,6.375,357,100,0,0,0,0,0,0,49,0,0,7
428,1360,6.40351,365,100,0,0,0,0,0,0,49,0,1,7
429,1620,6.39344,390,100,0,0,0,0,0,0,53,0,0,8
430,1532,6.39344,390,100,0,0,0,0,0,0,53,0,0,8
431,1640,6.35593,375,100,0,0,0,0,0,0,52,0,0,7
432,1504,6.35,381,100,0,0,0,0,0,0,53,0,0,7
433,1480,6.41379,372,100,0,0,0,0,0,0,50,0,0,8
434,1664,6.31579,360,100,0,0,0,0,0,0,51,0,0,6
435,1488,6.52632,372,100,0,0,0,0,0,0,47,0,0,10
436,1480,6.54098,399,100,0,0,0,0,0,0,50,0,0,11
437,940,6.49091,357,100,0,0,0,0,0,0,46,0,0,9
438,1148,6.44262,393,100,0,0,0,0,0,0,52,0,0,9
439,948,6.25424,369,100,0,0,0,0,0,0,54,0,0,5
440,1140,6.2459,381,100,0,0,0,0,0,0,56,0,0,5
441,1008,6.27273,345,100,0,0,0,0,0,0,50,0,0,5
442,1260,6.23438,399,100,0,0,0,0,0,0,59,0,0,5
443,1212,6.29032,390,100,0,0,0,0,0,0,56,0,0,6
444,1244,6.35,381,100,0,0,0,0,0,0,53,0,0,7
445,1284,6.36207,369,100,0,0,0,0,0,0,51,0,0,7
446,1540,6.38095,402,100,0,0,0,0,0,0,55,0,0,8
447,1520,6.20339,366,100,0,0,0,0,0,0,55,0,0,4
448,1372,6.30508,372,100,0,0,0,0,0,0,53,0,0,6
449,1400,6.48387,402,100,0,0,0,0,0,0,52,0,0,10
450,1676,6.59091,435,100,0,0,0,0,0,0,53,0,0,13
451,1744,6.53226,405,100,0,0,0,0,0,0,51,0,0,11
452,1700,6.64615,432,100,0,0,0,0,0,0,51,0,0,14
453,1632,6.61017,390,100,0,0,0,0,0,0,47,0,0,12
454,1680,6.77419,420,100,0,0,0,0,0,0,46,0,0,16
455,1352,6.71429,423,100,0,0,0,0,0,0,48,0,0,15
456,1188,6.78689,414,100,0,0,0,0,0,0,45,0,0,16
457,1412,7.0678,417,100,0,0,0,0,0,0,38,0,0,21
458,1496,7.10526,405,100,0,0,0,0,0,0,36,0,0,21
459,1676,7.08197,432,100,0,0,0,0,0,0,39,0,0,22
460,1576,6.94444,375,100,0,0,0,0,0,0,37,0,0,17
461,1808,6.88525,420,100,0,0,0,0,0,0,43,0,0,18
462,1936,6.9,414,100,0,0,0,0,0,0,42,0,0,18
463,1812,6.69643,375,100,0,0,0,0,0,0,43,0,0,13
464,1908,6.71429,423,100,0,0,0,0,0,0,48,0,0,15
465,1988,6.89474,393,100,0,0,0,0,0,0,40,0,0,17
466,2240,6.85,411,100,0,0,0,0,0,0,43,0,0,17
467,2260,7.08621,411,100,0,0,0,0,0,0,37,0,0,21
468,2200,6.9,345,100,0,0,0,0,0,0,35,0,0,15
469,1856,7.125,399,100,0,0,0,0,0,0,35,0,0,21
470,1492,6.84906,363,100,0,0,0,0,0,0,38,0,0,15
471,1724,6.93103,402,100,0,0,0,0,0,0,40,0,0,18
472,2036,6.63934,405,100,0,0,0,0,0,0,48,0,0,13
473,1744,6.74545,371,100,0,0,0,0,0,0,41,0,1,13
474,1808,6.74545,371,100,0,0,0,0,0,0,41,0,1,13
475,1932,6.89474,393,100,0,0,0,0,0,0,40,0,0,17
476,1724,6.7377,411,100,0,0,0,0,0,0,46,0,0,15
477,1592,6.67925,354,100,0,0,0,0,0,0,41,0,0,12
478,1628,6.67925,354,100,0,0,0,0,0,0,41,0,0,12
479,1772,6.45763,381,100,0,0,0,0,0,0,50,0,0,9
480,1708,6.21053,354,100,0,0,0,0,0,0,53,0,0,4
481,1676,6.67925,354,100,0,0,0,0,0,0,41,0,0,12
482,1800,6.80357,381,100,0,0,0,0,0,0,41,0,0,15
483,1744,6.91071,387,100,0,0,0,0,0,0,39,0,0,17
484,1880,6.9,414,100,0,0,0,0,0,0,42,0,0,18
485,1796,6.71186,396,100,0,0,0,0,0,0,45,0,0,14
486,1844,6.84211,390,100,0,0,0,0,0,0,41,0,0,16
487,1604,6.72,336,100,0,0,0,0,0,0,38,0,0,12
488,1764,6.62069,384,100,0,0,0,0,0,0,46,0,0,12
489,1856,6.75,405,100,0,0,0,0,0,0,45,0,0,15
490,1904,6.70909,369,100,0,0,0,0,0,0,42,0,0,13
491,2292,6.9661,411,100,0,0,0,0,0,0,40,0,0,19
492,2104,6.81356,402,100,0,0,0,0,0,0,43,0,0,16
493,1904,6.66667,420,100,0,0,0,0,0,0,49,0,0,14
494,1876,6.56897,381,100,0,0,0,0,0,0,47,0,0,11
495,2080,6.4,384,100,0,0,0,0,0,0,52,0,0,8
496,1824,6.36207,369,100,0,0,0,0,0,0,51,0,0,7
497,1796,6.50847,384,100,0,0,0,0,0,0,49,0,0,10
498,1868,6.55,393,100,0,0,0,0,0,0,49,0,0,11
499,1856,6.72222,363,100,0,0,0,0,0,0,41,0,0,13
500,1964,6.96429,390,100,0,0,0,0,0,0,38,0,0,18
501,1892,6.93443,423,100,0,0,0,0,0,0,42,0,0,19
502,1660,7.03448,408,100,0,0,0,0,0,0,38,0,0,20
503,1516,6.98182,384,100,0,0,0,0,0,0,37,0,0,18
504,1588,6.82759,396,100,0,0,0,0,0,0,42,0,0,16
505,1664,6.67241,387,100,0,0,0,0,0,0,45,0,0,13
506,1748,6.63934,405,100,0,0,0,0,0,0,48,0,0,13
507,1340,6.75,378,100,0,0,0,0,0,0,42,0,0,14
508,1484,6.72222,363,100,0,0,0,0,0,0,41,0,0,13
509,1552,6.76271,399,100,0,0,0,0,0,0,44,0,0,15
510,1384,6.78947,387,100,0,0,0,0,0,0,42,0,0,15
511,1432,6.55932,387,100,0,0,0,0,0,0,48,0,0,11
512,1108,6.46154,336,100,0,0,0,0,0,0,44,0,0,8
513,1280,6.29508,384,100,0,0,0,0,0,0,55,0,0,6
514,1288,6.2069,360,100,0,0,0,0,0,0,54,0,0,4
515,1488,6.28814,371,100,0,0,0,0,0,0,53,0,1,5
516,1476,6.27869,383,100,0,0,0,0,0,0,55,0,1,5
517,1436,6.30645,391,100,0,0,0,0,0,0,55,0,2,5
518,1172,6.25397,394,100,0,0,0,0,0,0,57,0,2,4
519,1124,6.16393,376,100,0,0,0,0,0,0,57,0,2,2
520,1200,6.16667,370,100,0,0,0,0,0,0,56,0,2,2
521,1392,6.07937,383,100,0,0,0,0,0,0,61,0,1,1
522,1488,6.12698,386,100,0,0,0,0,0,0,60,0,1,2
523,1196,6.05,363,100,0,0,0,0,0,0,59,0,0,1
524,1284,6.05,363,100,0,0,0,0,0,0,59,0,0,1
525,1288,6.04918,369,100,0,0,0,0,0,0,60,0,0,1
526,1292,6.09836,372,100,0,0,0,0,0,0,59,0,0,2
527,1520,6.04762,381,100,0,0,0,0,0,0,62,0,0,1
528,1808,6.2459,381,100,0,0,0,0,0,0,56,0,0,5
529,1368,6.10909,336,100,0,0,0,0,0,0,53,0,0,2
530,1648,6.15,369,100,0,0,0,0,0,0,57,0,0,3
531,1724,6.2069,360,100,0,0,0,0,0,0,54,0,0,4
532,1592,6.2459,381,100,0,0,0,0,0,0,56,0,0,5
533,1324,6.14754,375,100,0,0,0,0,0,0,58,0,0,3
534,1292,6.3,378,100,0,0,0,0,0,0,54,0,0,6
535,1620,6.39344,390,100,0,0,0,0,0,0,53,0,0,8
536,1336,6.25862,363,100,0,0,0,0,0,0,53,0,0,5
537,1424,6.28571,396,100,0,0,0,0,0,0,57,0,0,6
538,1836,6.2459,381,100,0,0,0,0,0,0,56,0,0,5
539,1484,6.16364,339,100,0,0,0,0,0,0,52,0,0,3
540,1684,6.26316,357,100,0,0,0,0,0,0,52,0,0,5
541,1864,6.38889,345,100,0,0,0,0,0,0,47,0,0,7
542,2060,6.36207,369,100,0,0,0,0,0,0,51,0,0,7
543,1280,6.15517,357,100,0,0,0,0,0,0,55,0,0,3
544,1448,6.15,369,100,0,0,0,0,0,0,57,0,0,3
545,1188,6.15517,357,100,0,0,0,0,0,0,55,0,0,3
546,1040,6.10714,342,100,0,0,0,0,0,0,54,0,0,2
547,1128,6.10526,348,100,0,0,0,0,0,0,55,0,0,2
548,1196,6.16071,345,100,0,0,0,0,0,0,53,0,0,3
549,1120,6.10345,354,100,0,0,0,0,0,0,56,0,0,2
550,1024,6.05172,351,100,0,0,0,0,0,0,57,0,0,1
551,1264,6.15517,357,100,0,0,0,0,0,0,55,0,0,3
552,1488,6.10345,354,100,0,0,0,0,0,0,56,0,0,2
553,1260,6.25455,344,100,0,0,0,0,0,0,50,0,1,4
554,1632,6.39655,371,100,0,0,0,0,0,0,50,0,1,7
555,1628,6.29508,384,100,0,0,0,0,0,0,55,0,0,6
556,1264,6.34426,387,100,0,0,0,0,0,0,54,0,0,7
557,1408,6.4,384,100,0,0,0,0,0,0,52,0,0,8
558,1340,6.31579,360,100,0,0,0,0,0,0,51,0,0,6
559,1440,6.35593,375,100,0,0,0,0,0,0,52,0,0,7
560,1720,6.32727,348,100,0,0,0,0,0,0,49,0,0,6
561,1664,6.57692,342,100,0,0,0,0,0,0,42,0,0,10
562,1516,6.45,387,100,0,0,0,0,0,0,51,0,0,9
563,1636,6.4918,396,100,0,0,0,0,0,0,51,0,0,10
564,1632,6.33333,342,100,0,0,0,0,0,0,48,0,0,6
565,1848,6.45763,381,100,0,0,0,0,0,0,50,0,0,9
566,1904,6.6,363,100,0,0,0,0,0,0,44,0,0,11
567,1692,6.76364,372,100,0,0,0,0,0,0,41,0,0,14
568,1532,6.53571,366,100,0,0,0,0,0,0,46,0,0,10
569,1700,6.55,393,100,0,0,0,0,0,0,49,0,0,11
570,1548,6.45,387,100,0,0,0,0,0,0,51,0,0,9
571,1380,6.57895,375,100,0,0,0,0,0,0,46,0,0,11
572,1568,6.46154,336,100,0,0,0,0,0,0,44,0,0,8
573,1616,6.49091,357,100,0,0,0,0,0,0,46,0,0,9
574,1632,6.27778,339,100,0,0,0,0,0,0,49,0,0,5
575,1480,6.23529,318,100,0,0,0,0,0,0,47,0,0,4
576,1400,6.27273,345,100,0,0,0,0,0,0,50,0,0,5
577,1516,6.36842,363,100,0,0,0,0,0,0,50,0,0,7
578,1316,6.32143,354,100,0,0,0,0,0,0,50,0,0,6
579,1616,6.51724,378,100,0,0,0,0,0,0,48,0,0,10
580,1744,6.48214,363,100,0,0,0,0,0,0,47,0,0,9
581,1720,6.38889,345,100,0,0,0,0,0,0,47,0,0,7
582,1528,6.52941,333,100,0,0,0,0,0,0,42,0,0,9
583,1752,6.56897,381,100,0,0,0,0,0,0,47,0,0,11
584,1856,6.46154,336,100,0,0,0,0,0,0,44,0,0,8
585,1856,6.61111,357,100,0,0,0,0,0,0,43,0,0,11
586,1792,6.75,378,100,0,0,0,0,0,0,42,0,0,14
587,1836,6.44262,393,100,0,0,0,0,0,0,52,0,0,9
588,1676,6.69231,348,100,0,0,0,0,0,0,40,0,0,12
589,1964,6.66102,393,100,0,0,0,0,0,0,46,0,0,13
590,1996,6.79245,360,100,0,0,0,0,0,0,39,0,0,14
591,2056,6.81818,375,100,0,0,0,0,0,0,40,0,0,15
592,2248,6.7377,411,100,0,0,0,0,0,0,46,0,0,15
593,2316,6.66102,393,100,0,0,0,0,0,0,46,0,0,13
594,1580,6.55932,387,100,0,0,0,0,0,0,48,0,0,11
595,1784,6.7,402,100,0,0,0,0,0,0,46,0,0,14
596,1708,6.96429,390,100,0,0,0,0,0,0,38,0,0,18
597,1864,7.03636,387,100,0,0,0,0,0,0,36,0,0,19
598,1636,7.07143,396,100,0,0,0,0,0,0,36,0,0,20
599,1764,7,420,100,0,0,0,0,0,0,40,0,0,20
600,1800,6.85714,384,100,0,0,0,0,0,0,40,0,0,16
601,1780,6.70909,369,100,0,0,0,0,0,0,42,0,0,13
602,1696,6.76364,372,100,0,0,0,0,0,0,41,0,0,14
603,1780,6.72414,390,100,0,0,0,0,0,0,44,0,0,14
604,1920,6.57895,375,100,0,0,0,0,0,0,46,0,0,11
605,1928,6.35,381,100,0,0,0,0,0,0,53,0,0,7
606,1696,6.45283,342,100,0,0,0,0,0,0,45,0,0,8
607,1952,6.45,387,100,0,0,0,0,0,0,51,0,0,9
608,1820,6.16071,345,100,0,0,0,0,0,0,53,0,0,3
609,2012,6.31034,366,100,0,0,0,0,0,0,52,0,0,6
610,1464,6.19048,390,100,0,0,0,0,0,0,59,0,0,4
611,1492,6.2069,360,100,0,0,0,0,0,0,54,0,0,4
612,1632,6.22222,336,100,0,0,0,0,0,0,50,0,0,4
613,1800,6.09375,390,100,0,0,0,0,0,0,62,0,0,2
614,1444,6.26316,357,100,0,0,0,0,0,0,52,0,0,5
615,1676,6.43548,399,100,0,0,0,0,0,0,53,0,0,9
616,1868,6.48387,402,100,0,0,0,0,0,0,52,0,0,10
617,1852,6.49153,383,100,0,0,0,0,0,0,49,0,1,9
618,1896,6.5,390,100,0,0,0,0,0,0,50,0,0,10
619,2176,6.42105,366,100,0,0,0,0,0,0,49,0,0,8
620,1676,6.33333,342,100,0,0,0,0,0,0,48,0,0,6
621,1660,6.58824,336,100,0,0,0,0,0,0,41,0,0,10
622,1668,6.39623,339,100,0,0,0,0,0,0,46,0,0,7
623,1940,6.375,357,100,0,0,0,0,0,0,49,0,0,7
624,2016,6.46552,375,100,0,0,0,0,0,0,49,0,0,9
625,1632,6.44444,348,100,0,0,0,0,0,0,46,0,0,8
626,1720,6.36842,363,100,0,0,0,0,0,0,50,0,0,7
627,1836,6.44444,348,100,0,0,0,0,0,0,46,0,0,8
628,1612,6.31579,360,100,0,0,0,0,0,0,51,0,0,6
629,1968,6.50943,345,100,0,0,0,0,0,0,44,0,0,9
630,1632,6.38889,345,100,0,0,0,0,0,0,47,0,0,7
631,1936,6.32143,354,100,0,0,0,0,0,0,50,0,0,6
632,1928,6.36842,363,100,0,0,0,0,0,0,50,0,0,7
633,1864,6.6,363,100,0,0,0,0,0,0,44,0,0,11
634,1648,6.39623,339,100,0,0,0,0,0,0,46,0,0,7
635,1688,6.32143,354,100,0,0,0,0,0,0,50,0,0,6
636,1624,6.36842,363,100,0,0,0,0,0,0,50,0,0,7
637,1624,6.5,351,100,0,0,0,0,0,0,45,0,0,9
638,1464,6.48214,363,100,0,0,0,0,0,0,47,0,0,9
639,1360,6.48214,363,100,0,0,0,0,0,0,47,0,0,9
640,1612,6.31579,360,100,0,0,0,0,0,0,51,0,0,6
641,1440,6.50943,345,100,0,0,0,0,0,0,44,0,0,9
642,1468,6.42105,366,100,0,0,0,0,0,0,49,0,0,8
643,1584,6.4918,396,100,0,0,0,0,0,0,51,0,0,10
644,1388,6.59016,402,100,0,0,0,0,0,0,49,0,0,12
645,1176,6.46552,375,100,0,0,0,0,0,0,49,0,0,9
646,1320,6.45763,381,100,0,0,0,0,0,0,50,0,0,9
647,1208,6.375,357,100,0,0,0,0,0,0,49,0,0,7
648,1496,6.45763,381,100,0,0,0,0,0,0,50,0,0,9
649,1604,6.61017,390,100,0,0,0,0,0,0,47,0,0,12
650,1516,6.54545,360,100,0,0,0,0,0,0,45,0,0,10
651,1816,6.68421,381,100,0,0,0,0,0,0,44,0,0,13
652,1744,6.61111,357,100,0,0,0,0,0,0,43,0,0,11
653,1608,6.57895,375,100,0,0,0,0,0,0,46,0,0,11
654,1176,6.375,357,100,0,0,0,0,0,0,49,0,0,7
655,1416,6.47619,408,100,0,0,0,0,0,0,53,0,0,10
656,1488,6.45763,381,100,0,0,0,0,0,0,50,0,0,9
657,1344,6.35593,375,100,0,0,0,0,0,0,52,0,0,7
658,1284,6.47368,369,100,0,0,0,0,0,0,48,0,0,9
659,1320,6.44262,393,100,0,0,0,0,0,0,52,0,0,9
660,1348,6.50847,384,100,0,0,0,0,0,0,49,0,0,10
661,1088,6.25862,363,100,0,0,0,0,0,0,53,0,0,5
662,1284,6.51562,417,100,0,0,0,0,0,0,53,0,0,11
663,1088,6.57895,375,100,0,0,0,0,0,0,46,0,0,11
664,1344,6.59016,402,100,0,0,0,0,0,0,49,0,0,12
665,1180,6.48214,363,100,0,0,0,0,0,0,47,0,0,9
666,1216,6.45763,381,100,0,0,0,0,0,0,50,0,0,9
667,1140,6.35,381,100,0,0,0,0,0,0,53,0,0,7
668,1008,6.1,366,100,0,0,0,0,0,0,58,0,0,2
669,1276,6.34426,387,100,0,0,0,0,0,0,54,0,0,7
670,1192,6.15517,357,100,0,0,0,0,0,0,55,0,0,3
671,1200,6.25,375,100,0,0,0,0,0,0,55,0,0,5
672,1124,6.25,375,100,0,0,0,0,0,0,55,0,0,5
673,1296,6.08824,414,100,0,0,0,0,0,0,66,0,0,2
674,1156,6.23438,399,100,0,0,0,0,0,0,59,0,0,5
675,1100,6.42857,405,100,0,0,0,0,0,0,54,0,0,9
676,1084,6.36207,369,100,0,0,0,0,0,0,51,0,0,7
677,1160,6.53226,405,100,0,0,0,0,0,0,51,0,0,11
678,1204,6.33333,399,100,0,0,0,0,0,0,56,0,0,7
679,1364,6.36923,414,100,0,0,0,0,0,0,57,0,0,8
680,1380,6.44776,432,100,0,0,0,0,0,0,57,0,0,10
681,1224,6.42188,411,100,0,0,0,0,0,0,55,0,0,9
682,1136,6.24194,387,100,0,0,0,0,0,0,57,0,0,5
683,1092,6.35,381,100,0,0,0,0,0,0,53,0,0,7
684,1184,6.28125,402,100,0,0,0,0,0,0,58,0,0,6
685,1132,6.04918,369,100,0,0,0,0,0,0,60,0,0,1
686,1232,6.3,378,100,0,0,0,0,0,0,54,0,0,6
687,1232,6.29508,384,100,0,0,0,0,0,0,55,0,0,6
688,1060,6.25862,363,100,0,0,0,0,0,0,53,0,0,5
689,1292,6.40299,429,100,0,0,0,0,0,0,58,0,0,9
690,1220,6.52632,372,100,0,0,0,0,0,0,47,0,0,10
691,1284,6.28571,396,100,0,0,0,0,0,0,57,0,0,6
692,1240,6.25,375,100,0,0,0,0,0,0,55,0,0,5
693,1012,6.16364,339,100,0,0,0,0,0,0,52,0,0,3
694,1136,6.30508,372,100,0,0,0,0,0,0,53,0,0,6
695,996,6.18462,402,100,0,0,0,0,0,0,61,0,0,4
696,1032,6.29032,390,100,0,0,0,0,0,0,56,0,0,6
697,836,6.20339,366,100,0,0,0,0,0,0,55,0,0,4
698,900,6.19355,384,100,0,0,0,0,0,0,58,0,0,4
699,896,6.31579,360,100,0,0,0,0,0,0,51,0,0,6
700,940,6.29032,390,100,0,0,0,0,0,0,56,0,0,6
701,992,6.32812,405,100,0,0,0,0,0,0,57,0,0,7
702,832,6.31818,417,100,0,0,0,0,0,0,59,0,0,7
703,896,6.30435,435,100,0,0,0,0,0,0,62,0,0,7
704,1020,6.22388,417,100,0,0,0,0,0,0,62,0,0,5
705,1084,6.27273,414,100,0,0,0,0,0,0,60,0,0,6
706,932,6.35,381,100,0,0,0,0,0,0,53,0,0,7
707,900,6.18462,402,100,0,0,0,0,0,0,61,0,0,4
708,1016,6.26866,420,100,0,0,0,0,0,0,61,0,0,6
709,1000,6.22727,411,100,0,0,0,0,0,0,61,0,0,5
710,1096,6.32308,411,100,0,0,0,0,0,0,58,0,0,7
711,1068,6.3871,396,100,0,0,0,0,0,0,54,0,0,8
712,1068,6.2381,393,100,0,0,0,0,0,0,58,0,0,5
713,964,6.21818,342,100,0,0,0,0,0,0,51,0,0,4
714,888,6.15517,357,100,0,0,0,0,0,0,55,0,0,3
715,980,6.2459,381,100,0,0,0,0,0,0,56,0,0,5
716,1016,6.2,372,100,0,0,0,0,0,0,56,0,0,4
717,908,6.10169,360,100,0,0,0,0,0,0,57,0,0,2
718,964,6.20339,366,100,0,0,0,0,0,0,55,0,0,4
719,1020,6.10526,348,100,0,0,0,0,0,0,55,0,0,2
720,1176,6.14286,387,100,0,0,0,0,0,0,60,0,0,3
721,1304,6.14062,393,100,0,0,0,0,0,0,61,0,0,3
722,1120,6.19355,384,100,0,0,0,0,0,0,58,0,0,4
723,1204,6.14286,387,100,0,0,0,0,0,0,60,0,0,3
724,1160,6.29032,390,100,0,0,0,0,0,0,56,0,0,6
725,1224,6.4,384,100,0,0,0,0,0,0,52,0,0,8
726,1068,6.39344,390,100,0,0,0,0,0,0,53,0,0,8
727,1040,6.42105,366,100,0,0,0,0,0,0,49,0,0,8
728,1112,6.44068,380,100,0,0,0,0,0,0,50,0,1,8
729,1116,6.36207,369,100,0,0,0,0,0,0,51,0,0,7
730,1144,6.41379,372,100,0,0,0,0,0,0,50,0,0,8
731,1320,6.56897,381,100,0,0,0,0,0,0,47,0,0,11
732,1316,6.55,393,100,0,0,0,0,0,0,49,0,0,11
733,1176,6.48214,363,100,0,0,0,0,0,0,47,0,0,9
734,1080,6.35593,375,100,0,0,0,0,0,0,52,0,0,7
735,1216,6.39344,390,100,0,0,0,0,0,0,53,0,0,8
736,1300,6.46552,375,100,0,0,0,0,0,0,49,0,0,9
737,1148,6.44444,348,100,0,0,0,0,0,0,46,0,0,8
738,1088,6.36842,363,100,0,0,0,0,0,0,50,0,0,7
739,1304,6.6,363,100,0,0,0,0,0,0,44,0,0,11
740,1044,6.36842,363,100,0,0,0,0,0,0,50,0,0,7
741,1196,6.59016,402,100,0,0,0,0,0,0,49,0,0,12
742,1248,6.44444,348,100,0,0,0,0,0,0,46,0,0,8
743,1476,6.55,393,100,0,0,0,0,0,0,49,0,0,11
744,1444,6.64286,372,100,0,0,0,0,0,0,44,0,0,12
745,1432,6.61111,357,100,0,0,0,0,0,0,43,0,0,11
746,1412,6.67925,354,100,0,0,0,0,0,0,41,0,0,12
747,1504,6.71186,396,100,0,0,0,0,0,0,45,0,0,14
748,1264,6.75,405,100,0,0,0,0,0,0,45,0,0,15
749,1356,6.76271,399,100,0,0,0,0,0,0,44,0,0,15
750,1356,6.8,408,100,0,0,0,0,0,0,44,0,0,16
751,1396,6.82759,396,100,0,0,0,0,0,0,42,0,0,16
752,1568,6.91379,401,100,0,0,0,0,0,0,40,0,1,17
753,1340,6.81818,375,100,0,0,0,0,0,0,40,0,0,15
754,1076,6.85714,384,100,0,0,0,0,0,0,40,0,0,16
755,1240,6.98182,384,100,0,0,0,0,0,0,37,0,0,18
756,1252,7.18966,417,100,0,0,0,0,0,0,35,0,0,23
757,1236,7,399,100,0,0,0,0,0,0,38,0,0,19
758,1324,7.2,396,100,0,0,0,0,0,0,33,0,0,22
759,1484,7.25455,399,100,0,0,0,0,0,0,32,0,0,23
760,1600,7.18966,417,100,0,0,0,0,0,0,35,0,0,23
761,1640,7.25455,399,100,0,0,0,0,0,0,32,0,0,23
762,1668,7.2,396,100,0,0,0,0,0,0,33,0,0,22
763,1884,7.13793,414,100,0,0,0,0,0,0,36,0,0,22
764,1280,6.98077,363,100,0,0,0,0,0,0,35,0,0,17
765,1400,7.39286,414,100,0,0,0,0,0,0,30,0,0,26
766,1584,7.37288,435,100,0,0,0,0,0,0,32,0,0,27
767,1428,7.36842,420,100,0,0,0,0,0,0,31,0,0,26
768,1316,7.33929,411,100,0,0,0,0,0,0,31,0,0,25
769,1296,7.36364,405,100,0,0,0,0,0,0,30,0,0,25
770,1264,7.11111,384,100,0,0,0,0,0,0,34,0,0,20
771,1404,7.08621,411,100,0,0,0,0,0,0,37,0,0,21
772,1572,7.32787,447,100,0,0,0,0,0,0,34,0,0,27
773,1432,7.1,426,100,0,0,0,0,0,0,38,0,0,22
774,1476,6.96429,390,100,0,0,0,0,0,0,38,0,0,18
775,1392,6.96774,432,100,0,0,0,0,0,0,42,0,0,20
776,1260,7.0678,417,100,0,0,0,0,0,0,38,0,0,21
777,1240,7.125,399,100,0,0,0,0,0,0,35,0,0,21
778,1160,6.9661,411,100,0,0,0,0,0,0,40,0,0,19
779,1236,6.84375,438,100,0,0,0,0,0,0,46,0,0,18
780,1308,6.85714,432,100,0,0,0,0,0,0,45,0,0,18
781,1476,6.95455,459,100,0,0,0,0,0,0,45,0,0,21
782,1296,7.06452,438,100,0,0,0,0,0,0,40,0,0,22
783,1328,7.1,426,100,0,0,0,0,0,0,38,0,0,22
784,1384,6.91935,429,100,0,0,0,0,0,0,43,0,0,19
785,1248,6.77419,420,100,0,0,0,0,0,0,46,0,0,16
786,1292,6.9,414,100,0,0,0,0,0,0,42,0,0,18
787,1316,7.08197,432,100,0,0,0,0,0,0,39,0,0,22
788,1096,6.91071,387,100,0,0,0,0,0,0,39,0,0,17
789,1352,6.87692,447,100,0,0,0,0,0,0,46,0,0,19
790,1248,7.1,426,100,0,0,0,0,0,0,38,0,0,22
791,1356,7.07812,453,100,0,0,0,0,0,0,41,0,0,23
792,1284,6.96923,453,100,0,0,0,0,0,0,44,0,0,21
793,1508,6.95455,459,100,0,0,0,0,0,0,45,0,0,21
794,1308,6.9661,411,100,0,0,0,0,0,0,40,0,0,19
795,1456,6.93443,423,100,0,0,0,0,0,0,42,0,0,19
796,1472,7.11864,420,100,0,0,0,0,0,0,37,0,0,22
797,1272,7,420,100,0,0,0,0,0,0,40,0,0,20
798,1156,7.07937,446,100,0,0,0,0,0,0,40,0,1,22
799,1520,7.04839,437,100,0,0,0,0,0,0,40,0,1,21
800,1520,7.03279,429,100,0,0,0,0,0,0,40,0,0,21
801,1252,6.63158,378,100,0,0,0,0,0,0,45,0,0,12
802,1284,6.82759,396,100,0,0,0,0,0,0,42,0,0,16
803,1312,6.8,408,100,0,0,0,0,0,0,44,0,0,16
804,1288,6.92727,381,100,0,0,0,0,0,0,38,0,0,17
805,1300,6.80357,381,100,0,0,0,0,0,0,41,0,0,15
806,1196,6.87931,399,100,0,0,0,0,0,0,41,0,0,17
807,1276,6.71186,396,100,0,0,0,0,0,0,45,0,0,14
808,1396,6.72222,363,100,0,0,0,0,0,0,41,0,0,13
809,1552,7,420,100,0,0,0,0,0,0,40,0,0,20
810,1564,7.0678,417,100,0,0,0,0,0,0,38,0,0,21
811,1612,7,420,100,0,0,0,0,0,0,40,0,0,20
812,1716,6.79688,435,100,0,0,0,0,0,0,47,0,0,17
813,1540,7.11864,420,100,0,0,0,0,0,0,37,0,0,22
814,1708,7.01613,435,100,0,0,0,0,0,0,41,0,0,21
815,1312,6.80357,381,100,0,0,0,0,0,0,41,0,0,15
816,1436,6.86441,405,100,0,0,0,0,0,0,42,0,0,17
817,1664,6.77273,447,100,0,0,0,0,0,0,49,0,0,17
818,1488,6.78689,414,100,0,0,0,0,0,0,45,0,0,16
819,1576,6.93103,402,100,0,0,0,0,0,0,40,0,0,18
820,1504,7.14545,393,100,0,0,0,0,0,0,34,0,0,21
821,1724,7.16949,423,100,0,0,0,0,0,0,36,0,0,23
822,1808,6.91071,387,100,0,0,0,0,0,0,39,0,0,17
823,1880,6.94737,396,100,0,0,0,0,0,0,39,0,0,18
824,1768,6.90566,366,100,0,0,0,0,0,0,37,0,0,16
825,1952,7.03448,408,100,0,0,0,0,0,0,38,0,0,20
826,1872,7,399,100,0,0,0,0,0,0,38,0,0,19
827,1716,6.85714,336,100,0,0,0,0,0,0,35,0,0,14
828,1740,7.07143,396,100,0,0,0,0,0,0,36,0,0,20
829,1684,7.07547,375,100,0,0,0,0,0,0,34,0,0,19
830,1832,7.125,399,100,0,0,0,0,0,0,35,0,0,21
831,1688,7.05556,381,100,0,0,0,0,0,0,35,0,0,19
832,1552,7.03636,387,100,0,0,0,0,0,0,36,0,0,19
833,1612,7,378,100,0,0,0,0,0,0,36,0,0,18
834,1932,7.22034,426,100,0,0,0,0,0,0,35,0,0,24
835,1880,7.27869,444,100,0,0,0,0,0,0,35,0,0,26
836,1536,7.2,432,100,0,0,0,0,0,0,36,0,0,24
837,1740,7.34483,426,100,0,0,0,0,0,0,32,0,0,26
838,1628,7.25455,399,100,0,0,0,0,0,0,32,0,0,23
839,1716,7.33333,396,100,0,0,0,0,0,0,30,0,0,24
840,2136,7.42373,438,100,0,0,0,0,0,0,31,0,0,28
841,1924,7.47368,426,100,0,0,0,0,0,0,29,0,0,28
842,1692,7.47458,441,100,0,0,0,0,0,0,30,0,0,29
843,1628,7.09615,369,100,0,0,0,0,0,0,33,0,0,19
844,1808,7.22951,441,100,0,0,0,0,0,0,36,0,0,25
845,1356,7.22222,390,100,0,0,0,0,0,0,32,0,0,22
846,1552,7.16949,423,100,0,0,0,0,0,0,36,0,0,23
847,1616,7.05263,402,100,0,0,0,0,0,0,37,0,0,20
848,1532,7.07143,396,100,0,0,0,0,0,0,36,0,0,20
849,1732,7.27119,429,100,0,0,0,0,0,0,34,0,0,25
850,1408,7.05263,402,100,0,0,0,0,0,0,37,0,0,20
851,1452,7.06452,438,100,0,0,0,0,0,0,40,0,0,22
852,1552,7.13793,414,100,0,0,0,0,0,0,36,0,0,22
853,1456,7.15385,372,100,0,0,0,0,0,0,32,0,0,20
854,1456,6.96429,390,100,0,0,0,0,0,0,38,0,0,18
855,1412,7.10526,405,100,0,0,0,0,0,0,36,0,0,21
856,1524,6.91525,408,100,0,0,0,0,0,0,41,0,0,18
857,1516,7.14545,393,100,0,0,0,0,0,0,34,0,0,21
858,1528,7.03448,408,100,0,0,0,0,0,0,38,0,0,20
859,1460,7.23214,405,100,0,0,0,0,0,0,33,0,0,23
860,1748,7.22034,426,100,0,0,0,0,0,0,35,0,0,24
861,1728,7.24528,384,100,0,0,0,0,0,0,31,0,0,22
862,1868,7.08621,411,100,0,0,0,0,0,0,37,0,0,21
863,2208,7.22034,426,100,0,0,0,0,0,0,35,0,0,24
864,1944,7.07547,375,100,0,0,0,0,0,0,34,0,0,19
865,1928,7.125,399,100,0,0,0,0,0,0,35,0,0,21
866,1984,7.08621,411,100,0,0,0,0,0,0,37,0,0,21
867,1620,6.90566,366,100,0,0,0,0,0,0,37,0,0,16
868,1740,6.92727,381,100,0,0,0,0,0,0,38,0,0,17
869,2128,7.15789,408,100,0,0,0,0,0,0,35,0,0,22
870,1704,7.08,354,100,0,0,0,0,0,0,32,0,0,18
871,1932,6.95,417,100,0,0,0,0,0,0,41,0,0,19
872,1856,6.91071,387,100,0,0,0,0,0,0,39,0,0,17
873,1864,7.13208,378,100,0,0,0,0,0,0,33,0,0,20
874,2112,7.2931,423,100,0,0,0,0,0,0,33,0,0,25
875,2028,7.32203,432,100,0,0,0,0,0,0,33,0,0,26
876,1760,7.35849,390,100,0,0,0,0,0,0,29,0,0,24
877,1884,7.20968,447,100,0,0,0,0,0,0,37,0,0,25
878,1980,7.52381,474,100,0,0,0,0,0,0,31,0,0,32
879,1988,7.26316,414,100,0,0,0,0,0,0,33,0,0,24
880,1844,6.91071,387,100,0,0,0,0,0,0,39,0,0,17
881,1548,6.98182,384,100,0,0,0,0,0,0,37,0,0,18
882,1380,7.01786,393,100,0,0,0,0,0,0,37,0,0,19
883,1456,7.24528,384,100,0,0,0,0,0,0,31,0,0,22
884,1568,7.16667,387,100,0,0,0,0,0,0,33,0,0,21
885,1676,7.15,429,100,0,0,0,0,0,0,37,0,0,23
886,1512,7.08621,411,100,0,0,0,0,0,0,37,0,0,21
887,1596,6.86441,405,100,0,0,0,0,0,0,42,0,0,17
888,1460,7.125,399,100,0,0,0,0,0,0,35,0,0,21
889,1312,6.90566,366,100,0,0,0,0,0,0,37,0,0,16
890,1660,7.05,423,100,0,0,0,0,0,0,39,0,0,21
891,1640,7.2931,423,100,0,0,0,0,0,0,33,0,0,25
892,1628,7.28571,408,100,0,0,0,0,0,0,32,0,0,24
893,1604,7.22222,390,100,0,0,0,0,0,0,32,0,0,22
894,1652,7.15789,408,100,0,0,0,0,0,0,35,0,0,22
895,1376,6.98276,405,100,0,0,0,0,0,0,39,0,0,19
896,1136,6.80357,381,100,0,0,0,0,0,0,41,0,0,15
897,1488,6.84375,438,100,0,0,0,0,0,0,46,0,0,18
898,1572,6.90476,435,100,0,0,0,0,0,0,44,0,0,19
899,1408,7.08197,432,100,0,0,0,0,0,0,39,0,0,22
900,1240,7.13115,435,100,0,0,0,0,0,0,38,0,0,23
901,1476,7.37288,435,100,0,0,0,0,0,0,32,0,0,27
902,1376,7.10526,405,100,0,0,0,0,0,0,36,0,0,21
903,1416,7.38889,399,100,0,0,0,0,0,0,29,0,0,25
904,1444,7.65,459,100,0,0,0,0,0,0,27,0,0,33
905,1584,7.60345,441,100,0,0,0,0,0,0,27,0,0,31
906,1600,7.72222,417,100,0,0,0,0,0,0,23,0,0,31
907,1552,7.36364,405,100,0,0,0,0,0,0,30,0,0,25
908,1588,7.30189,387,100,0,0,0,0,0,0,30,0,0,23
909,1604,7.41509,393,100,0,0,0,0,0,0,28,0,0,25
910,1468,6.84,342,100,0,0,0,0,0,0,36,0,0,14
911,1536,6.92727,381,100,0,0,0,0,0,0,38,0,0,17
912,1620,7.0678,417,100,0,0,0,0,0,0,38,0,0,21
913,1720,6.9,414,100,0,0,0,0,0,0,42,0,0,18
914,1680,7.21053,411,100,0,0,0,0,0,0,34,0,0,23
915,1848,7.125,399,100,0,0,0,0,0,0,35,0,0,21
916,1908,7.30909,402,100,0,0,0,0,0,0,31,0,0,24
917,1644,7.2,396,100,0,0,0,0,0,0,33,0,0,22
918,1960,7.16949,423,100,0,0,0,0,0,0,36,0,0,23
919,1648,7.05556,381,100,0,0,0,0,0,0,35,0,0,19
920,1620,7.07143,396,100,0,0,0,0,0,0,36,0,0,20
921,1812,7.24138,420,100,0,0,0,0,0,0,34,0,0,24
922,1796,7.23529,369,100,0,0,0,0,0,0,30,0,0,21
923,1624,6.89474,393,100,0,0,0,0,0,0,40,0,0,17
924,1416,6.94737,396,100,0,0,0,0,0,0,39,0,0,18
925,1364,6.85714,384,100,0,0,0,0,0,0,40,0,0,16
926,1456,7.01695,414,100,0,0,0,0,0,0,39,0,0,20
927,1764,7.1,426,100,0,0,0,0,0,0,38,0,0,22
928,1648,7.25455,399,100,0,0,0,0,0,0,32,0,0,23
929,1460,7.41818,408,100,0,0,0,0,0,0,29,0,0,26
930,1840,7.36364,405,100,0,0,0,0,0,0,30,0,0,25
931,1820,7.26,363,100,0,0,0,0,0,0,29,0,0,21
932,1884,7.34483,426,100,0,0,0,0,0,0,32,0,0,26
933,2132,7.1,426,100,0,0,0,0,0,0,38,0,0,22
934,1776,6.84906,363,100,0,0,0,0,0,0,38,0,0,15
935,2096,6.85714,384,100,0,0,0,0,0,0,40,0,0,16
936,2052,6.80357,381,100,0,0,0,0,0,0,41,0,0,15
937,1644,6.81356,402,100,0,0,0,0,0,0,43,0,0,16
938,1632,6.57895,375,100,0,0,0,0,0,0,46,0,0,11
939,1820,6.47368,369,100,0,0,0,0,0,0,48,0,0,9
940,1900,6.63934,405,100,0,0,0,0,0,0,48,0,0,13
941,1852,6.57895,375,100,0,0,0,0,0,0,46,0,0,11
942,2020,6.58929,369,100,0,0,0,0,0,0,45,0,0,11
943,2028,6.62264,351,100,0,0,0,0,0,0,42,0,0,11
944,2032,6.61017,390,100,0,0,0,0,0,0,47,0,0,12
945,2276,6.66102,393,100,0,0,0,0,0,0,46,0,0,13
946,2492,6.87097,426,100,0,0,0,0,0,0,44,0,0,18
947,1840,6.84906,363,100,0,0,0,0,0,0,38,0,0,15
948,2040,6.78947,387,100,0,0,0,0,0,0,42,0,0,15
949,1876,6.71186,396,100,0,0,0,0,0,0,45,0,0,14
950,1768,6.75,378,100,0,0,0,0,0,0,42,0,0,14
951,1676,7,378,100,0,0,0,0,0,0,36,0,0,18
952,1588,6.77586,393,100,0,0,0,0,0,0,43,0,0,15
953,1488,6.55556,354,100,0,0,0,0,0,0,44,0,0,10
954,1424,6.42105,366,100,0,0,0,0,0,0,49,0,0,8
955,1524,6.55,393,100,0,0,0,0,0,0,49,0,0,11
956,1520,6.57895,375,100,0,0,0,0,0,0,46,0,0,11
957,1448,6.51724,378,100,0,0,0,0,0,0,48,0,0,10
958,1420,6.33871,393,100,0,0,0,0,0,0,55,0,0,7
959,1312,6.58929,369,100,0,0,0,0,0,0,45,0,0,11
960,1212,6.51724,378,100,0,0,0,0,0,0,48,0,0,10
961,1600,6.54098,399,100,0,0,0,0,0,0,50,0,0,11
962,1348,6.36207,369,100,0,0,0,0,0,0,51,0,0,7
963,1208,6.39623,339,100,0,0,0,0,0,0,46,0,0,7
964,1440,6.31034,366,100,0,0,0,0,0,0,52,0,0,6
965,1256,6.27778,339,100,0,0,0,0,0,0,49,0,0,5
966,1448,6.33962,336,100,0,0,0,0,0,0,47,0,0,6
967,1424,6.28302,333,100,0,0,0,0,0,0,48,0,0,5
968,1656,6.10909,336,100,0,0,0,0,0,0,53,0,0,2
969,1800,6.33333,342,100,0,0,0,0,0,0,48,0,0,6
970,1956,6.5614,374,100,0,0,0,0,0,0,46,0,1,10
971,1580,6.52632,372,100,0,0,0,0,0,0,47,0,0,10
972,1552,6.27273,345,100,0,0,0,0,0,0,50,0,0,5
973,1540,6.375,357,100,0,0,0,0,0,0,49,0,0,7
974,1520,6.5,390,100,0,0,0,0,0,0,50,0,0,10
975,1692,6.55,393,100,0,0,0,0,0,0,49,0,0,11
976,1684,6.46552,375,100,0,0,0,0,0,0,49,0,0,9
977,1528,6.47368,369,100,0,0,0,0,0,0,48,0,0,9
978,1488,6.47368,369,100,0,0,0,0,0,0,48,0,0,9
979,1524,6.44262,393,100,0,0,0,0,0,0,52,0,0,9
980,1364,6.42105,366,100,0,0,0,0,0,0,49,0,0,8
981,1304,6.58929,369,100,0,0,0,0,0,0,45,0,0,11
982,1352,6.61111,357,100,0,0,0,0,0,0,43,0,0,11
983,1336,6.52727,359,100,0,0,0,0,0,0,45,0,1,9
984,1396,6.67308,347,100,0,0,0,0,0,0,40,0,1,11
985,1560,6.59016,402,100,0,0,0,0,0,0,49,0,0,12
986,1640,6.61017,390,100,0,0,0,0,0,0,47,0,0,12
987,1604,6.6,396,100,0,0,0,0,0,0,48,0,0,12
988,1580,6.33871,393,100,0,0,0,0,0,0,55,0,0,7
989,1644,6.54545,360,100,0,0,0,0,0,0,45,0,0,10
990,1532,6.38182,351,100,0,0,0,0,0,0,48,0,0,7
991,1760,6.38182,351,100,0,0,0,0,0,0,48,0,0,7
992,1544,6.44444,348,100,0,0,0,0,0,0,46,0,0,8
993,1520,6.31034,366,100,0,0,0,0,0,0,52,0,0,6
994,1408,6.50943,345,100,0,0,0,0,0,0,44,0,0,9
995,1272,6.36735,312,100,0,0,0,0,0,0,43,0,0,6
996,1448,6.41379,372,100,0,0,0,0,0,0,50,0,0,8
997,1424,6.5,351,100,0,0,0,0,0,0,45,0,0,9
998,1472,6.45283,342,100,0,0,0,0,0,0,45,0,0,8
999,1292,6.28846,327,100,0,0,0,0,0,0,47,0,0,5
