update,points,mean_tasks,total_tasks,total_orgs,task_0,task_1,task_2,task_3,task_4,task_5,task_6,task_7,task_8,task_9
0,0,nan,0,9,0,0,0,0,0,0,0,0,0,0
1,32,6,12,9,0,0,0,0,0,0,2,0,0,0
2,48,6,18,9,0,0,0,0,0,0,3,0,0,0
3,44,6,18,10,0,0,0,0,0,0,3,0,0,0
4,56,6,24,11,0,0,0,0,0,0,4,0,0,0
5,68,6,30,12,0,0,0,0,0,0,5,0,0,0
6,92,6,36,13,0,0,0,0,0,0,6,0,0,0
7,80,6,36,16,0,0,0,0,0,0,6,0,0,0
8,84,6,42,18,0,0,0,0,0,0,7,0,0,0
9,92,6,42,19,0,0,0,0,0,0,7,0,0,0
10,112,6,48,21,0,0,0,0,0,0,8,0,0,0
11,116,6,54,22,0,0,0,0,0,0,9,0,0,0
12,116,6,54,24,0,0,0,0,0,0,9,0,0,0
13,116,6,60,24,0,0,0,0,0,0,10,0,0,0
14,140,6,72,28,0,0,0,0,0,0,12,0,0,0
15,152,6,66,29,0,0,0,0,0,0,11,0,0,0
16,208,6.23077,81,31,0,0,0,0,0,0,12,0,0,1
17,208,6.1875,99,32,0,0,0,0,0,0,15,0,0,1
18,160,6,90,34,0,0,0,0,0,0,15,0,0,0
19,220,6.1875,99,36,0,0,0,0,0,0,15,0,0,1
20,228,6.17647,105,39,0,0,0,0,0,0,16,0,0,1
21,224,6,102,42,0,0,0,0,0,0,17,0,0,0
22,272,6.15789,117,44,0,0,0,0,0,0,18,0,0,1
23,268,6.13636,135,45,0,0,0,0,0,0,21,0,0,1
24,320,6,120,47,0,0,0,0,0,0,20,0,0,0
25,352,6.125,147,50,0,0,0,0,0,0,23,0,0,1
26,420,6.11538,159,55,0,0,0,0,0,0,25,0,0,1
27,356,6,168,56,0,0,0,0,0,0,28,0,0,0
28,448,6.10345,177,60,0,0,0,0,0,0,28,0,0,1
29,456,6.1875,198,61,0,0,0,0,0,0,30,0,0,2
30,500,6.17143,216,65,0,0,0,0,0,0,33,0,0,2
31,544,6.25714,219,67,0,0,0,0,0,0,32,0,0,3
32,516,6.25714,219,70,0,0,0,0,0,0,32,0,0,3
33,552,6.5,234,73,0,0,0,0,0,0,30,0,0,6
34,640,6.45,258,77,0,0,0,0,0,0,34,0,0,6
35,712,6.58537,270,79,0,0,0,0,0,0,33,0,0,8
36,744,6.46667,291,80,0,0,0,0,0,0,38,0,0,7
37,772,6.5,312,80,0,0,0,0,0,0,40,0,0,8
38,840,6.68182,294,83,0,0,0,0,0,0,34,0,0,10
39,740,6.6,297,84,0,0,0,0,0,0,36,0,0,9
40,876,6.49091,357,86,0,0,0,0,0,0,46,0,0,9
41,840,6.41176,327,88,0,0,0,0,0,0,44,0,0,7
42,840,6.375,306,90,0,0,0,0,0,0,42,0,0,6
43,992,6.625,318,92,0,0,0,0,0,0,38,0,0,10
44,1020,6.75,324,92,0,0,0,0,0,0,36,0,0,12
45,1036,6.55556,354,93,0,0,0,0,0,0,44,0,0,10
46,1124,6.57692,342,93,0,0,0,0,0,0,42,0,0,10
47,1000,6.75,324,95,0,0,0,0,0,0,36,0,0,12
48,956,6.61224,324,96,0,0,0,0,0,0,39,0,0,10
49,1064,6.53571,366,96,0,0,0,0,0,0,46,0,0,10
50,1040,6.46552,375,97,0,0,0,0,0,0,49,0,0,9
51,860,6.32143,354,97,0,0,0,0,0,0,50,0,0,6
52,1008,6.33871,393,97,0,0,0,0,0,0,55,0,0,7
53,1016,6.44262,393,97,0,0,0,0,0,0,52,0,0,9
54,980,6.27273,345,98,0,0,0,0,0,0,50,0,0,5
55,1132,6.34426,387,99,0,0,0,0,0,0,54,0,0,7
56,1212,6.5,390,100,0,0,0,0,0,0,50,0,0,10
57,1304,6.46154,420,100,0,0,0,0,0,0,55,0,0,10
58,1236,6.45763,381,100,0,0,0,0,0,0,50,0,0,9
59,1288,6.46875,414,100,0,0,0,0,0,0,54,0,0,10
60,1184,6.36923,414,100,0,0,0,0,0,0,57,0,0,8
61,1008,6.29508,384,100,0,0,0,0,0,0,55,0,0,6
62,1040,6.3871,396,100,0,0,0,0,0,0,54,0,0,8
63,920,6.23438,399,100,0,0,0,0,0,0,59,0,0,5
64,904,6.18462,402,100,0,0,0,0,0,0,61,0,0,4
65,1036,6.17391,426,100,0,0,0,0,0,0,65,0,0,4
66,1140,6.2381,393,100,0,0,0,0,0,0,58,0,0,5
67,1108,6.2381,393,100,0,0,0,0,0,0,58,0,0,5
68,1196,6.18462,402,100,0,0,0,0,0,0,61,0,0,4
69,1228,6.19048,390,100,0,0,0,0,0,0,59,0,0,4
70,1052,6.34426,387,100,0,0,0,0,0,0,54,0,0,7
71,1192,6.3871,396,100,0,0,0,0,0,0,54,0,0,8
72,1176,6.55,393,100,0,0,0,0,0,0,49,0,0,11
73,1412,6.3871,396,100,0,0,0,0,0,0,54,0,0,8
74,1244,6.32143,354,100,0,0,0,0,0,0,50,0,0,6
75,1328,6.2381,393,100,0,0,0,0,0,0,58,0,0,5
76,1536,6.21739,429,100,0,0,0,0,0,0,64,0,0,5
77,1340,6.38095,402,100,0,0,0,0,0,0,55,0,0,8
78,1160,6.43548,399,100,0,0,0,0,0,0,53,0,0,9
79,1248,6.36364,420,100,0,0,0,0,0,0,58,0,0,8
80,1160,6.38095,402,100,0,0,0,0,0,0,55,0,0,8
81,1132,6.19672,378,100,0,0,0,0,0,0,57,0,0,4
82,1192,6.23438,399,100,0,0,0,0,0,0,59,0,0,5
83,940,6.20339,366,100,0,0,0,0,0,0,55,0,0,4
84,1072,6.29508,384,100,0,0,0,0,0,0,55,0,0,6
85,968,6.15,369,100,0,0,0,0,0,0,57,0,0,3
86,876,6.2069,360,100,0,0,0,0,0,0,54,0,0,4
87,960,6.04762,381,100,0,0,0,0,0,0,62,0,0,1
88,1104,6.04615,393,100,0,0,0,0,0,0,64,0,0,1
89,1052,6.05172,351,100,0,0,0,0,0,0,57,0,0,1
90,1232,6.13333,368,100,0,0,0,0,0,0,57,0,1,2
91,1084,6.07692,395,100,0,0,0,0,0,0,63,0,1,1
92,1064,6.09091,402,100,0,0,0,0,0,0,64,0,0,2
93,1216,6.25,375,100,0,0,0,0,0,0,55,0,0,5
94,976,6.14516,381,100,0,0,0,0,0,0,59,0,0,3
95,896,6.05263,345,100,0,0,0,0,0,0,56,0,0,1
96,1000,6.10345,354,100,0,0,0,0,0,0,56,0,0,2
97,900,6.04545,399,100,0,0,0,0,0,0,65,0,0,1
98,836,6.10169,360,100,0,0,0,0,0,0,57,0,0,2
99,948,6.04412,411,100,0,0,0,0,0,0,67,0,0,1
100,1032,6.08955,408,100,0,0,0,0,0,0,65,0,0,2
101,1116,6.08955,408,100,0,0,0,0,0,0,65,0,0,2
102,1124,6.1791,414,100,0,0,0,0,0,0,63,0,0,4
103,1516,6.17143,432,100,0,0,0,0,0,0,66,0,0,4
104,1656,6.19048,390,100,0,0,0,0,0,0,59,0,0,4
105,1600,6.26316,357,100,0,0,0,0,0,0,52,0,0,5
106,1212,6.1,366,100,0,0,0,0,0,0,58,0,0,2
107,1264,6.09677,378,100,0,0,0,0,0,0,60,0,0,2
108,1148,6.10345,354,100,0,0,0,0,0,0,56,0,0,2
109,1332,6.14815,332,100,0,0,0,0,0,0,51,0,1,2
110,1084,6.1,366,100,0,0,0,0,0,0,58,0,0,2
111,1076,6.15,369,100,0,0,0,0,0,0,57,0,0,3
112,1032,6.21429,348,100,0,0,0,0,0,0,52,0,0,4
113,988,6.14516,381,100,0,0,0,0,0,0,59,0,0,3
114,1124,6.15,369,100,0,0,0,0,0,0,57,0,0,3
115,1040,6.09677,378,100,0,0,0,0,0,0,60,0,0,2
116,1136,6.10526,348,100,0,0,0,0,0,0,55,0,0,2
117,1180,6.09836,372,100,0,0,0,0,0,0,59,0,0,2
118,1364,6.04839,375,100,0,0,0,0,0,0,61,0,0,1
119,1240,6.05,363,100,0,0,0,0,0,0,59,0,0,1
120,1532,6.09524,384,100,0,0,0,0,0,0,61,0,0,2
121,1408,6.10345,354,100,0,0,0,0,0,0,56,0,0,2
122,1400,6.14754,375,100,0,0,0,0,0,0,58,0,0,3
123,1408,6.19672,378,100,0,0,0,0,0,0,57,0,0,4
124,1508,6.14286,387,100,0,0,0,0,0,0,60,0,0,3
125,1620,6.09677,378,100,0,0,0,0,0,0,60,0,0,2
126,1580,6.09836,372,100,0,0,0,0,0,0,59,0,0,2
127,1920,6.13433,411,100,0,0,0,0,0,0,64,0,0,3
128,2140,6.27692,408,100,0,0,0,0,0,0,59,0,0,6
129,2008,6.20339,366,100,0,0,0,0,0,0,55,0,0,4
130,1448,6.15789,351,100,0,0,0,0,0,0,54,0,0,3
131,1052,6.10526,348,100,0,0,0,0,0,0,55,0,0,2
132,1064,6.10169,360,100,0,0,0,0,0,0,57,0,0,2
133,1356,6.15254,363,100,0,0,0,0,0,0,56,0,0,3
134,1256,6.10169,360,100,0,0,0,0,0,0,57,0,0,2
135,1084,6,336,100,0,0,0,0,0,0,56,0,0,0
136,1156,6,348,100,0,0,0,0,0,0,58,0,0,0
137,1220,6,360,100,0,0,0,0,0,0,60,0,0,0
138,1096,6,330,100,0,0,0,0,0,0,55,0,0,0
139,1284,6.05263,345,100,0,0,0,0,0,0,56,0,0,1
140,1272,6.05085,357,100,0,0,0,0,0,0,58,0,0,1
141,1340,6.05455,333,100,0,0,0,0,0,0,54,0,0,1
142,1468,6,360,100,0,0,0,0,0,0,60,0,0,0
143,956,6.10909,336,100,0,0,0,0,0,0,53,0,0,2
144,1028,6.09836,372,100,0,0,0,0,0,0,59,0,0,2
145,1056,6.10714,342,100,0,0,0,0,0,0,54,0,0,2
146,1016,6.10345,354,100,0,0,0,0,0,0,56,0,0,2
147,960,6,330,100,0,0,0,0,0,0,55,0,0,0
148,1060,6.05455,333,100,0,0,0,0,0,0,54,0,0,1
149,1040,6.0566,321,100,0,0,0,0,0,0,52,0,0,1
150,1020,6,336,100,0,0,0,0,0,0,56,0,0,0
151,896,6,312,100,0,0,0,0,0,0,52,0,0,0
152,956,6,336,100,0,0,0,0,0,0,56,0,0,0
153,972,6,324,100,0,0,0,0,0,0,54,0,0,0
154,828,6,330,100,0,0,0,0,0,0,55,0,0,0
155,1112,6.15,369,100,0,0,0,0,0,0,57,0,0,3
156,1056,6.16667,333,100,0,0,0,0,0,0,51,0,0,3
157,948,6.10526,348,100,0,0,0,0,0,0,55,0,0,2
158,1168,6.10345,354,100,0,0,0,0,0,0,56,0,0,2
159,1112,6.15789,351,100,0,0,0,0,0,0,54,0,0,3
160,1180,6.05263,345,100,0,0,0,0,0,0,56,0,0,1
161,1272,6.23529,318,100,0,0,0,0,0,0,47,0,0,4
162,1436,6.2,372,100,0,0,0,0,0,0,56,0,0,4
163,1244,6.09677,378,100,0,0,0,0,0,0,60,0,0,2
164,1000,6.1,366,100,0,0,0,0,0,0,58,0,0,2
165,984,6.10526,348,100,0,0,0,0,0,0,55,0,0,2
166,1060,6.10714,342,100,0,0,0,0,0,0,54,0,0,2
167,980,6.05263,345,100,0,0,0,0,0,0,56,0,0,1
168,1020,6.10345,354,100,0,0,0,0,0,0,56,0,0,2
169,1136,6.15254,363,100,0,0,0,0,0,0,56,0,0,3
170,976,6.10526,348,100,0,0,0,0,0,0,55,0,0,2
171,892,6.15517,357,100,0,0,0,0,0,0,55,0,0,3
172,988,6.10345,354,100,0,0,0,0,0,0,56,0,0,2
173,1104,6.05085,357,100,0,0,0,0,0,0,58,0,0,1
174,1112,6.09677,378,100,0,0,0,0,0,0,60,0,0,2
175,1204,6.10169,360,100,0,0,0,0,0,0,57,0,0,2
176,1320,6.09677,378,100,0,0,0,0,0,0,60,0,0,2
177,1440,6.09836,372,100,0,0,0,0,0,0,59,0,0,2
178,1624,6.15254,363,100,0,0,0,0,0,0,56,0,0,3
179,1260,6.2069,360,100,0,0,0,0,0,0,54,0,0,4
180,1116,6.26786,351,100,0,0,0,0,0,0,51,0,0,5
181,1092,6.1,366,100,0,0,0,0,0,0,58,0,0,2
182,1184,6.15517,357,100,0,0,0,0,0,0,55,0,0,3
183,1284,6.2069,360,100,0,0,0,0,0,0,54,0,0,4
184,1364,6.05,363,100,0,0,0,0,0,0,59,0,0,1
185,1456,6.05263,345,100,0,0,0,0,0,0,56,0,0,1
186,1664,6.14286,387,100,0,0,0,0,0,0,60,0,0,3
187,1296,6.15789,351,100,0,0,0,0,0,0,54,0,0,3
188,1132,6.2069,360,100,0,0,0,0,0,0,54,0,0,4
189,1256,6.04918,369,100,0,0,0,0,0,0,60,0,0,1
190,1308,6.05,363,100,0,0,0,0,0,0,59,0,0,1
191,1136,6.1,366,100,0,0,0,0,0,0,58,0,0,2
192,1244,6.15789,351,100,0,0,0,0,0,0,54,0,0,3
193,1172,6.32727,348,100,0,0,0,0,0,0,49,0,0,6
194,1104,6.3871,396,100,0,0,0,0,0,0,54,0,0,8
195,1112,6.25926,338,100,0,0,0,0,0,0,49,0,1,4
196,1416,6.34426,387,100,0,0,0,0,0,0,54,0,0,7
197,1348,6.34426,387,100,0,0,0,0,0,0,54,0,0,7
198,1236,6.32727,348,100,0,0,0,0,0,0,49,0,0,6
199,1176,6.26316,357,100,0,0,0,0,0,0,52,0,0,5
200,1140,6.25,375,100,0,0,0,0,0,0,55,0,0,5
201,996,6.10714,342,100,0,0,0,0,0,0,54,0,0,2
202,1276,6.1,366,100,0,0,0,0,0,0,58,0,0,2
203,1172,6.16071,345,100,0,0,0,0,0,0,53,0,0,3
204,1264,6.32727,348,100,0,0,0,0,0,0,49,0,0,6
205,1228,6.30508,372,100,0,0,0,0,0,0,53,0,0,6
206,1272,6.36207,369,100,0,0,0,0,0,0,51,0,0,7
207,1448,6.55,393,100,0,0,0,0,0,0,49,0,0,11
208,1236,6.76364,372,100,0,0,0,0,0,0,41,0,0,14
209,1432,6.55,393,100,0,0,0,0,0,0,49,0,0,11
210,1200,6.6,363,100,0,0,0,0,0,0,44,0,0,11
211,1424,6.48214,363,100,0,0,0,0,0,0,47,0,0,9
212,1308,6.47368,369,100,0,0,0,0,0,0,48,0,0,9
213,1432,6.45,387,100,0,0,0,0,0,0,51,0,0,9
214,1320,6.42105,366,100,0,0,0,0,0,0,49,0,0,8
215,1428,6.56897,381,100,0,0,0,0,0,0,47,0,0,11
216,1324,6.57895,375,100,0,0,0,0,0,0,46,0,0,11
217,1304,6.45763,381,100,0,0,0,0,0,0,50,0,0,9
218,1324,6.45763,381,100,0,0,0,0,0,0,50,0,0,9
219,1484,6.42857,360,100,0,0,0,0,0,0,48,0,0,8
220,1436,6.4918,396,100,0,0,0,0,0,0,51,0,0,10
221,1272,6.35593,375,100,0,0,0,0,0,0,52,0,0,7
222,1364,6.46552,375,100,0,0,0,0,0,0,49,0,0,9
223,1592,6.56897,381,100,0,0,0,0,0,0,47,0,0,11
224,1656,6.53226,405,100,0,0,0,0,0,0,51,0,0,11
225,1592,6.63158,378,100,0,0,0,0,0,0,45,0,0,12
226,1624,6.50847,384,100,0,0,0,0,0,0,49,0,0,10
227,1720,6.45763,381,100,0,0,0,0,0,0,50,0,0,9
228,1680,6.45,387,100,0,0,0,0,0,0,51,0,0,9
229,1780,6.52381,411,100,0,0,0,0,0,0,52,0,0,11
230,1472,6.51562,417,100,0,0,0,0,0,0,53,0,0,11
231,1648,6.36364,420,100,0,0,0,0,0,0,58,0,0,8
232,1704,6.2459,381,100,0,0,0,0,0,0,56,0,0,5
233,1536,6.32143,354,100,0,0,0,0,0,0,50,0,0,6
234,1888,6.3871,396,100,0,0,0,0,0,0,54,0,0,8
235,1844,6.3,378,100,0,0,0,0,0,0,54,0,0,6
236,1448,6.21818,342,100,0,0,0,0,0,0,51,0,0,4
237,1088,6.05556,327,100,0,0,0,0,0,0,53,0,0,1
238,1416,6.04918,369,100,0,0,0,0,0,0,60,0,0,1
239,1480,6.05,363,100,0,0,0,0,0,0,59,0,0,1
240,1508,6.10714,342,100,0,0,0,0,0,0,54,0,0,2
241,1528,6.05263,345,100,0,0,0,0,0,0,56,0,0,1
242,1444,6.16667,333,100,0,0,0,0,0,0,51,0,0,3
243,1328,6.10714,342,100,0,0,0,0,0,0,54,0,0,2
244,1468,6.19355,384,100,0,0,0,0,0,0,58,0,0,4
245,1224,6.25862,363,100,0,0,0,0,0,0,53,0,0,5
246,1040,6.29412,321,100,0,0,0,0,0,0,46,0,0,5
247,1284,6,354,100,0,0,0,0,0,0,59,0,0,0
248,1244,6.09375,390,100,0,0,0,0,0,0,62,0,0,2
249,1016,6.09524,384,100,0,0,0,0,0,0,61,0,0,2
250,936,6.09836,372,100,0,0,0,0,0,0,59,0,0,2
251,976,6.19355,384,100,0,0,0,0,0,0,58,0,0,4
252,1132,6.29508,384,100,0,0,0,0,0,0,55,0,0,6
253,1224,6.14516,381,100,0,0,0,0,0,0,59,0,0,3
254,1168,6.10526,348,100,0,0,0,0,0,0,55,0,0,2
255,1368,6.14754,375,100,0,0,0,0,0,0,58,0,0,3
256,1260,6.2069,360,100,0,0,0,0,0,0,54,0,0,4
257,1456,6.2,372,100,0,0,0,0,0,0,56,0,0,4
258,1424,6.2459,381,100,0,0,0,0,0,0,56,0,0,5
259,1304,6.14516,381,100,0,0,0,0,0,0,59,0,0,3
260,1328,6.32727,348,100,0,0,0,0,0,0,49,0,0,6
261,1372,6.42105,366,100,0,0,0,0,0,0,49,0,0,8
262,1520,6.52632,372,100,0,0,0,0,0,0,47,0,0,10
263,1604,6.77419,420,100,0,0,0,0,0,0,46,0,0,16
264,1328,6.39623,339,100,0,0,0,0,0,0,46,0,0,7
265,1332,6.56604,348,100,0,0,0,0,0,0,43,0,0,10
266,1572,6.54717,347,100,0,0,0,0,0,0,43,0,1,9
267,1420,6.57895,375,100,0,0,0,0,0,0,46,0,0,11
268,1412,6.15517,357,100,0,0,0,0,0,0,55,0,0,3
269,1232,6.25862,363,100,0,0,0,0,0,0,53,0,0,5
270,1192,6.31579,360,100,0,0,0,0,0,0,51,0,0,6
271,1404,6.35,381,100,0,0,0,0,0,0,53,0,0,7
272,1536,6.31579,360,100,0,0,0,0,0,0,51,0,0,6
273,1584,6.31034,366,100,0,0,0,0,0,0,52,0,0,6
274,1680,6.56897,381,100,0,0,0,0,0,0,47,0,0,11
275,1692,6.8,408,100,0,0,0,0,0,0,44,0,0,16
276,1500,6.61111,357,100,0,0,0,0,0,0,43,0,0,11
277,1772,6.67241,387,100,0,0,0,0,0,0,45,0,0,13
278,1632,6.57895,375,100,0,0,0,0,0,0,46,0,0,11
279,1628,6.63158,378,100,0,0,0,0,0,0,45,0,0,12
280,1652,6.70909,369,100,0,0,0,0,0,0,42,0,0,13
281,2096,6.83607,417,100,0,0,0,0,0,0,44,0,0,17
282,2024,6.63158,378,100,0,0,0,0,0,0,45,0,0,12
283,1908,6.7,402,100,0,0,0,0,0,0,46,0,0,14
284,2080,6.7377,411,100,0,0,0,0,0,0,46,0,0,15
285,1868,6.72581,417,100,0,0,0,0,0,0,47,0,0,15
286,1984,6.76119,453,100,0,0,0,0,0,0,50,0,0,17
287,1708,6.67742,414,100,0,0,0,0,0,0,48,0,0,14
288,1904,6.64407,392,100,0,0,0,0,0,0,46,0,1,12
289,1764,6.77419,420,100,0,0,0,0,0,0,46,0,0,16
290,2108,6.81356,402,100,0,0,0,0,0,0,43,0,0,16
291,1696,6.78947,387,100,0,0,0,0,0,0,42,0,0,15
292,1596,6.6,363,100,0,0,0,0,0,0,44,0,0,11
293,1640,6.52632,372,100,0,0,0,0,0,0,47,0,0,10
294,1684,6.47368,369,100,0,0,0,0,0,0,48,0,0,9
295,1320,6.26316,357,100,0,0,0,0,0,0,52,0,0,5
296,1412,6.28571,396,100,0,0,0,0,0,0,57,0,0,6
297,1904,6.375,408,100,0,0,0,0,0,0,56,0,0,8
298,1852,6.28571,396,100,0,0,0,0,0,0,57,0,0,6
299,1360,6.1,366,100,0,0,0,0,0,0,58,0,0,2
300,2000,6.25,375,100,0,0,0,0,0,0,55,0,0,5
301,1428,6.16071,345,100,0,0,0,0,0,0,53,0,0,3
302,1724,6.4,384,100,0,0,0,0,0,0,52,0,0,8
303,1632,6.42105,366,100,0,0,0,0,0,0,49,0,0,8
304,1088,6.32143,354,100,0,0,0,0,0,0,50,0,0,6
305,1560,6.25862,363,100,0,0,0,0,0,0,53,0,0,5
306,1848,6.42857,360,100,0,0,0,0,0,0,48,0,0,8
307,1608,6.47059,330,100,0,0,0,0,0,0,43,0,0,8
308,1600,6.41379,372,100,0,0,0,0,0,0,50,0,0,8
309,1716,6.5,390,100,0,0,0,0,0,0,50,0,0,10
310,2156,6.29032,390,100,0,0,0,0,0,0,56,0,0,6
311,1880,6.27273,345,100,0,0,0,0,0,0,50,0,0,5
312,1748,6.19672,378,100,0,0,0,0,0,0,57,0,0,4
313,1432,6.31034,366,100,0,0,0,0,0,0,52,0,0,6
314,1564,6.22222,336,100,0,0,0,0,0,0,50,0,0,4
315,1656,6.21818,342,100,0,0,0,0,0,0,51,0,0,4
316,1976,6.25424,369,100,0,0,0,0,0,0,54,0,0,5
317,1884,6.17647,315,100,0,0,0,0,0,0,48,0,0,3
318,1744,6.15517,357,100,0,0,0,0,0,0,55,0,0,3
319,1544,6.21818,342,100,0,0,0,0,0,0,51,0,0,4
320,1700,6.15789,351,100,0,0,0,0,0,0,54,0,0,3
321,1836,6.15,369,100,0,0,0,0,0,0,57,0,0,3
322,1812,6.42105,366,100,0,0,0,0,0,0,49,0,0,8
323,1884,6.27273,345,100,0,0,0,0,0,0,50,0,0,5
324,1640,6.20339,366,100,0,0,0,0,0,0,55,0,0,4
325,1360,6.16071,345,100,0,0,0,0,0,0,53,0,0,3
326,1696,6.23333,374,100,0,0,0,0,0,0,55,0,1,4
327,1572,6.03571,338,100,0,0,0,0,0,0,55,0,1,0
328,1616,6.08929,341,100,0,0,0,0,0,0,54,0,1,1
329,1956,6.18333,371,100,0,0,0,0,0,0,56,0,1,3
330,1576,6.15094,326,100,0,0,0,0,0,0,50,0,1,2
331,1592,6.14815,332,100,0,0,0,0,0,0,51,0,1,2
332,1388,6,324,100,0,0,0,0,0,0,54,0,0,0
333,1328,6,324,100,0,0,0,0,0,0,54,0,0,0
334,1248,6.05769,315,100,0,0,0,0,0,0,51,0,0,1
335,1320,6.05,363,100,0,0,0,0,0,0,59,0,0,1
336,1496,6.21053,354,100,0,0,0,0,0,0,53,0,0,4
337,1332,6.15789,351,100,0,0,0,0,0,0,54,0,0,3
338,1072,6.05085,357,100,0,0,0,0,0,0,58,0,0,1
339,1424,6.04412,411,100,0,0,0,0,0,0,67,0,0,1
340,1212,6.05085,357,100,0,0,0,0,0,0,58,0,0,1
341,1216,6.09677,378,100,0,0,0,0,0,0,60,0,0,2
342,1300,6.14754,375,100,0,0,0,0,0,0,58,0,0,3
343,1296,6.2069,360,100,0,0,0,0,0,0,54,0,0,4
344,1360,6.375,357,100,0,0,0,0,0,0,49,0,0,7
345,1448,6.25424,369,100,0,0,0,0,0,0,54,0,0,5
346,1412,6.29032,390,100,0,0,0,0,0,0,56,0,0,6
347,1704,6.5,429,100,0,0,0,0,0,0,55,0,0,11
348,1712,6.33871,393,100,0,0,0,0,0,0,55,0,0,7
349,1468,6.21053,354,100,0,0,0,0,0,0,53,0,0,4
350,1596,6.25862,363,100,0,0,0,0,0,0,53,0,0,5
351,1476,6.36842,363,100,0,0,0,0,0,0,50,0,0,7
352,1708,6.43636,354,100,0,0,0,0,0,0,47,0,0,8
353,1684,6.30508,372,100,0,0,0,0,0,0,53,0,0,6
354,1516,6.5,390,100,0,0,0,0,0,0,50,0,0,10
355,1736,6.7,402,100,0,0,0,0,0,0,46,0,0,14
356,1608,6.50847,384,100,0,0,0,0,0,0,49,0,0,10
357,1500,6.47368,369,100,0,0,0,0,0,0,48,0,0,9
358,1632,6.44444,348,100,0,0,0,0,0,0,46,0,0,8
359,1836,6.66667,420,100,0,0,0,0,0,0,49,0,0,14
360,1780,6.58929,369,100,0,0,0,0,0,0,45,0,0,11
361,1512,6.66667,360,100,0,0,0,0,0,0,42,0,0,12
362,1604,6.8,408,100,0,0,0,0,0,0,44,0,0,16
363,1756,6.7,402,100,0,0,0,0,0,0,46,0,0,14
364,1840,6.65,399,100,0,0,0,0,0,0,47,0,0,13
365,1956,6.61017,390,100,0,0,0,0,0,0,47,0,0,12
366,1780,6.4918,396,100,0,0,0,0,0,0,51,0,0,10
367,1732,6.73684,384,100,0,0,0,0,0,0,43,0,0,14
368,1468,6.54098,399,100,0,0,0,0,0,0,50,0,0,11
369,1584,6.53226,405,100,0,0,0,0,0,0,51,0,0,11
370,2000,6.62903,411,100,0,0,0,0,0,0,49,0,0,13
371,1928,6.73684,384,100,0,0,0,0,0,0,43,0,0,14
372,2332,6.91071,387,100,0,0,0,0,0,0,39,0,0,17
373,1812,7.03448,408,100,0,0,0,0,0,0,38,0,0,20
374,1364,7.09091,390,100,0,0,0,0,0,0,35,0,0,20
375,1224,6.72222,363,100,0,0,0,0,0,0,41,0,0,13
376,1368,6.66667,420,100,0,0,0,0,0,0,49,0,0,14
377,1256,6.41379,372,100,0,0,0,0,0,0,50,0,0,8
378,1412,6.55,393,100,0,0,0,0,0,0,49,0,0,11
379,1340,6.61017,390,100,0,0,0,0,0,0,47,0,0,12
380,1604,6.93443,423,100,0,0,0,0,0,0,42,0,0,19
381,1816,6.98438,447,100,0,0,0,0,0,0,43,0,0,21
382,1452,6.88889,372,100,0,0,0,0,0,0,38,0,0,16
383,1364,6.86441,405,100,0,0,0,0,0,0,42,0,0,17
384,1372,6.85714,432,100,0,0,0,0,0,0,45,0,0,18
385,1324,6.85714,384,100,0,0,0,0,0,0,40,0,0,16
386,1188,6.7,402,100,0,0,0,0,0,0,46,0,0,14
387,1504,6.7619,426,100,0,0,0,0,0,0,47,0,0,16
388,1480,6.52381,411,100,0,0,0,0,0,0,52,0,0,11
389,1744,6.7619,426,100,0,0,0,0,0,0,47,0,0,16
390,1648,6.66667,420,100,0,0,0,0,0,0,49,0,0,14
391,1396,6.48214,363,100,0,0,0,0,0,0,47,0,0,9
392,1676,6.53226,405,100,0,0,0,0,0,0,51,0,0,11
393,1444,6.32727,348,100,0,0,0,0,0,0,49,0,0,6
394,1452,6.46552,375,100,0,0,0,0,0,0,49,0,0,9
395,1424,6.36842,363,100,0,0,0,0,0,0,50,0,0,7
396,1728,6.34426,387,100,0,0,0,0,0,0,54,0,0,7
397,1716,6.5,390,100,0,0,0,0,0,0,50,0,0,10
398,1656,6.32727,348,100,0,0,0,0,0,0,49,0,0,6
399,1528,6.47368,369,100,0,0,0,0,0,0,48,0,0,9
400,1512,6.52632,372,100,0,0,0,0,0,0,47,0,0,10
401,1564,6.47368,369,100,0,0,0,0,0,0,48,0,0,9
402,1544,6.36842,363,100,0,0,0,0,0,0,50,0,0,7
403,1480,6.54098,399,100,0,0,0,0,0,0,50,0,0,11
404,1748,6.56897,381,100,0,0,0,0,0,0,47,0,0,11
405,1504,6.43548,399,100,0,0,0,0,0,0,53,0,0,9
406,1732,6.7377,411,100,0,0,0,0,0,0,46,0,0,15
407,1676,6.52632,372,100,0,0,0,0,0,0,47,0,0,10
408,1716,6.55932,387,100,0,0,0,0,0,0,48,0,0,11
409,1708,6.6,363,100,0,0,0,0,0,0,44,0,0,11
410,1756,6.86207,398,100,0,0,0,0,0,0,41,0,1,16
411,1788,6.80357,381,100,0,0,0,0,0,0,41,0,0,15
412,1636,6.47368,369,100,0,0,0,0,0,0,48,0,0,9
413,1768,6.70909,369,100,0,0,0,0,0,0,42,0,0,13
414,1832,6.92727,381,100,0,0,0,0,0,0,38,0,0,17
415,1812,6.72222,363,100,0,0,0,0,0,0,41,0,0,13
416,2068,6.7,402,100,0,0,0,0,0,0,46,0,0,14
417,1828,7.07143,396,100,0,0,0,0,0,0,36,0,0,20
418,1956,7,420,100,0,0,0,0,0,0,40,0,0,20
419,2140,7.23214,405,100,0,0,0,0,0,0,33,0,0,23
420,2284,6.96429,390,100,0,0,0,0,0,0,38,0,0,18
421,2324,7.30909,402,100,0,0,0,0,0,0,31,0,0,24
422,2476,7.21053,411,100,0,0,0,0,0,0,34,0,0,23
423,1940,7.22449,354,100,0,0,0,0,0,0,29,0,0,20
424,2272,7.27119,429,100,0,0,0,0,0,0,34,0,0,25
425,1924,7.35849,390,100,0,0,0,0,0,0,29,0,0,24
426,2316,7.42373,438,100,0,0,0,0,0,0,31,0,0,28
427,1988,7.01786,393,100,0,0,0,0,0,0,37,0,0,19
428,2016,7.11864,420,100,0,0,0,0,0,0,37,0,0,22
429,1776,7.125,342,100,0,0,0,0,0,0,30,0,0,18
430,1980,7.30909,402,100,0,0,0,0,0,0,31,0,0,24
431,1852,7.22222,390,100,0,0,0,0,0,0,32,0,0,22
432,1948,7.27778,393,100,0,0,0,0,0,0,31,0,0,23
433,1988,7.45,447,100,0,0,0,0,0,0,31,0,0,29
434,1884,7.33333,396,100,0,0,0,0,0,0,30,0,0,24
435,1884,7.28571,357,100,0,0,0,0,0,0,28,0,0,21
436,2160,7.16667,387,100,0,0,0,0,0,0,33,0,0,21
437,2160,7.11765,363,100,0,0,0,0,0,0,32,0,0,19
438,2136,7.18033,438,100,0,0,0,0,0,0,37,0,0,24
439,1984,7.0678,417,100,0,0,0,0,0,0,38,0,0,21
440,2164,6.93443,423,100,0,0,0,0,0,0,42,0,0,19
441,2084,6.91935,429,100,0,0,0,0,0,0,43,0,0,19
442,1992,6.63158,378,100,0,0,0,0,0,0,45,0,0,12
443,2428,6.47619,408,100,0,0,0,0,0,0,53,0,0,10
444,2232,6.53571,366,100,0,0,0,0,0,0,46,0,0,10
445,2488,6.49231,422,100,0,0,0,0,0,0,54,0,1,10
446,2040,6.3871,396,100,0,0,0,0,0,0,54,0,0,8
447,1564,6.51724,378,100,0,0,0,0,0,0,48,0,0,10
448,1620,6.32143,354,100,0,0,0,0,0,0,50,0,0,6
449,1764,6.47368,369,100,0,0,0,0,0,0,48,0,0,9
450,1824,6.57895,375,100,0,0,0,0,0,0,46,0,0,11
451,1616,6.51923,339,100,0,0,0,0,0,0,43,0,0,9
452,1744,6.8,408,100,0,0,0,0,0,0,44,0,0,16
453,1396,6.85714,384,100,0,0,0,0,0,0,40,0,0,16
454,1864,6.8,408,100,0,0,0,0,0,0,44,0,0,16
455,1772,6.83607,417,100,0,0,0,0,0,0,44,0,0,17
456,1928,6.79688,435,100,0,0,0,0,0,0,47,0,0,17
457,1792,6.98276,405,100,0,0,0,0,0,0,39,0,0,19
458,1860,6.94737,396,100,0,0,0,0,0,0,39,0,0,18
459,1668,6.96226,369,100,0,0,0,0,0,0,36,0,0,17
460,1688,6.75,378,100,0,0,0,0,0,0,42,0,0,14
461,1784,6.85714,384,100,0,0,0,0,0,0,40,0,0,16
462,1676,6.80357,381,100,0,0,0,0,0,0,41,0,0,15
463,1540,6.80357,381,100,0,0,0,0,0,0,41,0,0,15
464,1796,6.87273,378,100,0,0,0,0,0,0,39,0,0,16
465,1832,6.75,378,100,0,0,0,0,0,0,42,0,0,14
466,1704,6.84211,390,100,0,0,0,0,0,0,41,0,0,16
467,1836,6.7377,411,100,0,0,0,0,0,0,46,0,0,15
468,1712,6.93103,402,100,0,0,0,0,0,0,40,0,0,18
469,1832,7.03448,408,100,0,0,0,0,0,0,38,0,0,20
470,1824,7.22034,426,100,0,0,0,0,0,0,35,0,0,24
471,1800,6.88525,420,100,0,0,0,0,0,0,43,0,0,18
472,1700,6.75,405,100,0,0,0,0,0,0,45,0,0,15
473,1804,6.62903,411,100,0,0,0,0,0,0,49,0,0,13
474,1644,6.78947,387,100,0,0,0,0,0,0,42,0,0,15
475,1700,6.4,384,100,0,0,0,0,0,0,52,0,0,8
476,1748,6.55,393,100,0,0,0,0,0,0,49,0,0,11
477,1948,6.85714,384,100,0,0,0,0,0,0,40,0,0,16
478,1908,6.48214,363,100,0,0,0,0,0,0,47,0,0,9
479,2120,6.62069,384,100,0,0,0,0,0,0,46,0,0,12
480,2136,6.45763,381,100,0,0,0,0,0,0,50,0,0,9
481,2188,6.35593,375,100,0,0,0,0,0,0,52,0,0,7
482,2284,6.55,393,100,0,0,0,0,0,0,49,0,0,11
483,1812,6.50943,345,100,0,0,0,0,0,0,44,0,0,9
484,1924,6.80357,381,100,0,0,0,0,0,0,41,0,0,15
485,1812,6.63158,378,100,0,0,0,0,0,0,45,0,0,12
486,2296,6.92727,381,100,0,0,0,0,0,0,38,0,0,17
487,2512,6.94444,375,100,0,0,0,0,0,0,37,0,0,17
488,2396,6.94444,375,100,0,0,0,0,0,0,37,0,0,17
489,2360,6.82759,396,100,0,0,0,0,0,0,42,0,0,16
490,2532,6.93443,423,100,0,0,0,0,0,0,42,0,0,19
491,2388,6.73684,384,100,0,0,0,0,0,0,43,0,0,14
492,2468,6.41379,372,100,0,0,0,0,0,0,50,0,0,8
493,2380,6.6,396,100,0,0,0,0,0,0,48,0,0,12
494,2352,6.66102,393,100,0,0,0,0,0,0,46,0,0,13
495,2324,6.63462,345,100,0,0,0,0,0,0,41,0,0,11
496,1948,6.77778,366,100,0,0,0,0,0,0,40,0,0,14
497,2052,6.66667,360,100,0,0,0,0,0,0,42,0,0,12
498,2316,6.76364,372,100,0,0,0,0,0,0,41,0,0,14
499,2392,6.7,402,100,0,0,0,0,0,0,46,0,0,14
500,2732,6.54545,360,100,0,0,0,0,0,0,45,0,0,10
501,2648,6.71186,396,100,0,0,0,0,0,0,45,0,0,14
502,2732,6.94118,354,100,0,0,0,0,0,0,35,0,0,16
503,2964,6.52941,333,100,0,0,0,0,0,0,42,0,0,9
504,2748,6.75,378,100,0,0,0,0,0,0,42,0,0,14
505,2616,6.83333,369,100,0,0,0,0,0,0,39,0,0,15
506,2204,6.73684,384,100,0,0,0,0,0,0,43,0,0,14
507,2728,6.65455,366,100,0,0,0,0,0,0,43,0,0,12
508,2288,6.48214,363,100,0,0,0,0,0,0,47,0,0,9
509,2228,6.66667,360,100,0,0,0,0,0,0,42,0,0,12
510,2448,6.66102,393,100,0,0,0,0,0,0,46,0,0,13
511,2256,6.81356,402,100,0,0,0,0,0,0,43,0,0,16
512,2292,6.91525,408,100,0,0,0,0,0,0,41,0,0,18
513,2072,6.80357,381,100,0,0,0,0,0,0,41,0,0,15
514,2048,6.75,378,100,0,0,0,0,0,0,42,0,0,14
515,2008,6.87273,378,100,0,0,0,0,0,0,39,0,0,16
516,2088,6.77586,393,100,0,0,0,0,0,0,43,0,0,15
517,2072,6.81818,375,100,0,0,0,0,0,0,40,0,0,15
518,2256,6.69643,375,100,0,0,0,0,0,0,43,0,0,13
519,2372,6.95,417,100,0,0,0,0,0,0,41,0,0,19
520,2020,6.81818,375,100,0,0,0,0,0,0,40,0,0,15
521,1588,7.16071,401,100,0,0,0,0,0,0,34,0,1,21
522,1816,7.07273,389,100,0,0,0,0,0,0,35,0,1,19
523,1716,6.69841,422,100,0,0,0,0,0,0,48,0,1,14
524,1660,6.75,351,100,0,0,0,0,0,0,39,0,0,13
525,1908,6.76271,399,100,0,0,0,0,0,0,44,0,0,15
526,1728,6.62069,384,100,0,0,0,0,0,0,46,0,0,12
527,1664,6.61017,390,100,0,0,0,0,0,0,47,0,0,12
528,1400,6.75,378,100,0,0,0,0,0,0,42,0,0,14
529,1688,6.61905,417,100,0,0,0,0,0,0,50,0,0,13
530,1720,6.76271,399,100,0,0,0,0,0,0,44,0,0,15
531,1728,6.8,408,100,0,0,0,0,0,0,44,0,0,16
532,1724,6.82258,423,100,0,0,0,0,0,0,45,0,0,17
533,1736,6.72581,417,100,0,0,0,0,0,0,47,0,0,15
534,1756,6.59016,402,100,0,0,0,0,0,0,49,0,0,12
535,1548,6.44444,348,100,0,0,0,0,0,0,46,0,0,8
536,1428,6.72222,363,100,0,0,0,0,0,0,41,0,0,13
537,1488,6.46552,375,100,0,0,0,0,0,0,49,0,0,9
538,1608,6.56897,381,100,0,0,0,0,0,0,47,0,0,11
539,1552,6.61017,390,100,0,0,0,0,0,0,47,0,0,12
540,1596,6.61017,390,100,0,0,0,0,0,0,47,0,0,12
541,1968,6.65,399,100,0,0,0,0,0,0,47,0,0,13
542,2092,6.55385,426,100,0,0,0,0,0,0,53,0,0,12
543,1832,6.32727,348,100,0,0,0,0,0,0,49,0,0,6
544,2176,6.36207,369,100,0,0,0,0,0,0,51,0,0,7
545,2072,6.38333,383,100,0,0,0,0,0,0,52,0,1,7
546,1656,6.34483,368,100,0,0,0,0,0,0,51,0,1,6
547,1424,6.25,350,100,0,0,0,0,0,0,51,0,1,4
548,1672,6.45763,381,100,0,0,0,0,0,0,50,0,0,9
549,1828,6.63158,378,100,0,0,0,0,0,0,45,0,0,12
550,2092,6.54545,360,100,0,0,0,0,0,0,45,0,0,10
551,1716,6.33898,374,100,0,0,0,0,0,0,52,0,1,6
552,1964,6.30508,372,100,0,0,0,0,0,0,53,0,0,6
553,1952,6.21429,348,100,0,0,0,0,0,0,52,0,0,4
554,2144,6.10345,354,100,0,0,0,0,0,0,56,0,0,2
555,2324,6.05,363,100,0,0,0,0,0,0,59,0,0,1
556,2044,6.1875,396,100,0,0,0,0,0,0,60,0,0,4
557,2372,6.16071,345,100,0,0,0,0,0,0,53,0,0,3
558,2032,6.31034,366,100,0,0,0,0,0,0,52,0,0,6
559,2132,6.375,408,100,0,0,0,0,0,0,56,0,0,8
560,2012,6.30508,372,100,0,0,0,0,0,0,53,0,0,6
561,2200,6.33871,393,100,0,0,0,0,0,0,55,0,0,7
562,2416,6.2069,360,100,0,0,0,0,0,0,54,0,0,4
563,2400,6.16071,345,100,0,0,0,0,0,0,53,0,0,3
564,2644,6.43636,354,100,0,0,0,0,0,0,47,0,0,8
565,2828,6.43636,354,100,0,0,0,0,0,0,47,0,0,8
566,3276,6.34426,387,100,0,0,0,0,0,0,54,0,0,7
567,3140,6.35,381,100,0,0,0,0,0,0,53,0,0,7
568,3016,6.48214,363,100,0,0,0,0,0,0,47,0,0,9
569,2196,6.53226,405,100,0,0,0,0,0,0,51,0,0,11
570,1364,6.50943,345,100,0,0,0,0,0,0,44,0,0,9
571,1572,6.51724,378,100,0,0,0,0,0,0,48,0,0,10
572,1476,6.79245,360,100,0,0,0,0,0,0,39,0,0,14
573,1416,6.76364,372,100,0,0,0,0,0,0,41,0,0,14
574,2028,6.77778,366,100,0,0,0,0,0,0,40,0,0,14
575,1684,6.73585,357,100,0,0,0,0,0,0,40,0,0,13
576,1848,6.52941,333,100,0,0,0,0,0,0,42,0,0,9
577,1952,6.375,357,100,0,0,0,0,0,0,49,0,0,7
578,2060,6.57692,342,100,0,0,0,0,0,0,42,0,0,10
579,1964,6.42105,366,100,0,0,0,0,0,0,49,0,0,8
580,2264,6.53571,366,100,0,0,0,0,0,0,46,0,0,10
581,2208,6.36842,363,100,0,0,0,0,0,0,50,0,0,7
582,1900,6.33962,336,100,0,0,0,0,0,0,47,0,0,6
583,2172,6.26316,357,100,0,0,0,0,0,0,52,0,0,5
584,2100,6.32143,354,100,0,0,0,0,0,0,50,0,0,6
585,2176,6.38182,351,100,0,0,0,0,0,0,48,0,0,7
586,2100,6.53571,366,100,0,0,0,0,0,0,46,0,0,10
587,1888,6.61111,357,100,0,0,0,0,0,0,43,0,0,11
588,2456,6.67742,414,100,0,0,0,0,0,0,48,0,0,14
589,1592,6.50847,384,100,0,0,0,0,0,0,49,0,0,10
590,1356,6.36207,369,100,0,0,0,0,0,0,51,0,0,7
591,1796,6.3,378,100,0,0,0,0,0,0,54,0,0,6
592,1772,6.31034,366,100,0,0,0,0,0,0,52,0,0,6
593,2000,6.32812,405,100,0,0,0,0,0,0,57,0,0,7
594,2040,6.35,381,100,0,0,0,0,0,0,53,0,0,7
595,2020,6.33333,399,100,0,0,0,0,0,0,56,0,0,7
596,1548,6.41379,372,100,0,0,0,0,0,0,50,0,0,8
597,1408,6.31034,366,100,0,0,0,0,0,0,52,0,0,6
598,1464,6.5,390,100,0,0,0,0,0,0,50,0,0,10
599,1300,6.34426,387,100,0,0,0,0,0,0,54,0,0,7
600,1412,6.36842,363,100,0,0,0,0,0,0,50,0,0,7
601,1552,6.53571,366,100,0,0,0,0,0,0,46,0,0,10
602,1356,6.42857,360,100,0,0,0,0,0,0,48,0,0,8
603,1012,6.32143,354,100,0,0,0,0,0,0,50,0,0,6
604,1396,6.46875,414,100,0,0,0,0,0,0,54,0,0,10
605,1100,6.16364,339,100,0,0,0,0,0,0,52,0,0,3
606,1144,6.31034,366,100,0,0,0,0,0,0,52,0,0,6
607,1236,6.45283,342,100,0,0,0,0,0,0,45,0,0,8
608,1364,6.50847,384,100,0,0,0,0,0,0,49,0,0,10
609,1328,6.42857,360,100,0,0,0,0,0,0,48,0,0,8
610,1284,6.32143,354,100,0,0,0,0,0,0,50,0,0,6
611,1500,6.24194,387,100,0,0,0,0,0,0,57,0,0,5
612,1368,6.2381,393,100,0,0,0,0,0,0,58,0,0,5
613,1080,6.09836,372,100,0,0,0,0,0,0,59,0,0,2
614,1344,6.14516,381,100,0,0,0,0,0,0,59,0,0,3
615,1376,6.4918,396,100,0,0,0,0,0,0,51,0,0,10
616,1384,6.46552,375,100,0,0,0,0,0,0,49,0,0,9
617,1320,6.67857,374,100,0,0,0,0,0,0,43,0,1,12
618,1680,6.72581,417,100,0,0,0,0,0,0,47,0,0,15
619,1492,6.52632,372,100,0,0,0,0,0,0,47,0,0,10
620,1404,6.62069,384,100,0,0,0,0,0,0,46,0,0,12
621,1284,6.54098,399,100,0,0,0,0,0,0,50,0,0,11
622,1376,6.54098,399,100,0,0,0,0,0,0,50,0,0,11
623,1292,6.68852,408,100,0,0,0,0,0,0,47,0,0,14
624,1208,6.63158,378,100,0,0,0,0,0,0,45,0,0,12
625,1428,6.85,411,100,0,0,0,0,0,0,43,0,0,17
626,1580,6.46552,375,100,0,0,0,0,0,0,49,0,0,9
627,1508,6.63158,378,100,0,0,0,0,0,0,45,0,0,12
628,1480,6.87273,378,100,0,0,0,0,0,0,39,0,0,16
629,1440,6.72222,363,100,0,0,0,0,0,0,41,0,0,13
630,1684,6.75,405,100,0,0,0,0,0,0,45,0,0,15
631,1372,6.72414,390,100,0,0,0,0,0,0,44,0,0,14
632,1760,6.72414,390,100,0,0,0,0,0,0,44,0,0,14
633,1788,6.66102,393,100,0,0,0,0,0,0,46,0,0,13
634,1576,6.38889,345,100,0,0,0,0,0,0,47,0,0,7
635,1728,6.53571,366,100,0,0,0,0,0,0,46,0,0,10
636,1804,6.49091,357,100,0,0,0,0,0,0,46,0,0,9
637,1560,6.40385,333,100,0,0,0,0,0,0,45,0,0,7
638,1668,6.50943,345,100,0,0,0,0,0,0,44,0,0,9
639,1616,6.51724,378,100,0,0,0,0,0,0,48,0,0,10
640,1360,6.52941,333,100,0,0,0,0,0,0,42,0,0,9
641,1544,6.49091,357,100,0,0,0,0,0,0,46,0,0,9
642,1696,6.46552,375,100,0,0,0,0,0,0,49,0,0,9
643,1444,6.47368,369,100,0,0,0,0,0,0,48,0,0,9
644,1604,6.44262,393,100,0,0,0,0,0,0,52,0,0,9
645,1316,6.27273,345,100,0,0,0,0,0,0,50,0,0,5
646,1312,6.38889,345,100,0,0,0,0,0,0,47,0,0,7
647,1172,6.38889,345,100,0,0,0,0,0,0,47,0,0,7
648,1328,6.33871,393,100,0,0,0,0,0,0,55,0,0,7
649,1368,6.46552,375,100,0,0,0,0,0,0,49,0,0,9
650,1328,6.32143,354,100,0,0,0,0,0,0,50,0,0,6
651,1400,6.41379,372,100,0,0,0,0,0,0,50,0,0,8
652,1668,6.70312,429,100,0,0,0,0,0,0,49,0,0,15
653,1548,6.51724,378,100,0,0,0,0,0,0,48,0,0,10
654,1612,6.58929,369,100,0,0,0,0,0,0,45,0,0,11
655,1716,6.6,396,100,0,0,0,0,0,0,48,0,0,12
656,1536,6.55556,354,100,0,0,0,0,0,0,44,0,0,10
657,1540,6.55,393,100,0,0,0,0,0,0,49,0,0,11
658,1484,6.55556,354,100,0,0,0,0,0,0,44,0,0,10
659,1612,6.45763,381,100,0,0,0,0,0,0,50,0,0,9
660,1852,6.56897,381,100,0,0,0,0,0,0,47,0,0,11
661,1352,6.21429,348,100,0,0,0,0,0,0,52,0,0,4
662,1412,6.23729,368,100,0,0,0,0,0,0,54,0,1,4
663,1280,6.30357,353,100,0,0,0,0,0,0,50,0,1,5
664,1344,6.15517,357,100,0,0,0,0,0,0,55,0,0,3
665,1360,6.22642,330,100,0,0,0,0,0,0,49,0,0,4
666,1492,6.13433,411,100,0,0,0,0,0,0,64,0,0,3
667,1488,6.24194,387,100,0,0,0,0,0,0,57,0,0,5
668,1664,6.36207,369,100,0,0,0,0,0,0,51,0,0,7
669,1628,6.25,375,100,0,0,0,0,0,0,55,0,0,5
670,1412,6.16667,333,100,0,0,0,0,0,0,51,0,0,3
671,1284,6.27778,339,100,0,0,0,0,0,0,49,0,0,5
672,1496,6.3871,396,100,0,0,0,0,0,0,54,0,0,8
673,1472,6.2459,381,100,0,0,0,0,0,0,56,0,0,5
674,1608,6.25,375,100,0,0,0,0,0,0,55,0,0,5
675,1664,6.30508,372,100,0,0,0,0,0,0,53,0,0,6
676,1508,6.33333,342,100,0,0,0,0,0,0,48,0,0,6
677,1804,6.33871,393,100,0,0,0,0,0,0,55,0,0,7
678,1668,6.41379,372,100,0,0,0,0,0,0,50,0,0,8
679,1772,6.31034,366,100,0,0,0,0,0,0,52,0,0,6
680,2036,6.56897,381,100,0,0,0,0,0,0,47,0,0,11
681,1796,6.4918,396,100,0,0,0,0,0,0,51,0,0,10
682,1596,6.58929,369,100,0,0,0,0,0,0,45,0,0,11
683,1892,6.54545,432,100,0,0,0,0,0,0,54,0,0,12
684,1648,6.25424,369,100,0,0,0,0,0,0,54,0,0,5
685,1840,6.44828,374,100,0,0,0,0,0,0,49,0,1,8
686,1924,6.42105,366,100,0,0,0,0,0,0,49,0,0,8
687,1804,6.42105,366,100,0,0,0,0,0,0,49,0,0,8
688,1784,6.64286,372,100,0,0,0,0,0,0,44,0,0,12
689,1948,6.6,363,100,0,0,0,0,0,0,44,0,0,11
690,1540,6.55556,354,100,0,0,0,0,0,0,44,0,0,10
691,1996,6.54545,432,100,0,0,0,0,0,0,54,0,0,12
692,1652,6.50847,384,100,0,0,0,0,0,0,49,0,0,10
693,1820,6.38095,402,100,0,0,0,0,0,0,55,0,0,8
694,1380,6.54098,399,100,0,0,0,0,0,0,50,0,0,11
695,1484,6.66102,393,100,0,0,0,0,0,0,46,0,0,13
696,1736,6.54545,432,100,0,0,0,0,0,0,54,0,0,12
697,1796,6.42857,405,100,0,0,0,0,0,0,54,0,0,9
698,2096,6.62903,411,100,0,0,0,0,0,0,49,0,0,13
699,2024,6.57895,375,100,0,0,0,0,0,0,46,0,0,11
700,1856,6.72414,390,100,0,0,0,0,0,0,44,0,0,14
701,1888,6.73684,384,100,0,0,0,0,0,0,43,0,0,14
702,1924,6.71186,396,100,0,0,0,0,0,0,45,0,0,14
703,1820,6.91525,408,100,0,0,0,0,0,0,41,0,0,18
704,1960,6.76271,399,100,0,0,0,0,0,0,44,0,0,15
705,1532,6.57895,375,100,0,0,0,0,0,0,46,0,0,11
706,1560,6.48387,402,100,0,0,0,0,0,0,52,0,0,10
707,1624,6.5,390,100,0,0,0,0,0,0,50,0,0,10
708,1488,6.55,393,100,0,0,0,0,0,0,49,0,0,11
709,1412,6.41379,372,100,0,0,0,0,0,0,50,0,0,8
710,1412,6.4,384,100,0,0,0,0,0,0,52,0,0,8
711,1532,6.39344,390,100,0,0,0,0,0,0,53,0,0,8
712,1304,6.63158,378,100,0,0,0,0,0,0,45,0,0,12
713,1532,6.58065,408,100,0,0,0,0,0,0,50,0,0,12
714,1644,6.77586,393,100,0,0,0,0,0,0,43,0,0,15
715,1752,6.76364,372,100,0,0,0,0,0,0,41,0,0,14
716,1640,6.84906,363,100,0,0,0,0,0,0,38,0,0,15
717,1784,6.96226,369,100,0,0,0,0,0,0,36,0,0,17
718,1632,6.7,402,100,0,0,0,0,0,0,46,0,0,14
719,1628,6.78947,387,100,0,0,0,0,0,0,42,0,0,15
720,1708,6.76364,372,100,0,0,0,0,0,0,41,0,0,14
721,1904,6.94444,375,100,0,0,0,0,0,0,37,0,0,17
722,1760,6.94118,354,100,0,0,0,0,0,0,35,0,0,16
723,1500,6.85714,336,100,0,0,0,0,0,0,35,0,0,14
724,1540,7.125,399,100,0,0,0,0,0,0,35,0,0,21
725,1968,7.19048,453,100,0,0,0,0,0,0,38,0,0,25
726,1812,6.87273,378,100,0,0,0,0,0,0,39,0,0,16
727,1696,6.89474,393,100,0,0,0,0,0,0,40,0,0,17
728,1848,6.85714,384,100,0,0,0,0,0,0,40,0,0,16
729,1840,6.77778,366,100,0,0,0,0,0,0,40,0,0,14
730,1792,6.73585,357,100,0,0,0,0,0,0,40,0,0,13
731,2028,6.92727,381,100,0,0,0,0,0,0,38,0,0,17
732,1952,6.81818,375,100,0,0,0,0,0,0,40,0,0,15
733,1748,6.75,351,100,0,0,0,0,0,0,39,0,0,13
734,1980,6.91071,387,100,0,0,0,0,0,0,39,0,0,17
735,1720,7.07143,396,100,0,0,0,0,0,0,36,0,0,20
736,1476,6.67241,387,100,0,0,0,0,0,0,45,0,0,13
737,1496,7,378,100,0,0,0,0,0,0,36,0,0,18
738,1464,6.88235,351,100,0,0,0,0,0,0,36,0,0,15
739,1672,6.86441,405,100,0,0,0,0,0,0,42,0,0,17
740,1536,7.11111,384,100,0,0,0,0,0,0,34,0,0,20
741,1660,7.05263,402,100,0,0,0,0,0,0,37,0,0,20
742,1644,7,399,100,0,0,0,0,0,0,38,0,0,19
743,1572,6.98276,405,100,0,0,0,0,0,0,39,0,0,19
744,1784,7.44231,387,100,0,0,0,0,0,0,27,0,0,25
745,1632,7.25455,399,100,0,0,0,0,0,0,32,0,0,23
746,1548,6.96429,390,100,0,0,0,0,0,0,38,0,0,18
747,1872,7.26316,414,100,0,0,0,0,0,0,33,0,0,24
748,1496,7.24528,384,100,0,0,0,0,0,0,31,0,0,22
749,1680,7.26316,414,100,0,0,0,0,0,0,33,0,0,24
750,1692,6.81356,402,100,0,0,0,0,0,0,43,0,0,16
751,1772,7.2931,423,100,0,0,0,0,0,0,33,0,0,25
752,1824,7.44643,417,100,0,0,0,0,0,0,29,0,0,27
753,2128,7.5,405,100,0,0,0,0,0,0,27,0,0,27
754,1940,7.23214,405,100,0,0,0,0,0,0,33,0,0,23
755,2160,7.0678,417,100,0,0,0,0,0,0,38,0,0,21
756,2068,7.34483,426,100,0,0,0,0,0,0,32,0,0,26
757,2144,7.26562,465,100,0,0,0,0,0,0,37,0,0,27
758,1932,7.24138,420,100,0,0,0,0,0,0,34,0,0,24
759,1720,7.15,429,100,0,0,0,0,0,0,37,0,0,23
760,1684,7.18868,381,100,0,0,0,0,0,0,32,0,0,21
761,1736,7.2,396,100,0,0,0,0,0,0,33,0,0,22
762,1896,7.18966,417,100,0,0,0,0,0,0,35,0,0,23
763,1852,7.01695,414,100,0,0,0,0,0,0,39,0,0,20
764,1772,6.9661,411,100,0,0,0,0,0,0,40,0,0,19
765,1604,7.01786,393,100,0,0,0,0,0,0,37,0,0,19
766,1596,6.7,402,100,0,0,0,0,0,0,46,0,0,14
767,1564,6.76271,399,100,0,0,0,0,0,0,44,0,0,15
768,1152,6.72414,390,100,0,0,0,0,0,0,44,0,0,14
769,1284,6.83607,417,100,0,0,0,0,0,0,44,0,0,17
770,1412,6.8,408,100,0,0,0,0,0,0,44,0,0,16
771,1436,7.07547,375,100,0,0,0,0,0,0,34,0,0,19
772,1400,6.85714,384,100,0,0,0,0,0,0,40,0,0,16
773,1448,6.83333,369,100,0,0,0,0,0,0,39,0,0,15
774,1500,6.72414,390,100,0,0,0,0,0,0,44,0,0,14
775,1572,6.77586,393,100,0,0,0,0,0,0,43,0,0,15
776,1388,6.79245,360,100,0,0,0,0,0,0,39,0,0,14
777,1496,6.84906,363,100,0,0,0,0,0,0,38,0,0,15
778,1708,6.89474,393,100,0,0,0,0,0,0,40,0,0,17
779,1688,6.93103,402,100,0,0,0,0,0,0,40,0,0,18
780,1780,7.21053,411,100,0,0,0,0,0,0,34,0,0,23
781,1588,7.05882,360,100,0,0,0,0,0,0,33,0,0,18
782,1648,7.02,351,100,0,0,0,0,0,0,33,0,0,17
783,1768,6.92308,360,100,0,0,0,0,0,0,36,0,0,16
784,1756,7.11111,384,100,0,0,0,0,0,0,34,0,0,20
785,1528,7.09091,390,100,0,0,0,0,0,0,35,0,0,20
786,1804,7.2931,423,100,0,0,0,0,0,0,33,0,0,25
787,1964,7.16949,423,100,0,0,0,0,0,0,36,0,0,23
788,1576,6.81356,402,100,0,0,0,0,0,0,43,0,0,16
789,1944,6.87097,426,100,0,0,0,0,0,0,44,0,0,18
790,1684,6.80357,381,100,0,0,0,0,0,0,41,0,0,15
791,1324,6.71186,396,100,0,0,0,0,0,0,45,0,0,14
792,1648,6.71186,396,100,0,0,0,0,0,0,45,0,0,14
793,1904,6.55,393,100,0,0,0,0,0,0,49,0,0,11
794,1724,6.26316,357,100,0,0,0,0,0,0,52,0,0,5
795,1604,6.45763,381,100,0,0,0,0,0,0,50,0,0,9
796,1912,6.66102,393,100,0,0,0,0,0,0,46,0,0,13
797,1816,6.98077,363,100,0,0,0,0,0,0,35,0,0,17
798,2068,6.85714,384,100,0,0,0,0,0,0,40,0,0,16
799,1944,6.85714,384,100,0,0,0,0,0,0,40,0,0,16
800,1904,7.05556,381,100,0,0,0,0,0,0,35,0,0,19
801,2004,6.84211,390,100,0,0,0,0,0,0,41,0,0,16
802,1904,6.93103,402,100,0,0,0,0,0,0,40,0,0,18
803,1596,6.80357,381,100,0,0,0,0,0,0,41,0,0,15
804,1780,6.73684,384,100,0,0,0,0,0,0,43,0,0,14
805,1924,6.85714,384,100,0,0,0,0,0,0,40,0,0,16
806,1844,6.91071,387,100,0,0,0,0,0,0,39,0,0,17
807,1952,7.03636,387,100,0,0,0,0,0,0,36,0,0,19
808,2096,7,399,100,0,0,0,0,0,0,38,0,0,19
809,2080,7.07143,396,100,0,0,0,0,0,0,36,0,0,20
810,2312,6.87273,378,100,0,0,0,0,0,0,39,0,0,16
811,2580,7.15,429,100,0,0,0,0,0,0,37,0,0,23
812,2392,7.01887,372,100,0,0,0,0,0,0,35,0,0,18
813,2344,6.77778,366,100,0,0,0,0,0,0,40,0,0,14
814,2184,7.09615,369,100,0,0,0,0,0,0,33,0,0,19
815,2348,7.14545,393,100,0,0,0,0,0,0,34,0,0,21
816,2188,7.27778,393,100,0,0,0,0,0,0,31,0,0,23
817,2340,7.0678,417,100,0,0,0,0,0,0,38,0,0,21
818,2568,6.98276,405,100,0,0,0,0,0,0,39,0,0,19
819,2360,7.01695,414,100,0,0,0,0,0,0,39,0,0,20
820,2316,7.03636,387,100,0,0,0,0,0,0,36,0,0,19
821,1936,7.44,372,100,0,0,0,0,0,0,26,0,0,24
822,2000,7.35294,375,100,0,0,0,0,0,0,28,0,0,23
823,2056,7.25,348,100,0,0,0,0,0,0,28,0,0,20
824,1996,7.41818,408,100,0,0,0,0,0,0,29,0,0,26
825,1836,7.0678,417,100,0,0,0,0,0,0,38,0,0,21
826,1832,6.98182,384,100,0,0,0,0,0,0,37,0,0,18
827,1916,7.41509,393,100,0,0,0,0,0,0,28,0,0,25
828,1728,7.22449,354,100,0,0,0,0,0,0,29,0,0,20
829,1920,7.15789,408,100,0,0,0,0,0,0,35,0,0,22
830,1668,6.84906,363,100,0,0,0,0,0,0,38,0,0,15
831,1652,6.88889,372,100,0,0,0,0,0,0,38,0,0,16
832,1772,6.73684,384,100,0,0,0,0,0,0,43,0,0,14
833,1680,6.68421,381,100,0,0,0,0,0,0,44,0,0,13
834,1860,6.62903,411,100,0,0,0,0,0,0,49,0,0,13
835,1876,6.71186,396,100,0,0,0,0,0,0,45,0,0,14
836,1852,6.83607,417,100,0,0,0,0,0,0,44,0,0,17
837,1756,7.07143,396,100,0,0,0,0,0,0,36,0,0,20
838,1768,6.83333,369,100,0,0,0,0,0,0,39,0,0,15
839,1676,6.91935,429,100,0,0,0,0,0,0,43,0,0,19
840,1732,6.76271,399,100,0,0,0,0,0,0,44,0,0,15
841,1628,6.56897,381,100,0,0,0,0,0,0,47,0,0,11
842,1696,6.82759,396,100,0,0,0,0,0,0,42,0,0,16
843,1632,6.58929,369,100,0,0,0,0,0,0,45,0,0,11
844,1692,6.87931,399,100,0,0,0,0,0,0,41,0,0,17
845,1564,6.75,405,100,0,0,0,0,0,0,45,0,0,15
846,1600,6.86885,419,100,0,0,0,0,0,0,43,0,1,17
847,1872,6.91525,408,100,0,0,0,0,0,0,41,0,0,18
848,2004,6.6,429,100,0,0,0,0,0,0,52,0,0,13
849,1784,6.68421,381,100,0,0,0,0,0,0,44,0,0,13
850,1732,6.61017,390,100,0,0,0,0,0,0,47,0,0,12
851,1928,6.67742,414,100,0,0,0,0,0,0,48,0,0,14
852,1988,6.46552,375,100,0,0,0,0,0,0,49,0,0,9
853,2220,6.59016,402,100,0,0,0,0,0,0,49,0,0,12
854,2152,6.78571,380,100,0,0,0,0,0,0,41,0,1,14
855,2236,6.68421,381,100,0,0,0,0,0,0,44,0,0,13
856,1804,6.73684,384,100,0,0,0,0,0,0,43,0,0,14
857,1904,6.96226,369,100,0,0,0,0,0,0,36,0,0,17
858,1976,6.87273,378,100,0,0,0,0,0,0,39,0,0,16
859,1732,6.86538,357,100,0,0,0,0,0,0,37,0,0,15
860,1752,6.62069,384,100,0,0,0,0,0,0,46,0,0,12
861,1772,6.46552,375,100,0,0,0,0,0,0,49,0,0,9
862,1956,6.47368,369,100,0,0,0,0,0,0,48,0,0,9
863,1660,6.51724,378,100,0,0,0,0,0,0,48,0,0,10
864,1824,6.56897,381,100,0,0,0,0,0,0,47,0,0,11
865,1708,6.2,372,100,0,0,0,0,0,0,56,0,0,4
866,1676,6.22222,336,100,0,0,0,0,0,0,50,0,0,4
867,1684,6.3,378,100,0,0,0,0,0,0,54,0,0,6
868,1812,6.40678,378,100,0,0,0,0,0,0,51,0,0,8
869,1896,6.51724,378,100,0,0,0,0,0,0,48,0,0,10
870,1532,6.42105,366,100,0,0,0,0,0,0,49,0,0,8
871,1640,6.36842,363,100,0,0,0,0,0,0,50,0,0,7
872,1492,6.4,384,100,0,0,0,0,0,0,52,0,0,8
873,1320,6.48214,363,100,0,0,0,0,0,0,47,0,0,9
874,1600,6.68421,381,100,0,0,0,0,0,0,44,0,0,13
875,1508,6.58182,362,100,0,0,0,0,0,0,44,0,1,10
876,1564,6.58929,369,100,0,0,0,0,0,0,45,0,0,11
877,1308,6.70909,369,100,0,0,0,0,0,0,42,0,0,13
878,1444,6.67925,354,100,0,0,0,0,0,0,41,0,0,12
879,1340,6.56604,348,100,0,0,0,0,0,0,43,0,0,10
880,1876,6.87931,399,100,0,0,0,0,0,0,41,0,0,17
881,1644,6.81818,375,100,0,0,0,0,0,0,40,0,0,15
882,1840,7.03448,408,100,0,0,0,0,0,0,38,0,0,20
883,1500,6.67742,414,100,0,0,0,0,0,0,48,0,0,14
884,1468,6.7,402,100,0,0,0,0,0,0,46,0,0,14
885,1540,6.90566,366,100,0,0,0,0,0,0,37,0,0,16
886,1440,6.62069,384,100,0,0,0,0,0,0,46,0,0,12
887,1560,6.81356,402,100,0,0,0,0,0,0,43,0,0,16
888,1656,6.6,396,100,0,0,0,0,0,0,48,0,0,12
889,1896,6.96429,390,100,0,0,0,0,0,0,38,0,0,18
890,1740,6.86441,405,100,0,0,0,0,0,0,42,0,0,17
891,1812,6.82258,423,100,0,0,0,0,0,0,45,0,0,17
892,1812,6.75,405,100,0,0,0,0,0,0,45,0,0,15
893,1640,6.72414,390,100,0,0,0,0,0,0,44,0,0,14
894,1924,6.66102,393,100,0,0,0,0,0,0,46,0,0,13
895,2156,6.68852,408,100,0,0,0,0,0,0,47,0,0,14
896,1892,6.69643,375,100,0,0,0,0,0,0,43,0,0,13
897,2016,6.90566,366,100,0,0,0,0,0,0,37,0,0,16
898,2272,6.72414,390,100,0,0,0,0,0,0,44,0,0,14
899,1964,7.01887,372,100,0,0,0,0,0,0,35,0,0,18
900,1992,6.92308,360,100,0,0,0,0,0,0,36,0,0,16
901,2376,6.84211,390,100,0,0,0,0,0,0,41,0,0,16
902,2724,6.81356,402,100,0,0,0,0,0,0,43,0,0,16
903,2412,6.64286,372,100,0,0,0,0,0,0,44,0,0,12
904,2020,6.96429,390,100,0,0,0,0,0,0,38,0,0,18
905,2132,6.70909,369,100,0,0,0,0,0,0,42,0,0,13
906,1940,6.77419,420,100,0,0,0,0,0,0,46,0,0,16
907,2008,6.93103,402,100,0,0,0,0,0,0,40,0,0,18
908,2072,6.84211,390,100,0,0,0,0,0,0,41,0,0,16
909,1904,6.71429,423,100,0,0,0,0,0,0,48,0,0,15
910,2224,6.71429,423,100,0,0,0,0,0,0,48,0,0,15
911,2312,6.8,408,100,0,0,0,0,0,0,44,0,0,16
912,1744,6.67742,414,100,0,0,0,0,0,0,48,0,0,14
913,1572,6.7377,411,100,0,0,0,0,0,0,46,0,0,15
914,1652,6.77778,366,100,0,0,0,0,0,0,40,0,0,14
915,1568,6.56897,381,100,0,0,0,0,0,0,47,0,0,11
916,1456,6.75,351,100,0,0,0,0,0,0,39,0,0,13
917,1836,6.75,378,100,0,0,0,0,0,0,42,0,0,14
918,2124,7,399,100,0,0,0,0,0,0,38,0,0,19
919,1916,7.02,351,100,0,0,0,0,0,0,33,0,0,17
920,1788,7.03636,387,100,0,0,0,0,0,0,36,0,0,19
921,1896,6.76364,372,100,0,0,0,0,0,0,41,0,0,14
922,1928,6.75,405,100,0,0,0,0,0,0,45,0,0,15
923,1812,6.79245,360,100,0,0,0,0,0,0,39,0,0,14
924,1760,6.86538,357,100,0,0,0,0,0,0,37,0,0,15
925,1744,6.5,351,100,0,0,0,0,0,0,45,0,0,9
926,2200,6.57895,375,100,0,0,0,0,0,0,46,0,0,11
927,1396,6.51923,339,100,0,0,0,0,0,0,43,0,0,9
928,1696,6.65455,366,100,0,0,0,0,0,0,43,0,0,12
929,1548,6.55556,354,100,0,0,0,0,0,0,44,0,0,10
930,1548,6.69643,375,100,0,0,0,0,0,0,43,0,0,13
931,1448,6.64286,372,100,0,0,0,0,0,0,44,0,0,12
932,1580,6.71429,423,100,0,0,0,0,0,0,48,0,0,15
933,1360,6.68852,408,100,0,0,0,0,0,0,47,0,0,14
934,1624,6.80952,429,100,0,0,0,0,0,0,46,0,0,17
935,1692,6.62903,411,100,0,0,0,0,0,0,49,0,0,13
936,1308,6.51724,378,100,0,0,0,0,0,0,48,0,0,10
937,1440,6.50769,423,100,0,0,0,0,0,0,54,0,0,11
938,1220,6.36207,369,100,0,0,0,0,0,0,51,0,0,7
939,1344,6.45763,381,100,0,0,0,0,0,0,50,0,0,9
940,1252,6.35,381,100,0,0,0,0,0,0,53,0,0,7
941,1156,6.32727,348,100,0,0,0,0,0,0,49,0,0,6
942,1284,6.3871,396,100,0,0,0,0,0,0,54,0,0,8
943,1388,6.42188,411,100,0,0,0,0,0,0,55,0,0,9
944,1316,6.31818,417,100,0,0,0,0,0,0,59,0,0,7
945,1472,6.375,408,100,0,0,0,0,0,0,56,0,0,8
946,1440,6.32308,411,100,0,0,0,0,0,0,58,0,0,7
947,1396,6.40678,378,100,0,0,0,0,0,0,51,0,0,8
948,1280,6.22388,417,100,0,0,0,0,0,0,62,0,0,5
949,1400,6.51562,417,100,0,0,0,0,0,0,53,0,0,11
950,1596,6.48387,402,100,0,0,0,0,0,0,52,0,0,10
951,1356,6.66102,393,100,0,0,0,0,0,0,46,0,0,13
952,1520,6.56897,381,100,0,0,0,0,0,0,47,0,0,11
953,1352,6.46552,375,100,0,0,0,0,0,0,49,0,0,9
954,1540,6.73684,384,100,0,0,0,0,0,0,43,0,0,14
955,1440,6.55932,387,100,0,0,0,0,0,0,48,0,0,11
956,1528,6.45,387,100,0,0,0,0,0,0,51,0,0,9
957,1356,6.43548,399,100,0,0,0,0,0,0,53,0,0,9
958,1724,6.5,390,100,0,0,0,0,0,0,50,0,0,10
959,1940,6.47143,453,100,0,0,0,0,0,0,59,0,0,11
960,1472,6.5,390,100,0,0,0,0,0,0,50,0,0,10
961,1352,6.33871,393,100,0,0,0,0,0,0,55,0,0,7
962,1504,6.27692,408,100,0,0,0,0,0,0,59,0,0,6
963,1600,6.47619,408,100,0,0,0,0,0,0,53,0,0,10
964,1516,6.23438,399,100,0,0,0,0,0,0,59,0,0,5
965,1724,6.42857,405,100,0,0,0,0,0,0,54,0,0,9
966,1476,6.32727,348,100,0,0,0,0,0,0,49,0,0,6
967,1824,6.42857,405,100,0,0,0,0,0,0,54,0,0,9
968,1608,6.48214,363,100,0,0,0,0,0,0,47,0,0,9
969,1348,6.4918,396,100,0,0,0,0,0,0,51,0,0,10
970,1124,6.33871,393,100,0,0,0,0,0,0,55,0,0,7
971,1140,6.32308,411,100,0,0,0,0,0,0,58,0,0,7
972,1172,6.29508,384,100,0,0,0,0,0,0,55,0,0,6
973,1096,6.3,378,100,0,0,0,0,0,0,54,0,0,6
974,1088,6.33871,393,100,0,0,0,0,0,0,55,0,0,7
975,1260,6.33871,393,100,0,0,0,0,0,0,55,0,0,7
976,1340,6.46552,375,100,0,0,0,0,0,0,49,0,0,9
977,1396,6.43636,354,100,0,0,0,0,0,0,47,0,0,8
978,1464,6.2459,381,100,0,0,0,0,0,0,56,0,0,5
979,1456,6.3,378,100,0,0,0,0,0,0,54,0,0,6
980,1380,6.25862,363,100,0,0,0,0,0,0,53,0,0,5
981,1444,6.22222,336,100,0,0,0,0,0,0,50,0,0,4
982,1568,6.2069,360,100,0,0,0,0,0,0,54,0,0,4
983,1268,6.38889,345,100,0,0,0,0,0,0,47,0,0,7
984,1228,6.25,375,100,0,0,0,0,0,0,55,0,0,5
985,1140,6.21818,342,100,0,0,0,0,0,0,51,0,0,4
986,1164,6.3871,396,100,0,0,0,0,0,0,54,0,0,8
987,1016,6.41379,372,100,0,0,0,0,0,0,50,0,0,8
988,1260,6.53226,405,100,0,0,0,0,0,0,51,0,0,11
989,1136,6.43548,399,100,0,0,0,0,0,0,53,0,0,9
990,1060,6.43636,354,100,0,0,0,0,0,0,47,0,0,8
991,1188,6.15,369,100,0,0,0,0,0,0,57,0,0,3
992,1416,6.2381,393,100,0,0,0,0,0,0,58,0,0,5
993,1512,6.3,378,100,0,0,0,0,0,0,54,0,0,6
994,1404,6.28571,396,100,0,0,0,0,0,0,57,0,0,6
995,1328,6.10169,360,100,0,0,0,0,0,0,57,0,0,2
996,1100,6.2,372,100,0,0,0,0,0,0,56,0,0,4
997,1200,6.27692,408,100,0,0,0,0,0,0,59,0,0,6
998,1232,6.3,378,100,0,0,0,0,0,0,54,0,0,6
999,1120,6.19672,378,100,0,0,0,0,0,0,57,0,0,4
