update,points,mean_tasks,total_tasks,total_orgs,task_0,task_1,task_2,task_3,task_4,task_5,task_6,task_7,task_8,task_9
0,0,nan,0,10,0,0,0,0,0,0,0,0,0,0
1,16,6,6,10,0,0,0,0,0,0,1,0,0,0
2,64,6,24,10,0,0,0,0,0,0,4,0,0,0
3,92,6.33333,38,11,0,0,0,0,0,0,5,0,1,0
4,92,6.33333,38,11,0,0,0,0,0,0,5,0,1,0
5,124,6.25,50,11,0,0,0,0,0,0,7,0,1,0
6,164,6.625,53,12,0,0,0,0,0,0,6,0,1,1
7,108,6.625,53,13,0,0,0,0,0,0,6,0,1,1
8,52,6.625,53,13,0,0,0,0,0,0,6,0,1,1
9,84,6.33333,57,13,0,0,0,0,0,0,8,0,0,1
10,160,6.33333,57,13,0,0,0,0,0,0,8,0,0,1
11,156,6.33333,57,13,0,0,0,0,0,0,8,0,0,1
12,124,6.3,63,15,0,0,0,0,0,0,9,0,0,1
13,136,6.27273,69,16,0,0,0,0,0,0,10,0,0,1
14,148,6,66,17,0,0,0,0,0,0,11,0,0,0
15,200,6.25,75,18,0,0,0,0,0,0,11,0,0,1
16,172,6.23077,81,18,0,0,0,0,0,0,12,0,0,1
17,160,6.23077,81,18,0,0,0,0,0,0,12,0,0,1
18,180,6,84,19,0,0,0,0,0,0,14,0,0,0
19,224,6.21429,87,20,0,0,0,0,0,0,13,0,0,1
20,232,6.2,93,20,0,0,0,0,0,0,14,0,0,1
21,164,6.21429,87,21,0,0,0,0,0,0,13,0,0,1
22,224,6,96,22,0,0,0,0,0,0,16,0,0,0
23,300,6.4,96,23,0,0,0,0,0,0,13,0,0,2
24,260,6.2,93,24,0,0,0,0,0,0,14,0,0,1
25,164,6.1875,99,26,0,0,0,0,0,0,15,0,0,1
26,236,6,120,28,0,0,0,0,0,0,20,0,0,0
27,196,6,102,30,0,0,0,0,0,0,17,0,0,0
28,284,6,132,32,0,0,0,0,0,0,22,0,0,0
29,248,6.1,122,34,0,0,0,0,0,0,19,0,1,0
30,380,6.19231,161,39,0,0,0,0,0,0,24,0,1,1
31,412,6.2,155,43,0,0,0,0,0,0,23,0,1,1
32,432,6,156,45,0,0,0,0,0,0,26,0,0,0
33,448,6.11538,159,53,0,0,0,0,0,0,25,0,0,1
34,448,6.09091,201,56,0,0,0,0,0,0,32,0,0,1
35,580,6,240,61,0,0,0,0,0,0,40,0,0,0
36,636,6.15385,240,66,0,0,0,0,0,0,37,0,0,2
37,612,6.06383,285,70,0,0,0,0,0,0,46,0,0,1
38,692,6.125,294,74,0,0,0,0,0,0,46,0,0,2
39,960,6.2449,306,80,0,0,0,0,0,0,45,0,0,4
40,1064,6.16364,339,91,0,0,0,0,0,0,52,0,0,3
41,1108,6.24194,387,92,0,0,0,0,0,0,57,0,0,5
42,1052,6.25862,363,94,0,0,0,0,0,0,53,0,0,5
43,1236,6.27273,345,95,0,0,0,0,0,0,50,0,0,5
44,1388,6.375,357,98,0,0,0,0,0,0,49,0,0,7
45,1132,6.10345,354,100,0,0,0,0,0,0,56,0,0,2
46,1164,6.19048,390,100,0,0,0,0,0,0,59,0,0,4
47,1180,6.2,372,100,0,0,0,0,0,0,56,0,0,4
48,1252,6.30508,372,100,0,0,0,0,0,0,53,0,0,6
49,1432,6.19355,384,100,0,0,0,0,0,0,58,0,0,4
50,1280,6.25424,369,100,0,0,0,0,0,0,54,0,0,5
51,1420,6.27273,345,100,0,0,0,0,0,0,50,0,0,5
52,1252,6.16364,339,100,0,0,0,0,0,0,52,0,0,3
53,1252,6.15517,357,100,0,0,0,0,0,0,55,0,0,3
54,1244,6.41176,327,100,0,0,0,0,0,0,44,0,0,7
55,1340,6.35593,375,100,0,0,0,0,0,0,52,0,0,7
56,1264,6.45763,381,100,0,0,0,0,0,0,50,0,0,9
57,1356,6.4,384,100,0,0,0,0,0,0,52,0,0,8
58,1292,6.35593,375,100,0,0,0,0,0,0,52,0,0,7
59,1188,6.3,378,100,0,0,0,0,0,0,54,0,0,6
60,1344,6.44262,393,100,0,0,0,0,0,0,52,0,0,9
61,1292,6.38095,402,100,0,0,0,0,0,0,55,0,0,8
62,1380,6.52381,411,100,0,0,0,0,0,0,52,0,0,11
63,1056,6.44262,393,100,0,0,0,0,0,0,52,0,0,9
64,880,6.45,387,100,0,0,0,0,0,0,51,0,0,9
65,1056,6.31034,366,100,0,0,0,0,0,0,52,0,0,6
66,1140,6.25862,363,100,0,0,0,0,0,0,53,0,0,5
67,1368,6.65455,366,100,0,0,0,0,0,0,43,0,0,12
68,1392,6.48387,402,100,0,0,0,0,0,0,52,0,0,10
69,1284,6.73585,357,100,0,0,0,0,0,0,40,0,0,13
70,1164,6.51724,378,100,0,0,0,0,0,0,48,0,0,10
71,988,6.33333,342,100,0,0,0,0,0,0,48,0,0,6
72,1300,6.25424,369,100,0,0,0,0,0,0,54,0,0,5
73,1340,6.3871,396,100,0,0,0,0,0,0,54,0,0,8
74,1488,6.39344,390,100,0,0,0,0,0,0,53,0,0,8
75,1288,6.3,378,100,0,0,0,0,0,0,54,0,0,6
76,1380,6.39344,390,100,0,0,0,0,0,0,53,0,0,8
77,1412,6.56897,381,100,0,0,0,0,0,0,47,0,0,11
78,1404,6.62264,351,100,0,0,0,0,0,0,42,0,0,11
79,1476,6.44262,393,100,0,0,0,0,0,0,52,0,0,9
80,1560,6.50943,345,100,0,0,0,0,0,0,44,0,0,9
81,1456,6.46875,414,100,0,0,0,0,0,0,54,0,0,10
82,1452,6.50847,384,100,0,0,0,0,0,0,49,0,0,10
83,1396,6.41379,372,100,0,0,0,0,0,0,50,0,0,8
84,1488,6.46552,375,100,0,0,0,0,0,0,49,0,0,9
85,1544,6.62069,384,100,0,0,0,0,0,0,46,0,0,12
86,1320,6.41379,372,100,0,0,0,0,0,0,50,0,0,8
87,1640,6.63934,405,100,0,0,0,0,0,0,48,0,0,13
88,1440,6.41538,417,100,0,0,0,0,0,0,56,0,0,9
89,1416,6.61017,390,100,0,0,0,0,0,0,47,0,0,12
90,1552,6.50769,423,100,0,0,0,0,0,0,54,0,0,11
91,1436,6.67742,414,100,0,0,0,0,0,0,48,0,0,14
92,1664,6.5625,420,100,0,0,0,0,0,0,52,0,0,12
93,1296,6.52632,372,100,0,0,0,0,0,0,47,0,0,10
94,1356,6.55932,387,100,0,0,0,0,0,0,48,0,0,11
95,1424,6.67925,354,100,0,0,0,0,0,0,41,0,0,12
96,1400,6.70909,369,100,0,0,0,0,0,0,42,0,0,13
97,1200,6.77778,366,100,0,0,0,0,0,0,40,0,0,14
98,1276,6.55932,387,100,0,0,0,0,0,0,48,0,0,11
99,1228,6.50847,384,100,0,0,0,0,0,0,49,0,0,10
100,1392,6.6,396,100,0,0,0,0,0,0,48,0,0,12
101,1332,6.53226,405,100,0,0,0,0,0,0,51,0,0,11
102,1472,6.39344,390,100,0,0,0,0,0,0,53,0,0,8
103,1132,6.36207,369,100,0,0,0,0,0,0,51,0,0,7
104,1296,6.44262,393,100,0,0,0,0,0,0,52,0,0,9
105,1284,6.4918,396,100,0,0,0,0,0,0,51,0,0,10
106,1232,6.57895,375,100,0,0,0,0,0,0,46,0,0,11
107,1424,6.52632,372,100,0,0,0,0,0,0,47,0,0,10
108,1452,6.40678,378,100,0,0,0,0,0,0,51,0,0,8
109,1132,6.38889,345,100,0,0,0,0,0,0,47,0,0,7
110,1236,6.36207,369,100,0,0,0,0,0,0,51,0,0,7
111,1276,6.31034,366,100,0,0,0,0,0,0,52,0,0,6
112,1224,6.31034,366,100,0,0,0,0,0,0,52,0,0,6
113,1352,6.57895,375,100,0,0,0,0,0,0,46,0,0,11
114,1228,6.5,351,100,0,0,0,0,0,0,45,0,0,9
115,1400,6.50943,345,100,0,0,0,0,0,0,44,0,0,9
116,1308,6.53571,366,100,0,0,0,0,0,0,46,0,0,10
117,1192,6.61017,390,100,0,0,0,0,0,0,47,0,0,12
118,1184,6.62903,411,100,0,0,0,0,0,0,49,0,0,13
119,1268,6.3913,441,100,0,0,0,0,0,0,60,0,0,9
120,1172,6.2459,381,100,0,0,0,0,0,0,56,0,0,5
121,1344,6.375,408,100,0,0,0,0,0,0,56,0,0,8
122,1224,6.46552,375,100,0,0,0,0,0,0,49,0,0,9
123,1248,6.50769,423,100,0,0,0,0,0,0,54,0,0,11
124,1160,6.375,408,100,0,0,0,0,0,0,56,0,0,8
125,960,6.35,381,100,0,0,0,0,0,0,53,0,0,7
126,1272,6.33871,393,100,0,0,0,0,0,0,55,0,0,7
127,1200,6.3871,396,100,0,0,0,0,0,0,54,0,0,8
128,1176,6.6,396,100,0,0,0,0,0,0,48,0,0,12
129,828,6.42857,315,100,0,0,0,0,0,0,42,0,0,7
130,1136,6.30508,372,100,0,0,0,0,0,0,53,0,0,6
131,1140,6.31579,360,100,0,0,0,0,0,0,51,0,0,6
132,1084,6.25862,363,100,0,0,0,0,0,0,53,0,0,5
133,1216,6.35,381,100,0,0,0,0,0,0,53,0,0,7
134,1404,6.29508,384,100,0,0,0,0,0,0,55,0,0,6
135,1208,6.31034,366,100,0,0,0,0,0,0,52,0,0,6
136,1452,6.55932,387,100,0,0,0,0,0,0,48,0,0,11
137,1420,6.4918,396,100,0,0,0,0,0,0,51,0,0,10
138,1228,6.40678,378,100,0,0,0,0,0,0,51,0,0,8
139,1244,6.45763,381,100,0,0,0,0,0,0,50,0,0,9
140,1292,6.42105,366,100,0,0,0,0,0,0,49,0,0,8
141,1496,6.34426,387,100,0,0,0,0,0,0,54,0,0,7
142,1420,6.35593,375,100,0,0,0,0,0,0,52,0,0,7
143,1632,6.55,393,100,0,0,0,0,0,0,49,0,0,11
144,1396,6.50847,384,100,0,0,0,0,0,0,49,0,0,10
145,1524,6.55932,387,100,0,0,0,0,0,0,48,0,0,11
146,1484,6.36842,363,100,0,0,0,0,0,0,50,0,0,7
147,1364,6.33962,336,100,0,0,0,0,0,0,47,0,0,6
148,1456,6.40678,378,100,0,0,0,0,0,0,51,0,0,8
149,1324,6.375,357,100,0,0,0,0,0,0,49,0,0,7
150,1500,6.51724,378,100,0,0,0,0,0,0,48,0,0,10
151,1496,6.38182,351,100,0,0,0,0,0,0,48,0,0,7
152,1416,6.26786,351,100,0,0,0,0,0,0,51,0,0,5
153,1172,6.26316,357,100,0,0,0,0,0,0,52,0,0,5
154,1260,6.3,378,100,0,0,0,0,0,0,54,0,0,6
155,1044,6.20339,366,100,0,0,0,0,0,0,55,0,0,4
156,1156,6.10714,342,100,0,0,0,0,0,0,54,0,0,2
157,1200,6.15,369,100,0,0,0,0,0,0,57,0,0,3
158,1224,6.05172,351,100,0,0,0,0,0,0,57,0,0,1
159,1184,6.05556,327,100,0,0,0,0,0,0,53,0,0,1
160,1300,6,336,100,0,0,0,0,0,0,56,0,0,0
161,1344,6,366,100,0,0,0,0,0,0,61,0,0,0
162,1224,6.05357,339,100,0,0,0,0,0,0,55,0,0,1
163,1188,6.08333,365,100,0,0,0,0,0,0,58,0,1,1
164,1084,6.13115,374,100,0,0,0,0,0,0,58,0,1,2
165,1136,6.2069,360,100,0,0,0,0,0,0,54,0,0,4
166,1152,6.20339,366,100,0,0,0,0,0,0,55,0,0,4
167,1032,6.1,366,100,0,0,0,0,0,0,58,0,0,2
168,1060,6.1,366,100,0,0,0,0,0,0,58,0,0,2
169,996,6.05357,339,100,0,0,0,0,0,0,55,0,0,1
170,1080,6,360,100,0,0,0,0,0,0,60,0,0,0
171,1092,6,354,100,0,0,0,0,0,0,59,0,0,0
172,1144,6.10714,342,100,0,0,0,0,0,0,54,0,0,2
173,1192,6.10526,348,100,0,0,0,0,0,0,55,0,0,2
174,1484,6.24194,387,100,0,0,0,0,0,0,57,0,0,5
175,1628,6.21053,354,100,0,0,0,0,0,0,53,0,0,4
176,2192,6.09231,396,100,0,0,0,0,0,0,63,0,0,2
177,2092,6.1,366,100,0,0,0,0,0,0,58,0,0,2
178,2076,6.09677,378,100,0,0,0,0,0,0,60,0,0,2
179,1480,6.05,363,100,0,0,0,0,0,0,59,0,0,1
180,1520,6.10909,336,100,0,0,0,0,0,0,53,0,0,2
181,1520,6.09677,378,100,0,0,0,0,0,0,60,0,0,2
182,1456,6.10169,360,100,0,0,0,0,0,0,57,0,0,2
183,1732,6.1,366,100,0,0,0,0,0,0,58,0,0,2
184,1384,6.09231,396,100,0,0,0,0,0,0,63,0,0,2
185,1652,6.1,366,100,0,0,0,0,0,0,58,0,0,2
186,1756,6.09375,390,100,0,0,0,0,0,0,62,0,0,2
187,1992,6.15,369,100,0,0,0,0,0,0,57,0,0,3
188,1536,6.16071,345,100,0,0,0,0,0,0,53,0,0,3
189,1820,6.05455,333,100,0,0,0,0,0,0,54,0,0,1
190,1948,6.05357,339,100,0,0,0,0,0,0,55,0,0,1
191,2352,6.10714,342,100,0,0,0,0,0,0,54,0,0,2
192,1800,6,360,100,0,0,0,0,0,0,60,0,0,0
193,1428,6.05172,351,100,0,0,0,0,0,0,57,0,0,1
194,1408,6.09836,372,100,0,0,0,0,0,0,59,0,0,2
195,1564,6.14754,375,100,0,0,0,0,0,0,58,0,0,3
196,1664,6.10169,360,100,0,0,0,0,0,0,57,0,0,2
197,1360,6.05085,357,100,0,0,0,0,0,0,58,0,0,1
198,1420,6,384,100,0,0,0,0,0,0,64,0,0,0
199,1296,6,360,100,0,0,0,0,0,0,60,0,0,0
200,1536,6.04918,369,100,0,0,0,0,0,0,60,0,0,1
201,1904,6.09677,378,100,0,0,0,0,0,0,60,0,0,2
202,2264,6.15,369,100,0,0,0,0,0,0,57,0,0,3
203,1788,6.10169,360,100,0,0,0,0,0,0,57,0,0,2
204,2612,6.09524,384,100,0,0,0,0,0,0,61,0,0,2
205,2172,6.10169,360,100,0,0,0,0,0,0,57,0,0,2
206,2368,6.10169,360,100,0,0,0,0,0,0,57,0,0,2
207,2280,6.1,366,100,0,0,0,0,0,0,58,0,0,2
208,2724,6.10526,348,100,0,0,0,0,0,0,55,0,0,2
209,2952,6.05357,339,100,0,0,0,0,0,0,55,0,0,1
210,3436,6.04918,369,100,0,0,0,0,0,0,60,0,0,1
211,2624,6.0339,356,100,0,0,0,0,0,0,58,0,1,0
212,3060,6.03279,368,100,0,0,0,0,0,0,60,0,1,0
213,3512,6.03636,332,100,0,0,0,0,0,0,54,0,1,0
214,3120,6.05263,345,100,0,0,0,0,0,0,56,0,0,1
215,3480,6.05085,357,100,0,0,0,0,0,0,58,0,0,1
216,3852,6.1,366,100,0,0,0,0,0,0,58,0,0,2
217,3092,6.19355,384,100,0,0,0,0,0,0,58,0,0,4
218,3532,6.24194,387,100,0,0,0,0,0,0,57,0,0,5
219,3420,6.2459,381,100,0,0,0,0,0,0,56,0,0,5
220,3624,6.2,372,100,0,0,0,0,0,0,56,0,0,4
221,1952,6.17308,321,100,0,0,0,0,0,0,49,0,0,3
222,1692,6.10909,336,100,0,0,0,0,0,0,53,0,0,2
223,2320,6.1,366,100,0,0,0,0,0,0,58,0,0,2
224,2456,6.10526,348,100,0,0,0,0,0,0,55,0,0,2
225,1612,6,348,100,0,0,0,0,0,0,58,0,0,0
226,1348,6,348,100,0,0,0,0,0,0,58,0,0,0
227,1540,6,348,100,0,0,0,0,0,0,58,0,0,0
228,1496,6,360,100,0,0,0,0,0,0,60,0,0,0
229,1548,6,330,100,0,0,0,0,0,0,55,0,0,0
230,1500,6,360,100,0,0,0,0,0,0,60,0,0,0
231,1776,6.05085,357,100,0,0,0,0,0,0,58,0,0,1
232,1552,6,324,100,0,0,0,0,0,0,54,0,0,0
233,1372,6,330,100,0,0,0,0,0,0,55,0,0,0
234,1716,6.10909,336,100,0,0,0,0,0,0,53,0,0,2
235,1552,6.10909,336,100,0,0,0,0,0,0,53,0,0,2
236,1724,6.10714,342,100,0,0,0,0,0,0,54,0,0,2
237,1496,6.05172,351,100,0,0,0,0,0,0,57,0,0,1
238,1936,6.05085,357,100,0,0,0,0,0,0,58,0,0,1
239,1720,6.1,366,100,0,0,0,0,0,0,58,0,0,2
240,1652,6.15517,357,100,0,0,0,0,0,0,55,0,0,3
241,2084,6.2069,360,100,0,0,0,0,0,0,54,0,0,4
242,1788,6.21053,354,100,0,0,0,0,0,0,53,0,0,4
243,1752,6.21429,348,100,0,0,0,0,0,0,52,0,0,4
244,1780,6.15254,363,100,0,0,0,0,0,0,56,0,0,3
245,1524,6.10345,354,100,0,0,0,0,0,0,56,0,0,2
246,1672,6.26316,357,100,0,0,0,0,0,0,52,0,0,5
247,1340,6.16071,345,100,0,0,0,0,0,0,53,0,0,3
248,1464,6.35593,375,100,0,0,0,0,0,0,52,0,0,7
249,1240,6.11321,324,100,0,0,0,0,0,0,51,0,0,2
250,1420,6.05085,357,100,0,0,0,0,0,0,58,0,0,1
251,1544,6.10169,360,100,0,0,0,0,0,0,57,0,0,2
252,1360,6.16981,327,100,0,0,0,0,0,0,50,0,0,3
253,1540,6.10169,360,100,0,0,0,0,0,0,57,0,0,2
254,1460,6.15517,357,100,0,0,0,0,0,0,55,0,0,3
255,1404,6.15789,351,100,0,0,0,0,0,0,54,0,0,3
256,1340,6.15254,363,100,0,0,0,0,0,0,56,0,0,3
257,1404,6.16981,327,100,0,0,0,0,0,0,50,0,0,3
258,1396,6.21429,348,100,0,0,0,0,0,0,52,0,0,4
259,1508,6.05,363,100,0,0,0,0,0,0,59,0,0,1
260,1496,6.10526,348,100,0,0,0,0,0,0,55,0,0,2
261,1860,6.15,369,100,0,0,0,0,0,0,57,0,0,3
262,1708,6.26316,357,100,0,0,0,0,0,0,52,0,0,5
263,1392,6.15254,363,100,0,0,0,0,0,0,56,0,0,3
264,1412,6.27778,339,100,0,0,0,0,0,0,49,0,0,5
265,1776,6.25862,363,100,0,0,0,0,0,0,53,0,0,5
266,1892,6.43548,399,100,0,0,0,0,0,0,53,0,0,9
267,1908,6.35593,375,100,0,0,0,0,0,0,52,0,0,7
268,1920,6.31034,366,100,0,0,0,0,0,0,52,0,0,6
269,1524,6.26786,351,100,0,0,0,0,0,0,51,0,0,5
270,1356,6.11111,330,100,0,0,0,0,0,0,52,0,0,2
271,1852,6.35,381,100,0,0,0,0,0,0,53,0,0,7
272,1536,6.375,357,100,0,0,0,0,0,0,49,0,0,7
273,1832,6.49091,357,100,0,0,0,0,0,0,46,0,0,9
274,1828,6.48214,363,100,0,0,0,0,0,0,47,0,0,9
275,1868,6.58929,369,100,0,0,0,0,0,0,45,0,0,11
276,2024,6.53571,366,100,0,0,0,0,0,0,46,0,0,10
277,2100,6.15517,357,100,0,0,0,0,0,0,55,0,0,3
278,1744,6.21053,354,100,0,0,0,0,0,0,53,0,0,4
279,1968,6.25862,363,100,0,0,0,0,0,0,53,0,0,5
280,1808,6.16364,339,100,0,0,0,0,0,0,52,0,0,3
281,1068,6.28302,333,100,0,0,0,0,0,0,48,0,0,5
282,1352,6.2069,360,100,0,0,0,0,0,0,54,0,0,4
283,1600,6.14516,381,100,0,0,0,0,0,0,59,0,0,3
284,1816,6.26316,357,100,0,0,0,0,0,0,52,0,0,5
285,1616,6.35593,375,100,0,0,0,0,0,0,52,0,0,7
286,1528,6.42105,366,100,0,0,0,0,0,0,49,0,0,8
287,1812,6.39344,390,100,0,0,0,0,0,0,53,0,0,8
288,1392,6.38182,351,100,0,0,0,0,0,0,48,0,0,7
289,1356,6.35,381,100,0,0,0,0,0,0,53,0,0,7
290,1424,6.26786,351,100,0,0,0,0,0,0,51,0,0,5
291,1456,6.16364,339,100,0,0,0,0,0,0,52,0,0,3
292,1368,6.25862,363,100,0,0,0,0,0,0,53,0,0,5
293,1360,6.10909,336,100,0,0,0,0,0,0,53,0,0,2
294,1292,6.21429,348,100,0,0,0,0,0,0,52,0,0,4
295,1272,6.25424,369,100,0,0,0,0,0,0,54,0,0,5
296,1480,6.25424,369,100,0,0,0,0,0,0,54,0,0,5
297,1260,6.31034,366,100,0,0,0,0,0,0,52,0,0,6
298,1404,6.29032,390,100,0,0,0,0,0,0,56,0,0,6
299,1404,6.42857,360,100,0,0,0,0,0,0,48,0,0,8
300,1440,6.4918,396,100,0,0,0,0,0,0,51,0,0,10
301,1472,6.3871,396,100,0,0,0,0,0,0,54,0,0,8
302,1344,6.34426,387,100,0,0,0,0,0,0,54,0,0,7
303,1292,6.31579,360,100,0,0,0,0,0,0,51,0,0,6
304,1232,6.31579,360,100,0,0,0,0,0,0,51,0,0,6
305,1232,6.36842,363,100,0,0,0,0,0,0,50,0,0,7
306,1180,6.25424,369,100,0,0,0,0,0,0,54,0,0,5
307,1320,6.40678,378,100,0,0,0,0,0,0,51,0,0,8
308,1244,6.2381,393,100,0,0,0,0,0,0,58,0,0,5
309,1348,6.45,387,100,0,0,0,0,0,0,51,0,0,9
310,1340,6.36923,414,100,0,0,0,0,0,0,57,0,0,8
311,1336,6.41379,372,100,0,0,0,0,0,0,50,0,0,8
312,1424,6.27692,408,100,0,0,0,0,0,0,59,0,0,6
313,1508,6.18462,402,100,0,0,0,0,0,0,61,0,0,4
314,1588,6.33871,393,100,0,0,0,0,0,0,55,0,0,7
315,1292,6.21875,398,100,0,0,0,0,0,0,59,0,1,4
316,1460,6.35294,432,100,0,0,0,0,0,0,60,0,0,8
317,1392,6.55932,387,100,0,0,0,0,0,0,48,0,0,11
318,1808,6.42857,405,100,0,0,0,0,0,0,54,0,0,9
319,1628,6.35593,375,100,0,0,0,0,0,0,52,0,0,7
320,1660,6.4,384,100,0,0,0,0,0,0,52,0,0,8
321,1632,6.45763,381,100,0,0,0,0,0,0,50,0,0,9
322,1352,6.36207,369,100,0,0,0,0,0,0,51,0,0,7
323,1460,6.35593,375,100,0,0,0,0,0,0,52,0,0,7
324,1644,6.57895,375,100,0,0,0,0,0,0,46,0,0,11
325,2204,6.51724,378,100,0,0,0,0,0,0,48,0,0,10
326,2184,6.36842,363,100,0,0,0,0,0,0,50,0,0,7
327,2048,6.48214,363,100,0,0,0,0,0,0,47,0,0,9
328,1600,6.63462,345,100,0,0,0,0,0,0,41,0,0,11
329,1848,6.54545,360,100,0,0,0,0,0,0,45,0,0,10
330,1780,6.41176,327,100,0,0,0,0,0,0,44,0,0,7
331,1620,6.25862,363,100,0,0,0,0,0,0,53,0,0,5
332,1896,6.34615,330,100,0,0,0,0,0,0,46,0,0,6
333,1740,6.27778,339,100,0,0,0,0,0,0,49,0,0,5
334,1808,6.25862,363,100,0,0,0,0,0,0,53,0,0,5
335,1856,6.4,384,100,0,0,0,0,0,0,52,0,0,8
336,1772,6.32812,405,100,0,0,0,0,0,0,57,0,0,7
337,1696,6.35,381,100,0,0,0,0,0,0,53,0,0,7
338,1736,6.25862,363,100,0,0,0,0,0,0,53,0,0,5
339,1536,6.26786,351,100,0,0,0,0,0,0,51,0,0,5
340,1444,6.27273,345,100,0,0,0,0,0,0,50,0,0,5
341,1756,6.33333,399,100,0,0,0,0,0,0,56,0,0,7
342,1760,6.28571,396,100,0,0,0,0,0,0,57,0,0,6
343,1580,6.3,378,100,0,0,0,0,0,0,54,0,0,6
344,1516,6.29508,384,100,0,0,0,0,0,0,55,0,0,6
345,1708,6.31343,423,100,0,0,0,0,0,0,60,0,0,7
346,1812,6.21429,348,100,0,0,0,0,0,0,52,0,0,4
347,1956,6.42857,405,100,0,0,0,0,0,0,54,0,0,9
348,1784,6.29508,384,100,0,0,0,0,0,0,55,0,0,6
349,1648,6.5,390,100,0,0,0,0,0,0,50,0,0,10
350,1556,6.53571,366,100,0,0,0,0,0,0,46,0,0,10
351,1392,6.49091,357,100,0,0,0,0,0,0,46,0,0,9
352,1784,6.68421,381,100,0,0,0,0,0,0,44,0,0,13
353,1576,6.78947,387,100,0,0,0,0,0,0,42,0,0,15
354,1816,7,399,100,0,0,0,0,0,0,38,0,0,19
355,2024,6.91071,387,100,0,0,0,0,0,0,39,0,0,17
356,2148,6.81356,402,100,0,0,0,0,0,0,43,0,0,16
357,1688,6.6,363,100,0,0,0,0,0,0,44,0,0,11
358,1820,6.66102,393,100,0,0,0,0,0,0,46,0,0,13
359,1380,6.52632,372,100,0,0,0,0,0,0,47,0,0,10
360,1820,6.8,408,100,0,0,0,0,0,0,44,0,0,16
361,2044,6.7,402,100,0,0,0,0,0,0,46,0,0,14
362,1920,6.75,378,100,0,0,0,0,0,0,42,0,0,14
363,2048,6.81818,375,100,0,0,0,0,0,0,40,0,0,15
364,2052,6.76364,372,100,0,0,0,0,0,0,41,0,0,14
365,1804,6.72222,363,100,0,0,0,0,0,0,41,0,0,13
366,2216,6.96429,390,100,0,0,0,0,0,0,38,0,0,18
367,1928,6.90566,366,100,0,0,0,0,0,0,37,0,0,16
368,1960,6.84211,390,100,0,0,0,0,0,0,41,0,0,16
369,1616,6.54,327,100,0,0,0,0,0,0,41,0,0,9
370,1676,6.6,363,100,0,0,0,0,0,0,44,0,0,11
371,1548,6.59016,402,100,0,0,0,0,0,0,49,0,0,12
372,1388,6.48387,402,100,0,0,0,0,0,0,52,0,0,10
373,1232,6.51724,378,100,0,0,0,0,0,0,48,0,0,10
374,1300,6.47368,369,100,0,0,0,0,0,0,48,0,0,9
375,1540,6.55,393,100,0,0,0,0,0,0,49,0,0,11
376,1360,6.25862,363,100,0,0,0,0,0,0,53,0,0,5
377,1316,6.35593,375,100,0,0,0,0,0,0,52,0,0,7
378,1252,6.25,375,100,0,0,0,0,0,0,55,0,0,5
379,1176,6.21053,354,100,0,0,0,0,0,0,53,0,0,4
380,1108,6.21053,354,100,0,0,0,0,0,0,53,0,0,4
381,1292,6.19355,384,100,0,0,0,0,0,0,58,0,0,4
382,1424,6.15,369,100,0,0,0,0,0,0,57,0,0,3
383,1060,6.25,375,100,0,0,0,0,0,0,55,0,0,5
384,1108,6.09231,396,100,0,0,0,0,0,0,63,0,0,2
385,1132,6.12698,386,100,0,0,0,0,0,0,60,0,1,2
386,1140,6.24194,387,100,0,0,0,0,0,0,57,0,0,5
387,1060,6.35593,375,100,0,0,0,0,0,0,52,0,0,7
388,1076,6.34426,387,100,0,0,0,0,0,0,54,0,0,7
389,1220,6.35,381,100,0,0,0,0,0,0,53,0,0,7
390,1344,6.2381,393,100,0,0,0,0,0,0,58,0,0,5
391,1412,6.35593,375,100,0,0,0,0,0,0,52,0,0,7
392,1476,6.21818,342,100,0,0,0,0,0,0,51,0,0,4
393,1304,6.25,375,100,0,0,0,0,0,0,55,0,0,5
394,1480,6.35,381,100,0,0,0,0,0,0,53,0,0,7
395,1292,6.41379,372,100,0,0,0,0,0,0,50,0,0,8
396,976,6.36207,369,100,0,0,0,0,0,0,51,0,0,7
397,1320,6.41379,372,100,0,0,0,0,0,0,50,0,0,8
398,1268,6.25,375,100,0,0,0,0,0,0,55,0,0,5
399,1188,6.26316,357,100,0,0,0,0,0,0,52,0,0,5
400,1208,6.32727,348,100,0,0,0,0,0,0,49,0,0,6
401,1388,6.19355,384,100,0,0,0,0,0,0,58,0,0,4
402,1188,6.25862,363,100,0,0,0,0,0,0,53,0,0,5
403,1348,6.29032,390,100,0,0,0,0,0,0,56,0,0,6
404,1544,6.3871,396,100,0,0,0,0,0,0,54,0,0,8
405,1428,6.25,375,100,0,0,0,0,0,0,55,0,0,5
406,1468,6.3,378,100,0,0,0,0,0,0,54,0,0,6
407,1580,6.4,384,100,0,0,0,0,0,0,52,0,0,8
408,1624,6.43548,399,100,0,0,0,0,0,0,53,0,0,9
409,1312,6.375,357,100,0,0,0,0,0,0,49,0,0,7
410,1616,6.32812,405,100,0,0,0,0,0,0,57,0,0,7
411,1376,6.32308,411,100,0,0,0,0,0,0,58,0,0,7
412,1396,6.15,369,100,0,0,0,0,0,0,57,0,0,3
413,1676,6.10526,348,100,0,0,0,0,0,0,55,0,0,2
414,1700,6.15789,351,100,0,0,0,0,0,0,54,0,0,3
415,1552,6.1,366,100,0,0,0,0,0,0,58,0,0,2
416,1544,6.20339,366,100,0,0,0,0,0,0,55,0,0,4
417,1788,6.29032,390,100,0,0,0,0,0,0,56,0,0,6
418,1508,6.2,372,100,0,0,0,0,0,0,56,0,0,4
419,1384,6.31034,366,100,0,0,0,0,0,0,52,0,0,6
420,1200,6.4,384,100,0,0,0,0,0,0,52,0,0,8
421,1380,6.32308,411,100,0,0,0,0,0,0,58,0,0,7
422,1372,6.09091,402,100,0,0,0,0,0,0,64,0,0,2
423,1624,6.29032,390,100,0,0,0,0,0,0,56,0,0,6
424,1772,6.3871,396,100,0,0,0,0,0,0,54,0,0,8
425,2180,6.30882,429,100,0,0,0,0,0,0,61,0,0,7
426,1760,6.29508,384,100,0,0,0,0,0,0,55,0,0,6
427,1848,6.43636,354,100,0,0,0,0,0,0,47,0,0,8
428,1996,6.33962,336,100,0,0,0,0,0,0,47,0,0,6
429,1876,6.42857,360,100,0,0,0,0,0,0,48,0,0,8
430,2032,6.48214,363,100,0,0,0,0,0,0,47,0,0,9
431,2040,6.58929,369,100,0,0,0,0,0,0,45,0,0,11
432,2120,6.6,363,100,0,0,0,0,0,0,44,0,0,11
433,1996,6.68421,381,100,0,0,0,0,0,0,44,0,0,13
434,1912,6.7,402,100,0,0,0,0,0,0,46,0,0,14
435,1884,6.62903,411,100,0,0,0,0,0,0,49,0,0,13
436,1732,6.68852,408,100,0,0,0,0,0,0,47,0,0,14
437,1820,6.64615,432,100,0,0,0,0,0,0,51,0,0,14
438,1480,6.71429,423,100,0,0,0,0,0,0,48,0,0,15
439,1688,6.80952,429,100,0,0,0,0,0,0,46,0,0,17
440,1488,6.72581,417,100,0,0,0,0,0,0,47,0,0,15
441,1576,6.66667,420,100,0,0,0,0,0,0,49,0,0,14
442,1620,6.60938,423,100,0,0,0,0,0,0,51,0,0,13
443,1468,6.85,411,100,0,0,0,0,0,0,43,0,0,17
444,1412,6.55932,387,100,0,0,0,0,0,0,48,0,0,11
445,1348,6.64706,339,100,0,0,0,0,0,0,40,0,0,11
446,1592,6.45283,342,100,0,0,0,0,0,0,45,0,0,8
447,1620,6.62069,384,100,0,0,0,0,0,0,46,0,0,12
448,1364,6.68421,381,100,0,0,0,0,0,0,44,0,0,13
449,1508,6.54545,360,100,0,0,0,0,0,0,45,0,0,10
450,1756,6.80357,381,100,0,0,0,0,0,0,41,0,0,15
451,1520,6.70909,369,100,0,0,0,0,0,0,42,0,0,13
452,1776,6.93103,402,100,0,0,0,0,0,0,40,0,0,18
453,1448,6.77778,366,100,0,0,0,0,0,0,40,0,0,14
454,1372,6.58824,336,100,0,0,0,0,0,0,41,0,0,10
455,1348,6.73585,357,100,0,0,0,0,0,0,40,0,0,13
456,1552,6.57895,375,100,0,0,0,0,0,0,46,0,0,11
457,1384,6.55,393,100,0,0,0,0,0,0,49,0,0,11
458,1200,6.41176,327,100,0,0,0,0,0,0,44,0,0,7
459,1452,6.38095,402,100,0,0,0,0,0,0,55,0,0,8
460,1404,6.39344,390,100,0,0,0,0,0,0,53,0,0,8
461,1384,6.38182,351,100,0,0,0,0,0,0,48,0,0,7
462,1628,6.42857,360,100,0,0,0,0,0,0,48,0,0,8
463,1656,6.58929,369,100,0,0,0,0,0,0,45,0,0,11
464,1844,6.77586,393,100,0,0,0,0,0,0,43,0,0,15
465,1264,6.79245,360,100,0,0,0,0,0,0,39,0,0,14
466,1660,6.96429,390,100,0,0,0,0,0,0,38,0,0,18
467,1700,6.85714,384,100,0,0,0,0,0,0,40,0,0,16
468,1376,6.92727,381,100,0,0,0,0,0,0,38,0,0,17
469,1196,7.13208,378,100,0,0,0,0,0,0,33,0,0,20
470,1104,7.11111,384,100,0,0,0,0,0,0,34,0,0,20
471,1248,7.01786,393,100,0,0,0,0,0,0,37,0,0,19
472,1216,7.03636,387,100,0,0,0,0,0,0,36,0,0,19
473,1300,6.94444,375,100,0,0,0,0,0,0,37,0,0,17
474,1224,7.03846,366,100,0,0,0,0,0,0,34,0,0,18
475,1512,6.88889,372,100,0,0,0,0,0,0,38,0,0,16
476,1412,6.75,405,100,0,0,0,0,0,0,45,0,0,15
477,1472,7.01786,393,100,0,0,0,0,0,0,37,0,0,19
478,1516,6.94737,396,100,0,0,0,0,0,0,39,0,0,18
479,1652,6.86441,405,100,0,0,0,0,0,0,42,0,0,17
480,1644,6.67241,387,100,0,0,0,0,0,0,45,0,0,13
481,1656,6.77586,393,100,0,0,0,0,0,0,43,0,0,15
482,1648,6.88889,372,100,0,0,0,0,0,0,38,0,0,16
483,1576,6.70909,369,100,0,0,0,0,0,0,42,0,0,13
484,1300,6.86538,357,100,0,0,0,0,0,0,37,0,0,15
485,1600,6.81356,402,100,0,0,0,0,0,0,43,0,0,16
486,1728,6.72222,363,100,0,0,0,0,0,0,41,0,0,13
487,1548,6.76271,399,100,0,0,0,0,0,0,44,0,0,15
488,1772,6.93103,402,100,0,0,0,0,0,0,40,0,0,18
489,1776,6.96226,369,100,0,0,0,0,0,0,36,0,0,17
490,1932,7.03636,387,100,0,0,0,0,0,0,36,0,0,19
491,1984,6.80769,354,100,0,0,0,0,0,0,38,0,0,14
492,2164,6.78947,387,100,0,0,0,0,0,0,42,0,0,15
493,2008,6.94737,396,100,0,0,0,0,0,0,39,0,0,18
494,1816,6.91304,318,100,0,0,0,0,0,0,32,0,0,14
495,2040,6.77778,366,100,0,0,0,0,0,0,40,0,0,14
496,2004,6.79245,360,100,0,0,0,0,0,0,39,0,0,14
497,1968,6.63158,378,100,0,0,0,0,0,0,45,0,0,12
498,1700,6.62264,351,100,0,0,0,0,0,0,42,0,0,11
499,2032,7.13208,378,100,0,0,0,0,0,0,33,0,0,20
500,2080,7.15385,372,100,0,0,0,0,0,0,32,0,0,20
501,2020,7.125,399,100,0,0,0,0,0,0,35,0,0,21
502,1968,6.89474,393,100,0,0,0,0,0,0,40,0,0,17
503,1892,6.98276,405,100,0,0,0,0,0,0,39,0,0,19
504,1900,6.78947,387,100,0,0,0,0,0,0,42,0,0,15
505,1820,6.48214,363,100,0,0,0,0,0,0,47,0,0,9
506,1772,6.67241,387,100,0,0,0,0,0,0,45,0,0,13
507,1904,6.58929,369,100,0,0,0,0,0,0,45,0,0,11
508,1928,6.43636,354,100,0,0,0,0,0,0,47,0,0,8
509,2076,6.64286,372,100,0,0,0,0,0,0,44,0,0,12
510,1672,6.52941,333,100,0,0,0,0,0,0,42,0,0,9
511,1640,6.70588,342,100,0,0,0,0,0,0,39,0,0,12
512,1820,6.64286,372,100,0,0,0,0,0,0,44,0,0,12
513,1572,6.51724,378,100,0,0,0,0,0,0,48,0,0,10
514,1676,6.61017,390,100,0,0,0,0,0,0,47,0,0,12
515,1564,6.65,399,100,0,0,0,0,0,0,47,0,0,13
516,1684,6.7619,426,100,0,0,0,0,0,0,47,0,0,16
517,1624,6.7,402,100,0,0,0,0,0,0,46,0,0,14
518,1452,6.67742,414,100,0,0,0,0,0,0,48,0,0,14
519,1660,6.91525,408,100,0,0,0,0,0,0,41,0,0,18
520,1332,7.03636,387,100,0,0,0,0,0,0,36,0,0,19
521,1848,6.98182,384,100,0,0,0,0,0,0,37,0,0,18
522,1776,6.96429,390,100,0,0,0,0,0,0,38,0,0,18
523,1672,7.01887,372,100,0,0,0,0,0,0,35,0,0,18
524,1400,6.62069,384,100,0,0,0,0,0,0,46,0,0,12
525,1588,6.94737,396,100,0,0,0,0,0,0,39,0,0,18
526,1500,6.69643,375,100,0,0,0,0,0,0,43,0,0,13
527,1656,7.05,423,100,0,0,0,0,0,0,39,0,0,21
528,1528,6.81356,402,100,0,0,0,0,0,0,43,0,0,16
529,1380,6.80357,381,100,0,0,0,0,0,0,41,0,0,15
530,1700,6.84211,390,100,0,0,0,0,0,0,41,0,0,16
531,1492,6.72414,390,100,0,0,0,0,0,0,44,0,0,14
532,1432,6.83607,417,100,0,0,0,0,0,0,44,0,0,17
533,1404,6.94737,396,100,0,0,0,0,0,0,39,0,0,18
534,1424,6.98182,384,100,0,0,0,0,0,0,37,0,0,18
535,1744,7.01695,414,100,0,0,0,0,0,0,39,0,0,20
536,1832,6.91525,408,100,0,0,0,0,0,0,41,0,0,18
537,1704,6.83333,369,100,0,0,0,0,0,0,39,0,0,15
538,1496,6.72414,390,100,0,0,0,0,0,0,44,0,0,14
539,1592,6.84906,363,100,0,0,0,0,0,0,38,0,0,15
540,1776,7,420,100,0,0,0,0,0,0,40,0,0,20
541,1680,6.98361,426,100,0,0,0,0,0,0,41,0,0,20
542,1768,7.1,426,100,0,0,0,0,0,0,38,0,0,22
543,1424,7.07143,396,100,0,0,0,0,0,0,36,0,0,20
544,1544,7.07143,396,100,0,0,0,0,0,0,36,0,0,20
545,1684,6.96429,390,100,0,0,0,0,0,0,38,0,0,18
546,1436,7.2,360,100,0,0,0,0,0,0,30,0,0,20
547,1604,7.35849,390,100,0,0,0,0,0,0,29,0,0,24
548,1612,6.95,417,100,0,0,0,0,0,0,41,0,0,19
549,1820,7.25455,399,100,0,0,0,0,0,0,32,0,0,23
550,1668,7.17857,402,100,0,0,0,0,0,0,34,0,0,22
551,1800,7.34483,426,100,0,0,0,0,0,0,32,0,0,26
552,1784,7.01695,414,100,0,0,0,0,0,0,39,0,0,20
553,1664,6.95,417,100,0,0,0,0,0,0,41,0,0,19
554,1716,7.47368,426,100,0,0,0,0,0,0,29,0,0,28
555,1920,7.38095,465,100,0,0,0,0,0,0,34,0,0,29
556,1764,6.95,417,100,0,0,0,0,0,0,41,0,0,19
557,1720,7.15789,408,100,0,0,0,0,0,0,35,0,0,22
558,1772,7.14545,393,100,0,0,0,0,0,0,34,0,0,21
559,1748,7.42105,423,100,0,0,0,0,0,0,30,0,0,27
560,2328,7.4,444,100,0,0,0,0,0,0,32,0,0,28
561,2312,7.52632,429,100,0,0,0,0,0,0,28,0,0,29
562,2440,7.28571,408,100,0,0,0,0,0,0,32,0,0,24
563,2008,7.5,360,100,0,0,0,0,0,0,24,0,0,24
564,1872,7.32,366,100,0,0,0,0,0,0,28,0,0,22
565,2332,7.60345,441,100,0,0,0,0,0,0,27,0,0,31
566,2004,7.37288,435,100,0,0,0,0,0,0,32,0,0,27
567,2180,7.23214,405,100,0,0,0,0,0,0,33,0,0,23
568,1892,7.47273,411,100,0,0,0,0,0,0,28,0,0,27
569,1580,7.32203,432,100,0,0,0,0,0,0,33,0,0,26
570,1836,7.42623,453,100,0,0,0,0,0,0,32,0,0,29
571,2068,7.58182,417,100,0,0,0,0,0,0,26,0,0,29
572,2080,7.22951,441,100,0,0,0,0,0,0,36,0,0,25
573,1612,7.23214,405,100,0,0,0,0,0,0,33,0,0,23
574,1828,7.21053,411,100,0,0,0,0,0,0,34,0,0,23
575,1508,7.38889,399,100,0,0,0,0,0,0,29,0,0,25
576,1684,7.21053,411,100,0,0,0,0,0,0,34,0,0,23
577,1608,7.60714,426,100,0,0,0,0,0,0,26,0,0,30
578,1760,7.2931,423,100,0,0,0,0,0,0,33,0,0,25
579,1920,7.38889,399,100,0,0,0,0,0,0,29,0,0,25
580,1892,7.10526,405,100,0,0,0,0,0,0,36,0,0,21
581,1752,7.30909,402,100,0,0,0,0,0,0,31,0,0,24
582,2068,7.0678,417,100,0,0,0,0,0,0,38,0,0,21
583,2108,6.9661,411,100,0,0,0,0,0,0,40,0,0,19
584,1756,7.08621,411,100,0,0,0,0,0,0,37,0,0,21
585,1752,7.03279,429,100,0,0,0,0,0,0,40,0,0,21
586,1636,7.11111,384,100,0,0,0,0,0,0,34,0,0,20
587,1860,7.25455,399,100,0,0,0,0,0,0,32,0,0,23
588,1804,7.05556,381,100,0,0,0,0,0,0,35,0,0,19
589,2008,7.25455,399,100,0,0,0,0,0,0,32,0,0,23
590,1704,7.14545,393,100,0,0,0,0,0,0,34,0,0,21
591,1536,7.44,372,100,0,0,0,0,0,0,26,0,0,24
592,1612,6.98276,405,100,0,0,0,0,0,0,39,0,0,19
593,1812,7.20968,447,100,0,0,0,0,0,0,37,0,0,25
594,1448,7,399,100,0,0,0,0,0,0,38,0,0,19
595,1696,7.03636,387,100,0,0,0,0,0,0,36,0,0,19
596,1520,7.24528,384,100,0,0,0,0,0,0,31,0,0,22
597,1824,7.13208,378,100,0,0,0,0,0,0,33,0,0,20
598,1772,6.91071,387,100,0,0,0,0,0,0,39,0,0,17
599,1444,6.94444,375,100,0,0,0,0,0,0,37,0,0,17
600,1708,7.03636,387,100,0,0,0,0,0,0,36,0,0,19
601,1608,6.84211,390,100,0,0,0,0,0,0,41,0,0,16
602,1776,7,420,100,0,0,0,0,0,0,40,0,0,20
603,1656,7.24528,384,100,0,0,0,0,0,0,31,0,0,22
604,1828,6.95,417,100,0,0,0,0,0,0,41,0,0,19
605,1672,6.87931,399,100,0,0,0,0,0,0,41,0,0,17
606,1632,6.73684,384,100,0,0,0,0,0,0,43,0,0,14
607,1464,6.58929,369,100,0,0,0,0,0,0,45,0,0,11
608,1616,6.66667,360,100,0,0,0,0,0,0,42,0,0,12
609,1784,6.65455,366,100,0,0,0,0,0,0,43,0,0,12
610,1436,6.48,324,100,0,0,0,0,0,0,42,0,0,8
611,1360,6.65455,366,100,0,0,0,0,0,0,43,0,0,12
612,1560,6.64286,372,100,0,0,0,0,0,0,44,0,0,12
613,1484,6.56897,381,100,0,0,0,0,0,0,47,0,0,11
614,1648,6.50847,384,100,0,0,0,0,0,0,49,0,0,10
615,1932,6.36207,369,100,0,0,0,0,0,0,51,0,0,7
616,1688,6.42857,360,100,0,0,0,0,0,0,48,0,0,8
617,1724,6.56604,348,100,0,0,0,0,0,0,43,0,0,10
618,2128,6.93103,402,100,0,0,0,0,0,0,40,0,0,18
619,1924,6.76364,372,100,0,0,0,0,0,0,41,0,0,14
620,1976,6.63158,378,100,0,0,0,0,0,0,45,0,0,12
621,2116,6.78689,414,100,0,0,0,0,0,0,45,0,0,16
622,2172,6.7,402,100,0,0,0,0,0,0,46,0,0,14
623,1964,6.7377,411,100,0,0,0,0,0,0,46,0,0,15
624,2268,6.81356,402,100,0,0,0,0,0,0,43,0,0,16
625,1780,6.55556,354,100,0,0,0,0,0,0,44,0,0,10
626,2168,6.56897,381,100,0,0,0,0,0,0,47,0,0,11
627,1724,6.45763,381,100,0,0,0,0,0,0,50,0,0,9
628,1912,6.43548,399,100,0,0,0,0,0,0,53,0,0,9
629,1932,6.48387,402,100,0,0,0,0,0,0,52,0,0,10
630,2324,6.32812,405,100,0,0,0,0,0,0,57,0,0,7
631,2396,6.5625,420,100,0,0,0,0,0,0,52,0,0,12
632,2116,6.56897,381,100,0,0,0,0,0,0,47,0,0,11
633,2248,6.78947,387,100,0,0,0,0,0,0,42,0,0,15
634,2164,6.98182,384,100,0,0,0,0,0,0,37,0,0,18
635,2152,6.72414,390,100,0,0,0,0,0,0,44,0,0,14
636,2244,6.78947,387,100,0,0,0,0,0,0,42,0,0,15
637,1996,6.76271,399,100,0,0,0,0,0,0,44,0,0,15
638,1840,6.78689,414,100,0,0,0,0,0,0,45,0,0,16
639,1936,6.8,408,100,0,0,0,0,0,0,44,0,0,16
640,1908,6.78689,414,100,0,0,0,0,0,0,45,0,0,16
641,1972,6.91525,408,100,0,0,0,0,0,0,41,0,0,18
642,1972,6.95,417,100,0,0,0,0,0,0,41,0,0,19
643,2128,7.03279,429,100,0,0,0,0,0,0,40,0,0,21
644,2036,6.88889,372,100,0,0,0,0,0,0,38,0,0,16
645,2008,6.96429,390,100,0,0,0,0,0,0,38,0,0,18
646,2016,6.87931,399,100,0,0,0,0,0,0,41,0,0,17
647,2028,7.0678,417,100,0,0,0,0,0,0,38,0,0,21
648,1664,7.38889,399,100,0,0,0,0,0,0,29,0,0,25
649,1728,6.80357,381,100,0,0,0,0,0,0,41,0,0,15
650,1932,6.8,408,100,0,0,0,0,0,0,44,0,0,16
651,1592,6.9661,411,100,0,0,0,0,0,0,40,0,0,19
652,1960,7,420,100,0,0,0,0,0,0,40,0,0,20
653,1764,6.90476,435,100,0,0,0,0,0,0,44,0,0,19
654,1556,6.86538,357,100,0,0,0,0,0,0,37,0,0,15
655,1496,6.57895,375,100,0,0,0,0,0,0,46,0,0,11
656,1760,6.73684,384,100,0,0,0,0,0,0,43,0,0,14
657,1676,6.72414,390,100,0,0,0,0,0,0,44,0,0,14
658,2004,6.91071,387,100,0,0,0,0,0,0,39,0,0,17
659,1976,7.125,399,100,0,0,0,0,0,0,35,0,0,21
660,1732,6.78947,387,100,0,0,0,0,0,0,42,0,0,15
661,1720,6.85714,384,100,0,0,0,0,0,0,40,0,0,16
662,1756,7.07143,396,100,0,0,0,0,0,0,36,0,0,20
663,1748,6.93103,402,100,0,0,0,0,0,0,40,0,0,18
664,1724,6.93103,402,100,0,0,0,0,0,0,40,0,0,18
665,1820,6.81356,402,100,0,0,0,0,0,0,43,0,0,16
666,1748,6.82759,396,100,0,0,0,0,0,0,42,0,0,16
667,1588,6.78689,414,100,0,0,0,0,0,0,45,0,0,16
668,2092,7.08621,411,100,0,0,0,0,0,0,37,0,0,21
669,2008,7.05,423,100,0,0,0,0,0,0,39,0,0,21
670,1772,7.03636,387,100,0,0,0,0,0,0,36,0,0,19
671,1952,6.81356,402,100,0,0,0,0,0,0,43,0,0,16
672,1804,6.8,408,100,0,0,0,0,0,0,44,0,0,16
673,2396,6.83607,417,100,0,0,0,0,0,0,44,0,0,17
674,2504,6.85,411,100,0,0,0,0,0,0,43,0,0,17
675,2244,6.87273,378,100,0,0,0,0,0,0,39,0,0,16
676,2372,7.23214,405,100,0,0,0,0,0,0,33,0,0,23
677,2260,6.83333,369,100,0,0,0,0,0,0,39,0,0,15
678,2116,7.10526,405,100,0,0,0,0,0,0,36,0,0,21
679,1880,6.98361,426,100,0,0,0,0,0,0,41,0,0,20
680,2068,6.83607,417,100,0,0,0,0,0,0,44,0,0,17
681,1196,6.33962,336,100,0,0,0,0,0,0,47,0,0,6
682,1192,6.45763,381,100,0,0,0,0,0,0,50,0,0,9
683,1112,6.49091,357,100,0,0,0,0,0,0,46,0,0,9
684,1316,6.7,402,100,0,0,0,0,0,0,46,0,0,14
685,1816,6.62903,411,100,0,0,0,0,0,0,49,0,0,13
686,1352,6.58929,369,100,0,0,0,0,0,0,45,0,0,11
687,1464,6.96552,404,100,0,0,0,0,0,0,39,0,1,18
688,1544,6.94737,396,100,0,0,0,0,0,0,39,0,0,18
689,1460,6.77586,393,100,0,0,0,0,0,0,43,0,0,15
690,1684,6.7,402,100,0,0,0,0,0,0,46,0,0,14
691,1636,6.80769,354,100,0,0,0,0,0,0,38,0,0,14
692,1700,7.07143,396,100,0,0,0,0,0,0,36,0,0,20
693,1856,7,378,100,0,0,0,0,0,0,36,0,0,18
694,2324,7.06452,438,100,0,0,0,0,0,0,40,0,0,22
695,2180,7.08621,411,100,0,0,0,0,0,0,37,0,0,21
696,2172,6.93103,402,100,0,0,0,0,0,0,40,0,0,18
697,2452,6.9661,411,100,0,0,0,0,0,0,40,0,0,19
698,1940,7.14545,393,100,0,0,0,0,0,0,34,0,0,21
699,1680,6.81818,375,100,0,0,0,0,0,0,40,0,0,15
700,1932,6.9,414,100,0,0,0,0,0,0,42,0,0,18
701,1872,6.68421,381,100,0,0,0,0,0,0,44,0,0,13
702,1808,6.77419,420,100,0,0,0,0,0,0,46,0,0,16
703,1640,6.76364,372,100,0,0,0,0,0,0,41,0,0,14
704,1804,6.85714,384,100,0,0,0,0,0,0,40,0,0,16
705,1752,6.89474,393,100,0,0,0,0,0,0,40,0,0,17
706,1712,6.96429,390,100,0,0,0,0,0,0,38,0,0,18
707,1940,7.20968,447,100,0,0,0,0,0,0,37,0,0,25
708,1652,7.18966,417,100,0,0,0,0,0,0,35,0,0,23
709,1776,7.08197,432,100,0,0,0,0,0,0,39,0,0,22
710,1808,7.03636,387,100,0,0,0,0,0,0,36,0,0,19
711,1852,7.3,438,100,0,0,0,0,0,0,34,0,0,26
712,1784,7.15789,408,100,0,0,0,0,0,0,35,0,0,22
713,2008,7.52542,444,100,0,0,0,0,0,0,29,0,0,30
714,2128,7.47541,456,100,0,0,0,0,0,0,31,0,0,30
715,2232,7.2381,456,100,0,0,0,0,0,0,37,0,0,26
716,1676,7.2,396,100,0,0,0,0,0,0,33,0,0,22
717,1972,7.18966,417,100,0,0,0,0,0,0,35,0,0,23
718,2104,7.10526,405,100,0,0,0,0,0,0,36,0,0,21
719,1928,7.13793,414,100,0,0,0,0,0,0,36,0,0,22
720,1988,6.98182,384,100,0,0,0,0,0,0,37,0,0,18
721,2108,6.87931,399,100,0,0,0,0,0,0,41,0,0,17
722,2156,6.96429,390,100,0,0,0,0,0,0,38,0,0,18
723,1728,6.86441,405,100,0,0,0,0,0,0,42,0,0,17
724,1568,6.85714,384,100,0,0,0,0,0,0,40,0,0,16
725,1708,6.84211,390,100,0,0,0,0,0,0,41,0,0,16
726,1968,6.55932,387,100,0,0,0,0,0,0,48,0,0,11
727,1736,6.67925,354,100,0,0,0,0,0,0,41,0,0,12
728,1628,6.68421,381,100,0,0,0,0,0,0,44,0,0,13
729,1824,6.68421,381,100,0,0,0,0,0,0,44,0,0,13
730,1740,6.36207,369,100,0,0,0,0,0,0,51,0,0,7
731,1856,6.43636,354,100,0,0,0,0,0,0,47,0,0,8
732,1840,6.49091,357,100,0,0,0,0,0,0,46,0,0,9
733,1528,6.50847,384,100,0,0,0,0,0,0,49,0,0,10
734,1624,6.75,405,100,0,0,0,0,0,0,45,0,0,15
735,1452,6.6,396,100,0,0,0,0,0,0,48,0,0,12
736,1332,6.4918,396,100,0,0,0,0,0,0,51,0,0,10
737,1508,6.71186,396,100,0,0,0,0,0,0,45,0,0,14
738,1340,6.56604,348,100,0,0,0,0,0,0,43,0,0,10
739,1308,6.38182,351,100,0,0,0,0,0,0,48,0,0,7
740,1204,6.33333,342,100,0,0,0,0,0,0,48,0,0,6
741,1468,6.45,387,100,0,0,0,0,0,0,51,0,0,9
742,1292,6.44444,348,100,0,0,0,0,0,0,46,0,0,8
743,1144,6.16981,327,100,0,0,0,0,0,0,50,0,0,3
744,1188,6.55556,354,100,0,0,0,0,0,0,44,0,0,10
745,1172,6.32727,348,100,0,0,0,0,0,0,49,0,0,6
746,1124,6.25424,369,100,0,0,0,0,0,0,54,0,0,5
747,1212,6.23333,374,100,0,0,0,0,0,0,55,0,1,4
748,1180,6.36842,363,100,0,0,0,0,0,0,50,0,0,7
749,1488,6.39344,390,100,0,0,0,0,0,0,53,0,0,8
750,1648,6.28571,396,100,0,0,0,0,0,0,57,0,0,6
751,1884,6.31343,423,100,0,0,0,0,0,0,60,0,0,7
752,1752,6.4918,396,100,0,0,0,0,0,0,51,0,0,10
753,1996,6.68421,381,100,0,0,0,0,0,0,44,0,0,13
754,1980,6.54098,399,100,0,0,0,0,0,0,50,0,0,11
755,1448,6.45763,381,100,0,0,0,0,0,0,50,0,0,9
756,1288,6.4918,396,100,0,0,0,0,0,0,51,0,0,10
757,1568,6.43636,354,100,0,0,0,0,0,0,47,0,0,8
758,1552,6.45,387,100,0,0,0,0,0,0,51,0,0,9
759,1392,6.42857,360,100,0,0,0,0,0,0,48,0,0,8
760,1384,6.38889,345,100,0,0,0,0,0,0,47,0,0,7
761,1408,6.16981,327,100,0,0,0,0,0,0,50,0,0,3
762,1280,6.22642,330,100,0,0,0,0,0,0,49,0,0,4
763,1520,6.25,375,100,0,0,0,0,0,0,55,0,0,5
764,1492,6.15789,351,100,0,0,0,0,0,0,54,0,0,3
765,1580,6.27778,339,100,0,0,0,0,0,0,49,0,0,5
766,1712,6.20339,366,100,0,0,0,0,0,0,55,0,0,4
767,1704,6.16667,333,100,0,0,0,0,0,0,51,0,0,3
768,2164,6.27273,414,100,0,0,0,0,0,0,60,0,0,6
769,1852,6.35593,375,100,0,0,0,0,0,0,52,0,0,7
770,1596,6.2069,360,100,0,0,0,0,0,0,54,0,0,4
771,1568,6.21053,354,100,0,0,0,0,0,0,53,0,0,4
772,1748,6.38182,351,100,0,0,0,0,0,0,48,0,0,7
773,1792,6.56897,381,100,0,0,0,0,0,0,47,0,0,11
774,1528,6.46552,375,100,0,0,0,0,0,0,49,0,0,9
775,1752,6.44262,393,100,0,0,0,0,0,0,52,0,0,9
776,1476,6.31579,360,100,0,0,0,0,0,0,51,0,0,6
777,1224,6.31034,366,100,0,0,0,0,0,0,52,0,0,6
778,1108,6.22222,336,100,0,0,0,0,0,0,50,0,0,4
779,1532,6.43636,354,100,0,0,0,0,0,0,47,0,0,8
780,1536,6.40678,378,100,0,0,0,0,0,0,51,0,0,8
781,1456,6.375,357,100,0,0,0,0,0,0,49,0,0,7
782,1688,6.36207,369,100,0,0,0,0,0,0,51,0,0,7
783,1668,6.40678,378,100,0,0,0,0,0,0,51,0,0,8
784,1676,6.33333,399,100,0,0,0,0,0,0,56,0,0,7
785,1900,6.51724,378,100,0,0,0,0,0,0,48,0,0,10
786,1780,6.6,396,100,0,0,0,0,0,0,48,0,0,12
787,1720,6.46552,375,100,0,0,0,0,0,0,49,0,0,9
788,1684,6.47368,369,100,0,0,0,0,0,0,48,0,0,9
789,1748,6.57692,342,100,0,0,0,0,0,0,42,0,0,10
790,1572,6.51724,378,100,0,0,0,0,0,0,48,0,0,10
791,1500,6.26316,357,100,0,0,0,0,0,0,52,0,0,5
792,1288,6.41379,372,100,0,0,0,0,0,0,50,0,0,8
793,1276,6.38182,351,100,0,0,0,0,0,0,48,0,0,7
794,1480,6.25862,363,100,0,0,0,0,0,0,53,0,0,5
795,1480,6.43636,354,100,0,0,0,0,0,0,47,0,0,8
796,1504,6.36207,369,100,0,0,0,0,0,0,51,0,0,7
797,1496,6.31579,360,100,0,0,0,0,0,0,51,0,0,6
798,1392,6.36735,312,100,0,0,0,0,0,0,43,0,0,6
799,1584,6.42105,366,100,0,0,0,0,0,0,49,0,0,8
800,1536,6.36207,369,100,0,0,0,0,0,0,51,0,0,7
801,1568,6.4,384,100,0,0,0,0,0,0,52,0,0,8
802,1488,6.2459,381,100,0,0,0,0,0,0,56,0,0,5
803,1476,6.39623,339,100,0,0,0,0,0,0,46,0,0,7
804,1412,6.2,372,100,0,0,0,0,0,0,56,0,0,4
805,1636,6.20339,366,100,0,0,0,0,0,0,55,0,0,4
806,1680,6.36207,369,100,0,0,0,0,0,0,51,0,0,7
807,1560,6.41379,372,100,0,0,0,0,0,0,50,0,0,8
808,1784,6.61017,390,100,0,0,0,0,0,0,47,0,0,12
809,1724,6.67241,387,100,0,0,0,0,0,0,45,0,0,13
810,1920,6.68852,408,100,0,0,0,0,0,0,47,0,0,14
811,1744,6.56897,381,100,0,0,0,0,0,0,47,0,0,11
812,1592,6.42857,360,100,0,0,0,0,0,0,48,0,0,8
813,2064,6.86441,405,100,0,0,0,0,0,0,42,0,0,17
814,2076,6.67742,414,100,0,0,0,0,0,0,48,0,0,14
815,1448,6.5,351,100,0,0,0,0,0,0,45,0,0,9
816,1676,6.91071,387,100,0,0,0,0,0,0,39,0,0,17
817,1820,6.7377,411,100,0,0,0,0,0,0,46,0,0,15
818,1668,6.58065,408,100,0,0,0,0,0,0,50,0,0,12
819,1572,6.46154,420,100,0,0,0,0,0,0,55,0,0,10
820,1704,6.33871,393,100,0,0,0,0,0,0,55,0,0,7
821,1724,6.39344,390,100,0,0,0,0,0,0,53,0,0,8
822,1588,6.76271,399,100,0,0,0,0,0,0,44,0,0,15
823,1560,6.85714,384,100,0,0,0,0,0,0,40,0,0,16
824,1664,7.11111,384,100,0,0,0,0,0,0,34,0,0,20
825,1556,7.14815,386,100,0,0,0,0,0,0,33,0,1,20
826,1624,7.14815,386,100,0,0,0,0,0,0,33,0,1,20
827,1612,7.15789,408,100,0,0,0,0,0,0,35,0,0,22
828,1480,7.14,357,100,0,0,0,0,0,0,31,0,0,19
829,1636,7.13793,414,100,0,0,0,0,0,0,36,0,0,22
830,1620,7.11864,420,100,0,0,0,0,0,0,37,0,0,22
831,1296,6.76364,372,100,0,0,0,0,0,0,41,0,0,14
832,1444,6.84906,363,100,0,0,0,0,0,0,38,0,0,15
833,1672,6.87931,399,100,0,0,0,0,0,0,41,0,0,17
834,1480,6.92727,381,100,0,0,0,0,0,0,38,0,0,17
835,1636,6.85714,384,100,0,0,0,0,0,0,40,0,0,16
836,1756,6.93103,402,100,0,0,0,0,0,0,40,0,0,18
837,1764,7.15,429,100,0,0,0,0,0,0,37,0,0,23
838,1648,7.11111,384,100,0,0,0,0,0,0,34,0,0,20
839,1252,6.82258,423,100,0,0,0,0,0,0,45,0,0,17
840,1544,7.13793,414,100,0,0,0,0,0,0,36,0,0,22
841,1368,6.9661,411,100,0,0,0,0,0,0,40,0,0,19
842,1012,6.67241,387,100,0,0,0,0,0,0,45,0,0,13
843,1268,6.57895,375,100,0,0,0,0,0,0,46,0,0,11
844,1456,6.51724,378,100,0,0,0,0,0,0,48,0,0,10
845,1348,6.5,390,100,0,0,0,0,0,0,50,0,0,10
846,1348,6.63158,378,100,0,0,0,0,0,0,45,0,0,12
847,1360,6.88889,372,100,0,0,0,0,0,0,38,0,0,16
848,1444,6.7,402,100,0,0,0,0,0,0,46,0,0,14
849,1292,6.73585,357,100,0,0,0,0,0,0,40,0,0,13
850,1548,6.77586,393,100,0,0,0,0,0,0,43,0,0,15
851,1724,6.61905,417,100,0,0,0,0,0,0,50,0,0,13
852,1556,6.68421,381,100,0,0,0,0,0,0,44,0,0,13
853,1580,6.81818,375,100,0,0,0,0,0,0,40,0,0,15
854,1728,6.62069,384,100,0,0,0,0,0,0,46,0,0,12
855,1824,6.76271,399,100,0,0,0,0,0,0,44,0,0,15
856,2108,6.44444,348,100,0,0,0,0,0,0,46,0,0,8
857,1696,6.53571,366,100,0,0,0,0,0,0,46,0,0,10
858,2144,6.4,384,100,0,0,0,0,0,0,52,0,0,8
859,2280,6.42857,405,100,0,0,0,0,0,0,54,0,0,9
860,2096,6.3,378,100,0,0,0,0,0,0,54,0,0,6
861,2220,6.46154,420,100,0,0,0,0,0,0,55,0,0,10
862,2300,6.47368,369,100,0,0,0,0,0,0,48,0,0,9
863,1944,6.5,390,100,0,0,0,0,0,0,50,0,0,10
864,1808,6.38182,351,100,0,0,0,0,0,0,48,0,0,7
865,1336,6.4,384,100,0,0,0,0,0,0,52,0,0,8
866,1416,6.3871,396,100,0,0,0,0,0,0,54,0,0,8
867,1376,6.2,372,100,0,0,0,0,0,0,56,0,0,4
868,1704,6.1791,414,100,0,0,0,0,0,0,63,0,0,4
869,1736,6.18462,402,100,0,0,0,0,0,0,61,0,0,4
870,1992,6.26087,432,100,0,0,0,0,0,0,63,0,0,6
871,1168,6.27273,414,100,0,0,0,0,0,0,60,0,0,6
872,1384,6.36364,420,100,0,0,0,0,0,0,58,0,0,8
873,1568,6.26471,426,100,0,0,0,0,0,0,62,0,0,6
874,1436,6.35593,375,100,0,0,0,0,0,0,52,0,0,7
875,1716,6.42857,405,100,0,0,0,0,0,0,54,0,0,9
876,1944,6.2459,381,100,0,0,0,0,0,0,56,0,0,5
877,1688,6.2459,381,100,0,0,0,0,0,0,56,0,0,5
878,1640,6.10169,360,100,0,0,0,0,0,0,57,0,0,2
879,1584,6.21429,348,100,0,0,0,0,0,0,52,0,0,4
880,1896,6.29032,390,100,0,0,0,0,0,0,56,0,0,6
881,1916,6.23077,405,100,0,0,0,0,0,0,60,0,0,5
882,1940,6.14754,375,100,0,0,0,0,0,0,58,0,0,3
883,1684,6.13636,405,100,0,0,0,0,0,0,63,0,0,3
884,1368,6.27778,339,100,0,0,0,0,0,0,49,0,0,5
885,1560,6.2,372,100,0,0,0,0,0,0,56,0,0,4
886,1492,6.2459,381,100,0,0,0,0,0,0,56,0,0,5
887,1596,6.29508,384,100,0,0,0,0,0,0,55,0,0,6
888,1360,6.15789,351,100,0,0,0,0,0,0,54,0,0,3
889,1220,6.19355,384,100,0,0,0,0,0,0,58,0,0,4
890,1040,6.2069,360,100,0,0,0,0,0,0,54,0,0,4
891,1236,6.19048,390,100,0,0,0,0,0,0,59,0,0,4
892,1304,6.09677,378,100,0,0,0,0,0,0,60,0,0,2
893,1284,6.04286,423,100,0,0,0,0,0,0,69,0,0,1
894,1128,6.10345,354,100,0,0,0,0,0,0,56,0,0,2
895,1136,6.10526,348,100,0,0,0,0,0,0,55,0,0,2
896,1240,6.26316,357,100,0,0,0,0,0,0,52,0,0,5
897,1344,6.33333,399,100,0,0,0,0,0,0,56,0,0,7
898,1284,6.36207,369,100,0,0,0,0,0,0,51,0,0,7
899,1168,6.32143,354,100,0,0,0,0,0,0,50,0,0,6
900,1236,6.40678,378,100,0,0,0,0,0,0,51,0,0,8
901,1624,6.59016,402,100,0,0,0,0,0,0,49,0,0,12
902,1408,6.48214,363,100,0,0,0,0,0,0,47,0,0,9
903,1572,6.56897,381,100,0,0,0,0,0,0,47,0,0,11
904,1504,6.63158,378,100,0,0,0,0,0,0,45,0,0,12
905,1636,6.6,396,100,0,0,0,0,0,0,48,0,0,12
906,1704,6.65,399,100,0,0,0,0,0,0,47,0,0,13
907,1448,6.68421,381,100,0,0,0,0,0,0,44,0,0,13
908,1316,6.73684,384,100,0,0,0,0,0,0,43,0,0,14
909,1284,6.51724,378,100,0,0,0,0,0,0,48,0,0,10
910,1492,6.68421,381,100,0,0,0,0,0,0,44,0,0,13
911,1556,6.67742,414,100,0,0,0,0,0,0,48,0,0,14
912,1532,6.62069,384,100,0,0,0,0,0,0,46,0,0,12
913,1596,6.33871,393,100,0,0,0,0,0,0,55,0,0,7
914,1456,6.36207,369,100,0,0,0,0,0,0,51,0,0,7
915,1392,6.32727,348,100,0,0,0,0,0,0,49,0,0,6
916,1208,6.15517,357,100,0,0,0,0,0,0,55,0,0,3
917,1220,6.26316,357,100,0,0,0,0,0,0,52,0,0,5
918,1288,6.63158,378,100,0,0,0,0,0,0,45,0,0,12
919,1384,6.6,363,100,0,0,0,0,0,0,44,0,0,11
920,1528,6.71186,396,100,0,0,0,0,0,0,45,0,0,14
921,1256,6.56604,348,100,0,0,0,0,0,0,43,0,0,10
922,1452,6.57895,375,100,0,0,0,0,0,0,46,0,0,11
923,1320,6.64286,372,100,0,0,0,0,0,0,44,0,0,12
924,1376,6.6,396,100,0,0,0,0,0,0,48,0,0,12
925,1652,6.7,402,100,0,0,0,0,0,0,46,0,0,14
926,1776,6.76271,399,100,0,0,0,0,0,0,44,0,0,15
927,1828,6.84211,390,100,0,0,0,0,0,0,41,0,0,16
928,1600,6.64615,432,100,0,0,0,0,0,0,51,0,0,14
929,1608,6.9661,411,100,0,0,0,0,0,0,40,0,0,19
930,1504,6.81356,402,100,0,0,0,0,0,0,43,0,0,16
931,1400,6.5,390,100,0,0,0,0,0,0,50,0,0,10
932,1220,6.56897,381,100,0,0,0,0,0,0,47,0,0,11
933,1656,6.83607,417,100,0,0,0,0,0,0,44,0,0,17
934,1488,6.78947,387,100,0,0,0,0,0,0,42,0,0,15
935,1584,6.86441,405,100,0,0,0,0,0,0,42,0,0,17
936,1824,6.63636,438,100,0,0,0,0,0,0,52,0,0,14
937,1540,6.55,393,100,0,0,0,0,0,0,49,0,0,11
938,1420,6.62069,384,100,0,0,0,0,0,0,46,0,0,12
939,1508,6.77419,420,100,0,0,0,0,0,0,46,0,0,16
940,1396,6.50769,423,100,0,0,0,0,0,0,54,0,0,11
941,1576,6.41538,417,100,0,0,0,0,0,0,56,0,0,9
942,1280,6.45763,381,100,0,0,0,0,0,0,50,0,0,9
943,1360,6.44262,393,100,0,0,0,0,0,0,52,0,0,9
944,1556,6.3871,396,100,0,0,0,0,0,0,54,0,0,8
945,1492,6.38889,345,100,0,0,0,0,0,0,47,0,0,7
946,1596,6.31034,366,100,0,0,0,0,0,0,52,0,0,6
947,1448,6.31034,366,100,0,0,0,0,0,0,52,0,0,6
948,1292,6.26866,420,100,0,0,0,0,0,0,61,0,0,6
949,1268,6.25862,363,100,0,0,0,0,0,0,53,0,0,5
950,1228,6.14062,393,100,0,0,0,0,0,0,61,0,0,3
951,1304,6.27419,389,100,0,0,0,0,0,0,56,0,1,5
952,1532,6.28333,377,100,0,0,0,0,0,0,54,0,1,5
953,1796,6.39394,422,100,0,0,0,0,0,0,57,0,1,8
954,1688,6.36364,350,100,0,0,0,0,0,0,48,0,1,6
955,1768,6.52632,372,100,0,0,0,0,0,0,47,0,0,10
956,1216,6.32143,354,100,0,0,0,0,0,0,50,0,0,6
957,1484,6.43548,399,100,0,0,0,0,0,0,53,0,0,9
958,1352,6.42105,366,100,0,0,0,0,0,0,49,0,0,8
959,1408,6.6,363,100,0,0,0,0,0,0,44,0,0,11
960,1408,6.56604,348,100,0,0,0,0,0,0,43,0,0,10
961,1388,6.375,357,100,0,0,0,0,0,0,49,0,0,7
962,1612,6.72414,390,100,0,0,0,0,0,0,44,0,0,14
963,1612,6.65,399,100,0,0,0,0,0,0,47,0,0,13
964,1224,6.61111,357,100,0,0,0,0,0,0,43,0,0,11
965,1444,6.65517,386,100,0,0,0,0,0,0,45,0,1,12
966,1332,6.5614,374,100,0,0,0,0,0,0,46,0,1,10
967,1452,6.49153,383,100,0,0,0,0,0,0,49,0,1,9
968,1280,6.38182,351,100,0,0,0,0,0,0,48,0,0,7
969,1364,6.49091,357,100,0,0,0,0,0,0,46,0,0,9
970,1564,6.53333,392,100,0,0,0,0,0,0,49,0,1,10
971,1508,6.5,377,100,0,0,0,0,0,0,48,0,1,9
972,1320,6.41935,398,100,0,0,0,0,0,0,53,0,1,8
973,1336,6.55172,380,100,0,0,0,0,0,0,47,0,1,10
974,1380,6.53226,405,100,0,0,0,0,0,0,51,0,0,11
975,1268,6.50847,384,100,0,0,0,0,0,0,49,0,0,10
976,1496,6.375,408,100,0,0,0,0,0,0,56,0,0,8
977,1216,6.28125,402,100,0,0,0,0,0,0,58,0,0,6
978,1260,6.18462,402,100,0,0,0,0,0,0,61,0,0,4
979,1504,6.36364,420,100,0,0,0,0,0,0,58,0,0,8
980,1432,6.35,381,100,0,0,0,0,0,0,53,0,0,7
981,1336,6.43548,399,100,0,0,0,0,0,0,53,0,0,9
982,1400,6.42105,366,100,0,0,0,0,0,0,49,0,0,8
983,1496,6.72414,390,100,0,0,0,0,0,0,44,0,0,14
984,1684,6.67241,387,100,0,0,0,0,0,0,45,0,0,13
985,1856,7.08621,411,100,0,0,0,0,0,0,37,0,0,21
986,2220,6.80952,429,100,0,0,0,0,0,0,46,0,0,17
987,2016,6.87931,399,100,0,0,0,0,0,0,41,0,0,17
988,1864,6.75,405,100,0,0,0,0,0,0,45,0,0,15
989,1660,6.91071,387,100,0,0,0,0,0,0,39,0,0,17
990,1732,6.87931,399,100,0,0,0,0,0,0,41,0,0,17
991,1852,6.82353,348,100,0,0,0,0,0,0,37,0,0,14
992,2008,7.07143,396,100,0,0,0,0,0,0,36,0,0,20
993,2192,7.09091,390,100,0,0,0,0,0,0,35,0,0,20
994,1756,6.92727,381,100,0,0,0,0,0,0,38,0,0,17
995,1840,7.09091,390,100,0,0,0,0,0,0,35,0,0,20
996,1992,6.9661,411,100,0,0,0,0,0,0,40,0,0,19
997,2128,7.07143,396,100,0,0,0,0,0,0,36,0,0,20
998,2152,7.05556,381,100,0,0,0,0,0,0,35,0,0,19
999,2264,7,378,100,0,0,0,0,0,0,36,0,0,18
