update,points,mean_tasks,total_tasks,total_orgs,task_0,task_1,task_2,task_3,task_4,task_5,task_6,task_7,task_8,task_9
0,0,nan,0,10,0,0,0,0,0,0,0,0,0,0
1,32,6,12,10,0,0,0,0,0,0,2,0,0,0
2,28,6,12,11,0,0,0,0,0,0,2,0,0,0
3,44,6,18,11,0,0,0,0,0,0,3,0,0,0
4,56,6,24,12,0,0,0,0,0,0,4,0,0,0
5,80,6,36,14,0,0,0,0,0,0,6,0,0,0
6,108,6,48,19,0,0,0,0,0,0,8,0,0,0
7,148,6,66,21,0,0,0,0,0,0,11,0,0,0
8,208,6.23077,81,25,0,0,0,0,0,0,12,0,0,1
9,200,6.23077,81,28,0,0,0,0,0,0,12,0,0,1
10,320,6.15789,117,34,0,0,0,0,0,0,18,0,0,1
11,296,6,114,38,0,0,0,0,0,0,19,0,0,0
12,436,6.24,156,43,0,0,0,0,0,0,23,0,0,2
13,388,6.10714,171,50,0,0,0,0,0,0,27,0,0,1
14,692,6.52941,222,59,0,0,0,0,0,0,28,0,0,6
15,792,6.45,258,66,0,0,0,0,0,0,34,0,0,6
16,1008,6.57143,276,72,0,0,0,0,0,0,34,0,0,8
17,1076,6.51064,306,78,0,0,0,0,0,0,39,0,0,8
18,1284,6.6,330,85,0,0,0,0,0,0,40,0,0,10
19,1468,6.81818,375,87,0,0,0,0,0,0,40,0,0,15
20,1784,6.93103,402,90,0,0,0,0,0,0,40,0,0,18
21,1344,6.73585,357,94,0,0,0,0,0,0,40,0,0,13
22,1668,6.82759,396,96,0,0,0,0,0,0,42,0,0,16
23,1808,7.06452,438,96,0,0,0,0,0,0,40,0,0,22
24,1668,6.80952,429,98,0,0,0,0,0,0,46,0,0,17
25,1536,6.89474,393,99,0,0,0,0,0,0,40,0,0,17
26,1500,6.83333,369,100,0,0,0,0,0,0,39,0,0,15
27,1504,6.84211,390,100,0,0,0,0,0,0,41,0,0,16
28,1616,6.77586,393,100,0,0,0,0,0,0,43,0,0,15
29,1380,6.63158,378,100,0,0,0,0,0,0,45,0,0,12
30,1404,6.59016,402,100,0,0,0,0,0,0,49,0,0,12
31,1352,6.55932,387,100,0,0,0,0,0,0,48,0,0,11
32,1424,6.47619,408,100,0,0,0,0,0,0,53,0,0,10
33,1376,6.68421,381,100,0,0,0,0,0,0,44,0,0,13
34,1316,6.70909,369,100,0,0,0,0,0,0,42,0,0,13
35,1700,6.81356,402,100,0,0,0,0,0,0,43,0,0,16
36,1896,6.87931,399,100,0,0,0,0,0,0,41,0,0,17
37,1532,6.73684,384,100,0,0,0,0,0,0,43,0,0,14
38,1564,6.94737,396,100,0,0,0,0,0,0,39,0,0,18
39,1856,6.90476,435,100,0,0,0,0,0,0,44,0,0,19
40,1564,6.9,414,100,0,0,0,0,0,0,42,0,0,18
41,1596,6.91071,387,100,0,0,0,0,0,0,39,0,0,17
42,1848,6.85,411,100,0,0,0,0,0,0,43,0,0,17
43,1396,6.6,396,100,0,0,0,0,0,0,48,0,0,12
44,1700,6.90476,435,100,0,0,0,0,0,0,44,0,0,19
45,1760,6.70312,429,100,0,0,0,0,0,0,49,0,0,15
46,1600,6.82759,396,100,0,0,0,0,0,0,42,0,0,16
47,1640,6.9,414,100,0,0,0,0,0,0,42,0,0,18
48,1556,6.78689,414,100,0,0,0,0,0,0,45,0,0,16
49,1448,6.65625,426,100,0,0,0,0,0,0,50,0,0,14
50,1360,6.77419,420,100,0,0,0,0,0,0,46,0,0,16
51,1372,6.85,411,100,0,0,0,0,0,0,43,0,0,17
52,1420,6.71429,423,100,0,0,0,0,0,0,48,0,0,15
53,1540,6.78689,414,100,0,0,0,0,0,0,45,0,0,16
54,1444,6.70312,429,100,0,0,0,0,0,0,49,0,0,15
55,1460,6.63934,405,100,0,0,0,0,0,0,48,0,0,13
56,1316,6.66102,393,100,0,0,0,0,0,0,46,0,0,13
57,1476,6.67742,414,100,0,0,0,0,0,0,48,0,0,14
58,1796,6.82258,423,100,0,0,0,0,0,0,45,0,0,17
59,1540,6.96429,390,100,0,0,0,0,0,0,38,0,0,18
60,1604,6.75,405,100,0,0,0,0,0,0,45,0,0,15
61,1552,6.78947,387,100,0,0,0,0,0,0,42,0,0,15
62,1608,6.7377,411,100,0,0,0,0,0,0,46,0,0,15
63,1616,6.81356,402,100,0,0,0,0,0,0,43,0,0,16
64,1524,6.85714,384,100,0,0,0,0,0,0,40,0,0,16
65,1556,6.7377,411,100,0,0,0,0,0,0,46,0,0,15
66,1668,6.71186,396,100,0,0,0,0,0,0,45,0,0,14
67,1608,6.7619,426,100,0,0,0,0,0,0,47,0,0,16
68,1456,6.79688,435,100,0,0,0,0,0,0,47,0,0,17
69,1492,6.78462,441,100,0,0,0,0,0,0,48,0,0,17
70,1368,6.85,411,100,0,0,0,0,0,0,43,0,0,17
71,1468,6.89474,393,100,0,0,0,0,0,0,40,0,0,17
72,1244,6.86441,405,100,0,0,0,0,0,0,42,0,0,17
73,1124,6.61017,390,100,0,0,0,0,0,0,47,0,0,12
74,1336,6.77419,420,100,0,0,0,0,0,0,46,0,0,16
75,1256,6.66667,420,100,0,0,0,0,0,0,49,0,0,14
76,1032,6.45763,381,100,0,0,0,0,0,0,50,0,0,9
77,1064,6.20339,366,100,0,0,0,0,0,0,55,0,0,4
78,1148,6.29032,390,100,0,0,0,0,0,0,56,0,0,6
79,1192,6.53571,366,100,0,0,0,0,0,0,46,0,0,10
80,1268,6.5,390,100,0,0,0,0,0,0,50,0,0,10
81,1228,6.48214,363,100,0,0,0,0,0,0,47,0,0,9
82,1208,6.54545,360,100,0,0,0,0,0,0,45,0,0,10
83,1216,6.52632,372,100,0,0,0,0,0,0,47,0,0,10
84,1116,6.26316,357,100,0,0,0,0,0,0,52,0,0,5
85,1152,6.38182,351,100,0,0,0,0,0,0,48,0,0,7
86,1280,6.31034,366,100,0,0,0,0,0,0,52,0,0,6
87,1196,6.44444,348,100,0,0,0,0,0,0,46,0,0,8
88,1312,6.50847,384,100,0,0,0,0,0,0,49,0,0,10
89,1380,6.47368,369,100,0,0,0,0,0,0,48,0,0,9
90,1420,6.49091,357,100,0,0,0,0,0,0,46,0,0,9
91,1200,6.4,384,100,0,0,0,0,0,0,52,0,0,8
92,1132,6.44444,348,100,0,0,0,0,0,0,46,0,0,8
93,1028,6.36842,363,100,0,0,0,0,0,0,50,0,0,7
94,1340,6.33871,393,100,0,0,0,0,0,0,55,0,0,7
95,1068,6.3,378,100,0,0,0,0,0,0,54,0,0,6
96,1348,6.2459,381,100,0,0,0,0,0,0,56,0,0,5
97,1584,6.2459,381,100,0,0,0,0,0,0,56,0,0,5
98,1084,6.21053,354,100,0,0,0,0,0,0,53,0,0,4
99,1372,6.2381,393,100,0,0,0,0,0,0,58,0,0,5
100,1248,6.10345,354,100,0,0,0,0,0,0,56,0,0,2
101,1148,6.08696,420,100,0,0,0,0,0,0,67,0,0,2
102,1044,6.14286,387,100,0,0,0,0,0,0,60,0,0,3
103,1268,6.18462,402,100,0,0,0,0,0,0,61,0,0,4
104,1248,6.25862,363,100,0,0,0,0,0,0,53,0,0,5
105,1164,6.375,357,100,0,0,0,0,0,0,49,0,0,7
106,1120,6.34483,368,100,0,0,0,0,0,0,51,0,1,6
107,1044,6.14754,375,100,0,0,0,0,0,0,58,0,0,3
108,1112,6.24194,387,100,0,0,0,0,0,0,57,0,0,5
109,1064,6.2069,360,100,0,0,0,0,0,0,54,0,0,4
110,1076,6.33871,393,100,0,0,0,0,0,0,55,0,0,7
111,1188,6.24194,387,100,0,0,0,0,0,0,57,0,0,5
112,1164,6.375,357,100,0,0,0,0,0,0,49,0,0,7
113,1224,6.45,387,100,0,0,0,0,0,0,51,0,0,9
114,1120,6.25,375,100,0,0,0,0,0,0,55,0,0,5
115,1324,6.52632,372,100,0,0,0,0,0,0,47,0,0,10
116,1528,6.58929,369,100,0,0,0,0,0,0,45,0,0,11
117,1388,6.51562,417,100,0,0,0,0,0,0,53,0,0,11
118,1220,6.5,390,100,0,0,0,0,0,0,50,0,0,10
119,1092,6.35593,375,100,0,0,0,0,0,0,52,0,0,7
120,1032,6.35593,375,100,0,0,0,0,0,0,52,0,0,7
121,1208,6.45763,381,100,0,0,0,0,0,0,50,0,0,9
122,1408,6.48387,402,100,0,0,0,0,0,0,52,0,0,10
123,1348,6.28571,396,100,0,0,0,0,0,0,57,0,0,6
124,1360,6.25424,369,100,0,0,0,0,0,0,54,0,0,5
125,1164,6.2,372,100,0,0,0,0,0,0,56,0,0,4
126,1388,6.2,372,100,0,0,0,0,0,0,56,0,0,4
127,1212,6.15517,357,100,0,0,0,0,0,0,55,0,0,3
128,992,6.21429,348,100,0,0,0,0,0,0,52,0,0,4
129,1108,6.21818,342,100,0,0,0,0,0,0,51,0,0,4
130,1156,6.33333,342,100,0,0,0,0,0,0,48,0,0,6
131,1248,6.33333,380,100,0,0,0,0,0,0,53,0,1,6
132,1280,6.35,381,100,0,0,0,0,0,0,53,0,0,7
133,1256,6.27273,345,100,0,0,0,0,0,0,50,0,0,5
134,1420,6.15,369,100,0,0,0,0,0,0,57,0,0,3
135,1172,6.16667,333,100,0,0,0,0,0,0,51,0,0,3
136,1032,6.21429,348,100,0,0,0,0,0,0,52,0,0,4
137,1096,6.23438,399,100,0,0,0,0,0,0,59,0,0,5
138,1188,6.14754,375,100,0,0,0,0,0,0,58,0,0,3
139,1196,6.14516,381,100,0,0,0,0,0,0,59,0,0,3
140,1136,6.25862,363,100,0,0,0,0,0,0,53,0,0,5
141,872,6.15517,357,100,0,0,0,0,0,0,55,0,0,3
142,888,6.1,366,100,0,0,0,0,0,0,58,0,0,2
143,1120,6.19048,390,100,0,0,0,0,0,0,59,0,0,4
144,1000,6.09677,378,100,0,0,0,0,0,0,60,0,0,2
145,1032,6.2381,393,100,0,0,0,0,0,0,58,0,0,5
146,1032,6.13636,405,100,0,0,0,0,0,0,63,0,0,3
147,1080,6.09836,372,100,0,0,0,0,0,0,59,0,0,2
148,1040,6.09836,372,100,0,0,0,0,0,0,59,0,0,2
149,1068,6.09677,378,100,0,0,0,0,0,0,60,0,0,2
150,1072,6.08696,420,100,0,0,0,0,0,0,67,0,0,2
151,952,6.09524,384,100,0,0,0,0,0,0,61,0,0,2
152,1144,6.04412,411,100,0,0,0,0,0,0,67,0,0,1
153,1108,6.09836,372,100,0,0,0,0,0,0,59,0,0,2
154,1144,6.2,372,100,0,0,0,0,0,0,56,0,0,4
155,1016,6.10526,348,100,0,0,0,0,0,0,55,0,0,2
156,1020,6.27778,339,100,0,0,0,0,0,0,49,0,0,5
157,1008,6.15517,357,100,0,0,0,0,0,0,55,0,0,3
158,1112,6.3,378,100,0,0,0,0,0,0,54,0,0,6
159,1088,6.14286,387,100,0,0,0,0,0,0,60,0,0,3
160,1196,6.15254,363,100,0,0,0,0,0,0,56,0,0,3
161,1188,6.14516,381,100,0,0,0,0,0,0,59,0,0,3
162,1268,6.26786,351,100,0,0,0,0,0,0,51,0,0,5
163,1292,6.15517,357,100,0,0,0,0,0,0,55,0,0,3
164,1168,6.17308,321,100,0,0,0,0,0,0,49,0,0,3
165,1028,6.10169,360,100,0,0,0,0,0,0,57,0,0,2
166,1156,6.24194,387,100,0,0,0,0,0,0,57,0,0,5
167,1124,6.05172,351,100,0,0,0,0,0,0,57,0,0,1
168,1152,6.05263,345,100,0,0,0,0,0,0,56,0,0,1
169,1028,6.2069,360,100,0,0,0,0,0,0,54,0,0,4
170,1168,6.15254,363,100,0,0,0,0,0,0,56,0,0,3
171,1172,6.25424,369,100,0,0,0,0,0,0,54,0,0,5
172,1020,6.10714,342,100,0,0,0,0,0,0,54,0,0,2
173,1224,6.15,369,100,0,0,0,0,0,0,57,0,0,3
174,1340,6.14754,375,100,0,0,0,0,0,0,58,0,0,3
175,1232,6.27273,345,100,0,0,0,0,0,0,50,0,0,5
176,1316,6.20339,366,100,0,0,0,0,0,0,55,0,0,4
177,1172,6.15789,351,100,0,0,0,0,0,0,54,0,0,3
178,1004,6.16364,339,100,0,0,0,0,0,0,52,0,0,3
179,1348,6.19048,390,100,0,0,0,0,0,0,59,0,0,4
180,1260,6.31579,360,100,0,0,0,0,0,0,51,0,0,6
181,1192,6.33962,336,100,0,0,0,0,0,0,47,0,0,6
182,1276,6.15789,351,100,0,0,0,0,0,0,54,0,0,3
183,1176,6.2,372,100,0,0,0,0,0,0,56,0,0,4
184,1440,6.35593,375,100,0,0,0,0,0,0,52,0,0,7
185,1280,6.10909,336,100,0,0,0,0,0,0,53,0,0,2
186,1172,6.10169,360,100,0,0,0,0,0,0,57,0,0,2
187,1096,6.05357,339,100,0,0,0,0,0,0,55,0,0,1
188,1200,6.05,363,100,0,0,0,0,0,0,59,0,0,1
189,1284,6.15517,357,100,0,0,0,0,0,0,55,0,0,3
190,1272,6.17308,321,100,0,0,0,0,0,0,49,0,0,3
191,1180,6.05769,315,100,0,0,0,0,0,0,51,0,0,1
192,1264,6.16364,339,100,0,0,0,0,0,0,52,0,0,3
193,1208,6.21429,348,100,0,0,0,0,0,0,52,0,0,4
194,1308,6.15517,357,100,0,0,0,0,0,0,55,0,0,3
195,1244,6.10714,342,100,0,0,0,0,0,0,54,0,0,2
196,1108,6.05357,339,100,0,0,0,0,0,0,55,0,0,1
197,1296,6.1,366,100,0,0,0,0,0,0,58,0,0,2
198,1188,6.10714,342,100,0,0,0,0,0,0,54,0,0,2
199,1232,6,342,100,0,0,0,0,0,0,57,0,0,0
200,1388,6.05357,339,100,0,0,0,0,0,0,55,0,0,1
201,1240,6.05172,351,100,0,0,0,0,0,0,57,0,0,1
202,1236,6.05263,345,100,0,0,0,0,0,0,56,0,0,1
203,1312,6.15254,363,100,0,0,0,0,0,0,56,0,0,3
204,1316,6.2069,360,100,0,0,0,0,0,0,54,0,0,4
205,1240,6.19672,378,100,0,0,0,0,0,0,57,0,0,4
206,1260,6.26316,357,100,0,0,0,0,0,0,52,0,0,5
207,1088,6.09677,378,100,0,0,0,0,0,0,60,0,0,2
208,1372,6.31343,423,100,0,0,0,0,0,0,60,0,0,7
209,1392,6.46875,414,100,0,0,0,0,0,0,54,0,0,10
210,1232,6.2,372,100,0,0,0,0,0,0,56,0,0,4
211,1620,6.2069,360,100,0,0,0,0,0,0,54,0,0,4
212,1316,6.28125,402,100,0,0,0,0,0,0,58,0,0,6
213,1476,6.22727,411,100,0,0,0,0,0,0,61,0,0,5
214,1536,6.2381,393,100,0,0,0,0,0,0,58,0,0,5
215,1916,6.32812,405,100,0,0,0,0,0,0,57,0,0,7
216,1676,6.51562,417,100,0,0,0,0,0,0,53,0,0,11
217,1900,6.4918,396,100,0,0,0,0,0,0,51,0,0,10
218,2104,6.43548,399,100,0,0,0,0,0,0,53,0,0,9
219,1992,6.36207,369,100,0,0,0,0,0,0,51,0,0,7
220,1852,6.36842,363,100,0,0,0,0,0,0,50,0,0,7
221,1696,6.28571,396,100,0,0,0,0,0,0,57,0,0,6
222,1780,6.14754,375,100,0,0,0,0,0,0,58,0,0,3
223,2056,6.31579,360,100,0,0,0,0,0,0,51,0,0,6
224,1792,6.44262,393,100,0,0,0,0,0,0,52,0,0,9
225,1452,6.32143,354,100,0,0,0,0,0,0,50,0,0,6
226,1576,6.34426,387,100,0,0,0,0,0,0,54,0,0,7
227,1572,6.44262,393,100,0,0,0,0,0,0,52,0,0,9
228,1348,6.42105,366,100,0,0,0,0,0,0,49,0,0,8
229,1444,6.4,384,100,0,0,0,0,0,0,52,0,0,8
230,1468,6.29032,390,100,0,0,0,0,0,0,56,0,0,6
231,1564,6.2459,381,100,0,0,0,0,0,0,56,0,0,5
232,1272,6.43636,354,100,0,0,0,0,0,0,47,0,0,8
233,1484,6.23438,399,100,0,0,0,0,0,0,59,0,0,5
234,1824,6.19672,378,100,0,0,0,0,0,0,57,0,0,4
235,1852,6.29508,384,100,0,0,0,0,0,0,55,0,0,6
236,2208,6.40299,429,100,0,0,0,0,0,0,58,0,0,9
237,1944,6.38095,402,100,0,0,0,0,0,0,55,0,0,8
238,2120,6.31818,417,100,0,0,0,0,0,0,59,0,0,7
239,2376,6.36842,363,100,0,0,0,0,0,0,50,0,0,7
240,2676,6.42105,366,100,0,0,0,0,0,0,49,0,0,8
241,2692,6.39623,339,100,0,0,0,0,0,0,46,0,0,7
242,2852,6.41379,372,100,0,0,0,0,0,0,50,0,0,8
243,2644,6.42857,360,100,0,0,0,0,0,0,48,0,0,8
244,1592,6.47368,369,100,0,0,0,0,0,0,48,0,0,9
245,1912,6.4,384,100,0,0,0,0,0,0,52,0,0,8
246,2176,6.32787,386,100,0,0,0,0,0,0,54,0,1,6
247,2472,6.4918,396,100,0,0,0,0,0,0,51,0,0,10
248,2428,6.51724,378,100,0,0,0,0,0,0,48,0,0,10
249,2480,6.44262,393,100,0,0,0,0,0,0,52,0,0,9
250,1916,6.73585,357,100,0,0,0,0,0,0,40,0,0,13
251,1892,6.55556,354,100,0,0,0,0,0,0,44,0,0,10
252,1880,6.50847,384,100,0,0,0,0,0,0,49,0,0,10
253,1896,6.45763,381,100,0,0,0,0,0,0,50,0,0,9
254,2140,6.48387,402,100,0,0,0,0,0,0,52,0,0,10
255,1964,6.5,351,100,0,0,0,0,0,0,45,0,0,9
256,1848,6.54545,360,100,0,0,0,0,0,0,45,0,0,10
257,1816,6.32812,405,100,0,0,0,0,0,0,57,0,0,7
258,1700,6.36207,369,100,0,0,0,0,0,0,51,0,0,7
259,1616,6.375,357,100,0,0,0,0,0,0,49,0,0,7
260,1684,6.49091,357,100,0,0,0,0,0,0,46,0,0,9
261,1548,6.33333,342,100,0,0,0,0,0,0,48,0,0,6
262,1464,6.33333,342,100,0,0,0,0,0,0,48,0,0,6
263,1860,6.50847,384,100,0,0,0,0,0,0,49,0,0,10
264,1856,6.45763,381,100,0,0,0,0,0,0,50,0,0,9
265,1564,6.54545,360,100,0,0,0,0,0,0,45,0,0,10
266,1596,6.34615,330,100,0,0,0,0,0,0,46,0,0,6
267,1780,6.31579,360,100,0,0,0,0,0,0,51,0,0,6
268,1652,6.21429,348,100,0,0,0,0,0,0,52,0,0,4
269,1844,6.36842,363,100,0,0,0,0,0,0,50,0,0,7
270,1944,6.35,381,100,0,0,0,0,0,0,53,0,0,7
271,1920,6.31579,360,100,0,0,0,0,0,0,51,0,0,6
272,1896,6.38889,345,100,0,0,0,0,0,0,47,0,0,7
273,2144,6.55172,380,100,0,0,0,0,0,0,47,0,1,10
274,2088,6.3,378,100,0,0,0,0,0,0,54,0,0,6
275,1612,6.39623,339,100,0,0,0,0,0,0,46,0,0,7
276,1840,6.34426,387,100,0,0,0,0,0,0,54,0,0,7
277,2008,6.34615,330,100,0,0,0,0,0,0,46,0,0,6
278,2100,6.50847,384,100,0,0,0,0,0,0,49,0,0,10
279,2048,6.42857,360,100,0,0,0,0,0,0,48,0,0,8
280,1928,6.33871,393,100,0,0,0,0,0,0,55,0,0,7
281,1696,6.2459,381,100,0,0,0,0,0,0,56,0,0,5
282,1476,6.2459,381,100,0,0,0,0,0,0,56,0,0,5
283,1488,6.36207,369,100,0,0,0,0,0,0,51,0,0,7
284,1644,6.40678,378,100,0,0,0,0,0,0,51,0,0,8
285,1604,6.34426,387,100,0,0,0,0,0,0,54,0,0,7
286,1568,6.54098,399,100,0,0,0,0,0,0,50,0,0,11
287,1280,6.55932,387,100,0,0,0,0,0,0,48,0,0,11
288,1572,6.61905,417,100,0,0,0,0,0,0,50,0,0,13
289,1576,6.50847,384,100,0,0,0,0,0,0,49,0,0,10
290,1552,6.3871,396,100,0,0,0,0,0,0,54,0,0,8
291,1528,6.375,408,100,0,0,0,0,0,0,56,0,0,8
292,1292,6.20339,366,100,0,0,0,0,0,0,55,0,0,4
293,1628,6.40678,378,100,0,0,0,0,0,0,51,0,0,8
294,1572,6.47368,369,100,0,0,0,0,0,0,48,0,0,9
295,1804,6.68421,381,100,0,0,0,0,0,0,44,0,0,13
296,1968,6.76271,399,100,0,0,0,0,0,0,44,0,0,15
297,1720,6.75,351,100,0,0,0,0,0,0,39,0,0,13
298,1764,6.84906,363,100,0,0,0,0,0,0,38,0,0,15
299,2204,6.67241,387,100,0,0,0,0,0,0,45,0,0,13
300,2424,6.95,417,100,0,0,0,0,0,0,41,0,0,19
301,2080,6.69231,348,100,0,0,0,0,0,0,40,0,0,12
302,1620,6.6,396,100,0,0,0,0,0,0,48,0,0,12
303,1560,6.44444,348,100,0,0,0,0,0,0,46,0,0,8
304,1564,6.51923,339,100,0,0,0,0,0,0,43,0,0,9
305,1272,6.22642,330,100,0,0,0,0,0,0,49,0,0,4
306,1528,6.31034,366,100,0,0,0,0,0,0,52,0,0,6
307,1636,6.20339,366,100,0,0,0,0,0,0,55,0,0,4
308,1480,6.31579,360,100,0,0,0,0,0,0,51,0,0,6
309,1596,6.55932,387,100,0,0,0,0,0,0,48,0,0,11
310,1708,6.48387,402,100,0,0,0,0,0,0,52,0,0,10
311,1368,6.25862,363,100,0,0,0,0,0,0,53,0,0,5
312,1272,6.2459,381,100,0,0,0,0,0,0,56,0,0,5
313,1348,6.38095,402,100,0,0,0,0,0,0,55,0,0,8
314,1288,6.32812,405,100,0,0,0,0,0,0,57,0,0,7
315,1280,6.63934,405,100,0,0,0,0,0,0,48,0,0,13
316,1276,6.40678,378,100,0,0,0,0,0,0,51,0,0,8
317,1508,6.40299,429,100,0,0,0,0,0,0,58,0,0,9
318,1384,6.5,416,100,0,0,0,0,0,0,53,0,1,10
319,1316,6.3125,404,100,0,0,0,0,0,0,57,0,1,6
320,1264,6.38333,383,100,0,0,0,0,0,0,52,0,1,7
321,1544,6.38095,402,100,0,0,0,0,0,0,55,0,0,8
322,1128,6.38889,345,100,0,0,0,0,0,0,47,0,0,7
323,1092,6.31034,366,100,0,0,0,0,0,0,52,0,0,6
324,1172,6.33871,393,100,0,0,0,0,0,0,55,0,0,7
325,1296,6.36923,414,100,0,0,0,0,0,0,57,0,0,8
326,1052,6.23077,405,100,0,0,0,0,0,0,60,0,0,5
327,1100,6.38095,402,100,0,0,0,0,0,0,55,0,0,8
328,1148,6.3871,396,100,0,0,0,0,0,0,54,0,0,8
329,1328,6.42188,411,100,0,0,0,0,0,0,55,0,0,9
330,1220,6.34426,387,100,0,0,0,0,0,0,54,0,0,7
331,1420,6.29032,390,100,0,0,0,0,0,0,56,0,0,6
332,1768,6.54098,399,100,0,0,0,0,0,0,50,0,0,11
333,1756,6.375,408,100,0,0,0,0,0,0,56,0,0,8
334,1704,6.3,378,100,0,0,0,0,0,0,54,0,0,6
335,1588,6.31579,360,100,0,0,0,0,0,0,51,0,0,6
336,1368,6.21818,342,100,0,0,0,0,0,0,51,0,0,4
337,1656,6.25862,363,100,0,0,0,0,0,0,53,0,0,5
338,1204,6.22222,336,100,0,0,0,0,0,0,50,0,0,4
339,1348,6.26316,357,100,0,0,0,0,0,0,52,0,0,5
340,1236,6.36842,363,100,0,0,0,0,0,0,50,0,0,7
341,1132,6.27778,339,100,0,0,0,0,0,0,49,0,0,5
342,1164,6.38182,351,100,0,0,0,0,0,0,48,0,0,7
343,1224,6.30508,372,100,0,0,0,0,0,0,53,0,0,6
344,1144,6.15789,351,100,0,0,0,0,0,0,54,0,0,3
345,1352,6.31579,360,100,0,0,0,0,0,0,51,0,0,6
346,1244,6.11321,324,100,0,0,0,0,0,0,51,0,0,2
347,1448,6.36842,363,100,0,0,0,0,0,0,50,0,0,7
348,1504,6.2,372,100,0,0,0,0,0,0,56,0,0,4
349,1560,6.41935,398,100,0,0,0,0,0,0,53,0,1,8
350,1324,6.27273,345,100,0,0,0,0,0,0,50,0,0,5
351,1716,6.48333,389,100,0,0,0,0,0,0,50,0,1,9
352,1412,6.35593,375,100,0,0,0,0,0,0,52,0,0,7
353,1284,6.19672,378,100,0,0,0,0,0,0,57,0,0,4
354,1460,6.39344,390,100,0,0,0,0,0,0,53,0,0,8
355,1644,6.2381,393,100,0,0,0,0,0,0,58,0,0,5
356,1488,6.31579,360,100,0,0,0,0,0,0,51,0,0,6
357,1340,6.28302,333,100,0,0,0,0,0,0,48,0,0,5
358,1436,6.27273,345,100,0,0,0,0,0,0,50,0,0,5
359,1888,6.45763,381,100,0,0,0,0,0,0,50,0,0,9
360,1568,6.50943,345,100,0,0,0,0,0,0,44,0,0,9
361,1772,6.61111,357,100,0,0,0,0,0,0,43,0,0,11
362,1952,6.65455,366,100,0,0,0,0,0,0,43,0,0,12
363,1876,6.49091,357,100,0,0,0,0,0,0,46,0,0,9
364,1344,6.34615,330,100,0,0,0,0,0,0,46,0,0,6
365,1524,6.33962,336,100,0,0,0,0,0,0,47,0,0,6
366,1756,6.61111,357,100,0,0,0,0,0,0,43,0,0,11
367,1792,6.49091,357,100,0,0,0,0,0,0,46,0,0,9
368,1792,6.28846,327,100,0,0,0,0,0,0,47,0,0,5
369,1968,6.48214,363,100,0,0,0,0,0,0,47,0,0,9
370,1268,6.42105,366,100,0,0,0,0,0,0,49,0,0,8
371,1596,6.43548,399,100,0,0,0,0,0,0,53,0,0,9
372,1708,6.48214,363,100,0,0,0,0,0,0,47,0,0,9
373,1392,6.44444,348,100,0,0,0,0,0,0,46,0,0,8
374,1132,6.375,357,100,0,0,0,0,0,0,49,0,0,7
375,1364,6.25424,369,100,0,0,0,0,0,0,54,0,0,5
376,1316,6.42857,360,100,0,0,0,0,0,0,48,0,0,8
377,1272,6.32143,354,100,0,0,0,0,0,0,50,0,0,6
378,1468,6.41379,372,100,0,0,0,0,0,0,50,0,0,8
379,1396,6.2459,381,100,0,0,0,0,0,0,56,0,0,5
380,1548,6.27273,345,100,0,0,0,0,0,0,50,0,0,5
381,1692,6.21429,348,100,0,0,0,0,0,0,52,0,0,4
382,2124,6.42857,405,100,0,0,0,0,0,0,54,0,0,9
383,2180,6.29508,384,100,0,0,0,0,0,0,55,0,0,6
384,2584,6.35,381,100,0,0,0,0,0,0,53,0,0,7
385,1844,6.2069,360,100,0,0,0,0,0,0,54,0,0,4
386,1812,6.26316,357,100,0,0,0,0,0,0,52,0,0,5
387,1740,6.16981,327,100,0,0,0,0,0,0,50,0,0,3
388,1092,6.11111,330,100,0,0,0,0,0,0,52,0,0,2
389,1296,6.2459,381,100,0,0,0,0,0,0,56,0,0,5
390,1188,6.21429,348,100,0,0,0,0,0,0,52,0,0,4
391,1184,6.15789,351,100,0,0,0,0,0,0,54,0,0,3
392,1072,6.09677,378,100,0,0,0,0,0,0,60,0,0,2
393,908,6,342,100,0,0,0,0,0,0,57,0,0,0
394,1128,6,366,100,0,0,0,0,0,0,61,0,0,0
395,1040,6.05263,345,100,0,0,0,0,0,0,56,0,0,1
396,1044,6.05263,345,100,0,0,0,0,0,0,56,0,0,1
397,1240,6,354,100,0,0,0,0,0,0,59,0,0,0
398,1184,6,360,100,0,0,0,0,0,0,60,0,0,0
399,980,6,348,100,0,0,0,0,0,0,58,0,0,0
400,1060,6,348,100,0,0,0,0,0,0,58,0,0,0
401,1000,6,366,100,0,0,0,0,0,0,61,0,0,0
402,996,6.05,363,100,0,0,0,0,0,0,59,0,0,1
403,952,6,366,100,0,0,0,0,0,0,61,0,0,0
404,964,6,360,100,0,0,0,0,0,0,60,0,0,0
405,1140,6,354,100,0,0,0,0,0,0,59,0,0,0
406,1188,6,378,100,0,0,0,0,0,0,63,0,0,0
407,1200,6.04615,393,100,0,0,0,0,0,0,64,0,0,1
408,1016,6.05263,345,100,0,0,0,0,0,0,56,0,0,1
409,964,6,372,100,0,0,0,0,0,0,62,0,0,0
410,1120,6.09677,378,100,0,0,0,0,0,0,60,0,0,2
411,860,6,336,100,0,0,0,0,0,0,56,0,0,0
412,872,6,354,100,0,0,0,0,0,0,59,0,0,0
413,1040,6,378,100,0,0,0,0,0,0,63,0,0,0
414,780,6,312,100,0,0,0,0,0,0,52,0,0,0
415,1132,6,342,100,0,0,0,0,0,0,57,0,0,0
416,944,6.05085,357,100,0,0,0,0,0,0,58,0,0,1
417,964,6,372,100,0,0,0,0,0,0,62,0,0,0
418,884,6,336,100,0,0,0,0,0,0,56,0,0,0
419,1196,6.04918,369,100,0,0,0,0,0,0,60,0,0,1
420,980,6,360,100,0,0,0,0,0,0,60,0,0,0
421,1044,6.04918,369,100,0,0,0,0,0,0,60,0,0,1
422,1028,6,366,100,0,0,0,0,0,0,61,0,0,0
423,1164,6,396,100,0,0,0,0,0,0,66,0,0,0
424,1136,6,390,100,0,0,0,0,0,0,65,0,0,0
425,1188,6.04688,387,100,0,0,0,0,0,0,63,0,0,1
426,1020,6.05,363,100,0,0,0,0,0,0,59,0,0,1
427,1216,6,366,100,0,0,0,0,0,0,61,0,0,0
428,1220,6,354,100,0,0,0,0,0,0,59,0,0,0
429,1508,6.04918,369,100,0,0,0,0,0,0,60,0,0,1
430,1096,6.05263,345,100,0,0,0,0,0,0,56,0,0,1
431,1260,6,366,100,0,0,0,0,0,0,61,0,0,0
432,1100,6,354,100,0,0,0,0,0,0,59,0,0,0
433,1048,6,342,100,0,0,0,0,0,0,57,0,0,0
434,1376,6.05263,345,100,0,0,0,0,0,0,56,0,0,1
435,1416,6,348,100,0,0,0,0,0,0,58,0,0,0
436,1380,6,336,100,0,0,0,0,0,0,56,0,0,0
437,1332,6.10526,348,100,0,0,0,0,0,0,55,0,0,2
438,1176,6,336,100,0,0,0,0,0,0,56,0,0,0
439,1180,6.04918,369,100,0,0,0,0,0,0,60,0,0,1
440,1004,6.05172,351,100,0,0,0,0,0,0,57,0,0,1
441,1312,6.09677,378,100,0,0,0,0,0,0,60,0,0,2
442,1480,6.15254,363,100,0,0,0,0,0,0,56,0,0,3
443,1284,6.09231,396,100,0,0,0,0,0,0,63,0,0,2
444,1000,6.14516,381,100,0,0,0,0,0,0,59,0,0,3
445,1108,6.28125,402,100,0,0,0,0,0,0,58,0,0,6
446,1048,6.2,372,100,0,0,0,0,0,0,56,0,0,4
447,1084,6.13846,399,100,0,0,0,0,0,0,62,0,0,3
448,972,6.2069,360,100,0,0,0,0,0,0,54,0,0,4
449,1028,6.09836,372,100,0,0,0,0,0,0,59,0,0,2
450,1068,6.14754,375,100,0,0,0,0,0,0,58,0,0,3
451,952,6.14516,381,100,0,0,0,0,0,0,59,0,0,3
452,980,6.19048,390,100,0,0,0,0,0,0,59,0,0,4
453,884,6.16071,345,100,0,0,0,0,0,0,53,0,0,3
454,964,6.19048,390,100,0,0,0,0,0,0,59,0,0,4
455,992,6.10169,360,100,0,0,0,0,0,0,57,0,0,2
456,1136,6.14062,393,100,0,0,0,0,0,0,61,0,0,3
457,912,6.05263,345,100,0,0,0,0,0,0,56,0,0,1
458,1004,6.04918,369,100,0,0,0,0,0,0,60,0,0,1
459,992,6,360,100,0,0,0,0,0,0,60,0,0,0
460,1024,6,372,100,0,0,0,0,0,0,62,0,0,0
461,1076,6.04688,387,100,0,0,0,0,0,0,63,0,0,1
462,864,6.05,363,100,0,0,0,0,0,0,59,0,0,1
463,984,6.04615,393,100,0,0,0,0,0,0,64,0,0,1
464,1008,6,378,100,0,0,0,0,0,0,63,0,0,0
465,1000,6.04918,369,100,0,0,0,0,0,0,60,0,0,1
466,1092,6.04839,375,100,0,0,0,0,0,0,61,0,0,1
467,1168,6.04762,381,100,0,0,0,0,0,0,62,0,0,1
468,1112,6.10169,360,100,0,0,0,0,0,0,57,0,0,2
469,1024,6.09677,378,100,0,0,0,0,0,0,60,0,0,2
470,1092,6.15517,357,100,0,0,0,0,0,0,55,0,0,3
471,1188,6.2069,360,100,0,0,0,0,0,0,54,0,0,4
472,1268,6.04839,375,100,0,0,0,0,0,0,61,0,0,1
473,1244,6.05,363,100,0,0,0,0,0,0,59,0,0,1
474,1344,6,384,100,0,0,0,0,0,0,64,0,0,0
475,1480,6.09524,384,100,0,0,0,0,0,0,61,0,0,2
476,1304,6.04762,381,100,0,0,0,0,0,0,62,0,0,1
477,1520,6.09231,396,100,0,0,0,0,0,0,63,0,0,2
478,1320,6.1,366,100,0,0,0,0,0,0,58,0,0,2
479,1548,6.04839,375,100,0,0,0,0,0,0,61,0,0,1
480,1588,6.05085,357,100,0,0,0,0,0,0,58,0,0,1
481,1784,6.10526,348,100,0,0,0,0,0,0,55,0,0,2
482,1368,6,336,100,0,0,0,0,0,0,56,0,0,0
483,1016,6.05263,345,100,0,0,0,0,0,0,56,0,0,1
484,1180,6.09091,402,100,0,0,0,0,0,0,64,0,0,2
485,1208,6.04839,375,100,0,0,0,0,0,0,61,0,0,1
486,1544,6.04688,387,100,0,0,0,0,0,0,63,0,0,1
487,1172,6.05,363,100,0,0,0,0,0,0,59,0,0,1
488,1312,6.10714,342,100,0,0,0,0,0,0,54,0,0,2
489,1120,6.05172,351,100,0,0,0,0,0,0,57,0,0,1
490,1260,6.05085,357,100,0,0,0,0,0,0,58,0,0,1
491,1220,6.04615,393,100,0,0,0,0,0,0,64,0,0,1
492,1260,6.04918,369,100,0,0,0,0,0,0,60,0,0,1
493,1364,6.09677,378,100,0,0,0,0,0,0,60,0,0,2
494,1536,6.04688,387,100,0,0,0,0,0,0,63,0,0,1
495,1204,6.05172,351,100,0,0,0,0,0,0,57,0,0,1
496,1328,6.04918,369,100,0,0,0,0,0,0,60,0,0,1
497,1560,6.14286,387,100,0,0,0,0,0,0,60,0,0,3
498,1408,6.08824,414,100,0,0,0,0,0,0,66,0,0,2
499,1268,6.04839,375,100,0,0,0,0,0,0,61,0,0,1
500,1300,6.05085,357,100,0,0,0,0,0,0,58,0,0,1
501,1444,6.1,366,100,0,0,0,0,0,0,58,0,0,2
502,1688,6.1875,396,100,0,0,0,0,0,0,60,0,0,4
503,1536,6.09836,372,100,0,0,0,0,0,0,59,0,0,2
504,1288,6.2069,360,100,0,0,0,0,0,0,54,0,0,4
505,1288,6.2069,360,100,0,0,0,0,0,0,54,0,0,4
506,1328,6.14516,381,100,0,0,0,0,0,0,59,0,0,3
507,1000,6.15254,363,100,0,0,0,0,0,0,56,0,0,3
508,1072,6.19355,384,100,0,0,0,0,0,0,58,0,0,4
509,1068,6.31034,366,100,0,0,0,0,0,0,52,0,0,6
510,1372,6.4,384,100,0,0,0,0,0,0,52,0,0,8
511,1212,6.33871,393,100,0,0,0,0,0,0,55,0,0,7
512,1140,6.19672,378,100,0,0,0,0,0,0,57,0,0,4
513,968,6.2,372,100,0,0,0,0,0,0,56,0,0,4
514,1064,6.13846,399,100,0,0,0,0,0,0,62,0,0,3
515,1068,6.28571,396,100,0,0,0,0,0,0,57,0,0,6
516,1112,6.22388,417,100,0,0,0,0,0,0,62,0,0,5
517,1336,6.46875,414,100,0,0,0,0,0,0,54,0,0,10
518,1168,6.45763,381,100,0,0,0,0,0,0,50,0,0,9
519,1088,6.4,384,100,0,0,0,0,0,0,52,0,0,8
520,1180,6.26087,432,100,0,0,0,0,0,0,63,0,0,6
521,1196,6.25,375,100,0,0,0,0,0,0,55,0,0,5
522,1104,6.22388,417,100,0,0,0,0,0,0,62,0,0,5
523,1048,6.23077,405,100,0,0,0,0,0,0,60,0,0,5
524,884,6.26316,357,100,0,0,0,0,0,0,52,0,0,5
525,1176,6.39344,390,100,0,0,0,0,0,0,53,0,0,8
526,1012,6.2381,393,100,0,0,0,0,0,0,58,0,0,5
527,1112,6.31746,398,100,0,0,0,0,0,0,56,0,1,6
528,1112,6.36508,401,100,0,0,0,0,0,0,55,0,1,7
529,1088,6.18462,402,100,0,0,0,0,0,0,61,0,0,4
530,1272,6.40678,378,100,0,0,0,0,0,0,51,0,0,8
531,1184,6.36364,420,100,0,0,0,0,0,0,58,0,0,8
532,1272,6.44262,393,100,0,0,0,0,0,0,52,0,0,9
533,1144,6.25,375,100,0,0,0,0,0,0,55,0,0,5
534,1348,6.47368,369,100,0,0,0,0,0,0,48,0,0,9
535,1228,6.40678,378,100,0,0,0,0,0,0,51,0,0,8
536,1196,6.34426,387,100,0,0,0,0,0,0,54,0,0,7
537,1420,6.375,408,100,0,0,0,0,0,0,56,0,0,8
538,1540,6.54098,399,100,0,0,0,0,0,0,50,0,0,11
539,1400,6.42188,411,100,0,0,0,0,0,0,55,0,0,9
540,1256,6.45763,381,100,0,0,0,0,0,0,50,0,0,9
541,1240,6.45763,381,100,0,0,0,0,0,0,50,0,0,9
542,1336,6.46552,375,100,0,0,0,0,0,0,49,0,0,9
543,1324,6.3,378,100,0,0,0,0,0,0,54,0,0,6
544,1644,6.33333,399,100,0,0,0,0,0,0,56,0,0,7
545,1472,6.47368,369,100,0,0,0,0,0,0,48,0,0,9
546,1440,6.48387,402,100,0,0,0,0,0,0,52,0,0,10
547,1640,6.63934,405,100,0,0,0,0,0,0,48,0,0,13
548,1408,6.57143,414,100,0,0,0,0,0,0,51,0,0,12
549,1640,6.67742,414,100,0,0,0,0,0,0,48,0,0,14
550,1812,6.73684,384,100,0,0,0,0,0,0,43,0,0,14
551,1816,6.66667,360,100,0,0,0,0,0,0,42,0,0,12
552,2240,6.44262,393,100,0,0,0,0,0,0,52,0,0,9
553,2244,6.78947,387,100,0,0,0,0,0,0,42,0,0,15
554,1576,6.50847,384,100,0,0,0,0,0,0,49,0,0,10
555,1552,6.63158,378,100,0,0,0,0,0,0,45,0,0,12
556,1844,6.51724,378,100,0,0,0,0,0,0,48,0,0,10
557,2312,6.72581,417,100,0,0,0,0,0,0,47,0,0,15
558,2228,6.7,402,100,0,0,0,0,0,0,46,0,0,14
559,1948,6.3871,396,100,0,0,0,0,0,0,54,0,0,8
560,2252,6.5625,420,100,0,0,0,0,0,0,52,0,0,12
561,1752,6.43636,354,100,0,0,0,0,0,0,47,0,0,8
562,1676,6.46552,375,100,0,0,0,0,0,0,49,0,0,9
563,1796,6.36842,363,100,0,0,0,0,0,0,50,0,0,7
564,1756,6.27273,345,100,0,0,0,0,0,0,50,0,0,5
565,2028,6.38095,402,100,0,0,0,0,0,0,55,0,0,8
566,2152,6.55,393,100,0,0,0,0,0,0,49,0,0,11
567,1368,6.21053,354,100,0,0,0,0,0,0,53,0,0,4
568,1380,6.36842,363,100,0,0,0,0,0,0,50,0,0,7
569,1284,6.25,375,100,0,0,0,0,0,0,55,0,0,5
570,1348,6.45,387,100,0,0,0,0,0,0,51,0,0,9
571,1176,6.30508,372,100,0,0,0,0,0,0,53,0,0,6
572,1384,6.45763,381,100,0,0,0,0,0,0,50,0,0,9
573,1368,6.49091,357,100,0,0,0,0,0,0,46,0,0,9
574,1312,6.42857,360,100,0,0,0,0,0,0,48,0,0,8
575,1192,6.38889,345,100,0,0,0,0,0,0,47,0,0,7
576,1408,6.53226,405,100,0,0,0,0,0,0,51,0,0,11
577,1280,6.40678,378,100,0,0,0,0,0,0,51,0,0,8
578,1256,6.50847,384,100,0,0,0,0,0,0,49,0,0,10
579,1260,6.47368,369,100,0,0,0,0,0,0,48,0,0,9
580,1380,6.34426,387,100,0,0,0,0,0,0,54,0,0,7
581,1508,6.4918,396,100,0,0,0,0,0,0,51,0,0,10
582,1216,6.38182,351,100,0,0,0,0,0,0,48,0,0,7
583,1260,6.51724,378,100,0,0,0,0,0,0,48,0,0,10
584,1352,6.31034,366,100,0,0,0,0,0,0,52,0,0,6
585,1396,6.5,390,100,0,0,0,0,0,0,50,0,0,10
586,1340,6.45763,381,100,0,0,0,0,0,0,50,0,0,9
587,1384,6.35,381,100,0,0,0,0,0,0,53,0,0,7
588,1408,6.4,384,100,0,0,0,0,0,0,52,0,0,8
589,1356,6.68421,381,100,0,0,0,0,0,0,44,0,0,13
590,1412,6.53226,405,100,0,0,0,0,0,0,51,0,0,11
591,1364,6.58929,369,100,0,0,0,0,0,0,45,0,0,11
592,1320,6.32143,354,100,0,0,0,0,0,0,50,0,0,6
593,1420,6.36207,369,100,0,0,0,0,0,0,51,0,0,7
594,1116,6.42,321,100,0,0,0,0,0,0,43,0,0,7
595,1292,6.3,378,100,0,0,0,0,0,0,54,0,0,6
596,1212,6.31579,360,100,0,0,0,0,0,0,51,0,0,6
597,1448,6.31034,366,100,0,0,0,0,0,0,52,0,0,6
598,1452,6.33962,336,100,0,0,0,0,0,0,47,0,0,6
599,1172,6.38889,345,100,0,0,0,0,0,0,47,0,0,7
600,1604,6.71186,396,100,0,0,0,0,0,0,45,0,0,14
601,1644,6.64286,372,100,0,0,0,0,0,0,44,0,0,12
602,1380,6.63462,345,100,0,0,0,0,0,0,41,0,0,11
603,1528,6.65,399,100,0,0,0,0,0,0,47,0,0,13
604,1544,6.42857,360,100,0,0,0,0,0,0,48,0,0,8
605,1580,6.42857,360,100,0,0,0,0,0,0,48,0,0,8
606,1708,6.6,363,100,0,0,0,0,0,0,44,0,0,11
607,1396,6.22222,336,100,0,0,0,0,0,0,50,0,0,4
608,1488,6.32727,348,100,0,0,0,0,0,0,49,0,0,6
609,1488,6.25862,363,100,0,0,0,0,0,0,53,0,0,5
610,1296,6.36842,363,100,0,0,0,0,0,0,50,0,0,7
611,1200,6.42857,360,100,0,0,0,0,0,0,48,0,0,8
612,1632,6.33871,393,100,0,0,0,0,0,0,55,0,0,7
613,1444,6.39344,390,100,0,0,0,0,0,0,53,0,0,8
614,1192,6.41379,372,100,0,0,0,0,0,0,50,0,0,8
615,1268,6.38095,402,100,0,0,0,0,0,0,55,0,0,8
616,1272,6.41379,372,100,0,0,0,0,0,0,50,0,0,8
617,1432,6.2,372,100,0,0,0,0,0,0,56,0,0,4
618,1556,6.19048,390,100,0,0,0,0,0,0,59,0,0,4
619,1268,6.33871,393,100,0,0,0,0,0,0,55,0,0,7
620,1212,6.32143,354,100,0,0,0,0,0,0,50,0,0,6
621,1088,6.15789,351,100,0,0,0,0,0,0,54,0,0,3
622,1248,6.15517,357,100,0,0,0,0,0,0,55,0,0,3
623,1072,6.10909,336,100,0,0,0,0,0,0,53,0,0,2
624,1340,6.14286,387,100,0,0,0,0,0,0,60,0,0,3
625,1056,6.10714,342,100,0,0,0,0,0,0,54,0,0,2
626,1176,6.29508,384,100,0,0,0,0,0,0,55,0,0,6
627,1344,6.20339,366,100,0,0,0,0,0,0,55,0,0,4
628,1268,6.26316,357,100,0,0,0,0,0,0,52,0,0,5
629,1356,6.26786,351,100,0,0,0,0,0,0,51,0,0,5
630,1212,6.2,372,100,0,0,0,0,0,0,56,0,0,4
631,1240,6.24194,387,100,0,0,0,0,0,0,57,0,0,5
632,1428,6.32812,405,100,0,0,0,0,0,0,57,0,0,7
633,1204,6.20339,366,100,0,0,0,0,0,0,55,0,0,4
634,1216,6.13636,405,100,0,0,0,0,0,0,63,0,0,3
635,1240,6.04762,381,100,0,0,0,0,0,0,62,0,0,1
636,1340,6.13846,399,100,0,0,0,0,0,0,62,0,0,3
637,1104,6.09375,390,100,0,0,0,0,0,0,62,0,0,2
638,1072,6.14754,375,100,0,0,0,0,0,0,58,0,0,3
639,1128,6.09677,378,100,0,0,0,0,0,0,60,0,0,2
640,1184,6.14062,393,100,0,0,0,0,0,0,61,0,0,3
641,1096,6.14516,381,100,0,0,0,0,0,0,59,0,0,3
642,1100,6.17188,395,100,0,0,0,0,0,0,60,0,1,3
643,1128,6.35714,356,100,0,0,0,0,0,0,49,0,1,6
644,1104,6.34483,368,100,0,0,0,0,0,0,51,0,1,6
645,1196,6.27869,383,100,0,0,0,0,0,0,55,0,1,5
646,1252,6.3,378,100,0,0,0,0,0,0,54,0,0,6
647,1324,6.23077,405,100,0,0,0,0,0,0,60,0,0,5
648,984,6.25424,369,100,0,0,0,0,0,0,54,0,0,5
649,1048,6.375,357,100,0,0,0,0,0,0,49,0,0,7
650,1192,6.25424,369,100,0,0,0,0,0,0,54,0,0,5
651,1360,6.3,378,100,0,0,0,0,0,0,54,0,0,6
652,1664,6.33333,399,100,0,0,0,0,0,0,56,0,0,7
653,1364,6.32143,354,100,0,0,0,0,0,0,50,0,0,6
654,1204,6.28571,396,100,0,0,0,0,0,0,57,0,0,6
655,1060,6.10714,342,100,0,0,0,0,0,0,54,0,0,2
656,1224,6.16071,345,100,0,0,0,0,0,0,53,0,0,3
657,1144,6.05,363,100,0,0,0,0,0,0,59,0,0,1
658,904,6.10714,342,100,0,0,0,0,0,0,54,0,0,2
659,1156,6.05172,351,100,0,0,0,0,0,0,57,0,0,1
660,1128,6.1,366,100,0,0,0,0,0,0,58,0,0,2
661,1160,6.04839,375,100,0,0,0,0,0,0,61,0,0,1
662,1124,6.14754,375,100,0,0,0,0,0,0,58,0,0,3
663,1340,6.22388,417,100,0,0,0,0,0,0,62,0,0,5
664,1160,6.15254,363,100,0,0,0,0,0,0,56,0,0,3
665,1312,6.1,366,100,0,0,0,0,0,0,58,0,0,2
666,1188,6.15254,363,100,0,0,0,0,0,0,56,0,0,3
667,1152,6.26316,357,100,0,0,0,0,0,0,52,0,0,5
668,1092,6.19355,384,100,0,0,0,0,0,0,58,0,0,4
669,1328,6.19355,384,100,0,0,0,0,0,0,58,0,0,4
670,1424,6.20339,366,100,0,0,0,0,0,0,55,0,0,4
671,1304,6.05357,339,100,0,0,0,0,0,0,55,0,0,1
672,1200,6,360,100,0,0,0,0,0,0,60,0,0,0
673,1248,6,378,100,0,0,0,0,0,0,63,0,0,0
674,1128,6.05085,357,100,0,0,0,0,0,0,58,0,0,1
675,1360,6.12903,380,100,0,0,0,0,0,0,59,0,1,2
676,1336,6.03448,350,100,0,0,0,0,0,0,57,0,1,0
677,1196,6.08197,371,100,0,0,0,0,0,0,59,0,1,1
678,1208,6.13115,374,100,0,0,0,0,0,0,58,0,1,2
679,1444,6.23333,374,100,0,0,0,0,0,0,55,0,1,4
680,1320,6.14286,387,100,0,0,0,0,0,0,60,0,0,3
681,1340,6.2381,393,100,0,0,0,0,0,0,58,0,0,5
682,1228,6.3,378,100,0,0,0,0,0,0,54,0,0,6
683,1060,6.21429,348,100,0,0,0,0,0,0,52,0,0,4
684,1444,6.30508,372,100,0,0,0,0,0,0,53,0,0,6
685,1376,6.57895,375,100,0,0,0,0,0,0,46,0,0,11
686,1436,6.63158,378,100,0,0,0,0,0,0,45,0,0,12
687,1456,6.55932,387,100,0,0,0,0,0,0,48,0,0,11
688,1396,6.36842,363,100,0,0,0,0,0,0,50,0,0,7
689,1236,6.34426,387,100,0,0,0,0,0,0,54,0,0,7
690,1376,6.35938,407,100,0,0,0,0,0,0,56,0,1,7
691,1412,6.42188,411,100,0,0,0,0,0,0,55,0,0,9
692,1152,6.36842,363,100,0,0,0,0,0,0,50,0,0,7
693,1292,6.3,378,100,0,0,0,0,0,0,54,0,0,6
694,1340,6.41379,372,100,0,0,0,0,0,0,50,0,0,8
695,1256,6.44262,393,100,0,0,0,0,0,0,52,0,0,9
696,1344,6.55932,387,100,0,0,0,0,0,0,48,0,0,11
697,1324,6.41379,372,100,0,0,0,0,0,0,50,0,0,8
698,1196,6.31579,360,100,0,0,0,0,0,0,51,0,0,6
699,1352,6.45763,381,100,0,0,0,0,0,0,50,0,0,9
700,1316,6.57895,375,100,0,0,0,0,0,0,46,0,0,11
701,1292,6.46552,375,100,0,0,0,0,0,0,49,0,0,9
702,1388,6.55556,354,100,0,0,0,0,0,0,44,0,0,10
703,1636,6.71429,423,100,0,0,0,0,0,0,48,0,0,15
704,1236,6.62264,351,100,0,0,0,0,0,0,42,0,0,11
705,1428,6.68852,408,100,0,0,0,0,0,0,47,0,0,14
706,1656,6.78462,441,100,0,0,0,0,0,0,48,0,0,17
707,1400,6.4918,396,100,0,0,0,0,0,0,51,0,0,10
708,1332,6.65,399,100,0,0,0,0,0,0,47,0,0,13
709,1024,6.53571,366,100,0,0,0,0,0,0,46,0,0,10
710,1076,6.50847,384,100,0,0,0,0,0,0,49,0,0,10
711,1232,6.61905,417,100,0,0,0,0,0,0,50,0,0,13
712,1176,6.36842,363,100,0,0,0,0,0,0,50,0,0,7
713,1532,6.7,402,100,0,0,0,0,0,0,46,0,0,14
714,1504,6.63934,405,100,0,0,0,0,0,0,48,0,0,13
715,1732,6.82759,396,100,0,0,0,0,0,0,42,0,0,16
716,1748,6.64286,372,100,0,0,0,0,0,0,44,0,0,12
717,1948,6.78689,414,100,0,0,0,0,0,0,45,0,0,16
718,1936,6.68421,381,100,0,0,0,0,0,0,44,0,0,13
719,1996,6.8,408,100,0,0,0,0,0,0,44,0,0,16
720,1852,6.69643,375,100,0,0,0,0,0,0,43,0,0,13
721,1408,6.67925,354,100,0,0,0,0,0,0,41,0,0,12
722,1420,6.76364,372,100,0,0,0,0,0,0,41,0,0,14
723,1748,6.98276,405,100,0,0,0,0,0,0,39,0,0,19
724,1712,7.09615,369,100,0,0,0,0,0,0,33,0,0,19
725,1308,6.73585,357,100,0,0,0,0,0,0,40,0,0,13
726,1572,6.92727,381,100,0,0,0,0,0,0,38,0,0,17
727,1280,6.84211,390,100,0,0,0,0,0,0,41,0,0,16
728,1584,6.9661,411,100,0,0,0,0,0,0,40,0,0,19
729,1180,6.76471,345,100,0,0,0,0,0,0,38,0,0,13
730,1376,6.61017,390,100,0,0,0,0,0,0,47,0,0,12
731,1388,6.50847,384,100,0,0,0,0,0,0,49,0,0,10
732,1452,6.35294,432,100,0,0,0,0,0,0,60,0,0,8
733,1432,6.76271,399,100,0,0,0,0,0,0,44,0,0,15
734,1520,6.55,393,100,0,0,0,0,0,0,49,0,0,11
735,1744,6.68852,408,100,0,0,0,0,0,0,47,0,0,14
736,1568,6.72222,363,100,0,0,0,0,0,0,41,0,0,13
737,1716,6.8,408,100,0,0,0,0,0,0,44,0,0,16
738,1600,6.71186,396,100,0,0,0,0,0,0,45,0,0,14
739,1804,6.70909,369,100,0,0,0,0,0,0,42,0,0,13
740,1560,6.39623,339,100,0,0,0,0,0,0,46,0,0,7
741,1588,6.68421,381,100,0,0,0,0,0,0,44,0,0,13
742,1144,6.58824,336,100,0,0,0,0,0,0,41,0,0,10
743,1508,6.87273,378,100,0,0,0,0,0,0,39,0,0,16
744,1476,6.96429,390,100,0,0,0,0,0,0,38,0,0,18
745,1572,6.93103,402,100,0,0,0,0,0,0,40,0,0,18
746,1500,6.84211,390,100,0,0,0,0,0,0,41,0,0,16
747,1336,6.78571,380,100,0,0,0,0,0,0,41,0,1,14
748,1348,7.0566,374,100,0,0,0,0,0,0,34,0,1,18
749,1740,6.9661,411,100,0,0,0,0,0,0,40,0,0,19
750,1648,7.21154,375,100,0,0,0,0,0,0,31,0,0,21
751,1420,6.86441,405,100,0,0,0,0,0,0,42,0,0,17
752,1364,6.69643,375,100,0,0,0,0,0,0,43,0,0,13
753,1496,6.72581,417,100,0,0,0,0,0,0,47,0,0,15
754,1156,6.55,393,100,0,0,0,0,0,0,49,0,0,11
755,1092,6.46552,375,100,0,0,0,0,0,0,49,0,0,9
756,1288,6.50847,384,100,0,0,0,0,0,0,49,0,0,10
757,1160,6.43636,354,100,0,0,0,0,0,0,47,0,0,8
758,1400,6.53226,405,100,0,0,0,0,0,0,51,0,0,11
759,1208,6.63462,345,100,0,0,0,0,0,0,41,0,0,11
760,1356,6.71186,396,100,0,0,0,0,0,0,45,0,0,14
761,1120,6.63158,378,100,0,0,0,0,0,0,45,0,0,12
762,992,6.64286,372,100,0,0,0,0,0,0,44,0,0,12
763,1044,6.65,399,100,0,0,0,0,0,0,47,0,0,13
764,1084,6.45763,381,100,0,0,0,0,0,0,50,0,0,9
765,980,6.31579,360,100,0,0,0,0,0,0,51,0,0,6
766,1104,6.30508,372,100,0,0,0,0,0,0,53,0,0,6
767,892,6.29508,384,100,0,0,0,0,0,0,55,0,0,6
768,904,6.20339,366,100,0,0,0,0,0,0,55,0,0,4
769,1188,6.36923,414,100,0,0,0,0,0,0,57,0,0,8
770,1116,6.39344,390,100,0,0,0,0,0,0,53,0,0,8
771,1188,6.30508,372,100,0,0,0,0,0,0,53,0,0,6
772,1408,6.55,393,100,0,0,0,0,0,0,49,0,0,11
773,1088,6.49091,357,100,0,0,0,0,0,0,46,0,0,9
774,1212,6.32143,354,100,0,0,0,0,0,0,50,0,0,6
775,1276,6.31034,366,100,0,0,0,0,0,0,52,0,0,6
776,1412,6.45283,342,100,0,0,0,0,0,0,45,0,0,8
777,1080,6.33962,336,100,0,0,0,0,0,0,47,0,0,6
778,1268,6.29508,384,100,0,0,0,0,0,0,55,0,0,6
779,1280,6.25862,363,100,0,0,0,0,0,0,53,0,0,5
780,1212,6.25862,363,100,0,0,0,0,0,0,53,0,0,5
781,1328,6.2459,381,100,0,0,0,0,0,0,56,0,0,5
782,1340,6.38182,351,100,0,0,0,0,0,0,48,0,0,7
783,1424,6.38182,351,100,0,0,0,0,0,0,48,0,0,7
784,1096,6.27778,339,100,0,0,0,0,0,0,49,0,0,5
785,1208,6.29508,384,100,0,0,0,0,0,0,55,0,0,6
786,1320,6.33333,399,100,0,0,0,0,0,0,56,0,0,7
787,1164,6.19355,384,100,0,0,0,0,0,0,58,0,0,4
788,1472,6.23077,405,100,0,0,0,0,0,0,60,0,0,5
789,1444,6.25862,363,100,0,0,0,0,0,0,53,0,0,5
790,1228,6.21818,342,100,0,0,0,0,0,0,51,0,0,4
791,1572,6.19672,378,100,0,0,0,0,0,0,57,0,0,4
792,1300,6.16071,345,100,0,0,0,0,0,0,53,0,0,3
793,1228,6.25424,369,100,0,0,0,0,0,0,54,0,0,5
794,1152,6.14516,381,100,0,0,0,0,0,0,59,0,0,3
795,1352,6.09836,372,100,0,0,0,0,0,0,59,0,0,2
796,1400,6.21429,348,100,0,0,0,0,0,0,52,0,0,4
797,936,6.21429,348,100,0,0,0,0,0,0,52,0,0,4
798,872,6.05263,345,100,0,0,0,0,0,0,56,0,0,1
799,1064,6.09836,372,100,0,0,0,0,0,0,59,0,0,2
800,1200,6.2,372,100,0,0,0,0,0,0,56,0,0,4
801,1076,6.26316,357,100,0,0,0,0,0,0,52,0,0,5
802,1184,6.09836,372,100,0,0,0,0,0,0,59,0,0,2
803,1236,6.19672,378,100,0,0,0,0,0,0,57,0,0,4
804,936,6.15254,363,100,0,0,0,0,0,0,56,0,0,3
805,1148,6.19672,378,100,0,0,0,0,0,0,57,0,0,4
806,1204,6.42105,366,100,0,0,0,0,0,0,49,0,0,8
807,1248,6.42857,360,100,0,0,0,0,0,0,48,0,0,8
808,1060,6.31034,366,100,0,0,0,0,0,0,52,0,0,6
809,1032,6.36207,369,100,0,0,0,0,0,0,51,0,0,7
810,1116,6.25,375,100,0,0,0,0,0,0,55,0,0,5
811,1016,6.36207,369,100,0,0,0,0,0,0,51,0,0,7
812,1104,6.30508,372,100,0,0,0,0,0,0,53,0,0,6
813,1068,6.16364,339,100,0,0,0,0,0,0,52,0,0,3
814,1308,6.25424,369,100,0,0,0,0,0,0,54,0,0,5
815,1096,6.2069,360,100,0,0,0,0,0,0,54,0,0,4
816,1240,6.10169,360,100,0,0,0,0,0,0,57,0,0,2
817,1520,6.19048,390,100,0,0,0,0,0,0,59,0,0,4
818,1668,6.20339,366,100,0,0,0,0,0,0,55,0,0,4
819,1488,6.25,375,100,0,0,0,0,0,0,55,0,0,5
820,1172,6.05263,345,100,0,0,0,0,0,0,56,0,0,1
821,1276,6.14516,381,100,0,0,0,0,0,0,59,0,0,3
822,1292,6.21429,348,100,0,0,0,0,0,0,52,0,0,4
823,1164,6.26786,351,100,0,0,0,0,0,0,51,0,0,5
824,1096,6.27273,345,100,0,0,0,0,0,0,50,0,0,5
825,1268,6.20339,366,100,0,0,0,0,0,0,55,0,0,4
826,1080,6.26316,357,100,0,0,0,0,0,0,52,0,0,5
827,1228,6.15517,357,100,0,0,0,0,0,0,55,0,0,3
828,1028,6.26786,351,100,0,0,0,0,0,0,51,0,0,5
829,1208,6.22388,417,100,0,0,0,0,0,0,62,0,0,5
830,1044,6.30508,372,100,0,0,0,0,0,0,53,0,0,6
831,1372,6.36364,420,100,0,0,0,0,0,0,58,0,0,8
832,1396,6.38182,351,100,0,0,0,0,0,0,48,0,0,7
833,1176,6.25,375,100,0,0,0,0,0,0,55,0,0,5
834,1092,6.24194,387,100,0,0,0,0,0,0,57,0,0,5
835,908,6.10169,360,100,0,0,0,0,0,0,57,0,0,2
836,788,6.10345,354,100,0,0,0,0,0,0,56,0,0,2
837,1000,6.15789,351,100,0,0,0,0,0,0,54,0,0,3
838,940,6.04918,369,100,0,0,0,0,0,0,60,0,0,1
839,1012,6.09677,378,100,0,0,0,0,0,0,60,0,0,2
840,1056,6.19672,378,100,0,0,0,0,0,0,57,0,0,4
841,1036,6.28125,402,100,0,0,0,0,0,0,58,0,0,6
842,1236,6.28571,396,100,0,0,0,0,0,0,57,0,0,6
843,1052,6.27273,345,100,0,0,0,0,0,0,50,0,0,5
844,1036,6.2,372,100,0,0,0,0,0,0,56,0,0,4
845,1088,6.04762,381,100,0,0,0,0,0,0,62,0,0,1
846,1080,6.27273,345,100,0,0,0,0,0,0,50,0,0,5
847,1200,6.29508,384,100,0,0,0,0,0,0,55,0,0,6
848,1236,6.47368,369,100,0,0,0,0,0,0,48,0,0,9
849,1372,6.4,384,100,0,0,0,0,0,0,52,0,0,8
850,1300,6.57692,342,100,0,0,0,0,0,0,42,0,0,10
851,1192,6.25424,369,100,0,0,0,0,0,0,54,0,0,5
852,1228,6.23729,368,100,0,0,0,0,0,0,54,0,1,4
853,1188,6.15254,363,100,0,0,0,0,0,0,56,0,0,3
854,860,6.05085,357,100,0,0,0,0,0,0,58,0,0,1
855,1052,6.19672,378,100,0,0,0,0,0,0,57,0,0,4
856,1272,6.28571,396,100,0,0,0,0,0,0,57,0,0,6
857,1036,6.2459,381,100,0,0,0,0,0,0,56,0,0,5
858,1316,6.2069,360,100,0,0,0,0,0,0,54,0,0,4
859,948,6.2069,360,100,0,0,0,0,0,0,54,0,0,4
860,1008,6.25424,369,100,0,0,0,0,0,0,54,0,0,5
861,1028,6.23438,399,100,0,0,0,0,0,0,59,0,0,5
862,928,6.1875,396,100,0,0,0,0,0,0,60,0,0,4
863,1100,6.2,372,100,0,0,0,0,0,0,56,0,0,4
864,1116,6.15254,363,100,0,0,0,0,0,0,56,0,0,3
865,980,6.26316,357,100,0,0,0,0,0,0,52,0,0,5
866,1008,6.29508,384,100,0,0,0,0,0,0,55,0,0,6
867,936,6.2069,360,100,0,0,0,0,0,0,54,0,0,4
868,948,6.10345,354,100,0,0,0,0,0,0,56,0,0,2
869,1024,6.16071,345,100,0,0,0,0,0,0,53,0,0,3
870,976,6.19355,384,100,0,0,0,0,0,0,58,0,0,4
871,944,6.14754,375,100,0,0,0,0,0,0,58,0,0,3
872,1196,6.18462,402,100,0,0,0,0,0,0,61,0,0,4
873,948,6.10345,354,100,0,0,0,0,0,0,56,0,0,2
874,1048,6.10345,354,100,0,0,0,0,0,0,56,0,0,2
875,1152,6.09836,372,100,0,0,0,0,0,0,59,0,0,2
876,1268,6.14516,381,100,0,0,0,0,0,0,59,0,0,3
877,1068,6.10169,360,100,0,0,0,0,0,0,57,0,0,2
878,1096,6.14062,393,100,0,0,0,0,0,0,61,0,0,3
879,1024,6.16071,345,100,0,0,0,0,0,0,53,0,0,3
880,1192,6.14062,393,100,0,0,0,0,0,0,61,0,0,3
881,1376,6.14754,375,100,0,0,0,0,0,0,58,0,0,3
882,1392,6.19048,390,100,0,0,0,0,0,0,59,0,0,4
883,1460,6.20339,366,100,0,0,0,0,0,0,55,0,0,4
884,1604,6.15254,363,100,0,0,0,0,0,0,56,0,0,3
885,1376,6.2069,360,100,0,0,0,0,0,0,54,0,0,4
886,1464,6.1,366,100,0,0,0,0,0,0,58,0,0,2
887,1104,6.09375,390,100,0,0,0,0,0,0,62,0,0,2
888,1232,6.1875,396,100,0,0,0,0,0,0,60,0,0,4
889,1092,6.04688,387,100,0,0,0,0,0,0,63,0,0,1
890,1124,6.21053,354,100,0,0,0,0,0,0,53,0,0,4
891,1116,6.2,372,100,0,0,0,0,0,0,56,0,0,4
892,1004,6.09231,396,100,0,0,0,0,0,0,63,0,0,2
893,1072,6.21053,354,100,0,0,0,0,0,0,53,0,0,4
894,1144,6.13043,423,100,0,0,0,0,0,0,66,0,0,3
895,1072,6.1,366,100,0,0,0,0,0,0,58,0,0,2
896,948,6.14754,375,100,0,0,0,0,0,0,58,0,0,3
897,960,6.04839,375,100,0,0,0,0,0,0,61,0,0,1
898,1040,6.1,366,100,0,0,0,0,0,0,58,0,0,2
899,1052,6.2069,360,100,0,0,0,0,0,0,54,0,0,4
900,1096,6.13793,356,100,0,0,0,0,0,0,55,0,1,2
901,1068,6.10169,360,100,0,0,0,0,0,0,57,0,0,2
902,1064,6.16667,333,100,0,0,0,0,0,0,51,0,0,3
903,968,6.10526,348,100,0,0,0,0,0,0,55,0,0,2
904,1120,6.04762,381,100,0,0,0,0,0,0,62,0,0,1
905,1120,6.25424,369,100,0,0,0,0,0,0,54,0,0,5
906,1020,6.19672,378,100,0,0,0,0,0,0,57,0,0,4
907,1076,6.19672,378,100,0,0,0,0,0,0,57,0,0,4
908,1204,6.31034,366,100,0,0,0,0,0,0,52,0,0,6
909,1216,6.21818,342,100,0,0,0,0,0,0,51,0,0,4
910,1292,6.29508,384,100,0,0,0,0,0,0,55,0,0,6
911,1292,6.39344,390,100,0,0,0,0,0,0,53,0,0,8
912,1120,6.2069,360,100,0,0,0,0,0,0,54,0,0,4
913,916,6.11111,330,100,0,0,0,0,0,0,52,0,0,2
914,1068,6.20339,366,100,0,0,0,0,0,0,55,0,0,4
915,1104,6.09677,378,100,0,0,0,0,0,0,60,0,0,2
916,1068,6.2069,360,100,0,0,0,0,0,0,54,0,0,4
917,1020,6.31579,360,100,0,0,0,0,0,0,51,0,0,6
918,1076,6.20339,366,100,0,0,0,0,0,0,55,0,0,4
919,1176,6.16071,345,100,0,0,0,0,0,0,53,0,0,3
920,1092,6.15,369,100,0,0,0,0,0,0,57,0,0,3
921,1184,6.20339,366,100,0,0,0,0,0,0,55,0,0,4
922,1032,6.27273,345,100,0,0,0,0,0,0,50,0,0,5
923,960,6.10169,360,100,0,0,0,0,0,0,57,0,0,2
924,1124,6.15,369,100,0,0,0,0,0,0,57,0,0,3
925,940,6.05,363,100,0,0,0,0,0,0,59,0,0,1
926,972,6.09524,384,100,0,0,0,0,0,0,61,0,0,2
927,976,6.15,369,100,0,0,0,0,0,0,57,0,0,3
928,944,6.09524,384,100,0,0,0,0,0,0,61,0,0,2
929,884,6.14754,375,100,0,0,0,0,0,0,58,0,0,3
930,888,6.09091,402,100,0,0,0,0,0,0,64,0,0,2
931,912,6.20339,366,100,0,0,0,0,0,0,55,0,0,4
932,1108,6.2381,393,100,0,0,0,0,0,0,58,0,0,5
933,1096,6.14286,387,100,0,0,0,0,0,0,60,0,0,3
934,852,6.05085,357,100,0,0,0,0,0,0,58,0,0,1
935,988,6.05085,357,100,0,0,0,0,0,0,58,0,0,1
936,1112,6.25,375,100,0,0,0,0,0,0,55,0,0,5
937,968,6.1,366,100,0,0,0,0,0,0,58,0,0,2
938,1056,6.04762,381,100,0,0,0,0,0,0,62,0,0,1
939,912,6,372,100,0,0,0,0,0,0,62,0,0,0
940,828,6.04918,369,100,0,0,0,0,0,0,60,0,0,1
941,904,6.09836,372,100,0,0,0,0,0,0,59,0,0,2
942,828,6.15254,363,100,0,0,0,0,0,0,56,0,0,3
943,888,6.04918,369,100,0,0,0,0,0,0,60,0,0,1
944,956,6.14754,375,100,0,0,0,0,0,0,58,0,0,3
945,1004,6.04839,375,100,0,0,0,0,0,0,61,0,0,1
946,1048,6.09677,378,100,0,0,0,0,0,0,60,0,0,2
947,944,6.1,366,100,0,0,0,0,0,0,58,0,0,2
948,1084,6.04918,369,100,0,0,0,0,0,0,60,0,0,1
949,1060,6.14754,375,100,0,0,0,0,0,0,58,0,0,3
950,1400,6.25424,369,100,0,0,0,0,0,0,54,0,0,5
951,1256,6.15,369,100,0,0,0,0,0,0,57,0,0,3
952,1212,6.16981,327,100,0,0,0,0,0,0,50,0,0,3
953,1072,6.21429,348,100,0,0,0,0,0,0,52,0,0,4
954,1288,6.19672,378,100,0,0,0,0,0,0,57,0,0,4
955,1308,6.20339,366,100,0,0,0,0,0,0,55,0,0,4
956,1156,6.04918,369,100,0,0,0,0,0,0,60,0,0,1
957,1144,6.14062,393,100,0,0,0,0,0,0,61,0,0,3
958,1212,6.09375,390,100,0,0,0,0,0,0,62,0,0,2
959,1120,6.25,375,100,0,0,0,0,0,0,55,0,0,5
960,1116,6.15254,363,100,0,0,0,0,0,0,56,0,0,3
961,952,6.14754,375,100,0,0,0,0,0,0,58,0,0,3
962,1120,6.09231,396,100,0,0,0,0,0,0,63,0,0,2
963,1068,6.10345,354,100,0,0,0,0,0,0,56,0,0,2
964,1096,6.19643,347,100,0,0,0,0,0,0,52,0,1,3
965,1100,6.13559,362,100,0,0,0,0,0,0,56,0,1,2
966,1128,6.18966,359,100,0,0,0,0,0,0,54,0,1,3
967,848,6.10714,342,100,0,0,0,0,0,0,54,0,0,2
968,1128,6.10345,354,100,0,0,0,0,0,0,56,0,0,2
969,1268,6.10345,354,100,0,0,0,0,0,0,56,0,0,2
970,1248,6.05172,351,100,0,0,0,0,0,0,57,0,0,1
971,1156,6.05357,339,100,0,0,0,0,0,0,55,0,0,1
972,1156,6.05,363,100,0,0,0,0,0,0,59,0,0,1
973,936,6.05263,345,100,0,0,0,0,0,0,56,0,0,1
974,1132,6.14286,387,100,0,0,0,0,0,0,60,0,0,3
975,1096,6.14286,387,100,0,0,0,0,0,0,60,0,0,3
976,1176,6.14516,381,100,0,0,0,0,0,0,59,0,0,3
977,1168,6.15517,357,100,0,0,0,0,0,0,55,0,0,3
978,1272,6.26786,351,100,0,0,0,0,0,0,51,0,0,5
979,1372,6.42857,360,100,0,0,0,0,0,0,48,0,0,8
980,1332,6.25424,369,100,0,0,0,0,0,0,54,0,0,5
981,1344,6.20339,366,100,0,0,0,0,0,0,55,0,0,4
982,1228,6.47368,369,100,0,0,0,0,0,0,48,0,0,9
983,1172,6.2459,381,100,0,0,0,0,0,0,56,0,0,5
984,1140,6.3,378,100,0,0,0,0,0,0,54,0,0,6
985,1152,6.41379,372,100,0,0,0,0,0,0,50,0,0,8
986,1332,6.28125,402,100,0,0,0,0,0,0,58,0,0,6
987,1304,6.39344,390,100,0,0,0,0,0,0,53,0,0,8
988,1416,6.4,384,100,0,0,0,0,0,0,52,0,0,8
989,1316,6.47368,369,100,0,0,0,0,0,0,48,0,0,9
990,1280,6.51724,378,100,0,0,0,0,0,0,48,0,0,10
991,1372,6.43548,399,100,0,0,0,0,0,0,53,0,0,9
992,1256,6.45,387,100,0,0,0,0,0,0,51,0,0,9
993,1364,6.55385,426,100,0,0,0,0,0,0,53,0,0,12
994,1188,6.42857,360,100,0,0,0,0,0,0,48,0,0,8
995,1216,6.28571,396,100,0,0,0,0,0,0,57,0,0,6
996,1032,6.1,366,100,0,0,0,0,0,0,58,0,0,2
997,1264,6.33871,393,100,0,0,0,0,0,0,55,0,0,7
998,1108,6.25,375,100,0,0,0,0,0,0,55,0,0,5
999,1244,6.43548,399,100,0,0,0,0,0,0,53,0,0,9
