update,points,mean_tasks,total_tasks,total_orgs,task_0,task_1,task_2,task_3,task_4,task_5,task_6,task_7,task_8,task_9
0,0,nan,0,10,0,0,0,0,0,0,0,0,0,0
1,72,6.5,26,12,0,0,0,0,0,0,3,0,1,0
2,120,6.25,50,13,0,0,0,0,0,0,7,0,1,0
3,132,6.22222,56,14,0,0,0,0,0,0,8,0,1,0
4,132,6.25,50,14,0,0,0,0,0,0,7,0,1,0
5,112,6,48,17,0,0,0,0,0,0,8,0,0,0
6,132,6,66,19,0,0,0,0,0,0,11,0,0,0
7,188,6,78,21,0,0,0,0,0,0,13,0,0,0
8,176,6,84,22,0,0,0,0,0,0,14,0,0,0
9,240,6,96,25,0,0,0,0,0,0,16,0,0,0
10,220,6,96,28,0,0,0,0,0,0,16,0,0,0
11,316,6.16667,111,33,0,0,0,0,0,0,17,0,0,1
12,368,6.13043,141,35,0,0,0,0,0,0,22,0,0,1
13,400,6,150,40,0,0,0,0,0,0,25,0,0,0
14,376,6,162,43,0,0,0,0,0,0,27,0,0,0
15,448,6.10714,171,48,0,0,0,0,0,0,27,0,0,1
16,468,6,192,50,0,0,0,0,0,0,32,0,0,0
17,552,6.08824,207,53,0,0,0,0,0,0,33,0,0,1
18,556,6.16216,228,57,0,0,0,0,0,0,35,0,0,2
19,552,6.15385,240,59,0,0,0,0,0,0,37,0,0,2
20,624,6.13953,264,66,0,0,0,0,0,0,41,0,0,2
21,872,6.375,306,71,0,0,0,0,0,0,42,0,0,6
22,672,6.3125,303,76,0,0,0,0,0,0,43,0,0,5
23,872,6.39623,339,82,0,0,0,0,0,0,46,0,0,7
24,656,6.24,312,84,0,0,0,0,0,0,46,0,0,4
25,992,6.35,381,88,0,0,0,0,0,0,53,0,0,7
26,916,6.36842,363,91,0,0,0,0,0,0,50,0,0,7
27,996,6.39344,390,94,0,0,0,0,0,0,53,0,0,8
28,1124,6.3871,396,96,0,0,0,0,0,0,54,0,0,8
29,1004,6.4,384,97,0,0,0,0,0,0,52,0,0,8
30,1396,6.52381,411,97,0,0,0,0,0,0,52,0,0,11
31,1408,6.46875,414,98,0,0,0,0,0,0,54,0,0,10
32,1480,6.5,390,99,0,0,0,0,0,0,50,0,0,10
33,1508,6.65625,426,100,0,0,0,0,0,0,50,0,0,14
34,1264,6.55932,387,100,0,0,0,0,0,0,48,0,0,11
35,1372,6.63934,405,100,0,0,0,0,0,0,48,0,0,13
36,1280,6.58065,408,100,0,0,0,0,0,0,50,0,0,12
37,1348,6.63934,405,100,0,0,0,0,0,0,48,0,0,13
38,1476,6.45455,426,100,0,0,0,0,0,0,56,0,0,10
39,1404,6.5,390,100,0,0,0,0,0,0,50,0,0,10
40,1416,6.39344,390,100,0,0,0,0,0,0,53,0,0,8
41,1512,6.4918,396,100,0,0,0,0,0,0,51,0,0,10
42,1812,6.52381,411,100,0,0,0,0,0,0,52,0,0,11
43,1400,6.28125,402,100,0,0,0,0,0,0,58,0,0,6
44,1196,6.36842,363,100,0,0,0,0,0,0,50,0,0,7
45,1124,6.27273,345,100,0,0,0,0,0,0,50,0,0,5
46,1584,6.55,393,100,0,0,0,0,0,0,49,0,0,11
47,1628,6.53571,366,100,0,0,0,0,0,0,46,0,0,10
48,1148,6.22642,330,100,0,0,0,0,0,0,49,0,0,4
49,1408,6.35,381,100,0,0,0,0,0,0,53,0,0,7
50,1144,6.30508,372,100,0,0,0,0,0,0,53,0,0,6
51,1404,6.40678,378,100,0,0,0,0,0,0,51,0,0,8
52,1604,6.6,396,100,0,0,0,0,0,0,48,0,0,12
53,1784,6.78947,387,100,0,0,0,0,0,0,42,0,0,15
54,1744,6.62069,384,100,0,0,0,0,0,0,46,0,0,12
55,1560,6.47368,369,100,0,0,0,0,0,0,48,0,0,9
56,1776,6.65,399,100,0,0,0,0,0,0,47,0,0,13
57,1488,6.68421,381,100,0,0,0,0,0,0,44,0,0,13
58,1672,6.44444,348,100,0,0,0,0,0,0,46,0,0,8
59,1564,6.46552,375,100,0,0,0,0,0,0,49,0,0,9
60,1196,6.32143,354,100,0,0,0,0,0,0,50,0,0,6
61,1396,6.2,372,100,0,0,0,0,0,0,56,0,0,4
62,1544,6.31579,360,100,0,0,0,0,0,0,51,0,0,6
63,1340,6.41379,372,100,0,0,0,0,0,0,50,0,0,8
64,1224,6.1875,396,100,0,0,0,0,0,0,60,0,0,4
65,1436,6.31818,417,100,0,0,0,0,0,0,59,0,0,7
66,1208,6.23438,399,100,0,0,0,0,0,0,59,0,0,5
67,1120,6.19355,384,100,0,0,0,0,0,0,58,0,0,4
68,1184,6.23438,399,100,0,0,0,0,0,0,59,0,0,5
69,1356,6.3,378,100,0,0,0,0,0,0,54,0,0,6
70,1228,6.50847,384,100,0,0,0,0,0,0,49,0,0,10
71,1416,6.45763,381,100,0,0,0,0,0,0,50,0,0,9
72,1208,6.32143,354,100,0,0,0,0,0,0,50,0,0,6
73,1324,6.27692,408,100,0,0,0,0,0,0,59,0,0,6
74,1232,6.34426,387,100,0,0,0,0,0,0,54,0,0,7
75,1344,6.2459,381,100,0,0,0,0,0,0,56,0,0,5
76,1424,6.33871,393,100,0,0,0,0,0,0,55,0,0,7
77,1276,6.2459,381,100,0,0,0,0,0,0,56,0,0,5
78,1232,6.2,372,100,0,0,0,0,0,0,56,0,0,4
79,1244,6.375,357,100,0,0,0,0,0,0,49,0,0,7
80,1288,6.19048,390,100,0,0,0,0,0,0,59,0,0,4
81,1312,6.24194,387,100,0,0,0,0,0,0,57,0,0,5
82,1284,6.32727,348,100,0,0,0,0,0,0,49,0,0,6
83,1612,6.45,387,100,0,0,0,0,0,0,51,0,0,9
84,1328,6.32143,354,100,0,0,0,0,0,0,50,0,0,6
85,1200,6.35593,375,100,0,0,0,0,0,0,52,0,0,7
86,1372,6.34426,387,100,0,0,0,0,0,0,54,0,0,7
87,1468,6.32812,405,100,0,0,0,0,0,0,57,0,0,7
88,1340,6.25424,369,100,0,0,0,0,0,0,54,0,0,5
89,1240,6.31034,366,100,0,0,0,0,0,0,52,0,0,6
90,1704,6.32812,405,100,0,0,0,0,0,0,57,0,0,7
91,1800,6.29508,384,100,0,0,0,0,0,0,55,0,0,6
92,1768,6.66667,360,100,0,0,0,0,0,0,42,0,0,12
93,1968,6.63158,378,100,0,0,0,0,0,0,45,0,0,12
94,2020,6.67241,387,100,0,0,0,0,0,0,45,0,0,13
95,1892,6.4918,396,100,0,0,0,0,0,0,51,0,0,10
96,1592,6.52632,372,100,0,0,0,0,0,0,47,0,0,10
97,1484,6.63158,378,100,0,0,0,0,0,0,45,0,0,12
98,1556,6.58929,369,100,0,0,0,0,0,0,45,0,0,11
99,1704,6.43636,354,100,0,0,0,0,0,0,47,0,0,8
100,1664,6.38889,345,100,0,0,0,0,0,0,47,0,0,7
101,1732,6.36,318,100,0,0,0,0,0,0,44,0,0,6
102,2288,6.52632,372,100,0,0,0,0,0,0,47,0,0,10
103,2520,6.43636,354,100,0,0,0,0,0,0,47,0,0,8
104,2248,6.49091,357,100,0,0,0,0,0,0,46,0,0,9
105,2476,6.50943,345,100,0,0,0,0,0,0,44,0,0,9
106,1928,6.52632,372,100,0,0,0,0,0,0,47,0,0,10
107,1896,6.51724,378,100,0,0,0,0,0,0,48,0,0,10
108,2240,6.64286,372,100,0,0,0,0,0,0,44,0,0,12
109,1628,6.42857,360,100,0,0,0,0,0,0,48,0,0,8
110,1520,6.49153,383,100,0,0,0,0,0,0,49,0,1,9
111,1592,6.47368,369,100,0,0,0,0,0,0,48,0,0,9
112,1688,6.44444,348,100,0,0,0,0,0,0,46,0,0,8
113,1816,6.69231,348,100,0,0,0,0,0,0,40,0,0,12
114,1824,6.72222,363,100,0,0,0,0,0,0,41,0,0,13
115,1732,6.84906,363,100,0,0,0,0,0,0,38,0,0,15
116,1708,6.86538,357,100,0,0,0,0,0,0,37,0,0,15
117,1712,6.55556,354,100,0,0,0,0,0,0,44,0,0,10
118,1704,6.72414,390,100,0,0,0,0,0,0,44,0,0,14
119,1316,6.62264,351,100,0,0,0,0,0,0,42,0,0,11
120,1872,6.73684,384,100,0,0,0,0,0,0,43,0,0,14
121,1840,6.56604,348,100,0,0,0,0,0,0,43,0,0,10
122,1592,6.6,363,100,0,0,0,0,0,0,44,0,0,11
123,1696,6.5,351,100,0,0,0,0,0,0,45,0,0,9
124,1588,6.67925,354,100,0,0,0,0,0,0,41,0,0,12
125,2052,6.53226,405,100,0,0,0,0,0,0,51,0,0,11
126,1876,6.33333,342,100,0,0,0,0,0,0,48,0,0,6
127,1848,6.41379,372,100,0,0,0,0,0,0,50,0,0,8
128,2244,6.71186,396,100,0,0,0,0,0,0,45,0,0,14
129,2116,6.42105,366,100,0,0,0,0,0,0,49,0,0,8
130,2428,6.63158,378,100,0,0,0,0,0,0,45,0,0,12
131,2584,6.61017,390,100,0,0,0,0,0,0,47,0,0,12
132,2016,6.54098,399,100,0,0,0,0,0,0,50,0,0,11
133,1796,6.45283,342,100,0,0,0,0,0,0,45,0,0,8
134,1688,6.57692,342,100,0,0,0,0,0,0,42,0,0,10
135,2144,6.41379,372,100,0,0,0,0,0,0,50,0,0,8
136,1784,6.72,336,100,0,0,0,0,0,0,38,0,0,12
137,1816,6.70588,342,100,0,0,0,0,0,0,39,0,0,12
138,1832,6.66667,360,100,0,0,0,0,0,0,42,0,0,12
139,2036,6.78947,387,100,0,0,0,0,0,0,42,0,0,15
140,2080,6.91525,408,100,0,0,0,0,0,0,41,0,0,18
141,1792,6.6,396,100,0,0,0,0,0,0,48,0,0,12
142,1712,7.01695,414,100,0,0,0,0,0,0,39,0,0,20
143,1976,6.92727,381,100,0,0,0,0,0,0,38,0,0,17
144,1892,6.57895,375,100,0,0,0,0,0,0,46,0,0,11
145,1768,6.49091,357,100,0,0,0,0,0,0,46,0,0,9
146,1820,6.375,357,100,0,0,0,0,0,0,49,0,0,7
147,1812,6.76271,399,100,0,0,0,0,0,0,44,0,0,15
148,1780,6.80357,381,100,0,0,0,0,0,0,41,0,0,15
149,1612,6.45283,342,100,0,0,0,0,0,0,45,0,0,8
150,1628,6.32143,354,100,0,0,0,0,0,0,50,0,0,6
151,1756,6.50847,384,100,0,0,0,0,0,0,49,0,0,10
152,1712,6.5,390,100,0,0,0,0,0,0,50,0,0,10
153,1720,6.45283,342,100,0,0,0,0,0,0,45,0,0,8
154,1720,6.55556,354,100,0,0,0,0,0,0,44,0,0,10
155,1856,6.63158,378,100,0,0,0,0,0,0,45,0,0,12
156,1916,6.55932,387,100,0,0,0,0,0,0,48,0,0,11
157,1604,6.68421,381,100,0,0,0,0,0,0,44,0,0,13
158,1848,6.93103,402,100,0,0,0,0,0,0,40,0,0,18
159,1788,6.66102,393,100,0,0,0,0,0,0,46,0,0,13
160,1668,6.86441,405,100,0,0,0,0,0,0,42,0,0,17
161,1512,6.78947,387,100,0,0,0,0,0,0,42,0,0,15
162,1388,6.41176,327,100,0,0,0,0,0,0,44,0,0,7
163,1780,6.55932,387,100,0,0,0,0,0,0,48,0,0,11
164,1472,6.57692,342,100,0,0,0,0,0,0,42,0,0,10
165,1652,6.58929,369,100,0,0,0,0,0,0,45,0,0,11
166,1612,6.33333,399,100,0,0,0,0,0,0,56,0,0,7
167,1344,6.44262,393,100,0,0,0,0,0,0,52,0,0,9
168,1164,6.375,357,100,0,0,0,0,0,0,49,0,0,7
169,1152,6.31034,366,100,0,0,0,0,0,0,52,0,0,6
170,1280,6.45,387,100,0,0,0,0,0,0,51,0,0,9
171,1472,6.68421,381,100,0,0,0,0,0,0,44,0,0,13
172,1412,6.42857,360,100,0,0,0,0,0,0,48,0,0,8
173,1456,6.375,357,100,0,0,0,0,0,0,49,0,0,7
174,1632,6.31579,360,100,0,0,0,0,0,0,51,0,0,6
175,1668,6.57895,375,100,0,0,0,0,0,0,46,0,0,11
176,1624,6.45283,342,100,0,0,0,0,0,0,45,0,0,8
177,1768,6.55932,387,100,0,0,0,0,0,0,48,0,0,11
178,1636,6.54098,399,100,0,0,0,0,0,0,50,0,0,11
179,1864,6.73684,384,100,0,0,0,0,0,0,43,0,0,14
180,1964,6.6,396,100,0,0,0,0,0,0,48,0,0,12
181,1720,6.89474,393,100,0,0,0,0,0,0,40,0,0,17
182,1900,6.91071,387,100,0,0,0,0,0,0,39,0,0,17
183,1856,6.79245,360,100,0,0,0,0,0,0,39,0,0,14
184,1684,6.67925,354,100,0,0,0,0,0,0,41,0,0,12
185,1776,6.71186,396,100,0,0,0,0,0,0,45,0,0,14
186,1400,6.73585,357,100,0,0,0,0,0,0,40,0,0,13
187,1500,6.55932,387,100,0,0,0,0,0,0,48,0,0,11
188,1440,6.42857,405,100,0,0,0,0,0,0,54,0,0,9
189,1152,6.65455,366,100,0,0,0,0,0,0,43,0,0,12
190,1324,6.55,393,100,0,0,0,0,0,0,49,0,0,11
191,1244,6.46552,375,100,0,0,0,0,0,0,49,0,0,9
192,1280,6.46875,414,100,0,0,0,0,0,0,54,0,0,10
193,1260,6.53571,366,100,0,0,0,0,0,0,46,0,0,10
194,1272,6.47619,408,100,0,0,0,0,0,0,53,0,0,10
195,1064,6.27419,389,100,0,0,0,0,0,0,56,0,1,5
196,1248,6.40678,378,100,0,0,0,0,0,0,51,0,0,8
197,1168,6.35593,375,100,0,0,0,0,0,0,52,0,0,7
198,1156,6.18462,402,100,0,0,0,0,0,0,61,0,0,4
199,1264,6.15,369,100,0,0,0,0,0,0,57,0,0,3
200,1236,6.15254,363,100,0,0,0,0,0,0,56,0,0,3
201,1316,6.19355,384,100,0,0,0,0,0,0,58,0,0,4
202,1352,6.3,378,100,0,0,0,0,0,0,54,0,0,6
203,1312,6.25424,369,100,0,0,0,0,0,0,54,0,0,5
204,1332,6.09836,372,100,0,0,0,0,0,0,59,0,0,2
205,1060,6.15,369,100,0,0,0,0,0,0,57,0,0,3
206,1164,6.19672,378,100,0,0,0,0,0,0,57,0,0,4
207,1052,6.15,369,100,0,0,0,0,0,0,57,0,0,3
208,1136,6.25,375,100,0,0,0,0,0,0,55,0,0,5
209,1212,6.14754,375,100,0,0,0,0,0,0,58,0,0,3
210,1448,6.19672,378,100,0,0,0,0,0,0,57,0,0,4
211,1304,6.10345,354,100,0,0,0,0,0,0,56,0,0,2
212,1164,6.09677,378,100,0,0,0,0,0,0,60,0,0,2
213,1292,6.15254,363,100,0,0,0,0,0,0,56,0,0,3
214,1336,6.25,375,100,0,0,0,0,0,0,55,0,0,5
215,1204,6.3,378,100,0,0,0,0,0,0,54,0,0,6
216,1156,6.32812,405,100,0,0,0,0,0,0,57,0,0,7
217,1048,6.42105,366,100,0,0,0,0,0,0,49,0,0,8
218,1028,6.25862,363,100,0,0,0,0,0,0,53,0,0,5
219,1320,6.29032,390,100,0,0,0,0,0,0,56,0,0,6
220,1376,6.1875,396,100,0,0,0,0,0,0,60,0,0,4
221,1432,6.15789,351,100,0,0,0,0,0,0,54,0,0,3
222,1492,6.27273,345,100,0,0,0,0,0,0,50,0,0,5
223,1532,6,336,100,0,0,0,0,0,0,56,0,0,0
224,1484,6.14754,375,100,0,0,0,0,0,0,58,0,0,3
225,1512,6.05,363,100,0,0,0,0,0,0,59,0,0,1
226,1316,6.10169,360,100,0,0,0,0,0,0,57,0,0,2
227,1412,6.09836,372,100,0,0,0,0,0,0,59,0,0,2
228,1272,6,366,100,0,0,0,0,0,0,61,0,0,0
229,1132,6.10169,360,100,0,0,0,0,0,0,57,0,0,2
230,1152,6.04918,369,100,0,0,0,0,0,0,60,0,0,1
231,1080,6.14754,375,100,0,0,0,0,0,0,58,0,0,3
232,928,6.30508,372,100,0,0,0,0,0,0,53,0,0,6
233,944,6.36207,369,100,0,0,0,0,0,0,51,0,0,7
234,1060,6.19672,378,100,0,0,0,0,0,0,57,0,0,4
235,1204,6.36207,369,100,0,0,0,0,0,0,51,0,0,7
236,1088,6.36842,363,100,0,0,0,0,0,0,50,0,0,7
237,1084,6.45,387,100,0,0,0,0,0,0,51,0,0,9
238,1180,6.34426,387,100,0,0,0,0,0,0,54,0,0,7
239,1360,6.39344,390,100,0,0,0,0,0,0,53,0,0,8
240,1028,6.26786,351,100,0,0,0,0,0,0,51,0,0,5
241,1132,6.10169,360,100,0,0,0,0,0,0,57,0,0,2
242,1212,6.2069,360,100,0,0,0,0,0,0,54,0,0,4
243,1096,6.2,372,100,0,0,0,0,0,0,56,0,0,4
244,1080,6.2069,360,100,0,0,0,0,0,0,54,0,0,4
245,1312,6.36207,369,100,0,0,0,0,0,0,51,0,0,7
246,1140,6.2,372,100,0,0,0,0,0,0,56,0,0,4
247,1028,6.15,369,100,0,0,0,0,0,0,57,0,0,3
248,1300,6.26786,351,100,0,0,0,0,0,0,51,0,0,5
249,1436,6.2459,381,100,0,0,0,0,0,0,56,0,0,5
250,1052,6.15,369,100,0,0,0,0,0,0,57,0,0,3
251,984,6.15254,363,100,0,0,0,0,0,0,56,0,0,3
252,952,6.04615,393,100,0,0,0,0,0,0,64,0,0,1
253,916,6.04545,399,100,0,0,0,0,0,0,65,0,0,1
254,960,6.04545,399,100,0,0,0,0,0,0,65,0,0,1
255,1020,6,384,100,0,0,0,0,0,0,64,0,0,0
256,1172,6.05,363,100,0,0,0,0,0,0,59,0,0,1
257,1376,6.1,366,100,0,0,0,0,0,0,58,0,0,2
258,1256,6.15517,357,100,0,0,0,0,0,0,55,0,0,3
259,1272,6,384,100,0,0,0,0,0,0,64,0,0,0
260,1096,6.04688,387,100,0,0,0,0,0,0,63,0,0,1
261,1296,6.09677,378,100,0,0,0,0,0,0,60,0,0,2
262,1188,6.1,366,100,0,0,0,0,0,0,58,0,0,2
263,1468,6.14754,375,100,0,0,0,0,0,0,58,0,0,3
264,1236,6,348,100,0,0,0,0,0,0,58,0,0,0
265,1108,6,312,100,0,0,0,0,0,0,52,0,0,0
266,1064,6.05085,357,100,0,0,0,0,0,0,58,0,0,1
267,944,6,348,100,0,0,0,0,0,0,58,0,0,0
268,1152,6.04918,369,100,0,0,0,0,0,0,60,0,0,1
269,1240,6.09524,384,100,0,0,0,0,0,0,61,0,0,2
270,896,6.05172,351,100,0,0,0,0,0,0,57,0,0,1
271,1072,6.04762,381,100,0,0,0,0,0,0,62,0,0,1
272,1136,6,384,100,0,0,0,0,0,0,64,0,0,0
273,1060,6.10345,354,100,0,0,0,0,0,0,56,0,0,2
274,1084,6.09677,378,100,0,0,0,0,0,0,60,0,0,2
275,1156,6.15,369,100,0,0,0,0,0,0,57,0,0,3
276,1100,6.15,369,100,0,0,0,0,0,0,57,0,0,3
277,1088,6.09836,372,100,0,0,0,0,0,0,59,0,0,2
278,948,6.05455,333,100,0,0,0,0,0,0,54,0,0,1
279,908,6,354,100,0,0,0,0,0,0,59,0,0,0
280,928,6,336,100,0,0,0,0,0,0,56,0,0,0
281,1036,6,366,100,0,0,0,0,0,0,61,0,0,0
282,964,6.05263,345,100,0,0,0,0,0,0,56,0,0,1
283,932,6.05172,351,100,0,0,0,0,0,0,57,0,0,1
284,932,6,354,100,0,0,0,0,0,0,59,0,0,0
285,944,6,360,100,0,0,0,0,0,0,60,0,0,0
286,948,6.10345,354,100,0,0,0,0,0,0,56,0,0,2
287,1032,6.15254,363,100,0,0,0,0,0,0,56,0,0,3
288,888,6.16981,327,100,0,0,0,0,0,0,50,0,0,3
289,952,6.15517,357,100,0,0,0,0,0,0,55,0,0,3
290,984,6.15517,357,100,0,0,0,0,0,0,55,0,0,3
291,1020,6.09836,372,100,0,0,0,0,0,0,59,0,0,2
292,1020,6.21053,354,100,0,0,0,0,0,0,53,0,0,4
293,856,6.27273,345,100,0,0,0,0,0,0,50,0,0,5
294,968,6.25,350,100,0,0,0,0,0,0,51,0,1,4
295,1204,6.2381,393,100,0,0,0,0,0,0,58,0,0,5
296,988,6.15789,351,100,0,0,0,0,0,0,54,0,0,3
297,1128,6.14286,387,100,0,0,0,0,0,0,60,0,0,3
298,932,6.09677,378,100,0,0,0,0,0,0,60,0,0,2
299,932,6.16071,345,100,0,0,0,0,0,0,53,0,0,3
300,964,6.05357,339,100,0,0,0,0,0,0,55,0,0,1
301,1024,6.05,363,100,0,0,0,0,0,0,59,0,0,1
302,1032,6.05085,357,100,0,0,0,0,0,0,58,0,0,1
303,1120,6.09677,378,100,0,0,0,0,0,0,60,0,0,2
304,1284,6.1,366,100,0,0,0,0,0,0,58,0,0,2
305,1144,6.04839,375,100,0,0,0,0,0,0,61,0,0,1
306,1140,6.04918,369,100,0,0,0,0,0,0,60,0,0,1
307,1536,6.04688,387,100,0,0,0,0,0,0,63,0,0,1
308,984,6.10169,360,100,0,0,0,0,0,0,57,0,0,2
309,1052,6.04762,381,100,0,0,0,0,0,0,62,0,0,1
310,1088,6.05172,351,100,0,0,0,0,0,0,57,0,0,1
311,1224,6.14516,381,100,0,0,0,0,0,0,59,0,0,3
312,1276,6.10345,354,100,0,0,0,0,0,0,56,0,0,2
313,1184,6.09836,372,100,0,0,0,0,0,0,59,0,0,2
314,1240,6.09677,378,100,0,0,0,0,0,0,60,0,0,2
315,1164,6.14286,387,100,0,0,0,0,0,0,60,0,0,3
316,1192,6.04615,393,100,0,0,0,0,0,0,64,0,0,1
317,1120,6.04918,369,100,0,0,0,0,0,0,60,0,0,1
318,1064,6.05085,357,100,0,0,0,0,0,0,58,0,0,1
319,1204,6.15517,357,100,0,0,0,0,0,0,55,0,0,3
320,1204,6,378,100,0,0,0,0,0,0,63,0,0,0
321,1144,6.05357,339,100,0,0,0,0,0,0,55,0,0,1
322,852,6.05,363,100,0,0,0,0,0,0,59,0,0,1
323,876,6.10169,360,100,0,0,0,0,0,0,57,0,0,2
324,1080,6.04688,387,100,0,0,0,0,0,0,63,0,0,1
325,1112,6.15517,357,100,0,0,0,0,0,0,55,0,0,3
326,1252,6.10169,360,100,0,0,0,0,0,0,57,0,0,2
327,1044,6.14754,375,100,0,0,0,0,0,0,58,0,0,3
328,1004,6.04918,369,100,0,0,0,0,0,0,60,0,0,1
329,1216,6.09836,372,100,0,0,0,0,0,0,59,0,0,2
330,1120,6.04688,387,100,0,0,0,0,0,0,63,0,0,1
331,1116,6.15517,357,100,0,0,0,0,0,0,55,0,0,3
332,1100,6,360,100,0,0,0,0,0,0,60,0,0,0
333,1144,6.05357,339,100,0,0,0,0,0,0,55,0,0,1
334,1092,6.05455,333,100,0,0,0,0,0,0,54,0,0,1
335,1300,6.10714,342,100,0,0,0,0,0,0,54,0,0,2
336,1168,6.0566,321,100,0,0,0,0,0,0,52,0,0,1
337,1240,6.15254,363,100,0,0,0,0,0,0,56,0,0,3
338,1368,6.10345,354,100,0,0,0,0,0,0,56,0,0,2
339,1636,6.3,378,100,0,0,0,0,0,0,54,0,0,6
340,1656,6.05455,333,100,0,0,0,0,0,0,54,0,0,1
341,1776,6.22642,330,100,0,0,0,0,0,0,49,0,0,4
342,1716,6.23077,324,100,0,0,0,0,0,0,48,0,0,4
343,1424,6.15789,351,100,0,0,0,0,0,0,54,0,0,3
344,1364,6.16071,345,100,0,0,0,0,0,0,53,0,0,3
345,1560,6,348,100,0,0,0,0,0,0,58,0,0,0
346,1792,6.08824,414,100,0,0,0,0,0,0,66,0,0,2
347,1648,6.05172,351,100,0,0,0,0,0,0,57,0,0,1
348,2064,6.07692,395,100,0,0,0,0,0,0,63,0,1,1
349,1568,6.07463,407,100,0,0,0,0,0,0,65,0,1,1
350,1292,6.13846,399,100,0,0,0,0,0,0,62,0,0,3
351,1652,6.1,366,100,0,0,0,0,0,0,58,0,0,2
352,2000,6.10169,360,100,0,0,0,0,0,0,57,0,0,2
353,2068,6.10345,354,100,0,0,0,0,0,0,56,0,0,2
354,1876,6.04839,375,100,0,0,0,0,0,0,61,0,0,1
355,1228,6.10345,354,100,0,0,0,0,0,0,56,0,0,2
356,1132,6.10345,354,100,0,0,0,0,0,0,56,0,0,2
357,1164,6.05085,357,100,0,0,0,0,0,0,58,0,0,1
358,1284,6.09836,372,100,0,0,0,0,0,0,59,0,0,2
359,1480,6.2459,381,100,0,0,0,0,0,0,56,0,0,5
360,1360,6.05,363,100,0,0,0,0,0,0,59,0,0,1
361,1632,6.14286,387,100,0,0,0,0,0,0,60,0,0,3
362,1376,6.22642,330,100,0,0,0,0,0,0,49,0,0,4
363,1288,6.20339,366,100,0,0,0,0,0,0,55,0,0,4
364,1372,6.05263,345,100,0,0,0,0,0,0,56,0,0,1
365,1528,6,372,100,0,0,0,0,0,0,62,0,0,0
366,1328,6,348,100,0,0,0,0,0,0,58,0,0,0
367,1296,6,342,100,0,0,0,0,0,0,57,0,0,0
368,1460,6.05455,333,100,0,0,0,0,0,0,54,0,0,1
369,1568,6.10526,348,100,0,0,0,0,0,0,55,0,0,2
370,1644,6.0566,321,100,0,0,0,0,0,0,52,0,0,1
371,1960,6.04918,369,100,0,0,0,0,0,0,60,0,0,1
372,1840,6.05263,345,100,0,0,0,0,0,0,56,0,0,1
373,1504,6.04918,369,100,0,0,0,0,0,0,60,0,0,1
374,1744,6.09524,384,100,0,0,0,0,0,0,61,0,0,2
375,1972,6,348,100,0,0,0,0,0,0,58,0,0,0
376,2344,6.09091,402,100,0,0,0,0,0,0,64,0,0,2
377,2520,6.08065,377,100,0,0,0,0,0,0,60,0,1,1
378,2824,6.12903,380,100,0,0,0,0,0,0,59,0,1,2
379,2616,6.14815,332,100,0,0,0,0,0,0,51,0,1,2
380,2668,6.13043,423,100,0,0,0,0,0,0,66,0,0,3
381,2360,6.14286,387,100,0,0,0,0,0,0,60,0,0,3
382,1944,6.10526,348,100,0,0,0,0,0,0,55,0,0,2
383,2064,6.05085,357,100,0,0,0,0,0,0,58,0,0,1
384,2564,6.09375,390,100,0,0,0,0,0,0,62,0,0,2
385,2248,6.15517,357,100,0,0,0,0,0,0,55,0,0,3
386,2000,6.2,372,100,0,0,0,0,0,0,56,0,0,4
387,2064,6.2,372,100,0,0,0,0,0,0,56,0,0,4
388,1532,6.2,372,100,0,0,0,0,0,0,56,0,0,4
389,1348,6.05455,333,100,0,0,0,0,0,0,54,0,0,1
390,1472,6.05085,357,100,0,0,0,0,0,0,58,0,0,1
391,1568,6,372,100,0,0,0,0,0,0,62,0,0,0
392,1096,6.05357,339,100,0,0,0,0,0,0,55,0,0,1
393,1240,6.04688,387,100,0,0,0,0,0,0,63,0,0,1
394,1300,6.04918,369,100,0,0,0,0,0,0,60,0,0,1
395,1168,6.10169,360,100,0,0,0,0,0,0,57,0,0,2
396,1068,6.05172,351,100,0,0,0,0,0,0,57,0,0,1
397,1096,6.03333,362,100,0,0,0,0,0,0,59,0,1,0
398,960,6.08772,347,100,0,0,0,0,0,0,55,0,1,1
399,1124,6.05085,357,100,0,0,0,0,0,0,58,0,0,1
400,1148,6,336,100,0,0,0,0,0,0,56,0,0,0
401,1300,6.10169,360,100,0,0,0,0,0,0,57,0,0,2
402,1200,6.10526,348,100,0,0,0,0,0,0,55,0,0,2
403,1372,6.05357,339,100,0,0,0,0,0,0,55,0,0,1
404,1424,6.05556,327,100,0,0,0,0,0,0,53,0,0,1
405,1476,6,366,100,0,0,0,0,0,0,61,0,0,0
406,1732,6,366,100,0,0,0,0,0,0,61,0,0,0
407,1364,6.05882,309,100,0,0,0,0,0,0,50,0,0,1
408,1268,6,354,100,0,0,0,0,0,0,59,0,0,0
409,1348,6.05263,345,100,0,0,0,0,0,0,56,0,0,1
410,1468,6.05172,351,100,0,0,0,0,0,0,57,0,0,1
411,1592,6.05263,345,100,0,0,0,0,0,0,56,0,0,1
412,1740,6,342,100,0,0,0,0,0,0,57,0,0,0
413,1524,6.18033,377,100,0,0,0,0,0,0,57,0,1,3
414,1108,6.14286,387,100,0,0,0,0,0,0,60,0,0,3
415,1252,6,384,100,0,0,0,0,0,0,64,0,0,0
416,1068,6,342,100,0,0,0,0,0,0,57,0,0,0
417,1512,6.04762,381,100,0,0,0,0,0,0,62,0,0,1
418,1764,6.0339,356,100,0,0,0,0,0,0,58,0,1,0
419,1444,6,372,100,0,0,0,0,0,0,62,0,0,0
420,1372,6.10345,354,100,0,0,0,0,0,0,56,0,0,2
421,1116,6.05172,351,100,0,0,0,0,0,0,57,0,0,1
422,1220,6.10345,354,100,0,0,0,0,0,0,56,0,0,2
423,1164,6.09375,390,100,0,0,0,0,0,0,62,0,0,2
424,1484,6.18333,371,100,0,0,0,0,0,0,56,0,1,3
425,1332,6.10345,354,100,0,0,0,0,0,0,56,0,0,2
426,908,6.05455,333,100,0,0,0,0,0,0,54,0,0,1
427,924,6.05263,345,100,0,0,0,0,0,0,56,0,0,1
428,1336,6.09231,396,100,0,0,0,0,0,0,63,0,0,2
429,1476,6.10169,360,100,0,0,0,0,0,0,57,0,0,2
430,1788,6.09375,390,100,0,0,0,0,0,0,62,0,0,2
431,1692,6.04839,375,100,0,0,0,0,0,0,61,0,0,1
432,1960,6.09836,372,100,0,0,0,0,0,0,59,0,0,2
433,1632,6.05357,339,100,0,0,0,0,0,0,55,0,0,1
434,1808,6.05,363,100,0,0,0,0,0,0,59,0,0,1
435,1940,6.05085,357,100,0,0,0,0,0,0,58,0,0,1
436,1776,6,330,100,0,0,0,0,0,0,55,0,0,0
437,1108,6,336,100,0,0,0,0,0,0,56,0,0,0
438,1152,6,324,100,0,0,0,0,0,0,54,0,0,0
439,1256,6,348,100,0,0,0,0,0,0,58,0,0,0
440,1132,6,342,100,0,0,0,0,0,0,57,0,0,0
441,1124,6,336,100,0,0,0,0,0,0,56,0,0,0
442,1364,6.05172,351,100,0,0,0,0,0,0,57,0,0,1
443,1396,6.15517,357,100,0,0,0,0,0,0,55,0,0,3
444,1512,6.05455,333,100,0,0,0,0,0,0,54,0,0,1
445,1932,6.10169,360,100,0,0,0,0,0,0,57,0,0,2
446,1856,6.05,363,100,0,0,0,0,0,0,59,0,0,1
447,1988,6.04688,387,100,0,0,0,0,0,0,63,0,0,1
448,1824,6.04918,369,100,0,0,0,0,0,0,60,0,0,1
449,2016,6,336,100,0,0,0,0,0,0,56,0,0,0
450,2300,6,366,100,0,0,0,0,0,0,61,0,0,0
451,2528,6,330,100,0,0,0,0,0,0,55,0,0,0
452,2756,6.05172,351,100,0,0,0,0,0,0,57,0,0,1
453,1736,6.05769,315,100,0,0,0,0,0,0,51,0,0,1
454,1956,6.05085,357,100,0,0,0,0,0,0,58,0,0,1
455,2040,6.05172,351,100,0,0,0,0,0,0,57,0,0,1
456,2328,6.10714,342,100,0,0,0,0,0,0,54,0,0,2
457,2448,6.16667,333,100,0,0,0,0,0,0,51,0,0,3
458,2492,6,330,100,0,0,0,0,0,0,55,0,0,0
459,2880,6.10345,354,100,0,0,0,0,0,0,56,0,0,2
460,2256,6.10526,348,100,0,0,0,0,0,0,55,0,0,2
461,2192,6.10345,354,100,0,0,0,0,0,0,56,0,0,2
462,2196,6.10345,354,100,0,0,0,0,0,0,56,0,0,2
463,1848,6,354,100,0,0,0,0,0,0,59,0,0,0
464,1204,6,330,100,0,0,0,0,0,0,55,0,0,0
465,1120,6.05556,327,100,0,0,0,0,0,0,53,0,0,1
466,1336,6.05085,357,100,0,0,0,0,0,0,58,0,0,1
467,1224,6.10714,342,100,0,0,0,0,0,0,54,0,0,2
468,1096,6.10909,336,100,0,0,0,0,0,0,53,0,0,2
469,1180,6.05,363,100,0,0,0,0,0,0,59,0,0,1
470,1116,6,366,100,0,0,0,0,0,0,61,0,0,0
471,1152,6,360,100,0,0,0,0,0,0,60,0,0,0
472,1436,6.15,369,100,0,0,0,0,0,0,57,0,0,3
473,1440,6.10169,360,100,0,0,0,0,0,0,57,0,0,2
474,1484,6.05263,345,100,0,0,0,0,0,0,56,0,0,1
475,1516,6.05085,357,100,0,0,0,0,0,0,58,0,0,1
476,1580,6.05556,327,100,0,0,0,0,0,0,53,0,0,1
477,1672,6,348,100,0,0,0,0,0,0,58,0,0,0
478,1592,6,330,100,0,0,0,0,0,0,55,0,0,0
479,1644,6.04839,375,100,0,0,0,0,0,0,61,0,0,1
480,1820,6.09375,390,100,0,0,0,0,0,0,62,0,0,2
481,1836,6.10909,336,100,0,0,0,0,0,0,53,0,0,2
482,1908,6,360,100,0,0,0,0,0,0,60,0,0,0
483,1320,6,336,100,0,0,0,0,0,0,56,0,0,0
484,1216,6,360,100,0,0,0,0,0,0,60,0,0,0
485,1312,6.05172,351,100,0,0,0,0,0,0,57,0,0,1
486,1504,6.04839,375,100,0,0,0,0,0,0,61,0,0,1
487,1432,6.05172,351,100,0,0,0,0,0,0,57,0,0,1
488,1492,6,366,100,0,0,0,0,0,0,61,0,0,0
489,1740,6.15,369,100,0,0,0,0,0,0,57,0,0,3
490,1144,6.16071,345,100,0,0,0,0,0,0,53,0,0,3
491,1120,6.05263,345,100,0,0,0,0,0,0,56,0,0,1
492,1040,6.17308,321,100,0,0,0,0,0,0,49,0,0,3
493,1296,6.2,372,100,0,0,0,0,0,0,56,0,0,4
494,1464,6.15254,363,100,0,0,0,0,0,0,56,0,0,3
495,1504,6.09836,372,100,0,0,0,0,0,0,59,0,0,2
496,1312,6.0566,321,100,0,0,0,0,0,0,52,0,0,1
497,1368,6.04839,375,100,0,0,0,0,0,0,61,0,0,1
498,1652,6.15789,351,100,0,0,0,0,0,0,54,0,0,3
499,1688,6.25424,369,100,0,0,0,0,0,0,54,0,0,5
500,1744,6.09677,378,100,0,0,0,0,0,0,60,0,0,2
501,1960,6.25424,369,100,0,0,0,0,0,0,54,0,0,5
502,1432,6.20339,366,100,0,0,0,0,0,0,55,0,0,4
503,1760,6.5,390,100,0,0,0,0,0,0,50,0,0,10
504,1744,6.26316,357,100,0,0,0,0,0,0,52,0,0,5
505,1696,6.31034,366,100,0,0,0,0,0,0,52,0,0,6
506,1488,6.40678,378,100,0,0,0,0,0,0,51,0,0,8
507,1228,6.21429,348,100,0,0,0,0,0,0,52,0,0,4
508,1404,6.31034,366,100,0,0,0,0,0,0,52,0,0,6
509,1492,6.27778,339,100,0,0,0,0,0,0,49,0,0,5
510,1620,6.15789,351,100,0,0,0,0,0,0,54,0,0,3
511,1600,6.25862,363,100,0,0,0,0,0,0,53,0,0,5
512,1348,6.26786,351,100,0,0,0,0,0,0,51,0,0,5
513,1296,6.25,375,100,0,0,0,0,0,0,55,0,0,5
514,1452,6.2,372,100,0,0,0,0,0,0,56,0,0,4
515,1436,6.16071,345,100,0,0,0,0,0,0,53,0,0,3
516,1804,6.29508,384,100,0,0,0,0,0,0,55,0,0,6
517,1704,6.26316,357,100,0,0,0,0,0,0,52,0,0,5
518,1772,6.14062,393,100,0,0,0,0,0,0,61,0,0,3
519,1972,6.20339,366,100,0,0,0,0,0,0,55,0,0,4
520,1720,6.21818,342,100,0,0,0,0,0,0,51,0,0,4
521,1716,6.15,369,100,0,0,0,0,0,0,57,0,0,3
522,1736,6.21053,354,100,0,0,0,0,0,0,53,0,0,4
523,1440,6.15517,357,100,0,0,0,0,0,0,55,0,0,3
524,1024,6.05085,357,100,0,0,0,0,0,0,58,0,0,1
525,1052,6.07937,383,100,0,0,0,0,0,0,61,0,1,1
526,1056,6.08197,371,100,0,0,0,0,0,0,59,0,1,1
527,1188,6.13235,417,100,0,0,0,0,0,0,65,0,0,3
528,1164,6.14516,381,100,0,0,0,0,0,0,59,0,0,3
529,1188,6.19048,390,100,0,0,0,0,0,0,59,0,0,4
530,1308,6.14286,387,100,0,0,0,0,0,0,60,0,0,3
531,1444,6.14062,393,100,0,0,0,0,0,0,61,0,0,3
532,1392,6.2381,393,100,0,0,0,0,0,0,58,0,0,5
533,1288,6.14516,381,100,0,0,0,0,0,0,59,0,0,3
534,1392,6.19672,378,100,0,0,0,0,0,0,57,0,0,4
535,1256,6.26316,357,100,0,0,0,0,0,0,52,0,0,5
536,1224,6.15517,357,100,0,0,0,0,0,0,55,0,0,3
537,1412,6.20339,366,100,0,0,0,0,0,0,55,0,0,4
538,1480,6.10169,360,100,0,0,0,0,0,0,57,0,0,2
539,1448,6.04688,387,100,0,0,0,0,0,0,63,0,0,1
540,1720,6.09375,390,100,0,0,0,0,0,0,62,0,0,2
541,1560,6.04412,411,100,0,0,0,0,0,0,67,0,0,1
542,1716,6.08696,420,100,0,0,0,0,0,0,67,0,0,2
543,1828,6.09375,390,100,0,0,0,0,0,0,62,0,0,2
544,1556,6.04918,369,100,0,0,0,0,0,0,60,0,0,1
545,1420,6.13846,399,100,0,0,0,0,0,0,62,0,0,3
546,1252,6.08696,420,100,0,0,0,0,0,0,67,0,0,2
547,948,6.04839,375,100,0,0,0,0,0,0,61,0,0,1
548,980,6.09091,402,100,0,0,0,0,0,0,64,0,0,2
549,1160,6.09091,402,100,0,0,0,0,0,0,64,0,0,2
550,1476,6.09375,390,100,0,0,0,0,0,0,62,0,0,2
551,1536,6,366,100,0,0,0,0,0,0,61,0,0,0
552,1436,6.10526,348,100,0,0,0,0,0,0,55,0,0,2
553,1576,6.10714,342,100,0,0,0,0,0,0,54,0,0,2
554,1700,6.20339,366,100,0,0,0,0,0,0,55,0,0,4
555,2012,6.14754,375,100,0,0,0,0,0,0,58,0,0,3
556,2236,6.26316,357,100,0,0,0,0,0,0,52,0,0,5
557,2008,6.21053,354,100,0,0,0,0,0,0,53,0,0,4
558,2116,6.21053,354,100,0,0,0,0,0,0,53,0,0,4
559,1660,6.09677,378,100,0,0,0,0,0,0,60,0,0,2
560,1452,6.05263,345,100,0,0,0,0,0,0,56,0,0,1
561,1700,6.14754,375,100,0,0,0,0,0,0,58,0,0,3
562,1616,6.10714,342,100,0,0,0,0,0,0,54,0,0,2
563,2124,6.21429,348,100,0,0,0,0,0,0,52,0,0,4
564,2152,6.1791,414,100,0,0,0,0,0,0,63,0,0,4
565,1712,6.19355,384,100,0,0,0,0,0,0,58,0,0,4
566,1908,6.09524,384,100,0,0,0,0,0,0,61,0,0,2
567,1808,6.20339,366,100,0,0,0,0,0,0,55,0,0,4
568,1724,6.19355,384,100,0,0,0,0,0,0,58,0,0,4
569,1632,6.27778,339,100,0,0,0,0,0,0,49,0,0,5
570,1900,6.21429,348,100,0,0,0,0,0,0,52,0,0,4
571,1800,6.16071,345,100,0,0,0,0,0,0,53,0,0,3
572,1900,6.2459,381,100,0,0,0,0,0,0,56,0,0,5
573,1788,6.16364,339,100,0,0,0,0,0,0,52,0,0,3
574,1896,6.16981,327,100,0,0,0,0,0,0,50,0,0,3
575,2052,6.17308,321,100,0,0,0,0,0,0,49,0,0,3
576,1972,6.26786,351,100,0,0,0,0,0,0,51,0,0,5
577,1896,6.21818,342,100,0,0,0,0,0,0,51,0,0,4
578,1992,6.32143,354,100,0,0,0,0,0,0,50,0,0,6
579,1944,6.18367,303,100,0,0,0,0,0,0,46,0,0,3
580,1848,6.11321,324,100,0,0,0,0,0,0,51,0,0,2
581,2092,6.21429,348,100,0,0,0,0,0,0,52,0,0,4
582,1824,6.32143,354,100,0,0,0,0,0,0,50,0,0,6
583,2132,6.31579,360,100,0,0,0,0,0,0,51,0,0,6
584,2120,6.26786,351,100,0,0,0,0,0,0,51,0,0,5
585,2184,6.14754,375,100,0,0,0,0,0,0,58,0,0,3
586,2296,6.21818,342,100,0,0,0,0,0,0,51,0,0,4
587,2252,6.24138,362,100,0,0,0,0,0,0,53,0,1,4
588,2608,6.40351,365,100,0,0,0,0,0,0,49,0,1,7
589,2136,6.05455,333,100,0,0,0,0,0,0,54,0,0,1
590,2596,6.05357,339,100,0,0,0,0,0,0,55,0,0,1
591,3036,6.16071,345,100,0,0,0,0,0,0,53,0,0,3
592,3192,6.21818,342,100,0,0,0,0,0,0,51,0,0,4
593,3940,6.23077,324,100,0,0,0,0,0,0,48,0,0,4
594,3664,6.28302,333,100,0,0,0,0,0,0,48,0,0,5
595,3156,6.21429,348,100,0,0,0,0,0,0,52,0,0,4
596,3168,6.25862,363,100,0,0,0,0,0,0,53,0,0,5
597,3028,6.42105,366,100,0,0,0,0,0,0,49,0,0,8
598,2988,6.34615,330,100,0,0,0,0,0,0,46,0,0,6
599,2592,6.22222,336,100,0,0,0,0,0,0,50,0,0,4
600,2492,6.23077,324,100,0,0,0,0,0,0,48,0,0,4
601,2996,6.36207,369,100,0,0,0,0,0,0,51,0,0,7
602,2692,6.32143,354,100,0,0,0,0,0,0,50,0,0,6
603,1860,6.42857,360,100,0,0,0,0,0,0,48,0,0,8
604,1788,6.27273,345,100,0,0,0,0,0,0,50,0,0,5
605,2036,6.2,372,100,0,0,0,0,0,0,56,0,0,4
606,2100,6.26786,351,100,0,0,0,0,0,0,51,0,0,5
607,1832,6.16071,345,100,0,0,0,0,0,0,53,0,0,3
608,2284,6.15254,363,100,0,0,0,0,0,0,56,0,0,3
609,2196,6.24561,356,100,0,0,0,0,0,0,52,0,1,4
610,2320,6.21818,342,100,0,0,0,0,0,0,51,0,0,4
611,2348,6.25424,369,100,0,0,0,0,0,0,54,0,0,5
612,2324,6.10345,354,100,0,0,0,0,0,0,56,0,0,2
613,2336,6.10714,342,100,0,0,0,0,0,0,54,0,0,2
614,1992,6,348,100,0,0,0,0,0,0,58,0,0,0
615,2552,6,360,100,0,0,0,0,0,0,60,0,0,0
616,2264,6.05455,333,100,0,0,0,0,0,0,54,0,0,1
617,2464,6.05085,357,100,0,0,0,0,0,0,58,0,0,1
618,2568,6.04918,369,100,0,0,0,0,0,0,60,0,0,1
619,2328,6.11321,324,100,0,0,0,0,0,0,51,0,0,2
620,2860,6.10169,360,100,0,0,0,0,0,0,57,0,0,2
621,2272,6.05172,351,100,0,0,0,0,0,0,57,0,0,1
622,2016,6,354,100,0,0,0,0,0,0,59,0,0,0
623,2312,6,354,100,0,0,0,0,0,0,59,0,0,0
624,2712,6.05,363,100,0,0,0,0,0,0,59,0,0,1
625,2708,6.05357,339,100,0,0,0,0,0,0,55,0,0,1
626,2596,6.05085,357,100,0,0,0,0,0,0,58,0,0,1
627,1824,6,306,100,0,0,0,0,0,0,51,0,0,0
628,2028,6,360,100,0,0,0,0,0,0,60,0,0,0
629,1648,6,342,100,0,0,0,0,0,0,57,0,0,0
630,1608,6,354,100,0,0,0,0,0,0,59,0,0,0
631,1520,6,342,100,0,0,0,0,0,0,57,0,0,0
632,1548,6,366,100,0,0,0,0,0,0,61,0,0,0
633,1500,6,336,100,0,0,0,0,0,0,56,0,0,0
634,1420,6,336,100,0,0,0,0,0,0,56,0,0,0
635,1552,6.05357,339,100,0,0,0,0,0,0,55,0,0,1
636,1508,6,342,100,0,0,0,0,0,0,57,0,0,0
637,1256,6,324,100,0,0,0,0,0,0,54,0,0,0
638,1504,6,330,100,0,0,0,0,0,0,55,0,0,0
639,1696,6.05263,345,100,0,0,0,0,0,0,56,0,0,1
640,1712,6.11538,318,100,0,0,0,0,0,0,50,0,0,2
641,1712,6.16071,345,100,0,0,0,0,0,0,53,0,0,3
642,1604,6.16667,333,100,0,0,0,0,0,0,51,0,0,3
643,1868,6.16667,333,100,0,0,0,0,0,0,51,0,0,3
644,1628,6.15254,363,100,0,0,0,0,0,0,56,0,0,3
645,1324,6.22222,336,100,0,0,0,0,0,0,50,0,0,4
646,1072,6.21818,342,100,0,0,0,0,0,0,51,0,0,4
647,1112,6.3,378,100,0,0,0,0,0,0,54,0,0,6
648,1000,6.22581,386,100,0,0,0,0,0,0,57,0,1,4
649,1020,6.15,369,100,0,0,0,0,0,0,57,0,0,3
650,972,6.10169,360,100,0,0,0,0,0,0,57,0,0,2
651,1164,6.19355,384,100,0,0,0,0,0,0,58,0,0,4
652,1112,6.10345,354,100,0,0,0,0,0,0,56,0,0,2
653,1204,6.1,366,100,0,0,0,0,0,0,58,0,0,2
654,1120,6.04918,369,100,0,0,0,0,0,0,60,0,0,1
655,1168,6.14516,381,100,0,0,0,0,0,0,59,0,0,3
656,1100,6.05172,351,100,0,0,0,0,0,0,57,0,0,1
657,1288,6.19672,378,100,0,0,0,0,0,0,57,0,0,4
658,1272,6.26786,351,100,0,0,0,0,0,0,51,0,0,5
659,1328,6.23438,399,100,0,0,0,0,0,0,59,0,0,5
660,1232,6.2459,381,100,0,0,0,0,0,0,56,0,0,5
661,1388,6.25862,363,100,0,0,0,0,0,0,53,0,0,5
662,1324,6.21053,354,100,0,0,0,0,0,0,53,0,0,4
663,1092,6.16364,339,100,0,0,0,0,0,0,52,0,0,3
664,1208,6.15789,351,100,0,0,0,0,0,0,54,0,0,3
665,1256,6.15517,357,100,0,0,0,0,0,0,55,0,0,3
666,1252,6.04688,387,100,0,0,0,0,0,0,63,0,0,1
667,1288,6.14516,381,100,0,0,0,0,0,0,59,0,0,3
668,1244,6.20339,366,100,0,0,0,0,0,0,55,0,0,4
669,1264,6.19355,384,100,0,0,0,0,0,0,58,0,0,4
670,1296,6.18462,402,100,0,0,0,0,0,0,61,0,0,4
671,1308,6.05172,351,100,0,0,0,0,0,0,57,0,0,1
672,1288,6.14754,375,100,0,0,0,0,0,0,58,0,0,3
673,1412,6.1,366,100,0,0,0,0,0,0,58,0,0,2
674,1224,6.05085,357,100,0,0,0,0,0,0,58,0,0,1
675,1128,6.10714,342,100,0,0,0,0,0,0,54,0,0,2
676,1116,6.09836,372,100,0,0,0,0,0,0,59,0,0,2
677,1224,6.09836,372,100,0,0,0,0,0,0,59,0,0,2
678,1164,6.05172,351,100,0,0,0,0,0,0,57,0,0,1
679,1268,6.14062,393,100,0,0,0,0,0,0,61,0,0,3
680,1672,6.1791,414,100,0,0,0,0,0,0,63,0,0,4
681,1596,6.26786,351,100,0,0,0,0,0,0,51,0,0,5
682,1584,6.21053,354,100,0,0,0,0,0,0,53,0,0,4
683,1732,6.19672,378,100,0,0,0,0,0,0,57,0,0,4
684,1736,6,360,100,0,0,0,0,0,0,60,0,0,0
685,1700,6.10909,336,100,0,0,0,0,0,0,53,0,0,2
686,1768,6.09677,378,100,0,0,0,0,0,0,60,0,0,2
687,1412,6.25926,338,100,0,0,0,0,0,0,49,0,1,4
688,1572,6.17742,383,100,0,0,0,0,0,0,58,0,1,3
689,1744,6.09836,372,100,0,0,0,0,0,0,59,0,0,2
690,1772,6.15517,357,100,0,0,0,0,0,0,55,0,0,3
691,1272,6.15517,357,100,0,0,0,0,0,0,55,0,0,3
692,1252,6.14286,387,100,0,0,0,0,0,0,60,0,0,3
693,1268,6.19444,446,100,0,0,0,0,0,0,67,0,1,4
694,1120,6.08696,420,100,0,0,0,0,0,0,67,0,0,2
695,1076,6.07576,401,100,0,0,0,0,0,0,64,0,1,1
696,1272,6.13846,399,100,0,0,0,0,0,0,62,0,0,3
697,1040,6.14516,381,100,0,0,0,0,0,0,59,0,0,3
698,1000,6.1875,396,100,0,0,0,0,0,0,60,0,0,4
699,1228,6.22727,411,100,0,0,0,0,0,0,61,0,0,5
700,1312,6.33871,393,100,0,0,0,0,0,0,55,0,0,7
701,1484,6.36207,369,100,0,0,0,0,0,0,51,0,0,7
702,1276,6.2,372,100,0,0,0,0,0,0,56,0,0,4
703,1100,6.04918,369,100,0,0,0,0,0,0,60,0,0,1
704,1088,6.04615,393,100,0,0,0,0,0,0,64,0,0,1
705,1228,6.09677,378,100,0,0,0,0,0,0,60,0,0,2
706,1200,6.10526,348,100,0,0,0,0,0,0,55,0,0,2
707,1416,6.22388,417,100,0,0,0,0,0,0,62,0,0,5
708,1292,6.33333,399,100,0,0,0,0,0,0,56,0,0,7
709,1420,6.09524,384,100,0,0,0,0,0,0,61,0,0,2
710,1392,6.09677,378,100,0,0,0,0,0,0,60,0,0,2
711,1260,6.20339,366,100,0,0,0,0,0,0,55,0,0,4
712,868,6.05085,357,100,0,0,0,0,0,0,58,0,0,1
713,1176,6.13235,417,100,0,0,0,0,0,0,65,0,0,3
714,1328,6.23077,405,100,0,0,0,0,0,0,60,0,0,5
715,1096,6.22727,411,100,0,0,0,0,0,0,61,0,0,5
716,1264,6.1875,396,100,0,0,0,0,0,0,60,0,0,4
717,1492,6.1791,414,100,0,0,0,0,0,0,63,0,0,4
718,1516,6.2,372,100,0,0,0,0,0,0,56,0,0,4
719,1792,6.14754,375,100,0,0,0,0,0,0,58,0,0,3
720,1696,6.22642,330,100,0,0,0,0,0,0,49,0,0,4
721,1788,6,372,100,0,0,0,0,0,0,62,0,0,0
722,2068,6.1,366,100,0,0,0,0,0,0,58,0,0,2
723,1488,6.09524,384,100,0,0,0,0,0,0,61,0,0,2
724,1388,6.1,366,100,0,0,0,0,0,0,58,0,0,2
725,1332,6.09524,384,100,0,0,0,0,0,0,61,0,0,2
726,1200,6,354,100,0,0,0,0,0,0,59,0,0,0
727,1212,6,366,100,0,0,0,0,0,0,61,0,0,0
728,1488,6.04286,423,100,0,0,0,0,0,0,69,0,0,1
729,1256,6.04478,405,100,0,0,0,0,0,0,66,0,0,1
730,1048,6,390,100,0,0,0,0,0,0,65,0,0,0
731,1152,6.09375,390,100,0,0,0,0,0,0,62,0,0,2
732,1084,6.04839,375,100,0,0,0,0,0,0,61,0,0,1
733,1136,6,372,100,0,0,0,0,0,0,62,0,0,0
734,1248,6.05,363,100,0,0,0,0,0,0,59,0,0,1
735,1192,6,378,100,0,0,0,0,0,0,63,0,0,0
736,1280,6,384,100,0,0,0,0,0,0,64,0,0,0
737,1280,6.04839,375,100,0,0,0,0,0,0,61,0,0,1
738,1264,6.10169,360,100,0,0,0,0,0,0,57,0,0,2
739,1388,6.10345,354,100,0,0,0,0,0,0,56,0,0,2
740,1392,6.1,366,100,0,0,0,0,0,0,58,0,0,2
741,1080,6.05,363,100,0,0,0,0,0,0,59,0,0,1
742,1060,6.05455,333,100,0,0,0,0,0,0,54,0,0,1
743,1108,6.05,363,100,0,0,0,0,0,0,59,0,0,1
744,1244,6,354,100,0,0,0,0,0,0,59,0,0,0
745,1340,6.05172,351,100,0,0,0,0,0,0,57,0,0,1
746,1352,6.05172,351,100,0,0,0,0,0,0,57,0,0,1
747,1396,6.04688,387,100,0,0,0,0,0,0,63,0,0,1
748,1516,6.09677,378,100,0,0,0,0,0,0,60,0,0,2
749,1432,6.15,369,100,0,0,0,0,0,0,57,0,0,3
750,1400,6.10526,348,100,0,0,0,0,0,0,55,0,0,2
751,1748,6.15517,357,100,0,0,0,0,0,0,55,0,0,3
752,1964,6.19355,384,100,0,0,0,0,0,0,58,0,0,4
753,1472,6.1,366,100,0,0,0,0,0,0,58,0,0,2
754,1372,6.15,369,100,0,0,0,0,0,0,57,0,0,3
755,1356,6.21429,348,100,0,0,0,0,0,0,52,0,0,4
756,1652,6.32812,405,100,0,0,0,0,0,0,57,0,0,7
757,1416,6.30508,372,100,0,0,0,0,0,0,53,0,0,6
758,1320,6.29508,384,100,0,0,0,0,0,0,55,0,0,6
759,1248,6.29508,384,100,0,0,0,0,0,0,55,0,0,6
760,1368,6.33333,399,100,0,0,0,0,0,0,56,0,0,7
761,1456,6.35593,375,100,0,0,0,0,0,0,52,0,0,7
762,1576,6.28814,371,100,0,0,0,0,0,0,53,0,1,5
763,1604,6.18033,377,100,0,0,0,0,0,0,57,0,1,3
764,1444,6.17742,383,100,0,0,0,0,0,0,58,0,1,3
765,1544,6.28814,371,100,0,0,0,0,0,0,53,0,1,5
766,1312,6.36207,369,100,0,0,0,0,0,0,51,0,0,7
767,1212,6.30508,372,100,0,0,0,0,0,0,53,0,0,6
768,1452,6.35,381,100,0,0,0,0,0,0,53,0,0,7
769,1420,6.25,375,100,0,0,0,0,0,0,55,0,0,5
770,1564,6.45763,381,100,0,0,0,0,0,0,50,0,0,9
771,1584,6.45,387,100,0,0,0,0,0,0,51,0,0,9
772,1556,6.4918,396,100,0,0,0,0,0,0,51,0,0,10
773,1732,6.54098,399,100,0,0,0,0,0,0,50,0,0,11
774,1520,6.54098,399,100,0,0,0,0,0,0,50,0,0,11
775,1484,6.58929,369,100,0,0,0,0,0,0,45,0,0,11
776,1792,6.65,399,100,0,0,0,0,0,0,47,0,0,13
777,1584,6.65455,366,100,0,0,0,0,0,0,43,0,0,12
778,1612,6.64286,372,100,0,0,0,0,0,0,44,0,0,12
779,1440,6.56604,348,100,0,0,0,0,0,0,43,0,0,10
780,1816,6.77419,420,100,0,0,0,0,0,0,46,0,0,16
781,1740,6.91071,387,100,0,0,0,0,0,0,39,0,0,17
782,1700,6.73585,357,100,0,0,0,0,0,0,40,0,0,13
783,1904,7.01818,386,100,0,0,0,0,0,0,36,0,1,18
784,1968,7,399,100,0,0,0,0,0,0,38,0,0,19
785,1624,7.11765,363,100,0,0,0,0,0,0,32,0,0,19
786,1808,6.86441,405,100,0,0,0,0,0,0,42,0,0,17
787,1508,6.98182,384,100,0,0,0,0,0,0,37,0,0,18
788,1700,7.05263,402,100,0,0,0,0,0,0,37,0,0,20
789,1544,7.05263,402,100,0,0,0,0,0,0,37,0,0,20
790,1760,6.8,408,100,0,0,0,0,0,0,44,0,0,16
791,1920,6.62903,411,100,0,0,0,0,0,0,49,0,0,13
792,1904,6.46552,375,100,0,0,0,0,0,0,49,0,0,9
793,2080,6.51724,378,100,0,0,0,0,0,0,48,0,0,10
794,1784,6.57895,375,100,0,0,0,0,0,0,46,0,0,11
795,1520,6.46154,336,100,0,0,0,0,0,0,44,0,0,8
796,1724,6.80357,381,100,0,0,0,0,0,0,41,0,0,15
797,1576,6.67241,387,100,0,0,0,0,0,0,45,0,0,13
798,1720,6.96429,390,100,0,0,0,0,0,0,38,0,0,18
799,1596,7.01786,393,100,0,0,0,0,0,0,37,0,0,19
800,1456,7.05263,402,100,0,0,0,0,0,0,37,0,0,20
801,1364,6.8,408,100,0,0,0,0,0,0,44,0,0,16
802,1596,6.85,411,100,0,0,0,0,0,0,43,0,0,17
803,1552,7.17857,402,100,0,0,0,0,0,0,34,0,0,22
804,1488,6.82759,396,100,0,0,0,0,0,0,42,0,0,16
805,1784,6.87931,399,100,0,0,0,0,0,0,41,0,0,17
806,1736,6.75,378,100,0,0,0,0,0,0,42,0,0,14
807,1880,6.90566,366,100,0,0,0,0,0,0,37,0,0,16
808,1748,7.14,357,100,0,0,0,0,0,0,31,0,0,19
809,1500,6.91837,339,100,0,0,0,0,0,0,34,0,0,15
810,1368,6.64706,339,100,0,0,0,0,0,0,40,0,0,11
811,1740,6.88235,351,100,0,0,0,0,0,0,36,0,0,15
812,1548,6.69643,375,100,0,0,0,0,0,0,43,0,0,13
813,1492,6.64286,372,100,0,0,0,0,0,0,44,0,0,12
814,1464,6.81818,375,100,0,0,0,0,0,0,40,0,0,15
815,1804,7.03448,408,100,0,0,0,0,0,0,38,0,0,20
816,1752,6.69643,375,100,0,0,0,0,0,0,43,0,0,13
817,1612,6.91525,408,100,0,0,0,0,0,0,41,0,0,18
818,1712,6.91071,387,100,0,0,0,0,0,0,39,0,0,17
819,1644,6.91071,387,100,0,0,0,0,0,0,39,0,0,17
820,1880,6.89474,393,100,0,0,0,0,0,0,40,0,0,17
821,1836,7,357,100,0,0,0,0,0,0,34,0,0,17
822,2072,6.88889,372,100,0,0,0,0,0,0,38,0,0,16
823,2396,7.125,399,100,0,0,0,0,0,0,35,0,0,21
824,1812,7.01887,372,100,0,0,0,0,0,0,35,0,0,18
825,2128,6.85714,384,100,0,0,0,0,0,0,40,0,0,16
826,1828,7.07547,375,100,0,0,0,0,0,0,34,0,0,19
827,1832,7.14,357,100,0,0,0,0,0,0,31,0,0,19
828,1636,6.98077,363,100,0,0,0,0,0,0,35,0,0,17
829,1796,7,357,100,0,0,0,0,0,0,34,0,0,17
830,1908,7.05556,381,100,0,0,0,0,0,0,35,0,0,19
831,1880,7.41509,393,100,0,0,0,0,0,0,28,0,0,25
832,1628,7.04082,345,100,0,0,0,0,0,0,32,0,0,17
833,1860,7.10526,405,100,0,0,0,0,0,0,36,0,0,21
834,1764,7.16667,387,100,0,0,0,0,0,0,33,0,0,21
835,1764,7.36842,420,100,0,0,0,0,0,0,31,0,0,26
836,2120,7.42623,453,100,0,0,0,0,0,0,32,0,0,29
837,2024,7.35484,456,100,0,0,0,0,0,0,34,0,0,28
838,1620,7.42105,423,100,0,0,0,0,0,0,30,0,0,27
839,1756,7.58491,402,100,0,0,0,0,0,0,25,0,0,28
840,1972,7.22222,390,100,0,0,0,0,0,0,32,0,0,22
841,1932,7.21053,411,100,0,0,0,0,0,0,34,0,0,23
842,2380,7.35849,390,100,0,0,0,0,0,0,29,0,0,24
843,1932,7.25926,392,100,0,0,0,0,0,0,31,0,1,22
844,1948,7.20339,425,100,0,0,0,0,0,0,35,0,1,23
845,2144,7.3,438,100,0,0,0,0,0,0,34,0,0,26
846,1296,6.82759,396,100,0,0,0,0,0,0,42,0,0,16
847,1480,6.78947,387,100,0,0,0,0,0,0,42,0,0,15
848,1864,6.72414,390,100,0,0,0,0,0,0,44,0,0,14
849,1816,6.75,405,100,0,0,0,0,0,0,45,0,0,15
850,1440,6.86441,405,100,0,0,0,0,0,0,42,0,0,17
851,1540,6.85714,384,100,0,0,0,0,0,0,40,0,0,16
852,1632,6.86441,405,100,0,0,0,0,0,0,42,0,0,17
853,1316,6.8,374,100,0,0,0,0,0,0,40,0,1,14
854,1700,7.01613,435,100,0,0,0,0,0,0,41,0,0,21
855,1528,7,399,100,0,0,0,0,0,0,38,0,0,19
856,1384,6.9661,411,100,0,0,0,0,0,0,40,0,0,19
857,1488,7.16949,423,100,0,0,0,0,0,0,36,0,0,23
858,1288,7.0678,417,100,0,0,0,0,0,0,38,0,0,21
859,1416,7.03448,408,100,0,0,0,0,0,0,38,0,0,20
860,1556,7.03448,408,100,0,0,0,0,0,0,38,0,0,20
861,1756,7.35,441,100,0,0,0,0,0,0,33,0,0,27
862,1724,7.25,435,100,0,0,0,0,0,0,35,0,0,25
863,1476,6.98182,384,100,0,0,0,0,0,0,37,0,0,18
864,1628,7.16667,387,100,0,0,0,0,0,0,33,0,0,21
865,1628,7.24138,420,100,0,0,0,0,0,0,34,0,0,24
866,1392,7.17857,402,100,0,0,0,0,0,0,34,0,0,22
867,1492,7.13793,414,100,0,0,0,0,0,0,36,0,0,22
868,1644,7.11864,420,100,0,0,0,0,0,0,37,0,0,22
869,1772,6.85,411,100,0,0,0,0,0,0,43,0,0,17
870,1892,6.93443,423,100,0,0,0,0,0,0,42,0,0,19
871,2068,7.28571,408,100,0,0,0,0,0,0,32,0,0,24
872,2084,7,357,100,0,0,0,0,0,0,34,0,0,17
873,2368,6.98361,426,100,0,0,0,0,0,0,41,0,0,20
874,2632,7.11111,384,100,0,0,0,0,0,0,34,0,0,20
875,2264,7.01695,414,100,0,0,0,0,0,0,39,0,0,20
876,2396,6.94444,375,100,0,0,0,0,0,0,37,0,0,17
877,1820,6.96774,432,100,0,0,0,0,0,0,42,0,0,20
878,1824,6.89474,393,100,0,0,0,0,0,0,40,0,0,17
879,2092,6.93103,402,100,0,0,0,0,0,0,40,0,0,18
880,2376,7.04762,444,100,0,0,0,0,0,0,41,0,0,22
881,2128,7.25,435,100,0,0,0,0,0,0,35,0,0,25
882,1420,7.05,423,100,0,0,0,0,0,0,39,0,0,21
883,1424,7.13208,378,100,0,0,0,0,0,0,33,0,0,20
884,1456,7.25,435,100,0,0,0,0,0,0,35,0,0,25
885,1752,7.36842,420,100,0,0,0,0,0,0,31,0,0,26
886,1596,7.1,426,100,0,0,0,0,0,0,38,0,0,22
887,1592,7.10526,405,100,0,0,0,0,0,0,36,0,0,21
888,1332,6.98182,384,100,0,0,0,0,0,0,37,0,0,18
889,1164,6.72414,390,100,0,0,0,0,0,0,44,0,0,14
890,1240,6.67241,387,100,0,0,0,0,0,0,45,0,0,13
891,1300,6.68421,381,100,0,0,0,0,0,0,44,0,0,13
892,1216,6.14754,375,100,0,0,0,0,0,0,58,0,0,3
893,1288,6.1875,396,100,0,0,0,0,0,0,60,0,0,4
894,1128,6.16071,345,100,0,0,0,0,0,0,53,0,0,3
895,1452,6.25424,369,100,0,0,0,0,0,0,54,0,0,5
896,1384,6.28571,396,100,0,0,0,0,0,0,57,0,0,6
897,1500,6.14754,375,100,0,0,0,0,0,0,58,0,0,3
898,1556,6.42105,366,100,0,0,0,0,0,0,49,0,0,8
899,1276,6.30508,372,100,0,0,0,0,0,0,53,0,0,6
900,1436,6.40385,333,100,0,0,0,0,0,0,45,0,0,7
901,1776,6.53571,366,100,0,0,0,0,0,0,46,0,0,10
902,1500,6.32143,354,100,0,0,0,0,0,0,50,0,0,6
903,1616,6.31579,360,100,0,0,0,0,0,0,51,0,0,6
904,1712,6.4,384,100,0,0,0,0,0,0,52,0,0,8
905,1544,6.29508,384,100,0,0,0,0,0,0,55,0,0,6
906,1376,6.30508,372,100,0,0,0,0,0,0,53,0,0,6
907,1484,6.35,381,100,0,0,0,0,0,0,53,0,0,7
908,1760,6.6,396,100,0,0,0,0,0,0,48,0,0,12
909,2032,6.33333,399,100,0,0,0,0,0,0,56,0,0,7
910,1728,6.36207,369,100,0,0,0,0,0,0,51,0,0,7
911,2068,6.32308,411,100,0,0,0,0,0,0,58,0,0,7
912,2100,6.4918,396,100,0,0,0,0,0,0,51,0,0,10
913,1592,6.2459,381,100,0,0,0,0,0,0,56,0,0,5
914,1868,6.41379,372,100,0,0,0,0,0,0,50,0,0,8
915,1856,6.45763,381,100,0,0,0,0,0,0,50,0,0,9
916,1768,6.61111,357,100,0,0,0,0,0,0,43,0,0,11
917,1708,6.5,312,100,0,0,0,0,0,0,40,0,0,8
918,1832,6.7037,362,100,0,0,0,0,0,0,41,0,1,12
919,1424,6.48214,363,100,0,0,0,0,0,0,47,0,0,9
920,1448,6.63158,378,100,0,0,0,0,0,0,45,0,0,12
921,1580,6.46552,375,100,0,0,0,0,0,0,49,0,0,9
922,1444,6.38889,345,100,0,0,0,0,0,0,47,0,0,7
923,1464,6.66667,380,100,0,0,0,0,0,0,44,0,1,12
924,1456,6.63934,405,100,0,0,0,0,0,0,48,0,0,13
925,1604,6.5,351,100,0,0,0,0,0,0,45,0,0,9
926,1708,6.3871,396,100,0,0,0,0,0,0,54,0,0,8
927,1500,6.24194,387,100,0,0,0,0,0,0,57,0,0,5
928,1344,6.32143,354,100,0,0,0,0,0,0,50,0,0,6
929,1376,6.36207,369,100,0,0,0,0,0,0,51,0,0,7
930,1344,6.19672,378,100,0,0,0,0,0,0,57,0,0,4
931,1212,6.15,369,100,0,0,0,0,0,0,57,0,0,3
932,1368,6.36207,369,100,0,0,0,0,0,0,51,0,0,7
933,1544,6.41538,417,100,0,0,0,0,0,0,56,0,0,9
934,1456,6.5,390,100,0,0,0,0,0,0,50,0,0,10
935,1104,6.16364,339,100,0,0,0,0,0,0,52,0,0,3
936,1392,6.34426,387,100,0,0,0,0,0,0,54,0,0,7
937,1480,6.51923,339,100,0,0,0,0,0,0,43,0,0,9
938,1768,6.54545,360,100,0,0,0,0,0,0,45,0,0,10
939,1664,6.56897,381,100,0,0,0,0,0,0,47,0,0,11
940,2052,6.62069,384,100,0,0,0,0,0,0,46,0,0,12
941,1564,6.61111,357,100,0,0,0,0,0,0,43,0,0,11
942,1524,6.75,351,100,0,0,0,0,0,0,39,0,0,13
943,1680,6.63636,438,100,0,0,0,0,0,0,52,0,0,14
944,1912,6.53226,405,100,0,0,0,0,0,0,51,0,0,11
945,1784,6.77049,413,100,0,0,0,0,0,0,45,0,1,15
946,1648,6.74576,398,100,0,0,0,0,0,0,44,0,1,14
947,1736,6.57377,401,100,0,0,0,0,0,0,49,0,1,11
948,1348,6.62069,384,100,0,0,0,0,0,0,46,0,0,12
949,1632,6.81356,402,100,0,0,0,0,0,0,43,0,0,16
950,1840,7,399,100,0,0,0,0,0,0,38,0,0,19
951,1856,7.03279,429,100,0,0,0,0,0,0,40,0,0,21
952,1772,6.81356,402,100,0,0,0,0,0,0,43,0,0,16
953,2000,6.96774,432,100,0,0,0,0,0,0,42,0,0,20
954,2112,6.91525,408,100,0,0,0,0,0,0,41,0,0,18
955,1996,6.91525,408,100,0,0,0,0,0,0,41,0,0,18
956,1836,6.91071,387,100,0,0,0,0,0,0,39,0,0,17
957,2388,6.83607,417,100,0,0,0,0,0,0,44,0,0,17
958,2316,6.98182,384,100,0,0,0,0,0,0,37,0,0,18
959,1768,6.68852,408,100,0,0,0,0,0,0,47,0,0,14
960,2000,6.78947,387,100,0,0,0,0,0,0,42,0,0,15
961,2108,6.81818,375,100,0,0,0,0,0,0,40,0,0,15
962,2008,6.50943,345,100,0,0,0,0,0,0,44,0,0,9
963,2260,6.6,396,100,0,0,0,0,0,0,48,0,0,12
964,2260,6.54098,399,100,0,0,0,0,0,0,50,0,0,11
965,2284,6.6,363,100,0,0,0,0,0,0,44,0,0,11
966,2536,6.88889,372,100,0,0,0,0,0,0,38,0,0,16
967,2820,6.8,408,100,0,0,0,0,0,0,44,0,0,16
968,2016,6.81356,402,100,0,0,0,0,0,0,43,0,0,16
969,2088,6.76271,399,100,0,0,0,0,0,0,44,0,0,15
970,2108,6.85,411,100,0,0,0,0,0,0,43,0,0,17
971,1640,6.71186,396,100,0,0,0,0,0,0,45,0,0,14
972,1680,6.81818,375,100,0,0,0,0,0,0,40,0,0,15
973,2028,6.81356,402,100,0,0,0,0,0,0,43,0,0,16
974,2140,6.93103,402,100,0,0,0,0,0,0,40,0,0,18
975,2332,6.83333,369,100,0,0,0,0,0,0,39,0,0,15
976,1836,6.75,378,100,0,0,0,0,0,0,42,0,0,14
977,2092,6.66667,360,100,0,0,0,0,0,0,42,0,0,12
978,2316,6.68852,408,100,0,0,0,0,0,0,47,0,0,14
979,2204,6.38182,351,100,0,0,0,0,0,0,48,0,0,7
980,1948,6.55932,387,100,0,0,0,0,0,0,48,0,0,11
981,1920,6.26786,351,100,0,0,0,0,0,0,51,0,0,5
982,2320,6.40678,378,100,0,0,0,0,0,0,51,0,0,8
983,1244,6.31579,360,100,0,0,0,0,0,0,51,0,0,6
984,1228,6.31579,360,100,0,0,0,0,0,0,51,0,0,6
985,1336,6.35,381,100,0,0,0,0,0,0,53,0,0,7
986,1080,6.25862,363,100,0,0,0,0,0,0,53,0,0,5
987,1368,6.45763,381,100,0,0,0,0,0,0,50,0,0,9
988,1484,6.41379,372,100,0,0,0,0,0,0,50,0,0,8
989,1424,6.15517,357,100,0,0,0,0,0,0,55,0,0,3
990,1260,6.19355,384,100,0,0,0,0,0,0,58,0,0,4
991,1372,6.31034,366,100,0,0,0,0,0,0,52,0,0,6
992,1664,6.2459,381,100,0,0,0,0,0,0,56,0,0,5
993,1468,6.2069,360,100,0,0,0,0,0,0,54,0,0,4
994,1636,6.35593,375,100,0,0,0,0,0,0,52,0,0,7
995,1172,6.05357,339,100,0,0,0,0,0,0,55,0,0,1
996,1276,6.21429,348,100,0,0,0,0,0,0,52,0,0,4
997,1324,6.20339,366,100,0,0,0,0,0,0,55,0,0,4
998,1664,6.24194,387,100,0,0,0,0,0,0,57,0,0,5
999,1496,6.25862,363,100,0,0,0,0,0,0,53,0,0,5
