update,points,mean_tasks,total_tasks,total_orgs,task_0,task_1,task_2,task_3,task_4,task_5,task_6,task_7,task_8,task_9
0,0,nan,0,9,0,0,0,0,0,0,0,0,0,0
1,16,6,6,9,0,0,0,0,0,0,1,0,0,0
2,48,6,18,9,0,0,0,0,0,0,3,0,0,0
3,80,6,30,9,0,0,0,0,0,0,5,0,0,0
4,96,6,36,9,0,0,0,0,0,0,6,0,0,0
5,76,6,36,10,0,0,0,0,0,0,6,0,0,0
6,72,6,36,11,0,0,0,0,0,0,6,0,0,0
7,68,6,30,11,0,0,0,0,0,0,5,0,0,0
8,52,6.6,33,11,0,0,0,0,0,0,4,0,0,1
9,144,6.75,54,12,0,0,0,0,0,0,6,0,0,2
10,116,6.75,54,15,0,0,0,0,0,0,6,0,0,2
11,96,6.75,54,16,0,0,0,0,0,0,6,0,0,2
12,136,6.5,39,17,0,0,0,0,0,0,5,0,0,1
13,172,6.75,54,17,0,0,0,0,0,0,6,0,0,2
14,144,6.66667,60,17,0,0,0,0,0,0,7,0,0,2
15,116,6.3,63,19,0,0,0,0,0,0,9,0,0,1
16,248,6.75,81,20,0,0,0,0,0,0,9,0,0,3
17,212,6.27273,69,20,0,0,0,0,0,0,10,0,0,1
18,284,6.54545,72,21,0,0,0,0,0,0,9,0,0,2
19,380,6.6,99,23,0,0,0,0,0,0,12,0,0,3
20,464,6.33333,114,25,0,0,0,0,0,0,16,0,0,2
21,348,6.5625,105,30,0,0,0,0,0,0,13,0,0,3
22,536,6.45,129,35,0,0,0,0,0,0,17,0,0,3
23,776,6.52174,150,40,0,0,0,0,0,0,19,0,0,4
24,832,6.46154,168,44,0,0,0,0,0,0,22,0,0,4
25,760,6.66667,180,47,0,0,0,0,0,0,21,0,0,6
26,780,6.7,201,48,0,0,0,0,0,0,23,0,0,7
27,752,7.03125,225,53,0,0,0,0,0,0,21,0,0,11
28,640,6.77419,210,56,0,0,0,0,0,0,23,0,0,8
29,756,6.88235,234,60,0,0,0,0,0,0,24,0,0,10
30,848,6.63158,252,62,0,0,0,0,0,0,30,0,0,8
31,996,6.675,267,66,0,0,0,0,0,0,31,0,0,9
32,1016,6.76744,291,70,0,0,0,0,0,0,32,0,0,11
33,1040,6.58696,303,76,0,0,0,0,0,0,37,0,0,9
34,1220,6.64706,339,80,0,0,0,0,0,0,40,0,0,11
35,1080,6.50943,345,85,0,0,0,0,0,0,44,0,0,9
36,1180,6.50943,345,86,0,0,0,0,0,0,44,0,0,9
37,1096,6.67925,354,89,0,0,0,0,0,0,41,0,0,12
38,1072,6.48214,363,92,0,0,0,0,0,0,47,0,0,9
39,1288,6.52632,372,96,0,0,0,0,0,0,47,0,0,10
40,1252,6.50847,384,98,0,0,0,0,0,0,49,0,0,10
41,1228,6.42857,360,98,0,0,0,0,0,0,48,0,0,8
42,1368,6.39344,390,98,0,0,0,0,0,0,53,0,0,8
43,1288,6.38095,402,98,0,0,0,0,0,0,55,0,0,8
44,1280,6.2069,360,98,0,0,0,0,0,0,54,0,0,4
45,1144,6.25,375,98,0,0,0,0,0,0,55,0,0,5
46,1052,6.25862,363,98,0,0,0,0,0,0,53,0,0,5
47,1436,6.20339,366,99,0,0,0,0,0,0,55,0,0,4
48,1348,6.10169,360,99,0,0,0,0,0,0,57,0,0,2
49,1744,6.19048,390,99,0,0,0,0,0,0,59,0,0,4
50,1536,6.19672,378,99,0,0,0,0,0,0,57,0,0,4
51,1876,6.23438,399,100,0,0,0,0,0,0,59,0,0,5
52,1768,6.15,369,100,0,0,0,0,0,0,57,0,0,3
53,1580,6.16667,333,100,0,0,0,0,0,0,51,0,0,3
54,1620,6.15254,363,100,0,0,0,0,0,0,56,0,0,3
55,1944,6.29508,384,100,0,0,0,0,0,0,55,0,0,6
56,1752,6.20339,366,100,0,0,0,0,0,0,55,0,0,4
57,1672,6.2069,360,100,0,0,0,0,0,0,54,0,0,4
58,1812,6.05,363,100,0,0,0,0,0,0,59,0,0,1
59,1440,6.15254,363,100,0,0,0,0,0,0,56,0,0,3
60,1616,6.14516,381,100,0,0,0,0,0,0,59,0,0,3
61,1884,6.09836,372,100,0,0,0,0,0,0,59,0,0,2
62,1652,6.19672,378,100,0,0,0,0,0,0,57,0,0,4
63,2024,6.28571,396,100,0,0,0,0,0,0,57,0,0,6
64,2240,6.31579,360,100,0,0,0,0,0,0,51,0,0,6
65,2488,6.25424,369,100,0,0,0,0,0,0,54,0,0,5
66,2508,6.35593,375,100,0,0,0,0,0,0,52,0,0,7
67,2440,6.55932,387,100,0,0,0,0,0,0,48,0,0,11
68,1872,6.63462,345,100,0,0,0,0,0,0,41,0,0,11
69,1988,6.53571,366,100,0,0,0,0,0,0,46,0,0,10
70,1608,6.52941,333,100,0,0,0,0,0,0,42,0,0,9
71,1616,6.62264,351,100,0,0,0,0,0,0,42,0,0,11
72,1376,6.69231,348,100,0,0,0,0,0,0,40,0,0,12
73,1660,6.59016,402,100,0,0,0,0,0,0,49,0,0,12
74,1392,6.67241,387,100,0,0,0,0,0,0,45,0,0,13
75,1496,6.62903,411,100,0,0,0,0,0,0,49,0,0,13
76,1532,6.61017,390,100,0,0,0,0,0,0,47,0,0,12
77,1312,6.35593,375,100,0,0,0,0,0,0,52,0,0,7
78,1480,6.40678,378,100,0,0,0,0,0,0,51,0,0,8
79,1648,6.48387,402,100,0,0,0,0,0,0,52,0,0,10
80,1728,6.4918,396,100,0,0,0,0,0,0,51,0,0,10
81,2008,6.54098,399,100,0,0,0,0,0,0,50,0,0,11
82,1712,6.54098,399,100,0,0,0,0,0,0,50,0,0,11
83,1564,6.54545,360,100,0,0,0,0,0,0,45,0,0,10
84,1616,6.48387,402,100,0,0,0,0,0,0,52,0,0,10
85,1648,6.53571,366,100,0,0,0,0,0,0,46,0,0,10
86,1488,6.69231,348,100,0,0,0,0,0,0,40,0,0,12
87,1844,6.42857,405,100,0,0,0,0,0,0,54,0,0,9
88,1508,6.52381,411,100,0,0,0,0,0,0,52,0,0,11
89,1628,6.4918,396,100,0,0,0,0,0,0,51,0,0,10
90,1512,6.5,351,100,0,0,0,0,0,0,45,0,0,9
91,1852,6.83607,417,100,0,0,0,0,0,0,44,0,0,17
92,1904,6.84746,404,100,0,0,0,0,0,0,42,0,1,16
93,1572,6.6,363,100,0,0,0,0,0,0,44,0,0,11
94,2080,7.05,423,100,0,0,0,0,0,0,39,0,0,21
95,2252,6.84375,438,100,0,0,0,0,0,0,46,0,0,18
96,2268,6.87931,399,100,0,0,0,0,0,0,41,0,0,17
97,2444,7,399,100,0,0,0,0,0,0,38,0,0,19
98,1752,6.84906,363,100,0,0,0,0,0,0,38,0,0,15
99,1780,7,399,100,0,0,0,0,0,0,38,0,0,19
100,1856,6.98182,384,100,0,0,0,0,0,0,37,0,0,18
101,2004,6.96429,390,100,0,0,0,0,0,0,38,0,0,18
102,1568,7.11765,363,100,0,0,0,0,0,0,32,0,0,19
103,1844,7.15385,372,100,0,0,0,0,0,0,32,0,0,20
104,2204,7.5,450,100,0,0,0,0,0,0,30,0,0,30
105,1536,6.88889,372,100,0,0,0,0,0,0,38,0,0,16
106,1976,7.25,435,100,0,0,0,0,0,0,35,0,0,25
107,1828,7.2931,423,100,0,0,0,0,0,0,33,0,0,25
108,1664,7.14,357,100,0,0,0,0,0,0,31,0,0,19
109,1888,7.38889,399,100,0,0,0,0,0,0,29,0,0,25
110,1688,7.33929,411,100,0,0,0,0,0,0,31,0,0,25
111,1860,7.26923,378,100,0,0,0,0,0,0,30,0,0,22
112,1812,7.15385,372,100,0,0,0,0,0,0,32,0,0,20
113,1800,6.88889,372,100,0,0,0,0,0,0,38,0,0,16
114,1796,7.10526,405,100,0,0,0,0,0,0,36,0,0,21
115,1728,7.03846,366,100,0,0,0,0,0,0,34,0,0,18
116,1596,6.98182,384,100,0,0,0,0,0,0,37,0,0,18
117,1444,6.76364,372,100,0,0,0,0,0,0,41,0,0,14
118,1492,6.83607,417,100,0,0,0,0,0,0,44,0,0,17
119,1864,6.98361,426,100,0,0,0,0,0,0,41,0,0,20
120,1900,7.11864,420,100,0,0,0,0,0,0,37,0,0,22
121,1884,7.01695,414,100,0,0,0,0,0,0,39,0,0,20
122,1732,6.87931,399,100,0,0,0,0,0,0,41,0,0,17
123,1832,6.7377,411,100,0,0,0,0,0,0,46,0,0,15
124,1804,7.125,399,100,0,0,0,0,0,0,35,0,0,21
125,2328,7.18966,417,100,0,0,0,0,0,0,35,0,0,23
126,2292,6.94444,375,100,0,0,0,0,0,0,37,0,0,17
127,2640,7.03448,408,100,0,0,0,0,0,0,38,0,0,20
128,2064,7.1875,345,100,0,0,0,0,0,0,29,0,0,19
129,2376,7.22222,390,100,0,0,0,0,0,0,32,0,0,22
130,2264,7.29412,372,100,0,0,0,0,0,0,29,0,0,22
131,2240,7.26923,378,100,0,0,0,0,0,0,30,0,0,22
132,2512,7.18966,417,100,0,0,0,0,0,0,35,0,0,23
133,1988,6.88889,372,100,0,0,0,0,0,0,38,0,0,16
134,2108,6.68421,381,100,0,0,0,0,0,0,44,0,0,13
135,2112,6.76364,372,100,0,0,0,0,0,0,41,0,0,14
136,2172,6.84211,390,100,0,0,0,0,0,0,41,0,0,16
137,1620,6.73585,357,100,0,0,0,0,0,0,40,0,0,13
138,1844,6.98182,384,100,0,0,0,0,0,0,37,0,0,18
139,1924,6.67241,387,100,0,0,0,0,0,0,45,0,0,13
140,1972,6.81818,375,100,0,0,0,0,0,0,40,0,0,15
141,1716,6.75,378,100,0,0,0,0,0,0,42,0,0,14
142,1572,6.76471,345,100,0,0,0,0,0,0,38,0,0,13
143,1696,6.77586,393,100,0,0,0,0,0,0,43,0,0,15
144,1444,6.63158,378,100,0,0,0,0,0,0,45,0,0,12
145,1348,6.62069,384,100,0,0,0,0,0,0,46,0,0,12
146,1304,6.55932,387,100,0,0,0,0,0,0,48,0,0,11
147,1424,6.63934,405,100,0,0,0,0,0,0,48,0,0,13
148,1272,6.5,351,100,0,0,0,0,0,0,45,0,0,9
149,1504,6.73684,384,100,0,0,0,0,0,0,43,0,0,14
150,1444,6.46154,336,100,0,0,0,0,0,0,44,0,0,8
151,1604,6.50943,345,100,0,0,0,0,0,0,44,0,0,9
152,1440,6.50943,345,100,0,0,0,0,0,0,44,0,0,9
153,1724,6.43636,354,100,0,0,0,0,0,0,47,0,0,8
154,1640,6.33962,336,100,0,0,0,0,0,0,47,0,0,6
155,1852,6.42857,360,100,0,0,0,0,0,0,48,0,0,8
156,1636,6.76471,345,100,0,0,0,0,0,0,38,0,0,13
157,1976,6.42857,360,100,0,0,0,0,0,0,48,0,0,8
158,2328,6.33333,342,100,0,0,0,0,0,0,48,0,0,6
159,2148,6.21429,348,100,0,0,0,0,0,0,52,0,0,4
160,1896,6.45,387,100,0,0,0,0,0,0,51,0,0,9
161,2008,6.61017,390,100,0,0,0,0,0,0,47,0,0,12
162,2060,6.48387,402,100,0,0,0,0,0,0,52,0,0,10
163,2360,6.46552,375,100,0,0,0,0,0,0,49,0,0,9
164,2336,6.39344,390,100,0,0,0,0,0,0,53,0,0,8
165,2552,6.43548,399,100,0,0,0,0,0,0,53,0,0,9
166,2812,6.48,324,100,0,0,0,0,0,0,42,0,0,8
167,2396,6.28302,333,100,0,0,0,0,0,0,48,0,0,5
168,1624,6.21429,348,100,0,0,0,0,0,0,52,0,0,4
169,1416,6.16667,333,100,0,0,0,0,0,0,51,0,0,3
170,1320,6.1,366,100,0,0,0,0,0,0,58,0,0,2
171,1640,6.25424,369,100,0,0,0,0,0,0,54,0,0,5
172,1856,6.19355,384,100,0,0,0,0,0,0,58,0,0,4
173,1776,6.31034,366,100,0,0,0,0,0,0,52,0,0,6
174,1664,6.25862,363,100,0,0,0,0,0,0,53,0,0,5
175,1560,6.35,381,100,0,0,0,0,0,0,53,0,0,7
176,1772,6.43548,399,100,0,0,0,0,0,0,53,0,0,9
177,1472,6.52632,372,100,0,0,0,0,0,0,47,0,0,10
178,1704,6.54098,399,100,0,0,0,0,0,0,50,0,0,11
179,1728,6.48214,363,100,0,0,0,0,0,0,47,0,0,9
180,1236,6.26786,351,100,0,0,0,0,0,0,51,0,0,5
181,1320,6.36207,369,100,0,0,0,0,0,0,51,0,0,7
182,1704,6.56897,381,100,0,0,0,0,0,0,47,0,0,11
183,1628,6.50847,384,100,0,0,0,0,0,0,49,0,0,10
184,1312,6.38182,351,100,0,0,0,0,0,0,48,0,0,7
185,1128,6.36923,414,100,0,0,0,0,0,0,57,0,0,8
186,1288,6.53226,405,100,0,0,0,0,0,0,51,0,0,11
187,1544,6.48387,402,100,0,0,0,0,0,0,52,0,0,10
188,1356,6.45763,381,100,0,0,0,0,0,0,50,0,0,9
189,1300,6.39344,390,100,0,0,0,0,0,0,53,0,0,8
190,1180,6.26316,357,100,0,0,0,0,0,0,52,0,0,5
191,988,6.25862,363,100,0,0,0,0,0,0,53,0,0,5
192,1112,6.34426,387,100,0,0,0,0,0,0,54,0,0,7
193,1144,6.29508,384,100,0,0,0,0,0,0,55,0,0,6
194,1172,6.2381,393,100,0,0,0,0,0,0,58,0,0,5
195,1452,6.55932,387,100,0,0,0,0,0,0,48,0,0,11
196,1216,6.42105,366,100,0,0,0,0,0,0,49,0,0,8
197,1268,6.34426,387,100,0,0,0,0,0,0,54,0,0,7
198,1292,6.50847,384,100,0,0,0,0,0,0,49,0,0,10
199,1428,6.51724,378,100,0,0,0,0,0,0,48,0,0,10
200,1296,6.41379,372,100,0,0,0,0,0,0,50,0,0,8
201,1592,6.55932,387,100,0,0,0,0,0,0,48,0,0,11
202,1524,6.75,405,100,0,0,0,0,0,0,45,0,0,15
203,1456,6.83607,417,100,0,0,0,0,0,0,44,0,0,17
204,1416,6.87719,392,100,0,0,0,0,0,0,40,0,1,16
205,1524,6.81818,375,100,0,0,0,0,0,0,40,0,0,15
206,1652,6.80357,381,100,0,0,0,0,0,0,41,0,0,15
207,1664,6.82759,396,100,0,0,0,0,0,0,42,0,0,16
208,1536,6.88679,365,100,0,0,0,0,0,0,37,0,1,15
209,1872,6.94643,389,100,0,0,0,0,0,0,38,0,1,17
210,1768,7.05263,402,100,0,0,0,0,0,0,37,0,0,20
211,1748,6.89474,393,100,0,0,0,0,0,0,40,0,0,17
212,1628,6.81818,375,100,0,0,0,0,0,0,40,0,0,15
213,1648,7.17647,366,100,0,0,0,0,0,0,31,0,0,20
214,2064,7.34483,426,100,0,0,0,0,0,0,32,0,0,26
215,1852,7.15789,408,100,0,0,0,0,0,0,35,0,0,22
216,1748,7.27119,429,100,0,0,0,0,0,0,34,0,0,25
217,1824,7.13793,414,100,0,0,0,0,0,0,36,0,0,22
218,1572,7.07547,375,100,0,0,0,0,0,0,34,0,0,19
219,1828,7.22034,426,100,0,0,0,0,0,0,35,0,0,24
220,2168,7.06452,438,100,0,0,0,0,0,0,40,0,0,22
221,1996,6.9661,411,100,0,0,0,0,0,0,40,0,0,19
222,1692,6.76364,372,100,0,0,0,0,0,0,41,0,0,14
223,1644,6.82353,348,100,0,0,0,0,0,0,37,0,0,14
224,1752,6.82759,396,100,0,0,0,0,0,0,42,0,0,16
225,1696,6.76364,372,100,0,0,0,0,0,0,41,0,0,14
226,1796,6.77419,420,100,0,0,0,0,0,0,46,0,0,16
227,2048,6.75,378,100,0,0,0,0,0,0,42,0,0,14
228,2240,6.94737,396,100,0,0,0,0,0,0,39,0,0,18
229,1720,6.98182,384,100,0,0,0,0,0,0,37,0,0,18
230,1956,7.125,399,100,0,0,0,0,0,0,35,0,0,21
231,1836,6.96429,390,100,0,0,0,0,0,0,38,0,0,18
232,1804,6.80952,429,100,0,0,0,0,0,0,46,0,0,17
233,1908,6.56897,381,100,0,0,0,0,0,0,47,0,0,11
234,2200,6.6,396,100,0,0,0,0,0,0,48,0,0,12
235,2048,6.52381,411,100,0,0,0,0,0,0,52,0,0,11
236,1788,6.68421,381,100,0,0,0,0,0,0,44,0,0,13
237,1888,6.82258,423,100,0,0,0,0,0,0,45,0,0,17
238,1548,6.72414,390,100,0,0,0,0,0,0,44,0,0,14
239,1920,6.50769,423,100,0,0,0,0,0,0,54,0,0,11
240,1836,6.48387,402,100,0,0,0,0,0,0,52,0,0,10
241,1840,6.57377,401,100,0,0,0,0,0,0,49,0,1,11
242,1776,6.50847,384,100,0,0,0,0,0,0,49,0,0,10
243,1784,6.57895,375,100,0,0,0,0,0,0,46,0,0,11
244,1524,6.48214,363,100,0,0,0,0,0,0,47,0,0,9
245,1676,6.51724,378,100,0,0,0,0,0,0,48,0,0,10
246,1484,6.6,363,100,0,0,0,0,0,0,44,0,0,11
247,1608,6.70909,369,100,0,0,0,0,0,0,42,0,0,13
248,1400,6.50943,345,100,0,0,0,0,0,0,44,0,0,9
249,1740,6.5,390,100,0,0,0,0,0,0,50,0,0,10
250,1456,6.86538,357,100,0,0,0,0,0,0,37,0,0,15
251,1420,6.66102,393,100,0,0,0,0,0,0,46,0,0,13
252,1676,6.77419,420,100,0,0,0,0,0,0,46,0,0,16
253,1724,6.50847,384,100,0,0,0,0,0,0,49,0,0,10
254,1656,6.40678,378,100,0,0,0,0,0,0,51,0,0,8
255,1500,6.19672,378,100,0,0,0,0,0,0,57,0,0,4
256,1536,6.3871,396,100,0,0,0,0,0,0,54,0,0,8
257,1048,6.26316,357,100,0,0,0,0,0,0,52,0,0,5
258,1228,6.2459,381,100,0,0,0,0,0,0,56,0,0,5
259,1192,6.36207,369,100,0,0,0,0,0,0,51,0,0,7
260,1184,6.45763,381,100,0,0,0,0,0,0,50,0,0,9
261,1156,6.45,387,100,0,0,0,0,0,0,51,0,0,9
262,1036,6.3,378,100,0,0,0,0,0,0,54,0,0,6
263,1188,6.3871,396,100,0,0,0,0,0,0,54,0,0,8
264,1068,6.25862,363,100,0,0,0,0,0,0,53,0,0,5
265,1188,6.29032,390,100,0,0,0,0,0,0,56,0,0,6
266,968,6.19672,378,100,0,0,0,0,0,0,57,0,0,4
267,1220,6.28571,396,100,0,0,0,0,0,0,57,0,0,6
268,1168,6.3871,396,100,0,0,0,0,0,0,54,0,0,8
269,1212,6.3,378,100,0,0,0,0,0,0,54,0,0,6
270,1224,6.35,381,100,0,0,0,0,0,0,53,0,0,7
271,1616,6.42188,411,100,0,0,0,0,0,0,55,0,0,9
272,1300,6.40678,378,100,0,0,0,0,0,0,51,0,0,8
273,1200,6.15789,351,100,0,0,0,0,0,0,54,0,0,3
274,1264,6.19048,390,100,0,0,0,0,0,0,59,0,0,4
275,972,6.16667,333,100,0,0,0,0,0,0,51,0,0,3
276,924,6.10345,354,100,0,0,0,0,0,0,56,0,0,2
277,1000,6.15789,351,100,0,0,0,0,0,0,54,0,0,3
278,936,6.09524,384,100,0,0,0,0,0,0,61,0,0,2
279,1092,6.09677,378,100,0,0,0,0,0,0,60,0,0,2
280,1012,6.09524,384,100,0,0,0,0,0,0,61,0,0,2
281,1040,6.09091,402,100,0,0,0,0,0,0,64,0,0,2
282,1112,6.15254,363,100,0,0,0,0,0,0,56,0,0,3
283,1032,6.05,363,100,0,0,0,0,0,0,59,0,0,1
284,1284,6.23438,399,100,0,0,0,0,0,0,59,0,0,5
285,1344,6.2,372,100,0,0,0,0,0,0,56,0,0,4
286,1168,6.14286,387,100,0,0,0,0,0,0,60,0,0,3
287,1184,6.10169,360,100,0,0,0,0,0,0,57,0,0,2
288,1228,6.19355,384,100,0,0,0,0,0,0,58,0,0,4
289,936,6.31034,366,100,0,0,0,0,0,0,52,0,0,6
290,1172,6.19355,384,100,0,0,0,0,0,0,58,0,0,4
291,1212,6.35,381,100,0,0,0,0,0,0,53,0,0,7
292,1180,6.19048,390,100,0,0,0,0,0,0,59,0,0,4
293,1084,6.20339,366,100,0,0,0,0,0,0,55,0,0,4
294,992,6.1,366,100,0,0,0,0,0,0,58,0,0,2
295,1064,6.2069,360,100,0,0,0,0,0,0,54,0,0,4
296,1116,6.29032,390,100,0,0,0,0,0,0,56,0,0,6
297,1276,6.25424,369,100,0,0,0,0,0,0,54,0,0,5
298,1340,6.36207,369,100,0,0,0,0,0,0,51,0,0,7
299,1324,6.31579,360,100,0,0,0,0,0,0,51,0,0,6
300,1196,6.10345,354,100,0,0,0,0,0,0,56,0,0,2
301,1296,6.28125,402,100,0,0,0,0,0,0,58,0,0,6
302,1324,6.09524,384,100,0,0,0,0,0,0,61,0,0,2
303,1332,6.13846,399,100,0,0,0,0,0,0,62,0,0,3
304,1220,6.25862,363,100,0,0,0,0,0,0,53,0,0,5
305,1044,6.05455,333,100,0,0,0,0,0,0,54,0,0,1
306,936,6.10909,336,100,0,0,0,0,0,0,53,0,0,2
307,1040,6.15254,363,100,0,0,0,0,0,0,56,0,0,3
308,1128,6.05455,333,100,0,0,0,0,0,0,54,0,0,1
309,1004,6.04918,369,100,0,0,0,0,0,0,60,0,0,1
310,1132,6.1,366,100,0,0,0,0,0,0,58,0,0,2
311,1080,6.1,366,100,0,0,0,0,0,0,58,0,0,2
312,1000,6,354,100,0,0,0,0,0,0,59,0,0,0
313,1088,6.15254,363,100,0,0,0,0,0,0,56,0,0,3
314,1080,6.05172,351,100,0,0,0,0,0,0,57,0,0,1
315,976,6,360,100,0,0,0,0,0,0,60,0,0,0
316,972,6,360,100,0,0,0,0,0,0,60,0,0,0
317,928,6.05263,345,100,0,0,0,0,0,0,56,0,0,1
318,1156,6.09677,378,100,0,0,0,0,0,0,60,0,0,2
319,976,6.04688,387,100,0,0,0,0,0,0,63,0,0,1
320,988,6.04615,393,100,0,0,0,0,0,0,64,0,0,1
321,1060,6,402,100,0,0,0,0,0,0,67,0,0,0
322,980,6.05263,345,100,0,0,0,0,0,0,56,0,0,1
323,1160,6.16364,339,100,0,0,0,0,0,0,52,0,0,3
324,1220,6.04918,369,100,0,0,0,0,0,0,60,0,0,1
325,1068,6.09259,329,100,0,0,0,0,0,0,52,0,1,1
326,1120,6.04688,387,100,0,0,0,0,0,0,63,0,0,1
327,1140,6.14754,375,100,0,0,0,0,0,0,58,0,0,3
328,1256,6.25,375,100,0,0,0,0,0,0,55,0,0,5
329,1164,6.29508,384,100,0,0,0,0,0,0,55,0,0,6
330,1112,6.19355,384,100,0,0,0,0,0,0,58,0,0,4
331,1132,6.14516,381,100,0,0,0,0,0,0,59,0,0,3
332,1216,6.19672,378,100,0,0,0,0,0,0,57,0,0,4
333,1108,6.04918,369,100,0,0,0,0,0,0,60,0,0,1
334,1532,6.22727,411,100,0,0,0,0,0,0,61,0,0,5
335,1256,6.10169,360,100,0,0,0,0,0,0,57,0,0,2
336,1368,6.31034,366,100,0,0,0,0,0,0,52,0,0,6
337,1200,6.32143,354,100,0,0,0,0,0,0,50,0,0,6
338,1184,6.08065,377,100,0,0,0,0,0,0,60,0,1,1
339,1120,6.13793,356,100,0,0,0,0,0,0,55,0,1,2
340,1476,6.27273,414,100,0,0,0,0,0,0,60,0,0,6
341,1344,6.35,381,100,0,0,0,0,0,0,53,0,0,7
342,1112,6.32727,348,100,0,0,0,0,0,0,49,0,0,6
343,944,6.22642,330,100,0,0,0,0,0,0,49,0,0,4
344,1176,6.31579,360,100,0,0,0,0,0,0,51,0,0,6
345,1200,6.10714,342,100,0,0,0,0,0,0,54,0,0,2
346,1096,6,342,100,0,0,0,0,0,0,57,0,0,0
347,1192,6.05085,357,100,0,0,0,0,0,0,58,0,0,1
348,1136,6.05263,345,100,0,0,0,0,0,0,56,0,0,1
349,1220,6.11321,324,100,0,0,0,0,0,0,51,0,0,2
350,1460,6.10169,360,100,0,0,0,0,0,0,57,0,0,2
351,1728,6.15254,363,100,0,0,0,0,0,0,56,0,0,3
352,1868,6.27273,345,100,0,0,0,0,0,0,50,0,0,5
353,1284,6.20755,329,100,0,0,0,0,0,0,49,0,1,3
354,1056,6.10345,354,100,0,0,0,0,0,0,56,0,0,2
355,1312,6.21429,348,100,0,0,0,0,0,0,52,0,0,4
356,1392,6.21429,348,100,0,0,0,0,0,0,52,0,0,4
357,1348,6.21053,354,100,0,0,0,0,0,0,53,0,0,4
358,1300,6.16364,339,100,0,0,0,0,0,0,52,0,0,3
359,1416,6.21053,354,100,0,0,0,0,0,0,53,0,0,4
360,1428,6.26786,351,100,0,0,0,0,0,0,51,0,0,5
361,1348,6.30508,372,100,0,0,0,0,0,0,53,0,0,6
362,1584,6.39344,390,100,0,0,0,0,0,0,53,0,0,8
363,1396,6.42105,366,100,0,0,0,0,0,0,49,0,0,8
364,1492,6.36207,369,100,0,0,0,0,0,0,51,0,0,7
365,1260,6.3,378,100,0,0,0,0,0,0,54,0,0,6
366,1208,6.2069,360,100,0,0,0,0,0,0,54,0,0,4
367,1240,6.36842,363,100,0,0,0,0,0,0,50,0,0,7
368,1220,6.32143,354,100,0,0,0,0,0,0,50,0,0,6
369,1060,6.31034,366,100,0,0,0,0,0,0,52,0,0,6
370,1240,6.24194,387,100,0,0,0,0,0,0,57,0,0,5
371,1100,6.27273,345,100,0,0,0,0,0,0,50,0,0,5
372,1244,6.35593,375,100,0,0,0,0,0,0,52,0,0,7
373,1472,6.3,378,100,0,0,0,0,0,0,54,0,0,6
374,1308,6.27273,345,100,0,0,0,0,0,0,50,0,0,5
375,1088,6.05455,333,100,0,0,0,0,0,0,54,0,0,1
376,1064,6.20339,366,100,0,0,0,0,0,0,55,0,0,4
377,1200,6.32727,348,100,0,0,0,0,0,0,49,0,0,6
378,1232,6.32143,354,100,0,0,0,0,0,0,50,0,0,6
379,1496,6.26316,357,100,0,0,0,0,0,0,52,0,0,5
380,1284,6.24,312,100,0,0,0,0,0,0,46,0,0,4
381,1212,6.15789,351,100,0,0,0,0,0,0,54,0,0,3
382,1448,6.36842,363,100,0,0,0,0,0,0,50,0,0,7
383,1304,6.32727,348,100,0,0,0,0,0,0,49,0,0,6
384,1104,6.21818,342,100,0,0,0,0,0,0,51,0,0,4
385,1064,6.22222,336,100,0,0,0,0,0,0,50,0,0,4
386,1204,6.20339,366,100,0,0,0,0,0,0,55,0,0,4
387,1188,6.14062,393,100,0,0,0,0,0,0,61,0,0,3
388,1316,6.1875,396,100,0,0,0,0,0,0,60,0,0,4
389,1352,6.2381,393,100,0,0,0,0,0,0,58,0,0,5
390,1048,6.16071,345,100,0,0,0,0,0,0,53,0,0,3
391,1204,6.25424,369,100,0,0,0,0,0,0,54,0,0,5
392,1084,6.32143,354,100,0,0,0,0,0,0,50,0,0,6
393,980,6.16071,345,100,0,0,0,0,0,0,53,0,0,3
394,1076,6.15517,357,100,0,0,0,0,0,0,55,0,0,3
395,1048,6.1,366,100,0,0,0,0,0,0,58,0,0,2
396,1076,6.15254,363,100,0,0,0,0,0,0,56,0,0,3
397,916,6.05085,357,100,0,0,0,0,0,0,58,0,0,1
398,1068,6.09836,372,100,0,0,0,0,0,0,59,0,0,2
399,1000,6.19672,378,100,0,0,0,0,0,0,57,0,0,4
400,1312,6.25,375,100,0,0,0,0,0,0,55,0,0,5
401,1104,6.05556,327,100,0,0,0,0,0,0,53,0,0,1
402,1148,6,378,100,0,0,0,0,0,0,63,0,0,0
403,1112,6.2069,360,100,0,0,0,0,0,0,54,0,0,4
404,1228,6.24194,387,100,0,0,0,0,0,0,57,0,0,5
405,792,6.16364,339,100,0,0,0,0,0,0,52,0,0,3
406,1136,6.19672,378,100,0,0,0,0,0,0,57,0,0,4
407,1048,6.09836,372,100,0,0,0,0,0,0,59,0,0,2
408,944,6.15789,351,100,0,0,0,0,0,0,54,0,0,3
409,1012,6.04839,375,100,0,0,0,0,0,0,61,0,0,1
410,960,6,354,100,0,0,0,0,0,0,59,0,0,0
411,940,6.05085,357,100,0,0,0,0,0,0,58,0,0,1
412,964,6.05172,351,100,0,0,0,0,0,0,57,0,0,1
413,1112,6,372,100,0,0,0,0,0,0,62,0,0,0
414,1048,6.04839,375,100,0,0,0,0,0,0,61,0,0,1
415,964,6.10169,360,100,0,0,0,0,0,0,57,0,0,2
416,1092,6,396,100,0,0,0,0,0,0,66,0,0,0
417,1124,6.04918,369,100,0,0,0,0,0,0,60,0,0,1
418,1168,6,360,100,0,0,0,0,0,0,60,0,0,0
419,1172,6,348,100,0,0,0,0,0,0,58,0,0,0
420,1288,6.04918,369,100,0,0,0,0,0,0,60,0,0,1
421,1544,6,378,100,0,0,0,0,0,0,63,0,0,0
422,1492,6.09524,384,100,0,0,0,0,0,0,61,0,0,2
423,1204,6,342,100,0,0,0,0,0,0,57,0,0,0
424,1316,6.04918,369,100,0,0,0,0,0,0,60,0,0,1
425,1236,6.04762,381,100,0,0,0,0,0,0,62,0,0,1
426,1420,6.14754,375,100,0,0,0,0,0,0,58,0,0,3
427,1468,6.19672,378,100,0,0,0,0,0,0,57,0,0,4
428,1360,6.2459,381,100,0,0,0,0,0,0,56,0,0,5
429,1160,6.16667,333,100,0,0,0,0,0,0,51,0,0,3
430,1388,6.05769,315,100,0,0,0,0,0,0,51,0,0,1
431,1588,6.10714,342,100,0,0,0,0,0,0,54,0,0,2
432,1848,6.15254,363,100,0,0,0,0,0,0,56,0,0,3
433,1444,6.16364,339,100,0,0,0,0,0,0,52,0,0,3
434,1952,6.20339,366,100,0,0,0,0,0,0,55,0,0,4
435,1608,6.21818,342,100,0,0,0,0,0,0,51,0,0,4
436,1876,6.16981,327,100,0,0,0,0,0,0,50,0,0,3
437,1464,6.21429,348,100,0,0,0,0,0,0,52,0,0,4
438,1312,6.05556,327,100,0,0,0,0,0,0,53,0,0,1
439,1568,6.16071,345,100,0,0,0,0,0,0,53,0,0,3
440,1784,6.27273,345,100,0,0,0,0,0,0,50,0,0,5
441,1860,6.2,372,100,0,0,0,0,0,0,56,0,0,4
442,1380,6.0566,321,100,0,0,0,0,0,0,52,0,0,1
443,1500,6.15789,351,100,0,0,0,0,0,0,54,0,0,3
444,1688,6.20339,366,100,0,0,0,0,0,0,55,0,0,4
445,1608,6.10345,354,100,0,0,0,0,0,0,56,0,0,2
446,1320,6.11538,318,100,0,0,0,0,0,0,50,0,0,2
447,1280,6.10909,336,100,0,0,0,0,0,0,53,0,0,2
448,1368,6.16364,339,100,0,0,0,0,0,0,52,0,0,3
449,1252,6.16981,327,100,0,0,0,0,0,0,50,0,0,3
450,1472,6.2,372,100,0,0,0,0,0,0,56,0,0,4
451,1152,6.11538,318,100,0,0,0,0,0,0,50,0,0,2
452,1144,6.23077,324,100,0,0,0,0,0,0,48,0,0,4
453,1204,6.27273,345,100,0,0,0,0,0,0,50,0,0,5
454,1556,6.23529,318,100,0,0,0,0,0,0,47,0,0,4
455,1528,6.21053,354,100,0,0,0,0,0,0,53,0,0,4
456,1460,6.20339,366,100,0,0,0,0,0,0,55,0,0,4
457,1580,6.35593,375,100,0,0,0,0,0,0,52,0,0,7
458,1484,6.31579,360,100,0,0,0,0,0,0,51,0,0,6
459,1576,6.21429,348,100,0,0,0,0,0,0,52,0,0,4
460,1536,6.21818,342,100,0,0,0,0,0,0,51,0,0,4
461,1784,6.21429,348,100,0,0,0,0,0,0,52,0,0,4
462,1896,6.15,369,100,0,0,0,0,0,0,57,0,0,3
463,1960,6.3,378,100,0,0,0,0,0,0,54,0,0,6
464,1148,6.375,357,100,0,0,0,0,0,0,49,0,0,7
465,1364,6.28125,402,100,0,0,0,0,0,0,58,0,0,6
466,1388,6.2,372,100,0,0,0,0,0,0,56,0,0,4
467,1116,6.11111,330,100,0,0,0,0,0,0,52,0,0,2
468,980,6.10169,360,100,0,0,0,0,0,0,57,0,0,2
469,1196,6.04839,375,100,0,0,0,0,0,0,61,0,0,1
470,1252,6.05172,351,100,0,0,0,0,0,0,57,0,0,1
471,1312,6.09524,384,100,0,0,0,0,0,0,61,0,0,2
472,1204,6.17647,315,100,0,0,0,0,0,0,48,0,0,3
473,1300,6.10169,360,100,0,0,0,0,0,0,57,0,0,2
474,1244,6.10526,348,100,0,0,0,0,0,0,55,0,0,2
475,1196,6,348,100,0,0,0,0,0,0,58,0,0,0
476,1128,6.04839,375,100,0,0,0,0,0,0,61,0,0,1
477,1164,6.08475,359,100,0,0,0,0,0,0,57,0,1,1
478,1060,6,342,100,0,0,0,0,0,0,57,0,0,0
479,1100,6,348,100,0,0,0,0,0,0,58,0,0,0
480,1188,6.05172,351,100,0,0,0,0,0,0,57,0,0,1
481,1376,6.09375,390,100,0,0,0,0,0,0,62,0,0,2
482,1440,6.1,366,100,0,0,0,0,0,0,58,0,0,2
483,1580,6.15789,351,100,0,0,0,0,0,0,54,0,0,3
484,1612,6.04762,381,100,0,0,0,0,0,0,62,0,0,1
485,1588,6.04688,387,100,0,0,0,0,0,0,63,0,0,1
486,1116,6.04688,387,100,0,0,0,0,0,0,63,0,0,1
487,1144,6.09677,378,100,0,0,0,0,0,0,60,0,0,2
488,1196,6.09231,396,100,0,0,0,0,0,0,63,0,0,2
489,1164,6.04839,375,100,0,0,0,0,0,0,61,0,0,1
490,1184,6.15254,363,100,0,0,0,0,0,0,56,0,0,3
491,1156,6.1,366,100,0,0,0,0,0,0,58,0,0,2
492,1088,6.09836,372,100,0,0,0,0,0,0,59,0,0,2
493,1216,6.04918,369,100,0,0,0,0,0,0,60,0,0,1
494,1184,6,402,100,0,0,0,0,0,0,67,0,0,0
495,1100,6,372,100,0,0,0,0,0,0,62,0,0,0
496,1096,6.09836,372,100,0,0,0,0,0,0,59,0,0,2
497,1060,6.15789,351,100,0,0,0,0,0,0,54,0,0,3
498,1224,6.09524,384,100,0,0,0,0,0,0,61,0,0,2
499,1012,6.05172,351,100,0,0,0,0,0,0,57,0,0,1
500,1016,6.05,363,100,0,0,0,0,0,0,59,0,0,1
501,1024,6.09836,372,100,0,0,0,0,0,0,59,0,0,2
502,1092,6.04918,369,100,0,0,0,0,0,0,60,0,0,1
503,1040,6.05085,357,100,0,0,0,0,0,0,58,0,0,1
504,1384,6.09375,390,100,0,0,0,0,0,0,62,0,0,2
505,1056,6.05263,345,100,0,0,0,0,0,0,56,0,0,1
506,1124,6.05,363,100,0,0,0,0,0,0,59,0,0,1
507,1072,6.05,363,100,0,0,0,0,0,0,59,0,0,1
508,1264,6.04839,375,100,0,0,0,0,0,0,61,0,0,1
509,916,6,360,100,0,0,0,0,0,0,60,0,0,0
510,956,6,360,100,0,0,0,0,0,0,60,0,0,0
511,904,6.04839,375,100,0,0,0,0,0,0,61,0,0,1
512,1232,6.09677,378,100,0,0,0,0,0,0,60,0,0,2
513,1372,6.10714,342,100,0,0,0,0,0,0,54,0,0,2
514,1084,6.10909,336,100,0,0,0,0,0,0,53,0,0,2
515,1108,6.04918,369,100,0,0,0,0,0,0,60,0,0,1
516,1032,6.05085,357,100,0,0,0,0,0,0,58,0,0,1
517,988,6.15517,357,100,0,0,0,0,0,0,55,0,0,3
518,1188,6.05,363,100,0,0,0,0,0,0,59,0,0,1
519,1288,6,342,100,0,0,0,0,0,0,57,0,0,0
520,1264,6,354,100,0,0,0,0,0,0,59,0,0,0
521,1224,6.05263,345,100,0,0,0,0,0,0,56,0,0,1
522,1072,6,330,100,0,0,0,0,0,0,55,0,0,0
523,1028,6,360,100,0,0,0,0,0,0,60,0,0,0
524,1068,6,390,100,0,0,0,0,0,0,65,0,0,0
525,828,6,330,100,0,0,0,0,0,0,55,0,0,0
526,864,6,312,100,0,0,0,0,0,0,52,0,0,0
527,860,6.03636,332,100,0,0,0,0,0,0,54,0,1,0
528,924,6.09615,317,100,0,0,0,0,0,0,50,0,1,1
529,864,6.03774,320,100,0,0,0,0,0,0,52,0,1,0
530,900,6.05263,345,100,0,0,0,0,0,0,56,0,0,1
531,860,6.05085,357,100,0,0,0,0,0,0,58,0,0,1
532,1020,6.10345,354,100,0,0,0,0,0,0,56,0,0,2
533,1244,6.14754,375,100,0,0,0,0,0,0,58,0,0,3
534,1152,6.09677,378,100,0,0,0,0,0,0,60,0,0,2
535,1220,6.13846,399,100,0,0,0,0,0,0,62,0,0,3
536,1112,6.19355,384,100,0,0,0,0,0,0,58,0,0,4
537,1316,6.19048,390,100,0,0,0,0,0,0,59,0,0,4
538,1468,6.33871,393,100,0,0,0,0,0,0,55,0,0,7
539,1392,6.21818,342,100,0,0,0,0,0,0,51,0,0,4
540,1200,6.25424,369,100,0,0,0,0,0,0,54,0,0,5
541,1092,6.14754,375,100,0,0,0,0,0,0,58,0,0,3
542,1000,6.15517,357,100,0,0,0,0,0,0,55,0,0,3
543,1028,6,372,100,0,0,0,0,0,0,62,0,0,0
544,1224,6.09677,378,100,0,0,0,0,0,0,60,0,0,2
545,964,6.05263,345,100,0,0,0,0,0,0,56,0,0,1
546,1020,6,378,100,0,0,0,0,0,0,63,0,0,0
547,1072,6,372,100,0,0,0,0,0,0,62,0,0,0
548,1256,6.04688,387,100,0,0,0,0,0,0,63,0,0,1
549,1252,6.03279,368,100,0,0,0,0,0,0,60,0,1,0
550,1352,6,366,100,0,0,0,0,0,0,61,0,0,0
551,1140,6,372,100,0,0,0,0,0,0,62,0,0,0
552,1296,6.09091,402,100,0,0,0,0,0,0,64,0,0,2
553,1004,6.10169,360,100,0,0,0,0,0,0,57,0,0,2
554,1016,6.15,369,100,0,0,0,0,0,0,57,0,0,3
555,880,6.1,366,100,0,0,0,0,0,0,58,0,0,2
556,936,6.09524,384,100,0,0,0,0,0,0,61,0,0,2
557,1032,6.09677,378,100,0,0,0,0,0,0,60,0,0,2
558,1196,6.29032,390,100,0,0,0,0,0,0,56,0,0,6
559,1100,6.25,375,100,0,0,0,0,0,0,55,0,0,5
560,1140,6.21053,354,100,0,0,0,0,0,0,53,0,0,4
561,1100,6.15789,351,100,0,0,0,0,0,0,54,0,0,3
562,1084,6.13846,399,100,0,0,0,0,0,0,62,0,0,3
563,1144,6.24194,387,100,0,0,0,0,0,0,57,0,0,5
564,1224,6.28125,402,100,0,0,0,0,0,0,58,0,0,6
565,1264,6.2459,381,100,0,0,0,0,0,0,56,0,0,5
566,1076,6.25,375,100,0,0,0,0,0,0,55,0,0,5
567,1356,6.36364,420,100,0,0,0,0,0,0,58,0,0,8
568,1116,6.26316,357,100,0,0,0,0,0,0,52,0,0,5
569,856,6.15517,357,100,0,0,0,0,0,0,55,0,0,3
570,1028,6.14286,387,100,0,0,0,0,0,0,60,0,0,3
571,1076,6.14754,375,100,0,0,0,0,0,0,58,0,0,3
572,1400,6.09524,384,100,0,0,0,0,0,0,61,0,0,2
573,968,6.1,366,100,0,0,0,0,0,0,58,0,0,2
574,1252,6.08696,420,100,0,0,0,0,0,0,67,0,0,2
575,912,6.09677,378,100,0,0,0,0,0,0,60,0,0,2
576,1064,6.25,375,100,0,0,0,0,0,0,55,0,0,5
577,1276,6.28571,396,100,0,0,0,0,0,0,57,0,0,6
578,1372,6.33333,399,100,0,0,0,0,0,0,56,0,0,7
579,1408,6.10526,348,100,0,0,0,0,0,0,55,0,0,2
580,1540,6.19672,378,100,0,0,0,0,0,0,57,0,0,4
581,1540,6.05085,357,100,0,0,0,0,0,0,58,0,0,1
582,1624,6,342,100,0,0,0,0,0,0,57,0,0,0
583,1052,6.04918,369,100,0,0,0,0,0,0,60,0,0,1
584,1336,6.09091,402,100,0,0,0,0,0,0,64,0,0,2
585,1540,6.15,369,100,0,0,0,0,0,0,57,0,0,3
586,1504,6.15,369,100,0,0,0,0,0,0,57,0,0,3
587,1672,6.04918,369,100,0,0,0,0,0,0,60,0,0,1
588,1744,6.04839,375,100,0,0,0,0,0,0,61,0,0,1
589,1776,6.09836,372,100,0,0,0,0,0,0,59,0,0,2
590,2248,6.09836,372,100,0,0,0,0,0,0,59,0,0,2
591,1936,6.09836,372,100,0,0,0,0,0,0,59,0,0,2
592,2216,6.09091,402,100,0,0,0,0,0,0,64,0,0,2
593,2032,6.1,366,100,0,0,0,0,0,0,58,0,0,2
594,1440,6.05,363,100,0,0,0,0,0,0,59,0,0,1
595,1496,6,384,100,0,0,0,0,0,0,64,0,0,0
596,1292,6.05556,327,100,0,0,0,0,0,0,53,0,0,1
597,1508,6,372,100,0,0,0,0,0,0,62,0,0,0
598,1676,6.05263,345,100,0,0,0,0,0,0,56,0,0,1
599,1984,6,390,100,0,0,0,0,0,0,65,0,0,0
600,1436,6,330,100,0,0,0,0,0,0,55,0,0,0
601,1200,6,360,100,0,0,0,0,0,0,60,0,0,0
602,1164,6,354,100,0,0,0,0,0,0,59,0,0,0
603,1356,6.05,363,100,0,0,0,0,0,0,59,0,0,1
604,1428,6,390,100,0,0,0,0,0,0,65,0,0,0
605,1516,6,378,100,0,0,0,0,0,0,63,0,0,0
606,1456,6,348,100,0,0,0,0,0,0,58,0,0,0
607,1532,6,360,100,0,0,0,0,0,0,60,0,0,0
608,1792,6.04688,387,100,0,0,0,0,0,0,63,0,0,1
609,1920,6,372,100,0,0,0,0,0,0,62,0,0,0
610,1248,6.05556,327,100,0,0,0,0,0,0,53,0,0,1
611,1192,6.05085,357,100,0,0,0,0,0,0,58,0,0,1
612,1196,6.05357,339,100,0,0,0,0,0,0,55,0,0,1
613,1188,6.05357,339,100,0,0,0,0,0,0,55,0,0,1
614,1332,6.05172,351,100,0,0,0,0,0,0,57,0,0,1
615,1416,6.09524,384,100,0,0,0,0,0,0,61,0,0,2
616,1636,6.04839,375,100,0,0,0,0,0,0,61,0,0,1
617,1752,6.10526,348,100,0,0,0,0,0,0,55,0,0,2
618,1800,6.15254,363,100,0,0,0,0,0,0,56,0,0,3
619,2284,6.2,372,100,0,0,0,0,0,0,56,0,0,4
620,1360,6.31034,366,100,0,0,0,0,0,0,52,0,0,6
621,1388,6.10714,342,100,0,0,0,0,0,0,54,0,0,2
622,1212,6.05357,339,100,0,0,0,0,0,0,55,0,0,1
623,1300,6.11111,330,100,0,0,0,0,0,0,52,0,0,2
624,1620,6.10169,360,100,0,0,0,0,0,0,57,0,0,2
625,1480,6.29032,390,100,0,0,0,0,0,0,56,0,0,6
626,1680,6.3,378,100,0,0,0,0,0,0,54,0,0,6
627,1536,6.2,372,100,0,0,0,0,0,0,56,0,0,4
628,1380,6.19355,384,100,0,0,0,0,0,0,58,0,0,4
629,1668,6.23438,399,100,0,0,0,0,0,0,59,0,0,5
630,1548,6.19355,384,100,0,0,0,0,0,0,58,0,0,4
631,1888,6.25,375,100,0,0,0,0,0,0,55,0,0,5
632,2316,6.14286,387,100,0,0,0,0,0,0,60,0,0,3
633,2588,6.25,375,100,0,0,0,0,0,0,55,0,0,5
634,2536,6.10526,348,100,0,0,0,0,0,0,55,0,0,2
635,3300,6.25862,363,100,0,0,0,0,0,0,53,0,0,5
636,2392,6.25424,369,100,0,0,0,0,0,0,54,0,0,5
637,1912,6.16667,333,100,0,0,0,0,0,0,51,0,0,3
638,2084,6.15254,363,100,0,0,0,0,0,0,56,0,0,3
639,1732,6.30508,372,100,0,0,0,0,0,0,53,0,0,6
640,1744,6.21053,354,100,0,0,0,0,0,0,53,0,0,4
641,2132,6.04688,387,100,0,0,0,0,0,0,63,0,0,1
642,1324,6.05357,339,100,0,0,0,0,0,0,55,0,0,1
643,1296,6.04918,369,100,0,0,0,0,0,0,60,0,0,1
644,1348,6.14286,387,100,0,0,0,0,0,0,60,0,0,3
645,1336,6.1875,396,100,0,0,0,0,0,0,60,0,0,4
646,1384,6.14286,387,100,0,0,0,0,0,0,60,0,0,3
647,1396,6,372,100,0,0,0,0,0,0,62,0,0,0
648,1580,6.04839,375,100,0,0,0,0,0,0,61,0,0,1
649,1376,6.10169,360,100,0,0,0,0,0,0,57,0,0,2
650,1144,6.16364,339,100,0,0,0,0,0,0,52,0,0,3
651,1312,6.10169,360,100,0,0,0,0,0,0,57,0,0,2
652,1240,6.10526,348,100,0,0,0,0,0,0,55,0,0,2
653,1528,6.2,372,100,0,0,0,0,0,0,56,0,0,4
654,1292,6.16364,339,100,0,0,0,0,0,0,52,0,0,3
655,1424,6.16364,339,100,0,0,0,0,0,0,52,0,0,3
656,1532,6.09375,390,100,0,0,0,0,0,0,62,0,0,2
657,1460,6.19048,390,100,0,0,0,0,0,0,59,0,0,4
658,1528,6.14516,381,100,0,0,0,0,0,0,59,0,0,3
659,1340,6.05172,351,100,0,0,0,0,0,0,57,0,0,1
660,1340,6.08197,371,100,0,0,0,0,0,0,59,0,1,1
661,1324,6.13333,368,100,0,0,0,0,0,0,57,0,1,2
662,1064,6.10714,342,100,0,0,0,0,0,0,54,0,0,2
663,1280,6.10345,354,100,0,0,0,0,0,0,56,0,0,2
664,1064,6.05455,333,100,0,0,0,0,0,0,54,0,0,1
665,1252,6.14545,338,100,0,0,0,0,0,0,52,0,1,2
666,1288,6.17742,383,100,0,0,0,0,0,0,58,0,1,3
667,1320,6.21053,354,100,0,0,0,0,0,0,53,0,0,4
668,1404,6.29508,384,100,0,0,0,0,0,0,55,0,0,6
669,1076,6.16364,339,100,0,0,0,0,0,0,52,0,0,3
670,1392,6.25,375,100,0,0,0,0,0,0,55,0,0,5
671,1288,6.26786,351,100,0,0,0,0,0,0,51,0,0,5
672,1364,6.19355,384,100,0,0,0,0,0,0,58,0,0,4
673,1172,6.31579,360,100,0,0,0,0,0,0,51,0,0,6
674,1072,6.32143,354,100,0,0,0,0,0,0,50,0,0,6
675,980,6.21053,354,100,0,0,0,0,0,0,53,0,0,4
676,824,6.16981,327,100,0,0,0,0,0,0,50,0,0,3
677,1048,6.26316,357,100,0,0,0,0,0,0,52,0,0,5
678,932,6.26316,357,100,0,0,0,0,0,0,52,0,0,5
679,1036,6.30508,372,100,0,0,0,0,0,0,53,0,0,6
680,936,6.15517,357,100,0,0,0,0,0,0,55,0,0,3
681,1196,6.32727,348,100,0,0,0,0,0,0,49,0,0,6
682,1204,6.2069,360,100,0,0,0,0,0,0,54,0,0,4
683,1264,6.19355,384,100,0,0,0,0,0,0,58,0,0,4
684,1000,6.14516,381,100,0,0,0,0,0,0,59,0,0,3
685,1032,6.2381,393,100,0,0,0,0,0,0,58,0,0,5
686,1112,6.21429,348,100,0,0,0,0,0,0,52,0,0,4
687,1152,6.09677,378,100,0,0,0,0,0,0,60,0,0,2
688,1156,6.10169,360,100,0,0,0,0,0,0,57,0,0,2
689,1156,6,366,100,0,0,0,0,0,0,61,0,0,0
690,1360,6.15517,357,100,0,0,0,0,0,0,55,0,0,3
691,1076,6.10526,348,100,0,0,0,0,0,0,55,0,0,2
692,1024,6.14286,387,100,0,0,0,0,0,0,60,0,0,3
693,1000,6.15,369,100,0,0,0,0,0,0,57,0,0,3
694,1204,6.38095,402,100,0,0,0,0,0,0,55,0,0,8
695,1048,6.35,381,100,0,0,0,0,0,0,53,0,0,7
696,1116,6.09231,396,100,0,0,0,0,0,0,63,0,0,2
697,1064,6.2381,393,100,0,0,0,0,0,0,58,0,0,5
698,924,6.25,375,100,0,0,0,0,0,0,55,0,0,5
699,1096,6.27273,345,100,0,0,0,0,0,0,50,0,0,5
700,1196,6.34426,387,100,0,0,0,0,0,0,54,0,0,7
701,1048,6.2459,381,100,0,0,0,0,0,0,56,0,0,5
702,968,6.09231,396,100,0,0,0,0,0,0,63,0,0,2
703,1016,6.04688,387,100,0,0,0,0,0,0,63,0,0,1
704,1008,6.14286,387,100,0,0,0,0,0,0,60,0,0,3
705,1104,6.04839,375,100,0,0,0,0,0,0,61,0,0,1
706,1060,6.15254,363,100,0,0,0,0,0,0,56,0,0,3
707,1088,6.14516,381,100,0,0,0,0,0,0,59,0,0,3
708,1068,6.2381,393,100,0,0,0,0,0,0,58,0,0,5
709,1160,6.23438,399,100,0,0,0,0,0,0,59,0,0,5
710,1152,6,390,100,0,0,0,0,0,0,65,0,0,0
711,1112,6.13846,399,100,0,0,0,0,0,0,62,0,0,3
712,1060,6.25424,369,100,0,0,0,0,0,0,54,0,0,5
713,1028,6.10169,360,100,0,0,0,0,0,0,57,0,0,2
714,1112,6.09677,378,100,0,0,0,0,0,0,60,0,0,2
715,1144,6.14062,393,100,0,0,0,0,0,0,61,0,0,3
716,1388,6.17647,420,100,0,0,0,0,0,0,64,0,0,4
717,1216,6.15,369,100,0,0,0,0,0,0,57,0,0,3
718,1452,6.13846,399,100,0,0,0,0,0,0,62,0,0,3
719,1412,6.13636,405,100,0,0,0,0,0,0,63,0,0,3
720,1088,6.09836,372,100,0,0,0,0,0,0,59,0,0,2
721,1096,6.14062,393,100,0,0,0,0,0,0,61,0,0,3
722,1044,6.15254,363,100,0,0,0,0,0,0,56,0,0,3
723,964,6.09836,372,100,0,0,0,0,0,0,59,0,0,2
724,1092,6.09231,396,100,0,0,0,0,0,0,63,0,0,2
725,832,6.09836,372,100,0,0,0,0,0,0,59,0,0,2
726,1072,6.2,372,100,0,0,0,0,0,0,56,0,0,4
727,1144,6.14286,387,100,0,0,0,0,0,0,60,0,0,3
728,1004,6.20339,366,100,0,0,0,0,0,0,55,0,0,4
729,944,6.2,372,100,0,0,0,0,0,0,56,0,0,4
730,876,6.15,369,100,0,0,0,0,0,0,57,0,0,3
731,956,6.14754,375,100,0,0,0,0,0,0,58,0,0,3
732,968,6.15789,351,100,0,0,0,0,0,0,54,0,0,3
733,1024,6.05172,351,100,0,0,0,0,0,0,57,0,0,1
734,900,6.05455,333,100,0,0,0,0,0,0,54,0,0,1
735,1012,6.10526,348,100,0,0,0,0,0,0,55,0,0,2
736,996,6.05,363,100,0,0,0,0,0,0,59,0,0,1
737,1196,6.04545,399,100,0,0,0,0,0,0,65,0,0,1
738,1128,6.04839,375,100,0,0,0,0,0,0,61,0,0,1
739,1080,6,354,100,0,0,0,0,0,0,59,0,0,0
740,1000,6,372,100,0,0,0,0,0,0,62,0,0,0
741,1048,6.04762,381,100,0,0,0,0,0,0,62,0,0,1
742,1172,6,348,100,0,0,0,0,0,0,58,0,0,0
743,1080,6.05556,327,100,0,0,0,0,0,0,53,0,0,1
744,1364,6.19672,378,100,0,0,0,0,0,0,57,0,0,4
745,1124,6.09836,372,100,0,0,0,0,0,0,59,0,0,2
746,1012,6.13433,411,100,0,0,0,0,0,0,64,0,0,3
747,1264,6.2381,393,100,0,0,0,0,0,0,58,0,0,5
748,1196,6.23077,405,100,0,0,0,0,0,0,60,0,0,5
749,940,6.25,375,100,0,0,0,0,0,0,55,0,0,5
750,968,6.13433,411,100,0,0,0,0,0,0,64,0,0,3
751,1084,6.13433,411,100,0,0,0,0,0,0,64,0,0,3
752,864,6.04918,369,100,0,0,0,0,0,0,60,0,0,1
753,1168,6.19672,378,100,0,0,0,0,0,0,57,0,0,4
754,1200,6.1,366,100,0,0,0,0,0,0,58,0,0,2
755,996,6.09677,378,100,0,0,0,0,0,0,60,0,0,2
756,1088,6.14754,375,100,0,0,0,0,0,0,58,0,0,3
757,960,6.25424,369,100,0,0,0,0,0,0,54,0,0,5
758,900,6.15789,351,100,0,0,0,0,0,0,54,0,0,3
759,960,6.09231,396,100,0,0,0,0,0,0,63,0,0,2
760,1200,6.1791,414,100,0,0,0,0,0,0,63,0,0,4
761,1216,6.19355,384,100,0,0,0,0,0,0,58,0,0,4
762,960,6.21053,354,100,0,0,0,0,0,0,53,0,0,4
763,1056,6.09677,378,100,0,0,0,0,0,0,60,0,0,2
764,1240,6.28125,402,100,0,0,0,0,0,0,58,0,0,6
765,1008,6.21429,348,100,0,0,0,0,0,0,52,0,0,4
766,1048,6.08621,353,100,0,0,0,0,0,0,56,0,1,1
767,1064,6.1,366,100,0,0,0,0,0,0,58,0,0,2
768,1072,6.10169,360,100,0,0,0,0,0,0,57,0,0,2
769,1280,6.21053,354,100,0,0,0,0,0,0,53,0,0,4
770,1112,6.08197,371,100,0,0,0,0,0,0,59,0,1,1
771,1104,6.13115,374,100,0,0,0,0,0,0,58,0,1,2
772,1148,6.09836,372,100,0,0,0,0,0,0,59,0,0,2
773,1196,6.05263,345,100,0,0,0,0,0,0,56,0,0,1
774,1268,6.11111,330,100,0,0,0,0,0,0,52,0,0,2
775,1272,6.04918,369,100,0,0,0,0,0,0,60,0,0,1
776,1564,6.18644,365,100,0,0,0,0,0,0,55,0,1,3
777,1468,6.15873,388,100,0,0,0,0,0,0,59,0,2,2
778,1292,6.07937,383,100,0,0,0,0,0,0,61,0,1,1
779,1464,6.04412,411,100,0,0,0,0,0,0,67,0,0,1
780,1332,6.04839,375,100,0,0,0,0,0,0,61,0,0,1
781,1368,6.05085,357,100,0,0,0,0,0,0,58,0,0,1
782,1480,6.09836,372,100,0,0,0,0,0,0,59,0,0,2
783,968,6,354,100,0,0,0,0,0,0,59,0,0,0
784,1216,6.10169,360,100,0,0,0,0,0,0,57,0,0,2
785,1136,6,384,100,0,0,0,0,0,0,64,0,0,0
786,1032,6,372,100,0,0,0,0,0,0,62,0,0,0
787,988,6.09524,384,100,0,0,0,0,0,0,61,0,0,2
788,1012,6.10169,360,100,0,0,0,0,0,0,57,0,0,2
789,1080,6.14754,375,100,0,0,0,0,0,0,58,0,0,3
790,1136,6.15254,363,100,0,0,0,0,0,0,56,0,0,3
791,1092,6.21429,348,100,0,0,0,0,0,0,52,0,0,4
792,1088,6.1,366,100,0,0,0,0,0,0,58,0,0,2
793,1296,6.26786,351,100,0,0,0,0,0,0,51,0,0,5
794,1276,6.28333,377,100,0,0,0,0,0,0,54,0,1,5
795,1092,6.2,341,100,0,0,0,0,0,0,51,0,1,3
796,1212,6.15254,363,100,0,0,0,0,0,0,56,0,0,3
797,1124,6.26786,351,100,0,0,0,0,0,0,51,0,0,5
798,1160,6.16071,345,100,0,0,0,0,0,0,53,0,0,3
799,1116,6.1,366,100,0,0,0,0,0,0,58,0,0,2
800,1452,6.25862,363,100,0,0,0,0,0,0,53,0,0,5
801,1640,6.19355,384,100,0,0,0,0,0,0,58,0,0,4
802,1316,6.04839,375,100,0,0,0,0,0,0,61,0,0,1
803,1272,6.1,366,100,0,0,0,0,0,0,58,0,0,2
804,1204,6.04688,387,100,0,0,0,0,0,0,63,0,0,1
805,1312,6.08955,408,100,0,0,0,0,0,0,65,0,0,2
806,1324,6.2069,360,100,0,0,0,0,0,0,54,0,0,4
807,1220,6.31034,366,100,0,0,0,0,0,0,52,0,0,6
808,1080,6.26316,357,100,0,0,0,0,0,0,52,0,0,5
809,1248,6.10909,336,100,0,0,0,0,0,0,53,0,0,2
810,1252,6.05455,333,100,0,0,0,0,0,0,54,0,0,1
811,1488,6.1,366,100,0,0,0,0,0,0,58,0,0,2
812,1292,6.26316,357,100,0,0,0,0,0,0,52,0,0,5
813,1328,6.2,341,100,0,0,0,0,0,0,51,0,1,3
814,1636,6.14754,375,100,0,0,0,0,0,0,58,0,0,3
815,1448,6.1875,396,100,0,0,0,0,0,0,60,0,0,4
816,1312,6.21429,348,100,0,0,0,0,0,0,52,0,0,4
817,1340,6.15789,351,100,0,0,0,0,0,0,54,0,0,3
818,1276,6.16667,333,100,0,0,0,0,0,0,51,0,0,3
819,1288,6.21053,354,100,0,0,0,0,0,0,53,0,0,4
820,1156,6.2381,393,100,0,0,0,0,0,0,58,0,0,5
821,1172,6.19672,378,100,0,0,0,0,0,0,57,0,0,4
822,1176,6.15,369,100,0,0,0,0,0,0,57,0,0,3
823,1172,6.15,369,100,0,0,0,0,0,0,57,0,0,3
824,1084,6.09677,378,100,0,0,0,0,0,0,60,0,0,2
825,1176,6.15789,351,100,0,0,0,0,0,0,54,0,0,3
826,1164,6,354,100,0,0,0,0,0,0,59,0,0,0
827,1440,6.04839,375,100,0,0,0,0,0,0,61,0,0,1
828,1384,6,348,100,0,0,0,0,0,0,58,0,0,0
829,1012,6,348,100,0,0,0,0,0,0,58,0,0,0
830,1064,6.04545,399,100,0,0,0,0,0,0,65,0,0,1
831,1032,6.09524,384,100,0,0,0,0,0,0,61,0,0,2
832,1072,6.2,372,100,0,0,0,0,0,0,56,0,0,4
833,1040,6.13846,399,100,0,0,0,0,0,0,62,0,0,3
834,1240,6.15254,363,100,0,0,0,0,0,0,56,0,0,3
835,1144,6.18033,377,100,0,0,0,0,0,0,57,0,1,3
836,1148,6.14754,375,100,0,0,0,0,0,0,58,0,0,3
837,1252,6.2069,360,100,0,0,0,0,0,0,54,0,0,4
838,1060,6.16071,345,100,0,0,0,0,0,0,53,0,0,3
839,1136,6.14754,375,100,0,0,0,0,0,0,58,0,0,3
840,1052,6.2381,393,100,0,0,0,0,0,0,58,0,0,5
841,1124,6.3871,396,100,0,0,0,0,0,0,54,0,0,8
842,988,6.25,375,100,0,0,0,0,0,0,55,0,0,5
843,1068,6.29508,384,100,0,0,0,0,0,0,55,0,0,6
844,1156,6.33871,393,100,0,0,0,0,0,0,55,0,0,7
845,1048,6.38182,351,100,0,0,0,0,0,0,48,0,0,7
846,1192,6.4,384,100,0,0,0,0,0,0,52,0,0,8
847,1196,6.36842,363,100,0,0,0,0,0,0,50,0,0,7
848,1196,6.31034,366,100,0,0,0,0,0,0,52,0,0,6
849,1296,6.19048,390,100,0,0,0,0,0,0,59,0,0,4
850,1424,6.23438,399,100,0,0,0,0,0,0,59,0,0,5
851,1324,6.25424,369,100,0,0,0,0,0,0,54,0,0,5
852,1468,6.19048,390,100,0,0,0,0,0,0,59,0,0,4
853,1380,6.20339,366,100,0,0,0,0,0,0,55,0,0,4
854,1392,6.15517,357,100,0,0,0,0,0,0,55,0,0,3
855,1036,6.14754,375,100,0,0,0,0,0,0,58,0,0,3
856,988,6.10345,354,100,0,0,0,0,0,0,56,0,0,2
857,944,6.15789,351,100,0,0,0,0,0,0,54,0,0,3
858,1112,6.09524,384,100,0,0,0,0,0,0,61,0,0,2
859,1024,6.15,369,100,0,0,0,0,0,0,57,0,0,3
860,932,6.04762,381,100,0,0,0,0,0,0,62,0,0,1
861,1100,6.09524,384,100,0,0,0,0,0,0,61,0,0,2
862,1224,6.14516,381,100,0,0,0,0,0,0,59,0,0,3
863,1076,6.05357,339,100,0,0,0,0,0,0,55,0,0,1
864,1052,6.09677,378,100,0,0,0,0,0,0,60,0,0,2
865,1068,6.09836,372,100,0,0,0,0,0,0,59,0,0,2
866,1124,6.05,363,100,0,0,0,0,0,0,59,0,0,1
867,1036,6.05172,351,100,0,0,0,0,0,0,57,0,0,1
868,1156,6.04839,375,100,0,0,0,0,0,0,61,0,0,1
869,1132,6.09836,372,100,0,0,0,0,0,0,59,0,0,2
870,1148,6.2069,360,100,0,0,0,0,0,0,54,0,0,4
871,1060,6.21053,354,100,0,0,0,0,0,0,53,0,0,4
872,1312,6.2,372,100,0,0,0,0,0,0,56,0,0,4
873,1348,6.21053,354,100,0,0,0,0,0,0,53,0,0,4
874,1180,6.05172,351,100,0,0,0,0,0,0,57,0,0,1
875,1104,6.21429,348,100,0,0,0,0,0,0,52,0,0,4
876,1140,6.14516,381,100,0,0,0,0,0,0,59,0,0,3
877,1104,6.09836,372,100,0,0,0,0,0,0,59,0,0,2
878,1152,6.29508,384,100,0,0,0,0,0,0,55,0,0,6
879,1112,6.33871,393,100,0,0,0,0,0,0,55,0,0,7
880,964,6.10345,354,100,0,0,0,0,0,0,56,0,0,2
881,976,6.1,366,100,0,0,0,0,0,0,58,0,0,2
882,916,6.09375,390,100,0,0,0,0,0,0,62,0,0,2
883,1144,6.08824,414,100,0,0,0,0,0,0,66,0,0,2
884,928,6.04545,399,100,0,0,0,0,0,0,65,0,0,1
885,1104,6.09524,384,100,0,0,0,0,0,0,61,0,0,2
886,1024,6.09677,378,100,0,0,0,0,0,0,60,0,0,2
887,1036,6,384,100,0,0,0,0,0,0,64,0,0,0
888,1008,6.10345,354,100,0,0,0,0,0,0,56,0,0,2
889,896,6,372,100,0,0,0,0,0,0,62,0,0,0
890,1100,6.09836,372,100,0,0,0,0,0,0,59,0,0,2
891,968,6.1,366,100,0,0,0,0,0,0,58,0,0,2
892,916,6.1,366,100,0,0,0,0,0,0,58,0,0,2
893,1028,6.05,363,100,0,0,0,0,0,0,59,0,0,1
894,1144,6.09836,372,100,0,0,0,0,0,0,59,0,0,2
895,1136,6.09677,378,100,0,0,0,0,0,0,60,0,0,2
896,1048,6.09375,390,100,0,0,0,0,0,0,62,0,0,2
897,840,6.15789,351,100,0,0,0,0,0,0,54,0,0,3
898,1244,6.09836,372,100,0,0,0,0,0,0,59,0,0,2
899,1064,6.1,366,100,0,0,0,0,0,0,58,0,0,2
900,1064,6.10169,360,100,0,0,0,0,0,0,57,0,0,2
901,1220,6.05172,351,100,0,0,0,0,0,0,57,0,0,1
902,1308,6.05172,351,100,0,0,0,0,0,0,57,0,0,1
903,1296,6.09836,372,100,0,0,0,0,0,0,59,0,0,2
904,1420,6.1,366,100,0,0,0,0,0,0,58,0,0,2
905,1244,6.125,392,100,0,0,0,0,0,0,61,0,1,2
906,1268,6.14062,393,100,0,0,0,0,0,0,61,0,0,3
907,1268,6.15254,363,100,0,0,0,0,0,0,56,0,0,3
908,1440,6.2931,365,100,0,0,0,0,0,0,52,0,1,5
909,1492,6.20339,366,100,0,0,0,0,0,0,55,0,0,4
910,1332,6.16071,345,100,0,0,0,0,0,0,53,0,0,3
911,1308,6.25862,363,100,0,0,0,0,0,0,53,0,0,5
912,1188,6.29508,384,100,0,0,0,0,0,0,55,0,0,6
913,1292,6.23077,405,100,0,0,0,0,0,0,60,0,0,5
914,1092,6.20339,366,100,0,0,0,0,0,0,55,0,0,4
915,928,6.0566,321,100,0,0,0,0,0,0,52,0,0,1
916,1160,6.04839,375,100,0,0,0,0,0,0,61,0,0,1
917,1084,6,372,100,0,0,0,0,0,0,62,0,0,0
918,1236,6,384,100,0,0,0,0,0,0,64,0,0,0
919,1156,6,402,100,0,0,0,0,0,0,67,0,0,0
920,1112,6,396,100,0,0,0,0,0,0,66,0,0,0
921,896,6.04762,381,100,0,0,0,0,0,0,62,0,0,1
922,884,6.04688,387,100,0,0,0,0,0,0,63,0,0,1
923,924,6.05,363,100,0,0,0,0,0,0,59,0,0,1
924,1024,6.09677,378,100,0,0,0,0,0,0,60,0,0,2
925,936,6,354,100,0,0,0,0,0,0,59,0,0,0
926,1224,6.04762,381,100,0,0,0,0,0,0,62,0,0,1
927,1200,6.05455,333,100,0,0,0,0,0,0,54,0,0,1
928,1208,6,378,100,0,0,0,0,0,0,63,0,0,0
929,1160,6.05,363,100,0,0,0,0,0,0,59,0,0,1
930,1120,6.05085,357,100,0,0,0,0,0,0,58,0,0,1
931,1128,6,354,100,0,0,0,0,0,0,59,0,0,0
932,1132,6,372,100,0,0,0,0,0,0,62,0,0,0
933,1032,6,396,100,0,0,0,0,0,0,66,0,0,0
934,972,6.09836,372,100,0,0,0,0,0,0,59,0,0,2
935,1052,6,384,100,0,0,0,0,0,0,64,0,0,0
936,892,6,348,100,0,0,0,0,0,0,58,0,0,0
937,960,6,378,100,0,0,0,0,0,0,63,0,0,0
938,808,6,366,100,0,0,0,0,0,0,61,0,0,0
939,952,6,372,100,0,0,0,0,0,0,62,0,0,0
940,948,6,360,100,0,0,0,0,0,0,60,0,0,0
941,988,6,378,100,0,0,0,0,0,0,63,0,0,0
942,908,6,360,100,0,0,0,0,0,0,60,0,0,0
943,884,6,396,100,0,0,0,0,0,0,66,0,0,0
944,900,6.04478,405,100,0,0,0,0,0,0,66,0,0,1
945,964,6.04688,387,100,0,0,0,0,0,0,63,0,0,1
946,1152,6.13433,411,100,0,0,0,0,0,0,64,0,0,3
947,800,6.04918,369,100,0,0,0,0,0,0,60,0,0,1
948,872,6.0303,398,100,0,0,0,0,0,0,65,0,1,0
949,1048,6.12698,386,100,0,0,0,0,0,0,60,0,1,2
950,992,6.12698,386,100,0,0,0,0,0,0,60,0,1,2
951,968,6,360,100,0,0,0,0,0,0,60,0,0,0
952,968,6,390,100,0,0,0,0,0,0,65,0,0,0
953,1028,6.04762,381,100,0,0,0,0,0,0,62,0,0,1
954,1140,6.04615,393,100,0,0,0,0,0,0,64,0,0,1
955,1064,6,360,100,0,0,0,0,0,0,60,0,0,0
956,1068,6.09375,390,100,0,0,0,0,0,0,62,0,0,2
957,1112,6.14062,393,100,0,0,0,0,0,0,61,0,0,3
958,1072,6.09836,372,100,0,0,0,0,0,0,59,0,0,2
959,1104,6.1,366,100,0,0,0,0,0,0,58,0,0,2
960,840,6.18333,371,100,0,0,0,0,0,0,56,0,1,3
961,1012,6.18644,365,100,0,0,0,0,0,0,55,0,1,3
962,1048,6.13333,368,100,0,0,0,0,0,0,57,0,1,2
963,1156,6.1746,389,100,0,0,0,0,0,0,59,0,1,3
964,1268,6.14286,387,100,0,0,0,0,0,0,60,0,0,3
965,1140,6.15517,357,100,0,0,0,0,0,0,55,0,0,3
966,936,6.05357,339,100,0,0,0,0,0,0,55,0,0,1
967,1104,6.15,369,100,0,0,0,0,0,0,57,0,0,3
968,1304,6.21429,348,100,0,0,0,0,0,0,52,0,0,4
969,1236,6.25862,363,100,0,0,0,0,0,0,53,0,0,5
970,1232,6.10714,342,100,0,0,0,0,0,0,54,0,0,2
971,1492,6.29508,384,100,0,0,0,0,0,0,55,0,0,6
972,1136,6.21053,354,100,0,0,0,0,0,0,53,0,0,4
973,1064,6.18644,365,100,0,0,0,0,0,0,55,0,1,3
974,1296,6.18033,377,100,0,0,0,0,0,0,57,0,1,3
975,1124,6.22222,336,100,0,0,0,0,0,0,50,0,0,4
976,1088,6.10169,360,100,0,0,0,0,0,0,57,0,0,2
977,1384,6.15789,351,100,0,0,0,0,0,0,54,0,0,3
978,1156,6,318,100,0,0,0,0,0,0,53,0,0,0
979,1280,6.1,366,100,0,0,0,0,0,0,58,0,0,2
980,1220,6,354,100,0,0,0,0,0,0,59,0,0,0
981,1456,6.09677,378,100,0,0,0,0,0,0,60,0,0,2
982,1380,6.09524,384,100,0,0,0,0,0,0,61,0,0,2
983,996,6.05455,333,100,0,0,0,0,0,0,54,0,0,1
984,980,6.05556,327,100,0,0,0,0,0,0,53,0,0,1
985,1440,6.34426,387,100,0,0,0,0,0,0,54,0,0,7
986,1084,6.11111,330,100,0,0,0,0,0,0,52,0,0,2
987,972,6.05556,327,100,0,0,0,0,0,0,53,0,0,1
988,1000,6.10169,360,100,0,0,0,0,0,0,57,0,0,2
989,924,6,330,100,0,0,0,0,0,0,55,0,0,0
990,1040,6.04918,369,100,0,0,0,0,0,0,60,0,0,1
991,1024,6.09091,402,100,0,0,0,0,0,0,64,0,0,2
992,1084,6.10345,354,100,0,0,0,0,0,0,56,0,0,2
993,1112,6,366,100,0,0,0,0,0,0,61,0,0,0
994,952,6.05085,357,100,0,0,0,0,0,0,58,0,0,1
995,1092,6.15254,363,100,0,0,0,0,0,0,56,0,0,3
996,1256,6.14754,375,100,0,0,0,0,0,0,58,0,0,3
997,1092,6.15254,363,100,0,0,0,0,0,0,56,0,0,3
998,1080,6.17308,321,100,0,0,0,0,0,0,49,0,0,3
999,1016,6.05455,333,100,0,0,0,0,0,0,54,0,0,1
