update,points,mean_tasks,total_tasks,total_orgs,task_0,task_1,task_2,task_3,task_4,task_5,task_6,task_7,task_8,task_9
0,0,nan,0,10,0,0,0,0,0,0,0,0,0,0
1,16,6,6,10,0,0,0,0,0,0,1,0,0,0
2,64,6,24,10,0,0,0,0,0,0,4,0,0,0
3,92,6,36,11,0,0,0,0,0,0,6,0,0,0
4,92,6,36,11,0,0,0,0,0,0,6,0,0,0
5,104,6,42,12,0,0,0,0,0,0,7,0,0,0
6,116,6,48,13,0,0,0,0,0,0,8,0,0,0
7,128,6,54,14,0,0,0,0,0,0,9,0,0,0
8,156,6,66,15,0,0,0,0,0,0,11,0,0,0
9,264,6.25,75,20,0,0,0,0,0,0,11,0,0,1
10,276,6,78,21,0,0,0,0,0,0,13,0,0,0
11,216,6,96,22,0,0,0,0,0,0,16,0,0,0
12,212,6,102,25,0,0,0,0,0,0,17,0,0,0
13,324,6,132,29,0,0,0,0,0,0,22,0,0,0
14,336,6,144,32,0,0,0,0,0,0,24,0,0,0
15,296,6,138,38,0,0,0,0,0,0,23,0,0,0
16,372,6,168,39,0,0,0,0,0,0,28,0,0,0
17,376,6,162,43,0,0,0,0,0,0,27,0,0,0
18,384,6,168,46,0,0,0,0,0,0,28,0,0,0
19,452,6.11111,165,48,0,0,0,0,0,0,26,0,0,1
20,404,6,150,49,0,0,0,0,0,0,25,0,0,0
21,428,6,192,51,0,0,0,0,0,0,32,0,0,0
22,484,6,210,54,0,0,0,0,0,0,35,0,0,0
23,428,6,192,55,0,0,0,0,0,0,32,0,0,0
24,472,6,222,58,0,0,0,0,0,0,37,0,0,0
25,552,6,246,60,0,0,0,0,0,0,41,0,0,0
26,488,6,222,63,0,0,0,0,0,0,37,0,0,0
27,584,6,258,66,0,0,0,0,0,0,43,0,0,0
28,876,6.12766,288,69,0,0,0,0,0,0,45,0,0,2
29,1016,6.06122,297,73,0,0,0,0,0,0,48,0,0,1
30,904,6.06,303,80,0,0,0,0,0,0,49,0,0,1
31,852,6.11765,312,83,0,0,0,0,0,0,49,0,0,2
32,752,6.11765,312,85,0,0,0,0,0,0,49,0,0,2
33,916,6.15789,351,86,0,0,0,0,0,0,54,0,0,3
34,1016,6.20339,366,89,0,0,0,0,0,0,55,0,0,4
35,1148,6.16071,345,89,0,0,0,0,0,0,53,0,0,3
36,1148,6.15254,363,92,0,0,0,0,0,0,56,0,0,3
37,1072,6.27273,345,93,0,0,0,0,0,0,50,0,0,5
38,1144,6.09836,372,96,0,0,0,0,0,0,59,0,0,2
39,1152,6.04918,369,96,0,0,0,0,0,0,60,0,0,1
40,1348,6.09375,390,97,0,0,0,0,0,0,62,0,0,2
41,1052,6.11538,318,98,0,0,0,0,0,0,50,0,0,2
42,1160,6.04839,375,99,0,0,0,0,0,0,61,0,0,1
43,1116,6.05085,357,100,0,0,0,0,0,0,58,0,0,1
44,1104,6,372,100,0,0,0,0,0,0,62,0,0,0
45,924,6,366,100,0,0,0,0,0,0,61,0,0,0
46,936,6,354,100,0,0,0,0,0,0,59,0,0,0
47,1092,6,378,100,0,0,0,0,0,0,63,0,0,0
48,1012,6,354,100,0,0,0,0,0,0,59,0,0,0
49,1128,6.03226,374,100,0,0,0,0,0,0,61,0,1,0
50,1184,6.03077,392,100,0,0,0,0,0,0,64,0,1,0
51,1300,6.03175,380,100,0,0,0,0,0,0,62,0,1,0
52,1096,6.03448,350,100,0,0,0,0,0,0,57,0,1,0
53,1316,6,372,100,0,0,0,0,0,0,62,0,0,0
54,1332,6,366,100,0,0,0,0,0,0,61,0,0,0
55,1352,6,402,100,0,0,0,0,0,0,67,0,0,0
56,1256,6,402,100,0,0,0,0,0,0,67,0,0,0
57,1560,6.04412,411,100,0,0,0,0,0,0,67,0,0,1
58,1672,6.04839,375,100,0,0,0,0,0,0,61,0,0,1
59,1408,6.05085,357,100,0,0,0,0,0,0,58,0,0,1
60,860,6.05085,357,100,0,0,0,0,0,0,58,0,0,1
61,1076,6,354,100,0,0,0,0,0,0,59,0,0,0
62,984,6,354,100,0,0,0,0,0,0,59,0,0,0
63,1084,6,384,100,0,0,0,0,0,0,64,0,0,0
64,1196,6.04688,387,100,0,0,0,0,0,0,63,0,0,1
65,1108,6,378,100,0,0,0,0,0,0,63,0,0,0
66,1040,6,366,100,0,0,0,0,0,0,61,0,0,0
67,884,6,360,100,0,0,0,0,0,0,60,0,0,0
68,876,6.04918,369,100,0,0,0,0,0,0,60,0,0,1
69,876,6,384,100,0,0,0,0,0,0,64,0,0,0
70,1032,6.05,363,100,0,0,0,0,0,0,59,0,0,1
71,1012,6.04478,405,100,0,0,0,0,0,0,66,0,0,1
72,972,6,402,100,0,0,0,0,0,0,67,0,0,0
73,996,6.05172,351,100,0,0,0,0,0,0,57,0,0,1
74,1008,6,384,100,0,0,0,0,0,0,64,0,0,0
75,1144,6.16923,401,100,0,0,0,0,0,0,61,0,1,3
76,1104,6.03175,380,100,0,0,0,0,0,0,62,0,1,0
77,948,6,384,100,0,0,0,0,0,0,64,0,0,0
78,864,6.04762,381,100,0,0,0,0,0,0,62,0,0,1
79,920,6,378,100,0,0,0,0,0,0,63,0,0,0
80,788,6,366,100,0,0,0,0,0,0,61,0,0,0
81,976,6,396,100,0,0,0,0,0,0,66,0,0,0
82,1004,6,372,100,0,0,0,0,0,0,62,0,0,0
83,976,6,372,100,0,0,0,0,0,0,62,0,0,0
84,1268,6.09375,390,100,0,0,0,0,0,0,62,0,0,2
85,1328,6,360,100,0,0,0,0,0,0,60,0,0,0
86,1172,6.05,363,100,0,0,0,0,0,0,59,0,0,1
87,1488,6.14062,393,100,0,0,0,0,0,0,61,0,0,3
88,1260,6.27273,345,100,0,0,0,0,0,0,50,0,0,5
89,1416,6.1,366,100,0,0,0,0,0,0,58,0,0,2
90,1188,6.05085,357,100,0,0,0,0,0,0,58,0,0,1
91,1136,6.10345,354,100,0,0,0,0,0,0,56,0,0,2
92,1360,6.1,366,100,0,0,0,0,0,0,58,0,0,2
93,1204,6.05,363,100,0,0,0,0,0,0,59,0,0,1
94,1424,6.15254,363,100,0,0,0,0,0,0,56,0,0,3
95,1228,6.05085,357,100,0,0,0,0,0,0,58,0,0,1
96,996,6.05556,327,100,0,0,0,0,0,0,53,0,0,1
97,1108,6.10169,360,100,0,0,0,0,0,0,57,0,0,2
98,1140,6.09836,372,100,0,0,0,0,0,0,59,0,0,2
99,1112,6.04762,381,100,0,0,0,0,0,0,62,0,0,1
100,1164,6.15254,363,100,0,0,0,0,0,0,56,0,0,3
101,1144,6.20339,366,100,0,0,0,0,0,0,55,0,0,4
102,944,6.09836,372,100,0,0,0,0,0,0,59,0,0,2
103,836,6.10909,336,100,0,0,0,0,0,0,53,0,0,2
104,1208,6.18644,365,100,0,0,0,0,0,0,55,0,1,3
105,1240,6.04762,381,100,0,0,0,0,0,0,62,0,0,1
106,1624,6.10169,360,100,0,0,0,0,0,0,57,0,0,2
107,1500,6,372,100,0,0,0,0,0,0,62,0,0,0
108,1280,6,348,100,0,0,0,0,0,0,58,0,0,0
109,1032,6,336,100,0,0,0,0,0,0,56,0,0,0
110,1004,6.08197,371,100,0,0,0,0,0,0,59,0,1,1
111,1188,6,378,100,0,0,0,0,0,0,63,0,0,0
112,1252,6,366,100,0,0,0,0,0,0,61,0,0,0
113,1176,6.10909,336,100,0,0,0,0,0,0,53,0,0,2
114,1212,6.16071,345,100,0,0,0,0,0,0,53,0,0,3
115,1180,6.11111,330,100,0,0,0,0,0,0,52,0,0,2
116,1088,6.10169,360,100,0,0,0,0,0,0,57,0,0,2
117,1104,6.09375,390,100,0,0,0,0,0,0,62,0,0,2
118,1136,6.13846,399,100,0,0,0,0,0,0,62,0,0,3
119,1184,6.1,366,100,0,0,0,0,0,0,58,0,0,2
120,1292,6.04918,369,100,0,0,0,0,0,0,60,0,0,1
121,1144,6.04839,375,100,0,0,0,0,0,0,61,0,0,1
122,1208,6,360,100,0,0,0,0,0,0,60,0,0,0
123,1092,6,324,100,0,0,0,0,0,0,54,0,0,0
124,928,6,294,100,0,0,0,0,0,0,49,0,0,0
125,1144,6,336,100,0,0,0,0,0,0,56,0,0,0
126,952,6,318,100,0,0,0,0,0,0,53,0,0,0
127,1224,6,372,100,0,0,0,0,0,0,62,0,0,0
128,1360,6,330,100,0,0,0,0,0,0,55,0,0,0
129,1136,6,330,100,0,0,0,0,0,0,55,0,0,0
130,1000,6,324,100,0,0,0,0,0,0,54,0,0,0
131,848,6,336,100,0,0,0,0,0,0,56,0,0,0
132,1100,6.05085,357,100,0,0,0,0,0,0,58,0,0,1
133,908,6.10345,354,100,0,0,0,0,0,0,56,0,0,2
134,880,6.10526,348,100,0,0,0,0,0,0,55,0,0,2
135,972,6.04839,375,100,0,0,0,0,0,0,61,0,0,1
136,1152,6.19048,390,100,0,0,0,0,0,0,59,0,0,4
137,1144,6.15,369,100,0,0,0,0,0,0,57,0,0,3
138,1316,6.04688,387,100,0,0,0,0,0,0,63,0,0,1
139,1468,6.13433,411,100,0,0,0,0,0,0,64,0,0,3
140,1436,6.10169,360,100,0,0,0,0,0,0,57,0,0,2
141,1588,6.09836,372,100,0,0,0,0,0,0,59,0,0,2
142,1368,6.15517,357,100,0,0,0,0,0,0,55,0,0,3
143,1428,6.10526,348,100,0,0,0,0,0,0,55,0,0,2
144,1344,6.2459,381,100,0,0,0,0,0,0,56,0,0,5
145,1528,6.14754,375,100,0,0,0,0,0,0,58,0,0,3
146,1624,6.04918,369,100,0,0,0,0,0,0,60,0,0,1
147,1324,6.04762,381,100,0,0,0,0,0,0,62,0,0,1
148,1128,6.15517,357,100,0,0,0,0,0,0,55,0,0,3
149,1236,6.19355,384,100,0,0,0,0,0,0,58,0,0,4
150,1136,6.2,372,100,0,0,0,0,0,0,56,0,0,4
151,1240,6.20339,366,100,0,0,0,0,0,0,55,0,0,4
152,1056,6.2069,360,100,0,0,0,0,0,0,54,0,0,4
153,1136,6.11321,324,100,0,0,0,0,0,0,51,0,0,2
154,1316,6.10526,348,100,0,0,0,0,0,0,55,0,0,2
155,1528,6.20339,366,100,0,0,0,0,0,0,55,0,0,4
156,1424,6.20339,366,100,0,0,0,0,0,0,55,0,0,4
157,1692,6.14516,381,100,0,0,0,0,0,0,59,0,0,3
158,1384,6.26316,357,100,0,0,0,0,0,0,52,0,0,5
159,1328,6.21818,342,100,0,0,0,0,0,0,51,0,0,4
160,1352,6.27273,345,100,0,0,0,0,0,0,50,0,0,5
161,1296,6.15254,363,100,0,0,0,0,0,0,56,0,0,3
162,1496,6.2069,360,100,0,0,0,0,0,0,54,0,0,4
163,1256,6.15517,357,100,0,0,0,0,0,0,55,0,0,3
164,1304,6.19355,384,100,0,0,0,0,0,0,58,0,0,4
165,1176,6.10169,360,100,0,0,0,0,0,0,57,0,0,2
166,1284,6.04762,381,100,0,0,0,0,0,0,62,0,0,1
167,1152,6.1,366,100,0,0,0,0,0,0,58,0,0,2
168,1052,6.04762,381,100,0,0,0,0,0,0,62,0,0,1
169,972,6.04839,375,100,0,0,0,0,0,0,61,0,0,1
170,1188,6.14516,381,100,0,0,0,0,0,0,59,0,0,3
171,1092,6.05085,357,100,0,0,0,0,0,0,58,0,0,1
172,1300,6,384,100,0,0,0,0,0,0,64,0,0,0
173,1420,6,402,100,0,0,0,0,0,0,67,0,0,0
174,1264,6,372,100,0,0,0,0,0,0,62,0,0,0
175,1276,6.05085,357,100,0,0,0,0,0,0,58,0,0,1
176,1444,6.04688,387,100,0,0,0,0,0,0,63,0,0,1
177,1236,6,366,100,0,0,0,0,0,0,61,0,0,0
178,1252,6,378,100,0,0,0,0,0,0,63,0,0,0
179,1340,6,372,100,0,0,0,0,0,0,62,0,0,0
180,1528,6,360,100,0,0,0,0,0,0,60,0,0,0
181,1520,6,348,100,0,0,0,0,0,0,58,0,0,0
182,1688,6.05172,351,100,0,0,0,0,0,0,57,0,0,1
183,1596,6,354,100,0,0,0,0,0,0,59,0,0,0
184,1548,6,348,100,0,0,0,0,0,0,58,0,0,0
185,1644,6,360,100,0,0,0,0,0,0,60,0,0,0
186,1488,6,348,100,0,0,0,0,0,0,58,0,0,0
187,1228,6.04762,381,100,0,0,0,0,0,0,62,0,0,1
188,1176,6.1,366,100,0,0,0,0,0,0,58,0,0,2
189,1228,6.08955,408,100,0,0,0,0,0,0,65,0,0,2
190,1220,6.09836,372,100,0,0,0,0,0,0,59,0,0,2
191,1260,6.04545,399,100,0,0,0,0,0,0,65,0,0,1
192,1084,6,366,100,0,0,0,0,0,0,61,0,0,0
193,1068,6.09836,372,100,0,0,0,0,0,0,59,0,0,2
194,1044,6.05085,357,100,0,0,0,0,0,0,58,0,0,1
195,960,6.05,363,100,0,0,0,0,0,0,59,0,0,1
196,988,6,354,100,0,0,0,0,0,0,59,0,0,0
197,964,6,348,100,0,0,0,0,0,0,58,0,0,0
198,1108,6.04839,375,100,0,0,0,0,0,0,61,0,0,1
199,1152,6,384,100,0,0,0,0,0,0,64,0,0,0
200,1000,6.04688,387,100,0,0,0,0,0,0,63,0,0,1
201,940,6.04918,369,100,0,0,0,0,0,0,60,0,0,1
202,1044,6.04918,369,100,0,0,0,0,0,0,60,0,0,1
203,1072,6.04839,375,100,0,0,0,0,0,0,61,0,0,1
204,1016,6,360,100,0,0,0,0,0,0,60,0,0,0
205,1012,6.05085,357,100,0,0,0,0,0,0,58,0,0,1
206,1040,6.05172,351,100,0,0,0,0,0,0,57,0,0,1
207,1100,6.04839,375,100,0,0,0,0,0,0,61,0,0,1
208,1144,6,384,100,0,0,0,0,0,0,64,0,0,0
209,1184,6,384,100,0,0,0,0,0,0,64,0,0,0
210,1240,6.14754,375,100,0,0,0,0,0,0,58,0,0,3
211,1196,6.04918,369,100,0,0,0,0,0,0,60,0,0,1
212,1372,6.05085,357,100,0,0,0,0,0,0,58,0,0,1
213,1316,6.15,369,100,0,0,0,0,0,0,57,0,0,3
214,1420,6.20339,366,100,0,0,0,0,0,0,55,0,0,4
215,1404,6.28571,396,100,0,0,0,0,0,0,57,0,0,6
216,1172,6.25,375,100,0,0,0,0,0,0,55,0,0,5
217,1076,6.15,369,100,0,0,0,0,0,0,57,0,0,3
218,1208,6.04839,375,100,0,0,0,0,0,0,61,0,0,1
219,1368,6.04918,369,100,0,0,0,0,0,0,60,0,0,1
220,1184,6.05455,333,100,0,0,0,0,0,0,54,0,0,1
221,1252,6.04545,399,100,0,0,0,0,0,0,65,0,0,1
222,1140,6.05263,345,100,0,0,0,0,0,0,56,0,0,1
223,1536,6.14516,381,100,0,0,0,0,0,0,59,0,0,3
224,1524,6.10169,360,100,0,0,0,0,0,0,57,0,0,2
225,1496,6.20339,366,100,0,0,0,0,0,0,55,0,0,4
226,1404,6.16667,333,100,0,0,0,0,0,0,51,0,0,3
227,1560,6.13559,362,100,0,0,0,0,0,0,56,0,1,2
228,1352,6.1,366,100,0,0,0,0,0,0,58,0,0,2
229,1080,6.10526,348,100,0,0,0,0,0,0,55,0,0,2
230,1296,6.21429,348,100,0,0,0,0,0,0,52,0,0,4
231,1164,6.09677,378,100,0,0,0,0,0,0,60,0,0,2
232,1108,6.15254,363,100,0,0,0,0,0,0,56,0,0,3
233,1156,6.1875,396,100,0,0,0,0,0,0,60,0,0,4
234,1144,6.13636,405,100,0,0,0,0,0,0,63,0,0,3
235,1096,6.14286,387,100,0,0,0,0,0,0,60,0,0,3
236,1348,6.2,372,100,0,0,0,0,0,0,56,0,0,4
237,1268,6.21429,348,100,0,0,0,0,0,0,52,0,0,4
238,1352,6.1791,414,100,0,0,0,0,0,0,63,0,0,4
239,1300,6.24194,387,100,0,0,0,0,0,0,57,0,0,5
240,1348,6.09375,390,100,0,0,0,0,0,0,62,0,0,2
241,1160,6.04762,381,100,0,0,0,0,0,0,62,0,0,1
242,1072,6.10169,360,100,0,0,0,0,0,0,57,0,0,2
243,1144,6,372,100,0,0,0,0,0,0,62,0,0,0
244,1196,6.13636,405,100,0,0,0,0,0,0,63,0,0,3
245,1208,6.1875,396,100,0,0,0,0,0,0,60,0,0,4
246,1112,6.26316,357,100,0,0,0,0,0,0,52,0,0,5
247,1188,6.21429,348,100,0,0,0,0,0,0,52,0,0,4
248,928,6.25862,363,100,0,0,0,0,0,0,53,0,0,5
249,1052,6.15789,351,100,0,0,0,0,0,0,54,0,0,3
250,1012,6.19672,378,100,0,0,0,0,0,0,57,0,0,4
251,1156,6.23438,399,100,0,0,0,0,0,0,59,0,0,5
252,1080,6.2459,381,100,0,0,0,0,0,0,56,0,0,5
253,1176,6.23438,399,100,0,0,0,0,0,0,59,0,0,5
254,1276,6.35593,375,100,0,0,0,0,0,0,52,0,0,7
255,1052,6.25,375,100,0,0,0,0,0,0,55,0,0,5
256,968,6.22222,336,100,0,0,0,0,0,0,50,0,0,4
257,1016,6.22222,336,100,0,0,0,0,0,0,50,0,0,4
258,1036,6.25862,363,100,0,0,0,0,0,0,53,0,0,5
259,880,6.26786,351,100,0,0,0,0,0,0,51,0,0,5
260,888,6.29508,384,100,0,0,0,0,0,0,55,0,0,6
261,948,6.25862,363,100,0,0,0,0,0,0,53,0,0,5
262,880,6.25,375,100,0,0,0,0,0,0,55,0,0,5
263,904,6.28571,396,100,0,0,0,0,0,0,57,0,0,6
264,1024,6.27273,414,100,0,0,0,0,0,0,60,0,0,6
265,1028,6.2459,381,100,0,0,0,0,0,0,56,0,0,5
266,1084,6.19048,390,100,0,0,0,0,0,0,59,0,0,4
267,1116,6.44262,393,100,0,0,0,0,0,0,52,0,0,9
268,1136,6.50769,423,100,0,0,0,0,0,0,54,0,0,11
269,1252,6.45763,381,100,0,0,0,0,0,0,50,0,0,9
270,1260,6.51562,417,100,0,0,0,0,0,0,53,0,0,11
271,1144,6.55932,387,100,0,0,0,0,0,0,48,0,0,11
272,1244,6.35593,375,100,0,0,0,0,0,0,52,0,0,7
273,1140,6.45,387,100,0,0,0,0,0,0,51,0,0,9
274,1128,6.34426,387,100,0,0,0,0,0,0,54,0,0,7
275,1064,6.2,372,100,0,0,0,0,0,0,56,0,0,4
276,1060,6.21053,354,100,0,0,0,0,0,0,53,0,0,4
277,1032,6.28571,396,100,0,0,0,0,0,0,57,0,0,6
278,1360,6.47619,408,100,0,0,0,0,0,0,53,0,0,10
279,1236,6.31579,360,100,0,0,0,0,0,0,51,0,0,6
280,1200,6.32143,354,100,0,0,0,0,0,0,50,0,0,6
281,1108,6.41379,372,100,0,0,0,0,0,0,50,0,0,8
282,1032,6.21429,348,100,0,0,0,0,0,0,52,0,0,4
283,1044,6.05455,333,100,0,0,0,0,0,0,54,0,0,1
284,1240,6.25,375,100,0,0,0,0,0,0,55,0,0,5
285,1340,6.20339,366,100,0,0,0,0,0,0,55,0,0,4
286,1380,6.30508,372,100,0,0,0,0,0,0,53,0,0,6
287,1368,6.49091,357,100,0,0,0,0,0,0,46,0,0,9
288,1288,6.3871,396,100,0,0,0,0,0,0,54,0,0,8
289,1592,6.33333,399,100,0,0,0,0,0,0,56,0,0,7
290,1672,6.2459,381,100,0,0,0,0,0,0,56,0,0,5
291,1432,6.30508,372,100,0,0,0,0,0,0,53,0,0,6
292,1216,6.30508,372,100,0,0,0,0,0,0,53,0,0,6
293,1448,6.2459,381,100,0,0,0,0,0,0,56,0,0,5
294,1368,6.35593,375,100,0,0,0,0,0,0,52,0,0,7
295,1328,6.34426,387,100,0,0,0,0,0,0,54,0,0,7
296,1352,6.45283,342,100,0,0,0,0,0,0,45,0,0,8
297,1440,6.5,390,100,0,0,0,0,0,0,50,0,0,10
298,1336,6.47368,369,100,0,0,0,0,0,0,48,0,0,9
299,1416,6.55,393,100,0,0,0,0,0,0,49,0,0,11
300,1524,6.54098,399,100,0,0,0,0,0,0,50,0,0,11
301,1408,6.53226,405,100,0,0,0,0,0,0,51,0,0,11
302,1500,6.50847,384,100,0,0,0,0,0,0,49,0,0,10
303,1456,6.56897,381,100,0,0,0,0,0,0,47,0,0,11
304,1584,6.56897,381,100,0,0,0,0,0,0,47,0,0,11
305,1584,6.48387,402,100,0,0,0,0,0,0,52,0,0,10
306,1408,6.34426,387,100,0,0,0,0,0,0,54,0,0,7
307,1136,6.35593,375,100,0,0,0,0,0,0,52,0,0,7
308,1384,6.58065,408,100,0,0,0,0,0,0,50,0,0,12
309,1180,6.34426,387,100,0,0,0,0,0,0,54,0,0,7
310,1000,6.29032,390,100,0,0,0,0,0,0,56,0,0,6
311,1452,6.34426,387,100,0,0,0,0,0,0,54,0,0,7
312,1236,6.31343,423,100,0,0,0,0,0,0,60,0,0,7
313,1252,6.46552,375,100,0,0,0,0,0,0,49,0,0,9
314,1144,6.3,378,100,0,0,0,0,0,0,54,0,0,6
315,1220,6.375,357,100,0,0,0,0,0,0,49,0,0,7
316,1368,6.45,387,100,0,0,0,0,0,0,51,0,0,9
317,1228,6.42857,360,100,0,0,0,0,0,0,48,0,0,8
318,1292,6.52632,372,100,0,0,0,0,0,0,47,0,0,10
319,1496,6.54098,399,100,0,0,0,0,0,0,50,0,0,11
320,1368,6.41379,372,100,0,0,0,0,0,0,50,0,0,8
321,1188,6.51724,378,100,0,0,0,0,0,0,48,0,0,10
322,1584,6.7377,411,100,0,0,0,0,0,0,46,0,0,15
323,1332,6.65455,366,100,0,0,0,0,0,0,43,0,0,12
324,1228,6.61111,357,100,0,0,0,0,0,0,43,0,0,11
325,1732,7.07143,396,100,0,0,0,0,0,0,36,0,0,20
326,1716,6.87273,378,100,0,0,0,0,0,0,39,0,0,16
327,1736,6.83333,369,100,0,0,0,0,0,0,39,0,0,15
328,1628,6.72222,363,100,0,0,0,0,0,0,41,0,0,13
329,1616,6.76364,372,100,0,0,0,0,0,0,41,0,0,14
330,1436,6.54545,360,100,0,0,0,0,0,0,45,0,0,10
331,1208,6.48214,363,100,0,0,0,0,0,0,47,0,0,9
332,1408,6.53226,405,100,0,0,0,0,0,0,51,0,0,11
333,1176,6.42857,360,100,0,0,0,0,0,0,48,0,0,8
334,1368,6.45763,381,100,0,0,0,0,0,0,50,0,0,9
335,1352,6.56897,381,100,0,0,0,0,0,0,47,0,0,11
336,1240,6.28302,333,100,0,0,0,0,0,0,48,0,0,5
337,1092,6.16667,333,100,0,0,0,0,0,0,51,0,0,3
338,1060,6.31034,366,100,0,0,0,0,0,0,52,0,0,6
339,1308,6.43636,354,100,0,0,0,0,0,0,47,0,0,8
340,1368,6.51724,378,100,0,0,0,0,0,0,48,0,0,10
341,1292,6.47368,369,100,0,0,0,0,0,0,48,0,0,9
342,1456,6.53226,405,100,0,0,0,0,0,0,51,0,0,11
343,1328,6.46552,375,100,0,0,0,0,0,0,49,0,0,9
344,1228,6.35593,375,100,0,0,0,0,0,0,52,0,0,7
345,1200,6.35,381,100,0,0,0,0,0,0,53,0,0,7
346,1320,6.4,384,100,0,0,0,0,0,0,52,0,0,8
347,1360,6.54098,399,100,0,0,0,0,0,0,50,0,0,11
348,1412,6.39344,390,100,0,0,0,0,0,0,53,0,0,8
349,1240,6.47619,408,100,0,0,0,0,0,0,53,0,0,10
350,1184,6.5,429,100,0,0,0,0,0,0,55,0,0,11
351,1368,6.54545,432,100,0,0,0,0,0,0,54,0,0,12
352,1376,6.6,396,100,0,0,0,0,0,0,48,0,0,12
353,1476,6.46875,414,100,0,0,0,0,0,0,54,0,0,10
354,1472,6.63636,438,100,0,0,0,0,0,0,52,0,0,14
355,1564,6.66667,420,100,0,0,0,0,0,0,49,0,0,14
356,1572,6.47826,447,100,0,0,0,0,0,0,58,0,0,11
357,1544,6.59091,435,100,0,0,0,0,0,0,53,0,0,13
358,1668,6.54545,432,100,0,0,0,0,0,0,54,0,0,12
359,1644,6.38095,402,100,0,0,0,0,0,0,55,0,0,8
360,1612,6.72581,417,100,0,0,0,0,0,0,47,0,0,15
361,1148,6.46552,375,100,0,0,0,0,0,0,49,0,0,9
362,1448,6.4918,396,100,0,0,0,0,0,0,51,0,0,10
363,1360,6.38095,402,100,0,0,0,0,0,0,55,0,0,8
364,1068,6.31579,360,100,0,0,0,0,0,0,51,0,0,6
365,1040,6.42857,405,100,0,0,0,0,0,0,54,0,0,9
366,1292,6.66102,393,100,0,0,0,0,0,0,46,0,0,13
367,1404,6.32308,411,100,0,0,0,0,0,0,58,0,0,7
368,1312,6.34426,387,100,0,0,0,0,0,0,54,0,0,7
369,1132,6.25862,363,100,0,0,0,0,0,0,53,0,0,5
370,1204,6.32727,348,100,0,0,0,0,0,0,49,0,0,6
371,1088,6.21429,348,100,0,0,0,0,0,0,52,0,0,4
372,1248,6.2069,360,100,0,0,0,0,0,0,54,0,0,4
373,1224,6.09524,384,100,0,0,0,0,0,0,61,0,0,2
374,1140,6.15517,357,100,0,0,0,0,0,0,55,0,0,3
375,1144,6.3,315,100,0,0,0,0,0,0,45,0,0,5
376,1144,6.15789,351,100,0,0,0,0,0,0,54,0,0,3
377,1156,6.1,366,100,0,0,0,0,0,0,58,0,0,2
378,1208,6.19672,378,100,0,0,0,0,0,0,57,0,0,4
379,1080,6.16071,345,100,0,0,0,0,0,0,53,0,0,3
380,988,6.05172,351,100,0,0,0,0,0,0,57,0,0,1
381,1212,6.05,363,100,0,0,0,0,0,0,59,0,0,1
382,996,6.11538,318,100,0,0,0,0,0,0,50,0,0,2
383,1116,6.05556,327,100,0,0,0,0,0,0,53,0,0,1
384,1432,6.2,372,100,0,0,0,0,0,0,56,0,0,4
385,1320,6.16071,345,100,0,0,0,0,0,0,53,0,0,3
386,1328,6.15254,363,100,0,0,0,0,0,0,56,0,0,3
387,1280,6.15789,351,100,0,0,0,0,0,0,54,0,0,3
388,1476,6.25862,363,100,0,0,0,0,0,0,53,0,0,5
389,1516,6.19672,378,100,0,0,0,0,0,0,57,0,0,4
390,1340,6.2381,393,100,0,0,0,0,0,0,58,0,0,5
391,1460,6.13846,399,100,0,0,0,0,0,0,62,0,0,3
392,1484,6.10169,360,100,0,0,0,0,0,0,57,0,0,2
393,1692,6.26316,357,100,0,0,0,0,0,0,52,0,0,5
394,1532,6.2069,360,100,0,0,0,0,0,0,54,0,0,4
395,1572,6.46552,375,100,0,0,0,0,0,0,49,0,0,9
396,1600,6.47368,369,100,0,0,0,0,0,0,48,0,0,9
397,1848,6.35593,375,100,0,0,0,0,0,0,52,0,0,7
398,1852,6.35593,375,100,0,0,0,0,0,0,52,0,0,7
399,2036,6.28125,402,100,0,0,0,0,0,0,58,0,0,6
400,1888,6.2,372,100,0,0,0,0,0,0,56,0,0,4
401,1708,6.20339,366,100,0,0,0,0,0,0,55,0,0,4
402,1268,6.10169,360,100,0,0,0,0,0,0,57,0,0,2
403,1596,6.2381,393,100,0,0,0,0,0,0,58,0,0,5
404,1420,6.05,363,100,0,0,0,0,0,0,59,0,0,1
405,1468,6.14754,375,100,0,0,0,0,0,0,58,0,0,3
406,1412,6.1875,396,100,0,0,0,0,0,0,60,0,0,4
407,1644,6.29508,384,100,0,0,0,0,0,0,55,0,0,6
408,1720,6.21053,354,100,0,0,0,0,0,0,53,0,0,4
409,2152,6.43636,354,100,0,0,0,0,0,0,47,0,0,8
410,2032,6.32143,354,100,0,0,0,0,0,0,50,0,0,6
411,1720,6.15254,363,100,0,0,0,0,0,0,56,0,0,3
412,1300,6.2,372,100,0,0,0,0,0,0,56,0,0,4
413,1220,6.10526,348,100,0,0,0,0,0,0,55,0,0,2
414,1372,6.05556,327,100,0,0,0,0,0,0,53,0,0,1
415,1392,6.05085,357,100,0,0,0,0,0,0,58,0,0,1
416,1292,6,354,100,0,0,0,0,0,0,59,0,0,0
417,1292,6,378,100,0,0,0,0,0,0,63,0,0,0
418,888,6,312,100,0,0,0,0,0,0,52,0,0,0
419,984,6,360,100,0,0,0,0,0,0,60,0,0,0
420,1124,6.09836,372,100,0,0,0,0,0,0,59,0,0,2
421,992,6.05172,351,100,0,0,0,0,0,0,57,0,0,1
422,1036,6,360,100,0,0,0,0,0,0,60,0,0,0
423,1012,6,360,100,0,0,0,0,0,0,60,0,0,0
424,1028,6,360,100,0,0,0,0,0,0,60,0,0,0
425,856,6,348,100,0,0,0,0,0,0,58,0,0,0
426,964,6,342,100,0,0,0,0,0,0,57,0,0,0
427,1128,6,360,100,0,0,0,0,0,0,60,0,0,0
428,1068,6,348,100,0,0,0,0,0,0,58,0,0,0
429,1120,6,372,100,0,0,0,0,0,0,62,0,0,0
430,1052,6,324,100,0,0,0,0,0,0,54,0,0,0
431,1032,6,342,100,0,0,0,0,0,0,57,0,0,0
432,1004,6,378,100,0,0,0,0,0,0,63,0,0,0
433,984,6.15517,357,100,0,0,0,0,0,0,55,0,0,3
434,924,6.16071,345,100,0,0,0,0,0,0,53,0,0,3
435,1048,6.04762,381,100,0,0,0,0,0,0,62,0,0,1
436,1000,6,378,100,0,0,0,0,0,0,63,0,0,0
437,1172,6.05085,357,100,0,0,0,0,0,0,58,0,0,1
438,1172,6.05085,357,100,0,0,0,0,0,0,58,0,0,1
439,1056,6,342,100,0,0,0,0,0,0,57,0,0,0
440,916,6,360,100,0,0,0,0,0,0,60,0,0,0
441,1120,6.04545,399,100,0,0,0,0,0,0,65,0,0,1
442,1012,6.10526,348,100,0,0,0,0,0,0,55,0,0,2
443,1084,6.10345,354,100,0,0,0,0,0,0,56,0,0,2
444,1016,6,342,100,0,0,0,0,0,0,57,0,0,0
445,1076,6.04839,375,100,0,0,0,0,0,0,61,0,0,1
446,944,6.09677,378,100,0,0,0,0,0,0,60,0,0,2
447,1048,6.04615,393,100,0,0,0,0,0,0,64,0,0,1
448,1116,6.09375,390,100,0,0,0,0,0,0,62,0,0,2
449,1080,6.09836,372,100,0,0,0,0,0,0,59,0,0,2
450,1056,6.04839,375,100,0,0,0,0,0,0,61,0,0,1
451,1068,6.04839,375,100,0,0,0,0,0,0,61,0,0,1
452,1032,6.05,363,100,0,0,0,0,0,0,59,0,0,1
453,1240,6.14516,381,100,0,0,0,0,0,0,59,0,0,3
454,1176,6.04688,387,100,0,0,0,0,0,0,63,0,0,1
455,1124,6,360,100,0,0,0,0,0,0,60,0,0,0
456,1248,6.04839,375,100,0,0,0,0,0,0,61,0,0,1
457,1012,6.05085,357,100,0,0,0,0,0,0,58,0,0,1
458,976,6.04762,381,100,0,0,0,0,0,0,62,0,0,1
459,1084,6.04839,375,100,0,0,0,0,0,0,61,0,0,1
460,900,6,342,100,0,0,0,0,0,0,57,0,0,0
461,1160,6,330,100,0,0,0,0,0,0,55,0,0,0
462,1036,6.04918,369,100,0,0,0,0,0,0,60,0,0,1
463,1224,6.0566,321,100,0,0,0,0,0,0,52,0,0,1
464,1064,6,348,100,0,0,0,0,0,0,58,0,0,0
465,1004,6.05556,327,100,0,0,0,0,0,0,53,0,0,1
466,1156,6.05263,345,100,0,0,0,0,0,0,56,0,0,1
467,1216,6.04918,369,100,0,0,0,0,0,0,60,0,0,1
468,1088,6.1,366,100,0,0,0,0,0,0,58,0,0,2
469,1256,6.05263,345,100,0,0,0,0,0,0,56,0,0,1
470,1068,6.10526,348,100,0,0,0,0,0,0,55,0,0,2
471,1084,6.09677,378,100,0,0,0,0,0,0,60,0,0,2
472,1116,6.10169,360,100,0,0,0,0,0,0,57,0,0,2
473,1004,6.10526,348,100,0,0,0,0,0,0,55,0,0,2
474,1000,6.15789,351,100,0,0,0,0,0,0,54,0,0,3
475,1156,6.21429,348,100,0,0,0,0,0,0,52,0,0,4
476,1220,6.04839,375,100,0,0,0,0,0,0,61,0,0,1
477,1200,6.09524,384,100,0,0,0,0,0,0,61,0,0,2
478,1144,6.09677,378,100,0,0,0,0,0,0,60,0,0,2
479,900,6,348,100,0,0,0,0,0,0,58,0,0,0
480,1180,6.09836,372,100,0,0,0,0,0,0,59,0,0,2
481,1204,6.14516,381,100,0,0,0,0,0,0,59,0,0,3
482,1048,6.10714,342,100,0,0,0,0,0,0,54,0,0,2
483,1020,6.05769,315,100,0,0,0,0,0,0,51,0,0,1
484,1064,6.05455,333,100,0,0,0,0,0,0,54,0,0,1
485,972,6.0566,321,100,0,0,0,0,0,0,52,0,0,1
486,1200,6.05085,357,100,0,0,0,0,0,0,58,0,0,1
487,1204,6.09836,372,100,0,0,0,0,0,0,59,0,0,2
488,1084,6.05172,351,100,0,0,0,0,0,0,57,0,0,1
489,1032,6.05556,327,100,0,0,0,0,0,0,53,0,0,1
490,1044,6.15,369,100,0,0,0,0,0,0,57,0,0,3
491,1020,6.14516,381,100,0,0,0,0,0,0,59,0,0,3
492,1136,6.10909,336,100,0,0,0,0,0,0,53,0,0,2
493,1008,6.16071,345,100,0,0,0,0,0,0,53,0,0,3
494,884,6.10169,360,100,0,0,0,0,0,0,57,0,0,2
495,1168,6.14286,387,100,0,0,0,0,0,0,60,0,0,3
496,1200,6.09375,390,100,0,0,0,0,0,0,62,0,0,2
497,928,6.09677,378,100,0,0,0,0,0,0,60,0,0,2
498,1000,6,396,100,0,0,0,0,0,0,66,0,0,0
499,1152,6.15,369,100,0,0,0,0,0,0,57,0,0,3
500,1272,6.14516,381,100,0,0,0,0,0,0,59,0,0,3
501,1120,6.15789,351,100,0,0,0,0,0,0,54,0,0,3
502,1080,6.2459,381,100,0,0,0,0,0,0,56,0,0,5
503,1080,6.15517,357,100,0,0,0,0,0,0,55,0,0,3
504,1156,6.15,369,100,0,0,0,0,0,0,57,0,0,3
505,1124,6.10909,336,100,0,0,0,0,0,0,53,0,0,2
506,972,6.15517,357,100,0,0,0,0,0,0,55,0,0,3
507,952,6.19672,378,100,0,0,0,0,0,0,57,0,0,4
508,1148,6.32812,405,100,0,0,0,0,0,0,57,0,0,7
509,1012,6.18966,359,100,0,0,0,0,0,0,54,0,1,3
510,816,6.03571,338,100,0,0,0,0,0,0,55,0,1,0
511,1048,6.10345,354,100,0,0,0,0,0,0,56,0,0,2
512,992,6.10345,354,100,0,0,0,0,0,0,56,0,0,2
513,1124,6.04918,369,100,0,0,0,0,0,0,60,0,0,1
514,1140,6.15789,351,100,0,0,0,0,0,0,54,0,0,3
515,1164,6.25,375,100,0,0,0,0,0,0,55,0,0,5
516,1124,6.41379,372,100,0,0,0,0,0,0,50,0,0,8
517,904,6.29032,390,100,0,0,0,0,0,0,56,0,0,6
518,712,6.10526,348,100,0,0,0,0,0,0,55,0,0,2
519,788,6.15789,351,100,0,0,0,0,0,0,54,0,0,3
520,944,6.04762,381,100,0,0,0,0,0,0,62,0,0,1
521,1000,6.1,366,100,0,0,0,0,0,0,58,0,0,2
522,1008,6.05085,357,100,0,0,0,0,0,0,58,0,0,1
523,1116,6.15,369,100,0,0,0,0,0,0,57,0,0,3
524,1164,6.14286,387,100,0,0,0,0,0,0,60,0,0,3
525,984,6.10714,342,100,0,0,0,0,0,0,54,0,0,2
526,1004,6.09524,384,100,0,0,0,0,0,0,61,0,0,2
527,1188,6.14062,393,100,0,0,0,0,0,0,61,0,0,3
528,1032,6.09836,372,100,0,0,0,0,0,0,59,0,0,2
529,1044,6.09836,372,100,0,0,0,0,0,0,59,0,0,2
530,1020,6.05085,357,100,0,0,0,0,0,0,58,0,0,1
531,1076,6.05455,333,100,0,0,0,0,0,0,54,0,0,1
532,1172,6,360,100,0,0,0,0,0,0,60,0,0,0
533,1124,6.07937,383,100,0,0,0,0,0,0,61,0,1,1
534,1392,6.1194,410,100,0,0,0,0,0,0,64,0,1,2
535,1300,6.12698,386,100,0,0,0,0,0,0,60,0,1,2
536,1076,6.09524,384,100,0,0,0,0,0,0,61,0,0,2
537,1056,6.09836,372,100,0,0,0,0,0,0,59,0,0,2
538,1092,6.14516,381,100,0,0,0,0,0,0,59,0,0,3
539,1020,6.21053,354,100,0,0,0,0,0,0,53,0,0,4
540,1056,6.14286,387,100,0,0,0,0,0,0,60,0,0,3
541,1140,6.1875,396,100,0,0,0,0,0,0,60,0,0,4
542,1064,6.25424,369,100,0,0,0,0,0,0,54,0,0,5
543,1164,6.09677,378,100,0,0,0,0,0,0,60,0,0,2
544,1088,6.09524,384,100,0,0,0,0,0,0,61,0,0,2
545,1208,6.15,369,100,0,0,0,0,0,0,57,0,0,3
546,1168,6.25424,369,100,0,0,0,0,0,0,54,0,0,5
547,1092,6.08772,347,100,0,0,0,0,0,0,55,0,1,1
548,940,6.10169,360,100,0,0,0,0,0,0,57,0,0,2
549,1020,6.15789,351,100,0,0,0,0,0,0,54,0,0,3
550,1168,6.05,363,100,0,0,0,0,0,0,59,0,0,1
551,1184,6.15517,357,100,0,0,0,0,0,0,55,0,0,3
552,1260,6.15254,363,100,0,0,0,0,0,0,56,0,0,3
553,1072,6.30357,353,100,0,0,0,0,0,0,50,0,1,5
554,1048,6.25424,369,100,0,0,0,0,0,0,54,0,0,5
555,1160,6.25862,363,100,0,0,0,0,0,0,53,0,0,5
556,1052,6.15,369,100,0,0,0,0,0,0,57,0,0,3
557,1020,6.09375,390,100,0,0,0,0,0,0,62,0,0,2
558,1196,6.18462,402,100,0,0,0,0,0,0,61,0,0,4
559,1168,6.23077,405,100,0,0,0,0,0,0,60,0,0,5
560,1200,6.3125,404,100,0,0,0,0,0,0,57,0,1,6
561,1432,6.33333,399,100,0,0,0,0,0,0,56,0,0,7
562,812,6.15254,363,100,0,0,0,0,0,0,56,0,0,3
563,984,6.19672,378,100,0,0,0,0,0,0,57,0,0,4
564,972,6.09677,378,100,0,0,0,0,0,0,60,0,0,2
565,900,6.04688,387,100,0,0,0,0,0,0,63,0,0,1
566,1140,6.13846,399,100,0,0,0,0,0,0,62,0,0,3
567,1060,6.15517,357,100,0,0,0,0,0,0,55,0,0,3
568,1020,6.15,369,100,0,0,0,0,0,0,57,0,0,3
569,956,6,372,100,0,0,0,0,0,0,62,0,0,0
570,1108,6.05172,351,100,0,0,0,0,0,0,57,0,0,1
571,1168,6,360,100,0,0,0,0,0,0,60,0,0,0
572,1280,6,378,100,0,0,0,0,0,0,63,0,0,0
573,1268,6,354,100,0,0,0,0,0,0,59,0,0,0
574,1200,6,342,100,0,0,0,0,0,0,57,0,0,0
575,1316,6,342,100,0,0,0,0,0,0,57,0,0,0
576,1520,6,378,100,0,0,0,0,0,0,63,0,0,0
577,1312,6.10345,354,100,0,0,0,0,0,0,56,0,0,2
578,1420,6.10169,360,100,0,0,0,0,0,0,57,0,0,2
579,1488,6.1,366,100,0,0,0,0,0,0,58,0,0,2
580,1488,6.14286,387,100,0,0,0,0,0,0,60,0,0,3
581,1568,6.1,366,100,0,0,0,0,0,0,58,0,0,2
582,1576,6.10909,336,100,0,0,0,0,0,0,53,0,0,2
583,1632,6.14062,393,100,0,0,0,0,0,0,61,0,0,3
584,1244,6.10909,336,100,0,0,0,0,0,0,53,0,0,2
585,1228,6.1,366,100,0,0,0,0,0,0,58,0,0,2
586,972,6,330,100,0,0,0,0,0,0,55,0,0,0
587,1192,6.26316,357,100,0,0,0,0,0,0,52,0,0,5
588,1048,6.19355,384,100,0,0,0,0,0,0,58,0,0,4
589,1332,6.25,375,100,0,0,0,0,0,0,55,0,0,5
590,1268,6.31579,360,100,0,0,0,0,0,0,51,0,0,6
591,1392,6.3871,396,100,0,0,0,0,0,0,54,0,0,8
592,1388,6.32143,354,100,0,0,0,0,0,0,50,0,0,6
593,1424,6.36207,369,100,0,0,0,0,0,0,51,0,0,7
594,1512,6.56897,381,100,0,0,0,0,0,0,47,0,0,11
595,1504,6.62903,411,100,0,0,0,0,0,0,49,0,0,13
596,1616,6.47368,369,100,0,0,0,0,0,0,48,0,0,9
597,1388,6.62069,384,100,0,0,0,0,0,0,46,0,0,12
598,1444,6.50943,345,100,0,0,0,0,0,0,44,0,0,9
599,1408,6.63158,378,100,0,0,0,0,0,0,45,0,0,12
600,1224,6.75,351,100,0,0,0,0,0,0,39,0,0,13
601,1376,6.69643,375,100,0,0,0,0,0,0,43,0,0,13
602,1428,6.48214,363,100,0,0,0,0,0,0,47,0,0,9
603,1180,6.44444,348,100,0,0,0,0,0,0,46,0,0,8
604,1072,6.36842,363,100,0,0,0,0,0,0,50,0,0,7
605,1040,6.15789,351,100,0,0,0,0,0,0,54,0,0,3
606,924,6.19672,378,100,0,0,0,0,0,0,57,0,0,4
607,1084,6.2,372,100,0,0,0,0,0,0,56,0,0,4
608,936,6.25,375,100,0,0,0,0,0,0,55,0,0,5
609,1016,6.35593,375,100,0,0,0,0,0,0,52,0,0,7
610,1064,6.42857,360,100,0,0,0,0,0,0,48,0,0,8
611,1076,6.30508,372,100,0,0,0,0,0,0,53,0,0,6
612,1160,6.2381,393,100,0,0,0,0,0,0,58,0,0,5
613,1296,6.15,369,100,0,0,0,0,0,0,57,0,0,3
614,1188,6.2069,360,100,0,0,0,0,0,0,54,0,0,4
615,1340,6.21053,354,100,0,0,0,0,0,0,53,0,0,4
616,1544,6.2459,381,100,0,0,0,0,0,0,56,0,0,5
617,1148,6.22222,336,100,0,0,0,0,0,0,50,0,0,4
618,1164,6.19672,378,100,0,0,0,0,0,0,57,0,0,4
619,1196,6.2069,360,100,0,0,0,0,0,0,54,0,0,4
620,924,6.14516,381,100,0,0,0,0,0,0,59,0,0,3
621,1056,6.04545,399,100,0,0,0,0,0,0,65,0,0,1
622,1184,6.04918,369,100,0,0,0,0,0,0,60,0,0,1
623,1364,6.15789,351,100,0,0,0,0,0,0,54,0,0,3
624,1560,6.14062,393,100,0,0,0,0,0,0,61,0,0,3
625,1348,6.14062,393,100,0,0,0,0,0,0,61,0,0,3
626,1176,6.27273,345,100,0,0,0,0,0,0,50,0,0,5
627,1324,6.25424,369,100,0,0,0,0,0,0,54,0,0,5
628,1040,6.15,369,100,0,0,0,0,0,0,57,0,0,3
629,980,6.22642,330,100,0,0,0,0,0,0,49,0,0,4
630,1228,6.09524,384,100,0,0,0,0,0,0,61,0,0,2
631,1296,6.05,363,100,0,0,0,0,0,0,59,0,0,1
632,892,6.08065,377,100,0,0,0,0,0,0,60,0,1,1
633,972,6.04839,375,100,0,0,0,0,0,0,61,0,0,1
634,860,6.10714,342,100,0,0,0,0,0,0,54,0,0,2
635,876,6,378,100,0,0,0,0,0,0,63,0,0,0
636,960,6.09091,402,100,0,0,0,0,0,0,64,0,0,2
637,928,6.14286,387,100,0,0,0,0,0,0,60,0,0,3
638,992,6.19355,384,100,0,0,0,0,0,0,58,0,0,4
639,1004,6.15517,357,100,0,0,0,0,0,0,55,0,0,3
640,880,6.09836,372,100,0,0,0,0,0,0,59,0,0,2
641,1040,6.09677,378,100,0,0,0,0,0,0,60,0,0,2
642,1020,6.04918,369,100,0,0,0,0,0,0,60,0,0,1
643,1232,6.09677,378,100,0,0,0,0,0,0,60,0,0,2
644,892,6.04688,387,100,0,0,0,0,0,0,63,0,0,1
645,972,6,384,100,0,0,0,0,0,0,64,0,0,0
646,812,6,354,100,0,0,0,0,0,0,59,0,0,0
647,912,6,378,100,0,0,0,0,0,0,63,0,0,0
648,848,6,360,100,0,0,0,0,0,0,60,0,0,0
649,1028,6,396,100,0,0,0,0,0,0,66,0,0,0
650,932,6.05085,357,100,0,0,0,0,0,0,58,0,0,1
651,976,6,342,100,0,0,0,0,0,0,57,0,0,0
652,820,6,360,100,0,0,0,0,0,0,60,0,0,0
653,1000,6,366,100,0,0,0,0,0,0,61,0,0,0
654,920,6.05085,357,100,0,0,0,0,0,0,58,0,0,1
655,912,6,360,100,0,0,0,0,0,0,60,0,0,0
656,820,6.0566,321,100,0,0,0,0,0,0,52,0,0,1
657,988,6,390,100,0,0,0,0,0,0,65,0,0,0
658,944,6.04918,369,100,0,0,0,0,0,0,60,0,0,1
659,984,6.09677,378,100,0,0,0,0,0,0,60,0,0,2
660,1116,6.1875,396,100,0,0,0,0,0,0,60,0,0,4
661,976,6.10169,360,100,0,0,0,0,0,0,57,0,0,2
662,896,6.05263,345,100,0,0,0,0,0,0,56,0,0,1
663,1116,6.14286,387,100,0,0,0,0,0,0,60,0,0,3
664,1156,6.09231,396,100,0,0,0,0,0,0,63,0,0,2
665,976,6.05263,345,100,0,0,0,0,0,0,56,0,0,1
666,1156,6.08621,353,100,0,0,0,0,0,0,56,0,1,1
667,1188,6.04615,393,100,0,0,0,0,0,0,64,0,0,1
668,1108,6.10526,348,100,0,0,0,0,0,0,55,0,0,2
669,1236,6.20339,366,100,0,0,0,0,0,0,55,0,0,4
670,1264,6.31034,366,100,0,0,0,0,0,0,52,0,0,6
671,1292,6.2,372,100,0,0,0,0,0,0,56,0,0,4
672,1088,6.09677,378,100,0,0,0,0,0,0,60,0,0,2
673,1244,6.09231,396,100,0,0,0,0,0,0,63,0,0,2
674,1128,6.05357,339,100,0,0,0,0,0,0,55,0,0,1
675,1376,6.15517,357,100,0,0,0,0,0,0,55,0,0,3
676,1192,6.11111,330,100,0,0,0,0,0,0,52,0,0,2
677,1112,6.05455,333,100,0,0,0,0,0,0,54,0,0,1
678,1328,6.05357,339,100,0,0,0,0,0,0,55,0,0,1
679,1440,6.04918,369,100,0,0,0,0,0,0,60,0,0,1
680,1652,6.08824,414,100,0,0,0,0,0,0,66,0,0,2
681,1688,6.08955,408,100,0,0,0,0,0,0,65,0,0,2
682,1820,6.04688,387,100,0,0,0,0,0,0,63,0,0,1
683,1892,6.04615,393,100,0,0,0,0,0,0,64,0,0,1
684,1724,6.08955,408,100,0,0,0,0,0,0,65,0,0,2
685,1172,6.04918,369,100,0,0,0,0,0,0,60,0,0,1
686,1304,6.10169,360,100,0,0,0,0,0,0,57,0,0,2
687,1412,6.10169,360,100,0,0,0,0,0,0,57,0,0,2
688,1012,6,318,100,0,0,0,0,0,0,53,0,0,0
689,1216,6.04839,375,100,0,0,0,0,0,0,61,0,0,1
690,1268,6.16071,345,100,0,0,0,0,0,0,53,0,0,3
691,1332,6.04918,369,100,0,0,0,0,0,0,60,0,0,1
692,1456,6.05,363,100,0,0,0,0,0,0,59,0,0,1
693,1116,6.05,363,100,0,0,0,0,0,0,59,0,0,1
694,1208,6.14062,393,100,0,0,0,0,0,0,61,0,0,3
695,1080,6.2069,360,100,0,0,0,0,0,0,54,0,0,4
696,1228,6.15517,357,100,0,0,0,0,0,0,55,0,0,3
697,1172,6.15254,363,100,0,0,0,0,0,0,56,0,0,3
698,1024,6.10345,354,100,0,0,0,0,0,0,56,0,0,2
699,1056,6.09677,378,100,0,0,0,0,0,0,60,0,0,2
700,976,6.04839,375,100,0,0,0,0,0,0,61,0,0,1
701,1020,6.10169,360,100,0,0,0,0,0,0,57,0,0,2
702,856,6,360,100,0,0,0,0,0,0,60,0,0,0
703,816,6,342,100,0,0,0,0,0,0,57,0,0,0
704,796,6.05085,357,100,0,0,0,0,0,0,58,0,0,1
705,888,6.09836,372,100,0,0,0,0,0,0,59,0,0,2
706,992,6.13846,399,100,0,0,0,0,0,0,62,0,0,3
707,1032,6.14516,381,100,0,0,0,0,0,0,59,0,0,3
708,1104,6.04545,399,100,0,0,0,0,0,0,65,0,0,1
709,880,6.05,363,100,0,0,0,0,0,0,59,0,0,1
710,916,6.04762,381,100,0,0,0,0,0,0,62,0,0,1
711,1144,6.04762,381,100,0,0,0,0,0,0,62,0,0,1
712,1044,6.15,369,100,0,0,0,0,0,0,57,0,0,3
713,976,6.14286,387,100,0,0,0,0,0,0,60,0,0,3
714,936,6.04918,369,100,0,0,0,0,0,0,60,0,0,1
715,1116,6.1791,414,100,0,0,0,0,0,0,63,0,0,4
716,1172,6.19048,390,100,0,0,0,0,0,0,59,0,0,4
717,1168,6.04762,381,100,0,0,0,0,0,0,62,0,0,1
718,1220,6.09677,378,100,0,0,0,0,0,0,60,0,0,2
719,1160,6.09677,378,100,0,0,0,0,0,0,60,0,0,2
720,916,6.10526,348,100,0,0,0,0,0,0,55,0,0,2
721,876,6.05172,351,100,0,0,0,0,0,0,57,0,0,1
722,1076,6.14062,393,100,0,0,0,0,0,0,61,0,0,3
723,1044,6.14286,387,100,0,0,0,0,0,0,60,0,0,3
724,1076,6.19672,378,100,0,0,0,0,0,0,57,0,0,4
725,1020,6.38095,402,100,0,0,0,0,0,0,55,0,0,8
726,1168,6.40678,378,100,0,0,0,0,0,0,51,0,0,8
727,1072,6.2459,381,100,0,0,0,0,0,0,56,0,0,5
728,1104,6.29032,390,100,0,0,0,0,0,0,56,0,0,6
729,1176,6.29508,384,100,0,0,0,0,0,0,55,0,0,6
730,1188,6.33898,374,100,0,0,0,0,0,0,52,0,1,6
731,1224,6.33333,380,100,0,0,0,0,0,0,53,0,1,6
732,1108,6.24194,387,100,0,0,0,0,0,0,57,0,0,5
733,944,6.04839,375,100,0,0,0,0,0,0,61,0,0,1
734,1028,6.27692,408,100,0,0,0,0,0,0,59,0,0,6
735,856,6.14754,375,100,0,0,0,0,0,0,58,0,0,3
736,1036,6.19672,378,100,0,0,0,0,0,0,57,0,0,4
737,1064,6.31034,366,100,0,0,0,0,0,0,52,0,0,6
738,1108,6.2381,393,100,0,0,0,0,0,0,58,0,0,5
739,1108,6.14754,375,100,0,0,0,0,0,0,58,0,0,3
740,1188,6.26866,420,100,0,0,0,0,0,0,61,0,0,6
741,1104,6.24194,387,100,0,0,0,0,0,0,57,0,0,5
742,1248,6.33871,393,100,0,0,0,0,0,0,55,0,0,7
743,1188,6.36842,363,100,0,0,0,0,0,0,50,0,0,7
744,1048,6.20339,366,100,0,0,0,0,0,0,55,0,0,4
745,1368,6.3,378,100,0,0,0,0,0,0,54,0,0,6
746,1036,6.26316,357,100,0,0,0,0,0,0,52,0,0,5
747,1120,6.30508,372,100,0,0,0,0,0,0,53,0,0,6
748,1036,6.31579,360,100,0,0,0,0,0,0,51,0,0,6
749,1152,6.25,375,100,0,0,0,0,0,0,55,0,0,5
750,1292,6.45,387,100,0,0,0,0,0,0,51,0,0,9
751,1344,6.31579,360,100,0,0,0,0,0,0,51,0,0,6
752,1472,6.29032,390,100,0,0,0,0,0,0,56,0,0,6
753,1144,6.32143,354,100,0,0,0,0,0,0,50,0,0,6
754,1168,6.35593,375,100,0,0,0,0,0,0,52,0,0,7
755,1316,6.24194,387,100,0,0,0,0,0,0,57,0,0,5
756,1224,6.2,372,100,0,0,0,0,0,0,56,0,0,4
757,1120,6.10345,354,100,0,0,0,0,0,0,56,0,0,2
758,1296,6.29032,390,100,0,0,0,0,0,0,56,0,0,6
759,1244,6.25424,369,100,0,0,0,0,0,0,54,0,0,5
760,1280,6.3,378,100,0,0,0,0,0,0,54,0,0,6
761,1488,6.4918,396,100,0,0,0,0,0,0,51,0,0,10
762,1396,6.46552,375,100,0,0,0,0,0,0,49,0,0,9
763,1512,6.68421,381,100,0,0,0,0,0,0,44,0,0,13
764,1612,6.67925,354,100,0,0,0,0,0,0,41,0,0,12
765,1424,6.43636,354,100,0,0,0,0,0,0,47,0,0,8
766,1360,6.46552,375,100,0,0,0,0,0,0,49,0,0,9
767,1244,6.42857,360,100,0,0,0,0,0,0,48,0,0,8
768,1440,6.64286,372,100,0,0,0,0,0,0,44,0,0,12
769,1368,6.56897,381,100,0,0,0,0,0,0,47,0,0,11
770,1444,6.32727,348,100,0,0,0,0,0,0,49,0,0,6
771,1492,6.5,390,100,0,0,0,0,0,0,50,0,0,10
772,1480,6.33871,393,100,0,0,0,0,0,0,55,0,0,7
773,1360,6.38182,351,100,0,0,0,0,0,0,48,0,0,7
774,1428,6.53571,366,100,0,0,0,0,0,0,46,0,0,10
775,1344,6.25862,363,100,0,0,0,0,0,0,53,0,0,5
776,1296,6.31579,360,100,0,0,0,0,0,0,51,0,0,6
777,1464,6.38182,351,100,0,0,0,0,0,0,48,0,0,7
778,1640,6.29032,390,100,0,0,0,0,0,0,56,0,0,6
779,1520,6.3,378,100,0,0,0,0,0,0,54,0,0,6
780,1520,6.2381,393,100,0,0,0,0,0,0,58,0,0,5
781,1360,6.2,372,100,0,0,0,0,0,0,56,0,0,4
782,1192,6.27778,339,100,0,0,0,0,0,0,49,0,0,5
783,1424,6.36842,363,100,0,0,0,0,0,0,50,0,0,7
784,1316,6.32143,354,100,0,0,0,0,0,0,50,0,0,6
785,1452,6.25,375,100,0,0,0,0,0,0,55,0,0,5
786,1228,6.31579,360,100,0,0,0,0,0,0,51,0,0,6
787,1372,6.46552,375,100,0,0,0,0,0,0,49,0,0,9
788,1384,6.42857,360,100,0,0,0,0,0,0,48,0,0,8
789,1344,6.32143,354,100,0,0,0,0,0,0,50,0,0,6
790,1332,6.31579,360,100,0,0,0,0,0,0,51,0,0,6
791,1256,6.16981,327,100,0,0,0,0,0,0,50,0,0,3
792,1488,6.3,378,100,0,0,0,0,0,0,54,0,0,6
793,1712,6.52632,372,100,0,0,0,0,0,0,47,0,0,10
794,1776,6.50847,384,100,0,0,0,0,0,0,49,0,0,10
795,1548,6.2459,381,100,0,0,0,0,0,0,56,0,0,5
796,1256,6.15254,363,100,0,0,0,0,0,0,56,0,0,3
797,1464,6.28302,333,100,0,0,0,0,0,0,48,0,0,5
798,1456,6.44444,348,100,0,0,0,0,0,0,46,0,0,8
799,1536,6.2069,360,100,0,0,0,0,0,0,54,0,0,4
800,1924,6.2,372,100,0,0,0,0,0,0,56,0,0,4
801,2144,6.48214,363,100,0,0,0,0,0,0,47,0,0,9
802,2084,6.45,387,100,0,0,0,0,0,0,51,0,0,9
803,1884,6.46552,375,100,0,0,0,0,0,0,49,0,0,9
804,1852,6.73585,357,100,0,0,0,0,0,0,40,0,0,13
805,2088,6.87273,378,100,0,0,0,0,0,0,39,0,0,16
806,2024,6.77778,366,100,0,0,0,0,0,0,40,0,0,14
807,1920,6.76364,372,100,0,0,0,0,0,0,41,0,0,14
808,2052,7.07143,396,100,0,0,0,0,0,0,36,0,0,20
809,2200,6.77586,393,100,0,0,0,0,0,0,43,0,0,15
810,2112,6.75,378,100,0,0,0,0,0,0,42,0,0,14
811,2264,6.64286,372,100,0,0,0,0,0,0,44,0,0,12
812,2244,6.71186,396,100,0,0,0,0,0,0,45,0,0,14
813,2632,6.68421,381,100,0,0,0,0,0,0,44,0,0,13
814,2532,6.56604,348,100,0,0,0,0,0,0,43,0,0,10
815,2612,6.65455,366,100,0,0,0,0,0,0,43,0,0,12
816,2724,6.375,357,100,0,0,0,0,0,0,49,0,0,7
817,2792,6.43636,354,100,0,0,0,0,0,0,47,0,0,8
818,2412,6.36842,363,100,0,0,0,0,0,0,50,0,0,7
819,2736,6.375,357,100,0,0,0,0,0,0,49,0,0,7
820,2344,6.26786,351,100,0,0,0,0,0,0,51,0,0,5
821,2796,6.36207,369,100,0,0,0,0,0,0,51,0,0,7
822,1924,6.35294,324,100,0,0,0,0,0,0,45,0,0,6
823,1944,6.42857,360,100,0,0,0,0,0,0,48,0,0,8
824,2012,6.41379,372,100,0,0,0,0,0,0,50,0,0,8
825,1504,6.44444,348,100,0,0,0,0,0,0,46,0,0,8
826,1616,6.49091,357,100,0,0,0,0,0,0,46,0,0,9
827,1428,6.21429,348,100,0,0,0,0,0,0,52,0,0,4
828,1432,6.26316,357,100,0,0,0,0,0,0,52,0,0,5
829,1472,6.36842,363,100,0,0,0,0,0,0,50,0,0,7
830,1568,6.21818,342,100,0,0,0,0,0,0,51,0,0,4
831,1708,6.36842,363,100,0,0,0,0,0,0,50,0,0,7
832,1820,6.43636,354,100,0,0,0,0,0,0,47,0,0,8
833,2032,6.35,381,100,0,0,0,0,0,0,53,0,0,7
834,1896,6.44444,348,100,0,0,0,0,0,0,46,0,0,8
835,2408,6.66667,360,100,0,0,0,0,0,0,42,0,0,12
836,1848,6.22222,336,100,0,0,0,0,0,0,50,0,0,4
837,2032,6.39344,390,100,0,0,0,0,0,0,53,0,0,8
838,1648,6.44444,348,100,0,0,0,0,0,0,46,0,0,8
839,2040,6.51923,339,100,0,0,0,0,0,0,43,0,0,9
840,1696,6.45763,381,100,0,0,0,0,0,0,50,0,0,9
841,1380,6.5,351,100,0,0,0,0,0,0,45,0,0,9
842,1472,6.55556,354,100,0,0,0,0,0,0,44,0,0,10
843,1460,6.64286,372,100,0,0,0,0,0,0,44,0,0,12
844,1352,6.56897,381,100,0,0,0,0,0,0,47,0,0,11
845,1468,6.36842,363,100,0,0,0,0,0,0,50,0,0,7
846,1388,6.36842,363,100,0,0,0,0,0,0,50,0,0,7
847,1512,6.45,387,100,0,0,0,0,0,0,51,0,0,9
848,1156,6.44444,348,100,0,0,0,0,0,0,46,0,0,8
849,1268,6.31034,366,100,0,0,0,0,0,0,52,0,0,6
850,1444,6.2,372,100,0,0,0,0,0,0,56,0,0,4
851,1572,6.3,378,100,0,0,0,0,0,0,54,0,0,6
852,1652,6.19672,378,100,0,0,0,0,0,0,57,0,0,4
853,1396,6.21818,342,100,0,0,0,0,0,0,51,0,0,4
854,1716,6.15254,363,100,0,0,0,0,0,0,56,0,0,3
855,1824,6.09677,378,100,0,0,0,0,0,0,60,0,0,2
856,1260,6.15789,351,100,0,0,0,0,0,0,54,0,0,3
857,1492,6.21053,354,100,0,0,0,0,0,0,53,0,0,4
858,1176,6.17308,321,100,0,0,0,0,0,0,49,0,0,3
859,1208,6.15,369,100,0,0,0,0,0,0,57,0,0,3
860,1112,6.10345,354,100,0,0,0,0,0,0,56,0,0,2
861,1144,6.19672,378,100,0,0,0,0,0,0,57,0,0,4
862,1068,6.2,372,100,0,0,0,0,0,0,56,0,0,4
863,1044,6.16071,345,100,0,0,0,0,0,0,53,0,0,3
864,1156,6.2459,381,100,0,0,0,0,0,0,56,0,0,5
865,1140,6.10526,348,100,0,0,0,0,0,0,55,0,0,2
866,1056,6.05357,339,100,0,0,0,0,0,0,55,0,0,1
867,1276,6.19672,378,100,0,0,0,0,0,0,57,0,0,4
868,1148,6.2069,360,100,0,0,0,0,0,0,54,0,0,4
869,1196,6.15517,357,100,0,0,0,0,0,0,55,0,0,3
870,1240,6.31579,360,100,0,0,0,0,0,0,51,0,0,6
871,1260,6.31579,360,100,0,0,0,0,0,0,51,0,0,6
872,1436,6.35,381,100,0,0,0,0,0,0,53,0,0,7
873,1360,6.33333,399,100,0,0,0,0,0,0,56,0,0,7
874,1412,6.48387,402,100,0,0,0,0,0,0,52,0,0,10
875,1212,6.47368,369,100,0,0,0,0,0,0,48,0,0,9
876,1232,6.31034,366,100,0,0,0,0,0,0,52,0,0,6
877,1340,6.43548,399,100,0,0,0,0,0,0,53,0,0,9
878,1252,6.21053,354,100,0,0,0,0,0,0,53,0,0,4
879,1188,6.19672,378,100,0,0,0,0,0,0,57,0,0,4
880,1140,6.26316,357,100,0,0,0,0,0,0,52,0,0,5
881,1648,6.38095,402,100,0,0,0,0,0,0,55,0,0,8
882,1392,6.25,375,100,0,0,0,0,0,0,55,0,0,5
883,1384,6.2459,381,100,0,0,0,0,0,0,56,0,0,5
884,1344,6.29032,390,100,0,0,0,0,0,0,56,0,0,6
885,1388,6.4,384,100,0,0,0,0,0,0,52,0,0,8
886,1748,6.39344,390,100,0,0,0,0,0,0,53,0,0,8
887,1528,6.33871,393,100,0,0,0,0,0,0,55,0,0,7
888,1528,6.51724,378,100,0,0,0,0,0,0,48,0,0,10
889,1720,6.2069,360,100,0,0,0,0,0,0,54,0,0,4
890,2140,6.21053,354,100,0,0,0,0,0,0,53,0,0,4
891,2648,6.21053,354,100,0,0,0,0,0,0,53,0,0,4
892,1632,6.15254,363,100,0,0,0,0,0,0,56,0,0,3
893,1628,6.44444,348,100,0,0,0,0,0,0,46,0,0,8
894,1732,6.40351,365,100,0,0,0,0,0,0,49,0,1,7
895,1380,6.375,357,100,0,0,0,0,0,0,49,0,0,7
896,1252,6.11111,330,100,0,0,0,0,0,0,52,0,0,2
897,1496,6.14754,375,100,0,0,0,0,0,0,58,0,0,3
898,1452,6.29508,384,100,0,0,0,0,0,0,55,0,0,6
899,1420,6.21429,348,100,0,0,0,0,0,0,52,0,0,4
900,1276,6.38182,351,100,0,0,0,0,0,0,48,0,0,7
901,1192,6.33333,342,100,0,0,0,0,0,0,48,0,0,6
902,1460,6.375,408,100,0,0,0,0,0,0,56,0,0,8
903,1412,6.30508,372,100,0,0,0,0,0,0,53,0,0,6
904,1072,6.29032,390,100,0,0,0,0,0,0,56,0,0,6
905,1268,6.3,378,100,0,0,0,0,0,0,54,0,0,6
906,1412,6.21053,354,100,0,0,0,0,0,0,53,0,0,4
907,1308,6.10345,354,100,0,0,0,0,0,0,56,0,0,2
908,1224,6.10714,342,100,0,0,0,0,0,0,54,0,0,2
909,1420,6.15517,357,100,0,0,0,0,0,0,55,0,0,3
910,1440,6.31579,360,100,0,0,0,0,0,0,51,0,0,6
911,1216,6.26316,357,100,0,0,0,0,0,0,52,0,0,5
912,1172,6.05455,333,100,0,0,0,0,0,0,54,0,0,1
913,1136,6.21053,354,100,0,0,0,0,0,0,53,0,0,4
914,1104,6.15789,351,100,0,0,0,0,0,0,54,0,0,3
915,1048,6.11111,330,100,0,0,0,0,0,0,52,0,0,2
916,1288,6.2069,360,100,0,0,0,0,0,0,54,0,0,4
917,1096,6.21818,342,100,0,0,0,0,0,0,51,0,0,4
918,1016,6.10714,342,100,0,0,0,0,0,0,54,0,0,2
919,1148,6.16981,327,100,0,0,0,0,0,0,50,0,0,3
920,1328,6.40351,365,100,0,0,0,0,0,0,49,0,1,7
921,1020,6.10526,348,100,0,0,0,0,0,0,55,0,0,2
922,1032,6.10526,348,100,0,0,0,0,0,0,55,0,0,2
923,868,6.05357,339,100,0,0,0,0,0,0,55,0,0,1
924,1296,6.31034,366,100,0,0,0,0,0,0,52,0,0,6
925,1356,6.42105,366,100,0,0,0,0,0,0,49,0,0,8
926,1116,6.27273,345,100,0,0,0,0,0,0,50,0,0,5
927,1232,6.34426,387,100,0,0,0,0,0,0,54,0,0,7
928,1120,6.15517,357,100,0,0,0,0,0,0,55,0,0,3
929,1372,6.26316,357,100,0,0,0,0,0,0,52,0,0,5
930,1540,6.4,384,100,0,0,0,0,0,0,52,0,0,8
931,1052,6.29032,390,100,0,0,0,0,0,0,56,0,0,6
932,1020,6.28125,402,100,0,0,0,0,0,0,58,0,0,6
933,980,6.25424,369,100,0,0,0,0,0,0,54,0,0,5
934,1240,6.33871,393,100,0,0,0,0,0,0,55,0,0,7
935,1220,6.35593,375,100,0,0,0,0,0,0,52,0,0,7
936,1112,6.14516,381,100,0,0,0,0,0,0,59,0,0,3
937,1276,6.19672,378,100,0,0,0,0,0,0,57,0,0,4
938,1344,6.09524,384,100,0,0,0,0,0,0,61,0,0,2
939,1104,6.15517,357,100,0,0,0,0,0,0,55,0,0,3
940,1248,6.3,378,100,0,0,0,0,0,0,54,0,0,6
941,1056,6.1,366,100,0,0,0,0,0,0,58,0,0,2
942,1028,6.15789,351,100,0,0,0,0,0,0,54,0,0,3
943,1108,6,372,100,0,0,0,0,0,0,62,0,0,0
944,992,6.09836,372,100,0,0,0,0,0,0,59,0,0,2
945,832,6.04918,369,100,0,0,0,0,0,0,60,0,0,1
946,804,6.05263,345,100,0,0,0,0,0,0,56,0,0,1
947,904,6,330,100,0,0,0,0,0,0,55,0,0,0
948,1112,6.10714,342,100,0,0,0,0,0,0,54,0,0,2
949,1160,6,366,100,0,0,0,0,0,0,61,0,0,0
950,1100,6.05085,357,100,0,0,0,0,0,0,58,0,0,1
951,1160,6,372,100,0,0,0,0,0,0,62,0,0,0
952,968,6.04839,375,100,0,0,0,0,0,0,61,0,0,1
953,944,6,390,100,0,0,0,0,0,0,65,0,0,0
954,828,6,342,100,0,0,0,0,0,0,57,0,0,0
955,892,6,360,100,0,0,0,0,0,0,60,0,0,0
956,948,6.05357,339,100,0,0,0,0,0,0,55,0,0,1
957,880,6,342,100,0,0,0,0,0,0,57,0,0,0
958,924,6,354,100,0,0,0,0,0,0,59,0,0,0
959,1064,6.09375,390,100,0,0,0,0,0,0,62,0,0,2
960,1032,6.15789,351,100,0,0,0,0,0,0,54,0,0,3
961,1060,6.1,366,100,0,0,0,0,0,0,58,0,0,2
962,1012,6.10526,348,100,0,0,0,0,0,0,55,0,0,2
963,924,6.10169,360,100,0,0,0,0,0,0,57,0,0,2
964,928,6.10714,342,100,0,0,0,0,0,0,54,0,0,2
965,1060,6.04615,393,100,0,0,0,0,0,0,64,0,0,1
966,1156,6.14516,381,100,0,0,0,0,0,0,59,0,0,3
967,1136,6.09231,396,100,0,0,0,0,0,0,63,0,0,2
968,1188,6.13636,405,100,0,0,0,0,0,0,63,0,0,3
969,1224,6.09231,396,100,0,0,0,0,0,0,63,0,0,2
970,1476,6.09524,384,100,0,0,0,0,0,0,61,0,0,2
971,1436,6.09524,384,100,0,0,0,0,0,0,61,0,0,2
972,1416,6.05455,333,100,0,0,0,0,0,0,54,0,0,1
973,1476,6.05172,351,100,0,0,0,0,0,0,57,0,0,1
974,1152,6.05263,345,100,0,0,0,0,0,0,56,0,0,1
975,1104,6.05172,351,100,0,0,0,0,0,0,57,0,0,1
976,936,6,336,100,0,0,0,0,0,0,56,0,0,0
977,1248,6,390,100,0,0,0,0,0,0,65,0,0,0
978,1144,6,336,100,0,0,0,0,0,0,56,0,0,0
979,1396,6.05357,339,100,0,0,0,0,0,0,55,0,0,1
980,1392,6,330,100,0,0,0,0,0,0,55,0,0,0
981,1432,6,318,100,0,0,0,0,0,0,53,0,0,0
982,1532,6,342,100,0,0,0,0,0,0,57,0,0,0
983,1556,6.10169,360,100,0,0,0,0,0,0,57,0,0,2
984,1432,6.05172,351,100,0,0,0,0,0,0,57,0,0,1
985,1208,6.05,363,100,0,0,0,0,0,0,59,0,0,1
986,1296,6,360,100,0,0,0,0,0,0,60,0,0,0
987,1148,6,396,100,0,0,0,0,0,0,66,0,0,0
988,1000,6,348,100,0,0,0,0,0,0,58,0,0,0
989,1040,6.09375,390,100,0,0,0,0,0,0,62,0,0,2
990,1132,6.05,363,100,0,0,0,0,0,0,59,0,0,1
991,1060,6.05,363,100,0,0,0,0,0,0,59,0,0,1
992,1032,6.21818,342,100,0,0,0,0,0,0,51,0,0,4
993,1148,6.04839,375,100,0,0,0,0,0,0,61,0,0,1
994,1068,6.13115,374,100,0,0,0,0,0,0,58,0,1,2
995,1236,6.09231,396,100,0,0,0,0,0,0,63,0,0,2
996,1260,6.09836,372,100,0,0,0,0,0,0,59,0,0,2
997,1216,6.04762,381,100,0,0,0,0,0,0,62,0,0,1
998,1044,6.22222,336,100,0,0,0,0,0,0,50,0,0,4
999,956,6.21053,354,100,0,0,0,0,0,0,53,0,0,4
