update,points,mean_tasks,total_tasks,total_orgs,task_0,task_1,task_2,task_3,task_4,task_5,task_6,task_7,task_8
0,0,nan,0,9,0,0,0,0,0,0,0,0,0
1,2,0,0,9,1,0,0,0,0,0,0,0,0
2,4,0,0,9,2,0,0,0,0,0,0,0,0
3,6,0,0,9,3,0,0,0,0,0,0,0,0
4,8,0,0,9,4,0,0,0,0,0,0,0,0
5,10,0,0,9,5,0,0,0,0,0,0,0,0
6,14,0,0,9,5,0,0,0,0,0,0,0,0
7,16,0,0,9,5,0,0,0,0,0,0,0,0
8,18,0,0,9,5,0,0,0,0,0,0,0,0
9,20,0,0,9,5,0,0,0,0,0,0,0,0
10,20,0,0,9,5,0,0,0,0,0,0,0,0
11,22,0,0,9,5,0,0,0,0,0,0,0,0
12,20,1.6,8,9,4,0,0,0,0,0,0,0,1
13,22,0,0,9,5,0,0,0,0,0,0,0,0
14,24,0,0,9,5,0,0,0,0,0,0,0,0
15,28,0,0,9,5,0,0,0,0,0,0,0,0
16,30,0,0,9,5,0,0,0,0,0,0,0,0
17,32,0,0,9,5,0,0,0,0,0,0,0,0
18,32,0,0,9,5,0,0,0,0,0,0,0,0
19,34,0,0,9,5,0,0,0,0,0,0,0,0
20,36,0,0,9,5,0,0,0,0,0,0,0,0
21,40,0,0,9,5,0,0,0,0,0,0,0,0
22,40,0,0,9,5,0,0,0,0,0,0,0,0
23,44,0,0,9,5,0,0,0,0,0,0,0,0
24,46,0,0,9,5,0,0,0,0,0,0,0,0
25,46,0,0,9,5,0,0,0,0,0,0,0,0
26,48,0,0,9,5,0,0,0,0,0,0,0,0
27,50,0,0,9,5,0,0,0,0,0,0,0,0
28,52,0,0,9,5,0,0,0,0,0,0,0,0
29,36,0,0,10,5,0,0,0,0,0,0,0,0
30,36,0,0,10,5,0,0,0,0,0,0,0,0
31,40,0,0,10,5,0,0,0,0,0,0,0,0
32,44,0,0,10,6,0,0,0,0,0,0,0,0
33,46,0,0,10,6,0,0,0,0,0,0,0,0
34,48,0,0,10,6,0,0,0,0,0,0,0,0
35,50,0,0,10,6,0,0,0,0,0,0,0,0
36,52,0,0,10,6,0,0,0,0,0,0,0,0
37,58,0,0,10,6,0,0,0,0,0,0,0,0
38,60,0,0,10,6,0,0,0,0,0,0,0,0
39,62,0,0,10,6,0,0,0,0,0,0,0,0
40,66,0,0,10,6,0,0,0,0,0,0,0,0
41,66,0,0,10,6,0,0,0,0,0,0,0,0
42,70,0,0,10,6,0,0,0,0,0,0,0,0
43,74,0,0,10,6,0,0,0,0,0,0,0,0
44,74,0,0,10,6,0,0,0,0,0,0,0,0
45,80,0,0,10,6,0,0,0,0,0,0,0,0
46,80,0,0,10,6,0,0,0,0,0,0,0,0
47,86,0,0,10,6,0,0,0,0,0,0,0,0
48,88,0,0,10,6,0,0,0,0,0,0,0,0
49,90,0,0,10,6,0,0,0,0,0,0,0,0
50,94,0,0,10,6,0,0,0,0,0,0,0,0
51,94,0,0,10,6,0,0,0,0,0,0,0,0
52,94,0,0,10,6,0,0,0,0,0,0,0,0
53,82,0,0,11,6,0,0,0,0,0,0,0,0
54,64,0,0,12,6,0,0,0,0,0,0,0,0
55,48,0,0,13,6,0,0,0,0,0,0,0,0
56,52,0,0,13,7,0,0,0,0,0,0,0,0
57,52,0,0,13,7,0,0,0,0,0,0,0,0
58,20,0,0,15,8,0,0,0,0,0,0,0,0
59,24,0,0,15,9,0,0,0,0,0,0,0,0
60,26,0,0,15,9,0,0,0,0,0,0,0,0
61,34,0,0,15,10,0,0,0,0,0,0,0,0
62,38,0,0,15,10,0,0,0,0,0,0,0,0
63,48,0,0,15,10,0,0,0,0,0,0,0,0
64,50,0,0,15,10,0,0,0,0,0,0,0,0
65,50,0,0,15,10,0,0,0,0,0,0,0,0
66,60,0,0,15,10,0,0,0,0,0,0,0,0
67,62,0,0,15,10,0,0,0,0,0,0,0,0
68,64,0,0,15,10,0,0,0,0,0,0,0,0
69,74,0,0,15,10,0,0,0,0,0,0,0,0
70,76,0,0,15,10,0,0,0,0,0,0,0,0
71,88,0,0,15,10,0,0,0,0,0,0,0,0
72,90,0,0,15,10,0,0,0,0,0,0,0,0
73,92,0,0,15,10,0,0,0,0,0,0,0,0
74,98,0,0,15,10,0,0,0,0,0,0,0,0
75,100,0,0,15,10,0,0,0,0,0,0,0,0
76,108,0,0,15,10,0,0,0,0,0,0,0,0
77,112,0,0,15,10,0,0,0,0,0,0,0,0
78,114,0,0,15,10,0,0,0,0,0,0,0,0
79,124,0,0,15,10,0,0,0,0,0,0,0,0
80,128,0,0,15,10,0,0,0,0,0,0,0,0
81,112,0,0,16,10,0,0,0,0,0,0,0,0
82,120,0,0,16,10,0,0,0,0,0,0,0,0
83,120,0,0,16,10,0,0,0,0,0,0,0,0
84,86,0,0,16,10,0,0,0,0,0,0,0,0
85,90,0,0,16,10,0,0,0,0,0,0,0,0
86,64,0,0,16,9,0,0,0,0,0,0,0,0
87,76,0,0,16,10,0,0,0,0,0,0,0,0
88,76,0,0,16,10,0,0,0,0,0,0,0,0
89,86,0,0,16,11,0,0,0,0,0,0,0,0
90,92,0,0,16,11,0,0,0,0,0,0,0,0
91,94,0,0,16,11,0,0,0,0,0,0,0,0
92,106,0,0,16,11,0,0,0,0,0,0,0,0
93,106,0,0,16,11,0,0,0,0,0,0,0,0
94,82,0,0,16,10,0,0,0,0,0,0,0,0
95,90,0,0,16,10,0,0,0,0,0,0,0,0
96,94,0,0,16,10,0,0,0,0,0,0,0,0
97,106,0,0,16,11,0,0,0,0,0,0,0,0
98,108,0,0,16,11,0,0,0,0,0,0,0,0
99,112,0,0,16,11,0,0,0,0,0,0,0,0
100,118,0,0,16,11,0,0,0,0,0,0,0,0
101,124,0,0,16,11,0,0,0,0,0,0,0,0
102,134,0,0,16,11,0,0,0,0,0,0,0,0
103,138,0,0,16,11,0,0,0,0,0,0,0,0
104,140,0,0,16,11,0,0,0,0,0,0,0,0
105,148,0,0,16,11,0,0,0,0,0,0,0,0
106,132,0,0,17,11,0,0,0,0,0,0,0,0
107,118,0,0,18,11,0,0,0,0,0,0,0,0
108,106,0,0,18,11,0,0,0,0,0,0,0,0
109,106,0,0,18,11,0,0,0,0,0,0,0,0
110,60,0,0,19,11,0,0,0,0,0,0,0,0
111,44,0,0,20,11,0,0,0,0,0,0,0,0
112,50,0,0,20,11,0,0,0,0,0,0,0,0
113,58,0,0,20,12,0,0,0,0,0,0,0,0
114,60,0,0,20,12,0,0,0,0,0,0,0,0
115,66,0,0,20,12,0,0,0,0,0,0,0,0
116,74,0,0,20,13,0,0,0,0,0,0,0,0
117,92,0.615385,8,21,12,0,0,0,0,0,0,0,1
118,104,0.615385,8,21,12,0,0,0,0,0,0,0,1
119,106,0.615385,8,21,12,0,0,0,0,0,0,0,1
120,114,0.615385,8,21,12,0,0,0,0,0,0,0,1
121,130,0,0,21,14,0,0,0,0,0,0,0,0
122,144,0.571429,8,21,13,0,0,0,0,0,0,0,1
123,158,0.571429,8,21,13,0,0,0,0,0,0,0,1
124,160,0.571429,8,21,13,0,0,0,0,0,0,0,1
125,164,0.571429,8,21,13,0,0,0,0,0,0,0,1
126,180,0,0,21,15,0,0,0,0,0,0,0,0
127,166,0.571429,8,22,13,0,0,0,0,0,0,0,1
128,178,0.571429,8,22,13,0,0,0,0,0,0,0,1
129,184,0.533333,8,22,14,0,0,0,0,0,0,0,1
130,188,0.533333,8,22,14,0,0,0,0,0,0,0,1
131,180,0,0,22,14,0,0,0,0,0,0,0,0
132,186,0,0,22,14,0,0,0,0,0,0,0,0
133,152,0.615385,8,22,12,0,0,0,0,0,0,0,1
134,142,0.615385,8,23,12,0,0,0,0,0,0,0,1
135,150,0.533333,8,23,14,0,0,0,0,0,0,0,1
136,128,0.5,8,25,15,0,0,0,0,0,0,0,1
137,140,0,0,25,16,0,0,0,0,0,0,0,0
138,142,0.5,8,25,15,0,0,0,0,0,0,0,1
139,120,0.5,8,25,15,0,0,0,0,0,0,0,1
140,108,0.444444,8,26,17,0,0,0,0,0,0,0,1
141,114,0.470588,8,26,16,0,0,0,0,0,0,0,1
142,124,0.444444,8,26,17,0,0,0,0,0,0,0,1
143,142,0.842105,16,27,17,0,0,0,0,0,0,0,2
144,160,0.842105,16,27,17,0,0,0,0,0,0,0,2
145,174,0.4,8,27,19,0,0,0,0,0,0,0,1
146,176,0.842105,16,27,17,0,0,0,0,0,0,0,2
147,154,0.421053,8,27,18,0,0,0,0,0,0,0,1
148,160,0.421053,8,27,18,0,0,0,0,0,0,0,1
149,176,0.421053,8,27,18,0,0,0,0,0,0,0,1
150,182,0.421053,8,27,18,0,0,0,0,0,0,0,1
151,178,0.4,8,28,19,0,0,0,0,0,0,0,1
152,206,0.8,16,29,18,0,0,0,0,0,0,0,2
153,186,0.842105,16,29,17,0,0,0,0,0,0,0,2
154,196,0.842105,16,29,17,0,0,0,0,0,0,0,2
155,210,0.421053,8,29,18,0,0,0,0,0,0,0,1
156,224,0.380952,8,29,20,0,0,0,0,0,0,0,1
157,236,0.380952,8,30,20,0,0,0,0,0,0,0,1
158,256,0.727273,16,30,20,0,0,0,0,0,0,0,2
159,232,0.761905,16,30,19,0,0,0,0,0,0,0,2
160,224,0.761905,16,31,19,0,0,0,0,0,0,0,2
161,244,0.347826,8,31,22,0,0,0,0,0,0,0,1
162,214,0.380952,8,31,20,0,0,0,0,0,0,0,1
163,228,0.380952,8,31,20,0,0,0,0,0,0,0,1
164,216,0.363636,8,32,21,0,0,0,0,0,0,0,1
165,212,0.347826,8,33,22,0,0,0,0,0,0,0,1
166,176,0,0,33,25,0,0,0,0,0,0,0,0
167,186,0.695652,16,34,21,0,0,0,0,0,0,0,2
168,206,1.04348,24,35,20,0,0,0,0,0,0,0,3
169,218,1,24,35,21,0,0,0,0,0,0,0,3
170,236,1,24,35,21,0,0,0,0,0,0,0,3
171,232,1.33333,32,35,20,0,0,0,0,0,0,0,4
172,224,0.333333,8,35,23,0,0,0,0,0,0,0,1
173,250,1,24,37,21,0,0,0,0,0,0,0,3
174,264,1.66667,40,38,19,0,0,0,0,0,0,0,5
175,268,1.18519,32,39,23,0,0,0,0,0,0,0,4
176,260,1.42857,40,39,23,0,0,0,0,0,0,0,5
177,262,0.827586,24,39,26,0,0,0,0,0,0,0,3
178,282,0.857143,24,39,25,0,0,0,0,0,0,0,3
179,312,1.06667,32,40,26,0,0,0,0,0,0,0,4
180,280,1.33333,40,40,25,0,0,0,0,0,0,0,5
181,320,1.5,48,41,26,0,0,0,0,0,0,0,6
182,328,1,32,41,28,0,0,0,0,0,0,0,4
183,372,1.29032,40,41,26,0,0,0,0,0,0,0,5
184,388,1.25,40,42,27,0,0,0,0,0,0,0,5
185,388,1.21212,40,42,28,0,0,0,0,0,0,0,5
186,378,1.21212,40,43,28,0,0,0,0,0,0,0,5
187,420,1.37143,48,44,29,0,0,0,0,0,0,0,6
188,354,0.969697,32,46,29,0,0,0,0,0,0,0,4
189,318,1.41176,48,48,28,0,0,0,0,0,0,0,6
190,304,1.14286,40,48,30,0,0,0,0,0,0,0,5
191,282,1.2973,48,48,31,0,0,0,0,0,0,0,6
192,272,1.11111,40,48,31,0,0,0,0,0,0,0,5
193,294,1.33333,48,49,30,0,0,0,0,0,0,0,6
194,366,1.23077,48,51,33,0,0,0,0,0,0,0,6
195,376,1.02564,40,51,34,0,0,0,0,0,0,0,5
196,414,1.4,56,53,33,0,0,0,0,0,0,0,7
197,438,1.09091,48,54,38,0,0,0,0,0,0,0,6
198,412,1.11628,48,56,37,0,0,0,0,0,0,0,6
199,412,1.14286,48,58,36,0,0,0,0,0,0,0,6
200,446,1.42222,64,61,37,0,0,0,0,0,0,0,8
201,442,1.41176,72,62,42,0,0,0,0,0,0,0,9
202,462,1.2549,64,63,43,0,0,0,0,0,0,0,8
203,432,1.76,88,64,39,0,0,0,0,0,0,0,11
204,504,1.41176,72,64,42,0,0,0,0,0,0,0,9
205,466,1.6,80,64,40,0,0,0,0,0,0,0,10
206,512,1.95918,96,65,37,0,0,0,0,0,0,0,12
207,568,1.35849,72,65,44,0,0,0,0,0,0,0,9
208,536,1.2549,64,67,43,0,0,0,0,0,0,0,8
209,556,1.6,80,68,40,0,0,0,0,0,0,0,10
210,404,1.46939,72,68,40,0,0,0,0,0,0,0,9
211,466,1.56863,80,69,41,0,0,0,0,0,0,0,10
212,502,1.48148,80,69,44,0,0,0,0,0,0,0,10
213,522,1.69231,88,69,41,0,0,0,0,0,0,0,11
214,532,1.62963,88,71,43,0,0,0,0,0,0,0,11
215,520,1.71429,96,72,44,0,0,0,0,0,0,0,12
216,520,1.68421,96,74,45,0,0,0,0,0,0,0,12
217,546,1.92593,104,75,41,0,0,0,0,0,0,0,13
218,618,1.82456,104,76,44,0,0,0,0,0,0,0,13
219,624,1.71429,96,76,44,0,0,0,0,0,0,0,12
220,708,1.93103,112,79,44,0,0,0,0,0,0,0,14
221,504,2,112,81,42,0,0,0,0,0,0,0,14
222,554,1.89831,112,82,45,0,0,0,0,0,0,0,14
223,602,2.28571,144,83,45,0,0,0,0,0,0,0,18
224,696,2.75,176,83,42,0,0,0,0,0,0,0,22
225,692,2.375,152,83,45,0,0,0,0,0,0,0,19
226,608,2.125,136,83,47,0,0,0,0,0,0,0,17
227,622,2.125,136,83,47,0,0,0,0,0,0,0,17
228,680,2.06061,136,83,49,0,0,0,0,0,0,0,17
229,678,2.21538,144,84,47,0,0,0,0,0,0,0,18
230,608,2.46154,160,84,45,0,0,0,0,0,0,0,20
231,654,2.08696,144,85,51,0,0,0,0,0,0,0,18
232,622,2.11765,144,85,50,0,0,0,0,0,0,0,18
233,738,1.97101,136,86,52,0,0,0,0,0,0,0,17
234,702,2.02985,136,86,50,0,0,0,0,0,0,0,17
235,596,2.15873,136,87,46,0,0,0,0,0,0,0,17
236,582,1.875,120,87,49,0,0,0,0,0,0,0,15
237,608,2.09231,136,87,48,0,0,0,0,0,0,0,17
238,662,2.21538,144,87,47,0,0,0,0,0,0,0,18
239,622,2.125,136,87,47,0,0,0,0,0,0,0,17
240,558,2.62295,160,87,41,0,0,0,0,0,0,0,20
241,606,2.93333,176,88,38,0,0,0,0,0,0,0,22
242,716,3.33333,200,89,35,0,0,0,0,0,0,0,25
243,694,3.04762,192,89,39,0,0,0,0,0,0,0,24
244,610,2.66667,160,91,40,0,0,0,0,0,0,0,20
245,650,2.71186,160,91,39,0,0,0,0,0,0,0,20
246,648,2.71186,160,91,39,0,0,0,0,0,0,0,20
247,724,2.62295,160,91,41,0,0,0,0,0,0,0,20
248,676,2.44068,144,91,41,0,0,0,0,0,0,0,18
249,600,2.28571,128,92,40,0,0,0,0,0,0,0,16
250,602,2.4,144,93,42,0,0,0,0,0,0,0,18
251,712,2.53333,152,94,41,0,0,0,0,0,0,0,19
252,728,2.88525,176,95,39,0,0,0,0,0,0,0,22
253,672,2.93333,176,95,38,0,0,0,0,0,0,0,22
254,708,2.83077,184,95,42,0,0,0,0,0,0,0,23
255,742,2.50746,168,95,46,0,0,0,0,0,0,0,21
256,698,2.95385,192,97,41,0,0,0,0,0,0,0,24
257,692,2.70769,176,97,43,0,0,0,0,0,0,0,22
258,714,2.55556,184,98,49,0,0,0,0,0,0,0,23
259,760,2.74286,192,98,46,0,0,0,0,0,0,0,24
260,792,2.74286,192,98,46,0,0,0,0,0,0,0,24
261,830,3.01449,208,98,43,0,0,0,0,0,0,0,26
262,788,2.55072,176,98,47,0,0,0,0,0,0,0,22
263,738,2.78261,192,99,45,0,0,0,0,0,0,0,24
264,794,3.39394,224,99,38,0,0,0,0,0,0,0,28
265,750,2.74627,184,99,44,0,0,0,0,0,0,0,23
266,784,3.69231,240,99,35,0,0,0,0,0,0,0,30
267,770,4.18462,272,99,31,0,0,0,0,0,0,0,34
268,608,3.67213,224,99,33,0,0,0,0,0,0,0,28
269,676,3.41176,232,100,39,0,0,0,0,0,0,0,29
270,818,4.11765,280,100,33,0,0,0,0,0,0,0,35
271,790,3.94203,272,100,35,0,0,0,0,0,0,0,34
272,712,3.39394,224,100,38,0,0,0,0,0,0,0,28
273,678,3.1746,200,100,38,0,0,0,0,0,0,0,25
274,664,3.1746,200,100,38,0,0,0,0,0,0,0,25
275,736,2.83077,184,100,42,0,0,0,0,0,0,0,23
276,826,2.42424,160,100,46,0,0,0,0,0,0,0,20
277,874,2.78261,192,100,45,0,0,0,0,0,0,0,24
278,860,2.82353,192,100,44,0,0,0,0,0,0,0,24
279,802,2.47887,176,100,49,0,0,0,0,0,0,0,22
280,714,2.86567,192,100,43,0,0,0,0,0,0,0,24
281,840,2.89855,200,100,44,0,0,0,0,0,0,0,25
282,916,3.24638,224,100,41,0,0,0,0,0,0,0,28
283,764,2.62687,176,100,45,0,0,0,0,0,0,0,22
284,850,3.0303,200,100,41,0,0,0,0,0,0,0,25
285,920,2.88889,208,100,46,0,0,0,0,0,0,0,26
286,814,3.375,216,100,37,0,0,0,0,0,0,0,27
287,788,3.14754,192,100,37,0,0,0,0,0,0,0,24
288,768,2.96774,184,100,39,0,0,0,0,0,0,0,23
289,702,3.1746,200,100,38,0,0,0,0,0,0,0,25
290,728,2.66667,168,100,42,0,0,0,0,0,0,0,21
291,764,3.30159,208,100,37,0,0,0,0,0,0,0,26
292,660,2.875,184,100,41,0,0,0,0,0,0,0,23
293,598,2.47059,168,100,47,0,0,0,0,0,0,0,21
294,808,2.78261,192,100,45,0,0,0,0,0,0,0,24
295,798,2.85714,200,100,45,0,0,0,0,0,0,0,25
296,716,3.05882,208,100,42,0,0,0,0,0,0,0,26
297,720,3.32308,216,100,38,0,0,0,0,0,0,0,27
298,788,2.77778,200,100,47,0,0,0,0,0,0,0,25
299,842,3.24638,224,100,41,0,0,0,0,0,0,0,28
300,850,3.31429,232,100,41,0,0,0,0,0,0,0,29
301,788,3.52941,240,100,38,0,0,0,0,0,0,0,30
302,872,2.95385,192,100,41,0,0,0,0,0,0,0,24
303,758,2.85714,200,100,45,0,0,0,0,0,0,0,25
304,734,3.29412,224,100,40,0,0,0,0,0,0,0,28
305,660,2.92958,208,100,45,0,0,0,0,0,0,0,26
306,810,3.33333,240,100,42,0,0,0,0,0,0,0,30
307,832,3.02703,224,100,46,0,0,0,0,0,0,0,28
308,748,3.26761,232,100,42,0,0,0,0,0,0,0,29
309,896,3.2,240,100,45,0,0,0,0,0,0,0,30
310,898,3.83099,272,100,37,0,0,0,0,0,0,0,34
311,846,3.56757,264,100,41,0,0,0,0,0,0,0,33
312,854,3.52,264,100,42,0,0,0,0,0,0,0,33
313,862,3.67568,272,100,40,0,0,0,0,0,0,0,34
314,892,4.11111,296,100,35,0,0,0,0,0,0,0,37
315,834,4.23529,288,100,32,0,0,0,0,0,0,0,36
316,776,4.4058,304,100,31,0,0,0,0,0,0,0,38
317,750,4.11429,288,100,34,0,0,0,0,0,0,0,36
318,1016,4.77778,344,100,29,0,0,0,0,0,0,0,43
319,876,4.44444,320,100,32,0,0,0,0,0,0,0,40
320,786,4.28986,296,100,32,0,0,0,0,0,0,0,37
321,866,4.68571,328,100,29,0,0,0,0,0,0,0,41
322,832,4.58824,312,100,29,0,0,0,0,0,0,0,39
323,836,4.16901,296,100,34,0,0,0,0,0,0,0,37
324,812,4.52174,312,100,30,0,0,0,0,0,0,0,39
325,848,3.9403,264,100,34,0,0,0,0,0,0,0,33
326,862,4.1791,280,100,32,0,0,0,0,0,0,0,35
327,766,3.64706,248,100,37,0,0,0,0,0,0,0,31
328,976,4.12329,301,100,35,0,0,0,0,1,0,0,37
329,970,3.43421,261,100,43,0,0,0,0,1,0,0,32
330,1030,4.12,309,100,36,0,0,0,0,1,0,0,38
331,894,3.78378,280,100,39,0,0,0,0,0,0,0,35
332,984,4.21622,312,100,35,0,0,0,0,0,0,0,39
333,1016,3.57895,272,100,42,0,0,0,0,0,0,0,34
334,858,3.08571,216,100,43,0,0,0,0,0,0,0,27
335,956,3.07692,240,100,48,0,0,0,0,0,0,0,30
336,1066,3.94521,288,100,37,0,0,0,0,0,0,0,36
337,910,3.72603,272,100,39,0,0,0,0,0,0,0,34
338,890,3.55556,256,100,40,0,0,0,0,0,0,0,32
339,1102,3.73333,280,100,40,0,0,0,0,0,0,0,35
340,1050,3.94667,296,100,38,0,0,0,0,0,0,0,37
341,1144,3.09333,232,100,46,0,0,0,0,0,0,0,29
342,1172,3.60563,256,100,39,0,0,0,0,0,0,0,32
343,1246,4.22857,296,100,33,0,0,0,0,0,0,0,37
344,1136,4.18462,272,100,31,0,0,0,0,0,0,0,34
345,1134,4.0597,272,100,33,0,0,0,0,0,0,0,34
346,808,4,256,100,32,0,0,0,0,0,0,0,32
347,940,4.35294,296,100,31,0,0,0,0,0,0,0,37
348,1038,4.24242,280,100,31,0,0,0,0,0,0,0,35
349,932,4,264,100,33,0,0,0,0,0,0,0,33
350,1016,4.06154,264,100,32,0,0,0,0,0,0,0,33
351,1154,4.125,264,100,31,0,0,0,0,0,0,0,33
352,1166,4.57143,288,100,27,0,0,0,0,0,0,0,36
353,910,4.35294,296,100,31,0,0,0,0,0,0,0,37
354,934,4.375,280,100,29,0,0,0,0,0,0,0,35
355,890,4.47458,264,100,26,0,0,0,0,0,0,0,33
356,660,4.375,280,100,29,0,0,0,0,0,0,0,35
357,774,5.11475,312,100,22,0,0,0,0,0,0,0,39
358,854,4.67692,304,100,27,0,0,0,0,0,0,0,38
359,870,4.44444,280,100,28,0,0,0,0,0,0,0,35
360,760,3.63636,240,100,36,0,0,0,0,0,0,0,30
361,800,3.34328,224,100,39,0,0,0,0,0,0,0,28
362,882,3.54286,248,100,39,0,0,0,0,0,0,0,31
363,864,3.10448,208,100,41,0,0,0,0,0,0,0,26
364,734,2.4,168,100,49,0,0,0,0,0,0,0,21
365,870,3.01471,205,100,42,0,0,0,0,1,0,0,25
366,902,3.4507,245,100,40,0,0,0,0,1,0,0,30
367,838,3.41176,232,100,39,0,0,0,0,0,0,0,29
368,912,2.88889,208,100,46,0,0,0,0,0,0,0,26
369,904,3.2,224,100,42,0,0,0,0,0,0,0,28
370,914,3.33333,240,100,42,0,0,0,0,0,0,0,30
371,1016,3.42857,240,100,40,0,0,0,0,0,0,0,30
372,1026,3.15493,224,100,43,0,0,0,0,0,0,0,28
373,1032,3.17647,216,100,41,0,0,0,0,0,0,0,27
374,916,3.81538,248,100,34,0,0,0,0,0,0,0,31
375,892,3.87879,256,100,34,0,0,0,0,0,0,0,32
376,946,4.17391,288,100,33,0,0,0,0,0,0,0,36
377,898,3.54286,248,100,39,0,0,0,0,0,0,0,31
378,944,4.35294,296,100,31,0,0,0,0,0,0,0,37
379,1004,4.44444,320,100,32,0,0,0,0,0,0,0,40
380,862,3.63636,240,100,36,0,0,0,0,0,0,0,30
381,938,3.88235,264,100,35,0,0,0,0,0,0,0,33
382,914,3.2,224,100,42,0,0,0,0,0,0,0,28
383,956,3.36232,232,100,40,0,0,0,0,0,0,0,29
384,1028,3.15493,224,100,43,0,0,0,0,0,0,0,28
385,898,2.97143,208,100,44,0,0,0,0,0,0,0,26
386,904,3,216,100,45,0,0,0,0,0,0,0,27
387,924,2.85714,200,100,45,0,0,0,0,0,0,0,25
388,824,2.82353,192,100,44,0,0,0,0,0,0,0,24
389,820,2.73973,200,100,48,0,0,0,0,0,0,0,25
390,968,2.35897,184,100,55,0,0,0,0,0,0,0,23
391,912,2.59155,184,100,48,0,0,0,0,0,0,0,23
392,850,2.84932,208,100,47,0,0,0,0,0,0,0,26
393,960,3,216,100,45,0,0,0,0,0,0,0,27
394,1054,2.31579,176,100,54,0,0,0,0,0,0,0,22
395,920,3.2,224,100,42,0,0,0,0,0,0,0,28
396,872,2.52055,184,100,50,0,0,0,0,0,0,0,23
397,886,2.17143,152,100,51,0,0,0,0,0,0,0,19
398,790,2.31884,160,100,49,0,0,0,0,0,0,0,20
399,818,2.55072,176,100,47,0,0,0,0,0,0,0,22
400,816,3.02703,224,100,46,0,0,0,0,0,0,0,28
401,870,3.02703,224,100,46,0,0,0,0,0,0,0,28
402,796,3.22222,232,100,43,0,0,0,0,0,0,0,29
403,890,2.84932,208,100,47,0,0,0,0,0,0,0,26
404,956,2.73684,208,100,50,0,0,0,0,0,0,0,26
405,912,2.47887,176,100,49,0,0,0,0,0,0,0,22
406,942,3.10606,205,100,40,0,0,0,0,1,0,0,25
407,820,3.0303,200,100,41,0,0,0,0,0,0,0,25
408,930,3.13514,232,100,45,0,0,0,0,0,0,0,29
409,992,3.61644,264,100,40,0,0,0,0,0,0,0,33
410,910,3,216,100,45,0,0,0,0,0,0,0,27
411,888,3.11111,224,100,44,0,0,0,0,0,0,0,28
412,904,3.28767,240,100,43,0,0,0,0,0,0,0,30
413,848,2.77778,200,100,47,0,0,0,0,0,0,0,25
414,878,2.98667,224,100,47,0,0,0,0,0,0,0,28
415,952,3.66667,264,100,39,0,0,0,0,0,0,0,33
416,874,3.42857,264,100,44,0,0,0,0,0,0,0,33
417,952,3.22078,248,100,46,0,0,0,0,0,0,0,31
418,930,3.42857,264,100,44,0,0,0,0,0,0,0,33
419,888,3.83562,280,100,38,0,0,0,0,0,0,0,35
420,954,3.62667,272,100,41,0,0,0,0,0,0,0,34
421,916,3.04225,216,100,44,0,0,0,0,0,0,0,27
422,964,3.02703,224,100,46,0,0,0,0,0,0,0,28
423,990,3.78378,280,100,39,0,0,0,0,0,0,0,35
424,1032,3.57895,272,100,42,0,0,0,0,0,0,0,34
425,1050,3.53247,272,100,43,0,0,0,0,0,0,0,34
426,1120,3.35802,272,100,47,0,0,0,0,0,0,0,34
427,960,3.42857,264,100,44,0,0,0,0,0,0,0,33
428,1010,2.53165,200,100,54,0,0,0,0,0,0,0,25
429,980,3.06849,224,100,45,0,0,0,0,0,0,0,28
430,930,3.54286,248,100,39,0,0,0,0,0,0,0,31
431,1044,3.78378,280,100,39,0,0,0,0,0,0,0,35
432,910,2.80519,216,100,50,0,0,0,0,0,0,0,27
433,874,3.11111,224,100,44,0,0,0,0,0,0,0,28
434,948,3.2,240,100,45,0,0,0,0,0,0,0,30
435,936,3.39726,248,100,42,0,0,0,0,0,0,0,31
436,986,3.72603,272,100,39,0,0,0,0,0,0,0,34
437,1050,3.22368,245,100,45,0,0,0,0,1,0,0,30
438,1032,3.16,237,100,45,0,0,0,0,1,0,0,29
439,1040,3.13514,232,100,45,0,0,0,0,0,0,0,29
440,1136,2.5679,208,100,55,0,0,0,0,0,0,0,26
441,1146,2.87179,224,100,50,0,0,0,0,0,0,0,28
442,1138,2.48649,184,100,51,0,0,0,0,0,0,0,23
443,1100,2.14085,152,100,52,0,0,0,0,0,0,0,19
444,1084,2.2029,152,100,50,0,0,0,0,0,0,0,19
445,1046,2.4,168,100,49,0,0,0,0,0,0,0,21
446,1096,3.04225,216,100,44,0,0,0,0,0,0,0,27
447,1180,2.52632,192,100,52,0,0,0,0,0,0,0,24
448,1202,3.26761,232,100,42,0,0,0,0,0,0,0,29
449,872,2.91892,216,100,47,0,0,0,0,0,0,0,27
450,922,3.64706,248,100,37,0,0,0,0,0,0,0,31
451,922,3.72603,272,100,39,0,0,0,0,0,0,0,34
452,940,3.82609,264,100,36,0,0,0,0,0,0,0,33
453,944,3.22222,232,100,43,0,0,0,0,0,0,0,29
454,1056,3.78378,280,100,39,0,0,0,0,0,0,0,35
455,1022,3.08571,216,100,43,0,0,0,0,0,0,0,27
456,1048,3.55556,256,100,40,0,0,0,0,0,0,0,32
457,1014,3.94203,272,100,35,0,0,0,0,0,0,0,34
458,1060,3.33333,240,100,42,0,0,0,0,0,0,0,30
459,1106,4,264,100,33,0,0,0,0,0,0,0,33
460,1012,3.93846,256,100,33,0,0,0,0,0,0,0,32
461,1038,3.63636,240,100,36,0,0,0,0,0,0,0,30
462,1154,3.42857,240,100,40,0,0,0,0,0,0,0,30
463,1100,3.54286,248,100,39,0,0,0,0,0,0,0,31
464,792,3.08571,216,100,43,0,0,0,0,0,0,0,27
465,888,3.76471,256,100,36,0,0,0,0,0,0,0,32
466,942,3.66667,264,100,39,0,0,0,0,0,0,0,33
467,898,3.55556,256,100,40,0,0,0,0,0,0,0,32
468,946,4,288,100,36,0,0,0,0,0,0,0,36
469,984,3.83562,280,100,38,0,0,0,0,0,0,0,35
470,968,4.38889,316,100,32,0,0,0,1,0,0,0,39
471,892,3.83099,272,100,37,0,0,0,0,0,0,0,34
472,912,3.76471,256,100,36,0,0,0,0,0,0,0,32
473,896,2.92958,208,100,45,0,0,0,0,0,0,0,26
474,1054,4.12121,272,100,32,0,0,0,0,0,0,0,34
475,920,4.0597,272,100,33,0,0,0,0,0,0,0,34
476,856,4,280,100,35,0,0,0,0,0,0,0,35
477,978,3.58209,240,100,37,0,0,0,0,0,0,0,30
478,804,3.86667,232,100,31,0,0,0,0,0,0,0,29
479,806,3.74194,232,100,33,0,0,0,0,0,0,0,29
480,846,4.51613,280,100,27,0,0,0,0,0,0,0,35
481,832,4.26667,256,100,28,0,0,0,0,0,0,0,32
482,884,3.39394,224,100,38,0,0,0,0,0,0,0,28
483,998,3.47826,240,100,39,0,0,0,0,0,0,0,30
484,964,4.22857,296,100,33,0,0,0,0,0,0,0,37
485,972,4.24242,280,100,31,0,0,0,0,0,0,0,35
486,1120,4.58824,312,100,29,0,0,0,0,0,0,0,39
487,910,4.36364,288,100,30,0,0,0,0,0,0,0,36
488,960,4.0597,272,100,33,0,0,0,0,0,0,0,34
489,928,4,256,100,32,0,0,0,0,0,0,0,32
490,1126,4.11765,280,100,33,0,0,0,0,0,0,0,35
491,1198,4.24242,280,100,31,0,0,0,0,0,0,0,35
492,1058,3.55556,224,100,35,0,0,0,0,0,0,0,28
493,1200,4.36364,288,100,30,0,0,0,0,0,0,0,36
494,1406,4.70588,320,100,28,0,0,0,0,0,0,0,40
495,1318,4.31746,272,100,29,0,0,0,0,0,0,0,34
496,1476,4.36364,288,100,30,0,0,0,0,0,0,0,36
497,1124,4.07353,277,100,33,0,0,0,0,1,0,0,34
498,1090,3.83333,253,100,34,0,0,0,0,1,0,0,31
499,1048,4.19672,256,100,29,0,0,0,0,0,0,0,32
500,1232,4.4,264,100,27,0,0,0,0,0,0,0,33
501,1244,3.75,240,100,34,0,0,0,0,0,0,0,30
502,1048,3.29412,224,100,40,0,0,0,0,0,0,0,28
503,1056,3.48387,216,100,35,0,0,0,0,0,0,0,27
504,890,3.81538,248,100,34,0,0,0,0,0,0,0,31
505,1086,3.22388,216,100,40,0,0,0,0,0,0,0,27
506,1294,3.32308,216,100,38,0,0,0,0,0,0,0,27
507,1162,3.30159,208,100,37,0,0,0,0,0,0,0,26
508,1146,3.54098,216,100,34,0,0,0,0,0,0,0,27
509,1106,3.92982,224,100,29,0,0,0,0,0,0,0,28
510,1040,3.58621,208,100,32,0,0,0,0,0,0,0,26
511,1042,2.95385,192,100,41,0,0,0,0,0,0,0,24
512,1052,3.22581,200,100,37,0,0,0,0,0,0,0,25
513,1202,3.27273,216,100,39,0,0,0,0,0,0,0,27
514,1060,2.875,184,100,41,0,0,0,0,0,0,0,23
515,1086,2.70769,176,100,43,0,0,0,0,0,0,0,22
516,1102,2.58462,168,100,44,0,0,0,0,0,0,0,21
517,1222,2.78788,184,100,43,0,0,0,0,0,0,0,23
518,1052,2.70968,168,100,41,0,0,0,0,0,0,0,21
519,1084,2.78788,184,100,43,0,0,0,0,0,0,0,23
520,1034,2.82812,181,100,41,0,0,0,0,1,0,0,22
521,1124,2.90909,192,100,42,0,0,0,0,0,0,0,24
522,1076,2.78788,184,100,43,0,0,0,0,0,0,0,23
523,1234,2.66667,184,100,46,0,0,0,0,0,0,0,23
524,1160,2.78261,192,100,45,0,0,0,0,0,0,0,24
525,1178,3.10448,208,100,41,0,0,0,0,0,0,0,26
526,1158,2.54545,168,100,45,0,0,0,0,0,0,0,21
527,1342,2.74627,184,100,44,0,0,0,0,0,0,0,23
528,1378,2.44444,176,100,50,0,0,0,0,0,0,0,22
529,1138,2.43478,168,100,48,0,0,0,0,0,0,0,21
530,1020,2.4,168,100,49,0,0,0,0,0,0,0,21
531,1096,2.25352,160,100,51,0,0,0,0,0,0,0,20
532,1178,2.17143,152,100,51,0,0,0,0,0,0,0,19
533,1272,2.55556,184,100,49,0,0,0,0,0,0,0,23
534,1242,2.05405,152,100,55,0,0,0,0,0,0,0,19
535,1250,1.94286,136,100,53,0,0,0,0,0,0,0,17
536,1296,2.26866,152,100,48,0,0,0,0,0,0,0,19
537,1272,2.21538,144,100,47,0,0,0,0,0,0,0,18
538,1012,2.06061,136,100,49,0,0,0,0,0,0,0,17
539,1120,2.09231,136,100,48,0,0,0,0,0,0,0,17
540,1032,2.375,152,100,45,0,0,0,0,0,0,0,19
541,1144,2.74627,184,100,44,0,0,0,0,0,0,0,23
542,1028,3.87879,256,100,34,0,0,0,0,0,0,0,32
543,1024,3.625,232,100,35,0,0,0,0,0,0,0,29
544,890,3.62903,225,100,33,0,0,0,1,1,0,0,27
545,1186,3.82609,264,100,36,0,0,0,0,0,0,0,33
546,1066,3.95455,261,100,33,0,0,0,0,1,0,0,32
547,1072,3.87097,240,100,32,0,0,0,0,0,0,0,30
548,1140,3.70149,248,100,36,0,0,0,0,0,0,0,31
549,972,3.9403,264,100,34,0,0,0,0,0,0,0,33
550,1092,3.54286,248,100,39,0,0,0,0,0,0,0,31
551,1188,4.17391,288,100,33,0,0,0,0,0,0,0,36
552,1168,4.60606,304,100,28,0,0,0,0,0,0,0,38
553,1122,4.57143,288,100,27,0,0,0,0,0,0,0,36
554,1132,4.1791,280,100,32,0,0,0,0,0,0,0,35
555,1102,4,272,100,34,0,0,0,0,0,0,0,34
556,1072,4.06349,256,100,31,0,0,0,0,0,0,0,32
557,1006,4.125,264,100,31,0,0,0,0,0,0,0,33
558,1126,3.65714,256,100,38,0,0,0,0,0,0,0,32
559,1270,3.77143,264,100,37,0,0,0,0,0,0,0,33
560,1352,3.71014,256,100,37,0,0,0,0,0,0,0,32
561,1226,3.81538,248,100,34,0,0,0,0,0,0,0,31
562,1288,3.5942,248,100,38,0,0,0,0,0,0,0,31
563,1326,3.625,232,100,35,0,0,0,0,0,0,0,29
564,1390,3.56923,232,100,36,0,0,0,0,0,0,0,29
565,1494,4.06154,264,100,32,0,0,0,0,0,0,0,33
566,1644,3.93443,240,100,31,0,0,0,0,0,0,0,30
567,1780,3.55556,224,100,35,0,0,0,0,0,0,0,28
568,1238,3.10448,208,100,41,0,0,0,0,0,0,0,26
569,1176,2.58462,168,100,44,0,0,0,0,0,0,0,21
570,938,2.98507,200,100,42,0,0,0,0,0,0,0,25
571,956,2.78261,192,100,45,0,0,0,0,0,0,0,24
572,1076,3.0303,200,100,41,0,0,0,0,0,0,0,25
573,1088,3.22388,216,100,40,0,0,0,0,0,0,0,27
574,1136,3.51515,232,100,37,0,0,0,0,0,0,0,29
575,1094,2.85714,200,100,45,0,0,0,0,0,0,0,25
576,1182,3.27273,216,100,39,0,0,0,0,0,0,0,27
577,976,4.12121,272,100,32,0,0,0,0,0,0,0,34
578,956,4.57143,288,100,27,0,0,0,0,0,0,0,36
579,1124,4.35294,296,100,31,0,0,0,0,0,0,0,37
580,1250,4.22857,296,100,33,0,0,0,0,0,0,0,37
581,1316,4.16901,296,100,34,0,0,0,0,0,0,0,37
582,1330,3.70149,248,100,36,0,0,0,0,0,0,0,31
583,1128,3.47826,240,100,39,0,0,0,0,0,0,0,30
584,1218,3.28767,240,100,43,0,0,0,0,0,0,0,30
585,1358,3.58209,240,100,37,0,0,0,0,0,0,0,30
586,1324,3.26761,232,100,42,0,0,0,0,0,0,0,29
587,1270,3.94203,272,100,35,0,0,0,0,0,0,0,34
588,1124,3.24638,224,100,41,0,0,0,0,0,0,0,28
589,1106,3.01449,208,100,43,0,0,0,0,0,0,0,26
590,1062,3.15493,224,100,43,0,0,0,0,0,0,0,28
591,1080,2.97143,208,100,44,0,0,0,0,0,0,0,26
592,1126,3.17647,216,100,41,0,0,0,0,0,0,0,27
593,1096,3.36232,232,100,40,0,0,0,0,0,0,0,29
594,1058,3.27273,216,100,39,0,0,0,0,0,0,0,27
595,992,4.35294,296,100,31,0,0,0,0,0,0,0,37
596,956,4.59016,280,100,26,0,0,0,0,0,0,0,35
597,936,4.3871,272,100,28,0,0,0,0,0,0,0,34
598,916,4.8,312,100,26,0,0,0,0,0,0,0,39
599,860,4.18462,272,100,31,0,0,0,0,0,0,0,34
600,840,4.55385,296,100,28,0,0,0,0,0,0,0,37
601,972,4.41791,296,100,30,0,0,0,0,0,0,0,37
602,930,4.5,288,100,28,0,0,0,0,0,0,0,36
603,860,3.82609,264,100,36,0,0,0,0,0,0,0,33
604,932,4.05333,304,100,37,0,0,0,0,0,0,0,38
605,982,3.89855,269,100,35,0,0,0,0,1,0,0,33
606,1060,4.68182,309,100,27,0,0,0,0,1,0,0,38
607,1110,5.24615,341,100,22,0,0,0,0,1,0,0,42
608,1174,4.92424,325,100,25,0,0,0,0,1,0,0,40
609,1176,4.57746,325,100,30,0,0,0,0,1,0,0,40
610,1246,4.70769,306,100,26,0,0,0,0,2,0,0,37
611,848,4.625,296,100,27,0,0,0,0,0,0,0,37
612,954,4.1791,280,100,32,0,0,0,0,0,0,0,35
613,904,4.11765,280,100,33,0,0,0,0,0,0,0,35
614,1078,4.22222,304,100,34,0,0,0,0,0,0,0,38
615,848,4,272,100,34,0,0,0,0,0,0,0,34
616,898,3.88235,264,100,35,0,0,0,0,0,0,0,33
617,870,3.82857,268,100,36,0,0,0,1,0,0,0,33
618,1036,3.71429,260,100,37,0,0,0,1,0,0,0,32
619,1092,3.56757,264,100,41,0,0,0,0,0,0,0,33
620,1066,3.9403,264,100,34,0,0,0,0,0,0,0,33
621,1010,3.81538,248,100,34,0,0,0,0,0,0,0,31
622,1138,4.25,272,100,30,0,0,0,0,0,0,0,34
623,1094,4.57143,288,100,27,0,0,0,0,0,0,0,36
624,1206,4.60606,304,100,28,0,0,0,0,0,0,0,38
625,1374,4.24242,280,100,31,0,0,0,0,0,0,0,35
626,1028,4.17391,288,100,33,0,0,0,0,0,0,0,36
627,1010,4.29851,288,100,31,0,0,0,0,0,0,0,36
628,834,4.875,312,100,25,0,0,0,0,0,0,0,39
629,924,5.66154,368,100,19,0,0,0,0,0,0,0,46
630,988,5.625,360,100,19,0,0,0,0,0,0,0,45
631,1254,5.74648,408,100,20,0,0,0,0,0,0,0,51
632,1214,4.47059,304,100,30,0,0,0,0,0,0,0,38
633,1160,4.58824,312,100,29,0,0,0,0,0,0,0,39
634,1354,4.41791,296,100,30,0,0,0,0,0,0,0,37
635,1338,4.23529,288,100,32,0,0,0,0,0,0,0,36
636,1560,4.8,336,100,28,0,0,0,0,0,0,0,42
637,1688,4.8,312,100,26,0,0,0,0,0,0,0,39
638,1100,4.90323,304,100,24,0,0,0,0,0,0,0,38
639,998,5.01587,316,100,23,0,0,0,1,0,0,0,39
640,914,4.8254,304,100,25,0,0,0,0,0,0,0,38
641,1088,5.71429,360,100,18,0,0,0,0,0,0,0,45
642,1118,5.11475,312,100,22,0,0,0,0,0,0,0,39
643,1256,4.875,312,100,25,0,0,0,0,0,0,0,39
644,1186,4.53731,304,100,29,0,0,0,0,0,0,0,38
645,1266,4.57143,320,100,30,0,0,0,0,0,0,0,40
646,1008,4.375,280,100,29,0,0,0,0,0,0,0,35
647,1018,4.31746,272,100,29,0,0,0,0,0,0,0,34
648,1148,5.03226,312,100,23,0,0,0,0,0,0,0,39
649,1276,5.29032,328,100,21,0,0,0,0,0,0,0,41
650,1286,4.8,312,100,26,0,0,0,0,0,0,0,39
651,1248,5.33333,352,100,22,0,0,0,0,0,0,0,44
652,1132,4.67692,304,100,27,0,0,0,0,0,0,0,38
653,1018,4.92308,320,100,25,0,0,0,0,0,0,0,40
654,1120,5.125,328,100,23,0,0,0,0,0,0,0,41
655,1108,4.60606,304,100,28,0,0,0,0,0,0,0,38
656,1186,4.51613,280,100,27,0,0,0,0,0,0,0,35
657,1468,5.6,336,100,18,0,0,0,0,0,0,0,42
658,1340,4.63158,264,100,24,0,0,0,0,0,0,0,33
659,1468,5.06667,304,100,22,0,0,0,0,0,0,0,38
660,1420,5.33333,320,100,20,0,0,0,0,0,0,0,40
661,1504,4.875,312,100,25,0,0,0,0,0,0,0,39
662,1010,4.57143,288,100,27,0,0,0,0,0,0,0,36
663,1218,4.29851,288,100,31,0,0,0,0,0,0,0,36
664,1246,4.67692,304,100,27,0,0,0,0,0,0,0,38
665,1288,4.64516,288,100,26,0,0,0,0,0,0,0,36
666,1502,4.44444,280,100,28,0,0,0,0,0,0,0,35
667,1082,4.31746,272,100,29,0,0,0,0,0,0,0,34
668,1132,3.63636,240,100,36,0,0,0,0,0,0,0,30
669,1296,3.44615,224,100,37,0,0,0,0,0,0,0,28
670,1392,4.48485,296,100,29,0,0,0,0,0,0,0,37
671,1338,4.375,280,100,29,0,0,0,0,0,0,0,35
672,1148,4.19048,264,100,30,0,0,0,0,0,0,0,33
673,1298,4.125,264,100,31,0,0,0,0,0,0,0,33
674,1204,3.94203,272,100,35,0,0,0,0,0,0,0,34
675,1212,4.44444,280,100,28,0,0,0,0,0,0,0,35
676,1220,3.75,240,100,34,0,0,0,0,0,0,0,30
677,1144,4.06349,256,100,31,0,0,0,0,0,0,0,32
678,1218,4.82353,328,100,27,0,0,0,0,0,0,0,41
679,1266,4.46377,308,100,30,0,0,0,1,0,0,0,38
680,1336,4.45161,276,100,27,0,0,0,1,0,0,0,34
681,1108,4.30303,284,100,30,0,0,0,1,0,0,0,35
682,1288,4.4058,304,100,31,0,0,0,0,0,0,0,38
683,1322,4.29851,288,100,31,0,0,0,0,0,0,0,36
684,1414,4.18462,272,100,31,0,0,0,0,0,0,0,34
685,1474,4.64516,288,100,26,0,0,0,0,0,0,0,36
686,1462,4.48485,296,100,29,0,0,0,0,0,0,0,37
687,1550,4.5,288,100,28,0,0,0,0,0,0,0,36
688,1574,4.31746,272,100,29,0,0,0,0,0,0,0,34
689,1638,4.66667,280,100,25,0,0,0,0,0,0,0,35
690,1676,5.2,312,100,21,0,0,0,0,0,0,0,39
691,888,4.63158,264,100,24,0,0,0,0,0,0,0,33
692,832,3.9322,232,100,30,0,0,0,0,0,0,0,29
693,996,4.47458,264,100,26,0,0,0,0,0,0,0,33
694,1196,5.33333,320,100,20,0,0,0,0,0,0,0,40
695,1202,4.77193,272,100,23,0,0,0,0,0,0,0,34
696,1492,5.14286,288,100,20,0,0,0,0,0,0,0,36
697,1442,5.33333,288,100,18,0,0,0,0,0,0,0,36
698,1082,5.18519,280,100,19,0,0,0,0,0,0,0,35
699,1174,5.67273,312,100,16,0,0,0,0,0,0,0,39
700,1068,5.17647,264,100,18,0,0,0,0,0,0,0,33
701,1066,5.73585,304,100,15,0,0,0,0,0,0,0,38
702,1062,4.8254,304,100,25,0,0,0,0,0,0,0,38
703,1148,5.16129,320,100,22,0,0,0,0,0,0,0,40
704,1334,5.03226,312,100,23,0,0,0,0,0,0,0,39
705,1416,5.46667,328,100,19,0,0,0,0,0,0,0,41
706,1046,5,320,100,24,0,0,0,0,0,0,0,40
707,1258,4.4058,304,100,31,0,0,0,0,0,0,0,38
708,1270,4.44444,280,100,28,0,0,0,0,0,0,0,35
709,1118,4.12121,272,100,32,0,0,0,0,0,0,0,34
710,1074,4.98361,304,100,23,0,0,0,0,0,0,0,38
711,1056,4.69841,296,100,26,0,0,0,0,0,0,0,37
712,1112,4.19672,256,100,29,0,0,0,0,0,0,0,32
713,1050,4.35088,248,100,26,0,0,0,0,0,0,0,31
714,1024,4.66667,280,100,25,0,0,0,0,0,0,0,35
715,1126,4.90323,304,100,24,0,0,0,0,0,0,0,38
716,1118,4.72131,288,100,25,0,0,0,0,0,0,0,36
717,1044,4.55385,296,100,28,0,0,0,0,0,0,0,37
718,1102,4.77419,296,100,25,0,0,0,0,0,0,0,37
719,1120,4.59016,280,100,26,0,0,0,0,0,0,0,35
720,1248,5.05263,288,100,21,0,0,0,0,0,0,0,36
721,1224,6.10909,336,100,13,0,0,0,0,0,0,0,42
722,1352,6.14286,344,100,13,0,0,0,0,0,0,0,43
723,1446,5.55932,328,100,17,0,0,0,2,0,0,0,40
724,1128,5.61404,320,100,16,0,0,0,2,0,0,0,39
725,994,5.20755,276,100,18,0,0,0,1,0,0,0,34
726,1084,5.67273,312,100,16,0,0,0,0,0,0,0,39
727,1060,5.14286,288,100,20,0,0,0,0,0,0,0,36
728,1084,5.24138,304,100,20,0,0,0,0,0,0,0,38
729,1074,5.33333,336,100,21,0,0,0,0,0,0,0,42
730,944,5.01695,296,100,22,0,0,0,0,0,0,0,37
731,812,4.91228,280,100,22,0,0,0,0,0,0,0,35
732,778,4.77419,296,100,25,0,0,0,0,0,0,0,37
733,910,4.61972,328,100,30,0,0,0,0,0,0,0,41
734,994,4.47059,304,100,30,0,0,0,0,0,0,0,38
735,928,4,272,100,34,0,0,0,0,0,0,0,34
736,880,4.28986,296,100,32,0,0,0,0,0,0,0,37
737,924,4.38356,320,100,33,0,0,0,0,0,0,0,40
738,928,3.67568,272,100,40,0,0,0,0,0,0,0,34
739,874,3.64706,248,100,37,0,0,0,0,0,0,0,31
740,882,4.75362,328,100,28,0,0,0,0,0,0,0,41
741,862,4.8,312,100,26,0,0,0,0,0,0,0,39
742,878,4.68571,328,100,29,0,0,0,0,0,0,0,41
743,924,4.60274,336,100,31,0,0,0,0,0,0,0,42
744,872,4.27397,312,100,34,0,0,0,0,0,0,0,39
745,978,4.16438,304,100,35,0,0,0,0,0,0,0,38
746,940,4,288,100,36,0,0,0,0,0,0,0,36
747,874,3.82609,264,100,36,0,0,0,0,0,0,0,33
748,930,3.77778,272,100,38,0,0,0,0,0,0,0,34
749,1120,4.35294,296,100,31,0,0,0,0,0,0,0,37
750,1056,4.4058,304,100,31,0,0,0,0,0,0,0,38
751,1272,4.34286,304,100,32,0,0,0,0,0,0,0,38
752,1162,4.77612,320,100,27,0,0,0,0,0,0,0,40
753,986,5.04615,328,100,24,0,0,0,0,0,0,0,41
754,1032,5.17647,352,100,24,0,0,0,0,0,0,0,44
755,1194,5.45455,360,100,21,0,0,0,0,0,0,0,45
756,1204,5,325,100,24,0,0,0,0,1,0,0,40
757,1368,5.19672,317,100,21,0,0,0,0,1,0,0,39
758,1360,3.69231,240,100,35,0,0,0,0,0,0,0,30
759,1560,3.75,240,100,34,0,0,0,0,0,0,0,30
760,1580,3.70149,248,100,36,0,0,0,0,0,0,0,31
761,1412,3.625,232,100,35,0,0,0,0,0,0,0,29
762,1656,3.22388,216,100,40,0,0,0,0,0,0,0,27
763,1758,3.10448,208,100,41,0,0,0,0,0,0,0,26
764,1648,3.48387,216,100,35,0,0,0,0,0,0,0,27
765,1788,3.87097,240,100,32,0,0,0,0,0,0,0,30
766,1870,4.12903,256,100,30,0,0,0,0,0,0,0,32
767,1330,4.26667,256,100,28,0,0,0,0,0,0,0,32
768,1226,4,232,100,29,0,0,0,0,0,0,0,29
769,1048,4.32787,264,100,28,0,0,0,0,0,0,0,33
770,1258,4,232,100,29,0,0,0,0,0,0,0,29
771,1116,4.21053,240,100,27,0,0,0,0,0,0,0,30
772,1318,4.59016,280,100,26,0,0,0,0,0,0,0,35
773,1082,3.125,200,100,39,0,0,0,0,0,0,0,25
774,1284,3.80328,232,100,32,0,0,0,0,0,0,0,29
775,1502,3.31429,232,100,41,0,0,0,0,0,0,0,29
776,1254,3.125,200,100,39,0,0,0,0,0,0,0,25
777,1220,3.51515,232,100,37,0,0,0,0,0,0,0,29
778,1290,3.27273,216,100,39,0,0,0,0,0,0,0,27
779,1230,3.0303,200,100,41,0,0,0,0,0,0,0,25
780,1282,3.43478,237,100,39,0,0,0,0,1,0,0,29
781,1336,3.59091,237,100,36,0,0,0,0,1,0,0,29
782,1340,3.13235,213,100,41,0,0,0,0,1,0,0,26
783,1316,3.60294,245,100,37,0,0,0,0,1,0,0,30
784,1310,3.33803,237,100,41,0,0,0,0,1,0,0,29
785,1448,3.15152,208,100,40,0,0,0,0,0,0,0,26
786,1544,3.42857,216,100,36,0,0,0,0,0,0,0,27
787,1502,3.54098,216,100,34,0,0,0,0,0,0,0,27
788,1514,4.06349,256,100,31,0,0,0,0,0,0,0,32
789,1320,3.09091,204,100,40,0,0,0,1,0,0,0,25
790,1252,2.42424,160,100,46,0,0,0,0,0,0,0,20
791,1336,3,192,100,40,0,0,0,0,0,0,0,24
792,1376,3.3125,212,100,37,0,0,0,1,0,0,0,26
793,1454,3.36232,232,100,40,0,0,0,0,0,0,0,29
794,1560,2.74286,192,100,46,0,0,0,0,0,0,0,24
795,1724,3.0303,200,100,41,0,0,0,0,0,0,0,25
796,1748,3.27273,216,100,39,0,0,0,0,0,0,0,27
797,1682,2.54545,168,100,45,0,0,0,0,0,0,0,21
798,1776,2.62687,176,100,45,0,0,0,0,0,0,0,22
799,1178,3.25,208,100,38,0,0,0,0,0,0,0,26
800,1186,2.92063,184,100,40,0,0,0,0,0,0,0,23
801,1146,2.32258,144,100,44,0,0,0,0,0,0,0,18
802,1116,2.7541,168,100,40,0,0,0,0,0,0,0,21
803,1186,2.93333,176,100,38,0,0,0,0,0,0,0,22
804,1056,2.5,160,100,44,0,0,0,0,0,0,0,20
805,1094,2.70968,168,100,41,0,0,0,0,0,0,0,21
806,1010,1.90476,120,100,48,0,0,0,0,0,0,0,15
807,1176,2.66667,168,100,42,0,0,0,0,0,0,0,21
808,1208,3.06667,184,100,37,0,0,0,0,0,0,0,23
809,1304,2.46154,160,100,45,0,0,0,0,0,0,0,20
810,1590,2.47887,176,100,49,0,0,0,0,0,0,0,22
811,1564,2.58824,176,100,46,0,0,0,0,0,0,0,22
812,1350,2.83077,184,100,42,0,0,0,0,0,0,0,23
813,1578,2.875,184,100,41,0,0,0,0,0,0,0,23
814,1324,3.27869,200,100,36,0,0,0,0,0,0,0,25
815,1340,3.1746,200,100,38,0,0,0,0,0,0,0,25
816,1444,3.25,208,100,38,0,0,0,0,0,0,0,26
817,1596,3.125,200,100,39,0,0,0,0,0,0,0,25
818,1216,3.14754,192,100,37,0,0,0,0,0,0,0,24
819,1220,3.22388,216,100,40,0,0,0,0,0,0,0,27
820,1232,3.07692,200,100,40,0,0,0,0,0,0,0,25
821,1180,3.01449,208,100,43,0,0,0,0,0,0,0,26
822,1260,3.44615,224,100,37,0,0,0,0,0,0,0,28
823,1248,2.7541,168,100,40,0,0,0,0,0,0,0,21
824,1276,2.44068,144,100,41,0,0,0,0,0,0,0,18
825,1302,3.14754,192,100,37,0,0,0,0,0,0,0,24
826,1276,2.66667,160,100,40,0,0,0,0,0,0,0,20
827,1220,2.46154,160,100,45,0,0,0,0,0,0,0,20
828,1346,3.125,200,100,39,0,0,0,0,0,0,0,25
829,1378,2.38806,160,100,47,0,0,0,0,0,0,0,20
830,1594,2.70588,184,100,45,0,0,0,0,0,0,0,23
831,1064,2.625,168,100,43,0,0,0,0,0,0,0,21
832,1088,2.18182,144,100,48,0,0,0,0,0,0,0,18
833,1164,2.18182,144,100,48,0,0,0,0,0,0,0,18
834,1290,2.625,168,100,43,0,0,0,0,0,0,0,21
835,1322,2.66667,176,100,44,0,0,0,0,0,0,0,22
836,1226,2,136,100,51,0,0,0,0,0,0,0,17
837,1194,2.46154,160,100,45,0,0,0,0,0,0,0,20
838,1114,2.66667,176,100,44,0,0,0,0,0,0,0,22
839,1194,2.46154,160,100,45,0,0,0,0,0,0,0,20
840,1110,3.0303,200,100,41,0,0,0,0,0,0,0,25
841,870,3.32308,216,100,38,0,0,0,0,0,0,0,27
842,1098,2.70588,184,100,45,0,0,0,0,0,0,0,23
843,1050,3.22222,232,100,43,0,0,0,0,0,0,0,29
844,1148,3.26761,232,100,42,0,0,0,0,0,0,0,29
845,1126,2.85714,200,100,45,0,0,0,0,0,0,0,25
846,1114,3.42857,240,100,40,0,0,0,0,0,0,0,30
847,1240,3.65714,256,100,38,0,0,0,0,0,0,0,32
848,910,3.10448,208,100,41,0,0,0,0,0,0,0,26
849,1032,3.22222,232,100,43,0,0,0,0,0,0,0,29
850,1062,3.45946,256,100,42,0,0,0,0,0,0,0,32
851,1204,4,280,100,35,0,0,0,0,0,0,0,35
852,1020,4.1791,280,100,32,0,0,0,0,0,0,0,35
853,952,3.17808,232,100,44,0,0,0,0,0,0,0,29
854,968,3.24638,224,100,41,0,0,0,0,0,0,0,28
855,1046,4.36232,301,100,31,0,0,0,0,1,0,0,37
856,1006,4.61194,309,100,28,0,0,0,0,1,0,0,38
857,1102,4.82609,333,100,27,0,0,0,0,1,0,0,41
858,1082,3.95455,261,100,33,0,0,0,0,1,0,0,32
859,1206,4.18462,272,100,31,0,0,0,0,0,0,0,34
860,1268,4.24242,280,100,31,0,0,0,0,0,0,0,35
861,1068,4.22857,296,100,33,0,0,0,0,0,0,0,37
862,1176,4.52174,312,100,30,0,0,0,0,0,0,0,39
863,1140,4.41791,296,100,30,0,0,0,0,0,0,0,37
864,1118,4.39437,312,100,32,0,0,0,0,0,0,0,39
865,1060,4.06154,264,100,32,0,0,0,0,0,0,0,33
866,826,3.375,216,100,37,0,0,0,0,0,0,0,27
867,1002,3.15152,208,100,40,0,0,0,0,0,0,0,26
868,1048,3.25,221,100,40,0,0,0,0,1,0,0,27
869,1204,3.64706,248,100,37,0,0,0,0,0,0,0,31
870,994,3.46269,232,100,38,0,0,0,0,0,0,0,29
871,1006,2.90909,192,100,42,0,0,0,0,0,0,0,24
872,1014,2.55072,176,100,47,0,0,0,0,0,0,0,22
873,1094,2.47887,176,100,49,0,0,0,0,0,0,0,22
874,1102,2.21538,144,100,47,0,0,0,0,0,0,0,18
875,1042,2.75,176,100,42,0,0,0,0,0,0,0,22
876,1100,2.46154,160,100,45,0,0,0,0,0,0,0,20
877,1286,3.27273,216,100,39,0,0,0,0,0,0,0,27
878,1176,2.70769,176,100,43,0,0,0,0,0,0,0,22
879,1270,2.5,160,100,44,0,0,0,0,0,0,0,20
880,1352,2.2029,152,100,50,0,0,0,0,0,0,0,19
881,1250,2.70588,184,100,45,0,0,0,0,0,0,0,23
882,1236,2.86567,192,100,43,0,0,0,0,0,0,0,24
883,1262,2.74627,184,100,44,0,0,0,0,0,0,0,23
884,1252,3.0303,200,100,41,0,0,0,0,0,0,0,25
885,1332,2.90909,192,100,42,0,0,0,0,0,0,0,24
886,1282,2.53968,160,100,43,0,0,0,0,0,0,0,20
887,984,2.25,144,100,46,0,0,0,0,0,0,0,18
888,1040,1.88235,128,100,52,0,0,0,0,0,0,0,16
889,1072,1.6,112,100,56,0,0,0,0,0,0,0,14
890,1226,1.73913,120,100,54,0,0,0,0,0,0,0,15
891,1118,2.30303,152,100,47,0,0,0,0,0,0,0,19
892,858,1.84615,120,100,50,0,0,0,0,0,0,0,15
893,888,2.21538,144,100,47,0,0,0,0,0,0,0,18
894,1056,2.28571,160,100,50,0,0,0,0,0,0,0,20
895,984,2.05714,144,100,52,0,0,0,0,0,0,0,18
896,922,1.29412,88,100,57,0,0,0,0,0,0,0,11
897,1002,1.69697,112,100,52,0,0,0,0,0,0,0,14
898,948,2.09231,136,100,48,0,0,0,0,0,0,0,17
899,1104,2.54545,168,100,45,0,0,0,0,0,0,0,21
900,840,2.46154,160,100,45,0,0,0,0,0,0,0,20
901,866,2.74242,181,100,43,0,0,0,0,1,0,0,22
902,804,3.22581,200,100,37,0,0,0,0,0,0,0,25
903,880,3.5942,248,100,38,0,0,0,0,0,0,0,31
904,936,3.05263,232,100,47,0,0,0,0,0,0,0,29
905,884,3.57534,261,100,40,0,0,0,0,1,0,0,32
906,1074,3.2,224,100,42,0,0,0,0,0,0,0,28
907,928,3.40984,208,100,35,0,0,0,0,0,0,0,26
908,932,3.6129,224,100,34,0,0,0,0,0,0,0,28
909,770,4,240,100,30,0,0,0,0,0,0,0,30
910,998,4.17647,284,100,32,0,0,0,1,0,0,0,35
911,1016,4,268,100,33,0,0,0,1,0,0,0,33
912,900,3.70149,248,100,36,0,0,0,0,0,0,0,31
913,842,4,256,100,32,0,0,0,0,0,0,0,32
914,844,3.56923,232,100,36,0,0,0,0,0,0,0,29
915,1024,3.11111,224,100,44,0,0,0,0,0,0,0,28
916,918,3.22388,216,100,40,0,0,0,0,0,0,0,27
917,938,3.875,248,100,33,0,0,0,0,0,0,0,31
918,1056,4.29851,288,100,31,0,0,0,0,0,0,0,36
919,818,4.25806,264,100,29,0,0,0,0,0,0,0,33
920,904,4.53333,272,100,26,0,0,0,0,0,0,0,34
921,878,3.81538,248,100,34,0,0,0,0,0,0,0,31
922,918,3.9403,264,100,34,0,0,0,0,0,0,0,33
923,902,3.8209,256,100,35,0,0,0,0,0,0,0,32
924,906,3.78378,280,100,39,0,0,0,0,0,0,0,35
925,910,3.22222,232,100,43,0,0,0,0,0,0,0,29
926,880,4.24242,280,100,31,0,0,0,0,0,0,0,35
927,918,4.57143,288,100,27,0,0,0,0,0,0,0,36
928,842,4.85246,296,100,24,0,0,0,0,0,0,0,37
929,870,5.37705,328,100,20,0,0,0,0,0,0,0,41
930,884,6.17544,352,100,13,0,0,0,0,0,0,0,44
931,900,5.2459,320,100,21,0,0,0,0,0,0,0,40
932,920,4.96552,288,100,22,0,0,0,0,0,0,0,36
933,820,4.26667,256,100,28,0,0,0,0,0,0,0,32
934,852,4.32258,268,100,28,0,0,0,1,0,0,0,33
935,870,4.8,288,100,24,0,0,0,0,0,0,0,36
936,836,4.96552,288,100,22,0,0,0,0,0,0,0,36
937,880,4.1791,280,100,32,0,0,0,0,0,0,0,35
938,890,4.55385,296,100,28,0,0,0,0,0,0,0,37
939,1142,4.16901,296,100,34,0,0,0,0,0,0,0,37
940,1082,4.43077,288,100,29,0,0,0,0,0,0,0,36
941,1006,5.11475,312,100,22,0,0,0,0,0,0,0,39
942,1036,5.55932,328,100,18,0,0,0,0,0,0,0,41
943,1142,5.33333,336,100,21,0,0,0,0,0,0,0,42
944,1188,5.90164,360,100,16,0,0,0,0,0,0,0,45
945,1144,4.90323,304,100,24,0,0,0,0,0,0,0,38
946,1076,5.07937,320,100,23,0,0,0,0,0,0,0,40
947,1008,5.15254,304,100,21,0,0,0,0,0,0,0,38
948,1080,4.69841,296,100,26,0,0,0,0,0,0,0,37
949,1088,4.8254,304,100,25,0,0,0,0,0,0,0,38
950,1108,5.24138,304,100,20,0,0,0,0,0,0,0,38
951,1074,4.96552,288,100,22,0,0,0,0,0,0,0,36
952,1022,4.3871,272,100,28,0,0,0,0,0,0,0,34
953,1104,4.06154,264,100,32,0,0,0,0,0,0,0,33
954,952,4.375,280,100,29,0,0,0,0,0,0,0,35
955,1036,4.18462,272,100,31,0,0,0,0,0,0,0,34
956,1128,4.25,272,100,30,0,0,0,0,0,0,0,34
957,1200,4.19672,256,100,29,0,0,0,0,0,0,0,32
958,1062,3.75,240,100,34,0,0,0,0,0,0,0,30
959,1030,3.82812,245,100,33,0,0,0,0,1,0,0,30
960,1046,4.3871,272,100,28,0,0,0,0,0,0,0,34
961,1076,5,320,100,24,0,0,0,0,0,0,0,40
962,1140,4.95238,312,100,24,0,0,0,0,0,0,0,39
963,1024,4.12903,256,100,30,0,0,0,0,0,0,0,32
964,1014,5.04615,328,100,24,0,0,0,0,0,0,0,41
965,1110,5.29231,344,100,22,0,0,0,0,0,0,0,43
966,1048,5.53846,360,100,20,0,0,0,0,0,0,0,45
967,1084,5.49254,368,100,21,0,0,0,0,0,0,0,46
968,1054,5.625,360,100,19,0,0,0,0,0,0,0,45
969,1082,5.90164,360,100,16,0,0,0,0,0,0,0,45
970,1088,5.57576,368,100,20,0,0,0,0,0,0,0,46
971,1156,5.63934,344,100,18,0,0,0,0,0,0,0,43
972,1174,5.69492,336,100,17,0,0,0,0,0,0,0,42
973,1138,5.77049,352,100,17,0,0,0,0,0,0,0,44
974,1234,4.84848,320,100,26,0,0,0,0,0,0,0,40
975,990,4.875,312,100,25,0,0,0,0,0,0,0,39
976,978,5.47368,312,100,18,0,0,0,0,0,0,0,39
977,880,5.41935,336,100,20,0,0,0,0,0,0,0,42
978,858,5.04615,328,100,24,0,0,0,0,0,0,0,41
979,904,5,320,100,24,0,0,0,0,0,0,0,40
980,934,4.84848,320,100,26,0,0,0,0,0,0,0,40
981,1036,5.20635,328,100,22,0,0,0,0,0,0,0,41
982,1096,5.37705,328,100,20,0,0,0,0,0,0,0,41
983,1050,5.14286,288,100,20,0,0,0,0,0,0,0,36
984,1076,5.33333,304,100,19,0,0,0,0,0,0,0,38
985,1170,5.14035,293,100,20,0,0,0,0,1,0,0,36
986,1200,5.75,322,100,15,0,0,0,0,2,0,0,39
987,1282,4.88136,288,100,23,0,0,0,0,0,0,0,36
988,1374,4.45902,272,100,27,0,0,0,0,0,0,0,34
989,1308,4.41379,256,100,26,0,0,0,0,0,0,0,32
990,1214,4.35088,248,100,26,0,0,0,0,0,0,0,31
991,988,4,256,100,32,0,0,0,0,0,0,0,32
992,1038,5.2459,320,100,21,0,0,0,0,0,0,0,40
993,972,5.01493,336,100,25,0,0,0,0,0,0,0,42
994,920,4.18462,272,100,31,0,0,0,0,0,0,0,34
995,934,4.12903,256,100,30,0,0,0,0,0,0,0,32
996,956,4.93333,296,100,23,0,0,0,0,0,0,0,37
997,912,5,320,100,24,0,0,0,0,0,0,0,40
998,984,4.18462,272,100,31,0,0,0,0,0,0,0,34
999,956,3.93651,248,100,32,0,0,0,0,0,0,0,31
