update,points,mean_tasks,total_tasks,total_orgs,task_0,task_1,task_2,task_3,task_4,task_5,task_6,task_7,task_8
0,0,nan,0,10,0,0,0,0,0,0,0,0,0
1,2,0,0,10,1,0,0,0,0,0,0,0,0
2,10,0,0,10,4,0,0,0,0,0,0,0,0
3,16,0,0,10,4,0,0,0,0,0,0,0,0
4,18,0,0,10,4,0,0,0,0,0,0,0,0
5,20,0,0,10,5,0,0,0,0,0,0,0,0
6,22,0,0,10,5,0,0,0,0,0,0,0,0
7,30,0,0,10,6,0,0,0,0,0,0,0,0
8,30,0,0,10,6,0,0,0,0,0,0,0,0
9,32,0,0,10,6,0,0,0,0,0,0,0,0
10,38,0,0,10,6,0,0,0,0,0,0,0,0
11,42,0,0,10,6,0,0,0,0,0,0,0,0
12,46,0,0,10,6,0,0,0,0,0,0,0,0
13,46,0,0,10,6,0,0,0,0,0,0,0,0
14,20,0,0,10,5,0,0,0,0,0,0,0,0
15,26,0,0,10,6,0,0,0,0,0,0,0,0
16,30,0,0,10,6,0,0,0,0,0,0,0,0
17,34,0,0,10,6,0,0,0,0,0,0,0,0
18,38,0,0,10,6,0,0,0,0,0,0,0,0
19,46,0,0,10,6,0,0,0,0,0,0,0,0
20,46,0,0,10,6,0,0,0,0,0,0,0,0
21,52,0,0,10,6,0,0,0,0,0,0,0,0
22,58,0,0,10,6,0,0,0,0,0,0,0,0
23,58,0,0,10,6,0,0,0,0,0,0,0,0
24,60,0,0,10,6,0,0,0,0,0,0,0,0
25,62,0,0,10,6,0,0,0,0,0,0,0,0
26,46,0,0,11,6,0,0,0,0,0,0,0,0
27,48,0,0,11,6,0,0,0,0,0,0,0,0
28,50,0,0,11,7,0,0,0,0,0,0,0,0
29,40,0,0,12,7,0,0,0,0,0,0,0,0
30,44,0,0,12,7,0,0,0,0,0,0,0,0
31,46,0,0,12,7,0,0,0,0,0,0,0,0
32,48,0,0,12,7,0,0,0,0,0,0,0,0
33,56,0,0,12,7,0,0,0,0,0,0,0,0
34,60,0,0,12,7,0,0,0,0,0,0,0,0
35,60,0,0,12,7,0,0,0,0,0,0,0,0
36,68,0,0,12,8,0,0,0,0,0,0,0,0
37,74,0,0,12,8,0,0,0,0,0,0,0,0
38,56,0,0,12,8,0,0,0,0,0,0,0,0
39,60,0,0,12,8,0,0,0,0,0,0,0,0
40,46,0,0,13,8,0,0,0,0,0,0,0,0
41,56,0,0,13,8,0,0,0,0,0,0,0,0
42,58,0,0,13,9,0,0,0,0,0,0,0,0
43,68,0,0,13,9,0,0,0,0,0,0,0,0
44,72,0,0,13,9,0,0,0,0,0,0,0,0
45,80,0,0,13,9,0,0,0,0,0,0,0,0
46,82,0,0,13,9,0,0,0,0,0,0,0,0
47,86,0,0,13,9,0,0,0,0,0,0,0,0
48,96,0,0,13,9,0,0,0,0,0,0,0,0
49,102,0,0,13,9,0,0,0,0,0,0,0,0
50,106,0,0,13,9,0,0,0,0,0,0,0,0
51,112,0,0,13,9,0,0,0,0,0,0,0,0
52,80,0,0,15,9,0,0,0,0,0,0,0,0
53,66,0,0,16,9,0,0,0,0,0,0,0,0
54,72,0,0,16,11,0,0,0,0,0,0,0,0
55,90,0,0,16,11,0,0,0,0,0,0,0,0
56,98,0,0,16,11,0,0,0,0,0,0,0,0
57,104,0,0,16,11,0,0,0,0,0,0,0,0
58,112,0,0,16,12,0,0,0,0,0,0,0,0
59,130,0,0,16,12,0,0,0,0,0,0,0,0
60,122,0,0,17,12,0,0,0,0,0,0,0,0
61,104,0,0,18,12,0,0,0,0,0,0,0,0
62,112,0,0,18,12,0,0,0,0,0,0,0,0
63,130,0,0,18,13,0,0,0,0,0,0,0,0
64,98,0,0,18,12,0,0,0,0,0,0,0,0
65,108,0,0,18,12,0,0,0,0,0,0,0,0
66,94,0,0,18,11,0,0,0,0,0,0,0,0
67,84,0,0,18,12,0,0,0,0,0,0,0,0
68,88,0,0,18,13,0,0,0,0,0,0,0,0
69,98,0,0,18,13,0,0,0,0,0,0,0,0
70,110,0,0,18,13,0,0,0,0,0,0,0,0
71,118,0,0,18,13,0,0,0,0,0,0,0,0
72,126,0,0,18,13,0,0,0,0,0,0,0,0
73,136,0,0,18,13,0,0,0,0,0,0,0,0
74,142,0.615385,8,18,12,0,0,0,0,0,0,0,1
75,150,0.615385,8,18,12,0,0,0,0,0,0,0,1
76,156,0.615385,8,18,12,0,0,0,0,0,0,0,1
77,150,0,0,19,13,0,0,0,0,0,0,0,0
78,122,0,0,19,12,0,0,0,0,0,0,0,0
79,130,0,0,19,12,0,0,0,0,0,0,0,0
80,118,0,0,20,13,0,0,0,0,0,0,0,0
81,132,0,0,20,13,0,0,0,0,0,0,0,0
82,126,0,0,21,15,0,0,0,0,0,0,0,0
83,134,0,0,21,15,0,0,0,0,0,0,0,0
84,124,0,0,21,14,0,0,0,0,0,0,0,0
85,136,0,0,21,14,0,0,0,0,0,0,0,0
86,148,0,0,21,14,0,0,0,0,0,0,0,0
87,156,0,0,21,14,0,0,0,0,0,0,0,0
88,164,0,0,21,14,0,0,0,0,0,0,0,0
89,126,0,0,22,13,0,0,0,0,0,0,0,0
90,114,0,0,22,13,0,0,0,0,0,0,0,0
91,128,0,0,22,14,0,0,0,0,0,0,0,0
92,104,0,0,22,14,0,0,0,0,0,0,0,0
93,118,0,0,22,14,0,0,0,0,0,0,0,0
94,104,0,0,22,14,0,0,0,0,0,0,0,0
95,118,0,0,22,14,0,0,0,0,0,0,0,0
96,132,0,0,22,15,0,0,0,0,0,0,0,0
97,142,0,0,22,15,0,0,0,0,0,0,0,0
98,156,0,0,22,15,0,0,0,0,0,0,0,0
99,142,0,0,24,15,0,0,0,0,0,0,0,0
100,152,0,0,24,15,0,0,0,0,0,0,0,0
101,148,0,0,25,17,0,0,0,0,0,0,0,0
102,164,0,0,25,17,0,0,0,0,0,0,0,0
103,178,0,0,25,17,0,0,0,0,0,0,0,0
104,110,0,0,26,16,0,0,0,0,0,0,0,0
105,128,0,0,26,17,0,0,0,0,0,0,0,0
106,126,0,0,27,19,0,0,0,0,0,0,0,0
107,138,0,0,27,19,0,0,0,0,0,0,0,0
108,138,0,0,28,20,0,0,0,0,0,0,0,0
109,152,0,0,28,20,0,0,0,0,0,0,0,0
110,146,0,0,28,20,0,0,0,0,0,0,0,0
111,160,0.4,8,28,19,0,0,0,0,0,0,0,1
112,172,0.4,8,28,19,0,0,0,0,0,0,0,1
113,148,0,0,28,20,0,0,0,0,0,0,0,0
114,142,0,0,29,21,0,0,0,0,0,0,0,0
115,162,0,0,29,21,0,0,0,0,0,0,0,0
116,160,0,0,30,22,0,0,0,0,0,0,0,0
117,172,0,0,30,22,0,0,0,0,0,0,0,0
118,120,0,0,31,21,0,0,0,0,0,0,0,0
119,134,0,0,31,21,0,0,0,0,0,0,0,0
120,130,0,0,31,23,0,0,0,0,0,0,0,0
121,152,0,0,31,23,0,0,0,0,0,0,0,0
122,174,0.333333,8,32,23,0,0,0,0,0,0,0,1
123,186,0.333333,8,32,23,0,0,0,0,0,0,0,1
124,206,0,0,32,25,0,0,0,0,0,0,0,0
125,210,0.666667,16,32,22,0,0,0,0,0,0,0,2
126,228,0.96,24,33,22,0,0,0,0,0,0,0,3
127,246,0.96,24,33,22,0,0,0,0,0,0,0,3
128,236,0.32,8,33,24,0,0,0,0,0,0,0,1
129,214,0.32,8,33,24,0,0,0,0,0,0,0,1
130,236,0.307692,8,33,25,0,0,0,0,0,0,0,1
131,240,0,0,33,26,0,0,0,0,0,0,0,0
132,214,0,0,33,25,0,0,0,0,0,0,0,0
133,226,0.307692,8,35,25,0,0,0,0,0,0,0,1
134,226,0.296296,8,35,26,0,0,0,0,0,0,0,1
135,260,0,0,35,28,0,0,0,0,0,0,0,0
136,284,0,0,35,29,0,0,0,0,0,0,0,0
137,234,0.296296,8,36,26,0,0,0,0,0,0,0,1
138,238,0,0,36,26,0,0,0,0,0,0,0,0
139,242,0.285714,8,37,27,0,0,0,0,0,0,0,1
140,276,0.266667,8,37,29,0,0,0,0,0,0,0,1
141,252,0.258065,8,38,30,0,0,0,0,0,0,0,1
142,262,0,0,38,32,0,0,0,0,0,0,0,0
143,288,0,0,38,32,0,0,0,0,0,0,0,0
144,302,0,0,38,32,0,0,0,0,0,0,0,0
145,314,0,0,38,32,0,0,0,0,0,0,0,0
146,344,0,0,38,32,0,0,0,0,0,0,0,0
147,340,0.266667,8,38,29,0,0,0,0,0,0,0,1
148,370,0.533333,16,39,28,0,0,0,0,0,0,0,2
149,328,0.266667,8,40,29,0,0,0,0,0,0,0,1
150,330,0,0,41,31,0,0,0,0,0,0,0,0
151,356,0.25,8,42,31,0,0,0,0,0,0,0,1
152,386,0.242424,8,42,32,0,0,0,0,0,0,0,1
153,412,0,0,43,36,0,0,0,0,0,0,0,0
154,374,0.235294,8,45,33,0,0,0,0,0,0,0,1
155,316,0.25,8,47,31,0,0,0,0,0,0,0,1
156,288,0.361111,13,48,34,0,0,0,0,1,0,0,1
157,330,0.342105,13,50,36,0,0,0,0,1,0,0,1
158,358,0.342105,13,50,36,0,0,0,0,1,0,0,1
159,360,0.842105,32,51,34,0,0,0,0,0,0,0,4
160,346,0.615385,24,55,36,0,0,0,0,0,0,0,3
161,384,0.727273,32,57,40,0,0,0,0,0,0,0,4
162,402,0.909091,40,58,39,0,0,0,0,0,0,0,5
163,412,0.666667,32,59,44,0,0,0,0,0,0,0,4
164,450,0.666667,32,59,44,0,0,0,0,0,0,0,4
165,426,0.96,48,61,44,0,0,0,0,0,0,0,6
166,430,1.21739,56,61,39,0,0,0,0,0,0,0,7
167,406,1.70213,80,62,37,0,0,0,0,0,0,0,10
168,374,1.14286,56,64,42,0,0,0,0,0,0,0,7
169,448,0.979592,48,65,43,0,0,0,0,0,0,0,6
170,368,0.851064,40,66,42,0,0,0,0,0,0,0,5
171,412,0.5,24,68,45,0,0,0,0,0,0,0,3
172,448,1.02128,48,68,41,0,0,0,0,0,0,0,6
173,482,1.19149,56,68,40,0,0,0,0,0,0,0,7
174,462,0.865385,45,69,46,0,0,0,0,1,0,0,5
175,494,1.01923,53,71,45,0,0,0,0,1,0,0,6
176,508,1.08163,53,71,42,0,0,0,0,1,0,0,6
177,500,1.35849,72,73,44,0,0,0,0,0,0,0,9
178,498,1.20755,64,74,45,0,0,0,0,0,0,0,8
179,542,1.28571,72,75,47,0,0,0,0,0,0,0,9
180,538,1.28571,72,77,47,0,0,0,0,0,0,0,9
181,530,1.14286,64,77,48,0,0,0,0,0,0,0,8
182,562,1.45455,80,77,45,0,0,0,0,0,0,0,10
183,576,1.76271,104,77,46,0,0,0,0,0,0,0,13
184,562,1.65517,96,77,46,0,0,0,0,0,0,0,12
185,598,1.83607,112,79,47,0,0,0,0,0,0,0,14
186,556,1.6,96,80,48,0,0,0,0,0,0,0,12
187,578,2.10526,120,80,42,0,0,0,0,0,0,0,15
188,618,2.57143,144,80,38,0,0,0,0,0,0,0,18
189,616,2.2069,128,82,42,0,0,0,0,0,0,0,16
190,622,2.52632,144,83,39,0,0,0,0,0,0,0,18
191,658,2.51852,136,84,37,0,0,0,0,0,0,0,17
192,564,2.51852,136,84,37,0,0,0,0,0,0,0,17
193,528,2.37037,128,85,38,0,0,0,0,0,0,0,16
194,576,2.26415,120,86,38,0,0,0,0,0,0,0,15
195,588,2.71698,144,89,35,0,0,0,0,0,0,0,18
196,584,2.03636,112,90,41,0,0,0,0,0,0,0,14
197,586,2.52632,144,90,39,0,0,0,0,0,0,0,18
198,618,2.21538,144,91,47,0,0,0,0,0,0,0,18
199,576,2.15873,136,91,46,0,0,0,0,0,0,0,17
200,626,2.21538,144,92,47,0,0,0,0,0,0,0,18
201,678,2.75,176,92,42,0,0,0,0,0,0,0,22
202,678,2.74627,184,93,44,0,0,0,0,0,0,0,23
203,756,3.125,200,93,39,0,0,0,0,0,0,0,25
204,776,2.79365,176,93,41,0,0,0,0,0,0,0,22
205,790,3.33333,200,94,35,0,0,0,0,0,0,0,25
206,760,3.1746,200,94,38,0,0,0,0,0,0,0,25
207,740,2.96774,184,94,39,0,0,0,0,0,0,0,23
208,822,3.125,200,94,39,0,0,0,0,0,0,0,25
209,802,3.27273,216,95,39,0,0,0,0,0,0,0,27
210,848,3.25,208,96,38,0,0,0,0,0,0,0,26
211,876,3.125,200,97,39,0,0,0,0,0,0,0,25
212,868,3.27869,200,97,36,0,0,0,0,0,0,0,25
213,896,3.15152,208,97,40,0,0,0,0,0,0,0,26
214,914,3.22388,216,98,40,0,0,0,0,0,0,0,27
215,756,3.125,200,99,39,0,0,0,0,0,0,0,25
216,738,3.35484,208,99,36,0,0,0,0,0,0,0,26
217,758,2.875,184,99,41,0,0,0,0,0,0,0,23
218,800,3.54098,216,99,34,0,0,0,0,0,0,0,27
219,812,3.14754,192,99,37,0,0,0,0,0,0,0,24
220,842,3.32308,216,100,38,0,0,0,0,0,0,0,27
221,886,3.88525,237,100,31,0,0,0,0,1,0,0,29
222,892,3.36066,205,100,35,0,0,0,0,1,0,0,25
223,1010,3.45312,221,100,36,0,0,0,0,1,0,0,27
224,930,3.6129,224,100,34,0,0,0,0,0,0,0,28
225,912,3.66102,216,100,32,0,0,0,0,0,0,0,27
226,946,3.01639,184,100,38,0,0,0,0,0,0,0,23
227,940,2.625,168,100,43,0,0,0,0,0,0,0,21
228,1150,2.83871,176,100,40,0,0,0,0,0,0,0,22
229,1292,2.4127,152,100,44,0,0,0,0,0,0,0,19
230,1370,2.34483,136,100,41,0,0,0,0,0,0,0,17
231,1486,3.38983,200,100,34,0,0,0,0,0,0,0,25
232,1406,3.22581,200,100,37,0,0,0,0,0,0,0,25
233,1450,3.375,216,100,37,0,0,0,0,0,0,0,27
234,1252,3.01639,184,100,38,0,0,0,0,0,0,0,23
235,1168,2.92063,184,100,40,0,0,0,0,0,0,0,23
236,1202,3.25,208,100,38,0,0,0,0,0,0,0,26
237,1232,3.27869,200,100,36,0,0,0,0,0,0,0,25
238,1162,3.375,216,100,37,0,0,0,0,0,0,0,27
239,1220,3.40984,208,100,35,0,0,0,0,0,0,0,26
240,1296,2.70968,168,100,41,0,0,0,0,0,0,0,21
241,1238,2.84746,168,100,38,0,0,0,0,0,0,0,21
242,1414,2.89855,200,100,44,0,0,0,0,0,0,0,25
243,1204,3.125,200,100,39,0,0,0,0,0,0,0,25
244,1274,3.67213,224,100,33,0,0,0,0,0,0,0,28
245,1230,3.06667,184,100,37,0,0,0,0,0,0,0,23
246,1398,3.27869,200,100,36,0,0,0,0,0,0,0,25
247,1348,3.27869,200,100,36,0,0,0,0,0,0,0,25
248,1188,3.33333,200,100,35,0,0,0,0,0,0,0,25
249,1368,2.46154,160,100,45,0,0,0,0,0,0,0,20
250,1352,2.38806,160,100,47,0,0,0,0,0,0,0,20
251,1572,2.23529,152,100,49,0,0,0,0,0,0,0,19
252,1390,2.4127,152,100,44,0,0,0,0,0,0,0,19
253,1134,2.15873,136,100,46,0,0,0,0,0,0,0,17
254,1372,2.45161,152,100,43,0,0,0,0,0,0,0,19
255,1104,2.15873,136,100,46,0,0,0,0,0,0,0,17
256,1280,2.46154,160,100,45,0,0,0,0,0,0,0,20
257,1476,2.70769,176,100,43,0,0,0,0,0,0,0,22
258,1590,3.09677,192,100,38,0,0,0,0,0,0,0,24
259,1536,2.88525,176,100,39,0,0,0,0,0,0,0,22
260,1402,2.95385,192,100,41,0,0,0,0,0,0,0,24
261,1436,2.98507,200,100,42,0,0,0,0,0,0,0,25
262,1324,2.58065,160,100,42,0,0,0,0,0,0,0,20
263,1192,2.45161,152,100,43,0,0,0,0,0,0,0,19
264,1130,3.06667,184,100,37,0,0,0,0,0,0,0,23
265,1320,2.875,184,100,41,0,0,0,0,0,0,0,23
266,1466,3.58621,208,100,32,0,0,0,0,0,0,0,26
267,1372,3.79661,224,100,31,0,0,0,0,0,0,0,28
268,1576,3.92982,224,100,29,0,0,0,0,0,0,0,28
269,1800,3.52542,208,100,33,0,0,0,0,0,0,0,26
270,1596,3.625,232,100,35,0,0,0,0,0,0,0,29
271,1880,3.69231,240,100,35,0,0,0,0,0,0,0,30
272,2300,4.19672,256,100,29,0,0,0,0,0,0,0,32
273,2134,4.41379,256,100,26,0,0,0,0,0,0,0,32
274,1764,3.57143,200,100,31,0,0,0,0,0,0,0,25
275,1882,3.42857,216,100,36,0,0,0,0,0,0,0,27
276,1788,3.46667,208,100,34,0,0,0,0,0,0,0,26
277,1520,3.22581,200,100,37,0,0,0,0,0,0,0,25
278,1880,3.86667,232,100,31,0,0,0,0,0,0,0,29
279,2062,3.62264,192,100,29,0,0,0,0,0,0,0,24
280,2158,4.14286,232,100,27,0,0,0,0,0,0,0,29
281,1796,3.67213,224,100,33,0,0,0,0,0,0,0,28
282,1884,4.14286,232,100,27,0,0,0,0,0,0,0,29
283,2108,4.42857,248,100,25,0,0,0,0,0,0,0,31
284,2350,5.09091,280,100,20,0,0,0,0,0,0,0,35
285,2244,4.47458,264,100,26,0,0,0,0,0,0,0,33
286,2430,4.35088,248,100,26,0,0,0,0,0,0,0,31
287,2068,4.59259,248,100,23,0,0,0,0,0,0,0,31
288,2322,4.98246,284,100,21,0,0,0,1,0,0,0,35
289,2768,4.49123,256,100,25,0,0,0,0,0,0,0,32
290,2266,4.91228,280,100,22,0,0,0,0,0,0,0,35
291,1830,4.36207,253,100,26,0,0,0,0,1,0,0,31
292,2168,4.42857,248,100,25,0,0,0,0,0,0,0,31
293,2170,4.91228,280,100,22,0,0,0,0,0,0,0,35
294,2432,4.77193,272,100,23,0,0,0,0,0,0,0,34
295,2530,4.57143,256,100,24,0,0,0,0,0,0,0,32
296,2590,4.40816,216,100,22,0,0,0,0,0,0,0,27
297,2904,4.07273,224,100,27,0,0,0,0,0,0,0,28
298,2554,3.29412,168,100,30,0,0,0,0,0,0,0,21
299,2400,3.50877,200,100,32,0,0,0,0,0,0,0,25
300,2860,3.85714,216,100,29,0,0,0,0,0,0,0,27
301,3200,3.52542,208,100,33,0,0,0,0,0,0,0,26
302,3342,3.36842,192,100,33,0,0,0,0,0,0,0,24
303,3302,3.50877,200,100,32,0,0,0,0,0,0,0,25
304,3766,3.34545,184,100,32,0,0,0,0,0,0,0,23
305,3196,3.2,176,100,33,0,0,0,0,0,0,0,22
306,2742,3.28571,184,100,33,0,0,0,0,0,0,0,23
307,3296,3.72414,216,100,31,0,0,0,0,0,0,0,27
308,3064,3.79661,224,100,31,0,0,0,0,0,0,0,28
309,3384,3.72414,216,100,31,0,0,0,0,0,0,0,27
310,2988,4,224,100,28,0,0,0,0,0,0,0,28
311,2878,4.07018,232,100,28,0,0,0,0,0,0,0,29
312,2970,4.22642,224,100,25,0,0,0,0,0,0,0,28
313,2488,3.92982,224,100,29,0,0,0,0,0,0,0,28
314,2916,4.26667,256,100,28,0,0,0,0,0,0,0,32
315,2840,4.21053,240,100,27,0,0,0,0,0,0,0,30
316,2648,4.50909,248,100,24,0,0,0,0,0,0,0,31
317,3266,5.23636,288,100,19,0,0,0,0,0,0,0,36
318,2604,3.78182,208,100,29,0,0,0,0,0,0,0,26
319,2484,3.55556,192,100,30,0,0,0,0,0,0,0,24
320,2140,3.60784,184,100,28,0,0,0,0,0,0,0,23
321,2536,4.07018,232,100,28,0,0,0,0,0,0,0,29
322,2536,4.2963,232,100,25,0,0,0,0,0,0,0,29
323,2358,3.69231,192,100,28,0,0,0,0,0,0,0,24
324,2342,4.83019,256,100,21,0,0,0,0,0,0,0,32
325,2108,3.49091,192,100,31,0,0,0,0,0,0,0,24
326,2508,4.54902,232,100,22,0,0,0,0,0,0,0,29
327,2646,3.4717,184,100,30,0,0,0,0,0,0,0,23
328,2668,2.03636,112,100,41,0,0,0,0,0,0,0,14
329,2560,2.76364,152,100,36,0,0,0,0,0,0,0,19
330,3078,2.93333,176,100,38,0,0,0,0,0,0,0,22
331,3186,3.71429,208,100,30,0,0,0,0,0,0,0,26
332,2806,3.44828,200,100,33,0,0,0,0,0,0,0,25
333,2690,3.01639,184,100,38,0,0,0,0,0,0,0,23
334,3486,3.77358,200,100,28,0,0,0,0,0,0,0,25
335,2700,3.53846,184,100,29,0,0,0,0,0,0,0,23
336,2192,3.7037,200,100,29,0,0,0,0,0,0,0,25
337,2168,3.55556,192,100,30,0,0,0,0,0,0,0,24
338,2838,3.03448,176,100,36,0,0,0,0,0,0,0,22
339,2906,3.73333,224,100,32,0,0,0,0,0,0,0,28
340,3316,3.31034,192,100,34,0,0,0,0,0,0,0,24
341,2964,3.04762,192,100,39,0,0,0,0,0,0,0,24
342,2658,4,240,100,30,0,0,0,0,0,0,0,30
343,3066,4.14286,232,100,27,0,0,0,0,0,0,0,29
344,2640,2.81481,152,100,35,0,0,0,0,0,0,0,19
345,2598,3.7037,200,100,29,0,0,0,0,0,0,0,25
346,2502,3.9322,232,100,30,0,0,0,0,0,0,0,29
347,2820,3.25424,192,100,35,0,0,0,0,0,0,0,24
348,2878,3.78947,216,100,30,0,0,0,0,0,0,0,27
349,3190,3.80328,232,100,32,0,0,0,0,0,0,0,29
350,3554,3.55556,224,100,35,0,0,0,0,0,0,0,28
351,2792,3.33333,200,100,35,0,0,0,0,0,0,0,25
352,2034,3.22581,200,100,37,0,0,0,0,0,0,0,25
353,2540,3.67213,224,100,33,0,0,0,0,0,0,0,28
354,2850,3.5,224,100,36,0,0,0,0,0,0,0,28
355,2866,3.625,232,100,35,0,0,0,0,0,0,0,29
356,3034,3.75,240,100,34,0,0,0,0,0,0,0,30
357,3542,4.42857,248,100,25,0,0,0,0,0,0,0,31
358,3358,4.82759,280,100,23,0,0,0,0,0,0,0,35
359,2640,3.46667,208,100,34,0,0,0,0,0,0,0,26
360,2864,3.88235,264,100,35,0,0,0,0,0,0,0,33
361,2428,3.68254,232,100,34,0,0,0,0,0,0,0,29
362,1980,3.44615,224,100,37,0,0,0,0,0,0,0,28
363,2236,3.34328,224,100,39,0,0,0,0,0,0,0,28
364,2588,3.46667,208,100,34,0,0,0,0,0,0,0,26
365,2146,3.66102,216,100,32,0,0,0,0,0,0,0,27
366,2168,3.92982,224,100,29,0,0,0,0,0,0,0,28
367,2204,4.13793,240,100,28,0,0,0,0,0,0,0,30
368,2856,4.42857,248,100,25,0,0,0,0,0,0,0,31
369,2232,5.55102,272,100,15,0,0,0,0,0,0,0,34
370,2510,4.85714,272,100,22,0,0,0,0,0,0,0,34
371,1992,4.65455,256,100,23,0,0,0,0,0,0,0,32
372,2716,4.57143,256,100,24,0,0,0,0,0,0,0,32
373,2146,4.91228,280,100,22,0,0,0,0,0,0,0,35
374,2182,4.85246,296,100,24,0,0,0,0,0,0,0,37
375,2338,5.57143,312,100,17,0,0,0,0,0,0,0,39
376,2796,5.42857,304,100,18,0,0,0,0,0,0,0,38
377,2712,5.71429,320,100,16,0,0,0,0,0,0,0,40
378,2320,5.19298,296,100,20,0,0,0,0,0,0,0,37
379,2848,5.85714,328,100,15,0,0,0,0,0,0,0,41
380,2538,5.5,308,100,17,0,0,0,1,0,0,0,38
381,3012,5.96078,304,100,13,0,0,0,0,0,0,0,38
382,2486,5.4902,280,100,16,0,0,0,0,0,0,0,35
383,2040,5.76,288,100,14,0,0,0,0,0,0,0,36
384,2360,5.84615,304,100,14,0,0,0,0,0,0,0,38
385,2388,5.6,280,100,15,0,0,0,0,0,0,0,35
386,2618,5.87755,288,100,13,0,0,0,0,0,0,0,36
387,3064,5.44,272,100,16,0,0,0,0,0,0,0,34
388,2400,5,240,100,18,0,0,0,0,0,0,0,30
389,2480,5.07692,264,100,19,0,0,0,0,0,0,0,33
390,2500,5.28571,296,100,19,0,0,0,0,0,0,0,37
391,2424,6.43137,328,100,10,0,0,0,0,0,0,0,41
392,2610,6.66667,320,100,8,0,0,0,0,0,0,0,40
393,1842,6.08333,292,100,11,0,0,0,1,0,0,0,36
394,2278,5.53846,288,100,16,0,0,0,0,0,0,0,36
395,2720,5.48148,296,100,17,0,0,0,0,0,0,0,37
396,2604,5.53846,288,100,16,0,0,0,0,0,0,0,36
397,3062,5.58491,296,100,16,0,0,0,0,0,0,0,37
398,2720,5.48148,296,100,17,0,0,0,0,0,0,0,37
399,2552,5.53846,288,100,16,0,0,0,0,0,0,0,36
400,2622,5.48148,296,100,17,0,0,0,0,0,0,0,37
401,3140,5.47368,312,100,18,0,0,0,0,0,0,0,39
402,2430,5.44828,316,100,18,0,0,0,1,0,0,0,39
403,2406,5.6,308,100,16,0,0,0,1,0,0,0,38
404,2414,5.14286,288,100,20,0,0,0,0,0,0,0,36
405,2612,5.28302,280,100,18,0,0,0,0,0,0,0,35
406,2252,5.23636,288,100,19,0,0,0,0,0,0,0,36
407,2566,4.94545,272,100,21,0,0,0,0,0,0,0,34
408,2970,4.45902,272,100,27,0,0,0,0,0,0,0,34
409,3478,5.15254,304,100,21,0,0,0,0,0,0,0,38
410,3722,5.03226,312,100,23,0,0,0,0,0,0,0,39
411,2884,5.28302,280,100,18,0,0,0,0,0,0,0,35
412,3220,5.67273,312,100,16,0,0,0,0,0,0,0,39
413,2972,5.42857,304,100,18,0,0,0,0,0,0,0,38
414,3170,5.71429,280,100,14,0,0,0,0,0,0,0,35
415,2406,5.71429,280,100,14,0,0,0,0,0,0,0,35
416,2796,4.92308,256,100,20,0,0,0,0,0,0,0,32
417,2376,3.92727,216,100,28,0,0,0,0,0,0,0,27
418,2468,4.07018,232,100,28,0,0,0,0,0,0,0,29
419,2924,4.74074,256,100,22,0,0,0,0,0,0,0,32
420,2422,4.30769,224,100,24,0,0,0,0,0,0,0,28
421,2068,4.12903,256,100,30,0,0,0,0,0,0,0,32
422,2726,4.91228,280,100,22,0,0,0,0,0,0,0,35
423,3070,4.98113,264,100,20,0,0,0,0,0,0,0,33
424,2666,4.77193,272,100,23,0,0,0,0,0,0,0,34
425,2862,4.8,264,100,22,0,0,0,0,0,0,0,33
426,2802,4.96552,288,100,22,0,0,0,0,0,0,0,36
427,2700,5.19298,296,100,20,0,0,0,0,0,0,0,37
428,2488,4.46154,232,100,23,0,0,0,0,0,0,0,29
429,2710,4.77193,272,100,23,0,0,0,0,0,0,0,34
430,2570,4.2963,232,100,25,0,0,0,0,0,0,0,29
431,2820,5.14286,288,100,20,0,0,0,0,0,0,0,36
432,3064,5.5283,293,100,16,0,0,0,0,1,0,0,36
433,2704,5.28302,280,100,18,0,0,0,0,0,0,0,35
434,3034,5.28571,296,100,19,0,0,0,0,0,0,0,37
435,3276,4.76923,248,100,21,0,0,0,0,0,0,0,31
436,2704,4.36364,240,100,25,0,0,0,0,0,0,0,30
437,3000,4.71429,264,100,23,0,0,0,0,0,0,0,33
438,3488,4.77193,272,100,23,0,0,0,0,0,0,0,34
439,3286,4.67925,248,100,22,0,0,0,0,0,0,0,31
440,3518,5.09091,280,100,20,0,0,0,0,0,0,0,35
441,3382,4.21818,232,100,26,0,0,0,0,0,0,0,29
442,3212,4.44444,240,100,24,0,0,0,0,0,0,0,30
443,3002,4.35088,248,100,26,0,0,0,0,0,0,0,31
444,3278,4.53333,272,100,26,0,0,0,0,0,0,0,34
445,3466,4.34483,252,100,26,0,0,0,1,0,0,0,31
446,3132,4,232,100,29,0,0,0,0,0,0,0,29
447,3510,4.77193,272,100,23,0,0,0,0,0,0,0,34
448,3112,4.57143,256,100,24,0,0,0,0,0,0,0,32
449,2730,4.35088,248,100,26,0,0,0,0,0,0,0,31
450,2956,4.68966,272,100,24,0,0,0,0,0,0,0,34
451,3426,5.28814,312,100,20,0,0,0,0,0,0,0,39
452,3400,5.14286,288,100,20,0,0,0,0,0,0,0,36
453,2928,5.18519,280,100,19,0,0,0,0,0,0,0,35
454,3290,5.12,256,100,18,0,0,0,0,0,0,0,32
455,2686,5.13208,272,100,19,0,0,0,0,0,0,0,34
456,2616,4.07273,224,100,27,0,0,0,0,0,0,0,28
457,3294,5.15254,304,100,21,0,0,0,0,0,0,0,38
458,3258,5.71429,320,100,16,0,0,0,0,0,0,0,40
459,3308,5.19298,296,100,20,0,0,0,0,0,0,0,37
460,3190,5.14286,288,100,20,0,0,0,0,0,0,0,36
461,3248,4.74074,256,100,22,0,0,0,0,0,0,0,32
462,2998,4.92308,256,100,20,0,0,0,0,0,0,0,32
463,3234,5.38462,280,100,17,0,0,0,0,0,0,0,35
464,3030,5.18519,280,100,19,0,0,0,0,0,0,0,35
465,2840,4.20339,248,100,28,0,0,0,0,0,0,0,31
466,3538,3.85714,216,100,29,0,0,0,0,0,0,0,27
467,3576,4.33898,256,100,27,0,0,0,0,0,0,0,32
468,3430,3.52542,208,100,33,0,0,0,0,0,0,0,26
469,3616,4.21053,240,100,27,0,0,0,0,0,0,0,30
470,3100,3.62264,192,100,29,0,0,0,0,0,0,0,24
471,2582,3.63636,200,100,30,0,0,0,0,0,0,0,25
472,2682,4.59259,248,100,23,0,0,0,0,0,0,0,31
473,2378,4.32,216,100,23,0,0,0,0,0,0,0,27
474,2892,4.37736,232,100,24,0,0,0,0,0,0,0,29
475,3132,4.39216,224,100,23,0,0,0,0,0,0,0,28
476,2842,4,200,100,25,0,0,0,0,0,0,0,25
477,3200,4.07843,208,100,25,0,0,0,0,0,0,0,26
478,2806,4.14815,224,100,26,0,0,0,0,0,0,0,28
479,2790,4.59574,216,100,20,0,0,0,0,0,0,0,27
480,3034,4.42553,208,100,21,0,0,0,0,0,0,0,26
481,2974,4.57143,256,100,24,0,0,0,0,0,0,0,32
482,3238,4.89796,240,100,19,0,0,0,0,0,0,0,30
483,3310,4.77193,272,100,23,0,0,0,0,0,0,0,34
484,3014,5.06122,248,100,18,0,0,0,0,0,0,0,31
485,3396,4.65455,256,100,23,0,0,0,0,0,0,0,32
486,2462,4,224,100,28,0,0,0,0,0,0,0,28
487,3268,4.57143,256,100,24,0,0,0,0,0,0,0,32
488,3130,4.71429,264,100,23,0,0,0,0,0,0,0,33
489,3218,4.85246,296,100,24,0,0,0,0,0,0,0,37
490,2626,4.5,216,100,21,0,0,0,0,0,0,0,27
491,3066,4.37736,232,100,24,0,0,0,0,0,0,0,29
492,2518,4,224,100,28,0,0,0,0,0,0,0,28
493,2848,4.77193,272,100,23,0,0,0,0,0,0,0,34
494,3242,5.375,301,100,18,0,0,0,0,1,0,0,37
495,3220,4.96078,253,100,19,0,0,0,0,1,0,0,31
496,2174,4.42553,208,100,21,0,0,0,0,0,0,0,26
497,2270,5,240,100,18,0,0,0,0,0,0,0,30
498,2546,5.01961,256,100,19,0,0,0,0,0,0,0,32
499,2450,5.38776,264,100,16,0,0,0,0,0,0,0,33
500,1924,4.73469,232,100,20,0,0,0,0,0,0,0,29
501,2340,4.36364,240,100,25,0,0,0,0,0,0,0,30
502,2274,5.13208,272,100,19,0,0,0,0,0,0,0,34
503,2344,4.92308,256,100,20,0,0,0,0,0,0,0,32
504,2638,4.36364,240,100,25,0,0,0,0,0,0,0,30
505,2620,4.67925,248,100,22,0,0,0,0,0,0,0,31
506,2858,4.57143,256,100,24,0,0,0,0,0,0,0,32
507,2922,4.22642,224,100,25,0,0,0,0,0,0,0,28
508,3320,5.13208,272,100,19,0,0,0,0,0,0,0,34
509,3556,4.42857,248,100,25,0,0,0,0,0,0,0,31
510,3410,4.21053,240,100,27,0,0,0,0,0,0,0,30
511,3790,4.85714,272,100,22,0,0,0,0,0,0,0,34
512,3892,5.37931,312,100,19,0,0,0,0,0,0,0,39
513,3978,5.23636,288,100,19,0,0,0,0,0,0,0,36
514,3076,5.56522,256,100,14,0,0,0,0,0,0,0,32
515,2666,4.73469,232,100,20,0,0,0,0,0,0,0,29
516,3162,4.91228,280,100,22,0,0,0,0,0,0,0,35
517,3304,4.50909,248,100,24,0,0,0,0,0,0,0,31
518,3644,4.32,216,100,23,0,0,0,0,0,0,0,27
519,2766,4.86275,248,100,20,0,0,0,0,0,0,0,31
520,2248,5.07692,264,100,19,0,0,0,0,0,0,0,33
521,2426,5.64706,288,100,15,0,0,0,0,0,0,0,36
522,2458,5.53846,288,100,16,0,0,0,0,0,0,0,36
523,2706,6.30769,328,100,11,0,0,0,0,0,0,0,41
524,2624,5.03704,272,100,20,0,0,0,0,0,0,0,34
525,2864,4.74074,256,100,22,0,0,0,0,0,0,0,32
526,2778,4.68966,272,100,24,0,0,0,0,0,0,0,34
527,3126,4.42857,248,100,25,0,0,0,0,0,0,0,31
528,2810,4.0678,240,100,29,0,0,0,0,0,0,0,30
529,3054,4.36364,240,100,25,0,0,0,0,0,0,0,30
530,3546,4.13333,248,100,29,0,0,0,0,0,0,0,31
531,3244,4.0678,240,100,29,0,0,0,0,0,0,0,30
532,2850,4.27586,248,100,27,0,0,0,0,0,0,0,31
533,2916,4.77193,272,100,23,0,0,0,0,0,0,0,34
534,2030,4.8,264,100,22,0,0,0,0,0,0,0,33
535,1982,4.86275,248,100,20,0,0,0,0,0,0,0,31
536,2190,4,216,100,27,0,0,0,0,0,0,0,27
537,2570,4.13333,248,100,29,0,0,0,0,0,0,0,31
538,2838,4.20339,248,100,28,0,0,0,0,0,0,0,31
539,2802,4.59259,248,100,23,0,0,0,0,0,0,0,31
540,2788,4.63158,264,100,24,0,0,0,0,0,0,0,33
541,2900,4.85714,272,100,22,0,0,0,0,0,0,0,34
542,2104,4.46154,232,100,23,0,0,0,0,0,0,0,29
543,1812,4.28571,240,100,26,0,0,0,0,0,0,0,30
544,2076,4.2963,232,100,25,0,0,0,0,0,0,0,29
545,1934,4.36364,240,100,25,0,0,0,0,0,0,0,30
546,1742,4.8,264,100,22,0,0,0,0,0,0,0,33
547,1470,5.13208,272,100,19,0,0,0,0,0,0,0,34
548,1934,5.38182,296,100,18,0,0,0,0,0,0,0,37
549,1774,4.8,240,100,20,0,0,0,0,0,0,0,30
550,1782,4.55172,264,100,25,0,0,0,0,0,0,0,33
551,1896,4.13333,248,100,29,0,0,0,0,0,0,0,31
552,2324,4.61017,272,100,25,0,0,0,0,0,0,0,34
553,2078,4.26667,256,100,28,0,0,0,0,0,0,0,32
554,2376,4.96552,288,100,22,0,0,0,0,0,0,0,36
555,2650,5.89474,336,100,15,0,0,0,0,0,0,0,42
556,2312,6.22222,336,100,12,0,0,0,0,0,0,0,42
557,2402,6.90196,352,100,7,0,0,0,0,0,0,0,44
558,2456,5.66071,317,100,16,0,0,0,0,1,0,0,39
559,2588,5.33333,288,100,18,0,0,0,0,0,0,0,36
560,2278,5.4902,280,100,16,0,0,0,0,0,0,0,35
561,2594,6.03774,320,100,13,0,0,0,0,0,0,0,40
562,2576,5.67273,312,100,16,0,0,0,0,0,0,0,39
563,2818,5.06667,304,100,22,0,0,0,0,0,0,0,38
564,2720,5.48148,296,100,17,0,0,0,0,0,0,0,37
565,2404,5.66667,272,100,14,0,0,0,0,0,0,0,34
566,2430,5.28302,280,100,18,0,0,0,0,0,0,0,35
567,3198,5.19298,296,100,20,0,0,0,0,0,0,0,37
568,2270,4.46154,232,100,23,0,0,0,0,0,0,0,29
569,2878,5.19298,296,100,20,0,0,0,0,0,0,0,37
570,2922,5.05263,288,100,21,0,0,0,0,0,0,0,36
571,2264,5.28814,312,100,20,0,0,0,0,0,0,0,39
572,2486,5.46667,328,100,19,0,0,0,0,0,0,0,41
573,2682,5.48148,296,100,17,0,0,0,0,0,0,0,37
574,2178,5.23077,272,100,18,0,0,0,0,0,0,0,34
575,2808,5.57143,312,100,17,0,0,0,0,0,0,0,39
576,2260,5.23636,288,100,19,0,0,0,0,0,0,0,36
577,2500,5.23077,272,100,18,0,0,0,0,0,0,0,34
578,2156,5.48148,296,100,17,0,0,0,0,0,0,0,37
579,1920,5.23077,272,100,18,0,0,0,0,0,0,0,34
580,1858,4.74074,256,100,22,0,0,0,0,0,0,0,32
581,1806,4.93617,232,100,18,0,0,0,0,0,0,0,29
582,1752,5.5,264,100,15,0,0,0,0,0,0,0,33
583,2264,4.88889,264,100,21,0,0,0,0,0,0,0,33
584,2468,5.66667,272,100,14,0,0,0,0,0,0,0,34
585,2414,5.23636,288,100,19,0,0,0,0,0,0,0,36
586,2430,4.92308,256,100,20,0,0,0,0,0,0,0,32
587,2036,4.74074,256,100,22,0,0,0,0,0,0,0,32
588,1894,4.53333,272,100,26,0,0,0,0,0,0,0,34
589,1904,4.2963,232,100,25,0,0,0,0,0,0,0,29
590,1856,4.88889,264,100,21,0,0,0,0,0,0,0,33
591,2070,5.28,264,100,17,0,0,0,0,0,0,0,33
592,2248,4.92308,256,100,20,0,0,0,0,0,0,0,32
593,2262,4.94545,272,100,21,0,0,0,0,0,0,0,34
594,2178,4.42857,248,100,25,0,0,0,0,0,0,0,31
595,2248,4.41379,256,100,26,0,0,0,0,0,0,0,32
596,2356,3.9322,232,100,30,0,0,0,0,0,0,0,29
597,2484,4.68966,272,100,24,0,0,0,0,0,0,0,34
598,2960,4.8,288,100,24,0,0,0,0,0,0,0,36
599,2958,4.96,248,100,19,0,0,0,0,0,0,0,31
600,3316,4.63158,264,100,24,0,0,0,0,0,0,0,33
601,2574,4.35088,248,100,26,0,0,0,0,0,0,0,31
602,2728,4.59016,280,100,26,0,0,0,0,0,0,0,35
603,2246,4.53333,272,100,26,0,0,0,0,0,0,0,34
604,2728,4.64516,288,100,26,0,0,0,0,0,0,0,36
605,2908,5.07692,264,100,19,0,0,0,0,0,0,0,33
606,3054,4.88889,264,100,21,0,0,0,0,0,0,0,33
607,2948,5.28302,280,100,18,0,0,0,0,0,0,0,35
608,3184,5.17647,264,100,18,0,0,0,0,0,0,0,33
609,3744,5.12281,292,100,20,0,0,0,1,0,0,0,36
610,3674,5.55102,272,100,15,0,0,0,0,0,0,0,34
611,3184,5.7451,293,100,14,0,0,0,0,1,0,0,36
612,2654,5.11765,261,100,18,0,0,0,0,1,0,0,32
613,2772,5.53846,288,100,16,0,0,0,0,0,0,0,36
614,2308,4.98113,264,100,20,0,0,0,0,0,0,0,33
615,2054,5.13208,272,100,19,0,0,0,0,0,0,0,34
616,2226,5.96078,304,100,13,0,0,0,0,0,0,0,38
617,2420,5.62963,304,100,16,0,0,0,0,0,0,0,38
618,2582,6.58824,336,100,9,0,0,0,0,0,0,0,42
619,2432,5.96078,304,100,13,0,0,0,0,0,0,0,38
620,2324,5.80392,296,100,14,0,0,0,0,0,0,0,37
621,3000,5.69231,296,100,15,0,0,0,0,0,0,0,37
622,2852,5.6,280,100,15,0,0,0,0,0,0,0,35
623,3162,5.23077,272,100,18,0,0,0,0,0,0,0,34
624,3068,5.91525,349,100,15,0,0,0,0,1,0,0,43
625,2872,5.61818,309,100,16,0,0,0,0,1,0,0,38
626,2726,5.71429,320,100,16,0,0,0,0,0,0,0,40
627,2380,6,312,100,13,0,0,0,0,0,0,0,39
628,2496,5.66038,300,100,15,0,0,0,1,0,0,0,37
629,2684,6.08,304,100,12,0,0,0,0,0,0,0,38
630,2596,6.36735,312,100,10,0,0,0,0,0,0,0,39
631,2392,6.03509,344,100,14,0,0,0,0,0,0,0,43
632,2542,5.35593,316,100,19,0,0,0,1,0,0,0,39
633,2396,5.18033,316,100,21,0,0,0,1,0,0,0,39
634,2514,5.24138,304,100,20,0,0,0,0,0,0,0,38
635,2246,4.68966,272,100,24,0,0,0,0,0,0,0,34
636,1906,4,224,100,28,0,0,0,0,0,0,0,28
637,2338,4.85246,296,100,24,0,0,0,0,0,0,0,37
638,2214,4.68966,272,100,24,0,0,0,0,0,0,0,34
639,2626,5.28571,296,100,19,0,0,0,0,0,0,0,37
640,2782,4.49123,256,100,25,0,0,0,0,0,0,0,32
641,2778,4.74576,280,100,24,0,0,0,0,0,0,0,35
642,2114,4.07273,224,100,27,0,0,0,0,0,0,0,28
643,2354,4.46154,232,100,23,0,0,0,0,0,0,0,29
644,2780,5.23077,272,100,18,0,0,0,0,0,0,0,34
645,2406,4.93617,232,100,18,0,0,0,0,0,0,0,29
646,2286,4.71429,264,100,23,0,0,0,0,0,0,0,33
647,2146,4.51852,244,100,23,0,0,0,1,0,0,0,30
648,2084,5,240,100,18,0,0,0,0,0,0,0,30
649,2110,5.16667,248,100,17,0,0,0,0,0,0,0,31
650,2022,5.17647,264,100,18,0,0,0,0,0,0,0,33
651,2388,4.59259,248,100,23,0,0,0,0,0,0,0,31
652,2522,4.23529,216,100,24,0,0,0,0,0,0,0,27
653,2366,4.15385,216,100,25,0,0,0,0,0,0,0,27
654,2260,4.16667,200,100,23,0,0,0,0,0,0,0,25
655,3004,4.47458,264,100,26,0,0,0,0,0,0,0,33
656,2878,5.62963,304,100,16,0,0,0,0,0,0,0,38
657,2484,5.83333,280,100,13,0,0,0,0,0,0,0,35
658,2544,5.07692,264,100,19,0,0,0,0,0,0,0,33
659,2852,4.97778,224,100,17,0,0,0,0,0,0,0,28
660,2992,4.74074,256,100,22,0,0,0,0,0,0,0,32
661,3280,4.59574,216,100,20,0,0,0,0,0,0,0,27
662,3474,5.38462,280,100,17,0,0,0,0,0,0,0,35
663,2132,4.39216,224,100,23,0,0,0,0,0,0,0,28
664,2788,4.55172,264,100,25,0,0,0,0,0,0,0,33
665,3290,5.47368,312,100,18,0,0,0,0,0,0,0,39
666,2724,5.13208,272,100,19,0,0,0,0,0,0,0,34
667,2634,4.63158,264,100,24,0,0,0,0,0,0,0,33
668,2658,5.18519,280,100,19,0,0,0,0,0,0,0,35
669,2966,5.58491,296,100,16,0,0,0,0,0,0,0,37
670,2156,5.44681,256,100,15,0,0,0,0,0,0,0,32
671,2672,5.33333,288,100,18,0,0,0,0,0,0,0,36
672,2510,5.28302,280,100,18,0,0,0,0,0,0,0,35
673,2538,4.55172,264,100,25,0,0,0,0,0,0,0,33
674,2968,4.74576,280,100,24,0,0,0,0,0,0,0,35
675,2934,4.91228,280,100,22,0,0,0,0,0,0,0,35
676,3418,4.61017,272,100,25,0,0,0,0,0,0,0,34
677,3484,4.82759,280,100,23,0,0,0,0,0,0,0,35
678,3378,4.72131,288,100,25,0,0,0,0,0,0,0,36
679,2732,4.63158,264,100,24,0,0,0,0,0,0,0,33
680,2114,5.19298,296,100,20,0,0,0,0,0,0,0,37
681,2294,4.27586,248,100,27,0,0,0,0,0,0,0,31
682,2426,4.57143,256,100,24,0,0,0,0,0,0,0,32
683,2774,4.47458,264,100,26,0,0,0,0,0,0,0,33
684,2942,4.93333,296,100,23,0,0,0,0,0,0,0,37
685,3010,5.15254,304,100,21,0,0,0,0,0,0,0,38
686,2322,5.69231,296,100,15,0,0,0,0,0,0,0,37
687,1898,5.07692,264,100,19,0,0,0,0,0,0,0,33
688,1968,6.07407,328,100,13,0,0,0,0,0,0,0,41
689,1918,6.27451,320,100,11,0,0,0,0,0,0,0,40
690,1960,5.38462,280,100,17,0,0,0,0,0,0,0,35
691,2326,6.03509,344,100,14,0,0,0,0,0,0,0,43
692,1992,4.96552,288,100,22,0,0,0,0,0,0,0,36
693,2294,5.2,312,100,21,0,0,0,0,0,0,0,39
694,2164,5.48148,296,100,17,0,0,0,0,0,0,0,37
695,1814,5.61404,320,100,17,0,0,0,0,0,0,0,40
696,2430,5.24138,304,100,20,0,0,0,0,0,0,0,38
697,2322,6.27451,320,100,11,0,0,0,0,0,0,0,40
698,2508,6.15385,320,100,12,0,0,0,0,0,0,0,40
699,2444,5.42857,304,100,18,0,0,0,0,0,0,0,38
700,2390,5.05263,288,100,21,0,0,0,0,0,0,0,36
701,2124,5.45455,300,100,17,0,0,0,1,0,0,0,37
702,1970,5.18519,280,100,19,0,0,0,0,0,0,0,35
703,2108,5.18519,280,100,19,0,0,0,0,0,0,0,35
704,1930,5.22449,256,100,17,0,0,0,0,0,0,0,32
705,2294,4.94545,272,100,21,0,0,0,0,0,0,0,34
706,2608,4.19672,256,100,29,0,0,0,0,0,0,0,32
707,2420,4.06557,248,100,30,0,0,0,0,0,0,0,31
708,1898,4,232,100,29,0,0,0,0,0,0,0,29
709,2250,3.87097,240,100,32,0,0,0,0,0,0,0,30
710,2100,3.86207,224,100,30,0,0,0,0,0,0,0,28
711,2350,3.51515,232,100,37,0,0,0,0,0,0,0,29
712,2020,3.68254,232,100,34,0,0,0,0,0,0,0,29
713,1794,3.74194,232,100,33,0,0,0,0,0,0,0,29
714,1732,3.7619,237,100,33,0,0,0,0,1,0,0,29
715,1866,3.74194,232,100,33,0,0,0,0,0,0,0,29
716,2276,3.29412,224,100,40,0,0,0,0,0,0,0,28
717,2406,3.93651,248,100,32,0,0,0,0,0,0,0,31
718,2522,4.4,264,100,27,0,0,0,0,0,0,0,33
719,2246,4.07843,208,100,25,0,0,0,0,0,0,0,26
720,2326,4.13793,240,100,28,0,0,0,0,0,0,0,30
721,2030,3.32203,196,100,34,0,0,0,1,0,0,0,24
722,2328,3.9322,232,100,30,0,0,0,0,0,0,0,29
723,2660,3.64912,208,100,31,0,0,0,0,0,0,0,26
724,2702,3.86207,224,100,30,0,0,0,0,0,0,0,28
725,2300,3.62264,192,100,29,0,0,0,0,0,0,0,24
726,2556,3.52542,208,100,33,0,0,0,0,0,0,0,26
727,2134,4.55172,264,100,25,0,0,0,0,0,0,0,33
728,2062,4.2449,208,100,23,0,0,0,0,0,0,0,26
729,1860,3.85185,208,100,28,0,0,0,0,0,0,0,26
730,1710,3.92453,208,100,27,0,0,0,0,0,0,0,26
731,1698,3.71429,208,100,30,0,0,0,0,0,0,0,26
732,2402,3.92727,216,100,28,0,0,0,0,0,0,0,27
733,2746,4.07018,232,100,28,0,0,0,0,0,0,0,29
734,3038,4.44444,240,100,24,0,0,0,0,0,0,0,30
735,3174,3.85714,216,100,29,0,0,0,0,0,0,0,27
736,3640,4.77193,272,100,23,0,0,0,0,0,0,0,34
737,2994,4.15385,216,100,25,0,0,0,0,0,0,0,27
738,3258,4.63158,264,100,24,0,0,0,0,0,0,0,33
739,3502,5.07692,264,100,19,0,0,0,0,0,0,0,33
740,3364,5.33333,272,100,17,0,0,0,0,0,0,0,34
741,2758,4.92308,256,100,20,0,0,0,0,0,0,0,32
742,3114,4.85714,272,100,22,0,0,0,0,0,0,0,34
743,3220,4.67925,248,100,22,0,0,0,0,0,0,0,31
744,3460,4,224,100,28,0,0,0,0,0,0,0,28
745,3266,4.57143,256,100,24,0,0,0,0,0,0,0,32
746,3176,3.57143,200,100,31,0,0,0,0,0,0,0,25
747,2756,4.36364,240,100,25,0,0,0,0,0,0,0,30
748,2828,4.27586,248,100,27,0,0,0,0,0,0,0,31
749,2728,4.0678,240,100,29,0,0,0,0,0,0,0,30
750,2834,5.07692,264,100,19,0,0,0,0,0,0,0,33
751,2478,4.8,264,100,22,0,0,0,0,0,0,0,33
752,3012,4.65455,256,100,23,0,0,0,0,0,0,0,32
753,3086,4.87273,268,100,21,0,0,0,1,0,0,0,33
754,2702,4.45902,272,100,27,0,0,0,0,0,0,0,34
755,3048,4.8,264,100,22,0,0,0,0,0,0,0,33
756,2622,5.07692,264,100,19,0,0,0,0,0,0,0,33
757,2380,5.61702,264,100,14,0,0,0,0,0,0,0,33
758,2196,5.4902,280,100,16,0,0,0,0,0,0,0,35
759,2532,5.58491,296,100,16,0,0,0,0,0,0,0,37
760,3114,5.58491,296,100,16,0,0,0,0,0,0,0,37
761,3400,6.15385,320,100,12,0,0,0,0,0,0,0,40
762,2822,6.15385,320,100,12,0,0,0,0,0,0,0,40
763,3012,5.88679,312,100,14,0,0,0,0,0,0,0,39
764,2840,5.07692,264,100,19,0,0,0,0,0,0,0,33
765,3226,5.33333,304,100,19,0,0,0,0,0,0,0,38
766,3188,5.55932,328,100,18,0,0,0,0,0,0,0,41
767,3264,6.03774,320,100,13,0,0,0,0,0,0,0,40
768,3506,6.04082,296,100,12,0,0,0,0,0,0,0,37
769,3074,5.28571,296,100,19,0,0,0,0,0,0,0,37
770,2718,5.48148,296,100,17,0,0,0,0,0,0,0,37
771,2934,5.05263,288,100,21,0,0,0,0,0,0,0,36
772,2680,4.8,288,100,24,0,0,0,0,0,0,0,36
773,3124,6,312,100,13,0,0,0,0,0,0,0,39
774,3056,5.28302,280,100,18,0,0,0,0,0,0,0,35
775,2928,5.28571,296,100,19,0,0,0,0,0,0,0,37
776,2002,4.57143,256,100,24,0,0,0,0,0,0,0,32
777,2184,4.48,224,100,22,0,0,0,0,0,0,0,28
778,2130,5.38182,296,100,18,0,0,0,0,0,0,0,37
779,2790,6.27451,320,100,11,0,0,0,0,0,0,0,40
780,3070,6.18868,328,100,12,0,0,0,0,0,0,0,41
781,2602,5.92593,320,100,14,0,0,0,0,0,0,0,40
782,2654,5.61404,320,100,17,0,0,0,0,0,0,0,40
783,2426,5.67273,312,100,16,0,0,0,0,0,0,0,39
784,2410,5.38182,296,100,18,0,0,0,0,0,0,0,37
785,2430,5.16364,284,100,19,0,0,0,1,0,0,0,35
786,2834,5.28302,280,100,18,0,0,0,0,0,0,0,35
787,2346,5.05263,288,100,21,0,0,0,0,0,0,0,36
788,2902,4.71429,264,100,23,0,0,0,0,0,0,0,33
789,2926,4.47458,264,100,26,0,0,0,0,0,0,0,33
790,3242,4.68966,272,100,24,0,0,0,0,0,0,0,34
791,2690,4.5614,260,100,24,0,0,0,1,0,0,0,32
792,2368,5.13208,272,100,19,0,0,0,0,0,0,0,34
793,2760,5.88679,312,100,14,0,0,0,0,0,0,0,39
794,3282,6.33962,336,100,11,0,0,0,0,0,0,0,42
795,3270,5.92,296,100,13,0,0,0,0,0,0,0,37
796,3490,5.85714,328,100,15,0,0,0,0,0,0,0,41
797,3200,5.69231,296,100,15,0,0,0,0,0,0,0,37
798,2814,5,280,100,21,0,0,0,0,0,0,0,35
799,3026,4.8,264,100,22,0,0,0,0,0,0,0,33
800,2752,4.93333,296,100,23,0,0,0,0,0,0,0,37
801,2364,4.98113,264,100,20,0,0,0,0,0,0,0,33
802,2440,4.74576,280,100,24,0,0,0,0,0,0,0,35
803,2532,5.28302,280,100,18,0,0,0,0,0,0,0,35
804,2992,4.50794,284,100,27,0,0,0,1,0,0,0,35
805,3260,5.06667,304,100,22,0,0,0,0,0,0,0,38
806,3886,4.4,264,100,27,0,0,0,0,0,0,0,33
807,3292,5.03704,272,100,20,0,0,0,0,0,0,0,34
808,3392,4.68966,272,100,24,0,0,0,0,0,0,0,34
809,2780,4.36364,240,100,25,0,0,0,0,0,0,0,30
810,3274,5.03704,272,100,20,0,0,0,0,0,0,0,34
811,3140,5.01961,256,100,19,0,0,0,0,0,0,0,32
812,2992,4.16,208,100,24,0,0,0,0,0,0,0,26
813,2628,5.12,256,100,18,0,0,0,0,0,0,0,32
814,3314,4.83019,256,100,21,0,0,0,0,0,0,0,32
815,3246,5.40741,292,100,17,0,0,0,1,0,0,0,36
816,3130,6.27451,320,100,11,0,0,0,0,0,0,0,40
817,3494,6.08,304,100,12,0,0,0,0,0,0,0,38
818,2600,5.43396,288,100,17,0,0,0,0,0,0,0,36
819,2476,5.23077,272,100,18,0,0,0,0,0,0,0,34
820,2458,5.23636,288,100,19,0,0,0,0,0,0,0,36
821,2890,5.09091,280,100,20,0,0,0,0,0,0,0,35
822,3334,5.37931,312,100,19,0,0,0,0,0,0,0,39
823,3272,5.80392,296,100,14,0,0,0,0,0,0,0,37
824,2926,5.64706,288,100,15,0,0,0,0,0,0,0,36
825,2922,5.58491,296,100,16,0,0,0,0,0,0,0,37
826,2364,5.28,264,100,17,0,0,0,0,0,0,0,33
827,2536,4.67925,248,100,22,0,0,0,0,0,0,0,31
828,2440,5.23636,288,100,19,0,0,0,0,0,0,0,36
829,2440,5.13208,272,100,19,0,0,0,0,0,0,0,34
830,3430,5.67273,312,100,16,0,0,0,0,0,0,0,39
831,3804,6.4,320,100,10,0,0,0,0,0,0,0,40
832,3974,5.81818,320,100,15,0,0,0,0,0,0,0,40
833,3472,6.14286,344,100,13,0,0,0,0,0,0,0,43
834,3034,5.57143,312,100,17,0,0,0,0,0,0,0,39
835,2996,5.62963,304,100,16,0,0,0,0,0,0,0,38
836,2744,5.61702,264,100,14,0,0,0,0,0,0,0,33
837,2612,5.58491,296,100,16,0,0,0,0,0,0,0,37
838,2732,5.18519,280,100,19,0,0,0,0,0,0,0,35
839,2278,4.64,232,100,21,0,0,0,0,0,0,0,29
840,2580,4.50909,248,100,24,0,0,0,0,0,0,0,31
841,2634,4.8,264,100,22,0,0,0,0,0,0,0,33
842,2788,4.50909,248,100,24,0,0,0,0,0,0,0,31
843,2404,4.23529,216,100,24,0,0,0,0,0,0,0,27
844,2680,4.28571,240,100,26,0,0,0,0,0,0,0,30
845,2604,4,240,100,30,0,0,0,0,0,0,0,30
846,2592,4.57143,256,100,24,0,0,0,0,0,0,0,32
847,2500,4.13793,240,100,28,0,0,0,0,0,0,0,30
848,2574,4.2807,244,100,26,0,0,0,1,0,0,0,30
849,2806,4.32787,264,100,28,0,0,0,0,0,0,0,33
850,3342,4.49123,256,100,25,0,0,0,0,0,0,0,32
851,3414,4.94545,272,100,21,0,0,0,0,0,0,0,34
852,3778,4.61538,240,100,22,0,0,0,0,0,0,0,30
853,3362,5.28302,280,100,18,0,0,0,0,0,0,0,35
854,2766,5.04348,232,100,17,0,0,0,0,0,0,0,29
855,2964,4.94643,277,100,21,0,0,0,0,1,0,0,34
856,3456,5.38182,296,100,18,0,0,0,0,0,0,0,37
857,3388,5.92593,320,100,14,0,0,0,0,0,0,0,40
858,3222,5.80392,296,100,14,0,0,0,0,0,0,0,37
859,3630,5.52727,304,100,17,0,0,0,0,0,0,0,38
860,3268,5.71429,320,100,16,0,0,0,0,0,0,0,40
861,3856,5.33333,304,100,19,0,0,0,0,0,0,0,38
862,3504,5.92,296,100,13,0,0,0,0,0,0,0,37
863,3002,5.69231,296,100,15,0,0,0,0,0,0,0,37
864,3034,5.57143,312,100,17,0,0,0,0,0,0,0,39
865,2960,4.96552,288,100,22,0,0,0,0,0,0,0,36
866,3188,5.92593,320,100,14,0,0,0,0,0,0,0,40
867,2532,5.19298,296,100,20,0,0,0,0,0,0,0,37
868,3164,5.75439,328,100,16,0,0,0,0,0,0,0,41
869,3150,5.38182,296,100,18,0,0,0,0,0,0,0,37
870,3474,5.52727,304,100,17,0,0,0,0,0,0,0,38
871,3138,5.4902,280,100,16,0,0,0,0,0,0,0,35
872,3174,6.18868,328,100,12,0,0,0,0,0,0,0,41
873,3090,5.92,296,100,13,0,0,0,0,0,0,0,37
874,3240,5.80392,296,100,14,0,0,0,0,0,0,0,37
875,3694,5.84615,304,100,14,0,0,0,0,0,0,0,38
876,3502,5.77778,312,100,15,0,0,0,0,0,0,0,39
877,4226,6,312,100,13,0,0,0,0,0,0,0,39
878,4230,5.73333,344,100,17,0,0,0,0,0,0,0,43
879,4296,5.33333,272,100,17,0,0,0,0,0,0,0,34
880,3562,5.64706,288,100,15,0,0,0,0,0,0,0,36
881,3958,5.58491,296,100,16,0,0,0,0,0,0,0,37
882,3134,5.52727,304,100,17,0,0,0,0,0,0,0,38
883,2906,4.92308,256,100,20,0,0,0,0,0,0,0,32
884,3272,5.05263,288,100,21,0,0,0,0,0,0,0,36
885,3426,4.32787,264,100,28,0,0,0,0,0,0,0,33
886,3542,4.31746,272,100,29,0,0,0,0,0,0,0,34
887,2966,4.53333,272,100,26,0,0,0,0,0,0,0,34
888,2646,4.66667,280,100,25,0,0,0,0,0,0,0,35
889,3098,4.125,264,100,31,0,0,0,0,0,0,0,33
890,3414,4.63158,264,100,24,0,0,0,0,0,0,0,33
891,3646,4.88889,264,100,21,0,0,0,0,0,0,0,33
892,3690,4.66667,280,100,25,0,0,0,0,0,0,0,35
893,3614,4.8,264,100,22,0,0,0,0,0,0,0,33
894,4216,4.19672,256,100,29,0,0,0,0,0,0,0,32
895,4122,4.88136,288,100,23,0,0,0,0,0,0,0,36
896,3672,4.47458,264,100,26,0,0,0,0,0,0,0,33
897,3814,4.45902,272,100,27,0,0,0,0,0,0,0,34
898,2610,5,280,100,21,0,0,0,0,0,0,0,35
899,3038,4.85246,296,100,24,0,0,0,0,0,0,0,37
900,2490,5.09091,280,100,20,0,0,0,0,0,0,0,35
901,2320,5.07692,264,100,19,0,0,0,0,0,0,0,33
902,3120,5.37705,328,100,20,0,0,0,0,0,0,0,41
903,3444,4.61017,272,100,25,0,0,0,0,0,0,0,34
904,3628,4.68966,272,100,24,0,0,0,0,0,0,0,34
905,3910,4.91803,300,100,23,0,0,0,1,0,0,0,37
906,4060,5.44,272,100,16,0,0,0,0,0,0,0,34
907,4532,4.82759,280,100,23,0,0,0,0,0,0,0,35
908,4336,5.01961,256,100,19,0,0,0,0,0,0,0,32
909,3502,5.10345,296,100,21,0,0,0,0,0,0,0,37
910,3722,5.15254,304,100,21,0,0,0,0,0,0,0,38
911,3612,4.68966,272,100,24,0,0,0,0,0,0,0,34
912,3134,4.68966,272,100,24,0,0,0,0,0,0,0,34
913,3552,4.69841,296,100,26,0,0,0,0,0,0,0,37
914,3960,5.48148,296,100,17,0,0,0,0,0,0,0,37
915,3664,5.24138,304,100,20,0,0,0,0,0,0,0,38
916,4118,5.33333,320,100,20,0,0,0,0,0,0,0,40
917,3890,5.01695,296,100,22,0,0,0,0,0,0,0,37
918,3774,4.35088,248,100,26,0,0,0,0,0,0,0,31
919,3196,4.28571,240,100,26,0,0,0,0,0,0,0,30
920,3722,4.98113,264,100,20,0,0,0,0,0,0,0,33
921,4394,5.33333,288,100,18,0,0,0,0,0,0,0,36
922,4434,5.52727,304,100,17,0,0,0,0,0,0,0,38
923,4154,4.98113,264,100,20,0,0,0,0,0,0,0,33
924,3794,5.69231,296,100,15,0,0,0,0,0,0,0,37
925,3246,4.88889,264,100,21,0,0,0,0,0,0,0,33
926,3114,4.62745,236,100,21,0,0,0,1,0,0,0,29
927,2966,4.68966,272,100,24,0,0,0,0,0,0,0,34
928,2412,4.96552,288,100,22,0,0,0,0,0,0,0,36
929,3002,5.51724,320,100,18,0,0,0,0,0,0,0,40
930,3064,6.49057,344,100,10,0,0,0,0,0,0,0,43
931,2754,5.37931,312,100,19,0,0,0,0,0,0,0,39
932,2966,5.52727,304,100,17,0,0,0,0,0,0,0,38
933,2578,5.71429,280,100,14,0,0,0,0,0,0,0,35
934,3072,5.38182,296,100,18,0,0,0,0,0,0,0,37
935,3414,4.68966,272,100,24,0,0,0,0,0,0,0,34
936,2966,4.91228,280,100,22,0,0,0,0,0,0,0,35
937,3226,4.94545,272,100,21,0,0,0,0,0,0,0,34
938,2970,5.28,264,100,17,0,0,0,0,0,0,0,33
939,3090,5.62963,304,100,16,0,0,0,0,0,0,0,38
940,3090,5.88679,312,100,14,0,0,0,0,0,0,0,39
941,3556,6.61538,344,100,9,0,0,0,0,0,0,0,43
942,3780,6.10169,360,100,14,0,0,0,0,0,0,0,45
943,3032,5.53846,288,100,16,0,0,0,0,0,0,0,36
944,3244,5.44828,316,100,18,0,0,0,1,0,0,0,39
945,2534,5.33333,304,100,19,0,0,0,0,0,0,0,38
946,3006,5.81818,320,100,15,0,0,0,0,0,0,0,40
947,3070,5.54839,344,100,19,0,0,0,0,0,0,0,43
948,3164,5.96364,328,100,14,0,0,0,0,0,0,0,41
949,3564,5.88679,312,100,14,0,0,0,0,0,0,0,39
950,3906,6.10169,360,100,14,0,0,0,0,0,0,0,45
951,3904,5.47368,312,100,18,0,0,0,0,0,0,0,39
952,3572,5.42857,304,100,18,0,0,0,0,0,0,0,38
953,3738,5.43396,288,100,17,0,0,0,0,0,0,0,36
954,3574,6.30769,328,100,11,0,0,0,0,0,0,0,41
955,3794,5.12,256,100,18,0,0,0,0,0,0,0,32
956,3934,4.92308,256,100,20,0,0,0,0,0,0,0,32
957,3870,5.33333,288,100,18,0,0,0,0,0,0,0,36
958,4070,5.28302,280,100,18,0,0,0,0,0,0,0,35
959,3894,4.76923,248,100,21,0,0,0,0,0,0,0,31
960,4346,4.88889,264,100,21,0,0,0,0,0,0,0,33
961,3812,5.12,256,100,18,0,0,0,0,0,0,0,32
962,4266,5.38182,296,100,18,0,0,0,0,0,0,0,37
963,3912,5.28302,280,100,18,0,0,0,0,0,0,0,35
964,3868,5.17647,264,100,18,0,0,0,0,0,0,0,33
965,4520,5.22449,256,100,17,0,0,0,0,0,0,0,32
966,4120,5.5,264,100,15,0,0,0,0,0,0,0,33
967,3808,5.12281,292,100,20,0,0,0,1,0,0,0,36
968,3212,4.68966,272,100,24,0,0,0,0,0,0,0,34
969,3724,4.71429,264,100,23,0,0,0,0,0,0,0,33
970,3760,4.82759,280,100,23,0,0,0,0,0,0,0,35
971,3722,4.88889,264,100,21,0,0,0,0,0,0,0,33
972,3404,5.55102,272,100,15,0,0,0,0,0,0,0,34
973,3696,4.96,248,100,19,0,0,0,0,0,0,0,31
974,3154,4.73469,232,100,20,0,0,0,0,0,0,0,29
975,3850,4.28571,240,100,26,0,0,0,0,0,0,0,30
976,4538,4.39216,224,100,23,0,0,0,0,0,0,0,28
977,4094,4.67925,248,100,22,0,0,0,0,0,0,0,31
978,3640,4.57143,224,100,21,0,0,0,0,0,0,0,28
979,3542,4.70588,240,100,21,0,0,0,0,0,0,0,30
980,2718,4.65455,256,100,23,0,0,0,0,0,0,0,32
981,3190,4.65455,256,100,23,0,0,0,0,0,0,0,32
982,3380,3.38462,176,100,30,0,0,0,0,0,0,0,22
983,3600,3.27869,200,100,36,0,0,0,0,0,0,0,25
984,3638,4,224,100,28,0,0,0,0,0,0,0,28
985,3242,3.92982,224,100,29,0,0,0,0,0,0,0,28
986,3282,3.49091,192,100,31,0,0,0,0,0,0,0,24
987,3384,4.15385,216,100,25,0,0,0,0,0,0,0,27
988,3142,4.59259,248,100,23,0,0,0,0,0,0,0,31
989,2870,4.64,232,100,21,0,0,0,0,0,0,0,29
990,2668,4.50909,248,100,24,0,0,0,0,0,0,0,31
991,3132,5.03636,277,100,20,0,0,0,0,1,0,0,34
992,3632,4.66071,261,100,23,0,0,0,0,1,0,0,32
993,3716,3.86207,224,100,30,0,0,0,0,0,0,0,28
994,2838,3.57143,200,100,31,0,0,0,0,0,0,0,25
995,2670,4.07273,224,100,27,0,0,0,0,0,0,0,28
996,2902,4.50909,248,100,24,0,0,0,0,0,0,0,31
997,3132,4.42857,248,100,25,0,0,0,0,0,0,0,31
998,3422,4.63158,264,100,24,0,0,0,0,0,0,0,33
999,3250,4.07018,232,100,28,0,0,0,0,0,0,0,29
