update,points,mean_tasks,total_tasks,total_orgs,task_0,task_1,task_2,task_3,task_4,task_5,task_6,task_7,task_8
0,0,nan,0,9,0,0,0,0,0,0,0,0,0
1,12,0,0,9,4,0,0,0,0,0,0,0,0
2,28,1.33333,8,10,5,0,0,0,0,0,0,0,1
3,36,1.14286,8,10,6,0,0,0,0,0,0,0,1
4,52,2.28571,16,11,5,0,0,0,0,0,0,0,2
5,58,1,8,11,7,0,0,0,0,0,0,0,1
6,86,2.66667,24,13,6,0,0,0,0,0,0,0,3
7,72,1.6,16,14,8,0,0,0,0,0,0,0,2
8,78,1.6,16,14,8,0,0,0,0,0,0,0,2
9,66,1.6,16,15,8,0,0,0,0,0,0,0,2
10,74,1.45455,16,15,9,0,0,0,0,0,0,0,2
11,76,1.45455,16,15,9,0,0,0,0,0,0,0,2
12,94,2.18182,24,16,8,0,0,0,0,0,0,0,3
13,104,1.84615,24,16,10,0,0,0,0,0,0,0,3
14,110,1.84615,24,16,10,0,0,0,0,0,0,0,3
15,126,2.46154,32,17,9,0,0,0,0,0,0,0,4
16,150,2.85714,40,18,9,0,0,0,0,0,0,0,5
17,158,2.85714,40,18,9,0,0,0,0,0,0,0,5
18,128,1.84615,24,18,10,0,0,0,0,0,0,0,3
19,132,1.71429,24,18,11,0,0,0,0,0,0,0,3
20,140,1.71429,24,18,11,0,0,0,0,0,0,0,3
21,142,1.71429,24,18,11,0,0,0,0,0,0,0,3
22,146,1.6,24,18,12,0,0,0,0,0,0,0,3
23,148,1.6,24,18,12,0,0,0,0,0,0,0,3
24,164,2.13333,32,19,11,0,0,0,0,0,0,0,4
25,136,1.6,24,19,12,0,0,0,0,0,0,0,3
26,130,1.71429,24,20,11,0,0,0,0,0,0,0,3
27,118,1.6,24,21,12,0,0,0,0,0,0,0,3
28,124,1.5,24,21,13,0,0,0,0,0,0,0,3
29,130,1,16,21,14,0,0,0,0,0,0,0,2
30,148,1.5,24,22,13,0,0,0,0,0,0,0,3
31,156,1.41176,24,22,14,0,0,0,0,0,0,0,3
32,164,1.33333,24,22,15,0,0,0,0,0,0,0,3
33,174,1.26316,24,22,16,0,0,0,0,0,0,0,3
34,190,1.33333,24,22,15,0,0,0,0,0,0,0,3
35,164,1.5,24,22,13,0,0,0,0,0,0,0,3
36,138,1.41176,24,22,14,0,0,0,0,0,0,0,3
37,146,1.33333,24,22,15,0,0,0,0,0,0,0,3
38,156,1.33333,24,22,15,0,0,0,0,0,0,0,3
39,166,1.33333,24,22,15,0,0,0,0,0,0,0,3
40,162,0.842105,16,22,17,0,0,0,0,0,0,0,2
41,168,1.33333,24,22,15,0,0,0,0,0,0,0,3
42,180,1.26316,24,22,16,0,0,0,0,0,0,0,3
43,170,1.26316,24,23,16,0,0,0,0,0,0,0,3
44,166,1.2,24,24,17,0,0,0,0,0,0,0,3
45,178,1.14286,24,24,18,0,0,0,0,0,0,0,3
46,182,1.2,24,24,17,0,0,0,0,0,0,0,3
47,172,1.2,24,25,17,0,0,0,0,0,0,0,3
48,186,1.2,24,25,17,0,0,0,0,0,0,0,3
49,200,1.26316,24,25,16,0,0,0,0,0,0,0,3
50,184,1.2,24,25,17,0,0,0,0,0,0,0,3
51,196,1.14286,24,25,18,0,0,0,0,0,0,0,3
52,146,1.2,24,26,17,0,0,0,0,0,0,0,3
53,156,1.09091,24,26,19,0,0,0,0,0,0,0,3
54,170,1.09091,24,26,19,0,0,0,0,0,0,0,3
55,174,1.09091,24,26,19,0,0,0,0,0,0,0,3
56,198,1.09091,24,26,19,0,0,0,0,0,0,0,3
57,190,1.2,24,26,17,0,0,0,0,0,0,0,3
58,202,1.14286,24,26,18,0,0,0,0,0,0,0,3
59,186,1.2,24,26,17,0,0,0,0,0,0,0,3
60,178,1.2,24,26,17,0,0,0,0,0,0,0,3
61,192,1.09091,24,26,19,0,0,0,0,0,0,0,3
62,202,1.04348,24,26,20,0,0,0,0,0,0,0,3
63,214,1.04348,24,26,20,0,0,0,0,0,0,0,3
64,224,1.04348,24,26,20,0,0,0,0,0,0,0,3
65,222,1.09091,24,27,19,0,0,0,0,0,0,0,3
66,206,1.09091,24,28,19,0,0,0,0,0,0,0,3
67,184,1.09091,24,28,19,0,0,0,0,0,0,0,3
68,170,0.695652,16,28,21,0,0,0,0,0,0,0,2
69,162,0.695652,16,29,21,0,0,0,0,0,0,0,2
70,182,0.64,16,29,23,0,0,0,0,0,0,0,2
71,130,0.695652,16,29,21,0,0,0,0,0,0,0,2
72,152,0.96,24,29,22,0,0,0,0,0,0,0,3
73,176,0.96,24,29,22,0,0,0,0,0,0,0,3
74,180,1.23077,32,31,22,0,0,0,0,0,0,0,4
75,216,1.18519,32,32,23,0,0,0,0,0,0,0,4
76,224,1.10345,32,33,25,0,0,0,0,0,0,0,4
77,224,1.06667,32,33,26,0,0,0,0,0,0,0,4
78,212,1.06667,32,34,26,0,0,0,0,0,0,0,4
79,206,1.06667,32,34,26,0,0,0,0,0,0,0,4
80,226,1.03226,32,34,27,0,0,0,0,0,0,0,4
81,236,1.06667,32,34,26,0,0,0,0,0,0,0,4
82,266,1.33333,40,35,25,0,0,0,0,0,0,0,5
83,286,1.25,40,35,27,0,0,0,0,0,0,0,5
84,288,1.21212,40,36,28,0,0,0,0,0,0,0,5
85,310,1.17647,40,36,29,0,0,0,0,0,0,0,5
86,310,0.969697,32,37,29,0,0,0,0,0,0,0,4
87,310,1.21212,40,38,28,0,0,0,0,0,0,0,5
88,338,0.914286,32,38,31,0,0,0,0,0,0,0,4
89,364,0.941176,32,38,30,0,0,0,0,0,0,0,4
90,308,0.484848,16,38,31,0,0,0,0,0,0,0,2
91,302,0.727273,24,39,30,0,0,0,0,0,0,0,3
92,334,0.888889,32,39,32,0,0,0,0,0,0,0,4
93,280,0.705882,24,40,31,0,0,0,0,0,0,0,3
94,264,0.685714,24,40,32,0,0,0,0,0,0,0,3
95,260,0.666667,24,40,33,0,0,0,0,0,0,0,3
96,286,0.864865,32,42,33,0,0,0,0,0,0,0,4
97,240,0.648649,24,43,34,0,0,0,0,0,0,0,3
98,272,0.615385,24,43,36,0,0,0,0,0,0,0,3
99,290,0.615385,24,43,36,0,0,0,0,0,0,0,3
100,278,0.631579,24,43,35,0,0,0,0,0,0,0,3
101,274,0.631579,24,43,35,0,0,0,0,0,0,0,3
102,306,0.615385,24,43,36,0,0,0,0,0,0,0,3
103,276,0.631579,24,44,35,0,0,0,0,0,0,0,3
104,290,0.820513,32,45,35,0,0,0,0,0,0,0,4
105,298,0.6,24,45,37,0,0,0,0,0,0,0,3
106,312,0.615385,24,45,36,0,0,0,0,0,0,0,3
107,278,0.615385,24,46,36,0,0,0,0,0,0,0,3
108,312,0.6,24,47,37,0,0,0,0,0,0,0,3
109,322,0.585366,24,47,38,0,0,0,0,0,0,0,3
110,336,0.571429,24,47,39,0,0,0,0,0,0,0,3
111,362,0.780488,32,47,37,0,0,0,0,0,0,0,4
112,382,1.14286,48,48,36,0,0,0,0,0,0,0,6
113,426,1.09091,48,48,38,0,0,0,0,0,0,0,6
114,420,0.930233,40,48,38,0,0,0,0,0,0,0,5
115,380,1.17073,48,48,35,0,0,0,0,0,0,0,6
116,406,1.09091,48,49,38,0,0,0,0,0,0,0,6
117,412,0.909091,40,49,39,0,0,0,0,0,0,0,5
118,428,1.30233,56,52,36,0,0,0,0,0,0,0,7
119,418,1.3913,64,52,38,0,0,0,0,0,0,0,8
120,460,1.14286,56,52,42,0,0,0,0,0,0,0,7
121,398,0.869565,40,53,41,0,0,0,0,0,0,0,5
122,416,0.8,40,54,45,0,0,0,0,0,0,0,5
123,462,0.96,48,54,44,0,0,0,0,0,0,0,6
124,458,0.833333,40,55,43,0,0,0,0,0,0,0,5
125,438,1.19149,56,55,40,0,0,0,0,0,0,0,7
126,476,1.30612,64,56,41,0,0,0,0,0,0,0,8
127,450,1,48,57,42,0,0,0,0,0,0,0,6
128,490,0.851064,40,58,42,0,0,0,0,0,0,0,5
129,440,1.27273,56,60,37,0,0,0,0,0,0,0,7
130,504,0.979592,48,61,43,0,0,0,0,0,0,0,6
131,446,1,48,61,42,0,0,0,0,0,0,0,6
132,400,1.14286,56,61,42,0,0,0,0,0,0,0,7
133,456,1.09804,56,61,44,0,0,0,0,0,0,0,7
134,468,1.23077,64,62,44,0,0,0,0,0,0,0,8
135,458,1.28,64,62,42,0,0,0,0,0,0,0,8
136,392,1.16667,56,63,41,0,0,0,0,0,0,0,7
137,370,1.21739,56,64,39,0,0,0,0,0,0,0,7
138,462,1.38462,72,66,43,0,0,0,0,0,0,0,9
139,454,1.41176,72,66,42,0,0,0,0,0,0,0,9
140,514,1.12,56,66,43,0,0,0,0,0,0,0,7
141,450,1.33333,64,66,40,0,0,0,0,0,0,0,8
142,470,0.96,48,67,44,0,0,0,0,0,0,0,6
143,436,0.754717,40,67,48,0,0,0,0,0,0,0,5
144,452,0.923077,48,67,46,0,0,0,0,0,0,0,6
145,452,1.0566,56,67,46,0,0,0,0,0,0,0,7
146,482,0.784314,40,67,46,0,0,0,0,0,0,0,5
147,462,1.20755,64,67,45,0,0,0,0,0,0,0,8
148,520,1.33333,72,69,45,0,0,0,0,0,0,0,9
149,560,1.30909,72,69,46,0,0,0,0,0,0,0,9
150,602,1.6,88,71,44,0,0,0,0,0,0,0,11
151,606,1.62963,88,72,43,0,0,0,0,0,0,0,11
152,622,1.71429,96,73,44,0,0,0,0,0,0,0,12
153,640,1.76271,104,75,46,0,0,0,0,0,0,0,13
154,658,2.0339,120,77,44,0,0,0,0,0,0,0,15
155,624,1.67742,104,79,49,0,0,0,0,0,0,0,13
156,692,2.16949,128,79,43,0,0,0,0,0,0,0,16
157,706,1.77778,112,81,49,0,0,0,0,0,0,0,14
158,668,2.09836,128,83,45,0,0,0,0,0,0,0,16
159,648,2.06061,136,83,49,0,0,0,0,0,0,0,17
160,732,2.26866,152,84,48,0,0,0,0,0,0,0,19
161,740,2.31884,160,84,49,0,0,0,0,0,0,0,20
162,732,2.66667,184,85,46,0,0,0,0,0,0,0,23
163,728,2.90909,192,85,42,0,0,0,0,0,0,0,24
164,794,2.70423,192,86,47,0,0,0,0,0,0,0,24
165,792,2.62857,184,86,47,0,0,0,0,0,0,0,23
166,808,2.94118,200,88,43,0,0,0,0,0,0,0,25
167,734,2.95385,192,90,41,0,0,0,0,0,0,0,24
168,720,2.94118,200,92,43,0,0,0,0,0,0,0,25
169,690,2.70588,184,93,45,0,0,0,0,0,0,0,23
170,702,2.47887,176,93,49,0,0,0,0,0,0,0,22
171,716,2.30137,168,93,52,0,0,0,0,0,0,0,21
172,748,2.51429,176,93,48,0,0,0,0,0,0,0,22
173,740,2.52055,184,94,50,0,0,0,0,0,0,0,23
174,730,2.85714,200,94,45,0,0,0,0,0,0,0,25
175,784,2.7027,200,94,49,0,0,0,0,0,0,0,25
176,782,2.42105,184,94,53,0,0,0,0,0,0,0,23
177,860,2.84211,216,94,49,0,0,0,0,0,0,0,27
178,808,2.28571,176,96,55,0,0,0,0,0,0,0,22
179,748,2.24,168,96,54,0,0,0,0,0,0,0,21
180,858,2.18182,168,97,56,0,0,0,0,0,0,0,21
181,828,2.66667,200,97,50,0,0,0,0,0,0,0,25
182,778,2.91892,216,97,47,0,0,0,0,0,0,0,27
183,742,2.28571,176,98,55,0,0,0,0,0,0,0,22
184,874,2.63158,200,98,51,0,0,0,0,0,0,0,25
185,818,2.59459,192,98,50,0,0,0,0,0,0,0,24
186,878,2.98667,224,99,47,0,0,0,0,0,0,0,28
187,816,2.94737,224,99,48,0,0,0,0,0,0,0,28
188,922,3.2,240,100,45,0,0,0,0,0,0,0,30
189,884,3.13514,232,100,45,0,0,0,0,0,0,0,29
190,842,2.84211,216,100,49,0,0,0,0,0,0,0,27
191,858,3.15493,224,100,43,0,0,0,0,0,0,0,28
192,764,2.66667,184,100,46,0,0,0,0,0,0,0,23
193,836,2.73684,208,100,50,0,0,0,0,0,0,0,26
194,890,3.05263,232,100,47,0,0,0,0,0,0,0,29
195,868,3.02703,224,100,46,0,0,0,0,0,0,0,28
196,926,2.63291,208,100,53,0,0,0,0,0,0,0,26
197,868,2.7027,200,100,49,0,0,0,0,0,0,0,25
198,944,2.66667,200,100,50,0,0,0,0,0,0,0,25
199,910,2.07792,160,100,57,0,0,0,0,0,0,0,20
200,986,2.12658,168,100,58,0,0,0,0,0,0,0,21
201,928,3.24638,224,100,41,0,0,0,0,0,0,0,28
202,796,3,216,100,45,0,0,0,0,0,0,0,27
203,846,3.01471,205,100,42,0,0,0,0,1,0,0,25
204,802,2.59155,184,100,48,0,0,0,0,0,0,0,23
205,826,2.86567,192,100,43,0,0,0,0,0,0,0,24
206,832,2.77778,200,100,47,0,0,0,0,0,0,0,25
207,928,3.875,248,100,33,0,0,0,0,0,0,0,31
208,882,3.07692,200,100,40,0,0,0,0,0,0,0,25
209,964,3.35484,208,100,36,0,0,0,0,0,0,0,26
210,946,3.87097,240,100,32,0,0,0,0,0,0,0,30
211,880,3.72414,216,100,31,0,0,0,0,0,0,0,27
212,924,3.80328,232,100,32,0,0,0,0,0,0,0,29
213,762,3.36842,192,100,33,0,0,0,0,0,0,0,24
214,856,3.14754,192,100,37,0,0,0,0,0,0,0,24
215,960,3.01449,208,100,43,0,0,0,0,0,0,0,26
216,1064,2.66667,184,100,46,0,0,0,0,0,0,0,23
217,1082,3.375,216,100,37,0,0,0,0,0,0,0,27
218,1150,3.05882,208,100,42,0,0,0,0,0,0,0,26
219,960,2.83871,176,100,40,0,0,0,0,0,0,0,22
220,1090,3.33333,200,100,35,0,0,0,0,0,0,0,25
221,1084,3.375,216,100,37,0,0,0,0,0,0,0,27
222,944,3.30159,208,100,37,0,0,0,0,0,0,0,26
223,972,2.875,184,100,41,0,0,0,0,0,0,0,23
224,1068,2.375,152,100,45,0,0,0,0,0,0,0,19
225,1232,2.22222,160,100,52,0,0,0,0,0,0,0,20
226,1280,2.51429,176,100,48,0,0,0,0,0,0,0,22
227,1278,2.50746,168,100,46,0,0,0,0,0,0,0,21
228,982,2.11765,144,100,50,0,0,0,0,0,0,0,18
229,1016,2.375,152,100,45,0,0,0,0,0,0,0,19
230,944,2.95385,192,100,41,0,0,0,0,0,0,0,24
231,942,3.32308,216,100,38,0,0,0,0,0,0,0,27
232,974,3.27273,216,100,39,0,0,0,0,0,0,0,27
233,1090,2.63014,192,100,49,0,0,0,0,0,0,0,24
234,948,2.23529,152,100,49,0,0,0,0,0,0,0,19
235,872,2.35294,160,100,48,0,0,0,0,0,0,0,20
236,842,1.85507,128,100,53,0,0,0,0,0,0,0,16
237,922,2.28571,160,100,50,0,0,0,0,0,0,0,20
238,1004,2.02817,144,100,53,0,0,0,0,0,0,0,18
239,1058,2.58824,176,100,46,0,0,0,0,0,0,0,22
240,1006,2.50746,168,100,46,0,0,0,0,0,0,0,21
241,980,2.41096,176,100,51,0,0,0,0,0,0,0,22
242,924,2.84932,208,100,47,0,0,0,0,0,0,0,26
243,876,3.39394,224,100,38,0,0,0,0,0,0,0,28
244,892,3.34328,224,100,39,0,0,0,0,0,0,0,28
245,872,3.54286,248,100,39,0,0,0,0,0,0,0,31
246,842,3.27273,216,100,39,0,0,0,0,0,0,0,27
247,798,3.17647,216,100,41,0,0,0,0,0,0,0,27
248,878,2.85714,200,100,45,0,0,0,0,0,0,0,25
249,864,3.24638,224,100,41,0,0,0,0,0,0,0,28
250,926,4,264,100,33,0,0,0,0,0,0,0,33
251,982,4.44444,280,100,28,0,0,0,0,0,0,0,35
252,944,4.06154,264,100,32,0,0,0,0,0,0,0,33
253,1036,5,320,100,24,0,0,0,0,0,0,0,40
254,1114,4.67692,304,100,27,0,0,0,0,0,0,0,38
255,1058,3.70149,248,100,36,0,0,0,0,0,0,0,31
256,916,3.875,248,100,33,0,0,0,0,0,0,0,31
257,736,4.93333,296,100,23,0,0,0,0,0,0,0,37
258,896,3.94203,272,100,35,0,0,0,0,0,0,0,34
259,986,3.58209,240,100,37,0,0,0,0,0,0,0,30
260,988,3.24638,224,100,41,0,0,0,0,0,0,0,28
261,984,2.66667,192,100,48,0,0,0,0,0,0,0,24
262,1016,2.77778,200,100,47,0,0,0,0,0,0,0,25
263,1132,2.59155,184,100,48,0,0,0,0,0,0,0,23
264,1174,3.55556,256,100,40,0,0,0,0,0,0,0,32
265,1000,3.2,224,100,42,0,0,0,0,0,0,0,28
266,1164,3.17808,232,100,44,0,0,0,0,0,0,0,29
267,1264,2.84932,208,100,47,0,0,0,0,0,0,0,26
268,1226,3.94203,272,100,35,0,0,0,0,0,0,0,34
269,1262,4.36364,288,100,30,0,0,0,0,0,0,0,36
270,1260,3.88571,272,100,36,0,0,0,0,0,0,0,34
271,1068,4.1791,280,100,32,0,0,0,0,0,0,0,35
272,992,3.8209,256,100,35,0,0,0,0,0,0,0,32
273,1004,3.04225,216,100,44,0,0,0,0,0,0,0,27
274,1074,3.05882,208,100,42,0,0,0,0,0,0,0,26
275,1184,3.87879,256,100,34,0,0,0,0,0,0,0,32
276,1018,3.8209,256,100,35,0,0,0,0,0,0,0,32
277,800,3.2,208,100,39,0,0,0,0,0,0,0,26
278,1006,3.77143,264,100,37,0,0,0,0,0,0,0,33
279,1050,3.75,240,100,34,0,0,0,0,0,0,0,30
280,900,4.25,272,100,30,0,0,0,0,0,0,0,34
281,970,4.82353,328,100,27,0,0,0,0,0,0,0,41
282,952,4.0597,272,100,33,0,0,0,0,0,0,0,34
283,784,4.06349,256,100,31,0,0,0,0,0,0,0,32
284,892,5.16129,320,100,22,0,0,0,0,0,0,0,40
285,922,3.70149,248,100,36,0,0,0,0,0,0,0,31
286,1018,3.875,248,100,33,0,0,0,0,0,0,0,31
287,892,4.12121,272,100,32,0,0,0,0,0,0,0,34
288,964,4.17391,288,100,33,0,0,0,0,0,0,0,36
289,1100,3.48387,216,100,35,0,0,0,0,0,0,0,27
290,1038,3.40299,228,100,38,0,0,0,1,0,0,0,28
291,1168,3.9403,264,100,34,0,0,0,0,0,0,0,33
292,1134,3.6,216,100,33,0,0,0,0,0,0,0,27
293,1362,3.74194,232,100,33,0,0,0,0,0,0,0,29
294,1638,3.80328,232,100,32,0,0,0,0,0,0,0,29
295,1910,4.32787,264,100,28,0,0,0,0,0,0,0,33
296,1838,4.0678,240,100,29,0,0,0,0,0,0,0,30
297,1628,3.64912,208,100,31,0,0,0,0,0,0,0,26
298,1676,4,208,100,26,0,0,0,0,0,0,0,26
299,1670,3.72414,216,100,31,0,0,0,0,0,0,0,27
300,1688,3.77358,200,100,28,0,0,0,0,0,0,0,25
301,1056,3.64912,208,100,31,0,0,0,0,0,0,0,26
302,1232,4.21053,240,100,27,0,0,0,0,0,0,0,30
303,1242,4.13793,240,100,28,0,0,0,0,0,0,0,30
304,1336,4.26667,256,100,28,0,0,0,0,0,0,0,32
305,1558,3.80328,232,100,32,0,0,0,0,0,0,0,29
306,1768,4.19672,256,100,29,0,0,0,0,0,0,0,32
307,1608,4.31746,272,100,29,0,0,0,0,0,0,0,34
308,1968,4.8254,304,100,25,0,0,0,0,0,0,0,38
309,1710,4.47458,264,100,26,0,0,0,0,0,0,0,33
310,1338,3.54098,216,100,34,0,0,0,0,0,0,0,27
311,1626,3.22388,216,100,40,0,0,0,0,0,0,0,27
312,1372,4.31746,272,100,29,0,0,0,0,0,0,0,34
313,1160,4.64516,288,100,26,0,0,0,0,0,0,0,36
314,1186,4.63158,264,100,24,0,0,0,0,0,0,0,33
315,1530,5.73585,304,100,15,0,0,0,0,0,0,0,38
316,1630,4.63158,264,100,24,0,0,0,0,0,0,0,33
317,2014,4.83051,285,100,23,0,0,0,0,1,0,0,35
318,1856,4.69841,296,100,26,0,0,0,0,0,0,0,37
319,1776,4.25806,264,100,29,0,0,0,0,0,0,0,33
320,1750,4.06349,256,100,31,0,0,0,0,0,0,0,32
321,1678,4.125,264,100,31,0,0,0,0,0,0,0,33
322,2318,4.43077,288,100,29,0,0,0,0,0,0,0,36
323,2266,4.53333,272,100,26,0,0,0,0,0,0,0,34
324,2162,4.55172,264,100,25,0,0,0,0,0,0,0,33
325,2568,4.20339,248,100,28,0,0,0,0,0,0,0,31
326,2186,3.72414,216,100,31,0,0,0,0,0,0,0,27
327,2554,4.4,264,100,27,0,0,0,0,0,0,0,33
328,2658,3.68254,232,100,34,0,0,0,0,0,0,0,29
329,2870,4.20339,248,100,28,0,0,0,0,0,0,0,31
330,2056,3.6129,224,100,34,0,0,0,0,0,0,0,28
331,2230,4,248,100,31,0,0,0,0,0,0,0,31
332,2286,4.53333,272,100,26,0,0,0,0,0,0,0,34
333,1856,3.66102,216,100,32,0,0,0,0,0,0,0,27
334,2212,3.55556,224,100,35,0,0,0,0,0,0,0,28
335,2528,4.24242,280,100,31,0,0,0,0,0,0,0,35
336,2006,3.93651,248,100,32,0,0,0,0,0,0,0,31
337,2118,4.06154,264,100,32,0,0,0,0,0,0,0,33
338,2494,4.30769,280,100,30,0,0,0,0,0,0,0,35
339,1820,4.47458,264,100,26,0,0,0,0,0,0,0,33
340,2254,4.36364,288,100,30,0,0,0,0,0,0,0,36
341,2440,4.41791,296,100,30,0,0,0,0,0,0,0,37
342,1948,4.67692,304,100,27,0,0,0,0,0,0,0,38
343,2196,4.3871,272,100,28,0,0,0,0,0,0,0,34
344,2128,4.06349,256,100,31,0,0,0,0,0,0,0,32
345,2062,4.13333,248,100,29,0,0,0,0,0,0,0,31
346,2260,3.87097,240,100,32,0,0,0,0,0,0,0,30
347,2562,4.31746,272,100,29,0,0,0,0,0,0,0,34
348,1762,3.67213,224,100,33,0,0,0,0,0,0,0,28
349,1424,3.63636,240,100,36,0,0,0,0,0,0,0,30
350,1666,3.25,208,100,38,0,0,0,0,0,0,0,26
351,1962,4,248,100,31,0,0,0,0,0,0,0,31
352,2168,4.18182,276,100,31,0,0,0,1,0,0,0,34
353,2542,3.9375,252,100,32,0,0,0,1,0,0,0,31
354,1974,4.51613,280,100,27,0,0,0,0,0,0,0,35
355,1804,4.8,288,100,24,0,0,0,0,0,0,0,36
356,2018,4.96552,288,100,22,0,0,0,0,0,0,0,36
357,2070,5.01695,296,100,22,0,0,0,0,0,0,0,37
358,1856,5.18519,280,100,19,0,0,0,0,0,0,0,35
359,2140,5.67273,312,100,16,0,0,0,0,0,0,0,39
360,2798,5.11475,312,100,22,0,0,0,0,0,0,0,39
361,2856,5.01695,296,100,22,0,0,0,0,0,0,0,37
362,3244,5.46667,328,100,19,0,0,0,0,0,0,0,41
363,3196,5.42373,320,100,19,0,0,0,0,0,0,0,40
364,3398,5.75439,328,100,16,0,0,0,0,0,0,0,41
365,3572,5.75439,328,100,16,0,0,0,0,0,0,0,41
366,3664,5.69492,336,100,17,0,0,0,0,0,0,0,42
367,3082,6.24,312,100,11,0,0,0,0,0,0,0,39
368,3122,6.54545,360,100,10,0,0,0,0,0,0,0,45
369,3356,5.70492,348,100,17,0,0,0,1,0,0,0,43
370,2654,5.69231,296,100,15,0,0,0,0,0,0,0,37
371,2756,5.77778,312,100,15,0,0,0,0,0,0,0,39
372,2804,5.75439,328,100,16,0,0,0,0,0,0,0,41
373,2858,5.61404,320,100,17,0,0,0,0,0,0,0,40
374,2872,5.52727,304,100,17,0,0,0,0,0,0,0,38
375,2744,5.71429,320,100,16,0,0,0,0,0,0,0,40
376,3190,5.37705,328,100,20,0,0,0,0,0,0,0,41
377,3700,4.8254,304,100,25,0,0,0,0,0,0,0,38
378,4156,5.5082,336,100,19,0,0,0,0,0,0,0,42
379,4016,5.93103,344,100,15,0,0,0,0,0,0,0,43
380,3144,6.14286,344,100,13,0,0,0,0,0,0,0,43
381,3092,5.9661,352,100,15,0,0,0,0,0,0,0,44
382,3482,5.84127,368,100,17,0,0,0,0,0,0,0,46
383,3488,5.9661,352,100,15,0,0,0,0,0,0,0,44
384,3256,5.76271,340,100,16,0,0,0,1,0,0,0,42
385,3178,5.33333,288,100,18,0,0,0,0,0,0,0,36
386,3488,6.10169,360,100,14,0,0,0,0,0,0,0,45
387,3010,5.71429,320,100,16,0,0,0,0,0,0,0,40
388,3656,6.62069,384,100,10,0,0,0,0,0,0,0,48
389,3522,5.96364,328,100,14,0,0,0,0,0,0,0,41
390,3026,6.37288,376,100,12,0,0,0,0,0,0,0,47
391,3338,5.57143,312,100,17,0,0,0,0,0,0,0,39
392,3778,5.77778,312,100,15,0,0,0,0,0,0,0,39
393,3918,5.85714,328,100,15,0,0,0,0,0,0,0,41
394,3662,5.89474,336,100,15,0,0,0,0,0,0,0,42
395,4042,5.62963,304,100,16,0,0,0,0,0,0,0,38
396,4040,5.73333,344,100,17,0,0,0,0,0,0,0,43
397,4614,6.14286,344,100,13,0,0,0,0,0,0,0,43
398,4578,5.75439,328,100,16,0,0,0,0,0,0,0,41
399,5064,5.71429,320,100,16,0,0,0,0,0,0,0,40
400,4406,5.48148,296,100,17,0,0,0,0,0,0,0,37
401,5220,6.13333,368,100,14,0,0,0,0,0,0,0,46
402,4542,5.65517,328,100,17,0,0,0,0,0,0,0,41
403,4030,5.33333,320,100,20,0,0,0,0,0,0,0,40
404,4108,4.8254,304,100,25,0,0,0,0,0,0,0,38
405,4630,5.37705,328,100,20,0,0,0,0,0,0,0,41
406,5066,4.40984,269,100,27,0,0,0,0,1,0,0,33
407,4042,4.32787,264,100,28,0,0,0,0,0,0,0,33
408,2572,4.85714,272,100,22,0,0,0,0,0,0,0,34
409,1846,5.05263,288,100,21,0,0,0,0,0,0,0,36
410,2202,4.875,312,100,25,0,0,0,0,0,0,0,39
411,2460,5.46032,344,100,20,0,0,0,0,0,0,0,43
412,2898,5.10345,296,100,21,0,0,0,0,0,0,0,37
413,3626,4.93333,296,100,23,0,0,0,0,0,0,0,37
414,3564,4.43077,288,100,29,0,0,0,0,0,0,0,36
415,3510,3,192,100,40,0,0,0,0,0,0,0,24
416,2532,2.90909,192,100,42,0,0,0,0,0,0,0,24
417,3030,3.51515,232,100,37,0,0,0,0,0,0,0,29
418,3134,2.78261,192,100,45,0,0,0,0,0,0,0,24
419,2890,3.52941,240,100,38,0,0,0,0,0,0,0,30
420,2858,3.69231,240,100,35,0,0,0,0,0,0,0,30
421,2382,4.13559,244,100,28,0,0,0,1,0,0,0,30
422,2910,4.625,296,100,27,0,0,0,0,0,0,0,37
423,3198,4.96552,288,100,22,0,0,0,0,0,0,0,36
424,2958,4,256,100,32,0,0,0,0,0,0,0,32
425,3170,4.57143,288,100,27,0,0,0,0,0,0,0,36
426,3314,4.51613,280,100,27,0,0,0,0,0,0,0,35
427,2898,4,272,100,34,0,0,0,0,0,0,0,34
428,3054,3.94203,272,100,35,0,0,0,0,0,0,0,34
429,3140,4.3871,272,100,28,0,0,0,0,0,0,0,34
430,2716,4,232,100,29,0,0,0,0,0,0,0,29
431,3048,4.38095,276,100,28,0,0,0,1,0,0,0,34
432,3550,4.51613,280,100,27,0,0,0,0,0,0,0,35
433,3868,4.31746,272,100,29,0,0,0,0,0,0,0,34
434,4102,4.375,280,100,29,0,0,0,0,0,0,0,35
435,3468,4.60606,304,100,28,0,0,0,0,0,0,0,38
436,3510,4.48485,296,100,29,0,0,0,0,0,0,0,37
437,2896,4.625,296,100,27,0,0,0,0,0,0,0,37
438,3674,4.30769,280,100,30,0,0,0,0,0,0,0,35
439,3868,4.98361,304,100,23,0,0,0,0,0,0,0,38
440,3024,4.55385,296,100,28,0,0,0,0,0,0,0,37
441,2670,3.67213,224,100,33,0,0,0,0,0,0,0,28
442,2992,4.32787,264,100,28,0,0,0,0,0,0,0,33
443,3384,4.65455,256,100,23,0,0,0,0,0,0,0,32
444,3532,5.01667,301,100,22,0,0,0,0,1,0,0,37
445,3732,4.35088,248,100,26,0,0,0,0,0,0,0,31
446,3700,5.09091,280,100,20,0,0,0,0,0,0,0,35
447,3764,5.10345,296,100,21,0,0,0,0,0,0,0,37
448,2606,4.86275,248,100,20,0,0,0,0,0,0,0,31
449,2784,5.10345,296,100,21,0,0,0,0,0,0,0,37
450,2756,4.47059,304,100,30,0,0,0,0,0,0,0,38
451,3134,3.83562,280,100,38,0,0,0,0,0,0,0,35
452,3902,4.75362,328,100,28,0,0,0,0,0,0,0,41
453,4044,4.24242,280,100,31,0,0,0,0,0,0,0,35
454,3334,4.85246,296,100,24,0,0,0,0,0,0,0,37
455,3366,5.2459,320,100,21,0,0,0,0,0,0,0,40
456,3472,4.19672,256,100,29,0,0,0,0,0,0,0,32
457,3866,3.93651,248,100,32,0,0,0,0,0,0,0,31
458,3696,3.6,216,100,33,0,0,0,0,0,0,0,27
459,3630,4.30769,280,100,30,0,0,0,0,0,0,0,35
460,2932,4.25806,264,100,29,0,0,0,0,0,0,0,33
461,2452,4.19672,256,100,29,0,0,0,0,0,0,0,32
462,3136,3.87879,256,100,34,0,0,0,0,0,0,0,32
463,2732,3.52941,240,100,38,0,0,0,0,0,0,0,30
464,3528,3.22388,216,100,40,0,0,0,0,0,0,0,27
465,3234,3.79661,224,100,31,0,0,0,0,0,0,0,28
466,2868,4.33898,256,100,27,0,0,0,0,0,0,0,32
467,2604,4.0678,240,100,29,0,0,0,0,0,0,0,30
468,3276,4.13333,248,100,29,0,0,0,0,0,0,0,31
469,2498,4.42857,248,100,25,0,0,0,0,0,0,0,31
470,2858,3.80952,240,100,33,0,0,0,0,0,0,0,30
471,3182,3.63636,240,100,36,0,0,0,0,0,0,0,30
472,3648,4.23529,288,100,32,0,0,0,0,0,0,0,36
473,4140,3.34328,224,100,39,0,0,0,0,0,0,0,28
474,4674,3.75758,248,100,35,0,0,0,0,0,0,0,31
475,4566,4.35294,296,100,31,0,0,0,0,0,0,0,37
476,5024,4.8,312,100,26,0,0,0,0,0,0,0,39
477,5116,4.88136,288,100,23,0,0,0,0,0,0,0,36
478,5618,5.01695,296,100,22,0,0,0,0,0,0,0,37
479,5248,4.35,261,100,27,0,0,0,0,1,0,0,32
480,5322,4.88889,264,100,21,0,0,0,0,0,0,0,33
481,5520,5.01695,296,100,22,0,0,0,0,0,0,0,37
482,4650,4.57143,256,100,24,0,0,0,0,0,0,0,32
483,4068,4.53333,272,100,26,0,0,0,0,0,0,0,34
484,4468,4.70968,292,100,25,0,0,0,1,0,0,0,36
485,4908,4.72131,288,100,25,0,0,0,0,0,0,0,36
486,4718,4.85246,296,100,24,0,0,0,0,0,0,0,37
487,4036,4.59016,280,100,26,0,0,0,0,0,0,0,35
488,4262,4.64516,288,100,26,0,0,0,0,0,0,0,36
489,3224,5.10345,296,100,21,0,0,0,0,0,0,0,37
490,3620,5.125,328,100,23,0,0,0,0,0,0,0,41
491,2436,4.58824,312,100,29,0,0,0,0,0,0,0,39
492,2588,4.82353,328,100,27,0,0,0,0,0,0,0,41
493,2730,4.60606,304,100,28,0,0,0,0,0,0,0,38
494,2292,4.30303,284,100,30,0,0,0,1,0,0,0,35
495,2260,4.125,264,100,31,0,0,0,0,0,0,0,33
496,2382,3.71014,256,100,37,0,0,0,0,0,0,0,32
497,1924,3.34328,224,100,39,0,0,0,0,0,0,0,28
498,1712,3.44444,248,100,41,0,0,0,0,0,0,0,31
499,1832,3.52941,240,100,38,0,0,0,0,0,0,0,30
500,1846,3.63636,240,100,36,0,0,0,0,0,0,0,30
501,2070,5.04615,328,100,24,0,0,0,0,0,0,0,41
502,2080,4.5,288,100,28,0,0,0,0,0,0,0,36
503,2350,4.69841,296,100,26,0,0,0,0,0,0,0,37
504,2116,4.36364,288,100,30,0,0,0,0,0,0,0,36
505,2066,4.72727,312,100,27,0,0,0,0,0,0,0,39
506,1824,4.57143,288,100,27,0,0,0,0,0,0,0,36
507,1970,4.43077,288,100,29,0,0,0,0,0,0,0,36
508,1890,4.43077,288,100,29,0,0,0,0,0,0,0,36
509,1986,3.88235,264,100,35,0,0,0,0,0,0,0,33
510,1920,4.24242,280,100,31,0,0,0,0,0,0,0,35
511,2268,4.12121,272,100,32,0,0,0,0,0,0,0,34
512,2476,4.19048,264,100,30,0,0,0,0,0,0,0,33
513,2690,4.95238,312,100,24,0,0,0,0,0,0,0,39
514,3058,4.92308,320,100,25,0,0,0,0,0,0,0,40
515,2770,5.03226,312,100,23,0,0,0,0,0,0,0,39
516,2260,4.85246,296,100,24,0,0,0,0,0,0,0,37
517,2526,4.67692,304,100,27,0,0,0,0,0,0,0,38
518,2916,4.98361,304,100,23,0,0,0,0,0,0,0,38
519,2934,5.16129,320,100,22,0,0,0,0,0,0,0,40
520,3478,6.07407,328,100,13,0,0,0,0,0,0,0,41
521,2638,6.15385,320,100,12,0,0,0,0,0,0,0,40
522,2950,5.33333,288,100,18,0,0,0,0,0,0,0,36
523,3316,5.06667,304,100,22,0,0,0,0,0,0,0,38
524,3526,4.72131,288,100,25,0,0,0,0,0,0,0,36
525,3310,4.19672,256,100,29,0,0,0,0,0,0,0,32
526,2978,4.12121,272,100,32,0,0,0,0,0,0,0,34
527,2598,4.48485,296,100,29,0,0,0,0,0,0,0,37
528,2144,4.25806,264,100,29,0,0,0,0,0,0,0,33
529,2818,3.84286,269,100,36,0,0,0,0,1,0,0,33
530,2652,4,248,100,31,0,0,0,0,0,0,0,31
531,2930,3.87097,240,100,32,0,0,0,0,0,0,0,30
532,2648,3.87097,240,100,32,0,0,0,0,0,0,0,30
533,3140,4.1791,280,100,32,0,0,0,0,0,0,0,35
534,3358,4.60606,304,100,28,0,0,0,0,0,0,0,38
535,3894,4.92308,320,100,25,0,0,0,0,0,0,0,40
536,3800,4.0597,272,100,33,0,0,0,0,0,0,0,34
537,2290,4.25,272,100,30,0,0,0,0,0,0,0,34
538,2584,4.77612,320,100,27,0,0,0,0,0,0,0,40
539,2966,5.07937,320,100,23,0,0,0,0,0,0,0,40
540,3234,5.7931,336,100,16,0,0,0,0,0,0,0,42
541,3854,6.42623,392,100,12,0,0,0,0,0,0,0,49
542,3644,7.12727,392,100,6,0,0,0,0,0,0,0,49
543,3914,6.66667,360,100,9,0,0,0,0,0,0,0,45
544,3044,6.22222,336,100,12,0,0,0,0,0,0,0,42
545,3014,6,360,100,15,0,0,0,0,0,0,0,45
546,3460,5.93103,344,100,15,0,0,0,0,0,0,0,43
547,3594,5.15254,304,100,21,0,0,0,0,0,0,0,38
548,2890,5.09091,280,100,20,0,0,0,0,0,0,0,35
549,2636,5.93103,344,100,15,0,0,0,0,0,0,0,43
550,2318,5.18519,280,100,19,0,0,0,0,0,0,0,35
551,2084,5.15254,304,100,21,0,0,0,0,0,0,0,38
552,2066,5.11475,312,100,22,0,0,0,0,0,0,0,39
553,2286,5.6,336,100,18,0,0,0,0,0,0,0,42
554,2416,5.20635,328,100,22,0,0,0,0,0,0,0,41
555,2386,5.46667,328,100,19,0,0,0,0,0,0,0,41
556,2662,6.06452,376,100,15,0,0,0,0,0,0,0,47
557,3252,6,336,100,14,0,0,0,0,0,0,0,42
558,3562,6.03509,344,100,14,0,0,0,0,0,0,0,43
559,3340,5.7931,336,100,16,0,0,0,0,0,0,0,42
560,2992,5.63934,344,100,18,0,0,0,0,0,0,0,43
561,3870,4.77419,296,100,25,0,0,0,0,0,0,0,37
562,4330,5.42373,320,100,19,0,0,0,0,0,0,0,40
563,4946,5.85714,328,100,15,0,0,0,0,0,0,0,41
564,4586,6.51852,352,100,10,0,0,0,0,0,0,0,44
565,4308,6.15385,320,100,12,0,0,0,0,0,0,0,40
566,4608,6,336,100,14,0,0,0,0,0,0,0,42
567,4158,5.73585,304,100,15,0,0,0,0,0,0,0,38
568,4212,6.28571,352,100,12,0,0,0,0,0,0,0,44
569,3910,6.30769,328,100,11,0,0,0,0,0,0,0,41
570,3612,6,324,100,13,0,0,0,1,0,0,0,40
571,4646,6.13333,368,100,14,0,0,0,0,0,0,0,46
572,4854,5.66071,317,100,16,0,0,0,0,1,0,0,39
573,4218,6.03509,344,100,14,0,0,0,0,0,0,0,43
574,4560,6.76923,352,100,8,0,0,0,0,0,0,0,44
575,4530,6.46154,336,100,10,0,0,0,0,0,0,0,42
576,4340,6.22222,336,100,12,0,0,0,0,0,0,0,42
577,4152,5.61404,320,100,17,0,0,0,0,0,0,0,40
578,3606,4.53333,272,100,26,0,0,0,0,0,0,0,34
579,2484,5.01695,296,100,22,0,0,0,0,0,0,0,37
580,2594,4.77193,272,100,23,0,0,0,0,0,0,0,34
581,3444,4.85246,296,100,24,0,0,0,0,0,0,0,37
582,3106,5.10345,296,100,21,0,0,0,0,0,0,0,37
583,3888,4.60606,304,100,28,0,0,0,0,0,0,0,38
584,3716,4.90323,304,100,24,0,0,0,0,0,0,0,38
585,3904,4.96552,288,100,22,0,0,0,0,0,0,0,36
586,4034,5.06667,304,100,22,0,0,0,0,0,0,0,38
587,4414,5.24138,304,100,20,0,0,0,0,0,0,0,38
588,3742,4.74576,280,100,24,0,0,0,0,0,0,0,35
589,3692,4.31746,272,100,29,0,0,0,0,0,0,0,34
590,4330,4.0597,272,100,33,0,0,0,0,0,0,0,34
591,1690,3.87879,256,100,34,0,0,0,0,0,0,0,32
592,2210,3.94366,280,100,36,0,0,0,0,0,0,0,35
593,2346,4.36364,288,100,30,0,0,0,0,0,0,0,36
594,2614,4.0597,272,100,33,0,0,0,0,0,0,0,34
595,2134,4.55172,264,100,25,0,0,0,0,0,0,0,33
596,2466,5,320,100,24,0,0,0,0,0,0,0,40
597,2140,5.05263,288,100,21,0,0,0,0,0,0,0,36
598,2736,5.41935,336,100,20,0,0,0,0,0,0,0,42
599,2440,5.20635,328,100,22,0,0,0,0,0,0,0,41
600,2872,4.90323,304,100,24,0,0,0,0,0,0,0,38
601,2914,5.06667,304,100,22,0,0,0,0,0,0,0,38
602,2578,4.48485,296,100,29,0,0,0,0,0,0,0,37
603,2344,4.34286,304,100,32,0,0,0,0,0,0,0,38
604,2588,4.30769,280,100,30,0,0,0,0,0,0,0,35
605,2668,4.8,288,100,24,0,0,0,0,0,0,0,36
606,2822,4.94118,336,100,26,0,0,0,0,0,0,0,42
607,3068,4.67692,304,100,27,0,0,0,0,0,0,0,38
608,3340,4.77612,320,100,27,0,0,0,0,0,0,0,40
609,1630,5.41538,352,100,21,0,0,0,0,0,0,0,44
610,2048,3.70149,248,100,36,0,0,0,0,0,0,0,31
611,2456,3.93846,256,100,33,0,0,0,0,0,0,0,32
612,2524,4.125,264,100,31,0,0,0,0,0,0,0,33
613,1826,3.6129,224,100,34,0,0,0,0,0,0,0,28
614,1922,3.32308,216,100,38,0,0,0,0,0,0,0,27
615,2668,4.05797,280,100,34,0,0,0,0,0,0,0,35
616,2766,3.22581,200,100,37,0,0,0,0,0,0,0,25
617,2936,4.13333,248,100,29,0,0,0,0,0,0,0,31
618,3226,4,256,100,32,0,0,0,0,0,0,0,32
619,3134,4.06154,264,100,32,0,0,0,0,0,0,0,33
620,3390,4.12903,256,100,30,0,0,0,0,0,0,0,32
621,3654,3.75,240,100,34,0,0,0,0,0,0,0,30
622,2648,3.79661,224,100,31,0,0,0,0,0,0,0,28
623,2416,3.87097,240,100,32,0,0,0,0,0,0,0,30
624,2088,3.86207,224,100,30,0,0,0,0,0,0,0,28
625,1796,4.18462,272,100,31,0,0,0,0,0,0,0,34
626,1880,3.32308,216,100,38,0,0,0,0,0,0,0,27
627,1956,3.27273,216,100,39,0,0,0,0,0,0,0,27
628,2092,3.69231,240,100,35,0,0,0,0,0,0,0,30
629,1958,4.29851,288,100,31,0,0,0,0,0,0,0,36
630,1800,4.28986,296,100,32,0,0,0,0,0,0,0,37
631,1982,4.67692,304,100,27,0,0,0,0,0,0,0,38
632,1848,4.84848,320,100,26,0,0,0,0,0,0,0,40
633,2194,4.625,296,100,27,0,0,0,0,0,0,0,37
634,2580,4.31746,272,100,29,0,0,0,0,0,0,0,34
635,2482,4.19048,264,100,30,0,0,0,0,0,0,0,33
636,2658,3.69231,240,100,35,0,0,0,0,0,0,0,30
637,2814,3.67213,224,100,33,0,0,0,0,0,0,0,28
638,3130,4.74576,280,100,24,0,0,0,0,0,0,0,35
639,2550,4.31746,272,100,29,0,0,0,0,0,0,0,34
640,2760,4.36364,288,100,30,0,0,0,0,0,0,0,36
641,2452,5.14286,288,100,20,0,0,0,0,0,0,0,36
642,2602,5.33333,288,100,18,0,0,0,0,0,0,0,36
643,2440,4.85246,296,100,24,0,0,0,0,0,0,0,37
644,2110,5.24138,304,100,20,0,0,0,0,0,0,0,38
645,1848,4.82759,280,100,23,0,0,0,0,0,0,0,35
646,1994,3.67213,224,100,33,0,0,0,0,0,0,0,28
647,1842,4.21053,240,100,27,0,0,0,0,0,0,0,30
648,2058,3.68254,232,100,34,0,0,0,0,0,0,0,29
649,2276,4.41379,256,100,26,0,0,0,0,0,0,0,32
650,1812,4.88136,288,100,23,0,0,0,0,0,0,0,36
651,1520,4.65455,256,100,23,0,0,0,0,0,0,0,32
652,1740,4.59016,280,100,26,0,0,0,0,0,0,0,35
653,2060,5.16129,320,100,22,0,0,0,0,0,0,0,40
654,2164,4.77419,296,100,25,0,0,0,0,0,0,0,37
655,2340,5.28814,312,100,20,0,0,0,0,0,0,0,39
656,2426,4.30769,280,100,30,0,0,0,0,0,0,0,35
657,2694,5.06667,304,100,22,0,0,0,0,0,0,0,38
658,2400,4.93333,296,100,23,0,0,0,0,0,0,0,37
659,2564,4.75,304,100,26,0,0,0,0,0,0,0,38
660,2510,5.2,312,100,21,0,0,0,0,0,0,0,39
661,3144,4.53731,304,100,29,0,0,0,0,0,0,0,38
662,2646,4.25806,264,100,29,0,0,0,0,0,0,0,33
663,2322,4,264,100,33,0,0,0,0,0,0,0,33
664,3076,4.41791,296,100,30,0,0,0,0,0,0,0,37
665,2940,4.8,288,100,24,0,0,0,0,0,0,0,36
666,2724,4.72131,288,100,25,0,0,0,0,0,0,0,36
667,2446,4.45902,272,100,27,0,0,0,0,0,0,0,34
668,1690,3.9322,232,100,30,0,0,0,0,0,0,0,29
669,2058,3.81538,248,100,34,0,0,0,0,0,0,0,31
670,1650,3.58209,240,100,37,0,0,0,0,0,0,0,30
671,2172,3.9403,264,100,34,0,0,0,0,0,0,0,33
672,2440,4.25806,264,100,29,0,0,0,0,0,0,0,33
673,2774,4.67692,304,100,27,0,0,0,0,0,0,0,38
674,3170,5.33333,352,100,22,0,0,0,0,0,0,0,44
675,3014,4.1791,280,100,32,0,0,0,0,0,0,0,35
676,2438,3.69231,240,100,35,0,0,0,0,0,0,0,30
677,2564,4,264,100,33,0,0,0,0,0,0,0,33
678,2064,3.8125,244,100,33,0,0,0,1,0,0,0,30
679,1788,3.80952,240,100,33,0,0,0,0,0,0,0,30
680,2470,4.88333,293,100,23,0,0,0,0,1,0,0,36
681,2084,5.01695,296,100,22,0,0,0,0,0,0,0,37
682,1618,4.49123,256,100,25,0,0,0,0,0,0,0,32
683,1798,4.125,264,100,31,0,0,0,0,0,0,0,33
684,2052,4.68966,272,100,24,0,0,0,0,0,0,0,34
685,2460,4.33898,256,100,27,0,0,0,0,0,0,0,32
686,2676,4.0678,240,100,29,0,0,0,0,0,0,0,30
687,2672,4.12903,256,100,30,0,0,0,0,0,0,0,32
688,2234,4.12903,256,100,30,0,0,0,0,0,0,0,32
689,2052,4.72131,288,100,25,0,0,0,0,0,0,0,36
690,2402,4.20339,248,100,28,0,0,0,0,0,0,0,31
691,2614,4.65672,312,100,28,0,0,0,0,0,0,0,39
692,2140,4.64516,288,100,26,0,0,0,0,0,0,0,36
693,2654,5.01695,296,100,22,0,0,0,0,0,0,0,37
694,2456,4.19672,256,100,29,0,0,0,0,0,0,0,32
695,1962,4.20339,248,100,28,0,0,0,0,0,0,0,31
696,2278,4.68966,272,100,24,0,0,0,0,0,0,0,34
697,2502,4.64516,288,100,26,0,0,0,0,0,0,0,36
698,2074,4.4,264,100,27,0,0,0,0,0,0,0,33
699,2232,4.44444,280,100,28,0,0,0,0,0,0,0,35
700,2822,4.8254,304,100,25,0,0,0,0,0,0,0,38
701,2668,4.66667,280,100,25,0,0,0,0,0,0,0,35
702,2628,4.72131,288,100,25,0,0,0,0,0,0,0,36
703,2874,4.64516,288,100,26,0,0,0,0,0,0,0,36
704,3072,4.30769,280,100,30,0,0,0,0,0,0,0,35
705,2776,4.25,272,100,30,0,0,0,0,0,0,0,34
706,2806,4.9697,328,100,25,0,0,0,0,0,0,0,41
707,2940,4.75,304,100,26,0,0,0,0,0,0,0,38
708,3470,5.37931,312,100,19,0,0,0,0,0,0,0,39
709,2462,4.71429,264,100,23,0,0,0,0,0,0,0,33
710,3016,5.38182,296,100,18,0,0,0,0,0,0,0,37
711,3810,5.51724,320,100,18,0,0,0,0,0,0,0,40
712,4386,5.52727,304,100,17,0,0,0,0,0,0,0,38
713,4368,5.14286,288,100,20,0,0,0,0,0,0,0,36
714,4138,5.33333,304,100,19,0,0,0,0,0,0,0,38
715,3606,6.66667,360,100,9,0,0,0,0,0,0,0,45
716,2764,5.14286,288,100,20,0,0,0,0,0,0,0,36
717,2458,5.48148,296,100,17,0,0,0,0,0,0,0,37
718,2004,5.6,280,100,15,0,0,0,0,0,0,0,35
719,2774,5.42857,304,100,18,0,0,0,0,0,0,0,38
720,2792,5.58491,296,100,16,0,0,0,0,0,0,0,37
721,3486,5.65517,328,100,17,0,0,0,0,0,0,0,41
722,3208,4.69841,296,100,26,0,0,0,0,0,0,0,37
723,3456,4.96552,288,100,22,0,0,0,0,0,0,0,36
724,3726,4.66667,280,100,25,0,0,0,0,0,0,0,35
725,3552,4.96552,288,100,22,0,0,0,0,0,0,0,36
726,3808,4.57143,288,100,27,0,0,0,0,0,0,0,36
727,3596,4.36364,240,100,25,0,0,0,0,0,0,0,30
728,3974,5.44828,316,100,18,0,0,0,1,0,0,0,39
729,4072,5.54386,316,100,17,0,0,0,1,0,0,0,39
730,4550,5.73333,344,100,17,0,0,0,0,0,0,0,43
731,4034,5.77049,352,100,17,0,0,0,0,0,0,0,44
732,3754,5.06667,304,100,22,0,0,0,0,0,0,0,38
733,4184,4.59016,280,100,26,0,0,0,0,0,0,0,35
734,4446,4.53333,272,100,26,0,0,0,0,0,0,0,34
735,5232,5.65517,328,100,17,0,0,0,0,0,0,0,41
736,3504,5.51724,320,100,18,0,0,0,0,0,0,0,40
737,3622,4.77193,272,100,23,0,0,0,0,0,0,0,34
738,3854,4.25,272,100,30,0,0,0,0,0,0,0,34
739,4658,5.2459,320,100,21,0,0,0,0,0,0,0,40
740,3896,4.74576,280,100,24,0,0,0,0,0,0,0,35
741,4794,5.28571,296,100,19,0,0,0,0,0,0,0,37
742,3678,4.61017,272,100,25,0,0,0,0,0,0,0,34
743,3998,4.75,285,100,24,0,0,0,0,1,0,0,35
744,2882,4.38462,285,100,29,0,0,0,0,1,0,0,35
745,3008,3.57812,229,100,35,0,0,0,0,1,0,0,28
746,2882,4.5,261,100,25,0,0,0,0,1,0,0,32
747,3208,5.15254,304,100,21,0,0,0,0,0,0,0,38
748,2918,4.67692,304,100,27,0,0,0,0,0,0,0,38
749,2612,5.25,336,100,22,0,0,0,0,0,0,0,42
750,3144,4.51613,280,100,27,0,0,0,0,0,0,0,35
751,3712,4.98361,304,100,23,0,0,0,0,0,0,0,38
752,3802,4.8254,304,100,25,0,0,0,0,0,0,0,38
753,3512,5.85714,328,100,15,0,0,0,0,0,0,0,41
754,4002,5.42373,320,100,19,0,0,0,0,0,0,0,40
755,3628,5.28814,312,100,20,0,0,0,0,0,0,0,39
756,2470,5.28814,312,100,20,0,0,0,0,0,0,0,39
757,2682,5.77966,341,100,16,0,0,0,0,1,0,0,42
758,2666,5.37288,317,100,19,0,0,0,0,1,0,0,39
759,2472,5.23214,293,100,19,0,0,0,0,1,0,0,36
760,2620,4.66667,280,100,25,0,0,0,0,0,0,0,35
761,2644,4.28333,257,100,27,0,0,0,1,1,0,0,31
762,3240,4.90323,304,100,24,0,0,0,0,0,0,0,38
763,3542,4.29851,288,100,31,0,0,0,0,0,0,0,36
764,3902,4.30769,280,100,30,0,0,0,0,0,0,0,35
765,3870,4.29851,288,100,31,0,0,0,0,0,0,0,36
766,3538,4.06557,248,100,30,0,0,0,0,0,0,0,31
767,3826,4.77419,296,100,25,0,0,0,0,0,0,0,37
768,3226,4.61017,272,100,25,0,0,0,0,0,0,0,34
769,3262,4.77419,296,100,25,0,0,0,0,0,0,0,37
770,4166,4.8,312,100,26,0,0,0,0,0,0,0,39
771,2812,4.44444,280,100,28,0,0,0,0,0,0,0,35
772,1812,5.03448,292,100,21,0,0,0,1,0,0,0,36
773,1780,4.06557,248,100,30,0,0,0,0,0,0,0,31
774,2040,3.80328,232,100,32,0,0,0,0,0,0,0,29
775,2280,3.58209,240,100,37,0,0,0,0,0,0,0,30
776,2192,3.2,208,100,39,0,0,0,0,0,0,0,26
777,2292,2.85714,200,100,45,0,0,0,0,0,0,0,25
778,2600,3.22388,216,100,40,0,0,0,0,0,0,0,27
779,2602,3.5,224,100,36,0,0,0,0,0,0,0,28
780,2832,3.68254,232,100,34,0,0,0,0,0,0,0,29
781,1852,4.12121,272,100,32,0,0,0,0,0,0,0,34
782,1660,3.44615,224,100,37,0,0,0,0,0,0,0,28
783,1620,3.04225,216,100,44,0,0,0,0,0,0,0,27
784,1886,3.52941,240,100,38,0,0,0,0,0,0,0,30
785,2002,3.13043,216,100,42,0,0,0,0,0,0,0,27
786,2092,3.80328,232,100,32,0,0,0,0,0,0,0,29
787,2436,3.94203,272,100,35,0,0,0,0,0,0,0,34
788,2214,4.1791,280,100,32,0,0,0,0,0,0,0,35
789,2116,4.11429,288,100,34,0,0,0,0,0,0,0,36
790,2358,4,288,100,36,0,0,0,0,0,0,0,36
791,1174,3,213,100,44,0,0,0,0,1,0,0,26
792,1336,3.39726,248,100,42,0,0,0,0,0,0,0,31
793,1500,3.42857,264,100,44,0,0,0,0,0,0,0,33
794,1802,3.35616,245,100,42,0,0,0,0,1,0,0,30
795,2062,3.50685,256,100,41,0,0,0,0,0,0,0,32
796,2236,4.05797,280,100,34,0,0,0,0,0,0,0,35
797,1718,4.30769,280,100,30,0,0,0,0,0,0,0,35
798,1516,3.75758,248,100,35,0,0,0,0,0,0,0,31
799,1932,3.64706,248,100,37,0,0,0,0,0,0,0,31
800,1566,3.8209,256,100,35,0,0,0,0,0,0,0,32
801,1876,3.5942,248,100,38,0,0,0,0,0,0,0,31
802,2032,4.0597,272,100,33,0,0,0,0,0,0,0,34
803,1980,3.83099,272,100,37,0,0,0,0,0,0,0,34
804,2034,3.02703,224,100,46,0,0,0,0,0,0,0,28
805,2108,3.82609,264,100,36,0,0,0,0,0,0,0,33
806,1672,3.82609,264,100,36,0,0,0,0,0,0,0,33
807,2060,3.66667,264,100,39,0,0,0,0,0,0,0,33
808,1922,3.55556,256,100,40,0,0,0,0,0,0,0,32
809,1930,3.36232,232,100,40,0,0,0,0,0,0,0,29
810,1676,3.46269,232,100,38,0,0,0,0,0,0,0,29
811,1780,3.17808,232,100,44,0,0,0,0,0,0,0,29
812,2044,3.71831,264,100,38,0,0,0,0,0,0,0,33
813,1942,3.48571,244,100,39,0,0,0,1,0,0,0,30
814,1858,3.37143,236,100,40,0,0,0,1,0,0,0,29
815,2564,3.55556,256,100,40,0,0,0,0,0,0,0,32
816,2324,3.06849,224,100,45,0,0,0,0,0,0,0,28
817,2838,3.06849,224,100,45,0,0,0,0,0,0,0,28
818,2532,3.375,216,100,37,0,0,0,0,0,0,0,27
819,3100,3.44615,224,100,37,0,0,0,0,0,0,0,28
820,2434,4.23529,288,100,32,0,0,0,0,0,0,0,36
821,2208,4.06349,256,100,31,0,0,0,0,0,0,0,32
822,2224,3.87879,256,100,34,0,0,0,0,0,0,0,32
823,2332,3.36232,232,100,40,0,0,0,0,0,0,0,29
824,2390,3.5942,248,100,38,0,0,0,0,0,0,0,31
825,2330,3.5942,248,100,38,0,0,0,0,0,0,0,31
826,2332,3.56923,232,100,36,0,0,0,0,0,0,0,29
827,3244,3.31429,232,100,41,0,0,0,0,0,0,0,29
828,2780,3.64706,248,100,37,0,0,0,0,0,0,0,31
829,2422,3.60563,256,100,39,0,0,0,0,0,0,0,32
830,2714,3.875,248,100,33,0,0,0,0,0,0,0,31
831,2978,4.06154,264,100,32,0,0,0,0,0,0,0,33
832,3330,4.29851,288,100,31,0,0,0,0,0,0,0,36
833,3130,3.80328,232,100,32,0,0,0,0,0,0,0,29
834,3236,4.375,280,100,29,0,0,0,0,0,0,0,35
835,3230,4.125,264,100,31,0,0,0,0,0,0,0,33
836,3074,4.25806,264,100,29,0,0,0,0,0,0,0,33
837,3336,4.82759,280,100,23,0,0,0,0,0,0,0,35
838,4118,5.73333,344,100,17,0,0,0,0,0,0,0,43
839,4142,4.95238,312,100,24,0,0,0,0,0,0,0,39
840,5218,4.28986,296,100,32,0,0,0,0,0,0,0,37
841,5352,4.13333,248,100,29,0,0,0,0,0,0,0,31
842,5036,4.67692,304,100,27,0,0,0,0,0,0,0,38
843,3014,4.5,288,100,28,0,0,0,0,0,0,0,36
844,3260,4.72727,312,100,27,0,0,0,0,0,0,0,39
845,3308,4.30769,280,100,30,0,0,0,0,0,0,0,35
846,4040,4.53333,272,100,26,0,0,0,0,0,0,0,34
847,4764,4.77419,296,100,25,0,0,0,0,0,0,0,37
848,4538,5.28571,296,100,19,0,0,0,0,0,0,0,37
849,4252,5.2,312,100,21,0,0,0,0,0,0,0,39
850,4408,5.63934,344,100,18,0,0,0,0,0,0,0,43
851,4010,5.06667,304,100,22,0,0,0,0,0,0,0,38
852,2956,5.51724,320,100,18,0,0,0,0,0,0,0,40
853,2574,5.65517,328,100,17,0,0,0,0,0,0,0,41
854,2714,5.01695,296,100,22,0,0,0,0,0,0,0,37
855,3486,5.10345,296,100,21,0,0,0,0,0,0,0,37
856,3090,5.03226,312,100,23,0,0,0,0,0,0,0,39
857,3366,4.65079,293,100,26,0,0,0,0,1,0,0,36
858,3682,4.9661,293,100,22,0,0,0,0,1,0,0,36
859,2710,4.91379,285,100,22,0,0,0,0,1,0,0,35
860,2942,5.0339,297,100,21,0,0,0,1,1,0,0,36
861,3298,5.3,318,100,19,0,0,0,1,2,0,0,38
862,3468,4.92857,276,100,21,0,0,0,1,0,0,0,34
863,3716,4.45161,276,100,27,0,0,0,1,0,0,0,34
864,4624,4.82759,280,100,23,0,0,0,0,0,0,0,35
865,5300,5.33333,320,100,20,0,0,0,0,0,0,0,40
866,3870,4.98246,284,100,21,0,0,0,1,0,0,0,35
867,4666,4.96552,288,100,22,0,0,0,0,0,0,0,36
868,4176,4.91228,280,100,22,0,0,0,0,0,0,0,35
869,3230,4.35088,248,100,26,0,0,0,0,0,0,0,31
870,4516,4.93333,296,100,23,0,0,0,0,0,0,0,37
871,3638,5,280,100,21,0,0,0,0,0,0,0,35
872,3240,4.96552,288,100,22,0,0,0,0,0,0,0,36
873,3556,4.71429,264,100,23,0,0,0,0,0,0,0,33
874,2668,3.73333,224,100,32,0,0,0,0,0,0,0,28
875,3050,4.25806,264,100,29,0,0,0,0,0,0,0,33
876,3292,4.44444,280,100,28,0,0,0,0,0,0,0,35
877,3570,4.59016,280,100,26,0,0,0,0,0,0,0,35
878,3346,3.80328,232,100,32,0,0,0,0,0,0,0,29
879,3394,3.88235,264,100,35,0,0,0,0,0,0,0,33
880,3926,3.87097,240,100,32,0,0,0,0,0,0,0,30
881,3752,4.25806,264,100,29,0,0,0,0,0,0,0,33
882,3728,3.87879,256,100,34,0,0,0,0,0,0,0,32
883,3158,3.5,224,100,36,0,0,0,0,0,0,0,28
884,3020,4.44444,280,100,28,0,0,0,0,0,0,0,35
885,3612,4.8,288,100,24,0,0,0,0,0,0,0,36
886,3904,4.8,288,100,24,0,0,0,0,0,0,0,36
887,3500,4.51613,280,100,27,0,0,0,0,0,0,0,35
888,2124,3.55556,224,100,35,0,0,0,0,0,0,0,28
889,2622,4,256,100,32,0,0,0,0,0,0,0,32
890,2448,4.5,288,100,28,0,0,0,0,0,0,0,36
891,2626,3.82609,264,100,36,0,0,0,0,0,0,0,33
892,2714,3.63636,240,100,36,0,0,0,0,0,0,0,30
893,3000,3.29412,224,100,40,0,0,0,0,0,0,0,28
894,3238,3.6338,258,100,38,0,0,0,0,2,0,0,31
895,3198,4.26471,290,100,31,0,0,0,0,2,0,0,35
896,3346,4.26154,277,100,30,0,0,0,0,1,0,0,34
897,3972,4.40845,313,100,31,0,0,0,1,1,0,0,38
898,3392,4.07042,289,100,34,0,0,0,1,1,0,0,35
899,3206,4.13043,285,100,33,0,0,0,0,1,0,0,35
900,3142,3.87879,256,100,34,0,0,0,0,0,0,0,32
901,2414,3.70149,248,100,36,0,0,0,0,0,0,0,31
902,1712,3.69231,240,100,35,0,0,0,0,0,0,0,30
903,2092,3.58209,240,100,37,0,0,0,0,0,0,0,30
904,2666,4.58824,312,100,29,0,0,0,0,0,0,0,39
905,3192,4.625,296,100,27,0,0,0,0,0,0,0,37
906,2826,4.51613,280,100,27,0,0,0,0,0,0,0,35
907,2110,3.63636,240,100,36,0,0,0,0,0,0,0,30
908,1818,4.31746,272,100,29,0,0,0,0,0,0,0,34
909,2336,4.06154,264,100,32,0,0,0,0,0,0,0,33
910,1848,3.95082,241,100,30,0,0,0,1,1,0,0,29
911,1236,3.30159,208,100,37,0,0,0,0,0,0,0,26
912,1298,3.48387,216,100,35,0,0,0,0,0,0,0,27
913,1396,4.27586,248,100,27,0,0,0,0,0,0,0,31
914,1646,4.06154,264,100,32,0,0,0,0,0,0,0,33
915,1946,4.12903,256,100,30,0,0,0,0,0,0,0,32
916,1894,4.0597,272,100,33,0,0,0,0,0,0,0,34
917,1930,4.18462,272,100,31,0,0,0,0,0,0,0,34
918,2528,4.34286,304,100,32,0,0,0,0,0,0,0,38
919,2536,4.57143,320,100,30,0,0,0,0,0,0,0,40
920,1844,3.41176,232,100,39,0,0,0,0,0,0,0,29
921,1960,3.17647,216,100,41,0,0,0,0,0,0,0,27
922,2152,3.70149,248,100,36,0,0,0,0,0,0,0,31
923,2466,3.56338,253,100,39,0,0,0,0,1,0,0,31
924,3176,4.28986,296,100,32,0,0,0,0,0,0,0,37
925,2710,4.22857,296,100,33,0,0,0,0,0,0,0,37
926,3086,4.35294,296,100,31,0,0,0,0,0,0,0,37
927,2966,4.55385,296,100,28,0,0,0,0,0,0,0,37
928,3238,4.63768,320,100,29,0,0,0,0,0,0,0,40
929,3586,5.46032,344,100,20,0,0,0,0,0,0,0,43
930,4180,5.25373,352,100,23,0,0,0,0,0,0,0,44
931,4306,5.33333,336,100,21,0,0,0,0,0,0,0,42
932,3252,4.91228,280,100,22,0,0,0,0,0,0,0,35
933,3754,5.10345,296,100,21,0,0,0,0,0,0,0,37
934,3592,5.10345,296,100,21,0,0,0,0,0,0,0,37
935,2814,4.47458,264,100,26,0,0,0,0,0,0,0,33
936,3196,4.08065,253,100,30,0,0,0,0,1,0,0,31
937,4046,4.07812,261,100,31,0,0,0,0,1,0,0,32
938,3848,4.26154,277,100,30,0,0,0,0,1,0,0,34
939,3676,3.86667,232,100,31,0,0,0,0,0,0,0,29
940,3522,4.42857,248,100,25,0,0,0,0,0,0,0,31
941,4352,4.57143,288,100,27,0,0,0,0,0,0,0,36
942,3950,4.69841,296,100,26,0,0,0,0,0,0,0,37
943,3436,4.64516,288,100,26,0,0,0,0,0,0,0,36
944,3134,4.16981,221,100,25,0,0,0,0,1,0,0,27
945,3438,4.33871,269,100,28,0,0,0,0,1,0,0,33
946,3828,5.01695,296,100,22,0,0,0,0,0,0,0,37
947,3604,5.01695,296,100,22,0,0,0,0,0,0,0,37
948,3006,3.78947,216,100,30,0,0,0,0,0,0,0,27
949,2942,3.87097,240,100,32,0,0,0,0,0,0,0,30
950,3736,4.51613,280,100,27,0,0,0,0,0,0,0,35
951,4646,5,320,100,24,0,0,0,0,0,0,0,40
952,5248,4.44444,280,100,28,0,0,0,0,0,0,0,35
953,5010,4.82759,280,100,23,0,0,0,0,0,0,0,35
954,4740,3.79661,224,100,31,0,0,0,0,0,0,0,28
955,4168,4.72131,288,100,25,0,0,0,0,0,0,0,36
956,5146,4.51613,280,100,27,0,0,0,0,0,0,0,35
957,5622,4.98361,304,100,23,0,0,0,0,0,0,0,38
958,4956,4.19672,256,100,29,0,0,0,0,0,0,0,32
959,3948,4.13793,240,100,28,0,0,0,0,0,0,0,30
960,4156,3.74194,232,100,33,0,0,0,0,0,0,0,29
961,3922,3.93443,240,100,31,0,0,0,0,0,0,0,30
962,3510,3.56923,232,100,36,0,0,0,0,0,0,0,29
963,3396,3.93846,256,100,33,0,0,0,0,0,0,0,32
964,3730,3.55556,224,100,35,0,0,0,0,0,0,0,28
965,3286,3.40741,184,100,31,0,0,0,0,0,0,0,23
966,3140,3.93651,248,100,32,0,0,0,0,0,0,0,31
967,2836,3.80952,240,100,33,0,0,0,0,0,0,0,30
968,3352,2.09231,136,100,48,0,0,0,0,0,0,0,17
969,3178,3.1746,200,100,38,0,0,0,0,0,0,0,25
970,3750,2.75,176,100,42,0,0,0,0,0,0,0,22
971,3906,3.27869,200,100,36,0,0,0,0,0,0,0,25
972,3514,3.32308,216,100,38,0,0,0,0,0,0,0,27
973,3172,4.18462,272,100,31,0,0,0,0,0,0,0,34
974,3634,4,232,100,29,0,0,0,0,0,0,0,29
975,3544,4.30769,280,100,30,0,0,0,0,0,0,0,35
976,2282,3.87097,240,100,32,0,0,0,0,0,0,0,30
977,2264,4.12903,256,100,30,0,0,0,0,0,0,0,32
978,2470,4.39344,268,100,27,0,0,0,1,0,0,0,33
979,2562,4.45902,272,100,27,0,0,0,0,0,0,0,34
980,2456,4.3871,272,100,28,0,0,0,0,0,0,0,34
981,3578,4.69841,296,100,26,0,0,0,0,0,0,0,37
982,3442,4.33898,256,100,27,0,0,0,0,0,0,0,32
983,3798,4.5,288,100,28,0,0,0,0,0,0,0,36
984,4182,4.93333,296,100,23,0,0,0,0,0,0,0,37
985,4392,4.5,288,100,28,0,0,0,0,0,0,0,36
986,4412,4.36364,240,100,25,0,0,0,0,0,0,0,30
987,4246,4.68966,272,100,24,0,0,0,0,0,0,0,34
988,4310,3.875,248,100,33,0,0,0,0,0,0,0,31
989,3508,3.78947,216,100,30,0,0,0,0,0,0,0,27
990,3692,4.19672,256,100,29,0,0,0,0,0,0,0,32
991,3382,3.93651,248,100,32,0,0,0,0,0,0,0,31
992,3118,4.125,264,100,31,0,0,0,0,0,0,0,33
993,3218,3.63636,240,100,36,0,0,0,0,0,0,0,30
994,3384,3.58209,240,100,37,0,0,0,0,0,0,0,30
995,3590,4.57143,288,100,27,0,0,0,0,0,0,0,36
996,3844,4.8,312,100,26,0,0,0,0,0,0,0,39
997,3048,4.8254,304,100,25,0,0,0,0,0,0,0,38
998,3156,5,280,100,21,0,0,0,0,0,0,0,35
999,3528,4.875,312,100,25,0,0,0,0,0,0,0,39
