update,points,mean_tasks,total_tasks,total_orgs,task_0,task_1,task_2,task_3,task_4,task_5,task_6,task_7,task_8
0,0,nan,0,10,0,0,0,0,0,0,0,0,0
1,4,0,0,10,2,0,0,0,0,0,0,0,0
2,14,0,0,10,5,0,0,0,0,0,0,0,0
3,14,0,0,10,5,0,0,0,0,0,0,0,0
4,20,0,0,10,6,0,0,0,0,0,0,0,0
5,24,0,0,10,7,0,0,0,0,0,0,0,0
6,54,1.14286,8,12,6,0,0,0,0,0,0,0,1
7,54,1.14286,8,12,6,0,0,0,0,0,0,0,1
8,56,1,8,12,7,0,0,0,0,0,0,0,1
9,68,2,16,13,6,0,0,0,0,0,0,0,2
10,70,2,16,13,6,0,0,0,0,0,0,0,2
11,72,1.77778,16,13,7,0,0,0,0,0,0,0,2
12,92,1.6,16,14,8,0,0,0,0,0,0,0,2
13,94,1.6,16,14,8,0,0,0,0,0,0,0,2
14,94,1.6,16,14,8,0,0,0,0,0,0,0,2
15,94,1.6,16,14,8,0,0,0,0,0,0,0,2
16,114,0.8,8,15,9,0,0,0,0,0,0,0,1
17,76,0.888889,8,15,8,0,0,0,0,0,0,0,1
18,92,0.727273,8,16,10,0,0,0,0,0,0,0,1
19,96,0.666667,8,16,11,0,0,0,0,0,0,0,1
20,102,0.615385,8,16,12,0,0,0,0,0,0,0,1
21,102,0.615385,8,16,12,0,0,0,0,0,0,0,1
22,112,0.615385,8,16,12,0,0,0,0,0,0,0,1
23,118,0.615385,8,16,12,0,0,0,0,0,0,0,1
24,120,0.615385,8,16,12,0,0,0,0,0,0,0,1
25,120,0.615385,8,16,12,0,0,0,0,0,0,0,1
26,106,0.727273,8,16,10,0,0,0,0,0,0,0,1
27,88,0.727273,8,16,10,0,0,0,0,0,0,0,1
28,90,0.727273,8,16,10,0,0,0,0,0,0,0,1
29,96,0.666667,8,16,11,0,0,0,0,0,0,0,1
30,98,0.666667,8,16,11,0,0,0,0,0,0,0,1
31,98,0.666667,8,16,11,0,0,0,0,0,0,0,1
32,104,1.23077,16,16,11,0,0,0,0,0,0,0,2
33,110,1.23077,16,16,11,0,0,0,0,0,0,0,2
34,112,1.23077,16,16,11,0,0,0,0,0,0,0,2
35,116,1.23077,16,16,11,0,0,0,0,0,0,0,2
36,132,1.23077,16,17,11,0,0,0,0,0,0,0,2
37,136,1.23077,16,17,11,0,0,0,0,0,0,0,2
38,158,1.14286,16,18,12,0,0,0,0,0,0,0,2
39,158,1.14286,16,18,12,0,0,0,0,0,0,0,2
40,152,1.6,24,20,12,0,0,0,0,0,0,0,3
41,162,1.6,24,20,12,0,0,0,0,0,0,0,3
42,146,1.06667,16,21,13,0,0,0,0,0,0,0,2
43,128,1,16,22,14,0,0,0,0,0,0,0,2
44,130,1.5,24,22,13,0,0,0,0,0,0,0,3
45,134,2,32,23,12,0,0,0,0,0,0,0,4
46,122,2,32,23,12,0,0,0,0,0,0,0,4
47,118,2.35294,40,24,12,0,0,0,0,0,0,0,5
48,152,2.22222,40,25,13,0,0,0,0,0,0,0,5
49,134,1.77778,32,25,14,0,0,0,0,0,0,0,4
50,156,1.26316,24,26,16,0,0,0,0,0,0,0,3
51,172,1.6,32,27,16,0,0,0,0,0,0,0,4
52,182,1.6,32,27,16,0,0,0,0,0,0,0,4
53,196,1.14286,24,27,18,0,0,0,0,0,0,0,3
54,224,1.52381,32,28,17,0,0,0,0,0,0,0,4
55,222,1.90476,40,29,16,0,0,0,0,0,0,0,5
56,220,1.90476,40,30,16,0,0,0,0,0,0,0,5
57,244,2.54545,56,31,15,0,0,0,0,0,0,0,7
58,266,2.33333,56,32,17,0,0,0,0,0,0,0,7
59,288,2.33333,56,32,17,0,0,0,0,0,0,0,7
60,226,2.18182,48,32,16,0,0,0,0,0,0,0,6
61,244,2.28571,48,32,15,0,0,0,0,0,0,0,6
62,220,1.90476,40,32,16,0,0,0,0,0,0,0,5
63,250,2.43478,56,32,16,0,0,0,0,0,0,0,7
64,230,2.54545,56,32,15,0,0,0,0,0,0,0,7
65,240,3.2,80,32,15,0,0,0,0,0,0,0,10
66,250,3.25926,88,33,16,0,0,0,0,0,0,0,11
67,266,2.85714,80,33,18,0,0,0,0,0,0,0,10
68,302,2.85714,80,34,18,0,0,0,0,0,0,0,10
69,296,2.66667,72,35,18,0,0,0,0,0,0,0,9
70,328,2.48276,72,36,20,0,0,0,0,0,0,0,9
71,322,2.32258,72,37,22,0,0,0,0,0,0,0,9
72,344,2.5,80,37,22,0,0,0,0,0,0,0,10
73,364,3,96,37,20,0,0,0,0,0,0,0,12
74,344,3.46667,104,38,17,0,0,0,0,0,0,0,13
75,352,3.42857,96,39,16,0,0,0,0,0,0,0,12
76,292,2.48276,72,39,20,0,0,0,0,0,0,0,9
77,312,2.58065,80,40,21,0,0,0,0,0,0,0,10
78,310,1.93939,64,41,25,0,0,0,0,0,0,0,8
79,262,1.75,56,41,25,0,0,0,0,0,0,0,7
80,308,1.64706,56,43,27,0,0,0,0,0,0,0,7
81,320,1.64706,56,43,27,0,0,0,0,0,0,0,7
82,346,1.72973,64,44,29,0,0,0,0,0,0,0,8
83,362,1.68421,64,44,30,0,0,0,0,0,0,0,8
84,336,1.94595,72,44,28,0,0,0,0,0,0,0,9
85,372,2.16216,80,47,27,0,0,0,0,0,0,0,10
86,364,2.16216,80,48,27,0,0,0,0,0,0,0,10
87,396,2,80,49,30,0,0,0,0,0,0,0,10
88,420,1.90476,80,52,32,0,0,0,0,0,0,0,10
89,414,1.52381,64,52,34,0,0,0,0,0,0,0,8
90,444,1.42222,64,55,37,0,0,0,0,0,0,0,8
91,406,1.71429,72,56,33,0,0,0,0,0,0,0,9
92,440,2.09524,88,58,31,0,0,0,0,0,0,0,11
93,418,2.60465,112,58,29,0,0,0,0,0,0,0,14
94,430,1.79592,88,58,38,0,0,0,0,0,0,0,11
95,454,1.83333,88,59,37,0,0,0,0,0,0,0,11
96,404,1.95556,88,60,34,0,0,0,0,0,0,0,11
97,444,2,96,60,36,0,0,0,0,0,0,0,12
98,488,1.92,96,63,38,0,0,0,0,0,0,0,12
99,508,1.38462,72,63,43,0,0,0,0,0,0,0,9
100,522,1.01818,56,63,48,0,0,0,0,0,0,0,7
101,566,1.18519,64,64,46,0,0,0,0,0,0,0,8
102,588,1.35849,72,64,44,0,0,0,0,0,0,0,9
103,618,1.45455,80,65,45,0,0,0,0,0,0,0,10
104,664,1.14286,64,66,48,0,0,0,0,0,0,0,8
105,670,1.26316,72,68,48,0,0,0,0,0,0,0,9
106,610,1.16364,64,69,47,0,0,0,0,0,0,0,8
107,610,1.77778,96,71,42,0,0,0,0,0,0,0,12
108,572,1.42857,80,71,46,0,0,0,0,0,0,0,10
109,562,2,112,72,42,0,0,0,0,0,0,0,14
110,618,1.76271,104,73,46,0,0,0,0,0,0,0,13
111,638,1.96721,120,74,46,0,0,0,0,0,0,0,15
112,654,2.0339,120,76,44,0,0,0,0,0,0,0,15
113,658,2.32258,144,78,44,0,0,0,0,0,0,0,18
114,608,2.4,144,79,42,0,0,0,0,0,0,0,18
115,582,1.57377,96,79,49,0,0,0,0,0,0,0,12
116,692,1.69697,112,80,52,0,0,0,0,0,0,0,14
117,680,1.84615,120,82,50,0,0,0,0,0,0,0,15
118,608,2.4127,152,82,44,0,0,0,0,0,0,0,19
119,626,2.14925,144,82,49,0,0,0,0,0,0,0,18
120,656,2.14925,144,85,49,0,0,0,0,0,0,0,18
121,680,1.69697,112,85,52,0,0,0,0,0,0,0,14
122,796,1.51351,112,89,60,0,0,0,0,0,0,0,14
123,826,1.68421,128,90,60,0,0,0,0,0,0,0,16
124,840,2,152,90,57,0,0,0,0,0,0,0,19
125,802,1.72973,128,90,58,0,0,0,0,0,0,0,16
126,784,1.64384,120,91,58,0,0,0,0,0,0,0,15
127,752,1.88889,136,93,55,0,0,0,0,0,0,0,17
128,702,1.69014,120,94,56,0,0,0,0,0,0,0,15
129,754,1.64384,120,94,58,0,0,0,0,0,0,0,15
130,774,1.33333,104,94,65,0,0,0,0,0,0,0,13
131,746,2.05714,144,94,52,0,0,0,0,0,0,0,18
132,816,1.83784,136,94,57,0,0,0,0,0,0,0,17
133,824,2,152,94,57,0,0,0,0,0,0,0,19
134,784,2.38961,184,94,54,0,0,0,0,0,0,0,23
135,800,2.33333,168,94,51,0,0,0,0,0,0,0,21
136,810,1.94872,152,94,59,0,0,0,0,0,0,0,19
137,760,1.86301,136,94,56,0,0,0,0,0,0,0,17
138,706,2.24,168,94,54,0,0,0,0,0,0,0,21
139,798,2.44444,176,94,50,0,0,0,0,0,0,0,22
140,808,2.05405,152,94,55,0,0,0,0,0,0,0,19
141,730,1.66234,128,95,61,0,0,0,0,0,0,0,16
142,734,1.78947,136,96,59,0,0,0,0,0,0,0,17
143,750,2.08219,152,96,54,0,0,0,0,0,0,0,19
144,858,1.84615,144,96,60,0,0,0,0,0,0,0,18
145,858,1.72152,136,96,62,0,0,0,0,0,0,0,17
146,768,1.8,144,96,62,0,0,0,0,0,0,0,18
147,770,2.8169,200,97,46,0,0,0,0,0,0,0,25
148,776,2.45333,184,97,52,0,0,0,0,0,0,0,23
149,786,1.97531,160,97,61,0,0,0,0,0,0,0,20
150,766,2.56,192,97,51,0,0,0,0,0,0,0,24
151,758,2.7027,200,97,49,0,0,0,0,0,0,0,25
152,790,2.5,200,97,55,0,0,0,0,0,0,0,25
153,866,3.28767,240,99,43,0,0,0,0,0,0,0,30
154,816,2.7027,200,99,49,0,0,0,0,0,0,0,25
155,734,2.24,168,99,54,0,0,0,0,0,0,0,21
156,804,2.77333,208,99,49,0,0,0,0,0,0,0,26
157,774,2.81081,208,99,48,0,0,0,0,0,0,0,26
158,884,2.5974,200,99,52,0,0,0,0,0,0,0,25
159,860,2.34667,176,99,53,0,0,0,0,0,0,0,22
160,750,2.18182,168,100,56,0,0,0,0,0,0,0,21
161,782,1.97531,160,100,61,0,0,0,0,0,0,0,20
162,862,2.12048,176,100,61,0,0,0,0,0,0,0,22
163,854,2.07792,160,100,57,0,0,0,0,0,0,0,20
164,944,1.92405,152,100,60,0,0,0,0,0,0,0,19
165,802,2.02667,152,100,56,0,0,0,0,0,0,0,19
166,836,2.05128,160,100,58,0,0,0,0,0,0,0,20
167,776,2.34667,176,100,53,0,0,0,0,0,0,0,22
168,784,2.52632,192,100,52,0,0,0,0,0,0,0,24
169,840,2.53165,200,100,54,0,0,0,0,0,0,0,25
170,836,2.12658,168,100,58,0,0,0,0,0,0,0,21
171,802,1.83133,152,100,64,0,0,0,0,0,0,0,19
172,886,2.17284,176,100,59,0,0,0,0,0,0,0,22
173,890,2.88,216,100,48,0,0,0,0,0,0,0,27
174,852,1.9,152,100,61,0,0,0,0,0,0,0,19
175,880,2.3,184,100,57,0,0,0,0,0,0,0,23
176,886,1.92405,152,100,60,0,0,0,0,0,0,0,19
177,838,1.62025,128,100,63,0,0,0,0,0,0,0,16
178,858,1.4,112,100,66,0,0,0,0,0,0,0,14
179,922,2,160,100,60,0,0,0,0,0,0,0,20
180,872,2.30137,168,100,52,0,0,0,0,0,0,0,21
181,882,2.02667,152,100,56,0,0,0,0,0,0,0,19
182,758,2.31884,160,100,49,0,0,0,0,0,0,0,20
183,738,2.22222,160,100,52,0,0,0,0,0,0,0,20
184,782,2.21053,168,100,55,0,0,0,0,0,0,0,21
185,822,2.37838,176,100,52,0,0,0,0,0,0,0,22
186,774,2.59459,192,100,50,0,0,0,0,0,0,0,24
187,804,2.43038,192,100,55,0,0,0,0,0,0,0,24
188,842,2.2,176,100,58,0,0,0,0,0,0,0,22
189,860,2.16471,184,100,62,0,0,0,0,0,0,0,23
190,942,1.85366,152,100,63,0,0,0,0,0,0,0,19
191,910,2.12658,168,100,58,0,0,0,0,0,0,0,21
192,824,2.35897,184,100,55,0,0,0,0,0,0,0,23
193,816,2.04651,176,100,64,0,0,0,0,0,0,0,22
194,852,1.67901,136,100,64,0,0,0,0,0,0,0,17
195,872,1.54217,128,100,67,0,0,0,0,0,0,0,16
196,922,1.81707,149,100,63,0,0,0,0,1,0,0,18
197,936,2.5974,200,100,52,0,0,0,0,0,0,0,25
198,924,1.89474,144,100,58,0,0,0,0,0,0,0,18
199,1016,1.7,136,100,63,0,0,0,0,0,0,0,17
200,1022,1.77778,144,100,63,0,0,0,0,0,0,0,18
201,1086,1.84615,144,100,60,0,0,0,0,0,0,0,18
202,1008,2.02817,144,100,53,0,0,0,0,0,0,0,18
203,1112,2.52055,184,100,50,0,0,0,0,0,0,0,23
204,1052,1.64103,128,100,62,0,0,0,0,0,0,0,16
205,1206,2.62857,184,100,47,0,0,0,0,0,0,0,23
206,1278,2.02667,152,100,56,0,0,0,0,0,0,0,19
207,1288,2,152,100,57,0,0,0,0,0,0,0,19
208,1310,2.27027,168,100,53,0,0,0,0,0,0,0,21
209,958,2.08219,152,100,54,0,0,0,0,0,0,0,19
210,980,2.27027,168,100,53,0,0,0,0,0,0,0,21
211,1276,2.8169,200,100,46,0,0,0,0,0,0,0,25
212,1314,2.66667,192,100,48,0,0,0,0,0,0,0,24
213,1418,2.85714,200,100,45,0,0,0,0,0,0,0,25
214,1282,3.5,224,100,36,0,0,0,0,0,0,0,28
215,1206,2.125,136,100,47,0,0,0,0,0,0,0,17
216,1198,3.07692,200,100,40,0,0,0,0,0,0,0,25
217,1206,2.95385,192,100,41,0,0,0,0,0,0,0,24
218,958,3,192,100,40,0,0,0,0,0,0,0,24
219,774,2.83077,184,100,42,0,0,0,0,0,0,0,23
220,806,3.48387,216,100,35,0,0,0,0,0,0,0,27
221,896,3.42857,216,100,36,0,0,0,0,0,0,0,27
222,872,2.74286,192,100,46,0,0,0,0,0,0,0,24
223,934,3.58209,240,100,37,0,0,0,0,0,0,0,30
224,1014,3.13043,216,100,42,0,0,0,0,0,0,0,27
225,992,3.17647,216,100,41,0,0,0,0,0,0,0,27
226,928,3.27273,216,100,39,0,0,0,0,0,0,0,27
227,954,3.41176,232,100,39,0,0,0,0,0,0,0,29
228,926,3.17647,216,100,41,0,0,0,0,0,0,0,27
229,1026,2.88889,208,100,46,0,0,0,0,0,0,0,26
230,734,2.90909,192,100,42,0,0,0,0,0,0,0,24
231,952,2.84932,208,100,47,0,0,0,0,0,0,0,26
232,950,2.73973,200,100,48,0,0,0,0,0,0,0,25
233,964,2.62857,184,100,47,0,0,0,0,0,0,0,23
234,1016,2.3,184,100,57,0,0,0,0,0,0,0,23
235,990,2.42105,184,100,53,0,0,0,0,0,0,0,23
236,958,2.31884,160,100,49,0,0,0,0,0,0,0,20
237,972,2.22222,160,100,52,0,0,0,0,0,0,0,20
238,1094,1.55844,120,100,62,0,0,0,0,0,0,0,15
239,1244,2.44444,176,100,50,0,0,0,0,0,0,0,22
240,1192,2.06061,136,100,49,0,0,0,0,0,0,0,17
241,1302,2.23529,152,100,49,0,0,0,0,0,0,0,19
242,1288,2.375,152,100,45,0,0,0,0,0,0,0,19
243,1386,2.46154,160,100,45,0,0,0,0,0,0,0,20
244,1424,2.70968,168,100,41,0,0,0,0,0,0,0,21
245,1586,2.375,152,100,45,0,0,0,0,0,0,0,19
246,1142,2.38806,160,100,47,0,0,0,0,0,0,0,20
247,826,3.32308,216,100,38,0,0,0,0,0,0,0,27
248,1008,2.94118,200,100,43,0,0,0,0,0,0,0,25
249,1118,3.2,208,100,39,0,0,0,0,0,0,0,26
250,1190,3.22388,216,100,40,0,0,0,0,0,0,0,27
251,1264,3.46269,232,100,38,0,0,0,0,0,0,0,29
252,1282,2.66667,152,100,38,0,0,0,0,0,0,0,19
253,1272,3.17241,184,100,35,0,0,0,0,0,0,0,23
254,1362,2.98305,176,100,37,0,0,0,0,0,0,0,22
255,1304,3.42857,216,100,36,0,0,0,0,0,0,0,27
256,1182,3.30159,208,100,37,0,0,0,0,0,0,0,26
257,1220,2.4127,152,100,44,0,0,0,0,0,0,0,19
258,1058,3.64912,208,100,31,0,0,0,0,0,0,0,26
259,1252,3.0303,200,100,41,0,0,0,0,0,0,0,25
260,904,3.01639,184,100,38,0,0,0,0,0,0,0,23
261,900,3.66102,216,100,32,0,0,0,0,0,0,0,27
262,760,3.01639,184,100,38,0,0,0,0,0,0,0,23
263,616,3.14754,192,100,37,0,0,0,0,0,0,0,24
264,676,3.40984,208,100,35,0,0,0,0,0,0,0,26
265,748,3.34328,224,100,39,0,0,0,0,0,0,0,28
266,890,3.65714,256,100,38,0,0,0,0,0,0,0,32
267,858,2.89855,200,100,44,0,0,0,0,0,0,0,25
268,760,2.82353,192,100,44,0,0,0,0,0,0,0,24
269,858,2.78261,192,100,45,0,0,0,0,0,0,0,24
270,864,3.01449,208,100,43,0,0,0,0,0,0,0,26
271,882,2.74627,184,100,44,0,0,0,0,0,0,0,23
272,854,3.01449,208,100,43,0,0,0,0,0,0,0,26
273,830,2.43478,168,100,48,0,0,0,0,0,0,0,21
274,882,2.66667,168,100,42,0,0,0,0,0,0,0,21
275,822,2.74286,192,100,46,0,0,0,0,0,0,0,24
276,886,1.94286,136,100,53,0,0,0,0,0,0,0,17
277,946,2.62857,184,100,47,0,0,0,0,0,0,0,23
278,932,2.52055,184,100,50,0,0,0,0,0,0,0,23
279,902,2.14925,144,100,49,0,0,0,0,0,0,0,18
280,880,2.46154,160,100,45,0,0,0,0,0,0,0,20
281,852,2.62295,160,100,41,0,0,0,0,0,0,0,20
282,656,2.80702,160,100,37,0,0,0,0,0,0,0,20
283,834,2.70968,168,100,41,0,0,0,0,0,0,0,21
284,782,3.04762,192,100,39,0,0,0,0,0,0,0,24
285,742,2.66667,176,100,44,0,0,0,0,0,0,0,22
286,756,2.42424,160,100,46,0,0,0,0,0,0,0,20
287,750,1.69697,112,100,52,0,0,0,0,0,0,0,14
288,822,2.375,152,100,45,0,0,0,0,0,0,0,19
289,726,2.19355,136,100,45,0,0,0,0,0,0,0,17
290,830,2.875,184,100,41,0,0,0,0,0,0,0,23
291,718,2.53333,152,100,41,0,0,0,0,0,0,0,19
292,748,2.70968,168,100,41,0,0,0,0,0,0,0,21
293,796,2.96774,184,100,39,0,0,0,0,0,0,0,23
294,762,3.22388,216,100,40,0,0,0,0,0,0,0,27
295,788,2.78261,192,100,45,0,0,0,0,0,0,0,24
296,804,2.375,152,100,45,0,0,0,0,0,0,0,19
297,776,2.58462,168,100,44,0,0,0,0,0,0,0,21
298,704,2.93333,176,100,38,0,0,0,0,0,0,0,22
299,700,2.92063,184,100,40,0,0,0,0,0,0,0,23
300,604,2.84746,168,100,38,0,0,0,0,0,0,0,21
301,702,3.22807,184,100,34,0,0,0,0,0,0,0,23
302,634,3.14286,176,100,34,0,0,0,0,0,0,0,22
303,678,3.93443,240,100,31,0,0,0,0,0,0,0,30
304,716,3,192,100,40,0,0,0,0,0,0,0,24
305,838,4.25806,264,100,29,0,0,0,0,0,0,0,33
306,880,4.33898,256,100,27,0,0,0,0,0,0,0,32
307,856,4,248,100,31,0,0,0,0,0,0,0,31
308,870,4.06349,256,100,31,0,0,0,0,0,0,0,32
309,994,3.6129,224,100,34,0,0,0,0,0,0,0,28
310,1010,4.25806,264,100,29,0,0,0,0,0,0,0,33
311,1112,3.2,208,100,39,0,0,0,0,0,0,0,26
312,1002,3.625,232,100,35,0,0,0,0,0,0,0,29
313,1036,3.04762,192,100,39,0,0,0,0,0,0,0,24
314,1216,2.96774,184,100,39,0,0,0,0,0,0,0,23
315,730,3.73333,224,100,32,0,0,0,0,0,0,0,28
316,806,3.9322,232,100,30,0,0,0,0,0,0,0,29
317,932,4.26667,256,100,28,0,0,0,0,0,0,0,32
318,938,4,232,100,29,0,0,0,0,0,0,0,29
319,866,3.78947,216,100,30,0,0,0,0,0,0,0,27
320,1154,4.61017,272,100,25,0,0,0,0,0,0,0,34
321,912,4.41379,256,100,26,0,0,0,0,0,0,0,32
322,968,4.27586,248,100,27,0,0,0,0,0,0,0,31
323,1146,4.47458,264,100,26,0,0,0,0,0,0,0,33
324,1000,3.87097,240,100,32,0,0,0,0,0,0,0,30
325,1130,4.32787,264,100,28,0,0,0,0,0,0,0,33
326,1256,4.45902,272,100,27,0,0,0,0,0,0,0,34
327,1370,4.39683,277,100,28,0,0,0,0,1,0,0,34
328,1306,4.12903,256,100,30,0,0,0,0,0,0,0,32
329,1278,4.13333,248,100,29,0,0,0,0,0,0,0,31
330,1030,4.06349,256,100,31,0,0,0,0,0,0,0,32
331,1058,4,256,100,32,0,0,0,0,0,0,0,32
332,1204,3.93443,240,100,31,0,0,0,0,0,0,0,30
333,1216,3.80328,232,100,32,0,0,0,0,0,0,0,29
334,1320,2.78788,184,100,43,0,0,0,0,0,0,0,23
335,1370,3.27869,200,100,36,0,0,0,0,0,0,0,25
336,1094,3.31034,192,100,34,0,0,0,0,0,0,0,24
337,1152,3.5,224,100,36,0,0,0,0,0,0,0,28
338,1184,3.68254,232,100,34,0,0,0,0,0,0,0,29
339,1286,2.74286,192,100,46,0,0,0,0,0,0,0,24
340,1334,2.4127,152,100,44,0,0,0,0,0,0,0,19
341,852,3.06667,184,100,37,0,0,0,0,0,0,0,23
342,936,3.125,200,100,39,0,0,0,0,0,0,0,25
343,1066,3.35484,208,100,36,0,0,0,0,0,0,0,26
344,856,3.11864,184,100,36,0,0,0,0,0,0,0,23
345,958,3.1746,200,100,38,0,0,0,0,0,0,0,25
346,1060,2.38806,160,100,47,0,0,0,0,0,0,0,20
347,1140,2.94118,200,100,43,0,0,0,0,0,0,0,25
348,1164,3.22388,216,100,40,0,0,0,0,0,0,0,27
349,1292,2.98507,200,100,42,0,0,0,0,0,0,0,25
350,1426,3.22388,216,100,40,0,0,0,0,0,0,0,27
351,1156,2.82353,192,100,44,0,0,0,0,0,0,0,24
352,1308,2.35294,160,100,48,0,0,0,0,0,0,0,20
353,1474,3.1746,200,100,38,0,0,0,0,0,0,0,25
354,1644,2.66667,176,100,44,0,0,0,0,0,0,0,22
355,1862,3.40984,208,100,35,0,0,0,0,0,0,0,26
356,1572,2.15873,136,100,46,0,0,0,0,0,0,0,17
357,1910,2.50746,168,100,46,0,0,0,0,0,0,0,21
358,1920,2.26866,152,100,48,0,0,0,0,0,0,0,19
359,1746,1.72308,112,100,51,0,0,0,0,0,0,0,14
360,2012,2.30303,152,100,47,0,0,0,0,0,0,0,19
361,2066,2.5,160,100,44,0,0,0,0,0,0,0,20
362,2168,3.06667,184,100,37,0,0,0,0,0,0,0,23
363,1784,2.4127,152,100,44,0,0,0,0,0,0,0,19
364,1918,3,192,100,40,0,0,0,0,0,0,0,24
365,2092,3.5,224,100,36,0,0,0,0,0,0,0,28
366,2286,3.80328,232,100,32,0,0,0,0,0,0,0,29
367,2256,3.36508,212,100,36,0,0,0,1,0,0,0,26
368,2006,3.82258,237,100,32,0,0,0,0,1,0,0,29
369,2058,3.38095,213,100,36,0,0,0,0,1,0,0,26
370,1660,3.67213,224,100,33,0,0,0,0,0,0,0,28
371,1848,3.52542,208,100,33,0,0,0,0,0,0,0,26
372,1916,4.13793,240,100,28,0,0,0,0,0,0,0,30
373,1802,3.72414,216,100,31,0,0,0,0,0,0,0,27
374,1442,3.52542,208,100,33,0,0,0,0,0,0,0,26
375,1130,4,228,100,28,0,0,0,1,0,0,0,28
376,1046,3.01754,172,100,35,0,0,0,1,0,0,0,21
377,1152,3.6129,224,100,34,0,0,0,0,0,0,0,28
378,1118,3.38983,200,100,34,0,0,0,0,0,0,0,25
379,1310,2.79365,176,100,41,0,0,0,0,0,0,0,22
380,1382,3.46667,208,100,34,0,0,0,0,0,0,0,26
381,1538,2.92063,184,100,40,0,0,0,0,0,0,0,23
382,1298,3.25,208,100,38,0,0,0,0,0,0,0,26
383,1432,3.44828,200,100,33,0,0,0,0,0,0,0,25
384,1324,3.44828,200,100,33,0,0,0,0,0,0,0,25
385,1626,4.25806,264,100,29,0,0,0,0,0,0,0,33
386,1782,3.6,216,100,33,0,0,0,0,0,0,0,27
387,1686,3.55556,224,100,35,0,0,0,0,0,0,0,28
388,1720,3.27869,200,100,36,0,0,0,0,0,0,0,25
389,2092,4,248,100,31,0,0,0,0,0,0,0,31
390,2072,4.0678,240,100,29,0,0,0,0,0,0,0,30
391,1974,4.55172,264,100,25,0,0,0,0,0,0,0,33
392,2328,4.82759,280,100,23,0,0,0,0,0,0,0,35
393,2616,4.72131,288,100,25,0,0,0,0,0,0,0,36
394,2116,4.72131,288,100,25,0,0,0,0,0,0,0,36
395,2460,4.38095,276,100,28,0,0,0,1,0,0,0,34
396,1886,4.24242,280,100,31,0,0,0,0,0,0,0,35
397,1722,4.57143,288,100,27,0,0,0,0,0,0,0,36
398,1828,4.45902,272,100,27,0,0,0,0,0,0,0,34
399,1798,4.85714,272,100,22,0,0,0,0,0,0,0,34
400,1306,4.3871,272,100,28,0,0,0,0,0,0,0,34
401,1248,4.53333,272,100,26,0,0,0,0,0,0,0,34
402,1162,4.20339,248,100,28,0,0,0,0,0,0,0,31
403,1206,4.06557,248,100,30,0,0,0,0,0,0,0,31
404,1544,4.63158,264,100,24,0,0,0,0,0,0,0,33
405,1428,4.33898,256,100,27,0,0,0,0,0,0,0,32
406,1378,4.53333,272,100,26,0,0,0,0,0,0,0,34
407,1304,4.27586,248,100,27,0,0,0,0,0,0,0,31
408,1294,4.26667,256,100,28,0,0,0,0,0,0,0,32
409,940,4.72727,260,100,22,0,0,0,1,0,0,0,32
410,864,4,236,100,29,0,0,0,1,0,0,0,29
411,1234,3.93443,240,100,31,0,0,0,0,0,0,0,30
412,1432,4.43077,288,100,29,0,0,0,0,0,0,0,36
413,1382,4.8,288,100,24,0,0,0,0,0,0,0,36
414,1078,5.01695,296,100,22,0,0,0,0,0,0,0,37
415,1240,5.2,312,100,21,0,0,0,0,0,0,0,39
416,1188,4.0678,240,100,29,0,0,0,0,0,0,0,30
417,1472,4.19048,264,100,30,0,0,0,0,0,0,0,33
418,1426,3.51515,232,100,37,0,0,0,0,0,0,0,29
419,956,4.31746,272,100,29,0,0,0,0,0,0,0,34
420,952,3,192,100,40,0,0,0,0,0,0,0,24
421,1226,4.06349,256,100,31,0,0,0,0,0,0,0,32
422,1346,4.25,272,100,30,0,0,0,0,0,0,0,34
423,1562,4.5,288,100,28,0,0,0,0,0,0,0,36
424,1604,4.30769,280,100,30,0,0,0,0,0,0,0,35
425,962,3.80952,240,100,33,0,0,0,0,0,0,0,30
426,914,3.13043,216,100,42,0,0,0,0,0,0,0,27
427,1002,2.47887,176,100,49,0,0,0,0,0,0,0,22
428,1086,2.54545,168,100,45,0,0,0,0,0,0,0,21
429,1082,2.58824,176,100,46,0,0,0,0,0,0,0,22
430,1098,2.66667,176,100,44,0,0,0,0,0,0,0,22
431,972,3.28358,220,100,39,0,0,0,1,0,0,0,27
432,990,3.27273,216,100,39,0,0,0,0,0,0,0,27
433,958,3.6129,224,100,34,0,0,0,0,0,0,0,28
434,1050,3.46667,208,100,34,0,0,0,0,0,0,0,26
435,906,3.375,216,100,37,0,0,0,0,0,0,0,27
436,948,3.52308,229,100,36,0,0,0,0,1,0,0,28
437,1114,3.58209,240,100,37,0,0,0,0,0,0,0,30
438,1208,3.56923,232,100,36,0,0,0,0,0,0,0,29
439,1228,3.41176,232,100,39,0,0,0,0,0,0,0,29
440,1180,4.24242,280,100,31,0,0,0,0,0,0,0,35
441,732,4.12121,272,100,32,0,0,0,0,0,0,0,34
442,914,3.26761,232,100,42,0,0,0,0,0,0,0,29
443,858,4.06557,248,100,30,0,0,0,0,0,0,0,31
444,924,3.75,240,100,34,0,0,0,0,0,0,0,30
445,848,2.96774,184,100,39,0,0,0,0,0,0,0,23
446,890,3.93443,240,100,31,0,0,0,0,0,0,0,30
447,880,3.66102,216,100,32,0,0,0,0,0,0,0,27
448,914,3.49296,248,100,40,0,0,0,0,0,0,0,31
449,1058,3.76471,256,100,36,0,0,0,0,0,0,0,32
450,994,3.60563,256,100,39,0,0,0,0,0,0,0,32
451,956,3.52941,240,100,38,0,0,0,0,0,0,0,30
452,862,3.13043,216,100,42,0,0,0,0,0,0,0,27
453,1002,3.75758,248,100,35,0,0,0,0,0,0,0,31
454,924,3.44615,224,100,37,0,0,0,0,0,0,0,28
455,1014,3.01449,208,100,43,0,0,0,0,0,0,0,26
456,798,2.375,152,100,45,0,0,0,0,0,0,0,19
457,886,3.05882,208,100,42,0,0,0,0,0,0,0,26
458,924,2.59155,184,100,48,0,0,0,0,0,0,0,23
459,852,2.22222,160,100,52,0,0,0,0,0,0,0,20
460,764,2.70769,176,100,43,0,0,0,0,0,0,0,22
461,890,2.58824,176,100,46,0,0,0,0,0,0,0,22
462,946,2.19178,160,100,53,0,0,0,0,0,0,0,20
463,1182,2.05714,144,100,52,0,0,0,0,0,0,0,18
464,1154,2.55556,184,100,49,0,0,0,0,0,0,0,23
465,1092,3.2,224,100,42,0,0,0,0,0,0,0,28
466,1130,3.35294,228,100,39,0,0,0,1,0,0,0,28
467,1174,3.29412,224,100,40,0,0,0,0,0,0,0,28
468,1246,3.22388,216,100,40,0,0,0,0,0,0,0,27
469,1428,3.29412,224,100,40,0,0,0,0,0,0,0,28
470,1298,3.22581,200,100,37,0,0,0,0,0,0,0,25
471,990,3.07692,200,100,40,0,0,0,0,0,0,0,25
472,1142,3.48387,216,100,35,0,0,0,0,0,0,0,27
473,1014,4.125,264,100,31,0,0,0,0,0,0,0,33
474,1228,4.31746,272,100,29,0,0,0,0,0,0,0,34
475,1232,3.74194,232,100,33,0,0,0,0,0,0,0,29
476,1310,3.81538,248,100,34,0,0,0,0,0,0,0,31
477,1312,4.51613,280,100,27,0,0,0,0,0,0,0,35
478,1384,4.67692,304,100,27,0,0,0,0,0,0,0,38
479,1448,3.9403,264,100,34,0,0,0,0,0,0,0,33
480,1610,4.12121,272,100,32,0,0,0,0,0,0,0,34
481,1842,4.18462,272,100,31,0,0,0,0,0,0,0,34
482,1484,4.35088,248,100,26,0,0,0,0,0,0,0,31
483,1762,4.98361,304,100,23,0,0,0,0,0,0,0,38
484,1516,4.53333,272,100,26,0,0,0,0,0,0,0,34
485,1800,4.51613,280,100,27,0,0,0,0,0,0,0,35
486,1824,4.3871,272,100,28,0,0,0,0,0,0,0,34
487,1690,4.27586,248,100,27,0,0,0,0,0,0,0,31
488,1940,5.33333,320,100,20,0,0,0,0,0,0,0,40
489,1774,5.61404,320,100,17,0,0,0,0,0,0,0,40
490,1906,5.77049,352,100,17,0,0,0,0,0,0,0,44
491,2036,5.46667,328,100,19,0,0,0,0,0,0,0,41
492,2236,5.48387,340,100,19,0,0,0,1,0,0,0,42
493,2030,5.52727,304,100,17,0,0,0,0,0,0,0,38
494,2020,4.59016,280,100,26,0,0,0,0,0,0,0,35
495,1956,5.33333,304,100,19,0,0,0,0,0,0,0,38
496,1838,5.47368,312,100,18,0,0,0,0,0,0,0,39
497,1468,5.43396,288,100,17,0,0,0,0,0,0,0,36
498,1822,5.85714,328,100,15,0,0,0,0,0,0,0,41
499,1852,5.24138,304,100,20,0,0,0,0,0,0,0,38
500,1706,5.12281,292,100,20,0,0,0,1,0,0,0,36
501,1844,5.48148,296,100,17,0,0,0,0,0,0,0,37
502,1940,4.63158,264,100,24,0,0,0,0,0,0,0,33
503,1592,4.91228,280,100,22,0,0,0,0,0,0,0,35
504,1636,5.01695,296,100,22,0,0,0,0,0,0,0,37
505,1706,4.77419,296,100,25,0,0,0,0,0,0,0,37
506,1504,4.66667,280,100,25,0,0,0,0,0,0,0,35
507,1612,5.07937,320,100,23,0,0,0,0,0,0,0,40
508,1404,4,264,100,33,0,0,0,0,0,0,0,33
509,1304,4.28986,296,100,32,0,0,0,0,0,0,0,37
510,1452,4.48485,296,100,29,0,0,0,0,0,0,0,37
511,1364,4.22857,296,100,33,0,0,0,0,0,0,0,37
512,1340,4.06154,264,100,32,0,0,0,0,0,0,0,33
513,1552,4.84848,320,100,26,0,0,0,0,0,0,0,40
514,1502,4.11765,280,100,33,0,0,0,0,0,0,0,35
515,1590,3.71014,256,100,37,0,0,0,0,0,0,0,32
516,1496,3.52239,236,100,37,0,0,0,1,0,0,0,29
517,1442,3.32308,216,100,38,0,0,0,0,0,0,0,27
518,1564,4.1791,280,100,32,0,0,0,0,0,0,0,35
519,1682,4.23529,288,100,32,0,0,0,0,0,0,0,36
520,1492,3.32308,216,100,38,0,0,0,0,0,0,0,27
521,1522,3.93651,248,100,32,0,0,0,0,0,0,0,31
522,1448,3.32308,216,100,38,0,0,0,0,0,0,0,27
523,1714,4.45714,312,100,31,0,0,0,0,0,0,0,39
524,1640,3.75758,248,100,35,0,0,0,0,0,0,0,31
525,1478,4.12903,256,100,30,0,0,0,0,0,0,0,32
526,1246,3.875,248,100,33,0,0,0,0,0,0,0,31
527,1550,3.87879,256,100,34,0,0,0,0,0,0,0,32
528,1474,3.75,240,100,34,0,0,0,0,0,0,0,30
529,1406,4.1791,280,100,32,0,0,0,0,0,0,0,35
530,1296,4.29851,288,100,31,0,0,0,0,0,0,0,36
531,1498,4.43077,288,100,29,0,0,0,0,0,0,0,36
532,1394,4.19048,264,100,30,0,0,0,0,0,0,0,33
533,1566,3.09677,192,100,38,0,0,0,0,0,0,0,24
534,1406,3.35484,208,100,36,0,0,0,0,0,0,0,26
535,1556,2.70769,176,100,43,0,0,0,0,0,0,0,22
536,1568,2.7541,168,100,40,0,0,0,0,0,0,0,21
537,1742,2.96774,184,100,39,0,0,0,0,0,0,0,23
538,1782,3.80328,232,100,32,0,0,0,0,0,0,0,29
539,1898,3.15152,208,100,40,0,0,0,0,0,0,0,26
540,2066,3.27273,216,100,39,0,0,0,0,0,0,0,27
541,1240,3.14286,176,100,34,0,0,0,0,0,0,0,22
542,1472,3.04762,192,100,39,0,0,0,0,0,0,0,24
543,1356,3.40984,208,100,35,0,0,0,0,0,0,0,26
544,1514,2.79365,176,100,41,0,0,0,0,0,0,0,22
545,1326,3.5,224,100,36,0,0,0,0,0,0,0,28
546,1140,4.12121,272,100,32,0,0,0,0,0,0,0,34
547,1298,3.87879,256,100,34,0,0,0,0,0,0,0,32
548,1228,3.41176,232,100,39,0,0,0,0,0,0,0,29
549,1304,3.63636,240,100,36,0,0,0,0,0,0,0,30
550,1072,4.19048,264,100,30,0,0,0,0,0,0,0,33
551,1236,4.44444,280,100,28,0,0,0,0,0,0,0,35
552,1106,3.30159,208,100,37,0,0,0,0,0,0,0,26
553,1136,3.875,248,100,33,0,0,0,0,0,0,0,31
554,1114,4,240,100,30,0,0,0,0,0,0,0,30
555,1138,4.53333,272,100,26,0,0,0,0,0,0,0,34
556,1028,5.01695,296,100,22,0,0,0,0,0,0,0,37
557,1082,3.74194,232,100,33,0,0,0,0,0,0,0,29
558,1068,4.25806,264,100,29,0,0,0,0,0,0,0,33
559,1018,5.06667,304,100,22,0,0,0,0,0,0,0,38
560,880,3.42857,216,100,36,0,0,0,0,0,0,0,27
561,904,3.625,232,100,35,0,0,0,0,0,0,0,29
562,964,4,248,100,31,0,0,0,0,0,0,0,31
563,970,2.96774,184,100,39,0,0,0,0,0,0,0,23
564,950,3.625,232,100,35,0,0,0,0,0,0,0,29
565,882,3.44615,224,100,37,0,0,0,0,0,0,0,28
566,954,4.29851,288,100,31,0,0,0,0,0,0,0,36
567,1030,3.9403,264,100,34,0,0,0,0,0,0,0,33
568,1018,4.12903,256,100,30,0,0,0,0,0,0,0,32
569,1114,3.81538,248,100,34,0,0,0,0,0,0,0,31
570,1130,3.67213,224,100,33,0,0,0,0,0,0,0,28
571,1128,4.125,264,100,31,0,0,0,0,0,0,0,33
572,1116,4.55385,296,100,28,0,0,0,0,0,0,0,37
573,1126,3.22222,232,100,43,0,0,0,0,0,0,0,29
574,1206,3.39726,248,100,42,0,0,0,0,0,0,0,31
575,1190,2.70423,192,100,47,0,0,0,0,0,0,0,24
576,1040,3.46269,232,100,38,0,0,0,0,0,0,0,29
577,916,3.34328,224,100,39,0,0,0,0,0,0,0,28
578,966,3.50685,256,100,41,0,0,0,0,0,0,0,32
579,944,3.47826,240,100,39,0,0,0,0,0,0,0,30
580,1008,2.77941,189,100,44,0,0,0,0,1,0,0,23
581,1066,3.34848,221,100,38,0,0,0,0,1,0,0,27
582,980,3.875,248,100,33,0,0,0,0,0,0,0,31
583,1010,3.125,200,100,39,0,0,0,0,0,0,0,25
584,962,4.06154,264,100,32,0,0,0,0,0,0,0,33
585,1078,3.64706,248,100,37,0,0,0,0,0,0,0,31
586,946,4,264,100,33,0,0,0,0,0,0,0,33
587,966,3.93846,256,100,33,0,0,0,0,0,0,0,32
588,1070,3.54286,248,100,39,0,0,0,0,0,0,0,31
589,982,4,272,100,34,0,0,0,0,0,0,0,34
590,928,4.28169,304,100,33,0,0,0,0,0,0,0,38
591,946,4.82609,333,100,27,0,0,0,0,1,0,0,41
592,878,4.61972,328,100,30,0,0,0,0,0,0,0,41
593,1032,4.72727,312,100,27,0,0,0,0,0,0,0,39
594,984,4,264,100,33,0,0,0,0,0,0,0,33
595,910,4.36364,288,100,30,0,0,0,0,0,0,0,36
596,1064,4.23529,288,100,32,0,0,0,0,0,0,0,36
597,1230,4.48485,296,100,29,0,0,0,0,0,0,0,37
598,1112,4.17391,288,100,33,0,0,0,0,0,0,0,36
599,1202,4.05479,296,100,36,0,0,0,0,0,0,0,37
600,1214,4.29851,288,100,31,0,0,0,0,0,0,0,36
601,1270,4.70588,320,100,28,0,0,0,0,0,0,0,40
602,1340,5.25373,352,100,23,0,0,0,0,0,0,0,44
603,1290,4.82353,328,100,27,0,0,0,0,0,0,0,41
604,1408,4.94118,336,100,26,0,0,0,0,0,0,0,42
605,1386,5.02857,352,100,26,0,0,0,0,0,0,0,44
606,1608,5.21739,360,100,24,0,0,0,0,0,0,0,45
607,1706,5.125,328,100,23,0,0,0,0,0,0,0,41
608,1372,5.25,336,100,22,0,0,0,0,0,0,0,42
609,1230,5.33333,320,100,20,0,0,0,0,0,0,0,40
610,1404,5,320,100,24,0,0,0,0,0,0,0,40
611,1460,5.37705,328,100,20,0,0,0,0,0,0,0,41
612,1418,5.41935,336,100,20,0,0,0,0,0,0,0,42
613,1542,5.26984,332,100,21,0,0,0,1,0,0,0,41
614,1348,5.15254,304,100,21,0,0,0,0,0,0,0,38
615,1262,5.37931,312,100,19,0,0,0,0,0,0,0,39
616,1244,5.73333,344,100,17,0,0,0,0,0,0,0,43
617,1322,5.54839,344,100,19,0,0,0,0,0,0,0,43
618,1240,5.2,312,100,21,0,0,0,0,0,0,0,39
619,1284,4.93333,296,100,23,0,0,0,0,0,0,0,37
620,1404,5.33333,336,100,21,0,0,0,0,0,0,0,42
621,1362,4.18462,272,100,31,0,0,0,0,0,0,0,34
622,1402,4.9697,328,100,25,0,0,0,0,0,0,0,41
623,1216,4.25,272,100,30,0,0,0,0,0,0,0,34
624,1124,4,224,100,28,0,0,0,0,0,0,0,28
625,926,3.33333,200,100,35,0,0,0,0,0,0,0,25
626,1082,4.45902,272,100,27,0,0,0,0,0,0,0,34
627,1174,4.375,280,100,29,0,0,0,0,0,0,0,35
628,1252,4.85246,296,100,24,0,0,0,0,0,0,0,37
629,1014,4.3871,272,100,28,0,0,0,0,0,0,0,34
630,1072,3.8125,244,100,33,0,0,0,1,0,0,0,30
631,1156,3.94118,268,100,34,0,0,0,1,0,0,0,33
632,1230,3.54286,248,100,39,0,0,0,0,0,0,0,31
633,1186,3.10448,208,100,41,0,0,0,0,0,0,0,26
634,1394,4.11765,280,100,33,0,0,0,0,0,0,0,35
635,1374,3.54286,248,100,39,0,0,0,0,0,0,0,31
636,1296,3.50685,256,100,41,0,0,0,0,0,0,0,32
637,1086,3.70149,248,100,36,0,0,0,0,0,0,0,31
638,1328,4.75362,328,100,28,0,0,0,0,0,0,0,41
639,1406,4.94118,336,100,26,0,0,0,0,0,0,0,42
640,1334,5.33333,336,100,21,0,0,0,0,0,0,0,42
641,1254,4.65079,293,100,26,0,0,0,0,1,0,0,36
642,1194,4.91228,280,100,22,0,0,0,0,0,0,0,35
643,1204,4.75362,328,100,28,0,0,0,0,0,0,0,41
644,1234,4.05634,288,100,35,0,0,0,0,0,0,0,36
645,1214,4.33333,312,100,33,0,0,0,0,0,0,0,39
646,1028,4.4,308,100,31,0,0,0,1,0,0,0,38
647,1200,3.71831,264,100,38,0,0,0,0,0,0,0,33
648,1254,3.77143,264,100,37,0,0,0,0,0,0,0,33
649,1248,3.83562,280,100,38,0,0,0,0,0,0,0,35
650,1326,4.44444,320,100,32,0,0,0,0,0,0,0,40
651,1282,3.56757,264,100,41,0,0,0,0,0,0,0,33
652,1416,3.38462,264,100,45,0,0,0,0,0,0,0,33
653,1294,3.13514,232,100,45,0,0,0,0,0,0,0,29
654,1396,2.77333,208,100,49,0,0,0,0,0,0,0,26
655,1662,3.15789,240,100,46,0,0,0,0,0,0,0,30
656,1616,2.85714,200,100,45,0,0,0,0,0,0,0,25
657,1880,3.13514,232,100,45,0,0,0,0,0,0,0,29
658,1482,3.2,224,100,42,0,0,0,0,0,0,0,28
659,1498,3.26316,248,100,45,0,0,0,0,0,0,0,31
660,1728,4.11765,280,100,33,0,0,0,0,0,0,0,35
661,1684,4.11765,280,100,33,0,0,0,0,0,0,0,35
662,1706,4.48485,296,100,29,0,0,0,0,0,0,0,37
663,1898,4.36364,288,100,30,0,0,0,0,0,0,0,36
664,1550,4.57143,288,100,27,0,0,0,0,0,0,0,36
665,1924,4.0597,272,100,33,0,0,0,0,0,0,0,34
666,2204,3.56923,232,100,36,0,0,0,0,0,0,0,29
667,2702,3.94203,272,100,35,0,0,0,0,0,0,0,34
668,2882,5.06667,304,100,22,0,0,0,0,0,0,0,38
669,2650,4.43077,288,100,29,0,0,0,0,0,0,0,36
670,2196,4.26667,256,100,28,0,0,0,0,0,0,0,32
671,1680,5.33333,320,100,20,0,0,0,0,0,0,0,40
672,1614,5.15254,304,100,21,0,0,0,0,0,0,0,38
673,1716,4.49123,256,100,25,0,0,0,0,0,0,0,32
674,1626,4,248,100,31,0,0,0,0,0,0,0,31
675,1940,3.59091,237,100,36,0,0,0,0,1,0,0,29
676,2420,3.95312,253,100,32,0,0,0,0,1,0,0,31
677,2408,3.94828,229,100,29,0,0,0,0,1,0,0,28
678,2802,4.70312,301,100,26,0,0,0,0,1,0,0,37
679,2972,4.5,261,100,25,0,0,0,0,1,0,0,32
680,2042,4.01818,221,100,27,0,0,0,0,1,0,0,27
681,1824,3.82258,237,100,32,0,0,0,0,1,0,0,29
682,2340,4.45902,272,100,27,0,0,0,0,0,0,0,34
683,1516,2.96721,181,100,38,0,0,0,0,1,0,0,22
684,1382,3.6129,224,100,34,0,0,0,0,0,0,0,28
685,1564,3.625,232,100,35,0,0,0,0,0,0,0,29
686,1432,3.53623,244,100,38,0,0,0,1,0,0,0,30
687,1372,3.07692,200,100,40,0,0,0,0,0,0,0,25
688,1104,3,192,100,40,0,0,0,0,0,0,0,24
689,1056,3.27273,216,100,39,0,0,0,0,0,0,0,27
690,1096,3.15493,224,100,43,0,0,0,0,0,0,0,28
691,1194,2.94118,200,100,43,0,0,0,0,0,0,0,25
692,1206,3.23529,220,100,40,0,0,0,1,0,0,0,27
693,1098,3.75758,248,100,35,0,0,0,0,0,0,0,31
694,934,3.76471,256,100,36,0,0,0,0,0,0,0,32
695,996,3.44615,224,100,37,0,0,0,0,0,0,0,28
696,928,3.56923,232,100,36,0,0,0,0,0,0,0,29
697,914,3.625,232,100,35,0,0,0,0,0,0,0,29
698,972,3.51515,232,100,37,0,0,0,0,0,0,0,29
699,1038,3.58209,240,100,37,0,0,0,0,0,0,0,30
700,946,3.42857,216,100,36,0,0,0,0,0,0,0,27
701,904,3.74194,232,100,33,0,0,0,0,0,0,0,29
702,1008,3.34328,224,100,39,0,0,0,0,0,0,0,28
703,1196,3.46269,232,100,38,0,0,0,0,0,0,0,29
704,1218,4.25,272,100,30,0,0,0,0,0,0,0,34
705,1224,3.68254,232,100,34,0,0,0,0,0,0,0,29
706,1276,3.68254,232,100,34,0,0,0,0,0,0,0,29
707,1148,3.74194,232,100,33,0,0,0,0,0,0,0,29
708,1170,4.49123,256,100,25,0,0,0,0,0,0,0,32
709,1054,3.17241,184,100,35,0,0,0,0,0,0,0,23
710,1156,4,248,100,31,0,0,0,0,0,0,0,31
711,1080,3.87097,240,100,32,0,0,0,0,0,0,0,30
712,1134,3.52941,240,100,38,0,0,0,0,0,0,0,30
713,1124,3.625,232,100,35,0,0,0,0,0,0,0,29
714,918,3.01471,205,100,42,0,0,0,0,1,0,0,25
715,1034,2.92857,205,100,44,0,0,0,0,1,0,0,25
716,1062,3.78873,269,100,37,0,0,0,0,1,0,0,33
717,1032,3.22222,232,100,43,0,0,0,0,0,0,0,29
718,1146,3.09333,232,100,46,0,0,0,0,0,0,0,29
719,1172,2.66667,184,100,46,0,0,0,0,0,0,0,23
720,1078,2.62857,184,100,47,0,0,0,0,0,0,0,23
721,1106,3.24638,224,100,41,0,0,0,0,0,0,0,28
722,1096,3,216,100,45,0,0,0,0,0,0,0,27
723,976,3.17808,232,100,44,0,0,0,0,0,0,0,29
724,1064,2.73418,216,100,52,0,0,0,0,0,0,0,27
725,1022,2.49351,192,100,53,0,0,0,0,0,0,0,24
726,1180,2.46154,192,100,54,0,0,0,0,0,0,0,24
727,1126,2.66667,192,100,48,0,0,0,0,0,0,0,24
728,1118,2.84932,208,100,47,0,0,0,0,0,0,0,26
729,898,2.31884,160,100,49,0,0,0,0,0,0,0,20
730,1140,2.24,168,100,54,0,0,0,0,0,0,0,21
731,1188,1.89474,144,100,58,0,0,0,0,0,0,0,18
732,1100,1.80282,128,100,55,0,0,0,0,0,0,0,16
733,1088,2.11111,152,100,53,0,0,0,0,0,0,0,19
734,1106,2.52055,184,100,50,0,0,0,0,0,0,0,23
735,1018,2.66216,197,100,49,0,0,0,0,1,0,0,24
736,1016,3.05882,208,100,42,0,0,0,0,0,0,0,26
737,1088,3.04225,216,100,44,0,0,0,0,0,0,0,27
738,992,3.56923,232,100,36,0,0,0,0,0,0,0,29
739,972,3.17647,216,100,41,0,0,0,0,0,0,0,27
740,1050,3.5942,248,100,38,0,0,0,0,0,0,0,31
741,1088,3.47826,240,100,39,0,0,0,0,0,0,0,30
742,1102,2.66667,192,100,48,0,0,0,0,0,0,0,24
743,1246,3.22222,232,100,43,0,0,0,0,0,0,0,29
744,1190,3.65714,256,100,38,0,0,0,0,0,0,0,32
745,1202,3.94203,272,100,35,0,0,0,0,0,0,0,34
746,1176,4.44444,280,100,28,0,0,0,0,0,0,0,35
747,936,4.375,280,100,29,0,0,0,0,0,0,0,35
748,1022,3.85714,216,100,29,0,0,0,0,0,0,0,27
749,870,4.33898,256,100,27,0,0,0,0,0,0,0,32
750,892,4.18462,272,100,31,0,0,0,0,0,0,0,34
751,994,4.29851,288,100,31,0,0,0,0,0,0,0,36
752,1034,3.95588,269,100,34,0,0,0,0,1,0,0,33
753,1146,3.01316,229,100,47,0,0,0,0,1,0,0,28
754,1182,3.22727,213,100,39,0,0,0,0,1,0,0,26
755,1136,3.47826,240,100,39,0,0,0,0,0,0,0,30
756,1296,3.38028,240,100,41,0,0,0,0,0,0,0,30
757,1282,3.69231,240,100,35,0,0,0,0,0,0,0,30
758,1160,3.34328,224,100,39,0,0,0,0,0,0,0,28
759,1192,4.18462,272,100,31,0,0,0,0,0,0,0,34
760,1204,4.1791,280,100,32,0,0,0,0,0,0,0,35
761,874,4.06349,256,100,31,0,0,0,0,0,0,0,32
762,1048,4.28986,296,100,32,0,0,0,0,0,0,0,37
763,1104,4.28986,296,100,32,0,0,0,0,0,0,0,37
764,1236,4.0137,293,100,36,0,0,0,0,1,0,0,36
765,1116,3.89231,253,100,33,0,0,0,0,1,0,0,31
766,1176,4.01493,269,100,33,0,0,0,0,1,0,0,33
767,1168,4.06944,293,100,35,0,0,0,0,1,0,0,36
768,1280,3.4507,245,100,40,0,0,0,0,1,0,0,30
769,1554,3.79452,277,100,38,0,0,0,0,1,0,0,34
770,1282,3.95714,277,100,35,0,0,0,0,1,0,0,34
771,1180,4.12676,293,100,34,0,0,0,0,1,0,0,36
772,1148,3.44444,248,100,41,0,0,0,0,0,0,0,31
773,1240,3.60563,256,100,39,0,0,0,0,0,0,0,32
774,1146,3.17808,232,100,44,0,0,0,0,0,0,0,29
775,1232,2.91892,216,100,47,0,0,0,0,0,0,0,27
776,1202,3.66667,264,100,39,0,0,0,0,0,0,0,33
777,1290,3.36232,232,100,40,0,0,0,0,0,0,0,29
778,1454,3.55556,256,100,40,0,0,0,0,0,0,0,32
779,1542,3.30667,248,100,44,0,0,0,0,0,0,0,31
780,1462,3.32895,253,100,44,0,0,0,0,1,0,0,31
781,1556,3.13043,216,100,42,0,0,0,0,0,0,0,27
782,1788,3.04225,216,100,44,0,0,0,0,0,0,0,27
783,1338,3.2,208,100,39,0,0,0,0,0,0,0,26
784,1156,3.2,208,100,39,0,0,0,0,0,0,0,26
785,1476,2.66667,184,100,46,0,0,0,0,0,0,0,23
786,1704,3.24638,224,100,41,0,0,0,0,0,0,0,28
787,1714,3.70149,248,100,36,0,0,0,0,0,0,0,31
788,1392,3.2,208,100,39,0,0,0,0,0,0,0,26
789,1522,3.30159,208,100,37,0,0,0,0,0,0,0,26
790,1698,3.93651,248,100,32,0,0,0,0,0,0,0,31
791,1826,3.5,224,100,36,0,0,0,0,0,0,0,28
792,2144,3.05882,208,100,42,0,0,0,0,0,0,0,26
793,2050,3.0303,200,100,41,0,0,0,0,0,0,0,25
794,2260,3.25,208,100,38,0,0,0,0,0,0,0,26
795,1934,3.67213,224,100,33,0,0,0,0,0,0,0,28
796,2252,3.27273,216,100,39,0,0,0,0,0,0,0,27
797,2204,3.52542,208,100,33,0,0,0,0,0,0,0,26
798,2106,3.14754,192,100,37,0,0,0,0,0,0,0,24
799,2352,3.54098,216,100,34,0,0,0,0,0,0,0,27
800,2364,3.48387,216,100,35,0,0,0,0,0,0,0,27
801,1652,3.54098,216,100,34,0,0,0,0,0,0,0,27
802,1716,3.28571,184,100,33,0,0,0,0,0,0,0,23
803,1816,3.17241,184,100,35,0,0,0,0,0,0,0,23
804,1984,2.98305,176,100,37,0,0,0,0,0,0,0,22
805,1666,3.27869,200,100,36,0,0,0,0,0,0,0,25
806,1736,4.12903,256,100,30,0,0,0,0,0,0,0,32
807,1106,4.14815,224,100,26,0,0,0,0,0,0,0,28
808,1230,3.36842,192,100,33,0,0,0,0,0,0,0,24
809,1392,3.48387,216,100,34,0,0,0,2,0,0,0,26
810,976,3.38983,200,100,34,0,0,0,0,0,0,0,25
811,1140,2.96774,184,100,39,0,0,0,0,0,0,0,23
812,1216,3.01639,184,100,38,0,0,0,0,0,0,0,23
813,1338,3.25424,192,100,35,0,0,0,0,0,0,0,24
814,1270,3.625,232,100,35,0,0,0,0,0,0,0,29
815,1382,2.97143,208,100,44,0,0,0,0,0,0,0,26
816,1362,2.41538,157,100,45,0,0,0,0,1,0,0,19
817,1592,2.95312,189,100,40,0,0,0,0,1,0,0,23
818,1600,3.52941,240,100,38,0,0,0,0,0,0,0,30
819,1348,3.1746,200,100,38,0,0,0,0,0,0,0,25
820,1112,3.22388,216,100,40,0,0,0,0,0,0,0,27
821,1192,4,256,100,32,0,0,0,0,0,0,0,32
822,1092,4.25373,285,100,31,0,0,0,0,1,0,0,35
823,1102,4.25,272,100,30,0,0,0,0,0,0,0,34
824,1132,3.93846,256,100,33,0,0,0,0,0,0,0,32
825,1276,4.41791,296,100,30,0,0,0,0,0,0,0,37
826,1394,4.43077,288,100,29,0,0,0,0,0,0,0,36
827,1468,4.85246,296,100,24,0,0,0,0,0,0,0,37
828,1412,4.88136,288,100,23,0,0,0,0,0,0,0,36
829,1340,5.2,312,100,21,0,0,0,0,0,0,0,39
830,1052,3.68254,232,100,34,0,0,0,0,0,0,0,29
831,1116,4.55172,264,100,25,0,0,0,0,0,0,0,33
832,1446,4.43077,288,100,29,0,0,0,0,0,0,0,36
833,1436,4.63158,264,100,24,0,0,0,0,0,0,0,33
834,1244,3.93651,248,100,32,0,0,0,0,0,0,0,31
835,1158,3.63636,240,100,36,0,0,0,0,0,0,0,30
836,1188,3.48387,216,100,35,0,0,0,0,0,0,0,27
837,1260,3.24638,224,100,41,0,0,0,0,0,0,0,28
838,1234,3.27273,216,100,39,0,0,0,0,0,0,0,27
839,1282,3.34328,224,100,39,0,0,0,0,0,0,0,28
840,1136,3.0303,200,100,41,0,0,0,0,0,0,0,25
841,1068,2.70769,176,100,43,0,0,0,0,0,0,0,22
842,1122,2.66667,176,100,44,0,0,0,0,0,0,0,22
843,1112,3.01449,208,100,43,0,0,0,0,0,0,0,26
844,1130,3.46269,232,100,38,0,0,0,0,0,0,0,29
845,1246,3.36232,232,100,40,0,0,0,0,0,0,0,29
846,1296,2.97101,205,100,43,0,0,0,0,1,0,0,25
847,1200,3.0303,200,100,41,0,0,0,0,0,0,0,25
848,1216,3.34328,224,100,39,0,0,0,0,0,0,0,28
849,1106,3.29412,224,100,40,0,0,0,0,0,0,0,28
850,968,3.11111,224,100,44,0,0,0,0,0,0,0,28
851,1052,3.89189,288,100,38,0,0,0,0,0,0,0,36
852,1160,4.49315,328,100,32,0,0,0,0,0,0,0,41
853,1306,4.33333,312,100,33,0,0,0,0,0,0,0,39
854,1140,4.55556,328,100,31,0,0,0,0,0,0,0,41
855,1070,5.07042,360,100,26,0,0,0,0,0,0,0,45
856,1086,5.29577,376,100,24,0,0,0,0,0,0,0,47
857,1296,4.50704,320,100,31,0,0,0,0,0,0,0,40
858,1458,4.33333,312,100,33,0,0,0,0,0,0,0,39
859,1430,4.32432,320,100,34,0,0,0,0,0,0,0,40
860,1444,4.16438,304,100,35,0,0,0,0,0,0,0,38
861,1074,4,280,100,35,0,0,0,0,0,0,0,35
862,1092,4.22857,296,100,33,0,0,0,0,0,0,0,37
863,1082,3.78378,280,100,39,0,0,0,0,0,0,0,35
864,1188,3.62667,272,100,41,0,0,0,0,0,0,0,34
865,1154,3.46269,232,100,38,0,0,0,0,0,0,0,29
866,1160,3.42857,240,100,40,0,0,0,0,0,0,0,30
867,1234,3.61644,264,100,40,0,0,0,0,0,0,0,33
868,1102,3.35135,248,100,43,0,0,0,0,0,0,0,31
869,1012,3.35135,248,100,43,0,0,0,0,0,0,0,31
870,968,3.83562,280,100,38,0,0,0,0,0,0,0,35
871,1116,4,296,100,37,0,0,0,0,0,0,0,37
872,1168,4.27397,312,100,34,0,0,0,0,0,0,0,39
873,1334,4.50704,320,100,31,0,0,0,0,0,0,0,40
874,1078,4.63768,320,100,29,0,0,0,0,0,0,0,40
875,1126,4.45714,312,100,31,0,0,0,0,0,0,0,39
876,1062,4.70588,320,100,28,0,0,0,0,0,0,0,40
877,1016,4.29851,288,100,31,0,0,0,0,0,0,0,36
878,1140,4,280,100,35,0,0,0,0,0,0,0,35
879,1246,4.66667,336,100,30,0,0,0,0,0,0,0,42
880,980,4.60606,304,100,28,0,0,0,0,0,0,0,38
881,958,3.42857,240,100,40,0,0,0,0,0,0,0,30
882,1094,4.33333,312,100,33,0,0,0,0,0,0,0,39
883,1164,4.34286,304,100,32,0,0,0,0,0,0,0,38
884,1166,4.60606,304,100,28,0,0,0,0,0,0,0,38
885,1058,3.29412,224,100,40,0,0,0,0,0,0,0,28
886,1184,3.38028,240,100,41,0,0,0,0,0,0,0,30
887,1238,3.38028,240,100,41,0,0,0,0,0,0,0,30
888,1288,3.09459,229,100,45,0,0,0,0,1,0,0,28
889,1490,3.2,224,100,42,0,0,0,0,0,0,0,28
890,1414,2.9589,216,100,46,0,0,0,0,0,0,0,27
891,1042,3.0303,200,100,41,0,0,0,0,0,0,0,25
892,902,2.92063,184,100,40,0,0,0,0,0,0,0,23
893,1034,3.44615,224,100,37,0,0,0,0,0,0,0,28
894,1230,2.95385,192,100,41,0,0,0,0,0,0,0,24
895,1244,3.5,224,100,36,0,0,0,0,0,0,0,28
896,1312,3.1746,200,100,38,0,0,0,0,0,0,0,25
897,1136,3.04762,192,100,39,0,0,0,0,0,0,0,24
898,1398,3.51515,232,100,37,0,0,0,0,0,0,0,29
899,1460,3.87879,256,100,34,0,0,0,0,0,0,0,32
900,1544,2.86567,192,100,43,0,0,0,0,0,0,0,24
901,1382,2.875,184,100,41,0,0,0,0,0,0,0,23
902,1458,3.48387,216,100,35,0,0,0,0,0,0,0,27
903,1714,4.06557,248,100,30,0,0,0,0,0,0,0,31
904,1842,3.48387,216,100,35,0,0,0,0,0,0,0,27
905,1842,3.6129,224,100,34,0,0,0,0,0,0,0,28
906,2062,3.86667,232,100,31,0,0,0,0,0,0,0,29
907,2014,4.25806,264,100,29,0,0,0,0,0,0,0,33
908,1966,4.36364,240,100,25,0,0,0,0,0,0,0,30
909,1754,3.72414,216,100,31,0,0,0,0,0,0,0,27
910,2268,4.30769,280,100,30,0,0,0,0,0,0,0,35
911,2174,4.375,280,100,29,0,0,0,0,0,0,0,35
912,2240,3.67213,224,100,33,0,0,0,0,0,0,0,28
913,2202,3.68254,232,100,34,0,0,0,0,0,0,0,29
914,2162,4.45902,272,100,27,0,0,0,0,0,0,0,34
915,2384,4.875,312,100,25,0,0,0,0,0,0,0,39
916,1556,5.28814,312,100,20,0,0,0,0,0,0,0,39
917,1608,5.86667,352,100,16,0,0,0,0,0,0,0,44
918,1368,5.93548,368,100,16,0,0,0,0,0,0,0,46
919,1660,5.07937,320,100,23,0,0,0,0,0,0,0,40
920,1610,5,280,100,21,0,0,0,0,0,0,0,35
921,1536,4.69841,296,100,26,0,0,0,0,0,0,0,37
922,1674,4.20339,248,100,28,0,0,0,0,0,0,0,31
923,1782,5.19672,317,100,21,0,0,0,0,1,0,0,39
924,1534,4.43939,293,100,29,0,0,0,0,1,0,0,36
925,1580,4.77778,301,100,25,0,0,0,0,1,0,0,37
926,1202,4.54098,277,100,26,0,0,0,0,1,0,0,34
927,1374,4.59677,285,100,26,0,0,0,0,1,0,0,35
928,1426,4.26984,269,100,29,0,0,0,0,1,0,0,33
929,1664,4.06154,264,100,32,0,0,0,0,0,0,0,33
930,1726,3.15152,208,100,40,0,0,0,0,0,0,0,26
931,1518,2.73913,189,100,45,0,0,0,0,1,0,0,23
932,1412,3.14754,192,100,37,0,0,0,0,0,0,0,24
933,1466,3.56923,232,100,36,0,0,0,0,0,0,0,29
934,1316,3.375,216,100,37,0,0,0,0,0,0,0,27
935,1196,3.5,224,100,36,0,0,0,0,0,0,0,28
936,1298,3.125,200,100,39,0,0,0,0,0,0,0,25
937,1404,3.6,216,100,33,0,0,0,0,0,0,0,27
938,1488,2.75,176,100,42,0,0,0,0,0,0,0,22
939,1472,2.4,168,100,49,0,0,0,0,0,0,0,21
940,1278,2.35294,160,100,48,0,0,0,0,0,0,0,20
941,1318,2.28571,144,100,45,0,0,0,0,0,0,0,18
942,1330,1.69697,112,100,52,0,0,0,0,0,0,0,14
943,1388,1.69697,112,100,52,0,0,0,0,0,0,0,14
944,1512,2.38806,160,100,47,0,0,0,0,0,0,0,20
945,1288,1.875,120,100,49,0,0,0,0,0,0,0,15
946,1314,2.125,136,100,47,0,0,0,0,0,0,0,17
947,1422,2.58065,160,100,42,0,0,0,0,0,0,0,20
948,1354,2.33846,152,100,46,0,0,0,0,0,0,0,19
949,1376,1.66667,120,100,57,0,0,0,0,0,0,0,15
950,1242,1.64384,120,100,58,0,0,0,0,0,0,0,15
951,1002,1.71429,120,100,55,0,0,0,0,0,0,0,15
952,1006,1.71429,120,100,55,0,0,0,0,0,0,0,15
953,1084,2.06061,136,100,49,0,0,0,0,0,0,0,17
954,1176,2.02817,144,100,53,0,0,0,0,0,0,0,18
955,1050,2.11765,144,100,50,0,0,0,0,0,0,0,18
956,1218,3.31429,232,100,41,0,0,0,0,0,0,0,29
957,1080,3.2,224,100,42,0,0,0,0,0,0,0,28
958,968,3.625,261,100,39,0,0,0,0,1,0,0,32
959,1168,3.94366,280,100,36,0,0,0,0,0,0,0,35
960,936,3.6129,224,100,34,0,0,0,0,0,0,0,28
961,942,2.83077,184,100,42,0,0,0,0,0,0,0,23
962,1082,3.22388,216,100,40,0,0,0,0,0,0,0,27
963,950,2.95385,192,100,41,0,0,0,0,0,0,0,24
964,1136,2.90909,192,100,42,0,0,0,0,0,0,0,24
965,1180,2.70769,176,100,43,0,0,0,0,0,0,0,22
966,1078,2.70588,184,100,45,0,0,0,0,0,0,0,23
967,1042,2.54545,168,100,45,0,0,0,0,0,0,0,21
968,1136,2.55072,176,100,47,0,0,0,0,0,0,0,22
969,1188,2.89855,200,100,44,0,0,0,0,0,0,0,25
970,1036,2.86567,192,100,43,0,0,0,0,0,0,0,24
971,1156,2.43478,168,100,48,0,0,0,0,0,0,0,21
972,1174,1.85507,128,100,53,0,0,0,0,0,0,0,16
973,1036,2.53968,160,100,43,0,0,0,0,0,0,0,20
974,1202,2.86567,192,100,43,0,0,0,0,0,0,0,24
975,1280,2.78261,192,100,45,0,0,0,0,0,0,0,24
976,1158,2.95385,192,100,41,0,0,0,0,0,0,0,24
977,1200,3.69231,240,100,35,0,0,0,0,0,0,0,30
978,1172,3.93846,256,100,33,0,0,0,0,0,0,0,32
979,1250,3.64706,248,100,37,0,0,0,0,0,0,0,31
980,1096,3.25,208,100,38,0,0,0,0,0,0,0,26
981,1224,3.56923,232,100,36,0,0,0,0,0,0,0,29
982,1108,3.29412,224,100,40,0,0,0,0,0,0,0,28
983,1012,3.2,208,100,39,0,0,0,0,0,0,0,26
984,1164,3.625,232,100,35,0,0,0,0,0,0,0,29
985,954,3.33333,200,100,35,0,0,0,0,0,0,0,25
986,1044,2.21538,144,100,47,0,0,0,0,0,0,0,18
987,1116,2.90909,192,100,42,0,0,0,0,0,0,0,24
988,1214,2.78788,184,100,43,0,0,0,0,0,0,0,23
989,1110,2.46154,160,100,45,0,0,0,0,0,0,0,20
990,1234,2.03175,128,100,47,0,0,0,0,0,0,0,16
991,1194,1.93548,120,100,47,0,0,0,0,0,0,0,15
992,1164,3,192,100,40,0,0,0,0,0,0,0,24
993,1256,3,192,100,40,0,0,0,0,0,0,0,24
994,1204,2.79365,176,100,41,0,0,0,0,0,0,0,22
995,1120,2.46154,160,100,45,0,0,0,0,0,0,0,20
996,1274,3.25,208,100,38,0,0,0,0,0,0,0,26
997,1264,3.80328,232,100,32,0,0,0,0,0,0,0,29
998,1248,3.74194,232,100,33,0,0,0,0,0,0,0,29
999,1236,4.26667,256,100,28,0,0,0,0,0,0,0,32
