update,points,mean_tasks,total_tasks,total_orgs,task_0,task_1,task_2,task_3,task_4,task_5,task_6,task_7,task_8
0,0,nan,0,9,0,0,0,0,0,0,0,0,0
1,4,0,0,9,1,0,0,0,0,0,0,0,0
2,18,2.66667,8,10,2,0,0,0,0,0,0,0,1
3,32,5.33333,16,11,1,0,0,0,0,0,0,0,2
4,46,6,24,12,1,0,0,0,0,0,0,0,3
5,40,4.8,24,12,2,0,0,0,0,0,0,0,3
6,40,8,40,14,0,0,0,0,0,0,0,0,5
7,50,8,32,14,0,0,0,0,0,0,0,0,4
8,14,6.4,32,14,1,0,0,0,0,0,0,0,4
9,38,8,48,15,0,0,0,0,0,0,0,0,6
10,52,6.85714,48,15,1,0,0,0,0,0,0,0,6
11,32,6,48,15,2,0,0,0,0,0,0,0,6
12,32,6,48,15,2,0,0,0,0,0,0,0,6
13,46,5.33333,48,15,3,0,0,0,0,0,0,0,6
14,54,7.11111,64,16,1,0,0,0,0,0,0,0,8
15,56,6.22222,56,16,2,0,0,0,0,0,0,0,7
16,50,6.4,64,17,2,0,0,0,0,0,0,0,8
17,64,5.81818,64,18,3,0,0,0,0,0,0,0,8
18,70,4.36364,48,18,5,0,0,0,0,0,0,0,6
19,84,3.63636,40,19,6,0,0,0,0,0,0,0,5
20,72,3.07692,40,19,8,0,0,0,0,0,0,0,5
21,82,3.69231,48,19,7,0,0,0,0,0,0,0,6
22,96,4,56,20,7,0,0,0,0,0,0,0,7
23,124,4.30769,56,21,6,0,0,0,0,0,0,0,7
24,110,3.5,56,22,9,0,0,0,0,0,0,0,7
25,136,4.23529,72,24,8,0,0,0,0,0,0,0,9
26,144,3.78947,72,24,10,0,0,0,0,0,0,0,9
27,152,4.88889,88,25,7,0,0,0,0,0,0,0,11
28,172,4,80,26,10,0,0,0,0,0,0,0,10
29,166,4,80,26,10,0,0,0,0,0,0,0,10
30,202,4.63158,88,26,8,0,0,0,0,0,0,0,11
31,180,4.4,88,28,9,0,0,0,0,0,0,0,11
32,202,4.19048,88,29,10,0,0,0,0,0,0,0,11
33,186,4.36364,96,32,10,0,0,0,0,0,0,0,12
34,244,4,96,34,12,0,0,0,0,0,0,0,12
35,242,3.25926,88,36,16,0,0,0,0,0,0,0,11
36,246,3.69231,96,37,14,0,0,0,0,0,0,0,12
37,242,3.71429,104,39,15,0,0,0,0,0,0,0,13
38,280,3.09677,96,42,19,0,0,0,0,0,0,0,12
39,286,3.63636,120,46,18,0,0,0,0,0,0,0,15
40,286,3.29412,112,48,20,0,0,0,0,0,0,0,14
41,378,4,152,51,19,0,0,0,0,0,0,0,19
42,436,4.66667,168,53,15,0,0,0,0,0,0,0,21
43,398,4.19048,176,54,20,0,0,0,0,0,0,0,22
44,466,4.09756,168,57,20,0,0,0,0,0,0,0,21
45,520,3.57447,168,60,26,0,0,0,0,0,0,0,21
46,560,4.08889,184,63,22,0,0,0,0,0,0,0,23
47,568,3.59184,176,66,27,0,0,0,0,0,0,0,22
48,604,3.42857,192,68,32,0,0,0,0,0,0,0,24
49,668,3.77358,200,69,28,0,0,0,0,0,0,0,25
50,592,3.34545,184,70,32,0,0,0,0,0,0,0,23
51,660,4.14286,232,70,27,0,0,0,0,0,0,0,29
52,726,3.73333,224,73,32,0,0,0,0,0,0,0,28
53,644,2.94737,168,75,36,0,0,0,0,0,0,0,21
54,654,3.25424,192,78,35,0,0,0,0,0,0,0,24
55,686,3.52542,208,80,33,0,0,0,0,0,0,0,26
56,816,3.1746,200,81,38,0,0,0,0,0,0,0,25
57,776,3.1746,200,83,38,0,0,0,0,0,0,0,25
58,748,2.70968,168,84,41,0,0,0,0,0,0,0,21
59,786,3.01639,184,86,38,0,0,0,0,0,0,0,23
60,860,2.94118,200,86,43,0,0,0,0,0,0,0,25
61,820,2.58065,160,87,42,0,0,0,0,0,0,0,20
62,846,2.74286,192,89,46,0,0,0,0,0,0,0,24
63,878,3.2,208,90,39,0,0,0,0,0,0,0,26
64,878,2.25352,160,90,51,0,0,0,0,0,0,0,20
65,914,2.78788,184,90,43,0,0,0,0,0,0,0,23
66,946,2.47887,176,91,49,0,0,0,0,0,0,0,22
67,1090,2.4,168,92,49,0,0,0,0,0,0,0,21
68,1002,1.94286,136,92,53,0,0,0,0,0,0,0,17
69,908,2.54545,168,92,45,0,0,0,0,0,0,0,21
70,930,2.02817,144,92,53,0,0,0,0,0,0,0,18
71,1156,2.47887,176,93,49,0,0,0,0,0,0,0,22
72,1316,2.62857,184,93,47,0,0,0,0,0,0,0,23
73,1074,2.23529,152,94,49,0,0,0,0,0,0,0,19
74,1122,3.2,208,94,39,0,0,0,0,0,0,0,26
75,1320,2.62857,184,94,47,0,0,0,0,0,0,0,23
76,1270,2.70588,184,96,45,0,0,0,0,0,0,0,23
77,1334,2.41176,164,96,47,0,0,0,1,0,0,0,20
78,1548,2.57143,180,97,47,0,0,0,1,0,0,0,22
79,980,2.63014,192,98,49,0,0,0,0,0,0,0,24
80,928,2.70423,192,98,47,0,0,0,0,0,0,0,24
81,914,2.62857,184,98,47,0,0,0,0,0,0,0,23
82,1024,2.8209,189,99,43,0,0,0,0,1,0,0,23
83,1136,2.16216,160,99,54,0,0,0,0,0,0,0,20
84,1274,2.52055,184,99,50,0,0,0,0,0,0,0,23
85,1160,2.66667,176,99,44,0,0,0,0,0,0,0,22
86,1220,2.55072,176,99,47,0,0,0,0,0,0,0,22
87,1290,2.2029,152,99,50,0,0,0,0,0,0,0,19
88,1332,2.3662,168,99,50,0,0,0,0,0,0,0,21
89,1494,2.62857,184,100,47,0,0,0,0,0,0,0,23
90,1522,2.70588,184,100,45,0,0,0,0,0,0,0,23
91,1570,2.70769,176,100,43,0,0,0,0,0,0,0,22
92,1680,3.39394,224,100,38,0,0,0,0,0,0,0,28
93,1576,2.97143,208,100,44,0,0,0,0,0,0,0,26
94,1478,3,192,100,40,0,0,0,0,0,0,0,24
95,1090,2.23529,152,100,49,0,0,0,0,0,0,0,19
96,1174,3.2,208,100,39,0,0,0,0,0,0,0,26
97,980,2.58065,160,100,42,0,0,0,0,0,0,0,20
98,988,2.25352,160,100,51,0,0,0,0,0,0,0,20
99,948,3.27869,200,100,36,0,0,0,0,0,0,0,25
100,902,3.2,192,100,36,0,0,0,0,0,0,0,24
101,918,3.10448,208,100,41,0,0,0,0,0,0,0,26
102,1092,2.74627,184,100,44,0,0,0,0,0,0,0,23
103,984,3.15152,208,100,40,0,0,0,0,0,0,0,26
104,938,3.58621,208,100,32,0,0,0,0,0,0,0,26
105,1038,3.04762,192,100,39,0,0,0,0,0,0,0,24
106,1142,3.1746,200,100,38,0,0,0,0,0,0,0,25
107,1090,3.48387,216,100,35,0,0,0,0,0,0,0,27
108,1086,3.39394,224,100,38,0,0,0,0,0,0,0,28
109,1198,4,256,100,32,0,0,0,0,0,0,0,32
110,1194,3.625,232,100,35,0,0,0,0,0,0,0,29
111,1184,4.85246,296,100,24,0,0,0,0,0,0,0,37
112,1176,3.6129,224,100,34,0,0,0,0,0,0,0,28
113,1202,4.12903,256,100,30,0,0,0,0,0,0,0,32
114,1344,3.68254,232,100,34,0,0,0,0,0,0,0,29
115,1482,3.22388,216,100,40,0,0,0,0,0,0,0,27
116,1506,4.06154,264,100,32,0,0,0,0,0,0,0,33
117,1336,3.01639,184,100,38,0,0,0,0,0,0,0,23
118,1372,3.42857,192,100,32,0,0,0,0,0,0,0,24
119,1468,3.74194,232,100,33,0,0,0,0,0,0,0,29
120,1576,4.41379,256,100,26,0,0,0,0,0,0,0,32
121,1720,4.13333,248,100,29,0,0,0,0,0,0,0,31
122,1410,3.79661,224,100,31,0,0,0,0,0,0,0,28
123,1436,4.125,264,100,31,0,0,0,0,0,0,0,33
124,1210,4.51613,280,100,27,0,0,0,0,0,0,0,35
125,1220,3.9322,232,100,30,0,0,0,0,0,0,0,29
126,1280,4,256,100,32,0,0,0,0,0,0,0,32
127,1294,3.87879,256,100,34,0,0,0,0,0,0,0,32
128,1118,4.22857,296,100,33,0,0,0,0,0,0,0,37
129,980,3.41176,232,100,39,0,0,0,0,0,0,0,29
130,1072,3.71014,256,100,37,0,0,0,0,0,0,0,32
131,1102,3.27273,216,100,39,0,0,0,0,0,0,0,27
132,990,3.74194,232,100,33,0,0,0,0,0,0,0,29
133,1094,3.27869,200,100,36,0,0,0,0,0,0,0,25
134,1230,3.38983,200,100,34,0,0,0,0,0,0,0,25
135,1376,3.58621,208,100,32,0,0,0,0,0,0,0,26
136,1516,4.33898,256,100,27,0,0,0,0,0,0,0,32
137,1360,3.78182,208,100,29,0,0,0,0,0,0,0,26
138,1220,3.45098,176,100,29,0,0,0,0,0,0,0,22
139,1470,3.33333,200,100,35,0,0,0,0,0,0,0,25
140,1520,4,232,100,29,0,0,0,0,0,0,0,29
141,986,4,224,100,28,0,0,0,0,0,0,0,28
142,882,3.66102,216,100,32,0,0,0,0,0,0,0,27
143,858,4.23529,216,100,24,0,0,0,0,0,0,0,27
144,876,4.07018,232,100,28,0,0,0,0,0,0,0,29
145,900,4,232,100,29,0,0,0,0,0,0,0,29
146,936,3.6,216,100,33,0,0,0,0,0,0,0,27
147,974,4,240,100,30,0,0,0,0,0,0,0,30
148,934,3.36842,192,100,33,0,0,0,0,0,0,0,24
149,986,3.14754,192,100,37,0,0,0,0,0,0,0,24
150,1128,2.62295,160,100,41,0,0,0,0,0,0,0,20
151,1052,3.33333,200,100,35,0,0,0,0,0,0,0,25
152,1108,3.25424,192,100,35,0,0,0,0,0,0,0,24
153,1146,3.01639,184,100,38,0,0,0,0,0,0,0,23
154,1028,3.38983,200,100,34,0,0,0,0,0,0,0,25
155,1250,3.69231,240,100,35,0,0,0,0,0,0,0,30
156,1304,4.13333,248,100,29,0,0,0,0,0,0,0,31
157,1320,3.78947,216,100,30,0,0,0,0,0,0,0,27
158,1180,3.63636,200,100,30,0,0,0,0,0,0,0,25
159,842,4.30769,224,100,24,0,0,0,0,0,0,0,28
160,1036,4.06349,256,100,31,0,0,0,0,0,0,0,32
161,1012,3.72414,216,100,31,0,0,0,0,0,0,0,27
162,1098,3.51515,232,100,37,0,0,0,0,0,0,0,29
163,1028,3.67213,224,100,33,0,0,0,0,0,0,0,28
164,964,3.6,216,100,33,0,0,0,0,0,0,0,27
165,1042,3.22727,213,100,39,0,0,0,0,1,0,0,26
166,924,3.2,192,100,36,0,0,0,0,0,0,0,24
167,1030,3.48387,216,100,35,0,0,0,0,0,0,0,27
168,1070,3.85185,208,100,28,0,0,0,0,0,0,0,26
169,1044,3.2,208,100,39,0,0,0,0,0,0,0,26
170,1050,2.98305,176,100,37,0,0,0,0,0,0,0,22
171,1046,3.17241,184,100,35,0,0,0,0,0,0,0,23
172,1130,3.25,208,100,38,0,0,0,0,0,0,0,26
173,1162,2.74627,184,100,44,0,0,0,0,0,0,0,23
174,1218,3.27273,216,100,39,0,0,0,0,0,0,0,27
175,926,2.90909,192,100,42,0,0,0,0,0,0,0,24
176,1092,3.5,224,100,36,0,0,0,0,0,0,0,28
177,806,3.03448,176,100,36,0,0,0,0,0,0,0,22
178,812,3.375,216,100,37,0,0,0,0,0,0,0,27
179,932,3.22388,216,100,40,0,0,0,0,0,0,0,27
180,878,3.15152,208,100,40,0,0,0,0,0,0,0,26
181,928,2.89855,200,100,44,0,0,0,0,0,0,0,25
182,774,3.25424,192,100,35,0,0,0,0,0,0,0,24
183,836,2.86567,192,100,43,0,0,0,0,0,0,0,24
184,832,3.27273,216,100,39,0,0,0,0,0,0,0,27
185,870,2.86567,192,100,43,0,0,0,0,0,0,0,24
186,928,2.66667,184,100,46,0,0,0,0,0,0,0,23
187,920,3.39394,224,100,38,0,0,0,0,0,0,0,28
188,944,3.38028,240,100,41,0,0,0,0,0,0,0,30
189,1064,3.17647,216,100,41,0,0,0,0,0,0,0,27
190,974,2.90909,192,100,42,0,0,0,0,0,0,0,24
191,1054,3.25,208,100,38,0,0,0,0,0,0,0,26
192,1182,2.97143,208,100,44,0,0,0,0,0,0,0,26
193,950,3.39394,224,100,38,0,0,0,0,0,0,0,28
194,934,2.86567,192,100,43,0,0,0,0,0,0,0,24
195,842,2.3662,168,100,50,0,0,0,0,0,0,0,21
196,1000,2.84211,216,100,49,0,0,0,0,0,0,0,27
197,972,2.30137,168,100,52,0,0,0,0,0,0,0,21
198,996,2.14085,152,100,52,0,0,0,0,0,0,0,19
199,1094,2.28571,160,100,50,0,0,0,0,0,0,0,20
200,1122,2.25352,160,100,51,0,0,0,0,0,0,0,20
201,1402,2.55072,176,100,47,0,0,0,0,0,0,0,22
202,1324,2.14085,152,100,52,0,0,0,0,0,0,0,19
203,1334,2.43478,168,100,48,0,0,0,0,0,0,0,21
204,1562,2.74286,192,100,46,0,0,0,0,0,0,0,24
205,1016,2.79365,176,100,41,0,0,0,0,0,0,0,22
206,1064,2.54545,168,100,45,0,0,0,0,0,0,0,21
207,1002,2.79365,176,100,41,0,0,0,0,0,0,0,22
208,1182,3.01449,208,100,43,0,0,0,0,0,0,0,26
209,1182,3.09677,192,100,38,0,0,0,0,0,0,0,24
210,1260,2.94118,200,100,43,0,0,0,0,0,0,0,25
211,960,2.89231,188,100,41,0,0,0,1,0,0,0,23
212,1092,2.7541,168,100,40,0,0,0,0,0,0,0,21
213,1240,2.82353,192,100,44,0,0,0,0,0,0,0,24
214,1164,3.30159,208,100,37,0,0,0,0,0,0,0,26
215,1306,3.01449,208,100,43,0,0,0,0,0,0,0,26
216,1092,2.82353,192,100,44,0,0,0,0,0,0,0,24
217,1160,3.05882,208,100,42,0,0,0,0,0,0,0,26
218,1318,3.52941,240,100,38,0,0,0,0,0,0,0,30
219,1458,3.54286,248,100,39,0,0,0,0,0,0,0,31
220,1558,3.41176,232,100,39,0,0,0,0,0,0,0,29
221,1796,3.41333,256,100,43,0,0,0,0,0,0,0,32
222,1698,2.59155,184,100,48,0,0,0,0,0,0,0,23
223,1522,2.66667,176,100,44,0,0,0,0,0,0,0,22
224,1666,2.55072,176,100,47,0,0,0,0,0,0,0,22
225,1238,2.38806,160,100,47,0,0,0,0,0,0,0,20
226,1360,2.70769,176,100,43,0,0,0,0,0,0,0,22
227,1478,2.94118,200,100,43,0,0,0,0,0,0,0,25
228,1642,2.98507,200,100,42,0,0,0,0,0,0,0,25
229,1508,4.0678,240,100,29,0,0,0,0,0,0,0,30
230,1632,4.12121,272,100,32,0,0,0,0,0,0,0,34
231,1524,3.75,240,100,34,0,0,0,0,0,0,0,30
232,1634,3.58209,240,100,37,0,0,0,0,0,0,0,30
233,1508,3.08571,216,100,43,0,0,0,0,0,0,0,27
234,1154,2.94118,200,100,43,0,0,0,0,0,0,0,25
235,1248,3.88571,272,100,36,0,0,0,0,0,0,0,34
236,1244,3.26761,232,100,42,0,0,0,0,0,0,0,29
237,1412,3.9403,264,100,34,0,0,0,0,0,0,0,33
238,1632,3.5942,248,100,38,0,0,0,0,0,0,0,31
239,1698,3.69231,240,100,35,0,0,0,0,0,0,0,30
240,1892,3.93443,240,100,31,0,0,0,0,0,0,0,30
241,2022,3.76923,245,100,34,0,0,0,0,1,0,0,30
242,1760,3.80952,240,100,33,0,0,0,0,0,0,0,30
243,2048,3.36232,232,100,40,0,0,0,0,0,0,0,29
244,2212,3.63636,240,100,36,0,0,0,0,0,0,0,30
245,2012,3.67213,224,100,33,0,0,0,0,0,0,0,28
246,1958,3.68254,232,100,34,0,0,0,0,0,0,0,29
247,2000,3.74194,232,100,33,0,0,0,0,0,0,0,29
248,2080,3.30159,208,100,37,0,0,0,0,0,0,0,26
249,1956,3.93651,248,100,32,0,0,0,0,0,0,0,31
250,1728,3.375,216,100,37,0,0,0,0,0,0,0,27
251,1614,3.8209,256,100,35,0,0,0,0,0,0,0,32
252,1836,3.2,208,100,39,0,0,0,0,0,0,0,26
253,2226,3.81538,248,100,34,0,0,0,0,0,0,0,31
254,2266,4.12903,256,100,30,0,0,0,0,0,0,0,32
255,2340,4.24242,280,100,31,0,0,0,0,0,0,0,35
256,2242,3.94203,272,100,35,0,0,0,0,0,0,0,34
257,2356,3.26761,232,100,42,0,0,0,0,0,0,0,29
258,2638,3.8209,256,100,35,0,0,0,0,0,0,0,32
259,2234,3.42857,240,100,40,0,0,0,0,0,0,0,30
260,2344,3.75,240,100,34,0,0,0,0,0,0,0,30
261,2166,3.375,216,100,37,0,0,0,0,0,0,0,27
262,1846,3.39394,224,100,38,0,0,0,0,0,0,0,28
263,2004,3.47826,240,100,39,0,0,0,0,0,0,0,30
264,2022,3.63636,240,100,36,0,0,0,0,0,0,0,30
265,2250,3.375,216,100,37,0,0,0,0,0,0,0,27
266,2072,3.55556,224,100,35,0,0,0,0,0,0,0,28
267,1848,2.78788,184,100,43,0,0,0,0,0,0,0,23
268,1934,2.98507,200,100,42,0,0,0,0,0,0,0,25
269,1952,3.46269,232,100,38,0,0,0,0,0,0,0,29
270,2088,3.17647,216,100,41,0,0,0,0,0,0,0,27
271,1774,2.70423,192,100,47,0,0,0,0,0,0,0,24
272,1954,2.94118,200,100,43,0,0,0,0,0,0,0,25
273,2284,3.01449,208,100,43,0,0,0,0,0,0,0,26
274,2328,3.10448,208,100,41,0,0,0,0,0,0,0,26
275,2420,3.78261,261,100,36,0,0,0,0,1,0,0,32
276,2192,3.125,200,100,39,0,0,0,0,0,0,0,25
277,1854,3.6129,224,100,34,0,0,0,0,0,0,0,28
278,2240,4,240,100,30,0,0,0,0,0,0,0,30
279,2464,4.13793,240,100,28,0,0,0,0,0,0,0,30
280,2176,2.92063,184,100,40,0,0,0,0,0,0,0,23
281,2422,2.62857,184,100,47,0,0,0,0,0,0,0,23
282,2338,2.75,176,100,42,0,0,0,0,0,0,0,22
283,2338,2.47059,168,100,47,0,0,0,0,0,0,0,21
284,2612,3.06667,184,100,37,0,0,0,0,0,0,0,23
285,2642,2.96774,184,100,39,0,0,0,0,0,0,0,23
286,2012,3,192,100,40,0,0,0,0,0,0,0,24
287,2312,2.89855,200,100,44,0,0,0,0,0,0,0,25
288,2554,3.44615,224,100,37,0,0,0,0,0,0,0,28
289,2560,3.08571,216,100,43,0,0,0,0,0,0,0,27
290,2264,2.66667,184,100,46,0,0,0,0,0,0,0,23
291,2282,2.89855,200,100,44,0,0,0,0,0,0,0,25
292,2286,3.01449,208,100,43,0,0,0,0,0,0,0,26
293,2322,3.2,224,100,42,0,0,0,0,0,0,0,28
294,2664,3.33333,240,100,42,0,0,0,0,0,0,0,30
295,2254,3.0303,200,100,41,0,0,0,0,0,0,0,25
296,2522,3.32308,216,100,38,0,0,0,0,0,0,0,27
297,1592,2.92063,184,100,40,0,0,0,0,0,0,0,23
298,1574,3.25,208,100,38,0,0,0,0,0,0,0,26
299,1630,3.38095,213,100,36,0,0,0,0,1,0,0,26
300,1598,2.78261,192,100,45,0,0,0,0,0,0,0,24
301,1808,3.34328,224,100,39,0,0,0,0,0,0,0,28
302,1766,3.29412,224,100,40,0,0,0,0,0,0,0,28
303,2072,3.25,208,100,38,0,0,0,0,0,0,0,26
304,1980,3.0303,200,100,41,0,0,0,0,0,0,0,25
305,1960,3.42857,216,100,36,0,0,0,0,0,0,0,27
306,1882,4.0678,240,100,29,0,0,0,0,0,0,0,30
307,2096,4.4,264,100,27,0,0,0,0,0,0,0,33
308,2586,4.66667,280,100,25,0,0,0,0,0,0,0,35
309,2628,3.92982,224,100,29,0,0,0,0,0,0,0,28
310,2906,3.35484,208,100,36,0,0,0,0,0,0,0,26
311,2878,3.1746,200,100,38,0,0,0,0,0,0,0,25
312,1970,3.01639,184,100,38,0,0,0,0,0,0,0,23
313,2136,3,192,100,40,0,0,0,0,0,0,0,24
314,2104,3.40984,208,100,35,0,0,0,0,0,0,0,26
315,2118,2.95385,192,100,41,0,0,0,0,0,0,0,24
316,1814,3.40984,208,100,35,0,0,0,0,0,0,0,26
317,2066,3.93846,256,100,33,0,0,0,0,0,0,0,32
318,2204,3.5,224,100,36,0,0,0,0,0,0,0,28
319,2414,3.375,216,100,37,0,0,0,0,0,0,0,27
320,2718,3.24638,224,100,41,0,0,0,0,0,0,0,28
321,2742,3.79661,224,100,31,0,0,0,0,0,0,0,28
322,2786,3.14754,192,100,37,0,0,0,0,0,0,0,24
323,2158,3.31034,192,100,34,0,0,0,0,0,0,0,24
324,1962,3.27869,200,100,36,0,0,0,0,0,0,0,25
325,2100,2.88525,176,100,39,0,0,0,0,0,0,0,22
326,1520,3.28571,184,100,33,0,0,0,0,0,0,0,23
327,1976,3.38983,200,100,34,0,0,0,0,0,0,0,25
328,1972,3.25862,189,100,34,0,0,0,0,1,0,0,23
329,1630,3.22807,184,100,34,0,0,0,0,0,0,0,23
330,1482,3.11864,184,100,36,0,0,0,0,0,0,0,23
331,1700,3.25424,192,100,35,0,0,0,0,0,0,0,24
332,1754,2.79365,176,100,41,0,0,0,0,0,0,0,22
333,2124,3.27869,200,100,36,0,0,0,0,0,0,0,25
334,1938,3.1746,200,100,38,0,0,0,0,0,0,0,25
335,1614,3.15152,208,100,40,0,0,0,0,0,0,0,26
336,1450,3.125,200,100,39,0,0,0,0,0,0,0,25
337,1640,3.5,224,100,36,0,0,0,0,0,0,0,28
338,1746,3.04762,192,100,39,0,0,0,0,0,0,0,24
339,2082,3.32308,216,100,38,0,0,0,0,0,0,0,27
340,1816,3.35484,208,100,36,0,0,0,0,0,0,0,26
341,2146,3.0303,200,100,41,0,0,0,0,0,0,0,25
342,2336,3.54098,216,100,34,0,0,0,0,0,0,0,27
343,2608,2.93333,176,100,38,0,0,0,0,0,0,0,22
344,1936,3.6,216,100,33,0,0,0,0,0,0,0,27
345,1654,3.6129,224,100,34,0,0,0,0,0,0,0,28
346,1424,3.09677,192,100,38,0,0,0,0,0,0,0,24
347,1430,3.1746,200,100,38,0,0,0,0,0,0,0,25
348,1082,2.5,160,100,44,0,0,0,0,0,0,0,20
349,1288,2.46154,160,100,45,0,0,0,0,0,0,0,20
350,1400,2.36066,144,100,43,0,0,0,0,0,0,0,18
351,1716,2.83077,184,100,42,0,0,0,0,0,0,0,23
352,1866,3.14286,176,100,34,0,0,0,0,0,0,0,22
353,1934,2.45161,152,100,43,0,0,0,0,0,0,0,19
354,1952,2.7541,168,100,40,0,0,0,0,0,0,0,21
355,2124,2.06452,128,100,46,0,0,0,0,0,0,0,16
356,1976,3.27869,200,100,36,0,0,0,0,0,0,0,25
357,2158,2.83871,176,100,40,0,0,0,0,0,0,0,22
358,2530,3.1746,200,100,38,0,0,0,0,0,0,0,25
359,2826,3.44828,200,100,33,0,0,0,0,0,0,0,25
360,2130,3.31034,192,100,34,0,0,0,0,0,0,0,24
361,1962,3.62264,192,100,29,0,0,0,0,0,0,0,24
362,2430,4.41379,256,100,26,0,0,0,0,0,0,0,32
363,2394,3.7377,228,100,32,0,0,0,1,0,0,0,28
364,1864,3.57895,204,100,31,0,0,0,1,0,0,0,25
365,1956,3.4,204,100,34,0,0,0,1,0,0,0,25
366,1364,3.2381,204,100,37,0,0,0,1,0,0,0,25
367,1724,3.16129,196,100,37,0,0,0,1,0,0,0,24
368,1922,3.11111,196,100,38,0,0,0,1,0,0,0,24
369,1808,2.46667,148,100,41,0,0,0,1,0,0,0,18
370,2048,2.86667,172,100,38,0,0,0,1,0,0,0,21
371,2146,3.21311,196,100,36,0,0,0,1,0,0,0,24
372,2014,2.32258,144,100,44,0,0,0,0,0,0,0,18
373,2468,2.74627,184,100,44,0,0,0,0,0,0,0,23
374,1784,2.62687,176,100,45,0,0,0,0,0,0,0,22
375,1734,2.92063,184,100,40,0,0,0,0,0,0,0,23
376,1592,2.92063,184,100,40,0,0,0,0,0,0,0,23
377,1962,3.55556,224,100,35,0,0,0,0,0,0,0,28
378,2418,3.80328,232,100,32,0,0,0,0,0,0,0,29
379,2822,3.81538,248,100,34,0,0,0,0,0,0,0,31
380,3002,3.69231,240,100,35,0,0,0,0,0,0,0,30
381,3106,3.87097,240,100,32,0,0,0,0,0,0,0,30
382,2956,3.625,232,100,35,0,0,0,0,0,0,0,29
383,3482,4.25806,264,100,29,0,0,0,0,0,0,0,33
384,2742,3.46667,208,100,34,0,0,0,0,0,0,0,26
385,2442,3.71014,256,100,37,0,0,0,0,0,0,0,32
386,2686,3.5942,248,100,38,0,0,0,0,0,0,0,31
387,2624,3.27143,229,100,41,0,0,0,0,1,0,0,28
388,3118,3.60294,245,100,37,0,0,0,0,1,0,0,30
389,3214,2.96774,184,100,39,0,0,0,0,0,0,0,23
390,2980,3.14754,192,100,37,0,0,0,0,0,0,0,24
391,2508,3.63636,240,100,36,0,0,0,0,0,0,0,30
392,2444,3.41176,232,100,39,0,0,0,0,0,0,0,29
393,2502,3.22388,216,100,40,0,0,0,0,0,0,0,27
394,2622,3.35135,248,100,43,0,0,0,0,0,0,0,31
395,2650,3.29412,224,100,40,0,0,0,0,0,0,0,28
396,2786,3.24324,240,100,44,0,0,0,0,0,0,0,30
397,2804,3.56923,232,100,36,0,0,0,0,0,0,0,29
398,3128,3.75,240,100,34,0,0,0,0,0,0,0,30
399,2974,3.46269,232,100,38,0,0,0,0,0,0,0,29
400,3008,4.74576,280,100,24,0,0,0,0,0,0,0,35
401,3348,4.51613,280,100,27,0,0,0,0,0,0,0,35
402,3654,4.47458,264,100,26,0,0,0,0,0,0,0,33
403,4236,4.91228,280,100,22,0,0,0,0,0,0,0,35
404,4034,3.55556,224,100,35,0,0,0,0,0,0,0,28
405,4736,4.5,288,100,28,0,0,0,0,0,0,0,36
406,4626,3.55556,224,100,35,0,0,0,0,0,0,0,28
407,4366,3.40984,208,100,35,0,0,0,0,0,0,0,26
408,4776,3.625,232,100,35,0,0,0,0,0,0,0,29
409,4806,3.78947,216,100,30,0,0,0,0,0,0,0,27
410,4696,2.92063,184,100,40,0,0,0,0,0,0,0,23
411,5058,3.07692,200,100,40,0,0,0,0,0,0,0,25
412,4690,2.875,184,100,41,0,0,0,0,0,0,0,23
413,5002,3.07692,200,100,40,0,0,0,0,0,0,0,25
414,3328,3.80328,232,100,32,0,0,0,0,0,0,0,29
415,3058,3.17647,216,100,41,0,0,0,0,0,0,0,27
416,3862,3.95588,269,100,34,0,0,0,0,1,0,0,33
417,3598,3.68333,221,100,32,0,0,0,0,1,0,0,27
418,3446,3.58621,208,100,32,0,0,0,0,0,0,0,26
419,3046,4,256,100,32,0,0,0,0,0,0,0,32
420,3188,4.13333,248,100,29,0,0,0,0,0,0,0,31
421,3246,3.5,224,100,36,0,0,0,0,0,0,0,28
422,3290,3.78947,216,100,30,0,0,0,0,0,0,0,27
423,3314,3.58209,240,100,37,0,0,0,0,0,0,0,30
424,2470,3.1746,200,100,38,0,0,0,0,0,0,0,25
425,3176,3.01449,208,100,43,0,0,0,0,0,0,0,26
426,2644,2.98507,200,100,42,0,0,0,0,0,0,0,25
427,3258,3.22388,216,100,40,0,0,0,0,0,0,0,27
428,3592,3.64615,237,100,35,0,0,0,0,1,0,0,29
429,3414,3.70312,237,100,34,0,0,0,0,1,0,0,29
430,2822,3.38095,213,100,36,0,0,0,0,1,0,0,26
431,3168,3.52308,229,100,36,0,0,0,0,1,0,0,28
432,3394,4.32812,277,100,29,0,0,0,0,1,0,0,34
433,3378,3.82812,245,100,33,0,0,0,0,1,0,0,30
434,3520,3.46269,232,100,38,0,0,0,0,0,0,0,29
435,3934,3.69231,240,100,35,0,0,0,0,0,0,0,30
436,3416,3.17647,216,100,41,0,0,0,0,0,0,0,27
437,4034,3.51515,232,100,37,0,0,0,0,0,0,0,29
438,4264,3.56923,232,100,36,0,0,0,0,0,0,0,29
439,3916,3.15152,208,100,40,0,0,0,0,0,0,0,26
440,3840,3.48387,216,100,35,0,0,0,0,0,0,0,27
441,4348,3.36232,232,100,40,0,0,0,0,0,0,0,29
442,4302,3.56923,232,100,36,0,0,0,0,0,0,0,29
443,4524,3.68254,232,100,34,0,0,0,0,0,0,0,29
444,4174,3.15152,208,100,40,0,0,0,0,0,0,0,26
445,2998,3.93443,240,100,31,0,0,0,0,0,0,0,30
446,2534,3.41176,232,100,39,0,0,0,0,0,0,0,29
447,2440,2.8169,200,100,46,0,0,0,0,0,0,0,25
448,2566,3.34328,224,100,39,0,0,0,0,0,0,0,28
449,2438,3.06849,224,100,45,0,0,0,0,0,0,0,28
450,2802,3.55556,256,100,40,0,0,0,0,0,0,0,32
451,3048,2.84932,208,100,47,0,0,0,0,0,0,0,26
452,2764,2.92958,208,100,45,0,0,0,0,0,0,0,26
453,3190,3.05882,208,100,42,0,0,0,0,0,0,0,26
454,2830,3.27273,216,100,39,0,0,0,0,0,0,0,27
455,3492,4.0678,240,100,29,0,0,0,0,0,0,0,30
456,3418,2.98507,200,100,42,0,0,0,0,0,0,0,25
457,3874,4.45902,272,100,27,0,0,0,0,0,0,0,34
458,4022,3.67213,224,100,33,0,0,0,0,0,0,0,28
459,4606,3.74194,232,100,33,0,0,0,0,0,0,0,29
460,4594,3.6129,224,100,34,0,0,0,0,0,0,0,28
461,5060,3.42857,216,100,36,0,0,0,0,0,0,0,27
462,5128,3.51515,232,100,37,0,0,0,0,0,0,0,29
463,5594,3.46269,232,100,38,0,0,0,0,0,0,0,29
464,5946,3.34328,224,100,39,0,0,0,0,0,0,0,28
465,6576,3.2,224,100,42,0,0,0,0,0,0,0,28
466,6144,3.39394,224,100,38,0,0,0,0,0,0,0,28
467,6976,3.36232,232,100,40,0,0,0,0,0,0,0,29
468,7612,3.29412,224,100,40,0,0,0,0,0,0,0,28
469,8030,3.65672,245,100,36,0,0,0,0,1,0,0,30
470,8232,3.5942,248,100,38,0,0,0,0,0,0,0,31
471,6892,3.93846,256,100,33,0,0,0,0,0,0,0,32
472,4978,3.375,216,100,37,0,0,0,0,0,0,0,27
473,4166,3.08571,216,100,43,0,0,0,0,0,0,0,27
474,4944,4.12121,272,100,32,0,0,0,0,0,0,0,34
475,4552,3.06667,184,100,37,0,0,0,0,0,0,0,23
476,5244,3.51515,232,100,37,0,0,0,0,0,0,0,29
477,5212,3.27869,200,100,36,0,0,0,0,0,0,0,25
478,5558,2.89855,200,100,44,0,0,0,0,0,0,0,25
479,5600,3.13043,216,100,42,0,0,0,0,0,0,0,27
480,5812,3.86667,232,100,31,0,0,0,0,0,0,0,29
481,6604,3.75758,248,100,35,0,0,0,0,0,0,0,31
482,5092,3.56923,232,100,36,0,0,0,0,0,0,0,29
483,5182,3.69231,240,100,35,0,0,0,0,0,0,0,30
484,5374,3.80952,240,100,33,0,0,0,0,0,0,0,30
485,5926,2.86567,192,100,43,0,0,0,0,0,0,0,24
486,3712,4.57143,288,100,27,0,0,0,0,0,0,0,36
487,3042,3.44615,224,100,37,0,0,0,0,0,0,0,28
488,3154,3.80952,240,100,33,0,0,0,0,0,0,0,30
489,3536,3.71014,256,100,37,0,0,0,0,0,0,0,32
490,3334,3.32308,216,100,38,0,0,0,0,0,0,0,27
491,3220,2.70769,176,100,43,0,0,0,0,0,0,0,22
492,3588,2.66667,176,100,44,0,0,0,0,0,0,0,22
493,2814,3.07692,200,100,40,0,0,0,0,0,0,0,25
494,2628,2.3662,168,100,50,0,0,0,0,0,0,0,21
495,3156,3.01639,184,100,38,0,0,0,0,0,0,0,23
496,3730,2.78788,184,100,43,0,0,0,0,0,0,0,23
497,3118,3.41176,232,100,39,0,0,0,0,0,0,0,29
498,2902,3.33333,200,100,35,0,0,0,0,0,0,0,25
499,2310,3.27273,216,100,39,0,0,0,0,0,0,0,27
500,2372,3.74194,232,100,33,0,0,0,0,0,0,0,29
501,2436,3.05882,208,100,42,0,0,0,0,0,0,0,26
502,2998,3.44615,224,100,37,0,0,0,0,0,0,0,28
503,3338,3.88235,264,100,35,0,0,0,0,0,0,0,33
504,3282,2.78261,192,100,45,0,0,0,0,0,0,0,24
505,3156,3.43478,237,100,39,0,0,0,0,1,0,0,29
506,3148,3.01449,208,100,43,0,0,0,0,0,0,0,26
507,3064,3.58209,240,100,37,0,0,0,0,0,0,0,30
508,4068,3.31429,232,100,41,0,0,0,0,0,0,0,29
509,3670,3.51515,232,100,37,0,0,0,0,0,0,0,29
510,4468,3.01449,208,100,43,0,0,0,0,0,0,0,26
511,4030,3.46269,232,100,38,0,0,0,0,0,0,0,29
512,4298,3.25,208,100,38,0,0,0,0,0,0,0,26
513,4774,3.46269,232,100,38,0,0,0,0,0,0,0,29
514,4780,3.24638,224,100,41,0,0,0,0,0,0,0,28
515,4976,3.56923,232,100,36,0,0,0,0,0,0,0,29
516,5420,4,248,100,31,0,0,0,0,0,0,0,31
517,4972,3.71014,256,100,37,0,0,0,0,0,0,0,32
518,4668,3.52941,240,100,38,0,0,0,0,0,0,0,30
519,4476,3.17647,216,100,41,0,0,0,0,0,0,0,27
520,4224,3.8209,256,100,35,0,0,0,0,0,0,0,32
521,4604,3.59091,237,100,36,0,0,0,0,1,0,0,29
522,4424,3.70149,248,100,36,0,0,0,0,0,0,0,31
523,4224,3.5,224,100,36,0,0,0,0,0,0,0,28
524,2994,3.51515,232,100,37,0,0,0,0,0,0,0,29
525,3576,3.58209,240,100,37,0,0,0,0,0,0,0,30
526,3578,4,256,100,32,0,0,0,0,0,0,0,32
527,3830,3.41667,205,100,34,0,0,0,0,1,0,0,25
528,3810,3.58621,208,100,32,0,0,0,0,0,0,0,26
529,3996,3.52542,208,100,33,0,0,0,0,0,0,0,26
530,3810,3.73333,224,100,32,0,0,0,0,0,0,0,28
531,3786,4.0678,240,100,29,0,0,0,0,0,0,0,30
532,3624,3.73333,224,100,32,0,0,0,0,0,0,0,28
533,2476,3.64912,208,100,31,0,0,0,0,0,0,0,26
534,2760,3.6,216,100,33,0,0,0,0,0,0,0,27
535,2496,3.72414,216,100,31,0,0,0,0,0,0,0,27
536,2716,3.46667,208,100,34,0,0,0,0,0,0,0,26
537,3046,3.74194,232,100,33,0,0,0,0,0,0,0,29
538,3242,4.375,280,100,29,0,0,0,0,0,0,0,35
539,3310,3.51515,232,100,37,0,0,0,0,0,0,0,29
540,2808,3.44615,224,100,37,0,0,0,0,0,0,0,28
541,2210,3.40984,208,100,35,0,0,0,0,0,0,0,26
542,2710,3.32308,216,100,38,0,0,0,0,0,0,0,27
543,2224,3.30159,208,100,37,0,0,0,0,0,0,0,26
544,2752,4,240,100,30,0,0,0,0,0,0,0,30
545,3408,4.19672,256,100,29,0,0,0,0,0,0,0,32
546,3758,4.21053,240,100,27,0,0,0,0,0,0,0,30
547,4170,4.77193,272,100,23,0,0,0,0,0,0,0,34
548,4612,3.61017,213,100,32,0,0,0,0,1,0,0,26
549,4058,3.40984,208,100,35,0,0,0,0,0,0,0,26
550,3850,3.74194,232,100,33,0,0,0,0,0,0,0,29
551,3684,3.54098,216,100,34,0,0,0,0,0,0,0,27
552,3396,3.67213,224,100,33,0,0,0,0,0,0,0,28
553,3522,3.80328,232,100,32,0,0,0,0,0,0,0,29
554,3072,3.46667,208,100,34,0,0,0,0,0,0,0,26
555,2894,4.45902,272,100,27,0,0,0,0,0,0,0,34
556,3170,3.81538,248,100,34,0,0,0,0,0,0,0,31
557,2494,3.86667,232,100,31,0,0,0,0,0,0,0,29
558,2596,3.75,240,100,34,0,0,0,0,0,0,0,30
559,3196,4.41379,256,100,26,0,0,0,0,0,0,0,32
560,3598,3.70149,248,100,36,0,0,0,0,0,0,0,31
561,3688,4.27586,248,100,27,0,0,0,0,0,0,0,31
562,3874,4.4,264,100,27,0,0,0,0,0,0,0,33
563,3648,4.42857,248,100,25,0,0,0,0,0,0,0,31
564,3586,3.87097,240,100,32,0,0,0,0,0,0,0,30
565,3396,4.50909,248,100,24,0,0,0,0,0,0,0,31
566,3038,4.44444,280,100,28,0,0,0,0,0,0,0,35
567,3384,4.85714,272,100,22,0,0,0,0,0,0,0,34
568,3636,4.85714,272,100,22,0,0,0,0,0,0,0,34
569,4162,4.85714,272,100,22,0,0,0,0,0,0,0,34
570,4506,4.42857,248,100,25,0,0,0,0,0,0,0,31
571,4850,4.98113,264,100,20,0,0,0,0,0,0,0,33
572,4682,4.74074,256,100,22,0,0,0,0,0,0,0,32
573,4382,5.2766,248,100,16,0,0,0,0,0,0,0,31
574,3612,5.17647,264,100,18,0,0,0,0,0,0,0,33
575,4048,4.86275,248,100,20,0,0,0,0,0,0,0,31
576,3274,4.23529,216,100,24,0,0,0,0,0,0,0,27
577,3210,4.76923,248,100,21,0,0,0,0,0,0,0,31
578,3596,4.8,264,100,22,0,0,0,0,0,0,0,33
579,4034,4.39216,224,100,23,0,0,0,0,0,0,0,28
580,4594,4.13793,240,100,28,0,0,0,0,0,0,0,30
581,4444,4.55172,264,100,25,0,0,0,0,0,0,0,33
582,4702,3.72414,216,100,31,0,0,0,0,0,0,0,27
583,4498,3.6129,224,100,34,0,0,0,0,0,0,0,28
584,4356,3.30159,208,100,37,0,0,0,0,0,0,0,26
585,4648,3.22581,200,100,37,0,0,0,0,0,0,0,25
586,3256,3.40984,208,100,35,0,0,0,0,0,0,0,26
587,3080,3.36842,192,100,33,0,0,0,0,0,0,0,24
588,2954,3.30159,208,100,37,0,0,0,0,0,0,0,26
589,2768,4,232,100,29,0,0,0,0,0,0,0,29
590,2892,3.30159,208,100,37,0,0,0,0,0,0,0,26
591,2654,3.11864,184,100,36,0,0,0,0,0,0,0,23
592,2624,3.125,200,100,39,0,0,0,0,0,0,0,25
593,2816,3.9322,232,100,30,0,0,0,0,0,0,0,29
594,3438,4,248,100,31,0,0,0,0,0,0,0,31
595,4192,4.32787,264,100,28,0,0,0,0,0,0,0,33
596,4512,3.80328,232,100,32,0,0,0,0,0,0,0,29
597,5004,3.95161,245,100,31,0,0,0,0,1,0,0,30
598,4898,3.75,240,100,34,0,0,0,0,0,0,0,30
599,4284,3.54098,216,100,34,0,0,0,0,0,0,0,27
600,4728,4.33898,256,100,27,0,0,0,0,0,0,0,32
601,4762,4.59259,248,100,23,0,0,0,0,0,0,0,31
602,4670,4.27586,248,100,27,0,0,0,0,0,0,0,31
603,3792,4,216,100,27,0,0,0,0,0,0,0,27
604,4434,3.93443,240,100,31,0,0,0,0,0,0,0,30
605,4370,3.58621,208,100,32,0,0,0,0,0,0,0,26
606,4422,3.54098,216,100,34,0,0,0,0,0,0,0,27
607,4602,4.66667,280,100,25,0,0,0,0,0,0,0,35
608,4902,4.47458,264,100,26,0,0,0,0,0,0,0,33
609,3216,4.21053,240,100,27,0,0,0,0,0,0,0,30
610,3120,4.30769,224,100,24,0,0,0,0,0,0,0,28
611,3130,4.14815,224,100,26,0,0,0,0,0,0,0,28
612,3560,4.44444,240,100,24,0,0,0,0,0,0,0,30
613,4338,4.53333,272,100,26,0,0,0,0,0,0,0,34
614,3832,4.88889,264,100,21,0,0,0,0,0,0,0,33
615,3590,3.66102,216,100,32,0,0,0,0,0,0,0,27
616,3452,3.93443,240,100,31,0,0,0,0,0,0,0,30
617,2864,2.8,168,100,39,0,0,0,0,0,0,0,21
618,2696,3.31034,192,100,34,0,0,0,0,0,0,0,24
619,2486,2.83871,176,100,40,0,0,0,0,0,0,0,22
620,3080,4.13793,240,100,28,0,0,0,0,0,0,0,30
621,2670,3.78947,216,100,30,0,0,0,0,0,0,0,27
622,3494,3.9322,232,100,30,0,0,0,0,0,0,0,29
623,2778,3.40984,208,100,35,0,0,0,0,0,0,0,26
624,2414,3.87097,240,100,32,0,0,0,0,0,0,0,30
625,1974,3.33333,200,100,35,0,0,0,0,0,0,0,25
626,2378,3.27869,200,100,36,0,0,0,0,0,0,0,25
627,2198,3.64912,208,100,31,0,0,0,0,0,0,0,26
628,2252,3.01639,184,100,38,0,0,0,0,0,0,0,23
629,2134,3.2,192,100,36,0,0,0,0,0,0,0,24
630,2530,3.5,224,100,36,0,0,0,0,0,0,0,28
631,2932,3.67213,224,100,33,0,0,0,0,0,0,0,28
632,3058,3.54098,216,100,34,0,0,0,0,0,0,0,27
633,3020,3.79661,224,100,31,0,0,0,0,0,0,0,28
634,3152,4.49123,256,100,25,0,0,0,0,0,0,0,32
635,3726,4.53333,272,100,26,0,0,0,0,0,0,0,34
636,4184,4.13333,248,100,29,0,0,0,0,0,0,0,31
637,4316,3.73333,224,100,32,0,0,0,0,0,0,0,28
638,3818,3.92982,224,100,29,0,0,0,0,0,0,0,28
639,2932,3.11864,184,100,36,0,0,0,0,0,0,0,23
640,2382,3.25926,176,100,32,0,0,0,0,0,0,0,22
641,2578,2.93333,176,100,38,0,0,0,0,0,0,0,22
642,3038,2.98305,176,100,37,0,0,0,0,0,0,0,22
643,3280,2.66667,152,100,38,0,0,0,0,0,0,0,19
644,2918,3.14286,176,100,34,0,0,0,0,0,0,0,22
645,3310,3.92157,200,100,26,0,0,0,0,0,0,0,25
646,3452,3.63636,200,100,30,0,0,0,0,0,0,0,25
647,3622,4.28571,240,100,26,0,0,0,0,0,0,0,30
648,3168,3.79661,224,100,31,0,0,0,0,0,0,0,28
649,3454,3.42857,216,100,36,0,0,0,0,0,0,0,27
650,3538,3.2,192,100,36,0,0,0,0,0,0,0,24
651,3136,2.84746,168,100,38,0,0,0,0,0,0,0,21
652,2992,3.64912,208,100,31,0,0,0,0,0,0,0,26
653,3432,3.85185,208,100,28,0,0,0,0,0,0,0,26
654,3220,4.13333,248,100,29,0,0,0,0,0,0,0,31
655,2866,3.7037,200,100,29,0,0,0,0,0,0,0,25
656,2278,4.13333,248,100,29,0,0,0,0,0,0,0,31
657,2650,4.36364,240,100,25,0,0,0,0,0,0,0,30
658,2870,3.93443,240,100,31,0,0,0,0,0,0,0,30
659,3458,3.78947,216,100,30,0,0,0,0,0,0,0,27
660,3142,3.64912,208,100,31,0,0,0,0,0,0,0,26
661,3608,3.31034,192,100,34,0,0,0,0,0,0,0,24
662,2482,3.7037,200,100,29,0,0,0,0,0,0,0,25
663,2914,3.85714,216,100,29,0,0,0,0,0,0,0,27
664,3060,3.63636,200,100,30,0,0,0,0,0,0,0,25
665,2786,3.78947,216,100,30,0,0,0,0,0,0,0,27
666,2680,3.7037,200,100,29,0,0,0,0,0,0,0,25
667,2588,4.46154,232,100,23,0,0,0,0,0,0,0,29
668,2286,3.22807,184,100,34,0,0,0,0,0,0,0,23
669,2468,3.22807,184,100,34,0,0,0,0,0,0,0,23
670,2704,3.40741,184,100,31,0,0,0,0,0,0,0,23
671,2320,3.55556,192,100,30,0,0,0,0,0,0,0,24
672,2438,3.50877,200,100,32,0,0,0,0,0,0,0,25
673,2480,3.44828,200,100,33,0,0,0,0,0,0,0,25
674,2468,2.89655,168,100,37,0,0,0,0,0,0,0,21
675,3132,3.67213,224,100,33,0,0,0,0,0,0,0,28
676,3570,4.07547,216,100,26,0,0,0,0,0,0,0,27
677,3662,3.78182,208,100,29,0,0,0,0,0,0,0,26
678,4692,3.46667,208,100,34,0,0,0,0,0,0,0,26
679,4416,3.85714,216,100,29,0,0,0,0,0,0,0,27
680,3754,3.55556,192,100,30,0,0,0,0,0,0,0,24
681,3218,3.54098,216,100,34,0,0,0,0,0,0,0,27
682,3292,3.66102,216,100,32,0,0,0,0,0,0,0,27
683,3142,3.38983,200,100,34,0,0,0,0,0,0,0,25
684,3696,3.78947,216,100,30,0,0,0,0,0,0,0,27
685,3180,3.14286,176,100,34,0,0,0,0,0,0,0,22
686,3220,2.84746,168,100,38,0,0,0,0,0,0,0,21
687,2740,2.83871,176,100,40,0,0,0,0,0,0,0,22
688,2906,2.8,168,100,39,0,0,0,0,0,0,0,21
689,2716,2.61667,157,100,40,0,0,0,0,1,0,0,19
690,2714,2.66102,157,100,39,0,0,0,0,1,0,0,19
691,2908,2.84746,168,100,38,0,0,0,0,0,0,0,21
692,1752,3.03448,176,100,36,0,0,0,0,0,0,0,22
693,2314,3.5,224,100,36,0,0,0,0,0,0,0,28
694,2592,3.30159,208,100,37,0,0,0,0,0,0,0,26
695,2696,4.13333,248,100,29,0,0,0,0,0,0,0,31
696,3040,4.33898,256,100,27,0,0,0,0,0,0,0,32
697,2950,4.13333,248,100,29,0,0,0,0,0,0,0,31
698,3154,4.55932,269,100,25,0,0,0,0,1,0,0,33
699,3450,4.66667,280,100,25,0,0,0,0,0,0,0,35
700,3682,4.47458,264,100,26,0,0,0,0,0,0,0,33
701,3918,4.49123,256,100,25,0,0,0,0,0,0,0,32
702,4656,4.49123,256,100,25,0,0,0,0,0,0,0,32
703,4870,4.8,264,100,22,0,0,0,0,0,0,0,33
704,4314,5.44,272,100,16,0,0,0,0,0,0,0,34
705,4826,4.74074,256,100,22,0,0,0,0,0,0,0,32
706,3494,4.88889,264,100,21,0,0,0,0,0,0,0,33
707,3494,4.14286,232,100,27,0,0,0,0,0,0,0,29
708,3736,4.37736,232,100,24,0,0,0,0,0,0,0,29
709,4136,4.07843,208,100,25,0,0,0,0,0,0,0,26
710,4214,3.7037,200,100,29,0,0,0,0,0,0,0,25
711,3468,3.52,176,100,28,0,0,0,0,0,0,0,22
712,4586,4.46154,232,100,23,0,0,0,0,0,0,0,29
713,4466,3.46667,208,100,34,0,0,0,0,0,0,0,26
714,5116,3.6129,224,100,34,0,0,0,0,0,0,0,28
715,4682,2.79365,176,100,41,0,0,0,0,0,0,0,22
716,4908,3.80952,240,100,33,0,0,0,0,0,0,0,30
717,4246,3.22581,200,100,37,0,0,0,0,0,0,0,25
718,3874,4.25806,264,100,29,0,0,0,0,0,0,0,33
719,4560,3.40984,208,100,35,0,0,0,0,0,0,0,26
720,4314,3.35484,208,100,36,0,0,0,0,0,0,0,26
721,4498,3.22581,200,100,37,0,0,0,0,0,0,0,25
722,4986,3.27869,200,100,36,0,0,0,0,0,0,0,25
723,5200,3.22581,200,100,37,0,0,0,0,0,0,0,25
724,4358,2.92063,184,100,40,0,0,0,0,0,0,0,23
725,3474,3.14754,192,100,37,0,0,0,0,0,0,0,24
726,3860,3.25424,192,100,35,0,0,0,0,0,0,0,24
727,4624,3.2,208,100,39,0,0,0,0,0,0,0,26
728,4712,3.38983,200,100,34,0,0,0,0,0,0,0,25
729,4320,2.98507,200,100,42,0,0,0,0,0,0,0,25
730,2572,2.66667,176,100,44,0,0,0,0,0,0,0,22
731,2320,2.86364,189,100,42,0,0,0,0,1,0,0,23
732,2590,2.62121,173,100,44,0,0,0,0,1,0,0,21
733,2124,2.37879,157,100,46,0,0,0,0,1,0,0,19
734,2344,2.74242,181,100,43,0,0,0,0,1,0,0,22
735,2348,2.95312,189,100,40,0,0,0,0,1,0,0,23
736,1972,2.70588,184,100,45,0,0,0,0,0,0,0,23
737,2038,3.125,200,100,39,0,0,0,0,0,0,0,25
738,2000,2.92063,184,100,40,0,0,0,0,0,0,0,23
739,2132,2.7541,168,100,40,0,0,0,0,0,0,0,21
740,2628,3.15152,208,100,40,0,0,0,0,0,0,0,26
741,3004,2.86567,192,100,43,0,0,0,0,0,0,0,24
742,3196,2.74286,192,100,46,0,0,0,0,0,0,0,24
743,2802,2.82353,192,100,44,0,0,0,0,0,0,0,24
744,2880,3.52308,229,100,36,0,0,0,0,1,0,0,28
745,3190,3.74194,232,100,33,0,0,0,0,0,0,0,29
746,3380,3.125,200,100,39,0,0,0,0,0,0,0,25
747,3392,3.51515,232,100,37,0,0,0,0,0,0,0,29
748,3790,4,272,100,34,0,0,0,0,0,0,0,34
749,4040,4.13846,269,100,31,0,0,0,0,1,0,0,33
750,4234,3.2,208,100,39,0,0,0,0,0,0,0,26
751,4488,3.5942,248,100,38,0,0,0,0,0,0,0,31
752,4578,4,264,100,33,0,0,0,0,0,0,0,33
753,4602,3.44615,224,100,37,0,0,0,0,0,0,0,28
754,5224,3.68254,232,100,34,0,0,0,0,0,0,0,29
755,4222,3.625,232,100,35,0,0,0,0,0,0,0,29
756,4406,2.75,176,100,42,0,0,0,0,0,0,0,22
757,4490,3.80952,240,100,33,0,0,0,0,0,0,0,30
758,4450,3.2,208,100,39,0,0,0,0,0,0,0,26
759,4834,3.01449,208,100,43,0,0,0,0,0,0,0,26
760,4844,3.375,216,100,37,0,0,0,0,0,0,0,27
761,4104,2.98507,200,100,42,0,0,0,0,0,0,0,25
762,4558,3.22388,216,100,40,0,0,0,0,0,0,0,27
763,4632,3.67213,224,100,33,0,0,0,0,0,0,0,28
764,4196,3.86207,224,100,30,0,0,0,0,0,0,0,28
765,4266,3.85714,216,100,29,0,0,0,0,0,0,0,27
766,4346,3.9322,232,100,30,0,0,0,0,0,0,0,29
767,4220,3.70312,237,100,34,0,0,0,0,1,0,0,29
768,4464,4.14754,253,100,29,0,0,0,0,1,0,0,31
769,2256,3.55072,245,100,38,0,0,0,0,1,0,0,30
770,2154,4.14286,261,100,30,0,0,0,0,1,0,0,32
771,1912,3.875,248,100,33,0,0,0,0,0,0,0,31
772,1912,4.25,272,100,30,0,0,0,0,0,0,0,34
773,2126,3.42857,216,100,36,0,0,0,0,0,0,0,27
774,2084,3.2,192,100,36,0,0,0,0,0,0,0,24
775,1732,3.38983,200,100,34,0,0,0,0,0,0,0,25
776,2056,3.01639,184,100,38,0,0,0,0,0,0,0,23
777,1968,2.58065,160,100,42,0,0,0,0,0,0,0,20
778,1966,3.0303,200,100,41,0,0,0,0,0,0,0,25
779,2528,3.49091,192,100,31,0,0,0,0,0,0,0,24
780,2884,3.67213,224,100,33,0,0,0,0,0,0,0,28
781,2946,3.71429,208,100,30,0,0,0,0,0,0,0,26
782,3254,3.84615,200,100,27,0,0,0,0,0,0,0,25
783,2982,3.55556,192,100,30,0,0,0,0,0,0,0,24
784,2920,3.57143,200,100,31,0,0,0,0,0,0,0,25
785,2750,3.78182,208,100,29,0,0,0,0,0,0,0,26
786,3022,3.73333,224,100,32,0,0,0,0,0,0,0,28
787,3062,3.85714,216,100,29,0,0,0,0,0,0,0,27
788,2784,2.75862,160,100,38,0,0,0,0,0,0,0,20
789,2720,2.62069,152,100,39,0,0,0,0,0,0,0,19
790,2250,2.66667,176,100,44,0,0,0,0,0,0,0,22
791,2234,3.01667,181,100,37,0,0,0,0,1,0,0,22
792,2286,3.4918,213,100,34,0,0,0,0,1,0,0,26
793,2278,2.83871,176,100,40,0,0,0,0,0,0,0,22
794,2218,3.6,216,100,33,0,0,0,0,0,0,0,27
795,2454,3.66102,216,100,32,0,0,0,0,0,0,0,27
796,2108,3.25,208,100,38,0,0,0,0,0,0,0,26
797,2344,3.63636,200,100,30,0,0,0,0,0,0,0,25
798,1648,3.6,216,100,33,0,0,0,0,0,0,0,27
799,1800,3.9322,232,100,30,0,0,0,0,0,0,0,29
800,1858,3.35484,208,100,36,0,0,0,0,0,0,0,26
801,1830,4.07018,232,100,28,0,0,0,0,0,0,0,29
802,1954,3.66102,216,100,32,0,0,0,0,0,0,0,27
803,1766,3.67213,224,100,33,0,0,0,0,0,0,0,28
804,1638,4.07547,216,100,26,0,0,0,0,0,0,0,27
805,1744,4.27586,248,100,27,0,0,0,0,0,0,0,31
806,1926,3.92982,224,100,29,0,0,0,0,0,0,0,28
807,1652,3.16981,168,100,32,0,0,0,0,0,0,0,21
808,1642,3.40741,184,100,31,0,0,0,0,0,0,0,23
809,1494,3.09677,192,100,38,0,0,0,0,0,0,0,24
810,1710,3.62295,221,100,33,0,0,0,0,1,0,0,27
811,1878,3.15,189,100,36,0,0,0,0,1,0,0,23
812,1838,3.64912,208,100,31,0,0,0,0,0,0,0,26
813,1518,3,168,100,35,0,0,0,0,0,0,0,21
814,1718,3.66102,216,100,32,0,0,0,0,0,0,0,27
815,1764,3.17241,184,100,35,0,0,0,0,0,0,0,23
816,1844,3.2,192,100,36,0,0,0,0,0,0,0,24
817,1582,3.125,200,100,39,0,0,0,0,0,0,0,25
818,1252,3.38983,200,100,34,0,0,0,0,0,0,0,25
819,1346,3.33333,200,100,35,0,0,0,0,0,0,0,25
820,1550,4.01695,237,100,29,0,0,0,0,1,0,0,29
821,1378,2.90741,157,100,34,0,0,0,0,1,0,0,19
822,1570,3.47458,205,100,33,0,0,0,0,1,0,0,25
823,1592,3.23214,181,100,33,0,0,0,0,1,0,0,22
824,1658,4.28814,253,100,27,0,0,0,0,1,0,0,31
825,1754,3.74194,232,100,33,0,0,0,0,0,0,0,29
826,1612,3.33333,200,100,35,0,0,0,0,0,0,0,25
827,1720,3.86667,232,100,31,0,0,0,0,0,0,0,29
828,1718,3.79661,224,100,31,0,0,0,0,0,0,0,28
829,1686,3.52542,208,100,33,0,0,0,0,0,0,0,26
830,1874,3.93651,248,100,32,0,0,0,0,0,0,0,31
831,1650,3.1746,200,100,38,0,0,0,0,0,0,0,25
832,1776,3.46667,208,100,34,0,0,0,0,0,0,0,26
833,1246,3.09677,192,100,38,0,0,0,0,0,0,0,24
834,1368,2.83871,176,100,40,0,0,0,0,0,0,0,22
835,1500,2.375,152,100,45,0,0,0,0,0,0,0,19
836,1884,3.06667,184,100,37,0,0,0,0,0,0,0,23
837,2036,3.01639,184,100,38,0,0,0,0,0,0,0,23
838,2266,2.84746,168,100,38,0,0,0,0,0,0,0,21
839,2356,2.93333,176,100,38,0,0,0,0,0,0,0,22
840,2200,3.2,160,100,30,0,0,0,0,0,0,0,20
841,2544,3.54098,216,100,34,0,0,0,0,0,0,0,27
842,2498,3.36842,192,100,33,0,0,0,0,0,0,0,24
843,1948,3.36842,192,100,33,0,0,0,0,0,0,0,24
844,1970,3.31034,192,100,34,0,0,0,0,0,0,0,24
845,1900,3,192,100,40,0,0,0,0,0,0,0,24
846,2202,3.06667,184,100,37,0,0,0,0,0,0,0,23
847,2526,3.04762,192,100,39,0,0,0,0,0,0,0,24
848,2198,3.14754,192,100,37,0,0,0,0,0,0,0,24
849,1958,2.50746,168,100,46,0,0,0,0,0,0,0,21
850,2364,2.7541,168,100,40,0,0,0,0,0,0,0,21
851,2620,3.25424,192,100,35,0,0,0,0,0,0,0,24
852,2758,3,192,100,40,0,0,0,0,0,0,0,24
853,3050,3.52542,208,100,33,0,0,0,0,0,0,0,26
854,2316,3.79661,224,100,31,0,0,0,0,0,0,0,28
855,2296,4,224,100,28,0,0,0,0,0,0,0,28
856,2684,4.30769,224,100,24,0,0,0,0,0,0,0,28
857,2626,4.22642,224,100,25,0,0,0,0,0,0,0,28
858,2582,5.5,264,100,15,0,0,0,0,0,0,0,33
859,2952,4.96552,288,100,22,0,0,0,0,0,0,0,36
860,2530,4.73469,232,100,20,0,0,0,0,0,0,0,29
861,2542,4.375,245,100,25,0,0,0,0,1,0,0,30
862,2650,4.35088,248,100,26,0,0,0,0,0,0,0,31
863,1614,3.9322,232,100,30,0,0,0,0,0,0,0,29
864,1536,3.9322,232,100,30,0,0,0,0,0,0,0,29
865,1598,3.92453,208,100,27,0,0,0,0,0,0,0,26
866,1920,4.57143,256,100,24,0,0,0,0,0,0,0,32
867,2128,4.5614,260,100,24,0,0,0,1,0,0,0,32
868,2056,4.74074,256,100,22,0,0,0,0,0,0,0,32
869,2318,3.6129,224,100,34,0,0,0,0,0,0,0,28
870,2426,4.14286,232,100,27,0,0,0,0,0,0,0,29
871,2612,4.27586,248,100,27,0,0,0,0,0,0,0,31
872,1716,4.36364,240,100,25,0,0,0,0,0,0,0,30
873,1314,4.21053,240,100,27,0,0,0,0,0,0,0,30
874,1530,4.07273,224,100,27,0,0,0,0,0,0,0,28
875,1852,3.92982,224,100,29,0,0,0,0,0,0,0,28
876,1970,4.42857,248,100,25,0,0,0,0,0,0,0,31
877,1660,4.28571,240,100,26,0,0,0,0,0,0,0,30
878,1500,4.50909,248,100,24,0,0,0,0,0,0,0,31
879,1504,4.12903,256,100,30,0,0,0,0,0,0,0,32
880,1720,4.49123,256,100,25,0,0,0,0,0,0,0,32
881,1854,4.125,264,100,31,0,0,0,0,0,0,0,33
882,1744,4.92857,276,100,21,0,0,0,1,0,0,0,34
883,1816,4.69492,277,100,24,0,0,0,0,1,0,0,34
884,1380,4.21053,240,100,27,0,0,0,0,0,0,0,30
885,1400,4,224,100,28,0,0,0,0,0,0,0,28
886,1712,4.61538,240,100,22,0,0,0,0,0,0,0,30
887,1512,4,216,100,27,0,0,0,0,0,0,0,27
888,1458,4.5283,240,100,23,0,0,0,0,0,0,0,30
889,1334,4.61538,240,100,22,0,0,0,0,0,0,0,30
890,1348,4.63158,264,100,24,0,0,0,0,0,0,0,33
891,1408,4.71429,264,100,23,0,0,0,0,0,0,0,33
892,1614,5.19298,296,100,20,0,0,0,0,0,0,0,37
893,1544,4.14815,224,100,26,0,0,0,0,0,0,0,28
894,1484,4.76923,248,100,21,0,0,0,0,0,0,0,31
895,1574,4.41379,256,100,26,0,0,0,0,0,0,0,32
896,1600,5.03704,272,100,20,0,0,0,0,0,0,0,34
897,1314,5.23636,288,100,19,0,0,0,0,0,0,0,36
898,1370,4.35088,248,100,26,0,0,0,0,0,0,0,31
899,1402,4.65455,256,100,23,0,0,0,0,0,0,0,32
900,1266,3.92982,224,100,29,0,0,0,0,0,0,0,28
901,1056,4.28571,240,100,26,0,0,0,0,0,0,0,30
902,1038,5.33333,288,100,18,0,0,0,0,0,0,0,36
903,1008,4.71429,264,100,23,0,0,0,0,0,0,0,33
904,1006,4.96552,288,100,22,0,0,0,0,0,0,0,36
905,984,4.13793,240,100,28,0,0,0,0,0,0,0,30
906,988,4.42857,248,100,25,0,0,0,0,0,0,0,31
907,880,3.85185,208,100,28,0,0,0,0,0,0,0,26
908,900,4.22642,224,100,25,0,0,0,0,0,0,0,28
909,874,3.92982,224,100,29,0,0,0,0,0,0,0,28
910,1054,4.13793,240,100,28,0,0,0,0,0,0,0,30
911,1186,4.0678,240,100,29,0,0,0,0,0,0,0,30
912,1244,4.28571,240,100,26,0,0,0,0,0,0,0,30
913,1132,4,224,100,28,0,0,0,0,0,0,0,28
914,1116,3.92982,224,100,29,0,0,0,0,0,0,0,28
915,1302,4.19672,256,100,29,0,0,0,0,0,0,0,32
916,1308,4.41379,256,100,26,0,0,0,0,0,0,0,32
917,1436,4.8,264,100,22,0,0,0,0,0,0,0,33
918,1432,5.03704,272,100,20,0,0,0,0,0,0,0,34
919,1502,4.70588,240,100,21,0,0,0,0,0,0,0,30
920,1718,4.5283,240,100,23,0,0,0,0,0,0,0,30
921,2068,4.36364,240,100,25,0,0,0,0,0,0,0,30
922,2114,4.42857,248,100,25,0,0,0,0,0,0,0,31
923,1884,4.46154,232,100,23,0,0,0,0,0,0,0,29
924,1840,4.22642,224,100,25,0,0,0,0,0,0,0,28
925,2038,4.15385,216,100,25,0,0,0,0,0,0,0,27
926,2032,4.16667,200,100,23,0,0,0,0,0,0,0,25
927,1602,4.52174,208,100,20,0,0,0,0,0,0,0,26
928,1706,3.84,192,100,26,0,0,0,0,0,0,0,24
929,1480,3.7037,200,100,29,0,0,0,0,0,0,0,25
930,1632,3.87273,213,100,28,0,0,0,0,1,0,0,26
931,1482,4.01887,213,100,26,0,0,0,0,1,0,0,26
932,1516,4.67925,248,100,22,0,0,0,0,0,0,0,31
933,1594,4.71429,264,100,23,0,0,0,0,0,0,0,33
934,1812,4.07018,232,100,28,0,0,0,0,0,0,0,29
935,2032,4.08621,237,100,28,0,0,0,0,1,0,0,29
936,2088,4.48,224,100,22,0,0,0,0,0,0,0,28
937,1870,4.54902,232,100,22,0,0,0,0,0,0,0,29
938,2174,5.12,256,100,18,0,0,0,0,0,0,0,32
939,2218,4.98113,264,100,20,0,0,0,0,0,0,0,33
940,1560,4.46154,232,100,23,0,0,0,0,0,0,0,29
941,1716,4.67925,248,100,22,0,0,0,0,0,0,0,31
942,1590,5.23636,288,100,19,0,0,0,0,0,0,0,36
943,1446,5.18519,280,100,19,0,0,0,0,0,0,0,35
944,1546,5.33333,288,100,18,0,0,0,0,0,0,0,36
945,1460,4.98113,264,100,20,0,0,0,0,0,0,0,33
946,1622,5.2,312,100,21,0,0,0,0,0,0,0,39
947,1466,5.37931,312,100,19,0,0,0,0,0,0,0,39
948,1332,5.53846,288,100,16,0,0,0,0,0,0,0,36
949,1226,5.18519,280,100,19,0,0,0,0,0,0,0,35
950,1140,4.8,240,100,20,0,0,0,0,0,0,0,30
951,1392,4.49123,256,100,25,0,0,0,0,0,0,0,32
952,1522,4.33898,256,100,27,0,0,0,0,0,0,0,32
953,1804,3.86667,232,100,31,0,0,0,0,0,0,0,29
954,1754,5,280,100,21,0,0,0,0,0,0,0,35
955,1778,4.33898,256,100,27,0,0,0,0,0,0,0,32
956,1842,4.36364,240,100,25,0,0,0,0,0,0,0,30
957,1790,3.92727,216,100,28,0,0,0,0,0,0,0,27
958,1900,4.36364,240,100,25,0,0,0,0,0,0,0,30
959,2082,4.96552,288,100,22,0,0,0,0,0,0,0,36
960,2016,4.92308,256,100,20,0,0,0,0,0,0,0,32
961,1842,5.28302,280,100,18,0,0,0,0,0,0,0,35
962,1788,5.23077,272,100,18,0,0,0,0,0,0,0,34
963,1648,5.20755,276,100,18,0,0,0,1,0,0,0,34
964,1804,5.13208,272,100,19,0,0,0,0,0,0,0,34
965,1744,4.6,253,100,23,0,0,0,0,1,0,0,31
966,1150,4.91379,285,100,22,0,0,0,0,1,0,0,35
967,1374,4.67213,285,100,25,0,0,0,0,1,0,0,35
968,1172,4.55932,269,100,25,0,0,0,0,1,0,0,33
969,1074,4,232,100,29,0,0,0,0,0,0,0,29
970,1212,4.68966,272,100,24,0,0,0,0,0,0,0,34
971,1240,4.3871,272,100,28,0,0,0,0,0,0,0,34
972,1428,4.88136,288,100,23,0,0,0,0,0,0,0,36
973,1362,4.42857,248,100,25,0,0,0,0,0,0,0,31
974,1322,5.24138,304,100,20,0,0,0,0,0,0,0,38
975,1168,5.03704,272,100,20,0,0,0,0,0,0,0,34
976,986,4.82759,280,100,23,0,0,0,0,0,0,0,35
977,930,5.15254,304,100,21,0,0,0,0,0,0,0,38
978,848,3.9322,232,100,30,0,0,0,0,0,0,0,29
979,966,4.82759,280,100,23,0,0,0,0,0,0,0,35
980,968,3.93443,240,100,31,0,0,0,0,0,0,0,30
981,1000,4.44444,280,100,28,0,0,0,0,0,0,0,35
982,1056,4.125,264,100,31,0,0,0,0,0,0,0,33
983,1028,4.35088,248,100,26,0,0,0,0,0,0,0,31
984,862,3.22807,184,100,34,0,0,0,0,0,0,0,23
985,946,3.54098,216,100,34,0,0,0,0,0,0,0,27
986,840,3.0303,200,100,41,0,0,0,0,0,0,0,25
987,926,2.95385,192,100,41,0,0,0,0,0,0,0,24
988,1016,2.83077,184,100,42,0,0,0,0,0,0,0,23
989,914,2.92063,184,100,40,0,0,0,0,0,0,0,23
990,962,2.58462,168,100,44,0,0,0,0,0,0,0,21
991,1024,3.04225,216,100,44,0,0,0,0,0,0,0,27
992,994,3.49296,248,100,40,0,0,0,0,0,0,0,31
993,1104,3.45946,256,100,42,0,0,0,0,0,0,0,32
994,1076,3.08571,216,100,43,0,0,0,0,0,0,0,27
995,952,3.64706,248,100,37,0,0,0,0,0,0,0,31
996,916,4,256,100,32,0,0,0,0,0,0,0,32
997,880,4.17391,288,100,33,0,0,0,0,0,0,0,36
998,940,4.82353,328,100,27,0,0,0,0,0,0,0,41
999,1018,5.04545,333,100,24,0,0,0,0,1,0,0,41
