update,points,mean_tasks,total_tasks,total_orgs,task_0,task_1,task_2,task_3,task_4,task_5,task_6,task_7,task_8
0,0,nan,0,9,0,0,0,0,0,0,0,0,0
1,8,0,0,9,4,0,0,0,0,0,0,0,0
2,16,0,0,9,7,0,0,0,0,0,0,0,0
3,18,0,0,9,7,0,0,0,0,0,0,0,0
4,36,1.14286,8,10,6,0,0,0,0,0,0,0,1
5,38,1,8,10,7,0,0,0,0,0,0,0,1
6,52,2,16,11,6,0,0,0,0,0,0,0,2
7,66,1.77778,16,12,7,0,0,0,0,0,0,0,2
8,54,3,24,12,5,0,0,0,0,0,0,0,3
9,64,1.6,16,12,8,0,0,0,0,0,0,0,2
10,68,1.6,16,12,8,0,0,0,0,0,0,0,2
11,72,1.6,16,12,8,0,0,0,0,0,0,0,2
12,86,2.66667,24,12,6,0,0,0,0,0,0,0,3
13,90,2.4,24,12,7,0,0,0,0,0,0,0,3
14,104,3.2,32,13,6,0,0,0,0,0,0,0,4
15,108,2.90909,32,13,7,0,0,0,0,0,0,0,4
16,94,2.18182,24,13,8,0,0,0,0,0,0,0,3
17,112,2.90909,32,14,7,0,0,0,0,0,0,0,4
18,96,2.90909,32,14,7,0,0,0,0,0,0,0,4
19,98,3.33333,40,14,7,0,0,0,0,0,0,0,5
20,116,3.33333,40,15,7,0,0,0,0,0,0,0,5
21,126,3.07692,40,15,8,0,0,0,0,0,0,0,5
22,124,3.69231,48,15,7,0,0,0,0,0,0,0,6
23,108,3.69231,48,16,7,0,0,0,0,0,0,0,6
24,130,3.07692,40,16,8,0,0,0,0,0,0,0,5
25,146,2.85714,40,17,9,0,0,0,0,0,0,0,5
26,126,2.66667,40,20,10,0,0,0,0,0,0,0,5
27,126,2.82353,48,21,11,0,0,0,0,0,0,0,6
28,130,2.52632,48,21,13,0,0,0,0,0,0,0,6
29,130,2.52632,48,22,13,0,0,0,0,0,0,0,6
30,146,2.4,48,22,14,0,0,0,0,0,0,0,6
31,162,2.52632,48,22,13,0,0,0,0,0,0,0,6
32,188,2.66667,48,23,12,0,0,0,0,0,0,0,6
33,190,2.8,56,24,13,0,0,0,0,0,0,0,7
34,198,2.54545,56,24,15,0,0,0,0,0,0,0,7
35,190,2.4,48,24,14,0,0,0,0,0,0,0,6
36,188,1.81818,40,24,17,0,0,0,0,0,0,0,5
37,212,2,40,24,15,0,0,0,0,0,0,0,5
38,200,1.90476,40,25,16,0,0,0,0,0,0,0,5
39,176,2.18182,48,25,16,0,0,0,0,0,0,0,6
40,210,2.18182,48,26,16,0,0,0,0,0,0,0,6
41,180,2.08696,48,26,17,0,0,0,0,0,0,0,6
42,184,2.08696,48,26,17,0,0,0,0,0,0,0,6
43,172,2.54545,56,26,15,0,0,0,0,0,0,0,7
44,204,2.43478,56,27,16,0,0,0,0,0,0,0,7
45,166,2.43478,56,28,16,0,0,0,0,0,0,0,7
46,178,2.56,64,28,17,0,0,0,0,0,0,0,8
47,194,2.46154,64,29,18,0,0,0,0,0,0,0,8
48,246,2.96296,80,31,17,0,0,0,0,0,0,0,10
49,204,3.25926,88,32,16,0,0,0,0,0,0,0,11
50,244,3.07692,80,32,16,0,0,0,0,0,0,0,10
51,250,2.2069,64,33,21,0,0,0,0,0,0,0,8
52,284,1.75,56,34,25,0,0,0,0,0,0,0,7
53,274,2.66667,80,35,20,0,0,0,0,0,0,0,10
54,322,2.25,72,36,23,0,0,0,0,0,0,0,9
55,310,2.18182,72,38,24,0,0,0,0,0,0,0,9
56,332,2.05714,72,39,26,0,0,0,0,0,0,0,9
57,360,1.77778,64,41,28,0,0,0,0,0,0,0,8
58,374,2.16216,80,42,27,0,0,0,0,0,0,0,10
59,386,2.05128,80,42,29,0,0,0,0,0,0,0,10
60,408,2.66667,96,43,24,0,0,0,0,0,0,0,12
61,368,2.05128,80,44,29,0,0,0,0,0,0,0,10
62,408,1.95122,80,46,31,0,0,0,0,0,0,0,10
63,466,1.95122,80,46,31,0,0,0,0,0,0,0,10
64,456,1.71429,72,46,33,0,0,0,0,0,0,0,9
65,436,2.34146,96,47,29,0,0,0,0,0,0,0,12
66,448,2.4186,104,49,30,0,0,0,0,0,0,0,13
67,446,2.21277,104,50,34,0,0,0,0,0,0,0,13
68,468,2.60465,112,52,29,0,0,0,0,0,0,0,14
69,450,2.97674,128,53,27,0,0,0,0,0,0,0,16
70,524,2.12245,104,57,36,0,0,0,0,0,0,0,13
71,582,2.4,120,58,35,0,0,0,0,0,0,0,15
72,568,2.46154,128,62,36,0,0,0,0,0,0,0,16
73,500,2.32727,128,63,39,0,0,0,0,0,0,0,16
74,560,1.62712,96,65,47,0,0,0,0,0,0,0,12
75,518,1.89831,112,67,45,0,0,0,0,0,0,0,14
76,590,2.30508,136,68,42,0,0,0,0,0,0,0,17
77,660,2.19355,136,70,45,0,0,0,0,0,0,0,17
78,642,2.57627,152,71,40,0,0,0,0,0,0,0,19
79,650,2.7541,168,75,40,0,0,0,0,0,0,0,21
80,660,2.8,168,77,39,0,0,0,0,0,0,0,21
81,738,2.83871,176,81,40,0,0,0,0,0,0,0,22
82,822,1.97101,136,82,52,0,0,0,0,0,0,0,17
83,860,1.76471,120,82,53,0,0,0,0,0,0,0,15
84,818,2.23529,152,85,49,0,0,0,0,0,0,0,19
85,904,2.22222,160,87,52,0,0,0,0,0,0,0,20
86,860,2.28571,160,89,50,0,0,0,0,0,0,0,20
87,922,2.55072,176,91,47,0,0,0,0,0,0,0,22
88,810,2.74286,192,93,46,0,0,0,0,0,0,0,24
89,910,2.66667,192,94,48,0,0,0,0,0,0,0,24
90,828,2.74286,192,96,46,0,0,0,0,0,0,0,24
91,984,2.66667,200,97,50,0,0,0,0,0,0,0,25
92,1006,1.81333,136,98,58,0,0,0,0,0,0,0,17
93,970,2.22222,160,98,52,0,0,0,0,0,0,0,20
94,978,2.15385,168,98,57,0,0,0,0,0,0,0,21
95,976,1.97531,160,99,61,0,0,0,0,0,0,0,20
96,938,1.76623,136,99,60,0,0,0,0,0,0,0,17
97,834,2.05405,152,99,55,0,0,0,0,0,0,0,19
98,802,2.08219,152,100,54,0,0,0,0,0,0,0,19
99,844,1.97403,152,100,58,0,0,0,0,0,0,0,19
100,946,2.84211,216,100,49,0,0,0,0,0,0,0,27
101,874,2.56,192,100,51,0,0,0,0,0,0,0,24
102,940,2.5974,200,100,52,0,0,0,0,0,0,0,25
103,998,2.09524,176,100,62,0,0,0,0,0,0,0,22
104,1014,2.3,184,100,57,0,0,0,0,0,0,0,23
105,954,2.18182,168,100,56,0,0,0,0,0,0,0,21
106,922,3.31429,232,100,41,0,0,0,0,0,0,0,29
107,832,2.81081,208,100,48,0,0,0,0,0,0,0,26
108,886,3.28767,240,100,43,0,0,0,0,0,0,0,30
109,912,3.05263,232,100,47,0,0,0,0,0,0,0,29
110,978,3.56757,264,100,41,0,0,0,0,0,0,0,33
111,1048,3.28205,256,100,46,0,0,0,0,0,0,0,32
112,994,3.28767,240,100,43,0,0,0,0,0,0,0,30
113,1072,3.41333,256,100,43,0,0,0,0,0,0,0,32
114,1042,3.47368,264,100,43,0,0,0,0,0,0,0,33
115,1048,3.36842,256,100,44,0,0,0,0,0,0,0,32
116,1110,2.76923,216,100,51,0,0,0,0,0,0,0,27
117,1200,2.22785,176,100,57,0,0,0,0,0,0,0,22
118,1224,2.52055,184,100,50,0,0,0,0,0,0,0,23
119,972,2.92958,208,100,45,0,0,0,0,0,0,0,26
120,784,2.73973,200,100,48,0,0,0,0,0,0,0,25
121,872,2.62687,176,100,45,0,0,0,0,0,0,0,22
122,808,2.28571,160,100,50,0,0,0,0,0,0,0,20
123,838,2.73611,197,100,47,0,0,0,0,1,0,0,24
124,826,3.34328,224,100,39,0,0,0,0,0,0,0,28
125,914,3.28767,240,100,43,0,0,0,0,0,0,0,30
126,932,3.8209,256,100,35,0,0,0,0,0,0,0,32
127,798,4.34286,304,100,32,0,0,0,0,0,0,0,38
128,892,4.48485,296,100,29,0,0,0,0,0,0,0,37
129,948,4.11111,296,100,35,0,0,0,0,0,0,0,37
130,940,4.22857,296,100,33,0,0,0,0,0,0,0,37
131,902,4.70588,320,100,28,0,0,0,0,0,0,0,40
132,848,4,288,100,36,0,0,0,0,0,0,0,36
133,908,4.58824,312,100,29,0,0,0,0,0,0,0,39
134,900,4.77612,320,100,27,0,0,0,0,0,0,0,40
135,846,4.82353,328,100,27,0,0,0,0,0,0,0,41
136,844,4.61972,328,100,30,0,0,0,0,0,0,0,41
137,838,4.4058,304,100,31,0,0,0,0,0,0,0,38
138,984,4.39437,312,100,32,0,0,0,0,0,0,0,39
139,880,4.34286,304,100,32,0,0,0,0,0,0,0,38
140,926,4.73239,336,100,29,0,0,0,0,0,0,0,42
141,774,4.65672,312,100,28,0,0,0,0,0,0,0,39
142,936,4.68571,328,100,29,0,0,0,0,0,0,0,41
143,848,4,280,100,35,0,0,0,0,0,0,0,35
144,928,4.1791,280,100,32,0,0,0,0,0,0,0,35
145,882,5.41935,336,100,20,0,0,0,0,0,0,0,42
146,922,5.78462,376,100,18,0,0,0,0,0,0,0,47
147,884,5.04615,328,100,24,0,0,0,0,0,0,0,41
148,898,5.05882,344,100,25,0,0,0,0,0,0,0,43
149,794,4.95238,312,100,24,0,0,0,0,0,0,0,39
150,828,5.01587,316,100,23,0,0,0,1,0,0,0,39
151,958,5.37313,360,100,22,0,0,0,0,0,0,0,45
152,830,4.92308,320,100,25,0,0,0,0,0,0,0,40
153,808,4.67692,304,100,27,0,0,0,0,0,0,0,38
154,832,4.48485,296,100,29,0,0,0,0,0,0,0,37
155,782,4.25,272,100,30,0,0,0,0,0,0,0,34
156,684,5.11475,312,100,22,0,0,0,0,0,0,0,39
157,886,5.16923,336,100,23,0,0,0,0,0,0,0,42
158,906,4.75362,328,100,28,0,0,0,0,0,0,0,41
159,998,4.43077,288,100,29,0,0,0,0,0,0,0,36
160,884,4.48485,296,100,29,0,0,0,0,0,0,0,37
161,918,4.44444,280,100,28,0,0,0,0,0,0,0,35
162,908,5.01493,336,100,25,0,0,0,0,0,0,0,42
163,960,5.07937,320,100,23,0,0,0,0,0,0,0,40
164,804,4.95238,312,100,24,0,0,0,0,0,0,0,39
165,752,4.75,304,100,26,0,0,0,0,0,0,0,38
166,820,4.86957,336,100,27,0,0,0,0,0,0,0,42
167,830,5.46667,328,100,19,0,0,0,0,0,0,0,41
168,836,5.07937,320,100,23,0,0,0,0,0,0,0,40
169,772,4.75,304,100,26,0,0,0,0,0,0,0,38
170,872,5.29032,328,100,21,0,0,0,0,0,0,0,41
171,838,5.46667,328,100,19,0,0,0,0,0,0,0,41
172,894,4.8254,304,100,25,0,0,0,0,0,0,0,38
173,884,5.20635,328,100,22,0,0,0,0,0,0,0,41
174,862,4.36364,288,100,30,0,0,0,0,0,0,0,36
175,1030,5.13433,344,100,24,0,0,0,0,0,0,0,43
176,926,4.84848,320,100,26,0,0,0,0,0,0,0,40
177,858,5.29231,344,100,22,0,0,0,0,0,0,0,43
178,834,5.03226,312,100,23,0,0,0,0,0,0,0,39
179,970,5.125,328,100,23,0,0,0,0,0,0,0,41
180,822,4.43077,288,100,29,0,0,0,0,0,0,0,36
181,924,4.625,296,100,27,0,0,0,0,0,0,0,37
182,904,5.16667,341,100,23,0,0,0,0,1,0,0,42
183,958,4.8254,304,100,25,0,0,0,0,0,0,0,38
184,790,4.95238,312,100,24,0,0,0,0,0,0,0,39
185,798,4.90909,324,100,25,0,0,0,1,0,0,0,40
186,748,3.40299,228,100,38,0,0,0,1,0,0,0,28
187,842,3.31429,232,100,41,0,0,0,0,0,0,0,29
188,760,2.88889,208,100,46,0,0,0,0,0,0,0,26
189,740,3.63636,240,100,36,0,0,0,0,0,0,0,30
190,880,3.38462,264,100,45,0,0,0,0,0,0,0,33
191,932,2.94737,224,100,48,0,0,0,0,0,0,0,28
192,936,2.97436,232,100,49,0,0,0,0,0,0,0,29
193,852,3.39726,248,100,42,0,0,0,0,0,0,0,31
194,992,3.32468,256,100,45,0,0,0,0,0,0,0,32
195,926,3.64706,248,100,37,0,0,0,0,0,0,0,31
196,814,3.46269,232,100,38,0,0,0,0,0,0,0,29
197,814,3.58209,240,100,37,0,0,0,0,0,0,0,30
198,914,5.01493,336,100,25,0,0,0,0,0,0,0,42
199,930,5.02857,352,100,26,0,0,0,0,0,0,0,44
200,840,4.47059,304,100,30,0,0,0,0,0,0,0,38
201,836,4.29851,288,100,31,0,0,0,0,0,0,0,36
202,856,3.82609,264,100,36,0,0,0,0,0,0,0,33
203,882,3.88571,272,100,36,0,0,0,0,0,0,0,34
204,918,3.34328,224,100,39,0,0,0,0,0,0,0,28
205,884,3.26761,232,100,42,0,0,0,0,0,0,0,29
206,1030,4.11111,296,100,35,0,0,0,0,0,0,0,37
207,836,4.23529,288,100,32,0,0,0,0,0,0,0,36
208,858,4.89552,328,100,26,0,0,0,0,0,0,0,41
209,860,4.92754,340,100,26,0,0,0,1,0,0,0,42
210,820,4.65672,312,100,28,0,0,0,0,0,0,0,39
211,844,4.44444,320,100,32,0,0,0,0,0,0,0,40
212,844,3.73333,280,100,40,0,0,0,0,0,0,0,35
213,952,3.84416,296,100,40,0,0,0,0,0,0,0,37
214,898,3.72603,272,100,39,0,0,0,0,0,0,0,34
215,796,4.35294,296,100,31,0,0,0,0,0,0,0,37
216,730,4,280,100,35,0,0,0,0,0,0,0,35
217,824,4.58824,312,100,29,0,0,0,0,0,0,0,39
218,782,4.50704,320,100,31,0,0,0,0,0,0,0,40
219,802,4.57143,320,100,30,0,0,0,0,0,0,0,40
220,792,3.87879,256,100,34,0,0,0,0,0,0,0,32
221,750,4.22222,304,100,34,0,0,0,0,0,0,0,38
222,788,3.54286,248,100,39,0,0,0,0,0,0,0,31
223,778,3.77143,264,100,37,0,0,0,0,0,0,0,33
224,882,3.61644,264,100,40,0,0,0,0,0,0,0,33
225,776,3.36232,232,100,40,0,0,0,0,0,0,0,29
226,860,3.39726,248,100,42,0,0,0,0,0,0,0,31
227,866,3.09333,232,100,46,0,0,0,0,0,0,0,29
228,930,3.50685,256,100,41,0,0,0,0,0,0,0,32
229,924,3.30667,248,100,44,0,0,0,0,0,0,0,31
230,894,3.44444,248,100,41,0,0,0,0,0,0,0,31
231,868,4.05634,288,100,35,0,0,0,0,0,0,0,36
232,978,3.78378,280,100,39,0,0,0,0,0,0,0,35
233,866,3.04225,216,100,44,0,0,0,0,0,0,0,27
234,930,3.39726,248,100,42,0,0,0,0,0,0,0,31
235,996,3.36232,232,100,40,0,0,0,0,0,0,0,29
236,920,3.22222,232,100,43,0,0,0,0,0,0,0,29
237,938,3.77778,272,100,38,0,0,0,0,0,0,0,34
238,898,3.76471,256,100,36,0,0,0,0,0,0,0,32
239,1064,4.16216,308,100,35,0,0,0,1,0,0,0,38
240,1040,3.65714,256,100,38,0,0,0,0,0,0,0,32
241,912,3.22222,232,100,43,0,0,0,0,0,0,0,29
242,868,3.63636,240,100,36,0,0,0,0,0,0,0,30
243,930,3.82609,264,100,36,0,0,0,0,0,0,0,33
244,862,3.26761,232,100,42,0,0,0,0,0,0,0,29
245,1000,3.94521,288,100,37,0,0,0,0,0,0,0,36
246,924,4,288,100,36,0,0,0,0,0,0,0,36
247,930,3.83099,272,100,37,0,0,0,0,0,0,0,34
248,874,3.58209,240,100,37,0,0,0,0,0,0,0,30
249,918,3.76471,256,100,36,0,0,0,0,0,0,0,32
250,814,3.01449,208,100,43,0,0,0,0,0,0,0,26
251,880,3.33333,240,100,42,0,0,0,0,0,0,0,30
252,872,2.7027,200,100,49,0,0,0,0,0,0,0,25
253,1002,3.30667,248,100,44,0,0,0,0,0,0,0,31
254,850,3.82609,264,100,36,0,0,0,0,0,0,0,33
255,948,4,280,100,35,0,0,0,0,0,0,0,35
256,790,4.55385,296,100,28,0,0,0,0,0,0,0,37
257,796,3.71014,256,100,37,0,0,0,0,0,0,0,32
258,928,3.83562,280,100,38,0,0,0,0,0,0,0,35
259,1016,3.13514,232,100,45,0,0,0,0,0,0,0,29
260,992,3.71014,256,100,37,0,0,0,0,0,0,0,32
261,1002,3.5942,248,100,38,0,0,0,0,0,0,0,31
262,928,3.36232,232,100,40,0,0,0,0,0,0,0,29
263,924,3.51515,232,100,37,0,0,0,0,0,0,0,29
264,892,3.29412,224,100,40,0,0,0,0,0,0,0,28
265,958,3.75,240,100,34,0,0,0,0,0,0,0,30
266,896,3.6129,224,100,34,0,0,0,0,0,0,0,28
267,1184,4.24242,280,100,31,0,0,0,0,0,0,0,35
268,1124,3.74194,232,100,33,0,0,0,0,0,0,0,29
269,1146,3.42857,216,100,36,0,0,0,0,0,0,0,27
270,1102,3.63636,240,100,36,0,0,0,0,0,0,0,30
271,1226,3.44615,224,100,37,0,0,0,0,0,0,0,28
272,1168,3.6129,224,100,34,0,0,0,0,0,0,0,28
273,1258,3.69231,240,100,35,0,0,0,0,0,0,0,30
274,1094,3.44615,224,100,37,0,0,0,0,0,0,0,28
275,1062,3.86667,232,100,31,0,0,0,0,0,0,0,29
276,1036,3.93443,240,100,31,0,0,0,0,0,0,0,30
277,1084,4.31746,272,100,29,0,0,0,0,0,0,0,34
278,972,4,240,100,30,0,0,0,0,0,0,0,30
279,1044,4.41791,296,100,30,0,0,0,0,0,0,0,37
280,916,4.12121,272,100,32,0,0,0,0,0,0,0,34
281,852,3.82609,264,100,36,0,0,0,0,0,0,0,33
282,1014,4.45714,312,100,31,0,0,0,0,0,0,0,39
283,996,4.29851,288,100,31,0,0,0,0,0,0,0,36
284,1038,4.1791,280,100,32,0,0,0,0,0,0,0,35
285,924,4.36364,288,100,30,0,0,0,0,0,0,0,36
286,874,4.625,296,100,27,0,0,0,0,0,0,0,37
287,928,4.61194,309,100,28,0,0,0,0,1,0,0,38
288,932,4.26984,269,100,29,0,0,0,0,1,0,0,33
289,1080,4.625,296,100,27,0,0,0,0,0,0,0,37
290,880,4.72131,288,100,25,0,0,0,0,0,0,0,36
291,868,5.71429,320,100,16,0,0,0,0,0,0,0,40
292,794,4.65672,312,100,28,0,0,0,0,0,0,0,39
293,812,5,320,100,24,0,0,0,0,0,0,0,40
294,800,4.67692,304,100,27,0,0,0,0,0,0,0,38
295,864,4.12121,272,100,32,0,0,0,0,0,0,0,34
296,908,4,280,100,35,0,0,0,0,0,0,0,35
297,992,4.89552,328,100,26,0,0,0,0,0,0,0,41
298,866,4.35294,296,100,31,0,0,0,0,0,0,0,37
299,938,4.29851,288,100,31,0,0,0,0,0,0,0,36
300,894,4.29851,288,100,31,0,0,0,0,0,0,0,36
301,852,4.1791,280,100,32,0,0,0,0,0,0,0,35
302,714,4.3871,272,100,28,0,0,0,0,0,0,0,34
303,728,5.03226,312,100,23,0,0,0,0,0,0,0,39
304,756,4.36364,288,100,30,0,0,0,0,0,0,0,36
305,840,3.88235,264,100,35,0,0,0,0,0,0,0,33
306,898,4.36364,288,100,30,0,0,0,0,0,0,0,36
307,828,4.18462,272,100,31,0,0,0,0,0,0,0,34
308,832,3.81538,248,100,34,0,0,0,0,0,0,0,31
309,960,3.39726,248,100,42,0,0,0,0,0,0,0,31
310,970,3.60563,256,100,39,0,0,0,0,0,0,0,32
311,920,3.15493,224,100,43,0,0,0,0,0,0,0,28
312,928,3.08571,216,100,43,0,0,0,0,0,0,0,27
313,978,3.88235,264,100,35,0,0,0,0,0,0,0,33
314,1012,3.83562,280,100,38,0,0,0,0,0,0,0,35
315,976,3.93846,256,100,33,0,0,0,0,0,0,0,32
316,932,4.65672,312,100,28,0,0,0,0,0,0,0,39
317,974,4.38356,320,100,33,0,0,0,0,0,0,0,40
318,858,3.84,288,100,39,0,0,0,0,0,0,0,36
319,912,3.50685,256,100,41,0,0,0,0,0,0,0,32
320,798,2.8169,200,100,46,0,0,0,0,0,0,0,25
321,890,2.5974,200,100,52,0,0,0,0,0,0,0,25
322,868,3.50685,256,100,41,0,0,0,0,0,0,0,32
323,890,3,216,100,45,0,0,0,0,0,0,0,27
324,890,2.98667,224,100,47,0,0,0,0,0,0,0,28
325,1010,3.55556,256,100,40,0,0,0,0,0,0,0,32
326,952,3.04225,216,100,44,0,0,0,0,0,0,0,27
327,910,3.22222,232,100,43,0,0,0,0,0,0,0,29
328,914,3.06849,224,100,45,0,0,0,0,0,0,0,28
329,1032,2.98667,224,100,47,0,0,0,0,0,0,0,28
330,1098,3.41333,256,100,43,0,0,0,0,0,0,0,32
331,996,3.60563,256,100,39,0,0,0,0,0,0,0,32
332,892,3.87879,256,100,34,0,0,0,0,0,0,0,32
333,968,3.77143,264,100,37,0,0,0,0,0,0,0,33
334,896,4.875,312,100,25,0,0,0,0,0,0,0,39
335,952,4.84507,344,100,28,0,0,0,0,0,0,0,43
336,1148,4.39437,312,100,32,0,0,0,0,0,0,0,39
337,1242,4.33333,312,100,33,0,0,0,0,0,0,0,39
338,1118,4.05634,288,100,35,0,0,0,0,0,0,0,36
339,910,4.23529,288,100,32,0,0,0,0,0,0,0,36
340,984,3.39394,224,100,38,0,0,0,0,0,0,0,28
341,1012,3.52941,240,100,38,0,0,0,0,0,0,0,30
342,1142,3.24638,224,100,41,0,0,0,0,0,0,0,28
343,1298,3.71014,256,100,37,0,0,0,0,0,0,0,32
344,1372,3.52941,240,100,38,0,0,0,0,0,0,0,30
345,1126,3.81538,248,100,34,0,0,0,0,0,0,0,31
346,1228,3.875,248,100,33,0,0,0,0,0,0,0,31
347,1132,4.85246,296,100,24,0,0,0,0,0,0,0,37
348,1102,4.3871,272,100,28,0,0,0,0,0,0,0,34
349,1058,4.33871,269,100,28,0,0,0,0,1,0,0,33
350,1030,4.125,264,100,31,0,0,0,0,0,0,0,33
351,1324,4.625,296,100,27,0,0,0,0,0,0,0,37
352,1282,5.07937,320,100,23,0,0,0,0,0,0,0,40
353,1194,4.31746,272,100,29,0,0,0,0,0,0,0,34
354,1184,4.11765,280,100,33,0,0,0,0,0,0,0,35
355,1372,4.625,296,100,27,0,0,0,0,0,0,0,37
356,1224,4.43077,288,100,29,0,0,0,0,0,0,0,36
357,1204,4.95238,312,100,24,0,0,0,0,0,0,0,39
358,1148,5.11475,312,100,22,0,0,0,0,0,0,0,39
359,1120,4.30769,280,100,30,0,0,0,0,0,0,0,35
360,1216,4.85246,296,100,24,0,0,0,0,0,0,0,37
361,1276,4.90323,304,100,24,0,0,0,0,0,0,0,38
362,1188,5.33333,320,100,20,0,0,0,0,0,0,0,40
363,1140,4.94545,272,100,21,0,0,0,0,0,0,0,34
364,1028,4.98361,304,100,23,0,0,0,0,0,0,0,38
365,1268,4.12903,256,100,30,0,0,0,0,0,0,0,32
366,950,4,224,100,28,0,0,0,0,0,0,0,28
367,1042,3.44615,224,100,37,0,0,0,0,0,0,0,28
368,1114,3.22388,216,100,40,0,0,0,0,0,0,0,27
369,1190,3.75758,248,100,35,0,0,0,0,0,0,0,31
370,1110,3.625,232,100,35,0,0,0,0,0,0,0,29
371,1132,4.52381,285,100,27,0,0,0,0,1,0,0,35
372,1092,3.74194,232,100,33,0,0,0,0,0,0,0,29
373,1184,3.46269,232,100,38,0,0,0,0,0,0,0,29
374,1118,3.15152,208,100,40,0,0,0,0,0,0,0,26
375,1100,3.07692,200,100,40,0,0,0,0,0,0,0,25
376,944,3.86667,232,100,31,0,0,0,0,0,0,0,29
377,1110,3.88889,280,100,37,0,0,0,0,0,0,0,35
378,1060,3.24638,224,100,41,0,0,0,0,0,0,0,28
379,1014,2.49351,192,100,53,0,0,0,0,0,0,0,24
380,916,2.59155,184,100,48,0,0,0,0,0,0,0,23
381,952,2.88889,208,100,46,0,0,0,0,0,0,0,26
382,1032,2.98667,224,100,47,0,0,0,0,0,0,0,28
383,904,2.84932,208,100,47,0,0,0,0,0,0,0,26
384,990,3.13514,232,100,45,0,0,0,0,0,0,0,29
385,970,2.85714,200,100,45,0,0,0,0,0,0,0,25
386,1084,2.66667,200,100,50,0,0,0,0,0,0,0,25
387,1198,3.36232,232,100,40,0,0,0,0,0,0,0,29
388,982,3.10448,208,100,41,0,0,0,0,0,0,0,26
389,1048,3.42857,240,100,40,0,0,0,0,0,0,0,30
390,1146,3.13514,232,100,45,0,0,0,0,0,0,0,29
391,1052,3.69231,240,100,35,0,0,0,0,0,0,0,30
392,1020,3.83099,272,100,37,0,0,0,0,0,0,0,34
393,1034,3.01449,208,100,43,0,0,0,0,0,0,0,26
394,956,2.66667,192,100,48,0,0,0,0,0,0,0,24
395,1030,2.92958,208,100,45,0,0,0,0,0,0,0,26
396,956,3.01449,208,100,43,0,0,0,0,0,0,0,26
397,1170,2.91892,216,100,47,0,0,0,0,0,0,0,27
398,1164,3.51515,232,100,37,0,0,0,0,0,0,0,29
399,1178,3.44615,224,100,37,0,0,0,0,0,0,0,28
400,1270,3.29412,224,100,40,0,0,0,0,0,0,0,28
401,1244,3.41176,232,100,39,0,0,0,0,0,0,0,29
402,1184,4.24242,280,100,31,0,0,0,0,0,0,0,35
403,1108,4.48485,296,100,29,0,0,0,0,0,0,0,37
404,1006,4.18462,272,100,31,0,0,0,0,0,0,0,34
405,1000,3.93651,248,100,32,0,0,0,0,0,0,0,31
406,1080,3.63636,240,100,36,0,0,0,0,0,0,0,30
407,1022,3.87097,240,100,32,0,0,0,0,0,0,0,30
408,914,3.68254,232,100,34,0,0,0,0,0,0,0,29
409,990,3.38462,220,100,37,0,0,0,1,0,0,0,27
410,936,3.11765,212,100,41,0,0,0,1,0,0,0,26
411,1052,2.98507,200,100,42,0,0,0,0,0,0,0,25
412,1072,3.58209,240,100,37,0,0,0,0,0,0,0,30
413,1200,3.39394,224,100,38,0,0,0,0,0,0,0,28
414,1094,4.06349,256,100,31,0,0,0,0,0,0,0,32
415,1118,4.95238,312,100,24,0,0,0,0,0,0,0,39
416,1060,4.36364,288,100,30,0,0,0,0,0,0,0,36
417,1106,4.41791,296,100,30,0,0,0,0,0,0,0,37
418,1142,3.94203,272,100,35,0,0,0,0,0,0,0,34
419,1166,4.57143,320,100,30,0,0,0,0,0,0,0,40
420,1268,4.11765,280,100,33,0,0,0,0,0,0,0,35
421,1374,4.12121,272,100,32,0,0,0,0,0,0,0,34
422,1200,4.33898,256,100,27,0,0,0,0,0,0,0,32
423,1256,4.375,280,100,29,0,0,0,0,0,0,0,35
424,1340,4.57143,288,100,27,0,0,0,0,0,0,0,36
425,1474,5.06667,304,100,22,0,0,0,0,0,0,0,38
426,1438,4.95238,312,100,24,0,0,0,0,0,0,0,39
427,1484,5.03226,312,100,23,0,0,0,0,0,0,0,39
428,998,4.82759,280,100,23,0,0,0,0,0,0,0,35
429,1150,5.07937,320,100,23,0,0,0,0,0,0,0,40
430,1218,5.16129,320,100,22,0,0,0,0,0,0,0,40
431,1328,5.53846,360,100,20,0,0,0,0,0,0,0,45
432,1510,5.29231,344,100,22,0,0,0,0,0,0,0,43
433,1394,5.04615,328,100,24,0,0,0,0,0,0,0,41
434,1594,5.25373,352,100,23,0,0,0,0,0,0,0,44
435,1516,4.8,312,100,26,0,0,0,0,0,0,0,39
436,1400,4.90323,304,100,24,0,0,0,0,0,0,0,38
437,1362,4.85246,296,100,24,0,0,0,0,0,0,0,37
438,1428,4.72131,288,100,25,0,0,0,0,0,0,0,36
439,1612,5.04615,328,100,24,0,0,0,0,0,0,0,41
440,1800,4.29851,288,100,31,0,0,0,0,0,0,0,36
441,1938,4.30769,280,100,30,0,0,0,0,0,0,0,35
442,1996,4.625,296,100,27,0,0,0,0,0,0,0,37
443,1658,5.16923,336,100,23,0,0,0,0,0,0,0,42
444,1732,5.45455,360,100,21,0,0,0,0,0,0,0,45
445,1682,5.5873,352,100,19,0,0,0,0,0,0,0,44
446,1552,5.54839,344,100,19,0,0,0,0,0,0,0,43
447,1806,5.55932,328,100,18,0,0,0,0,0,0,0,41
448,1526,4.92308,320,100,25,0,0,0,0,0,0,0,40
449,1530,4.64516,288,100,26,0,0,0,0,0,0,0,36
450,1476,4.77419,296,100,25,0,0,0,0,0,0,0,37
451,1280,4.5,288,100,28,0,0,0,0,0,0,0,36
452,1342,4,264,100,33,0,0,0,0,0,0,0,33
453,1320,4.43077,288,100,29,0,0,0,0,0,0,0,36
454,1544,4.75,304,100,26,0,0,0,0,0,0,0,38
455,1370,5.2,312,100,21,0,0,0,0,0,0,0,39
456,1214,4.8254,304,100,25,0,0,0,0,0,0,0,38
457,1284,4,264,100,33,0,0,0,0,0,0,0,33
458,1252,3.81538,248,100,34,0,0,0,0,0,0,0,31
459,1148,4.12121,272,100,32,0,0,0,0,0,0,0,34
460,1178,4.61017,272,100,25,0,0,0,0,0,0,0,34
461,1172,4.44444,280,100,28,0,0,0,0,0,0,0,35
462,1140,4.31746,272,100,29,0,0,0,0,0,0,0,34
463,1232,3.87097,240,100,32,0,0,0,0,0,0,0,30
464,1168,4.66667,280,100,25,0,0,0,0,0,0,0,35
465,1110,4.12903,256,100,30,0,0,0,0,0,0,0,32
466,826,4.64516,288,100,26,0,0,0,0,0,0,0,36
467,916,4.06154,264,100,32,0,0,0,0,0,0,0,33
468,942,3.47826,240,100,39,0,0,0,0,0,0,0,30
469,1030,4.16901,296,100,34,0,0,0,0,0,0,0,37
470,1170,4.28169,304,100,33,0,0,0,0,0,0,0,38
471,1058,4.41791,296,100,30,0,0,0,0,0,0,0,37
472,1084,4.32787,264,100,28,0,0,0,0,0,0,0,33
473,1202,3.5,224,100,36,0,0,0,0,0,0,0,28
474,1484,4.18462,272,100,31,0,0,0,0,0,0,0,34
475,1094,4.31746,272,100,29,0,0,0,0,0,0,0,34
476,1118,4.07812,261,100,31,0,0,0,0,1,0,0,32
477,1124,4.45902,272,100,27,0,0,0,0,0,0,0,34
478,1096,3.74194,232,100,33,0,0,0,0,0,0,0,29
479,1286,4.12121,272,100,32,0,0,0,0,0,0,0,34
480,1470,4.12121,272,100,32,0,0,0,0,0,0,0,34
481,1444,3.81538,248,100,34,0,0,0,0,0,0,0,31
482,1460,4.1791,280,100,32,0,0,0,0,0,0,0,35
483,1452,4.06154,264,100,32,0,0,0,0,0,0,0,33
484,1538,3.70149,248,100,36,0,0,0,0,0,0,0,31
485,1592,3.51515,232,100,37,0,0,0,0,0,0,0,29
486,1514,3.875,248,100,33,0,0,0,0,0,0,0,31
487,1450,3.625,232,100,35,0,0,0,0,0,0,0,29
488,1204,4.06154,264,100,32,0,0,0,0,0,0,0,33
489,1214,4.28986,296,100,32,0,0,0,0,0,0,0,37
490,1336,4.25,272,100,30,0,0,0,0,0,0,0,34
491,1406,4.75,304,100,26,0,0,0,0,0,0,0,38
492,1416,4.51613,280,100,27,0,0,0,0,0,0,0,35
493,1266,4.95238,312,100,24,0,0,0,0,0,0,0,39
494,1112,4.47059,304,100,30,0,0,0,0,0,0,0,38
495,1210,4.9697,328,100,25,0,0,0,0,0,0,0,41
496,1208,4.23529,288,100,32,0,0,0,0,0,0,0,36
497,1032,4.77612,320,100,27,0,0,0,0,0,0,0,40
498,1250,4.89552,328,100,26,0,0,0,0,0,0,0,41
499,1106,4.47059,304,100,30,0,0,0,0,0,0,0,38
500,1216,4.57143,288,100,27,0,0,0,0,0,0,0,36
501,1200,4.53333,272,100,26,0,0,0,0,0,0,0,34
502,1172,4.44444,280,100,28,0,0,0,0,0,0,0,35
503,1200,4.46667,268,100,26,0,0,0,1,0,0,0,33
504,1406,4.61017,272,100,25,0,0,0,0,0,0,0,34
505,1394,4.88136,288,100,23,0,0,0,0,0,0,0,36
506,1498,4.57143,288,100,27,0,0,0,0,0,0,0,36
507,1486,4.26667,256,100,28,0,0,0,0,0,0,0,32
508,1400,3.9322,232,100,30,0,0,0,0,0,0,0,29
509,1260,4.20339,248,100,28,0,0,0,0,0,0,0,31
510,1294,3.92453,208,100,27,0,0,0,0,0,0,0,26
511,1132,3.86667,232,100,31,0,0,0,0,0,0,0,29
512,1120,4.66667,280,100,25,0,0,0,0,0,0,0,35
513,1266,4.125,264,100,31,0,0,0,0,0,0,0,33
514,1208,3.87879,256,100,34,0,0,0,0,0,0,0,32
515,1150,3.2,208,100,39,0,0,0,0,0,0,0,26
516,1394,3.75,240,100,34,0,0,0,0,0,0,0,30
517,1392,4,264,100,33,0,0,0,0,0,0,0,33
518,1492,3.80952,240,100,33,0,0,0,0,0,0,0,30
519,1594,3.81538,248,100,34,0,0,0,0,0,0,0,31
520,1368,4.06154,264,100,32,0,0,0,0,0,0,0,33
521,1156,3.09677,192,100,38,0,0,0,0,0,0,0,24
522,1282,3.32308,216,100,38,0,0,0,0,0,0,0,27
523,938,4,256,100,32,0,0,0,0,0,0,0,32
524,1012,3.8209,256,100,35,0,0,0,0,0,0,0,32
525,998,3.875,248,100,33,0,0,0,0,0,0,0,31
526,1016,3.88571,272,100,36,0,0,0,0,0,0,0,34
527,1046,3.61644,264,100,40,0,0,0,0,0,0,0,33
528,1106,3,216,100,45,0,0,0,0,0,0,0,27
529,1112,3.27273,216,100,39,0,0,0,0,0,0,0,27
530,976,3.01449,208,100,43,0,0,0,0,0,0,0,26
531,926,3.625,232,100,35,0,0,0,0,0,0,0,29
532,1084,4.06154,264,100,32,0,0,0,0,0,0,0,33
533,930,4.30769,280,100,30,0,0,0,0,0,0,0,35
534,1066,3.75758,248,100,35,0,0,0,0,0,0,0,31
535,1102,3.54286,248,100,39,0,0,0,0,0,0,0,31
536,1164,3.375,216,100,37,0,0,0,0,0,0,0,27
537,1006,4,256,100,32,0,0,0,0,0,0,0,32
538,986,4.06154,264,100,32,0,0,0,0,0,0,0,33
539,1120,4.24242,280,100,31,0,0,0,0,0,0,0,35
540,1066,4.17391,288,100,33,0,0,0,0,0,0,0,36
541,1108,3.27273,216,100,39,0,0,0,0,0,0,0,27
542,1020,3.29851,221,100,39,0,0,0,0,1,0,0,27
543,1010,4.53333,272,100,26,0,0,0,0,0,0,0,34
544,984,4,256,100,32,0,0,0,0,0,0,0,32
545,1044,4.06557,248,100,30,0,0,0,0,0,0,0,31
546,862,3.75,240,100,34,0,0,0,0,0,0,0,30
547,774,3.75,240,100,34,0,0,0,0,0,0,0,30
548,806,3.36232,232,100,40,0,0,0,0,0,0,0,29
549,852,4.12121,272,100,32,0,0,0,0,0,0,0,34
550,790,4.18462,272,100,31,0,0,0,0,0,0,0,34
551,896,4.28986,296,100,32,0,0,0,0,0,0,0,37
552,898,3.9403,264,100,34,0,0,0,0,0,0,0,33
553,822,4.375,280,100,29,0,0,0,0,0,0,0,35
554,820,4.47059,304,100,30,0,0,0,0,0,0,0,38
555,828,3.77778,272,100,38,0,0,0,0,0,0,0,34
556,832,3.36842,256,100,44,0,0,0,0,0,0,0,32
557,838,3.04286,213,100,43,0,0,0,0,1,0,0,26
558,814,3.51389,253,100,40,0,0,0,0,1,0,0,31
559,826,3.33333,240,100,42,0,0,0,0,0,0,0,30
560,860,3.62667,272,100,41,0,0,0,0,0,0,0,34
561,926,3.11688,240,100,47,0,0,0,0,0,0,0,30
562,866,3.71014,256,100,37,0,0,0,0,0,0,0,32
563,922,4.05634,288,100,35,0,0,0,0,0,0,0,36
564,858,3.68421,280,100,41,0,0,0,0,0,0,0,35
565,892,3.65714,256,100,38,0,0,0,0,0,0,0,32
566,836,3.83099,272,100,37,0,0,0,0,0,0,0,34
567,902,3.95588,269,100,34,0,0,0,0,1,0,0,33
568,812,3.71831,264,100,38,0,0,0,0,0,0,0,33
569,836,3.08571,216,100,43,0,0,0,0,0,0,0,27
570,828,3.33333,240,100,42,0,0,0,0,0,0,0,30
571,888,3.67568,272,100,40,0,0,0,0,0,0,0,34
572,796,3.89552,261,100,34,0,0,0,0,1,0,0,32
573,734,2.81429,197,100,45,0,0,0,0,1,0,0,24
574,778,2.82353,192,100,44,0,0,0,0,0,0,0,24
575,834,3.49296,248,100,40,0,0,0,0,0,0,0,31
576,930,3.39726,248,100,42,0,0,0,0,0,0,0,31
577,880,2.88,216,100,48,0,0,0,0,0,0,0,27
578,832,2.92958,208,100,45,0,0,0,0,0,0,0,26
579,854,3.13043,216,100,42,0,0,0,0,0,0,0,27
580,748,3.15493,224,100,43,0,0,0,0,0,0,0,28
581,838,3.22222,232,100,43,0,0,0,0,0,0,0,29
582,842,2.73418,216,100,52,0,0,0,0,0,0,0,27
583,896,2.31579,176,100,54,0,0,0,0,0,0,0,22
584,782,2.52,189,100,51,0,0,0,0,1,0,0,23
585,762,2.77465,197,100,46,0,0,0,0,1,0,0,24
586,856,2.58571,181,100,47,0,0,0,0,1,0,0,22
587,952,2.97143,208,100,44,0,0,0,0,0,0,0,26
588,862,2.4,168,100,49,0,0,0,0,0,0,0,21
589,920,2.14085,152,100,52,0,0,0,0,0,0,0,19
590,926,2.78261,192,100,45,0,0,0,0,0,0,0,24
591,964,2.61111,188,100,48,0,0,0,1,0,0,0,23
592,906,2.74627,184,100,44,0,0,0,0,0,0,0,23
593,854,2.89855,200,100,44,0,0,0,0,0,0,0,25
594,838,2.82353,192,100,44,0,0,0,0,0,0,0,24
595,834,3.01449,208,100,43,0,0,0,0,0,0,0,26
596,920,2.89855,200,100,44,0,0,0,0,0,0,0,25
597,790,2.02817,144,100,53,0,0,0,0,0,0,0,18
598,932,2.84932,208,100,47,0,0,0,0,0,0,0,26
599,946,2.51429,176,100,48,0,0,0,0,0,0,0,22
600,854,1.91045,128,100,51,0,0,0,0,0,0,0,16
601,968,2,144,100,54,0,0,0,0,0,0,0,18
602,960,2.22222,160,100,52,0,0,0,0,0,0,0,20
603,1022,2.25352,160,100,51,0,0,0,0,0,0,0,20
604,928,2.70769,176,100,43,0,0,0,0,0,0,0,22
605,936,2.89855,200,100,44,0,0,0,0,0,0,0,25
606,872,3.10448,208,100,41,0,0,0,0,0,0,0,26
607,1028,2.66667,192,100,48,0,0,0,0,0,0,0,24
608,1004,2.94118,200,100,43,0,0,0,0,0,0,0,25
609,1046,3.51515,232,100,37,0,0,0,0,0,0,0,29
610,982,3.87097,240,100,32,0,0,0,0,0,0,0,30
611,1024,3.52941,240,100,38,0,0,0,0,0,0,0,30
612,884,3.0303,200,100,41,0,0,0,0,0,0,0,25
613,980,2.62687,176,100,45,0,0,0,0,0,0,0,22
614,854,3.04762,192,100,39,0,0,0,0,0,0,0,24
615,932,3.39394,224,100,38,0,0,0,0,0,0,0,28
616,1102,3.0303,200,100,41,0,0,0,0,0,0,0,25
617,896,3.375,216,100,37,0,0,0,0,0,0,0,27
618,992,3.52941,240,100,38,0,0,0,0,0,0,0,30
619,1098,3.01449,208,100,43,0,0,0,0,0,0,0,26
620,1194,3.38028,240,100,41,0,0,0,0,0,0,0,30
621,1290,3.24638,224,100,41,0,0,0,0,0,0,0,28
622,1302,3.11111,224,100,44,0,0,0,0,0,0,0,28
623,1458,3.2,224,100,42,0,0,0,0,0,0,0,28
624,1198,3.31429,232,100,41,0,0,0,0,0,0,0,29
625,1340,3.33333,240,100,42,0,0,0,0,0,0,0,30
626,1092,3.13043,216,100,42,0,0,0,0,0,0,0,27
627,1014,3.04225,216,100,44,0,0,0,0,0,0,0,27
628,1050,2.77778,200,100,47,0,0,0,0,0,0,0,25
629,1138,3.17808,232,100,44,0,0,0,0,0,0,0,29
630,1150,3.35135,248,100,43,0,0,0,0,0,0,0,31
631,1086,3.94203,272,100,35,0,0,0,0,0,0,0,34
632,1182,4.36364,288,100,30,0,0,0,0,0,0,0,36
633,988,4.75,304,100,26,0,0,0,0,0,0,0,38
634,1050,3.9403,264,100,34,0,0,0,0,0,0,0,33
635,996,3.0303,200,100,41,0,0,0,0,0,0,0,25
636,1148,3.94203,272,100,35,0,0,0,0,0,0,0,34
637,1322,4.55385,296,100,28,0,0,0,0,0,0,0,37
638,998,4.1791,280,100,32,0,0,0,0,0,0,0,35
639,1122,3.82609,264,100,36,0,0,0,0,0,0,0,33
640,1102,3.10448,208,100,41,0,0,0,0,0,0,0,26
641,1122,3.80952,240,100,33,0,0,0,0,0,0,0,30
642,1156,4,264,100,33,0,0,0,0,0,0,0,33
643,1274,4.6875,300,100,26,0,0,0,1,0,0,0,37
644,1046,3.625,232,100,35,0,0,0,0,0,0,0,29
645,1080,3.47826,240,100,39,0,0,0,0,0,0,0,30
646,1226,3.29412,224,100,40,0,0,0,0,0,0,0,28
647,1228,4,272,100,34,0,0,0,0,0,0,0,34
648,1042,3.81538,248,100,34,0,0,0,0,0,0,0,31
649,874,3.70312,237,100,34,0,0,0,0,1,0,0,29
650,1054,3.89231,253,100,33,0,0,0,0,1,0,0,31
651,1156,3.41791,229,100,38,0,0,0,0,1,0,0,28
652,1120,3.34848,221,100,38,0,0,0,0,1,0,0,27
653,1168,3.88889,245,100,32,0,0,0,0,1,0,0,30
654,1236,3.73611,269,100,38,0,0,0,0,1,0,0,33
655,1158,4.07812,261,100,31,0,0,0,0,1,0,0,32
656,1166,3.04762,192,100,39,0,0,0,0,0,0,0,24
657,1390,4.125,264,100,31,0,0,0,0,0,0,0,33
658,1530,3.625,232,100,35,0,0,0,0,0,0,0,29
659,1298,3.52542,208,100,33,0,0,0,0,0,0,0,26
660,1208,3.68254,232,100,34,0,0,0,0,0,0,0,29
661,982,3.80952,240,100,33,0,0,0,0,0,0,0,30
662,970,3.64706,248,100,37,0,0,0,0,0,0,0,31
663,996,3.47826,240,100,39,0,0,0,0,0,0,0,30
664,902,3.6875,236,100,34,0,0,0,1,0,0,0,29
665,974,2.74627,184,100,44,0,0,0,0,0,0,0,23
666,1234,3.54286,248,100,39,0,0,0,0,0,0,0,31
667,1074,3.30159,208,100,37,0,0,0,0,0,0,0,26
668,1056,3.26761,232,100,42,0,0,0,0,0,0,0,29
669,934,3.5942,248,100,38,0,0,0,0,0,0,0,31
670,984,2.9589,216,100,46,0,0,0,0,0,0,0,27
671,956,3.08571,216,100,43,0,0,0,0,0,0,0,27
672,838,3.15493,224,100,43,0,0,0,0,0,0,0,28
673,904,2.88889,208,100,46,0,0,0,0,0,0,0,26
674,750,2.73973,200,100,48,0,0,0,0,0,0,0,25
675,790,2.91892,216,100,47,0,0,0,0,0,0,0,27
676,1000,3.02703,224,100,46,0,0,0,0,0,0,0,28
677,1042,2.94118,200,100,43,0,0,0,0,0,0,0,25
678,1046,3.39394,224,100,38,0,0,0,0,0,0,0,28
679,1128,3.76471,256,100,36,0,0,0,0,0,0,0,32
680,1060,3.51515,232,100,37,0,0,0,0,0,0,0,29
681,1178,3.56338,253,100,39,0,0,0,0,1,0,0,31
682,1190,3.82609,264,100,36,0,0,0,0,0,0,0,33
683,980,3.65714,256,100,38,0,0,0,0,0,0,0,32
684,1048,4.12121,272,100,32,0,0,0,0,0,0,0,34
685,1000,3.06849,224,100,45,0,0,0,0,0,0,0,28
686,1002,4.10811,304,100,36,0,0,0,0,0,0,0,38
687,1016,3.82609,264,100,36,0,0,0,0,0,0,0,33
688,1000,4.16901,296,100,34,0,0,0,0,0,0,0,37
689,930,4.05195,312,100,38,0,0,0,0,0,0,0,39
690,1014,3.17808,232,100,44,0,0,0,0,0,0,0,29
691,900,3.42857,240,100,40,0,0,0,0,0,0,0,30
692,958,3.38028,240,100,41,0,0,0,0,0,0,0,30
693,910,4.12121,272,100,32,0,0,0,0,0,0,0,34
694,952,3.06849,224,100,45,0,0,0,0,0,0,0,28
695,908,3.36232,232,100,40,0,0,0,0,0,0,0,29
696,758,3.27273,216,100,39,0,0,0,0,0,0,0,27
697,796,3.55556,256,100,40,0,0,0,0,0,0,0,32
698,822,3.13699,229,100,44,0,0,0,0,1,0,0,28
699,936,3.33333,240,100,42,0,0,0,0,0,0,0,30
700,924,3.13043,216,100,42,0,0,0,0,0,0,0,27
701,980,3.38028,240,100,41,0,0,0,0,0,0,0,30
702,958,4.28169,304,100,33,0,0,0,0,0,0,0,38
703,922,4.11111,296,100,35,0,0,0,0,0,0,0,37
704,924,4,280,100,35,0,0,0,0,0,0,0,35
705,946,3.94366,280,100,36,0,0,0,0,0,0,0,35
706,902,4.47059,304,100,30,0,0,0,0,0,0,0,38
707,902,4.77612,320,100,27,0,0,0,0,0,0,0,40
708,972,5.29231,344,100,22,0,0,0,0,0,0,0,43
709,834,5.10345,296,100,21,0,0,0,0,0,0,0,37
710,792,5.03226,312,100,23,0,0,0,0,0,0,0,39
711,948,4.75,304,100,26,0,0,0,0,0,0,0,38
712,818,4.64516,288,100,26,0,0,0,0,0,0,0,36
713,786,4.48485,296,100,29,0,0,0,0,0,0,0,37
714,852,4.19048,264,100,30,0,0,0,0,0,0,0,33
715,908,4.11765,280,100,33,0,0,0,0,0,0,0,35
716,770,4.18462,272,100,31,0,0,0,0,0,0,0,34
717,848,3.74194,232,100,33,0,0,0,0,0,0,0,29
718,754,3.5,224,100,36,0,0,0,0,0,0,0,28
719,838,3.75,240,100,34,0,0,0,0,0,0,0,30
720,846,4.19048,264,100,30,0,0,0,0,0,0,0,33
721,908,4.11765,280,100,33,0,0,0,0,0,0,0,35
722,866,4,272,100,34,0,0,0,0,0,0,0,34
723,852,3.2,224,100,42,0,0,0,0,0,0,0,28
724,868,4.11765,280,100,33,0,0,0,0,0,0,0,35
725,904,3.88235,264,100,35,0,0,0,0,0,0,0,33
726,988,3.49296,248,100,40,0,0,0,0,0,0,0,31
727,904,3.27273,216,100,39,0,0,0,0,0,0,0,27
728,768,3.51515,232,100,37,0,0,0,0,0,0,0,29
729,846,3.2,224,100,42,0,0,0,0,0,0,0,28
730,922,3.8209,256,100,35,0,0,0,0,0,0,0,32
731,918,4.53731,304,100,29,0,0,0,0,0,0,0,38
732,968,5,320,100,24,0,0,0,0,0,0,0,40
733,1110,4.33333,312,100,33,0,0,0,0,0,0,0,39
734,880,4.12121,272,100,32,0,0,0,0,0,0,0,34
735,896,3.87879,256,100,34,0,0,0,0,0,0,0,32
736,916,3.80952,240,100,33,0,0,0,0,0,0,0,30
737,866,3.33333,240,100,42,0,0,0,0,0,0,0,30
738,1072,3.26761,232,100,42,0,0,0,0,0,0,0,29
739,1016,2.84932,208,100,47,0,0,0,0,0,0,0,26
740,910,2.86567,192,100,43,0,0,0,0,0,0,0,24
741,768,3,216,100,45,0,0,0,0,0,0,0,27
742,886,3.31429,232,100,41,0,0,0,0,0,0,0,29
743,864,2.83077,184,100,42,0,0,0,0,0,0,0,23
744,866,3.29412,224,100,40,0,0,0,0,0,0,0,28
745,864,2.90909,192,100,42,0,0,0,0,0,0,0,24
746,830,2.74627,184,100,44,0,0,0,0,0,0,0,23
747,790,2.98507,200,100,42,0,0,0,0,0,0,0,25
748,894,3.36232,232,100,40,0,0,0,0,0,0,0,29
749,864,3.56338,253,100,39,0,0,0,0,1,0,0,31
750,908,3.5,245,100,39,0,0,0,0,1,0,0,30
751,836,2.91781,213,100,46,0,0,0,0,1,0,0,26
752,884,2.81081,208,100,48,0,0,0,0,0,0,0,26
753,972,2.46154,192,100,54,0,0,0,0,0,0,0,24
754,910,2.88889,208,100,46,0,0,0,0,0,0,0,26
755,928,3,216,100,45,0,0,0,0,0,0,0,27
756,862,3.50685,256,100,41,0,0,0,0,0,0,0,32
757,864,3.42857,264,100,44,0,0,0,0,0,0,0,33
758,942,3.24324,240,100,44,0,0,0,0,0,0,0,30
759,926,2.91892,216,100,47,0,0,0,0,0,0,0,27
760,908,3.28767,240,100,43,0,0,0,0,0,0,0,30
761,898,3.61644,264,100,40,0,0,0,0,0,0,0,33
762,812,3.41176,232,100,39,0,0,0,0,0,0,0,29
763,756,2.62857,184,100,47,0,0,0,0,0,0,0,23
764,720,3.26761,232,100,42,0,0,0,0,0,0,0,29
765,882,3.5942,248,100,38,0,0,0,0,0,0,0,31
766,900,3.13043,216,100,42,0,0,0,0,0,0,0,27
767,860,2.66667,184,100,46,0,0,0,0,0,0,0,23
768,808,2.90909,192,100,42,0,0,0,0,0,0,0,24
769,866,3.01449,208,100,43,0,0,0,0,0,0,0,26
770,918,2.85714,200,100,45,0,0,0,0,0,0,0,25
771,950,2.80519,216,100,50,0,0,0,0,0,0,0,27
772,916,2.66667,192,100,48,0,0,0,0,0,0,0,24
773,874,2.88,216,100,48,0,0,0,0,0,0,0,27
774,898,2.5641,200,100,53,0,0,0,0,0,0,0,25
775,940,2.31579,176,100,54,0,0,0,0,0,0,0,22
776,986,2.31579,176,100,54,0,0,0,0,0,0,0,22
777,982,2.73973,200,100,48,0,0,0,0,0,0,0,25
778,986,3.5942,248,100,38,0,0,0,0,0,0,0,31
779,938,3.88235,264,100,35,0,0,0,0,0,0,0,33
780,770,2.89855,200,100,44,0,0,0,0,0,0,0,25
781,816,3.47826,240,100,39,0,0,0,0,0,0,0,30
782,862,3.60563,256,100,39,0,0,0,0,0,0,0,32
783,990,3.83562,280,100,38,0,0,0,0,0,0,0,35
784,864,3.15493,224,100,43,0,0,0,0,0,0,0,28
785,864,3.47826,240,100,39,0,0,0,0,0,0,0,30
786,810,3.13514,232,100,45,0,0,0,0,0,0,0,29
787,836,3.2,240,100,45,0,0,0,0,0,0,0,30
788,912,2.90909,224,100,49,0,0,0,0,0,0,0,28
789,928,3.02703,224,100,46,0,0,0,0,0,0,0,28
790,832,2.70423,192,100,47,0,0,0,0,0,0,0,24
791,948,3.36232,232,100,40,0,0,0,0,0,0,0,29
792,1042,3.17808,232,100,44,0,0,0,0,0,0,0,29
793,898,3.8209,256,100,35,0,0,0,0,0,0,0,32
794,774,3.9403,264,100,34,0,0,0,0,0,0,0,33
795,846,4,272,100,34,0,0,0,0,0,0,0,34
796,778,3.71831,264,100,38,0,0,0,0,0,0,0,33
797,938,4.29851,288,100,31,0,0,0,0,0,0,0,36
798,792,3.65714,256,100,38,0,0,0,0,0,0,0,32
799,792,4.36364,288,100,30,0,0,0,0,0,0,0,36
800,826,3.51515,232,100,37,0,0,0,0,0,0,0,29
801,788,4.12903,256,100,30,0,0,0,0,0,0,0,32
802,808,3.68254,232,100,34,0,0,0,0,0,0,0,29
803,812,4.24242,280,100,31,0,0,0,0,0,0,0,35
804,832,4.60606,304,100,28,0,0,0,0,0,0,0,38
805,798,4.19048,264,100,30,0,0,0,0,0,0,0,33
806,810,4.25,272,100,30,0,0,0,0,0,0,0,34
807,840,3.34328,224,100,39,0,0,0,0,0,0,0,28
808,792,3.58209,240,100,37,0,0,0,0,0,0,0,30
809,840,3.15493,224,100,43,0,0,0,0,0,0,0,28
810,792,2.47887,176,100,49,0,0,0,0,0,0,0,22
811,916,3.5493,252,100,39,0,0,0,1,0,0,0,31
812,812,3.60294,245,100,37,0,0,0,0,1,0,0,30
813,814,2.8169,200,100,46,0,0,0,0,0,0,0,25
814,934,3.61644,264,100,40,0,0,0,0,0,0,0,33
815,990,3.45946,256,100,42,0,0,0,0,0,0,0,32
816,1000,3.71014,256,100,37,0,0,0,0,0,0,0,32
817,1016,3.36232,232,100,40,0,0,0,0,0,0,0,29
818,1134,2.81081,208,100,48,0,0,0,0,0,0,0,26
819,1118,3.26761,232,100,42,0,0,0,0,0,0,0,29
820,1112,3.2,224,100,42,0,0,0,0,0,0,0,28
821,1058,2.90909,192,100,42,0,0,0,0,0,0,0,24
822,1084,2.94118,200,100,43,0,0,0,0,0,0,0,25
823,972,2.8169,200,100,46,0,0,0,0,0,0,0,25
824,1092,3.29412,224,100,40,0,0,0,0,0,0,0,28
825,1066,3.34328,224,100,39,0,0,0,0,0,0,0,28
826,978,3.6,216,100,33,0,0,0,0,0,0,0,27
827,1038,3.10448,208,100,41,0,0,0,0,0,0,0,26
828,1046,3.29412,224,100,40,0,0,0,0,0,0,0,28
829,1038,3,192,100,40,0,0,0,0,0,0,0,24
830,950,3.2,208,100,39,0,0,0,0,0,0,0,26
831,980,2.70769,176,100,43,0,0,0,0,0,0,0,22
832,964,2.98507,200,100,42,0,0,0,0,0,0,0,25
833,1002,3.51515,232,100,37,0,0,0,0,0,0,0,29
834,940,3.05882,208,100,42,0,0,0,0,0,0,0,26
835,1014,2.70968,168,100,41,0,0,0,0,0,0,0,21
836,648,3.22807,184,100,34,0,0,0,0,0,0,0,23
837,824,3.40984,208,100,35,0,0,0,0,0,0,0,26
838,948,3.55556,224,100,35,0,0,0,0,0,0,0,28
839,890,2.96774,184,100,39,0,0,0,0,0,0,0,23
840,936,2.96774,184,100,39,0,0,0,0,0,0,0,23
841,942,2.43478,168,100,48,0,0,0,0,0,0,0,21
842,988,2.50746,168,100,46,0,0,0,0,0,0,0,21
843,1046,2.4,168,100,49,0,0,0,0,0,0,0,21
844,1002,2.50746,168,100,46,0,0,0,0,0,0,0,21
845,912,3.44615,224,100,37,0,0,0,0,0,0,0,28
846,940,3.32308,216,100,38,0,0,0,0,0,0,0,27
847,926,2.77778,200,100,47,0,0,0,0,0,0,0,25
848,1156,3.22222,232,100,43,0,0,0,0,0,0,0,29
849,854,3.27273,216,100,39,0,0,0,0,0,0,0,27
850,934,3.42857,240,100,40,0,0,0,0,0,0,0,30
851,998,4.48485,296,100,29,0,0,0,0,0,0,0,37
852,936,4.0597,272,100,33,0,0,0,0,0,0,0,34
853,1068,4.31818,285,100,30,0,0,0,0,1,0,0,35
854,1002,4,280,100,35,0,0,0,0,0,0,0,35
855,894,3.10448,208,100,41,0,0,0,0,0,0,0,26
856,918,2.66667,192,100,48,0,0,0,0,0,0,0,24
857,1040,3.26761,232,100,42,0,0,0,0,0,0,0,29
858,1140,3.49296,248,100,40,0,0,0,0,0,0,0,31
859,1004,3.39394,224,100,38,0,0,0,0,0,0,0,28
860,1030,2.97143,208,100,44,0,0,0,0,0,0,0,26
861,966,2.70423,192,100,47,0,0,0,0,0,0,0,24
862,886,2.43478,168,100,48,0,0,0,0,0,0,0,21
863,1030,2.59155,184,100,48,0,0,0,0,0,0,0,23
864,924,1.76471,120,100,53,0,0,0,0,0,0,0,15
865,886,1.88235,128,100,52,0,0,0,0,0,0,0,16
866,988,2.22222,160,100,52,0,0,0,0,0,0,0,20
867,1038,2.66667,184,100,46,0,0,0,0,0,0,0,23
868,1056,2.48649,184,100,51,0,0,0,0,0,0,0,23
869,1114,2.66667,192,100,48,0,0,0,0,0,0,0,24
870,1012,2.85714,200,100,45,0,0,0,0,0,0,0,25
871,1058,2.46154,192,100,54,0,0,0,0,0,0,0,24
872,1140,3.52,264,100,42,0,0,0,0,0,0,0,33
873,1022,3.01449,208,100,43,0,0,0,0,0,0,0,26
874,916,3.05882,208,100,42,0,0,0,0,0,0,0,26
875,900,2.78788,184,100,43,0,0,0,0,0,0,0,23
876,1076,3.24324,240,100,44,0,0,0,0,0,0,0,30
877,1164,2.92958,208,100,45,0,0,0,0,0,0,0,26
878,1124,3.69231,240,100,35,0,0,0,0,0,0,0,30
879,892,3.69231,240,100,35,0,0,0,0,0,0,0,30
880,914,3.54286,248,100,39,0,0,0,0,0,0,0,31
881,976,4.13043,285,100,33,0,0,0,0,1,0,0,35
882,1028,3.78261,261,100,36,0,0,0,0,1,0,0,32
883,1018,3.78873,269,100,37,0,0,0,0,1,0,0,33
884,1120,3.89189,288,100,38,0,0,0,0,0,0,0,36
885,1046,3.9403,264,100,34,0,0,0,0,0,0,0,33
886,924,4.4058,304,100,31,0,0,0,0,0,0,0,38
887,1002,3.78378,280,100,39,0,0,0,0,0,0,0,35
888,1042,3.72603,272,100,39,0,0,0,0,0,0,0,34
889,978,3.11111,224,100,44,0,0,0,0,0,0,0,28
890,878,3.875,248,100,33,0,0,0,0,0,0,0,31
891,940,3.54286,248,100,39,0,0,0,0,0,0,0,31
892,940,3.70149,248,100,36,0,0,0,0,0,0,0,31
893,994,2.97143,208,100,44,0,0,0,0,0,0,0,26
894,1094,3.2,224,100,42,0,0,0,0,0,0,0,28
895,1054,2.92958,208,100,45,0,0,0,0,0,0,0,26
896,956,2.94118,200,100,43,0,0,0,0,0,0,0,25
897,850,3.0303,200,100,41,0,0,0,0,0,0,0,25
898,972,2.73973,200,100,48,0,0,0,0,0,0,0,25
899,974,3.17808,232,100,44,0,0,0,0,0,0,0,29
900,894,3.0303,200,100,41,0,0,0,0,0,0,0,25
901,908,3.25,208,100,38,0,0,0,0,0,0,0,26
902,930,2.43478,168,100,48,0,0,0,0,0,0,0,21
903,966,3.15152,208,100,40,0,0,0,0,0,0,0,26
904,834,2.42424,160,100,46,0,0,0,0,0,0,0,20
905,970,2.59155,184,100,48,0,0,0,0,0,0,0,23
906,962,2.25352,160,100,51,0,0,0,0,0,0,0,20
907,858,2.78261,192,100,45,0,0,0,0,0,0,0,24
908,956,2.81081,208,100,48,0,0,0,0,0,0,0,26
909,898,3.54286,248,100,39,0,0,0,0,0,0,0,31
910,850,3.29412,224,100,40,0,0,0,0,0,0,0,28
911,838,2.95652,204,100,43,0,0,0,1,0,0,0,25
912,920,4.17391,288,100,33,0,0,0,0,0,0,0,36
913,942,3.28767,240,100,43,0,0,0,0,0,0,0,30
914,1016,2.94737,224,100,48,0,0,0,0,0,0,0,28
915,946,3.22388,216,100,40,0,0,0,0,0,0,0,27
916,930,3.09859,220,100,43,0,0,0,1,0,0,0,27
917,1054,3.38889,244,100,41,0,0,0,1,0,0,0,30
918,1070,2.98592,212,100,44,0,0,0,1,0,0,0,26
919,1096,3.88732,276,100,36,0,0,0,1,0,0,0,34
920,1110,4.11268,292,100,34,0,0,0,1,0,0,0,36
921,1078,3.82609,264,100,36,0,0,0,0,0,0,0,33
922,1090,4.1791,280,100,32,0,0,0,0,0,0,0,35
923,1062,3.65714,256,100,38,0,0,0,0,0,0,0,32
924,978,3.47826,240,100,39,0,0,0,0,0,0,0,30
925,916,3.17647,216,100,41,0,0,0,0,0,0,0,27
926,1060,3.84286,269,100,36,0,0,0,0,1,0,0,33
927,1070,3,213,100,44,0,0,0,0,1,0,0,26
928,1082,3.17808,232,100,44,0,0,0,0,0,0,0,29
929,910,3.22727,213,100,39,0,0,0,0,1,0,0,26
930,870,2.81429,197,100,45,0,0,0,0,1,0,0,24
931,798,3.34848,221,100,38,0,0,0,0,1,0,0,27
932,826,3.38983,200,100,34,0,0,0,0,0,0,0,25
933,916,4.11765,280,100,33,0,0,0,0,0,0,0,35
934,878,4.06557,248,100,30,0,0,0,0,0,0,0,31
935,804,3.56923,232,100,36,0,0,0,0,0,0,0,29
936,900,3.93651,248,100,32,0,0,0,0,0,0,0,31
937,1004,4.32787,264,100,28,0,0,0,0,0,0,0,33
938,812,4.13559,244,100,28,0,0,0,1,0,0,0,30
939,880,4.55385,296,100,28,0,0,0,0,0,0,0,37
940,1048,4.57143,320,100,30,0,0,0,0,0,0,0,40
941,986,4.22857,296,100,33,0,0,0,0,0,0,0,37
942,906,3.88235,264,100,35,0,0,0,0,0,0,0,33
943,906,3.47826,240,100,39,0,0,0,0,0,0,0,30
944,932,3.15493,224,100,43,0,0,0,0,0,0,0,28
945,966,3.61644,264,100,40,0,0,0,0,0,0,0,33
946,1010,3.42857,240,100,40,0,0,0,0,0,0,0,30
947,988,1.81333,136,100,58,0,0,0,0,0,0,0,17
948,914,2.55556,184,100,49,0,0,0,0,0,0,0,23
949,832,2.62857,184,100,47,0,0,0,0,0,0,0,23
950,850,2.84932,208,100,47,0,0,0,0,0,0,0,26
951,934,3.02703,224,100,46,0,0,0,0,0,0,0,28
952,1016,2.38961,184,100,54,0,0,0,0,0,0,0,23
953,944,2.15385,168,100,57,0,0,0,0,0,0,0,21
954,1002,2.46154,192,100,54,0,0,0,0,0,0,0,24
955,876,2.88889,208,100,46,0,0,0,0,0,0,0,26
956,858,3.72603,272,100,39,0,0,0,0,0,0,0,34
957,836,3.84,288,100,39,0,0,0,0,0,0,0,36
958,892,3.61644,264,100,40,0,0,0,0,0,0,0,33
959,914,3.55556,256,100,40,0,0,0,0,0,0,0,32
960,772,3.42857,240,100,40,0,0,0,0,0,0,0,30
961,966,2.98667,224,100,47,0,0,0,0,0,0,0,28
962,958,2.73973,200,100,48,0,0,0,0,0,0,0,25
963,980,3.39726,248,100,42,0,0,0,0,0,0,0,31
964,886,3.17808,232,100,44,0,0,0,0,0,0,0,29
965,942,2.59459,192,100,50,0,0,0,0,0,0,0,24
966,920,2.89855,200,100,44,0,0,0,0,0,0,0,25
967,968,3.22222,232,100,43,0,0,0,0,0,0,0,29
968,1122,2.98667,224,100,47,0,0,0,0,0,0,0,28
969,932,3.22222,232,100,43,0,0,0,0,0,0,0,29
970,954,3.01449,208,100,43,0,0,0,0,0,0,0,26
971,996,3.625,232,100,35,0,0,0,0,0,0,0,29
972,998,3.46269,232,100,38,0,0,0,0,0,0,0,29
973,976,3.88235,264,100,35,0,0,0,0,0,0,0,33
974,1024,3.8209,256,100,35,0,0,0,0,0,0,0,32
975,1182,4.43077,288,100,29,0,0,0,0,0,0,0,36
976,1106,4.34483,252,100,26,0,0,0,1,0,0,0,31
977,934,4,232,100,29,0,0,0,0,0,0,0,29
978,1054,4,232,100,29,0,0,0,0,0,0,0,29
979,1088,4.59016,280,100,26,0,0,0,0,0,0,0,35
980,924,4.88889,264,100,21,0,0,0,0,0,0,0,33
981,1016,5.33333,288,100,18,0,0,0,0,0,0,0,36
982,960,5.19298,296,100,20,0,0,0,0,0,0,0,37
983,838,5.23636,288,100,19,0,0,0,0,0,0,0,36
984,926,4.8254,304,100,25,0,0,0,0,0,0,0,38
985,924,4.85714,272,100,22,0,0,0,0,0,0,0,34
986,922,4.93333,296,100,23,0,0,0,0,0,0,0,37
987,872,4.72131,288,100,25,0,0,0,0,0,0,0,36
988,916,4.85246,296,100,24,0,0,0,0,0,0,0,37
989,884,3.72414,216,100,31,0,0,0,0,0,0,0,27
990,840,3.38983,200,100,34,0,0,0,0,0,0,0,25
991,918,4.19048,264,100,30,0,0,0,0,0,0,0,33
992,882,4.61017,272,100,25,0,0,0,0,0,0,0,34
993,786,4.32787,264,100,28,0,0,0,0,0,0,0,33
994,904,4.12121,272,100,32,0,0,0,0,0,0,0,34
995,918,5.42373,320,100,19,0,0,0,0,0,0,0,40
996,922,4.55385,296,100,28,0,0,0,0,0,0,0,37
997,906,5.2,312,100,21,0,0,0,0,0,0,0,39
998,900,4.66667,280,100,25,0,0,0,0,0,0,0,35
999,988,4.18462,272,100,31,0,0,0,0,0,0,0,34
