update,points,mean_tasks,total_tasks,total_orgs,task_0,task_1,task_2,task_3,task_4,task_5,task_6,task_7,task_8
0,0,nan,0,10,0,0,0,0,0,0,0,0,0
1,16,0,0,10,7,0,0,0,0,0,0,0,0
2,18,1,8,10,7,0,0,0,0,0,0,0,1
3,34,1,8,10,7,0,0,0,0,0,0,0,1
4,86,1.77778,16,11,7,0,0,0,0,0,0,0,2
5,72,1.77778,16,12,7,0,0,0,0,0,0,0,2
6,44,1.77778,16,14,7,0,0,0,0,0,0,0,2
7,62,2.4,24,15,7,0,0,0,0,0,0,0,3
8,78,2.18182,24,15,8,0,0,0,0,0,0,0,3
9,70,2.18182,24,16,8,0,0,0,0,0,0,0,3
10,114,2.46154,32,17,9,0,0,0,0,0,0,0,4
11,110,2.28571,32,18,10,0,0,0,0,0,0,0,4
12,88,2.28571,32,20,10,0,0,0,0,0,0,0,4
13,104,2.13333,32,20,11,0,0,0,0,0,0,0,4
14,102,2.13333,32,21,11,0,0,0,0,0,0,0,4
15,116,2,32,21,12,0,0,0,0,0,0,0,4
16,106,2,32,21,12,0,0,0,0,0,0,0,4
17,84,1.88235,32,23,13,0,0,0,0,0,0,0,4
18,114,1.68421,32,23,15,0,0,0,0,0,0,0,4
19,126,1.68421,32,23,15,0,0,0,0,0,0,0,4
20,114,1.68421,32,25,15,0,0,0,0,0,0,0,4
21,142,1.14286,24,25,18,0,0,0,0,0,0,0,3
22,168,1.14286,24,25,18,0,0,0,0,0,0,0,3
23,158,1.2,24,25,17,0,0,0,0,0,0,0,3
24,140,1.26316,24,25,16,0,0,0,0,0,0,0,3
25,134,1.14286,24,27,18,0,0,0,0,0,0,0,3
26,106,1.09091,24,29,19,0,0,0,0,0,0,0,3
27,134,0.96,24,29,22,0,0,0,0,0,0,0,3
28,142,0.96,24,31,22,0,0,0,0,0,0,0,3
29,182,0.923077,24,31,23,0,0,0,0,0,0,0,3
30,178,0.96,24,32,22,0,0,0,0,0,0,0,3
31,184,0.923077,24,32,23,0,0,0,0,0,0,0,3
32,180,0.888889,24,33,24,0,0,0,0,0,0,0,3
33,168,0.888889,24,34,24,0,0,0,0,0,0,0,3
34,200,0.8,24,35,27,0,0,0,0,0,0,0,3
35,236,0.75,24,35,29,0,0,0,0,0,0,0,3
36,214,0.774194,24,38,28,0,0,0,0,0,0,0,3
37,230,0.969697,32,38,29,0,0,0,0,0,0,0,4
38,236,0.941176,32,38,30,0,0,0,0,0,0,0,4
39,252,0.941176,32,38,30,0,0,0,0,0,0,0,4
40,232,0.941176,32,39,30,0,0,0,0,0,0,0,4
41,264,1.14286,40,40,30,0,0,0,0,0,0,0,5
42,238,1.08108,40,43,32,0,0,0,0,0,0,0,5
43,270,0.8,32,44,36,0,0,0,0,0,0,0,4
44,262,0.820513,32,45,35,0,0,0,0,0,0,0,4
45,338,0.744186,32,45,39,0,0,0,0,0,0,0,4
46,284,1,40,46,35,0,0,0,0,0,0,0,5
47,314,0.97561,40,46,36,0,0,0,0,0,0,0,5
48,348,0.780488,32,46,37,0,0,0,0,0,0,0,4
49,364,0.880952,37,46,37,0,0,0,0,1,0,0,4
50,336,0.925,37,48,35,0,0,0,0,1,0,0,4
51,336,0.822222,37,52,40,0,0,0,0,1,0,0,4
52,324,0.591837,29,54,45,0,0,0,0,1,0,0,3
53,424,0.74,37,55,45,0,0,0,0,1,0,0,4
54,372,0.5,24,55,45,0,0,0,0,0,0,0,3
55,338,0.48,24,56,47,0,0,0,0,0,0,0,3
56,444,0.592593,32,58,50,0,0,0,0,0,0,0,4
57,518,0.941176,48,59,45,0,0,0,0,0,0,0,6
58,414,0.5,24,59,45,0,0,0,0,0,0,0,3
59,444,0.615385,32,59,48,0,0,0,0,0,0,0,4
60,550,0.727273,40,61,50,0,0,0,0,0,0,0,5
61,620,0.727273,40,61,50,0,0,0,0,0,0,0,5
62,562,0.8,40,61,45,0,0,0,0,0,0,0,5
63,564,0.90566,48,62,47,0,0,0,0,0,0,0,6
64,602,0.872727,48,65,49,0,0,0,0,0,0,0,6
65,648,0.949153,56,66,52,0,0,0,0,0,0,0,7
66,652,1.16364,64,67,47,0,0,0,0,0,0,0,8
67,730,0.8,48,69,54,0,0,0,0,0,0,0,6
68,694,0.677966,40,69,54,0,0,0,0,0,0,0,5
69,780,0.774194,48,71,56,0,0,0,0,0,0,0,6
70,812,0.786885,48,72,55,0,0,0,0,0,0,0,6
71,786,0.786885,48,74,55,0,0,0,0,0,0,0,6
72,846,0.888889,56,74,56,0,0,0,0,0,0,0,7
73,874,1.18033,72,74,52,0,0,0,0,0,0,0,9
74,888,0.903226,56,75,55,0,0,0,0,0,0,0,7
75,950,1.01587,64,76,55,0,0,0,0,0,0,0,8
76,920,0.5,32,76,60,0,0,0,0,0,0,0,4
77,912,0.645161,40,76,57,0,0,0,0,0,0,0,5
78,936,0.949153,56,76,52,0,0,0,0,0,0,0,7
79,1026,0.888889,56,77,56,0,0,0,0,0,0,0,7
80,1022,0.854839,53,78,55,0,0,0,0,1,0,0,6
81,1040,0.828125,53,78,57,0,0,0,0,1,0,0,6
82,978,0.938462,61,78,57,0,0,0,0,1,0,0,7
83,970,0.953125,61,79,56,0,0,0,0,1,0,0,7
84,998,0.617647,42,81,62,0,0,0,0,2,0,0,4
85,632,0.704225,50,82,64,0,0,0,0,2,0,0,5
86,580,0.956522,66,83,60,0,0,0,0,2,0,0,7
87,664,0.916667,66,84,63,0,0,0,0,2,0,0,7
88,672,0.958333,69,85,63,0,0,0,0,1,0,0,8
89,664,0.777778,56,86,65,0,0,0,0,0,0,0,7
90,784,0.831169,64,86,69,0,0,0,0,0,0,0,8
91,816,1.01408,72,87,62,0,0,0,0,0,0,0,9
92,756,0.676056,48,87,65,0,0,0,0,0,0,0,6
93,798,0.657534,48,87,67,0,0,0,0,0,0,0,6
94,812,0.888889,64,87,64,0,0,0,0,0,0,0,8
95,756,1.04348,72,88,60,0,0,0,0,0,0,0,9
96,898,1.03896,80,88,67,0,0,0,0,0,0,0,10
97,864,1.09589,80,90,63,0,0,0,0,0,0,0,10
98,748,1.01408,72,92,62,0,0,0,0,0,0,0,9
99,950,1.20548,88,92,62,0,0,0,0,0,0,0,11
100,780,1.01408,72,93,62,0,0,0,0,0,0,0,9
101,752,0.756757,56,95,67,0,0,0,0,0,0,0,7
102,876,0.972973,72,95,65,0,0,0,0,0,0,0,9
103,836,1.01408,72,95,62,0,0,0,0,0,0,0,9
104,992,1.17333,88,96,64,0,0,0,0,0,0,0,11
105,968,0.842105,64,96,68,0,0,0,0,0,0,0,8
106,1024,0.864865,64,97,66,0,0,0,0,0,0,0,8
107,1110,1.22222,88,97,61,0,0,0,0,0,0,0,11
108,1026,0.972973,72,97,65,0,0,0,0,0,0,0,9
109,1156,0.911392,72,97,70,0,0,0,0,0,0,0,9
110,1162,1.06667,80,97,65,0,0,0,0,0,0,0,10
111,1058,1.12676,80,98,61,0,0,0,0,0,0,0,10
112,762,1.23077,96,98,66,0,0,0,0,0,0,0,12
113,808,0.888889,72,98,72,0,0,0,0,0,0,0,9
114,822,0.780488,64,98,74,0,0,0,0,0,0,0,8
115,788,1.03896,80,98,67,0,0,0,0,0,0,0,10
116,912,1.15663,96,98,71,0,0,0,0,0,0,0,12
117,1040,1.24691,101,98,68,0,0,0,0,1,0,0,12
118,1080,1.70513,133,98,61,0,0,0,0,1,0,0,16
119,912,1.26316,96,98,64,0,0,0,0,0,0,0,12
120,788,1.57895,120,98,61,0,0,0,0,0,0,0,15
121,940,1.68421,128,98,60,0,0,0,0,0,0,0,16
122,982,1.53846,120,98,63,0,0,0,0,0,0,0,15
123,1084,1.6,120,98,60,0,0,0,0,0,0,0,15
124,1138,1.78947,136,98,59,0,0,0,0,0,0,0,17
125,1322,1.78947,136,98,59,0,0,0,0,0,0,0,17
126,1372,1.74359,136,99,61,0,0,0,0,0,0,0,17
127,1382,1.76623,136,99,60,0,0,0,0,0,0,0,17
128,1560,2,152,99,57,0,0,0,0,0,0,0,19
129,1332,1.66234,128,99,61,0,0,0,0,0,0,0,16
130,1320,1.76623,136,99,60,0,0,0,0,0,0,0,17
131,1288,1.62025,128,99,63,0,0,0,0,0,0,0,16
132,1220,1.74359,136,99,61,0,0,0,0,0,0,0,17
133,1140,1.77778,128,100,56,0,0,0,0,0,0,0,16
134,1142,2.27027,168,100,53,0,0,0,0,0,0,0,21
135,1268,2.47945,181,100,50,0,0,0,0,1,0,0,22
136,1170,2.41096,176,100,51,0,0,0,0,0,0,0,22
137,1108,2.27027,168,100,53,0,0,0,0,0,0,0,21
138,1156,1.89474,144,100,58,0,0,0,0,0,0,0,18
139,1162,2.50725,173,100,47,0,0,0,0,1,0,0,21
140,1318,2,152,100,57,0,0,0,0,0,0,0,19
141,1330,1.81333,136,100,58,0,0,0,0,0,0,0,17
142,1396,2.16216,160,100,54,0,0,0,0,0,0,0,20
143,1204,2.52055,184,100,50,0,0,0,0,0,0,0,23
144,1172,2.41096,176,100,51,0,0,0,0,0,0,0,22
145,1296,2.70588,184,100,45,0,0,0,0,0,0,0,23
146,1304,2.74286,192,100,46,0,0,0,0,0,0,0,24
147,1294,2.9589,216,100,46,0,0,0,0,0,0,0,27
148,1436,2.66667,192,100,48,0,0,0,0,0,0,0,24
149,1532,3.52941,240,100,38,0,0,0,0,0,0,0,30
150,1388,2.66667,192,100,48,0,0,0,0,0,0,0,24
151,1198,2.74627,184,100,44,0,0,0,0,0,0,0,23
152,1268,2,136,100,51,0,0,0,0,0,0,0,17
153,1368,2.16216,160,100,54,0,0,0,0,0,0,0,20
154,1482,2.08219,152,100,54,0,0,0,0,0,0,0,19
155,1446,2.17143,152,100,51,0,0,0,0,0,0,0,19
156,1700,2.14085,152,100,52,0,0,0,0,0,0,0,19
157,1548,2.66667,184,100,46,0,0,0,0,0,0,0,23
158,1658,1.75342,128,100,57,0,0,0,0,0,0,0,16
159,1714,2.35294,160,100,48,0,0,0,0,0,0,0,20
160,1804,2.88889,208,100,46,0,0,0,0,0,0,0,26
161,1998,2.83077,184,100,42,0,0,0,0,0,0,0,23
162,1832,2.66667,184,100,46,0,0,0,0,0,0,0,23
163,2054,2.86567,192,100,43,0,0,0,0,0,0,0,24
164,1212,3.22581,200,100,37,0,0,0,0,0,0,0,25
165,1342,2.86567,192,100,43,0,0,0,0,0,0,0,24
166,1192,2.31884,160,100,49,0,0,0,0,0,0,0,20
167,1360,2.78788,184,100,43,0,0,0,0,0,0,0,23
168,1400,3.17647,216,100,41,0,0,0,0,0,0,0,27
169,1448,2.70588,184,100,45,0,0,0,0,0,0,0,23
170,1600,2.58462,168,100,44,0,0,0,0,0,0,0,21
171,1532,2.58462,168,100,44,0,0,0,0,0,0,0,21
172,1478,2.88525,176,100,39,0,0,0,0,0,0,0,22
173,1422,3.27869,200,100,36,0,0,0,0,0,0,0,25
174,1370,2.75,176,100,42,0,0,0,0,0,0,0,22
175,1598,2.94118,200,100,43,0,0,0,0,0,0,0,25
176,1714,3.01449,208,100,43,0,0,0,0,0,0,0,26
177,1856,2.85714,200,100,45,0,0,0,0,0,0,0,25
178,1526,2.50746,168,100,46,0,0,0,0,0,0,0,21
179,1552,2.42424,160,100,46,0,0,0,0,0,0,0,20
180,1700,3.56923,232,100,36,0,0,0,0,0,0,0,29
181,1910,3.51515,232,100,37,0,0,0,0,0,0,0,29
182,2160,3.75,240,100,34,0,0,0,0,0,0,0,30
183,2102,3.80952,240,100,33,0,0,0,0,0,0,0,30
184,2208,3.5,224,100,36,0,0,0,0,0,0,0,28
185,2398,3.10448,208,100,41,0,0,0,0,0,0,0,26
186,2708,2.82353,192,100,44,0,0,0,0,0,0,0,24
187,2478,2.4918,152,100,42,0,0,0,0,0,0,0,19
188,2584,3.14754,192,100,37,0,0,0,0,0,0,0,24
189,1776,2.58462,168,100,44,0,0,0,0,0,0,0,21
190,1648,3.15152,208,100,40,0,0,0,0,0,0,0,26
191,1540,2.98305,176,100,37,0,0,0,0,0,0,0,22
192,1682,3.25424,192,100,35,0,0,0,0,0,0,0,24
193,1852,3.30159,208,100,37,0,0,0,0,0,0,0,26
194,1716,3.42857,216,100,36,0,0,0,0,0,0,0,27
195,1954,4.19048,264,100,30,0,0,0,0,0,0,0,33
196,1914,3.32308,216,100,38,0,0,0,0,0,0,0,27
197,1856,3.48387,216,100,35,0,0,0,0,0,0,0,27
198,1952,3.9322,232,100,30,0,0,0,0,0,0,0,29
199,2212,3.6,216,100,33,0,0,0,0,0,0,0,27
200,1842,3.44828,200,100,33,0,0,0,0,0,0,0,25
201,1946,3.30159,208,100,37,0,0,0,0,0,0,0,26
202,2118,3.1746,200,100,38,0,0,0,0,0,0,0,25
203,1668,2.83077,184,100,42,0,0,0,0,0,0,0,23
204,1448,2.42424,160,100,46,0,0,0,0,0,0,0,20
205,1452,3,192,100,40,0,0,0,0,0,0,0,24
206,1110,3.04762,192,100,39,0,0,0,0,0,0,0,24
207,1074,2.94118,200,100,43,0,0,0,0,0,0,0,25
208,1090,2.62857,184,100,47,0,0,0,0,0,0,0,23
209,1086,2.83077,184,100,42,0,0,0,0,0,0,0,23
210,826,2.75,176,100,42,0,0,0,0,0,0,0,22
211,834,2.82353,192,100,44,0,0,0,0,0,0,0,24
212,870,2.33333,168,100,51,0,0,0,0,0,0,0,21
213,980,2.14085,152,100,52,0,0,0,0,0,0,0,19
214,1160,2.44444,176,100,50,0,0,0,0,0,0,0,22
215,1244,2.82353,192,100,44,0,0,0,0,0,0,0,24
216,1090,2.88525,176,100,39,0,0,0,0,0,0,0,22
217,1032,2.70769,176,100,43,0,0,0,0,0,0,0,22
218,1100,2.38806,160,100,47,0,0,0,0,0,0,0,20
219,1108,2.90909,192,100,42,0,0,0,0,0,0,0,24
220,968,2.21538,144,100,47,0,0,0,0,0,0,0,18
221,746,1.88235,128,100,52,0,0,0,0,0,0,0,16
222,790,2.21538,144,100,47,0,0,0,0,0,0,0,18
223,766,2.02985,136,100,50,0,0,0,0,0,0,0,17
224,854,2.74627,184,100,44,0,0,0,0,0,0,0,23
225,838,3.25,208,100,38,0,0,0,0,0,0,0,26
226,916,2.26866,152,100,48,0,0,0,0,0,0,0,19
227,802,2.4127,152,100,44,0,0,0,0,0,0,0,19
228,890,2.14925,144,100,49,0,0,0,0,0,0,0,18
229,914,2.51429,176,100,48,0,0,0,0,0,0,0,22
230,1076,3.46269,232,100,38,0,0,0,0,0,0,0,29
231,1038,3.04762,192,100,39,0,0,0,0,0,0,0,24
232,1114,3.2,208,100,39,0,0,0,0,0,0,0,26
233,1202,3.125,200,100,39,0,0,0,0,0,0,0,25
234,1066,3.14754,192,100,37,0,0,0,0,0,0,0,24
235,1192,2.90909,192,100,42,0,0,0,0,0,0,0,24
236,1076,2.85714,200,100,45,0,0,0,0,0,0,0,25
237,1198,2.55556,184,100,49,0,0,0,0,0,0,0,23
238,1186,2.98507,200,100,42,0,0,0,0,0,0,0,25
239,1258,2.50746,168,100,46,0,0,0,0,0,0,0,21
240,1146,2.08219,152,100,54,0,0,0,0,0,0,0,19
241,1066,2.46154,160,100,45,0,0,0,0,0,0,0,20
242,1066,2.28571,144,100,45,0,0,0,0,0,0,0,18
243,1114,2.50746,168,100,46,0,0,0,0,0,0,0,21
244,1152,2.70423,192,100,47,0,0,0,0,0,0,0,24
245,1160,2.31884,160,100,49,0,0,0,0,0,0,0,20
246,1218,2.97143,208,100,44,0,0,0,0,0,0,0,26
247,1286,2.28571,176,100,55,0,0,0,0,0,0,0,22
248,1238,2.73684,208,100,50,0,0,0,0,0,0,0,26
249,1394,2.73418,216,100,52,0,0,0,0,0,0,0,27
250,1334,2.37838,176,100,52,0,0,0,0,0,0,0,22
251,1296,2.16216,160,100,54,0,0,0,0,0,0,0,20
252,1474,3.22222,232,100,43,0,0,0,0,0,0,0,29
253,1384,2.34667,176,100,53,0,0,0,0,0,0,0,22
254,862,2.22222,160,100,52,0,0,0,0,0,0,0,20
255,972,2.73684,208,100,50,0,0,0,0,0,0,0,26
256,972,2.63158,200,100,51,0,0,0,0,0,0,0,25
257,1038,2.0119,169,100,62,0,0,0,1,1,0,0,20
258,1076,1.36145,113,100,68,0,0,0,1,1,0,0,13
259,1078,1.75641,137,100,60,0,0,0,1,1,0,0,16
260,1140,1.68675,140,100,65,0,0,0,1,0,0,0,17
261,1046,1.76623,136,100,60,0,0,0,0,0,0,0,17
262,1156,1.82278,144,100,61,0,0,0,0,0,0,0,18
263,1188,2.05128,160,100,58,0,0,0,0,0,0,0,20
264,924,1.68421,128,100,60,0,0,0,0,0,0,0,16
265,942,1.26316,96,100,64,0,0,0,0,0,0,0,12
266,898,1.78947,136,100,59,0,0,0,0,0,0,0,17
267,920,1.74359,136,100,61,0,0,0,0,0,0,0,17
268,1010,1.68421,128,100,60,0,0,0,0,0,0,0,16
269,1100,1.66234,128,100,61,0,0,0,0,0,0,0,16
270,1008,1.85526,141,100,58,0,0,0,0,1,0,0,17
271,1010,1.81707,149,100,63,0,0,0,0,1,0,0,18
272,854,1.58228,125,100,63,0,0,0,0,1,0,0,15
273,894,1.62025,128,100,63,0,0,0,0,0,0,0,16
274,756,1.69014,120,100,56,0,0,0,0,0,0,0,15
275,792,1.84615,144,100,60,0,0,0,0,0,0,0,18
276,738,1.62162,120,100,59,0,0,0,0,0,0,0,15
277,806,1.47368,112,100,62,0,0,0,0,0,0,0,14
278,924,1.57895,120,100,61,0,0,0,0,0,0,0,15
279,900,1.31507,96,100,61,0,0,0,0,0,0,0,12
280,866,1.38667,104,100,62,0,0,0,0,0,0,0,13
281,822,1.91549,136,100,54,0,0,0,0,0,0,0,17
282,856,1.47368,112,100,62,0,0,0,0,0,0,0,14
283,862,1.42466,104,100,60,0,0,0,0,0,0,0,13
284,948,1.57895,120,100,61,0,0,0,0,0,0,0,15
285,924,2.02817,144,100,53,0,0,0,0,0,0,0,18
286,888,1.82857,128,100,54,0,0,0,0,0,0,0,16
287,880,1.66667,120,100,57,0,0,0,0,0,0,0,15
288,808,1.35211,96,100,59,0,0,0,0,0,0,0,12
289,816,2.05714,144,100,52,0,0,0,0,0,0,0,18
290,848,1.77778,128,100,56,0,0,0,0,0,0,0,16
291,854,2.02817,144,100,53,0,0,0,0,0,0,0,18
292,844,1.81333,136,100,58,0,0,0,0,0,0,0,17
293,916,1.75342,128,100,57,0,0,0,0,0,0,0,16
294,912,2.11111,152,100,53,0,0,0,0,0,0,0,19
295,900,1.86301,136,100,56,0,0,0,0,0,0,0,17
296,814,1.48571,104,100,57,0,0,0,0,0,0,0,13
297,838,1.86301,136,100,56,0,0,0,0,0,0,0,17
298,842,1.31507,96,100,61,0,0,0,0,0,0,0,12
299,846,1.64706,112,100,54,0,0,0,0,0,0,0,14
300,846,2.02985,136,100,50,0,0,0,0,0,0,0,17
301,992,2.70423,192,100,47,0,0,0,0,0,0,0,24
302,950,2.17143,152,100,51,0,0,0,0,0,0,0,19
303,836,1.6,112,100,56,0,0,0,0,0,0,0,14
304,964,2.02817,144,100,53,0,0,0,0,0,0,0,18
305,880,2.2029,152,100,50,0,0,0,0,0,0,0,19
306,768,2.4127,152,100,44,0,0,0,0,0,0,0,19
307,844,2.59155,184,100,48,0,0,0,0,0,0,0,23
308,910,3.2,240,100,45,0,0,0,0,0,0,0,30
309,790,3.05882,208,100,42,0,0,0,0,0,0,0,26
310,850,2.44444,176,100,50,0,0,0,0,0,0,0,22
311,930,2.66667,192,100,48,0,0,0,0,0,0,0,24
312,930,2.51429,176,100,48,0,0,0,0,0,0,0,22
313,892,2.52055,184,100,50,0,0,0,0,0,0,0,23
314,924,2.58824,176,100,46,0,0,0,0,0,0,0,22
315,1040,3.01449,208,100,43,0,0,0,0,0,0,0,26
316,966,2.97143,208,100,44,0,0,0,0,0,0,0,26
317,850,2.66667,192,100,48,0,0,0,0,0,0,0,24
318,992,3.36232,232,100,40,0,0,0,0,0,0,0,29
319,1002,2.73684,208,100,50,0,0,0,0,0,0,0,26
320,1070,2.31579,176,100,54,0,0,0,0,0,0,0,22
321,1086,3.02703,224,100,46,0,0,0,0,0,0,0,28
322,926,2.66667,200,100,50,0,0,0,0,0,0,0,25
323,974,2.24,168,100,54,0,0,0,0,0,0,0,21
324,1010,2.49367,197,100,54,0,0,0,0,1,0,0,24
325,1104,2.51429,176,100,48,0,0,0,0,0,0,0,22
326,958,2.24,168,100,54,0,0,0,0,0,0,0,21
327,1010,2.14085,152,100,52,0,0,0,0,0,0,0,19
328,1118,1.92,144,100,57,0,0,0,0,0,0,0,18
329,1048,2.55072,176,100,47,0,0,0,0,0,0,0,22
330,850,1.91549,136,100,54,0,0,0,0,0,0,0,17
331,982,1.70667,128,100,59,0,0,0,0,0,0,0,16
332,1046,2.30303,152,100,47,0,0,0,0,0,0,0,19
333,996,1.37143,96,100,58,0,0,0,0,0,0,0,12
334,1212,1.92,144,100,57,0,0,0,0,0,0,0,18
335,1070,1.82857,128,100,54,0,0,0,0,0,0,0,16
336,830,1.53425,112,100,59,0,0,0,0,0,0,0,14
337,834,1.12676,80,100,61,0,0,0,0,0,0,0,10
338,940,1.75342,128,100,57,0,0,0,0,0,0,0,16
339,1034,2.18182,144,100,48,0,0,0,0,0,0,0,18
340,916,2.40278,173,100,50,0,0,0,0,1,0,0,21
341,944,2.46269,165,100,46,0,0,0,0,1,0,0,20
342,958,2.66667,192,100,48,0,0,0,0,0,0,0,24
343,854,1.5,96,100,52,0,0,0,0,0,0,0,12
344,906,1.6,112,100,56,0,0,0,0,0,0,0,14
345,910,1.91045,128,100,51,0,0,0,0,0,0,0,16
346,1050,1.97101,136,100,52,0,0,0,0,0,0,0,17
347,910,1.21212,80,100,56,0,0,0,0,0,0,0,10
348,1052,1.97101,136,100,52,0,0,0,0,0,0,0,17
349,1074,2.15873,136,100,46,0,0,0,0,0,0,0,17
350,1048,2.83077,184,100,42,0,0,0,0,0,0,0,23
351,1138,2,144,100,54,0,0,0,0,0,0,0,18
352,1278,2.66667,184,100,46,0,0,0,0,0,0,0,23
353,1292,1.73913,120,100,54,0,0,0,0,0,0,0,15
354,1488,1.79104,120,100,52,0,0,0,0,0,0,0,15
355,1512,1.96923,128,100,49,0,0,0,0,0,0,0,16
356,1560,1.91045,128,100,51,0,0,0,0,0,0,0,16
357,1680,1.48571,104,100,57,0,0,0,0,0,0,0,13
358,1740,1.69565,117,100,54,0,0,0,0,1,0,0,14
359,1860,2.30882,157,100,48,0,0,0,0,1,0,0,19
360,1132,2.24286,157,100,50,0,0,0,0,1,0,0,19
361,944,1.72059,117,100,53,0,0,0,0,1,0,0,14
362,894,2.45161,152,100,43,0,0,0,0,0,0,0,19
363,856,2,128,100,48,0,0,0,0,0,0,0,16
364,1026,2.26866,152,100,48,0,0,0,0,0,0,0,19
365,1054,2.74627,184,100,44,0,0,0,0,0,0,0,23
366,912,2.38806,160,100,47,0,0,0,0,0,0,0,20
367,1070,1.88889,136,100,55,0,0,0,0,0,0,0,17
368,1170,2.34667,176,100,53,0,0,0,0,0,0,0,22
369,1058,1.72973,128,100,58,0,0,0,0,0,0,0,16
370,940,1.49333,112,100,61,0,0,0,0,0,0,0,14
371,1050,2.25352,160,100,51,0,0,0,0,0,0,0,20
372,1044,2.94118,200,100,43,0,0,0,0,0,0,0,25
373,900,2.18182,144,100,48,0,0,0,0,0,0,0,18
374,996,1.81818,120,100,51,0,0,0,0,0,0,0,15
375,1074,1.75342,128,100,57,0,0,0,0,0,0,0,16
376,1230,2,136,100,51,0,0,0,0,0,0,0,17
377,1596,2.30137,168,100,52,0,0,0,0,0,0,0,21
378,1658,1.78947,136,100,59,0,0,0,0,0,0,0,17
379,1826,1.9726,144,100,55,0,0,0,0,0,0,0,18
380,1822,2.90909,192,100,42,0,0,0,0,0,0,0,24
381,2038,2.43478,168,100,48,0,0,0,0,0,0,0,21
382,2110,3.01449,208,100,43,0,0,0,0,0,0,0,26
383,2264,2.70423,192,100,47,0,0,0,0,0,0,0,24
384,2476,3.01449,208,100,43,0,0,0,0,0,0,0,26
385,2498,2.08219,152,100,54,0,0,0,0,0,0,0,19
386,1872,3.17647,216,100,41,0,0,0,0,0,0,0,27
387,1752,3.27273,216,100,39,0,0,0,0,0,0,0,27
388,1976,3.52941,240,100,38,0,0,0,0,0,0,0,30
389,1062,3.82609,264,100,36,0,0,0,0,0,0,0,33
390,1046,3.22222,232,100,43,0,0,0,0,0,0,0,29
391,1072,3.76471,256,100,36,0,0,0,0,0,0,0,32
392,1120,3.49296,248,100,40,0,0,0,0,0,0,0,31
393,1264,3.77612,253,100,35,0,0,0,0,1,0,0,31
394,908,2.73611,197,100,47,0,0,0,0,1,0,0,24
395,1022,2.97143,208,100,44,0,0,0,0,0,0,0,26
396,992,2.81081,208,100,48,0,0,0,0,0,0,0,26
397,996,3.375,216,100,37,0,0,0,0,0,0,0,27
398,900,3.24638,224,100,41,0,0,0,0,0,0,0,28
399,1008,2.98507,200,100,42,0,0,0,0,0,0,0,25
400,1196,3.36232,232,100,40,0,0,0,0,0,0,0,29
401,1094,3.47826,240,100,39,0,0,0,0,0,0,0,30
402,1146,3.6129,224,100,34,0,0,0,0,0,0,0,28
403,916,3.13043,216,100,42,0,0,0,0,0,0,0,27
404,1020,3.29412,224,100,40,0,0,0,0,0,0,0,28
405,1010,3.41176,232,100,39,0,0,0,0,0,0,0,29
406,1156,2.55072,176,100,47,0,0,0,0,0,0,0,22
407,1180,2.70769,176,100,43,0,0,0,0,0,0,0,22
408,1206,3.01538,196,100,40,0,0,0,1,0,0,0,24
409,1326,3.01639,184,100,38,0,0,0,0,0,0,0,23
410,1350,2.98507,200,100,42,0,0,0,0,0,0,0,25
411,1188,2.30303,152,100,47,0,0,0,0,0,0,0,19
412,1014,2.70588,184,100,45,0,0,0,0,0,0,0,23
413,1042,2.50746,168,100,46,0,0,0,0,0,0,0,21
414,1250,2.14085,152,100,52,0,0,0,0,0,0,0,19
415,1364,2.62857,184,100,47,0,0,0,0,0,0,0,23
416,1266,2.02667,152,100,56,0,0,0,0,0,0,0,19
417,1228,2.28571,160,100,50,0,0,0,0,0,0,0,20
418,1216,1.9726,144,100,55,0,0,0,0,0,0,0,18
419,1210,2.28571,160,100,50,0,0,0,0,0,0,0,20
420,960,1.62319,112,100,55,0,0,0,0,0,0,0,14
421,958,1.79104,120,100,52,0,0,0,0,0,0,0,15
422,974,1.97101,136,100,52,0,0,0,0,0,0,0,17
423,964,1.52941,104,100,55,0,0,0,0,0,0,0,13
424,948,2.21127,157,100,51,0,0,0,0,1,0,0,19
425,852,2.18056,157,100,52,0,0,0,0,1,0,0,19
426,862,2.66667,192,100,48,0,0,0,0,0,0,0,24
427,926,2.28571,160,100,50,0,0,0,0,0,0,0,20
428,798,2.55072,176,100,47,0,0,0,0,0,0,0,22
429,890,2.88889,208,100,46,0,0,0,0,0,0,0,26
430,1042,2.78261,192,100,45,0,0,0,0,0,0,0,24
431,956,2.07792,160,100,57,0,0,0,0,0,0,0,20
432,1098,2.08219,152,100,54,0,0,0,0,0,0,0,19
433,878,1.6,112,100,56,0,0,0,0,0,0,0,14
434,964,2.33333,168,100,51,0,0,0,0,0,0,0,21
435,838,1.37143,96,100,58,0,0,0,0,0,0,0,12
436,990,1.55556,112,100,58,0,0,0,0,0,0,0,14
437,950,1.6,112,100,56,0,0,0,0,0,0,0,14
438,1058,2.38806,160,100,47,0,0,0,0,0,0,0,20
439,864,2.4918,152,100,42,0,0,0,0,0,0,0,19
440,842,2.625,168,100,43,0,0,0,0,0,0,0,21
441,976,2.58824,176,100,46,0,0,0,0,0,0,0,22
442,1024,2.875,184,100,41,0,0,0,0,0,0,0,23
443,924,2.42424,160,100,46,0,0,0,0,0,0,0,20
444,860,1.96923,128,100,49,0,0,0,0,0,0,0,16
445,1026,2.08696,144,100,51,0,0,0,0,0,0,0,18
446,880,2.43478,168,100,48,0,0,0,0,0,0,0,21
447,922,2.47059,168,100,47,0,0,0,0,0,0,0,21
448,990,2.79365,176,100,41,0,0,0,0,0,0,0,22
449,950,3.1746,200,100,38,0,0,0,0,0,0,0,25
450,824,3.04762,192,100,39,0,0,0,0,0,0,0,24
451,906,2.83077,184,100,42,0,0,0,0,0,0,0,23
452,960,3.93846,256,100,33,0,0,0,0,0,0,0,32
453,988,3.51515,232,100,37,0,0,0,0,0,0,0,29
454,774,3.24638,224,100,41,0,0,0,0,0,0,0,28
455,900,4.05797,280,100,34,0,0,0,0,0,0,0,35
456,880,3.38028,240,100,41,0,0,0,0,0,0,0,30
457,784,4.06154,264,100,32,0,0,0,0,0,0,0,33
458,800,4.0597,272,100,33,0,0,0,0,0,0,0,34
459,970,3.17647,216,100,41,0,0,0,0,0,0,0,27
460,850,3.68254,232,100,34,0,0,0,0,0,0,0,29
461,860,3.41176,232,100,39,0,0,0,0,0,0,0,29
462,884,3.09677,192,100,38,0,0,0,0,0,0,0,24
463,788,3.46269,232,100,38,0,0,0,0,0,0,0,29
464,850,3.39394,224,100,38,0,0,0,0,0,0,0,28
465,872,3.10448,208,100,41,0,0,0,0,0,0,0,26
466,870,3.13043,216,100,42,0,0,0,0,0,0,0,27
467,970,2.9589,216,100,46,0,0,0,0,0,0,0,27
468,1050,2.76923,216,100,51,0,0,0,0,0,0,0,27
469,922,2.89855,200,100,44,0,0,0,0,0,0,0,25
470,910,2.94737,224,100,48,0,0,0,0,0,0,0,28
471,1028,3.15789,240,100,46,0,0,0,0,0,0,0,30
472,1014,2.70423,192,100,47,0,0,0,0,0,0,0,24
473,958,3.02703,224,100,46,0,0,0,0,0,0,0,28
474,974,3.32468,256,100,45,0,0,0,0,0,0,0,32
475,996,2.98667,224,100,47,0,0,0,0,0,0,0,28
476,892,2.98667,224,100,47,0,0,0,0,0,0,0,28
477,904,3.41333,256,100,43,0,0,0,0,0,0,0,32
478,972,2.96296,240,100,51,0,0,0,0,0,0,0,30
479,876,3.56757,264,100,41,0,0,0,0,0,0,0,33
480,964,3.2,240,100,45,0,0,0,0,0,0,0,30
481,1070,3.26316,248,100,45,0,0,0,0,0,0,0,31
482,1032,3.35135,248,100,43,0,0,0,0,0,0,0,31
483,1100,3.28205,256,100,46,0,0,0,0,0,0,0,32
484,914,2.81081,208,100,48,0,0,0,0,0,0,0,26
485,890,2.56,192,100,51,0,0,0,0,0,0,0,24
486,876,2.88889,208,100,46,0,0,0,0,0,0,0,26
487,950,2.55556,184,100,49,0,0,0,0,0,0,0,23
488,1094,3.09333,232,100,46,0,0,0,0,0,0,0,29
489,946,2.91892,216,100,47,0,0,0,0,0,0,0,27
490,1036,2.59459,192,100,50,0,0,0,0,0,0,0,24
491,834,2.58824,176,100,46,0,0,0,0,0,0,0,22
492,992,2.70423,192,100,47,0,0,0,0,0,0,0,24
493,924,2.59155,184,100,48,0,0,0,0,0,0,0,23
494,980,2.77778,200,100,47,0,0,0,0,0,0,0,25
495,964,3.04225,216,100,44,0,0,0,0,0,0,0,27
496,910,2.35294,160,100,48,0,0,0,0,0,0,0,20
497,984,2.77333,208,100,49,0,0,0,0,0,0,0,26
498,984,2.97143,208,100,44,0,0,0,0,0,0,0,26
499,964,3.24638,224,100,41,0,0,0,0,0,0,0,28
500,1026,2.50746,168,100,46,0,0,0,0,0,0,0,21
501,1014,3.04225,216,100,44,0,0,0,0,0,0,0,27
502,1052,2.91892,216,100,47,0,0,0,0,0,0,0,27
503,1052,2.9589,216,100,46,0,0,0,0,0,0,0,27
504,1094,2.84932,208,100,47,0,0,0,0,0,0,0,26
505,1004,3.70149,248,100,36,0,0,0,0,0,0,0,31
506,1126,4.47059,304,100,30,0,0,0,0,0,0,0,38
507,1036,4.3871,272,100,28,0,0,0,0,0,0,0,34
508,810,4.3871,272,100,28,0,0,0,0,0,0,0,34
509,836,4.72131,288,100,25,0,0,0,0,0,0,0,36
510,876,4.43077,288,100,29,0,0,0,0,0,0,0,36
511,962,4.8254,304,100,25,0,0,0,0,0,0,0,38
512,944,4.55172,264,100,25,0,0,0,0,0,0,0,33
513,920,4.26667,256,100,28,0,0,0,0,0,0,0,32
514,914,4.32258,268,100,28,0,0,0,1,0,0,0,33
515,854,3.67742,228,100,33,0,0,0,1,0,0,0,28
516,1030,5.26984,332,100,21,0,0,0,1,0,0,0,41
517,858,5.80645,360,100,17,0,0,0,0,0,0,0,45
518,908,5.63934,344,100,18,0,0,0,0,0,0,0,43
519,924,5.5,330,100,18,0,0,0,0,2,0,0,40
520,1086,5.72881,338,100,16,0,0,0,0,2,0,0,41
521,966,5.09091,280,100,20,0,0,0,0,0,0,0,35
522,964,4.66667,280,100,25,0,0,0,0,0,0,0,35
523,852,4.72131,288,100,25,0,0,0,0,0,0,0,36
524,1080,4.625,296,100,27,0,0,0,0,0,0,0,37
525,894,4.35088,248,100,26,0,0,0,0,0,0,0,31
526,742,4.4,264,100,27,0,0,0,0,0,0,0,33
527,876,4.41379,256,100,26,0,0,0,0,0,0,0,32
528,800,4.8,264,100,22,0,0,0,0,0,0,0,33
529,824,4.51613,280,100,27,0,0,0,0,0,0,0,35
530,778,4.06557,248,100,30,0,0,0,0,0,0,0,31
531,930,3.34328,224,100,39,0,0,0,0,0,0,0,28
532,1006,3.0303,200,100,41,0,0,0,0,0,0,0,25
533,986,3.27273,216,100,39,0,0,0,0,0,0,0,27
534,1088,3.22388,216,100,40,0,0,0,0,0,0,0,27
535,932,3.64706,248,100,37,0,0,0,0,0,0,0,31
536,996,3.46269,232,100,38,0,0,0,0,0,0,0,29
537,948,3.41176,232,100,39,0,0,0,0,0,0,0,29
538,1080,3.56757,264,100,41,0,0,0,0,0,0,0,33
539,1104,3.26761,232,100,42,0,0,0,0,0,0,0,29
540,1134,3.66667,264,100,39,0,0,0,0,0,0,0,33
541,1174,3.39394,224,100,38,0,0,0,0,0,0,0,28
542,1076,3.42857,216,100,36,0,0,0,0,0,0,0,27
543,1116,3.6129,224,100,34,0,0,0,0,0,0,0,28
544,1252,4.06349,256,100,31,0,0,0,0,0,0,0,32
545,1374,3.8209,256,100,35,0,0,0,0,0,0,0,32
546,1306,3.56923,232,100,36,0,0,0,0,0,0,0,29
547,1470,3.44615,224,100,37,0,0,0,0,0,0,0,28
548,1170,3.625,232,100,35,0,0,0,0,0,0,0,29
549,1050,3.48387,216,100,35,0,0,0,0,0,0,0,27
550,1020,3.75758,248,100,35,0,0,0,0,0,0,0,31
551,1140,2.59155,184,100,48,0,0,0,0,0,0,0,23
552,1030,2.83077,184,100,42,0,0,0,0,0,0,0,23
553,936,2.79365,176,100,41,0,0,0,0,0,0,0,22
554,978,3.56923,232,100,36,0,0,0,0,0,0,0,29
555,944,3.52941,240,100,38,0,0,0,0,0,0,0,30
556,918,3.5,224,100,36,0,0,0,0,0,0,0,28
557,1072,4.36364,288,100,30,0,0,0,0,0,0,0,36
558,1128,4.5,288,100,28,0,0,0,0,0,0,0,36
559,1048,4.41791,296,100,30,0,0,0,0,0,0,0,37
560,1116,3.69231,240,100,35,0,0,0,0,0,0,0,30
561,1058,4.36364,288,100,30,0,0,0,0,0,0,0,36
562,950,4.25,272,100,30,0,0,0,0,0,0,0,34
563,884,4.4,264,100,27,0,0,0,0,0,0,0,33
564,1052,3.65714,256,100,38,0,0,0,0,0,0,0,32
565,998,4.12121,272,100,32,0,0,0,0,0,0,0,34
566,930,4.5,288,100,28,0,0,0,0,0,0,0,36
567,992,3.94366,280,100,36,0,0,0,0,0,0,0,35
568,1010,3.30667,248,100,44,0,0,0,0,0,0,0,31
569,1072,3.66667,264,100,39,0,0,0,0,0,0,0,33
570,978,3.13514,232,100,45,0,0,0,0,0,0,0,29
571,1038,3.28767,240,100,43,0,0,0,0,0,0,0,30
572,1056,3.08571,216,100,43,0,0,0,0,0,0,0,27
573,1152,3.67568,272,100,40,0,0,0,0,0,0,0,34
574,1050,2.92958,208,100,45,0,0,0,0,0,0,0,26
575,930,3.52941,240,100,38,0,0,0,0,0,0,0,30
576,846,3.5942,248,100,38,0,0,0,0,0,0,0,31
577,988,3.44444,248,100,41,0,0,0,0,0,0,0,31
578,938,3.01449,208,100,43,0,0,0,0,0,0,0,26
579,966,2.88889,208,100,46,0,0,0,0,0,0,0,26
580,914,2.47887,176,100,49,0,0,0,0,0,0,0,22
581,864,2.44444,176,100,50,0,0,0,0,0,0,0,22
582,896,2.77778,200,100,47,0,0,0,0,0,0,0,25
583,896,2.70423,192,100,47,0,0,0,0,0,0,0,24
584,926,3.34328,224,100,39,0,0,0,0,0,0,0,28
585,960,3.5942,248,100,38,0,0,0,0,0,0,0,31
586,944,3.01449,208,100,43,0,0,0,0,0,0,0,26
587,920,2.85714,200,100,45,0,0,0,0,0,0,0,25
588,1038,3.06849,224,100,45,0,0,0,0,0,0,0,28
589,952,3.36232,232,100,40,0,0,0,0,0,0,0,29
590,806,2.52055,184,100,50,0,0,0,0,0,0,0,23
591,970,2.6,208,100,54,0,0,0,0,0,0,0,26
592,954,2.41096,176,100,51,0,0,0,0,0,0,0,22
593,900,2.70423,192,100,47,0,0,0,0,0,0,0,24
594,906,2.43478,168,100,48,0,0,0,0,0,0,0,21
595,874,2.86567,192,100,43,0,0,0,0,0,0,0,24
596,900,2.70423,192,100,47,0,0,0,0,0,0,0,24
597,976,2.85714,200,100,45,0,0,0,0,0,0,0,25
598,804,3.04762,192,100,39,0,0,0,0,0,0,0,24
599,764,3.63636,240,100,36,0,0,0,0,0,0,0,30
600,834,3.76471,256,100,36,0,0,0,0,0,0,0,32
601,928,3.375,216,100,37,0,0,0,0,0,0,0,27
602,736,3.56923,232,100,36,0,0,0,0,0,0,0,29
603,916,4.06557,248,100,30,0,0,0,0,0,0,0,31
604,724,3.55556,224,100,35,0,0,0,0,0,0,0,28
605,868,3.34328,224,100,39,0,0,0,0,0,0,0,28
606,808,3.70149,248,100,36,0,0,0,0,0,0,0,31
607,824,3.24658,237,100,43,0,0,0,0,1,0,0,29
608,802,3.31429,232,100,41,0,0,0,0,0,0,0,29
609,904,3.26761,232,100,42,0,0,0,0,0,0,0,29
610,774,4,272,100,34,0,0,0,0,0,0,0,34
611,834,4.41791,296,100,30,0,0,0,0,0,0,0,37
612,892,3.94203,272,100,35,0,0,0,0,0,0,0,34
613,860,3.47826,240,100,39,0,0,0,0,0,0,0,30
614,922,4.1875,268,100,30,0,0,0,1,0,0,0,33
615,968,3.29032,204,100,36,0,0,0,1,0,0,0,25
616,1112,3.54286,248,100,39,0,0,0,0,0,0,0,31
617,1078,3.2,224,100,42,0,0,0,0,0,0,0,28
618,1110,2.38806,160,100,47,0,0,0,0,0,0,0,20
619,914,3.24638,224,100,41,0,0,0,0,0,0,0,28
620,922,3.47826,240,100,39,0,0,0,0,0,0,0,30
621,864,3.46269,232,100,38,0,0,0,0,0,0,0,29
622,996,3.82609,264,100,36,0,0,0,0,0,0,0,33
623,1054,4.0597,272,100,33,0,0,0,0,0,0,0,34
624,1064,4.84848,320,100,26,0,0,0,0,0,0,0,40
625,1068,4.06154,264,100,32,0,0,0,0,0,0,0,33
626,1062,4.44444,280,100,28,0,0,0,0,0,0,0,35
627,1080,4.51613,280,100,27,0,0,0,0,0,0,0,35
628,1168,4.60606,304,100,28,0,0,0,0,0,0,0,38
629,1166,5.06667,304,100,22,0,0,0,0,0,0,0,38
630,1230,4.36364,288,100,30,0,0,0,0,0,0,0,36
631,1308,4.24242,280,100,31,0,0,0,0,0,0,0,35
632,1228,4.57143,288,100,27,0,0,0,0,0,0,0,36
633,1464,4.43077,288,100,29,0,0,0,0,0,0,0,36
634,1364,4.8254,304,100,25,0,0,0,0,0,0,0,38
635,1312,4.875,312,100,25,0,0,0,0,0,0,0,39
636,1174,4.63077,301,100,27,0,0,0,0,1,0,0,37
637,1360,4.42647,301,100,30,0,0,0,0,1,0,0,37
638,1528,4.12329,301,100,35,0,0,0,0,1,0,0,37
639,1308,3.70149,248,100,36,0,0,0,0,0,0,0,31
640,1346,3.15152,208,100,40,0,0,0,0,0,0,0,26
641,1474,4.17391,288,100,33,0,0,0,0,0,0,0,36
642,1384,3.09091,204,100,40,0,0,0,1,0,0,0,25
643,1412,4.3871,272,100,28,0,0,0,0,0,0,0,34
644,1412,3.81538,248,100,34,0,0,0,0,0,0,0,31
645,1266,4.19048,264,100,30,0,0,0,0,0,0,0,33
646,1426,4.8254,304,100,25,0,0,0,0,0,0,0,38
647,1192,4.31746,272,100,29,0,0,0,0,0,0,0,34
648,1352,4.18462,272,100,31,0,0,0,0,0,0,0,34
649,1244,4.33898,256,100,27,0,0,0,0,0,0,0,32
650,1160,4.32787,264,100,28,0,0,0,0,0,0,0,33
651,1168,4.43077,288,100,29,0,0,0,0,0,0,0,36
652,1240,3.93443,240,100,31,0,0,0,0,0,0,0,30
653,1078,3.27869,200,100,36,0,0,0,0,0,0,0,25
654,960,4.47458,264,100,26,0,0,0,0,0,0,0,33
655,1100,4.44444,280,100,28,0,0,0,0,0,0,0,35
656,922,3.40984,208,100,35,0,0,0,0,0,0,0,26
657,994,3.68254,232,100,34,0,0,0,0,0,0,0,29
658,1086,3.34328,224,100,39,0,0,0,0,0,0,0,28
659,1068,2.86567,192,100,43,0,0,0,0,0,0,0,24
660,1066,3.25,208,100,38,0,0,0,0,0,0,0,26
661,936,3.1746,200,100,38,0,0,0,0,0,0,0,25
662,1124,3.70149,248,100,36,0,0,0,0,0,0,0,31
663,1102,3.52941,240,100,38,0,0,0,0,0,0,0,30
664,1064,3.71831,264,100,38,0,0,0,0,0,0,0,33
665,1214,3.88235,264,100,35,0,0,0,0,0,0,0,33
666,1140,3.875,248,100,33,0,0,0,0,0,0,0,31
667,962,4,248,100,31,0,0,0,0,0,0,0,31
668,1058,4.53731,304,100,29,0,0,0,0,0,0,0,38
669,1144,4.18462,272,100,31,0,0,0,0,0,0,0,34
670,1126,4.06349,256,100,31,0,0,0,0,0,0,0,32
671,1142,4.26154,277,100,30,0,0,0,0,1,0,0,34
672,1096,4.8254,304,100,25,0,0,0,0,0,0,0,38
673,1180,5.20635,328,100,22,0,0,0,0,0,0,0,41
674,982,3.81818,252,100,34,0,0,0,1,0,0,0,31
675,1066,4.41791,296,100,30,0,0,0,0,0,0,0,37
676,898,4.72727,312,100,27,0,0,0,0,0,0,0,39
677,960,4.11429,288,100,34,0,0,0,0,0,0,0,36
678,846,4.1791,280,100,32,0,0,0,0,0,0,0,35
679,934,3.88889,280,100,37,0,0,0,0,0,0,0,35
680,960,3.42857,264,100,44,0,0,0,0,0,0,0,33
681,836,3.15789,240,100,46,0,0,0,0,0,0,0,30
682,890,2.81081,208,100,48,0,0,0,0,0,0,0,26
683,928,3.06849,224,100,45,0,0,0,0,0,0,0,28
684,882,3.15789,240,100,46,0,0,0,0,0,0,0,30
685,930,3.34177,264,100,46,0,0,0,0,0,0,0,33
686,960,3.50685,256,100,41,0,0,0,0,0,0,0,32
687,828,3.35135,248,100,43,0,0,0,0,0,0,0,31
688,866,3.54286,248,100,39,0,0,0,0,0,0,0,31
689,1038,3.28767,240,100,43,0,0,0,0,0,0,0,30
690,936,3.2,240,100,45,0,0,0,0,0,0,0,30
691,1020,3.28205,256,100,46,0,0,0,0,0,0,0,32
692,938,3.09333,232,100,46,0,0,0,0,0,0,0,29
693,944,2.63291,208,100,53,0,0,0,0,0,0,0,26
694,886,2.98667,224,100,47,0,0,0,0,0,0,0,28
695,916,2.28571,176,100,55,0,0,0,0,0,0,0,22
696,1080,2.90909,224,100,49,0,0,0,0,0,0,0,28
697,946,2.87179,224,100,50,0,0,0,0,0,0,0,28
698,1002,3.15789,240,100,46,0,0,0,0,0,0,0,30
699,1090,2.73684,208,100,50,0,0,0,0,0,0,0,26
700,1082,2.24,168,100,54,0,0,0,0,0,0,0,21
701,1066,2.08219,152,100,54,0,0,0,0,0,0,0,19
702,1066,3.29412,224,100,40,0,0,0,0,0,0,0,28
703,1194,3.60563,256,100,39,0,0,0,0,0,0,0,32
704,962,3.75,240,100,34,0,0,0,0,0,0,0,30
705,928,3.30159,208,100,37,0,0,0,0,0,0,0,26
706,918,3.13043,216,100,42,0,0,0,0,0,0,0,27
707,1038,2.88889,208,100,46,0,0,0,0,0,0,0,26
708,1126,2.81081,208,100,48,0,0,0,0,0,0,0,26
709,998,2.84932,208,100,47,0,0,0,0,0,0,0,26
710,1026,2.83544,224,100,51,0,0,0,0,0,0,0,28
711,948,2.88889,208,100,46,0,0,0,0,0,0,0,26
712,1080,3.94203,272,100,35,0,0,0,0,0,0,0,34
713,1080,4.21622,312,100,35,0,0,0,0,0,0,0,39
714,1102,3.78378,280,100,39,0,0,0,0,0,0,0,35
715,1298,3.45946,256,100,42,0,0,0,0,0,0,0,32
716,1432,3.61644,264,100,40,0,0,0,0,0,0,0,33
717,1362,3.94366,280,100,36,0,0,0,0,0,0,0,35
718,1438,3.94203,272,100,35,0,0,0,0,0,0,0,34
719,1524,3.26761,232,100,42,0,0,0,0,0,0,0,29
720,1810,3,216,100,45,0,0,0,0,0,0,0,27
721,1750,3.05882,208,100,42,0,0,0,0,0,0,0,26
722,1532,3.24638,224,100,41,0,0,0,0,0,0,0,28
723,1106,2.8169,200,100,46,0,0,0,0,0,0,0,25
724,1362,3.47826,240,100,39,0,0,0,0,0,0,0,30
725,1578,3.87879,256,100,34,0,0,0,0,0,0,0,32
726,1228,3.69231,240,100,35,0,0,0,0,0,0,0,30
727,1298,3.13043,216,100,42,0,0,0,0,0,0,0,27
728,1636,4.25,272,100,30,0,0,0,0,0,0,0,34
729,1480,4.60606,304,100,28,0,0,0,0,0,0,0,38
730,1164,3.36232,232,100,40,0,0,0,0,0,0,0,29
731,1448,4.25,272,100,30,0,0,0,0,0,0,0,34
732,1708,4.5625,292,100,27,0,0,0,1,0,0,0,36
733,1834,4.26667,256,100,28,0,0,0,0,0,0,0,32
734,1780,4.93333,296,100,23,0,0,0,0,0,0,0,37
735,1700,4.93333,296,100,23,0,0,0,0,0,0,0,37
736,1442,4.96552,288,100,22,0,0,0,0,0,0,0,36
737,1680,4.51613,280,100,27,0,0,0,0,0,0,0,35
738,1388,4.57143,288,100,27,0,0,0,0,0,0,0,36
739,1296,4.58065,284,100,26,0,0,0,1,0,0,0,35
740,1546,4.95238,312,100,24,0,0,0,0,0,0,0,39
741,1004,4.24242,280,100,31,0,0,0,0,0,0,0,35
742,1154,4.45902,272,100,27,0,0,0,0,0,0,0,34
743,1112,5.33333,336,100,21,0,0,0,0,0,0,0,42
744,988,4.95238,312,100,24,0,0,0,0,0,0,0,39
745,818,3.875,248,100,33,0,0,0,0,0,0,0,31
746,912,3.70149,248,100,36,0,0,0,0,0,0,0,31
747,944,4.06349,256,100,31,0,0,0,0,0,0,0,32
748,1018,4.24242,280,100,31,0,0,0,0,0,0,0,35
749,1066,4.0678,240,100,29,0,0,0,0,0,0,0,30
750,1000,4.18462,272,100,31,0,0,0,0,0,0,0,34
751,1010,4.18462,272,100,31,0,0,0,0,0,0,0,34
752,880,4.36364,288,100,30,0,0,0,0,0,0,0,36
753,912,3.83562,280,100,38,0,0,0,0,0,0,0,35
754,920,3.73333,280,100,40,0,0,0,0,0,0,0,35
755,1036,3.22078,248,100,46,0,0,0,0,0,0,0,31
756,1012,3.22222,232,100,43,0,0,0,0,0,0,0,29
757,924,2.7027,200,100,49,0,0,0,0,0,0,0,25
758,962,3.09333,232,100,46,0,0,0,0,0,0,0,29
759,940,2.88,216,100,48,0,0,0,0,0,0,0,27
760,1010,3.26316,248,100,45,0,0,0,0,0,0,0,31
761,1052,3.36842,256,100,44,0,0,0,0,0,0,0,32
762,978,2.7027,200,100,49,0,0,0,0,0,0,0,25
763,1174,2.73973,200,100,48,0,0,0,0,0,0,0,25
764,1298,2.31884,160,100,49,0,0,0,0,0,0,0,20
765,1276,3.375,216,100,37,0,0,0,0,0,0,0,27
766,1300,3.6129,224,100,34,0,0,0,0,0,0,0,28
767,1442,2.83077,184,100,42,0,0,0,0,0,0,0,23
768,1360,2.98507,200,100,42,0,0,0,0,0,0,0,25
769,1002,3.15152,208,100,40,0,0,0,0,0,0,0,26
770,942,3.75,240,100,34,0,0,0,0,0,0,0,30
771,1028,4.25806,264,100,29,0,0,0,0,0,0,0,33
772,1212,4.375,280,100,29,0,0,0,0,0,0,0,35
773,1064,4.26667,256,100,28,0,0,0,0,0,0,0,32
774,1028,4.74576,280,100,24,0,0,0,0,0,0,0,35
775,900,4.75,304,100,26,0,0,0,0,0,0,0,38
776,1028,4.47059,304,100,30,0,0,0,0,0,0,0,38
777,910,3.93443,240,100,31,0,0,0,0,0,0,0,30
778,1018,4.36364,288,100,30,0,0,0,0,0,0,0,36
779,1058,4.60606,304,100,28,0,0,0,0,0,0,0,38
780,1130,4.94118,336,100,26,0,0,0,0,0,0,0,42
781,1238,5.37705,328,100,20,0,0,0,0,0,0,0,41
782,932,5.37705,328,100,20,0,0,0,0,0,0,0,41
783,1158,4.72727,312,100,27,0,0,0,0,0,0,0,39
784,1398,4.69841,296,100,26,0,0,0,0,0,0,0,37
785,1252,5.06667,304,100,22,0,0,0,0,0,0,0,38
786,1232,5.29032,328,100,21,0,0,0,0,0,0,0,41
787,1246,4.57143,320,100,30,0,0,0,0,0,0,0,40
788,920,4.84848,320,100,26,0,0,0,0,0,0,0,40
789,938,5.04615,328,100,24,0,0,0,0,0,0,0,41
790,918,5.54839,344,100,19,0,0,0,0,0,0,0,43
791,932,6.125,392,100,15,0,0,0,0,0,0,0,49
792,810,5.5,352,100,20,0,0,0,0,0,0,0,44
793,892,5.6,336,100,18,0,0,0,0,0,0,0,42
794,940,5.16129,320,100,22,0,0,0,0,0,0,0,40
795,984,5.29231,344,100,22,0,0,0,0,0,0,0,43
796,1092,4.41791,296,100,30,0,0,0,0,0,0,0,37
797,1066,4.43077,288,100,29,0,0,0,0,0,0,0,36
798,1046,4.72727,312,100,27,0,0,0,0,0,0,0,39
799,884,3.875,248,100,33,0,0,0,0,0,0,0,31
800,1012,3.76471,256,100,36,0,0,0,0,0,0,0,32
801,990,3.65714,256,100,38,0,0,0,0,0,0,0,32
802,1088,3.17808,232,100,44,0,0,0,0,0,0,0,29
803,1052,2.66667,192,100,48,0,0,0,0,0,0,0,24
804,970,2.62857,184,100,47,0,0,0,0,0,0,0,23
805,1012,3.31429,232,100,41,0,0,0,0,0,0,0,29
806,1014,3.24638,224,100,41,0,0,0,0,0,0,0,28
807,1054,3.63636,240,100,36,0,0,0,0,0,0,0,30
808,1056,4.8254,304,100,25,0,0,0,0,0,0,0,38
809,952,4.67692,304,100,27,0,0,0,0,0,0,0,38
810,910,4.48485,296,100,29,0,0,0,0,0,0,0,37
811,1178,4.77612,320,100,27,0,0,0,0,0,0,0,40
812,1098,4.8,288,100,24,0,0,0,0,0,0,0,36
813,926,5.10345,296,100,21,0,0,0,0,0,0,0,37
814,1032,5.01695,296,100,22,0,0,0,0,0,0,0,37
815,1066,5.01695,296,100,22,0,0,0,0,0,0,0,37
816,1086,4.93333,296,100,23,0,0,0,0,0,0,0,37
817,876,4.53333,272,100,26,0,0,0,0,0,0,0,34
818,930,4.67213,285,100,25,0,0,0,0,1,0,0,35
819,964,4.70312,301,100,26,0,0,0,0,1,0,0,37
820,1034,5.20312,333,100,22,0,0,0,0,1,0,0,41
821,914,4.375,280,100,29,0,0,0,0,0,0,0,35
822,948,4,256,100,32,0,0,0,0,0,0,0,32
823,1014,4.44444,280,100,28,0,0,0,0,0,0,0,35
824,958,4.41791,296,100,30,0,0,0,0,0,0,0,37
825,962,4.48485,296,100,29,0,0,0,0,0,0,0,37
826,1002,4.59701,308,100,28,0,0,0,1,0,0,0,38
827,984,4.68571,328,100,29,0,0,0,0,0,0,0,41
828,854,3.94521,288,100,37,0,0,0,0,0,0,0,36
829,862,3.56757,264,100,41,0,0,0,0,0,0,0,33
830,1082,3.58974,280,100,43,0,0,0,0,0,0,0,35
831,1040,3.56757,264,100,41,0,0,0,0,0,0,0,33
832,1092,4.50704,320,100,31,0,0,0,0,0,0,0,40
833,1132,4.23529,288,100,32,0,0,0,0,0,0,0,36
834,908,4.12121,272,100,32,0,0,0,0,0,0,0,34
835,964,4.33333,312,100,33,0,0,0,0,0,0,0,39
836,1014,4,272,100,34,0,0,0,0,0,0,0,34
837,958,4.48485,296,100,29,0,0,0,0,0,0,0,37
838,944,4.12121,272,100,32,0,0,0,0,0,0,0,34
839,934,4.58824,312,100,29,0,0,0,0,0,0,0,39
840,922,4.8254,304,100,25,0,0,0,0,0,0,0,38
841,1010,4.5,288,100,28,0,0,0,0,0,0,0,36
842,1048,4.93333,296,100,23,0,0,0,0,0,0,0,37
843,1010,4.875,312,100,25,0,0,0,0,0,0,0,39
844,894,4.30769,280,100,30,0,0,0,0,0,0,0,35
845,978,4.8,312,100,26,0,0,0,0,0,0,0,39
846,1030,4.57143,288,100,27,0,0,0,0,0,0,0,36
847,1098,4.18182,276,100,31,0,0,0,1,0,0,0,34
848,782,4.80357,269,100,22,0,0,0,0,1,0,0,33
849,808,5.42373,320,100,19,0,0,0,0,0,0,0,40
850,952,5.33333,352,100,22,0,0,0,0,0,0,0,44
851,1020,5.21739,360,100,24,0,0,0,0,0,0,0,45
852,1028,5.33333,336,100,21,0,0,0,0,0,0,0,42
853,1058,5.41538,352,100,21,0,0,0,0,0,0,0,44
854,1298,5.81818,384,100,18,0,0,0,0,0,0,0,48
855,1132,5.41935,336,100,20,0,0,0,0,0,0,0,42
856,1202,5.09091,336,100,24,0,0,0,0,0,0,0,42
857,1278,5.49254,368,100,21,0,0,0,0,0,0,0,46
858,1410,5.61194,376,100,20,0,0,0,0,0,0,0,47
859,1096,5.09091,336,100,24,0,0,0,0,0,0,0,42
860,1120,4.53731,304,100,29,0,0,0,0,0,0,0,38
861,1168,4.41791,296,100,30,0,0,0,0,0,0,0,37
862,1200,4.63768,320,100,29,0,0,0,0,0,0,0,40
863,1096,4.23529,288,100,32,0,0,0,0,0,0,0,36
864,900,4.35294,296,100,31,0,0,0,0,0,0,0,37
865,930,3.82609,264,100,36,0,0,0,0,0,0,0,33
866,1044,3.88235,264,100,35,0,0,0,0,0,0,0,33
867,1220,3.94521,288,100,37,0,0,0,0,0,0,0,36
868,1242,4.05797,280,100,34,0,0,0,0,0,0,0,35
869,1256,3.87692,252,100,33,0,0,0,1,0,0,0,31
870,1126,3.68254,232,100,34,0,0,0,0,0,0,0,29
871,1042,3.15152,208,100,40,0,0,0,0,0,0,0,26
872,1126,3.32308,216,100,38,0,0,0,0,0,0,0,27
873,1082,3.25,208,100,38,0,0,0,0,0,0,0,26
874,1146,3.58209,240,100,37,0,0,0,0,0,0,0,30
875,1168,3.54098,216,100,34,0,0,0,0,0,0,0,27
876,1330,4.66667,280,100,25,0,0,0,0,0,0,0,35
877,1052,5.47368,312,100,18,0,0,0,0,0,0,0,39
878,1084,5.38182,296,100,18,0,0,0,0,0,0,0,37
879,1154,4.32787,264,100,28,0,0,0,0,0,0,0,33
880,1240,4.41791,296,100,30,0,0,0,0,0,0,0,37
881,1114,4.625,296,100,27,0,0,0,0,0,0,0,37
882,1198,4.64516,288,100,26,0,0,0,0,0,0,0,36
883,1286,5.16129,320,100,22,0,0,0,0,0,0,0,40
884,1212,5.07937,320,100,23,0,0,0,0,0,0,0,40
885,1330,4.88136,288,100,23,0,0,0,0,0,0,0,36
886,1404,4.64516,288,100,26,0,0,0,0,0,0,0,36
887,1240,4.75,304,100,26,0,0,0,0,0,0,0,38
888,1236,4.57143,320,100,30,0,0,0,0,0,0,0,40
889,1344,4.48485,296,100,29,0,0,0,0,0,0,0,37
890,1144,3.63636,240,100,36,0,0,0,0,0,0,0,30
891,1266,4.19048,264,100,30,0,0,0,0,0,0,0,33
892,1302,3.93651,248,100,32,0,0,0,0,0,0,0,31
893,1084,4.61017,272,100,25,0,0,0,0,0,0,0,34
894,918,4.20339,248,100,28,0,0,0,0,0,0,0,31
895,1110,3.76471,256,100,36,0,0,0,0,0,0,0,32
896,1014,3.75,240,100,34,0,0,0,0,0,0,0,30
897,850,3.70149,248,100,36,0,0,0,0,0,0,0,31
898,886,3.76471,256,100,36,0,0,0,0,0,0,0,32
899,978,4.18462,272,100,31,0,0,0,0,0,0,0,34
900,1058,3.75758,248,100,35,0,0,0,0,0,0,0,31
901,1068,4.30769,280,100,30,0,0,0,0,0,0,0,35
902,1052,3.75758,248,100,35,0,0,0,0,0,0,0,31
903,1200,3.88235,264,100,35,0,0,0,0,0,0,0,33
904,1294,4.17391,288,100,33,0,0,0,0,0,0,0,36
905,1076,4.18462,272,100,31,0,0,0,0,0,0,0,34
906,1034,4.85246,296,100,24,0,0,0,0,0,0,0,37
907,1074,4.43077,288,100,29,0,0,0,0,0,0,0,36
908,978,5.13333,308,100,21,0,0,0,1,0,0,0,38
909,1062,4.78788,316,100,26,0,0,0,1,0,0,0,39
910,1010,3.10448,208,100,41,0,0,0,0,0,0,0,26
911,866,3.0303,200,100,41,0,0,0,0,0,0,0,25
912,998,3.70149,248,100,36,0,0,0,0,0,0,0,31
913,998,3.93846,256,100,33,0,0,0,0,0,0,0,32
914,1186,4.9697,328,100,25,0,0,0,0,0,0,0,41
915,992,4.27586,248,100,27,0,0,0,0,0,0,0,31
916,948,5.19298,296,100,20,0,0,0,0,0,0,0,37
917,930,5.28814,312,100,20,0,0,0,0,0,0,0,39
918,1136,4.74576,280,100,24,0,0,0,0,0,0,0,35
919,1218,5.46667,328,100,19,0,0,0,0,0,0,0,41
920,1320,4.3871,272,100,28,0,0,0,0,0,0,0,34
921,1478,4.8254,304,100,25,0,0,0,0,0,0,0,38
922,1302,4.92308,320,100,25,0,0,0,0,0,0,0,40
923,1258,4.43077,288,100,29,0,0,0,0,0,0,0,36
924,1376,4.125,264,100,31,0,0,0,0,0,0,0,33
925,1186,4,256,100,32,0,0,0,0,0,0,0,32
926,1200,4.5,288,100,28,0,0,0,0,0,0,0,36
927,1160,3.88889,245,100,32,0,0,0,0,1,0,0,30
928,1030,3.89231,253,100,33,0,0,0,0,1,0,0,31
929,1118,3.5942,248,100,38,0,0,0,0,0,0,0,31
930,1078,3.68254,232,100,34,0,0,0,0,0,0,0,29
931,1130,4.32787,264,100,28,0,0,0,0,0,0,0,33
932,1008,4.61538,300,100,27,0,0,0,1,0,0,0,37
933,1080,4.98462,324,100,24,0,0,0,1,0,0,0,40
934,1148,4.53731,304,100,29,0,0,0,0,0,0,0,38
935,1106,4.67692,304,100,27,0,0,0,0,0,0,0,38
936,976,5.2459,320,100,21,0,0,0,0,0,0,0,40
937,994,4.72131,288,100,25,0,0,0,0,0,0,0,36
938,974,5,320,100,24,0,0,0,0,0,0,0,40
939,1092,4.69841,296,100,26,0,0,0,0,0,0,0,37
940,1186,4.95238,312,100,24,0,0,0,0,0,0,0,39
941,1100,4.20339,248,100,28,0,0,0,0,0,0,0,31
942,1190,4.45902,272,100,27,0,0,0,0,0,0,0,34
943,1010,4.20339,248,100,28,0,0,0,0,0,0,0,31
944,1014,4.51613,280,100,27,0,0,0,0,0,0,0,35
945,1008,4.06154,264,100,32,0,0,0,0,0,0,0,33
946,952,3.42857,240,100,40,0,0,0,0,0,0,0,30
947,1060,3.82609,264,100,36,0,0,0,0,0,0,0,33
948,1002,4.25806,264,100,29,0,0,0,0,0,0,0,33
949,962,4.36364,288,100,30,0,0,0,0,0,0,0,36
950,1058,4.72727,312,100,27,0,0,0,0,0,0,0,39
951,1200,4.39437,312,100,32,0,0,0,0,0,0,0,39
952,1166,4.66667,336,100,30,0,0,0,0,0,0,0,42
953,1180,4.50704,320,100,31,0,0,0,0,0,0,0,40
954,1186,3.89189,288,100,38,0,0,0,0,0,0,0,36
955,1178,3.84,288,100,39,0,0,0,0,0,0,0,36
956,1216,3.45946,256,100,42,0,0,0,0,0,0,0,32
957,1044,3.61644,264,100,40,0,0,0,0,0,0,0,33
958,1104,3.28767,240,100,43,0,0,0,0,0,0,0,30
959,968,3.26761,232,100,42,0,0,0,0,0,0,0,29
960,980,3.41176,232,100,39,0,0,0,0,0,0,0,29
961,912,4.12121,272,100,32,0,0,0,0,0,0,0,34
962,964,3.94203,272,100,35,0,0,0,0,0,0,0,34
963,970,3.66667,264,100,39,0,0,0,0,0,0,0,33
964,914,3.38028,240,100,41,0,0,0,0,0,0,0,30
965,876,3.65714,256,100,38,0,0,0,0,0,0,0,32
966,952,3.83099,272,100,37,0,0,0,0,0,0,0,34
967,898,4.0597,272,100,33,0,0,0,0,0,0,0,34
968,898,3.76471,256,100,36,0,0,0,0,0,0,0,32
969,952,3.64706,248,100,37,0,0,0,0,0,0,0,31
970,944,3.42857,240,100,40,0,0,0,0,0,0,0,30
971,928,3.88571,272,100,36,0,0,0,0,0,0,0,34
972,930,3.08571,216,100,43,0,0,0,0,0,0,0,27
973,994,3.38028,240,100,41,0,0,0,0,0,0,0,30
974,906,3.51515,232,100,37,0,0,0,0,0,0,0,29
975,992,3.17647,216,100,41,0,0,0,0,0,0,0,27
976,852,2.83077,184,100,42,0,0,0,0,0,0,0,23
977,896,2.43478,168,100,48,0,0,0,0,0,0,0,21
978,952,3.13514,232,100,45,0,0,0,0,0,0,0,29
979,902,2.77778,200,100,47,0,0,0,0,0,0,0,25
980,970,2.77778,200,100,47,0,0,0,0,0,0,0,25
981,924,3.11111,224,100,44,0,0,0,0,0,0,0,28
982,1006,3.22388,216,100,40,0,0,0,0,0,0,0,27
983,942,3.31429,232,100,41,0,0,0,0,0,0,0,29
984,960,3.22222,232,100,43,0,0,0,0,0,0,0,29
985,880,2.85714,200,100,45,0,0,0,0,0,0,0,25
986,964,2.62857,184,100,47,0,0,0,0,0,0,0,23
987,992,2.89855,200,100,44,0,0,0,0,0,0,0,25
988,1032,2.82353,192,100,44,0,0,0,0,0,0,0,24
989,954,2.22222,160,100,52,0,0,0,0,0,0,0,20
990,924,2,152,100,57,0,0,0,0,0,0,0,19
991,1052,2.24,168,100,54,0,0,0,0,0,0,0,21
992,960,2.35897,184,100,55,0,0,0,0,0,0,0,23
993,1022,2.35897,184,100,55,0,0,0,0,0,0,0,23
994,974,2.30667,173,100,53,0,0,0,0,1,0,0,21
995,920,2.52055,184,100,50,0,0,0,0,0,0,0,23
996,1048,3.28767,240,100,43,0,0,0,0,0,0,0,30
997,1020,3.24638,224,100,41,0,0,0,0,0,0,0,28
998,1042,2.9589,216,100,46,0,0,0,0,0,0,0,27
999,1028,2.9589,216,100,46,0,0,0,0,0,0,0,27
