update,points,mean_tasks,total_tasks,total_orgs,task_0,task_1,task_2,task_3,task_4,task_5,task_6,task_7,task_8
0,0,nan,0,10,0,0,0,0,0,0,0,0,0
1,6,0,0,10,2,0,0,0,0,0,0,0,0
2,10,0,0,10,2,0,0,0,0,0,0,0,0
3,24,2,8,11,3,0,0,0,0,0,0,0,1
4,26,0,0,11,4,0,0,0,0,0,0,0,0
5,26,0,0,11,4,0,0,0,0,0,0,0,0
6,40,1.6,8,12,4,0,0,0,0,0,0,0,1
7,58,1.14286,8,13,6,0,0,0,0,0,0,0,1
8,60,0,0,13,7,0,0,0,0,0,0,0,0
9,76,1,8,14,7,0,0,0,0,0,0,0,1
10,82,0,0,14,9,0,0,0,0,0,0,0,0
11,84,0,0,14,9,0,0,0,0,0,0,0,0
12,64,1,8,14,7,0,0,0,0,0,0,0,1
13,80,0.888889,8,15,8,0,0,0,0,0,0,0,1
14,76,1.77778,16,15,7,0,0,0,0,0,0,0,2
15,104,1.6,16,17,8,0,0,0,0,0,0,0,2
16,86,2.4,24,18,7,0,0,0,0,0,0,0,3
17,114,4,48,19,6,0,0,0,0,0,0,0,6
18,146,3.42857,48,20,8,0,0,0,0,0,0,0,6
19,168,3,48,21,10,0,0,0,0,0,0,0,6
20,194,2.35294,40,22,12,0,0,0,0,0,0,0,5
21,206,1.41176,24,22,14,0,0,0,0,0,0,0,3
22,210,1.41176,24,22,14,0,0,0,0,0,0,0,3
23,208,1.77778,32,24,14,0,0,0,0,0,0,0,4
24,212,1.77778,32,24,14,0,0,0,0,0,0,0,4
25,228,1.68421,32,25,15,0,0,0,0,0,0,0,4
26,256,1.90476,40,26,16,0,0,0,0,0,0,0,5
27,270,2,40,27,15,0,0,0,0,0,0,0,5
28,246,1.6,32,29,16,0,0,0,0,0,0,0,4
29,234,2.94737,56,29,12,0,0,0,0,0,0,0,7
30,224,2.54545,56,30,15,0,0,0,0,0,0,0,7
31,248,2.33333,56,31,17,0,0,0,0,0,0,0,7
32,286,1.84615,48,33,20,0,0,0,0,0,0,0,6
33,340,1.93103,56,35,22,0,0,0,0,0,0,0,7
34,332,2.96296,80,36,17,0,0,0,0,0,0,0,10
35,284,2.57143,72,38,19,0,0,0,0,0,0,0,9
36,340,2.93333,88,41,19,0,0,0,0,0,0,0,11
37,386,3.25,104,43,19,0,0,0,0,0,0,0,13
38,422,2.74286,96,45,23,0,0,0,0,0,0,0,12
39,420,1.6,56,46,28,0,0,0,0,0,0,0,7
40,464,1.47368,56,48,31,0,0,0,0,0,0,0,7
41,502,0.952381,40,49,37,0,0,0,0,0,0,0,5
42,474,1.17073,48,50,35,0,0,0,0,0,0,0,6
43,464,1.56098,64,51,33,0,0,0,0,0,0,0,8
44,480,1.61905,68,52,33,0,0,0,1,0,0,0,8
45,520,2.17391,100,55,33,0,0,0,1,0,0,0,12
46,528,1.91667,92,56,36,0,0,0,1,0,0,0,11
47,560,2.21277,104,58,34,0,0,0,0,0,0,0,13
48,532,2.21277,104,58,34,0,0,0,0,0,0,0,13
49,544,2.55319,120,61,32,0,0,0,0,0,0,0,15
50,538,3,144,63,30,0,0,0,0,0,0,0,18
51,556,3.33333,160,64,28,0,0,0,0,0,0,0,20
52,524,3.23077,168,65,31,0,0,0,0,0,0,0,21
53,546,3.23077,168,65,31,0,0,0,0,0,0,0,21
54,594,3.05455,168,67,34,0,0,0,0,0,0,0,21
55,662,3.34545,184,70,32,0,0,0,0,0,0,0,23
56,596,3.05455,168,70,34,0,0,0,0,0,0,0,21
57,636,3.64912,208,72,31,0,0,0,0,0,0,0,26
58,628,3.64912,208,72,31,0,0,0,0,0,0,0,26
59,696,3.22581,200,74,37,0,0,0,0,0,0,0,25
60,714,2.66129,165,75,41,0,0,0,0,1,0,0,20
61,668,2.70312,173,75,42,0,0,0,0,1,0,0,21
62,714,2.04478,137,77,49,0,0,0,1,1,0,0,16
63,764,2.10145,145,77,50,0,0,0,1,1,0,0,17
64,812,2.58209,173,79,45,0,0,0,0,1,0,0,21
65,806,2.23529,152,81,49,0,0,0,0,0,0,0,19
66,796,2.17143,152,82,51,0,0,0,0,0,0,0,19
67,826,2.70588,184,82,45,0,0,0,0,0,0,0,23
68,812,2.47887,176,85,49,0,0,0,0,0,0,0,22
69,874,2.47887,176,85,49,0,0,0,0,0,0,0,22
70,844,3.15493,224,86,43,0,0,0,0,0,0,0,28
71,792,3.13514,232,88,45,0,0,0,0,0,0,0,29
72,804,3.53247,272,90,43,0,0,0,0,0,0,0,34
73,848,3.5443,280,90,44,0,0,0,0,0,0,0,35
74,818,3.06849,224,90,45,0,0,0,0,0,0,0,28
75,734,3,216,91,45,0,0,0,0,0,0,0,27
76,724,2.77333,208,91,49,0,0,0,0,0,0,0,26
77,794,2.66667,216,91,54,0,0,0,0,0,0,0,27
78,818,2.09524,176,93,62,0,0,0,0,0,0,0,22
79,826,2.5679,208,93,55,0,0,0,0,0,0,0,26
80,830,2.83544,224,93,51,0,0,0,0,0,0,0,28
81,846,3.03797,240,93,49,0,0,0,0,0,0,0,30
82,912,2.8,224,94,52,0,0,0,0,0,0,0,28
83,872,3.11688,240,94,47,0,0,0,0,0,0,0,30
84,820,2.88,216,94,48,0,0,0,0,0,0,0,27
85,836,2.77333,208,95,49,0,0,0,0,0,0,0,26
86,822,2.38961,184,95,54,0,0,0,0,0,0,0,23
87,902,2.35897,184,95,55,0,0,0,0,0,0,0,23
88,896,2.2,176,95,58,0,0,0,0,0,0,0,22
89,996,2.3,184,95,57,0,0,0,0,0,0,0,23
90,908,2.34667,176,95,53,0,0,0,0,0,0,0,22
91,860,2.49351,192,95,53,0,0,0,0,0,0,0,24
92,960,2.8,224,95,52,0,0,0,0,0,0,0,28
93,932,2.96296,240,96,51,0,0,0,0,0,0,0,30
94,940,3.41333,256,96,43,0,0,0,0,0,0,0,32
95,890,3.2,240,96,45,0,0,0,0,0,0,0,30
96,932,3.38462,264,96,45,0,0,0,0,0,0,0,33
97,836,3.56757,264,96,41,0,0,0,0,0,0,0,33
98,858,3.36842,256,96,44,0,0,0,0,0,0,0,32
99,884,3.13514,232,96,45,0,0,0,0,0,0,0,29
100,840,3.36232,232,98,40,0,0,0,0,0,0,0,29
101,922,3.61644,264,98,40,0,0,0,0,0,0,0,33
102,934,3.30667,248,98,44,0,0,0,0,0,0,0,31
103,892,2.81081,208,98,48,0,0,0,0,0,0,0,26
104,922,2.84932,208,99,47,0,0,0,0,0,0,0,26
105,952,2.63158,200,100,51,0,0,0,0,0,0,0,25
106,902,3.02703,224,100,46,0,0,0,0,0,0,0,28
107,896,3.47368,264,100,43,0,0,0,0,0,0,0,33
108,998,2.76543,224,100,53,0,0,0,0,0,0,0,28
109,928,2.73418,216,100,52,0,0,0,0,0,0,0,27
110,958,2.53165,200,100,54,0,0,0,0,0,0,0,25
111,918,2.63014,192,100,49,0,0,0,0,0,0,0,24
112,864,3,216,100,45,0,0,0,0,0,0,0,27
113,920,2.80519,216,100,50,0,0,0,0,0,0,0,27
114,956,2.32911,184,100,56,0,0,0,0,0,0,0,23
115,872,1.89474,144,100,58,0,0,0,0,0,0,0,18
116,846,2.15385,168,100,57,0,0,0,0,0,0,0,21
117,900,2.4,192,100,56,0,0,0,0,0,0,0,24
118,922,2.5,200,100,55,0,0,0,0,0,0,0,25
119,910,2.73684,208,100,50,0,0,0,0,0,0,0,26
120,916,2.31325,192,100,59,0,0,0,0,0,0,0,24
121,966,2.38095,200,100,59,0,0,0,0,0,0,0,25
122,950,2.46914,200,100,56,0,0,0,0,0,0,0,25
123,960,2.4,192,100,56,0,0,0,0,0,0,0,24
124,862,2.91892,216,100,47,0,0,0,0,0,0,0,27
125,918,3.48,261,100,42,0,0,0,0,1,0,0,32
126,920,3.26316,248,100,45,0,0,0,0,0,0,0,31
127,826,2.94737,224,100,48,0,0,0,0,0,0,0,28
128,898,2.80519,216,100,50,0,0,0,0,0,0,0,27
129,848,3.28767,240,100,43,0,0,0,0,0,0,0,30
130,780,3.17808,232,100,44,0,0,0,0,0,0,0,29
131,794,3.11111,224,100,44,0,0,0,0,0,0,0,28
132,816,3.64706,248,100,37,0,0,0,0,0,0,0,31
133,766,3.31429,232,100,41,0,0,0,0,0,0,0,29
134,790,3.94203,272,100,35,0,0,0,0,0,0,0,34
135,822,4.16901,296,100,34,0,0,0,0,0,0,0,37
136,880,3.65714,256,100,38,0,0,0,0,0,0,0,32
137,890,3.77778,272,100,38,0,0,0,0,0,0,0,34
138,862,3.02703,224,100,46,0,0,0,0,0,0,0,28
139,898,3.13043,216,100,42,0,0,0,0,0,0,0,27
140,900,3.24638,224,100,41,0,0,0,0,0,0,0,28
141,924,3.65714,256,100,38,0,0,0,0,0,0,0,32
142,782,3.71831,264,100,38,0,0,0,0,0,0,0,33
143,806,4.34286,304,100,32,0,0,0,0,0,0,0,38
144,760,3.78082,276,100,38,0,0,0,1,0,0,0,34
145,768,4.05882,276,100,33,0,0,0,1,0,0,0,34
146,844,4.05634,288,100,35,0,0,0,0,0,0,0,36
147,924,4.05634,288,100,35,0,0,0,0,0,0,0,36
148,878,4.61972,328,100,30,0,0,0,0,0,0,0,41
149,908,4.4058,304,100,31,0,0,0,0,0,0,0,38
150,974,4.64865,344,100,31,0,0,0,0,0,0,0,43
151,934,4.34286,304,100,32,0,0,0,0,0,0,0,38
152,914,4.63768,320,100,29,0,0,0,0,0,0,0,40
153,858,4.58824,312,100,29,0,0,0,0,0,0,0,39
154,850,4.27397,312,100,34,0,0,0,0,0,0,0,39
155,1040,5.22222,376,100,25,0,0,0,0,0,0,0,47
156,1030,4.23529,288,100,32,0,0,0,0,0,0,0,36
157,978,3.65714,256,100,38,0,0,0,0,0,0,0,32
158,814,4.0597,272,100,33,0,0,0,0,0,0,0,34
159,870,4,280,100,35,0,0,0,0,0,0,0,35
160,950,4.28986,296,100,32,0,0,0,0,0,0,0,37
161,996,4.32432,320,100,34,0,0,0,0,0,0,0,40
162,862,4.60606,304,100,28,0,0,0,0,0,0,0,38
163,946,5.17647,352,100,24,0,0,0,0,0,0,0,44
164,1030,4.23529,288,100,32,0,0,0,0,0,0,0,36
165,796,4.72727,312,100,27,0,0,0,0,0,0,0,39
166,840,3.77143,264,100,37,0,0,0,0,0,0,0,33
167,798,4.35294,296,100,31,0,0,0,0,0,0,0,37
168,828,4,288,100,36,0,0,0,0,0,0,0,36
169,838,4.22857,296,100,33,0,0,0,0,0,0,0,37
170,874,3.88889,280,100,37,0,0,0,0,0,0,0,35
171,826,4.0137,293,100,36,0,0,0,0,1,0,0,36
172,862,4.12329,301,100,35,0,0,0,0,1,0,0,37
173,834,4.08,306,100,36,0,0,0,0,2,0,0,37
174,854,4.45946,330,100,32,0,0,0,0,2,0,0,40
175,874,4.17568,309,100,35,0,0,0,0,1,0,0,38
176,892,4.17105,317,100,36,0,0,0,0,1,0,0,39
177,868,3.5974,277,100,42,0,0,0,0,1,0,0,34
178,936,4.01299,309,100,38,0,0,0,0,1,0,0,38
179,912,4.15584,320,100,37,0,0,0,0,0,0,0,40
180,808,3.89189,288,100,38,0,0,0,0,0,0,0,36
181,820,3.78378,280,100,39,0,0,0,0,0,0,0,35
182,830,3.89189,288,100,38,0,0,0,0,0,0,0,36
183,824,3.42857,264,100,44,0,0,0,0,0,0,0,33
184,786,3.42857,264,100,44,0,0,0,0,0,0,0,33
185,920,3.64557,288,100,43,0,0,0,0,0,0,0,36
186,876,3.47368,264,100,43,0,0,0,0,0,0,0,33
187,826,3.89189,288,100,38,0,0,0,0,0,0,0,36
188,762,4.16438,304,100,35,0,0,0,0,0,0,0,38
189,832,4.16,312,100,36,0,0,0,0,0,0,0,39
190,814,3.61644,264,100,40,0,0,0,0,0,0,0,33
191,856,3.77143,264,100,37,0,0,0,0,0,0,0,33
192,832,3.82609,264,100,36,0,0,0,0,0,0,0,33
193,924,3.88571,272,100,36,0,0,0,0,0,0,0,34
194,822,4.11765,280,100,33,0,0,0,0,0,0,0,35
195,824,3.5493,252,100,39,0,0,0,1,0,0,0,31
196,918,3.44444,248,100,41,0,0,0,0,0,0,0,31
197,872,4.06349,256,100,31,0,0,0,0,0,0,0,32
198,970,4.29851,288,100,31,0,0,0,0,0,0,0,36
199,994,3.88235,264,100,35,0,0,0,0,0,0,0,33
200,810,3.88235,264,100,35,0,0,0,0,0,0,0,33
201,744,3.71014,256,100,37,0,0,0,0,0,0,0,32
202,904,3.66667,264,100,39,0,0,0,0,0,0,0,33
203,886,3.9403,264,100,34,0,0,0,0,0,0,0,33
204,772,4.28986,296,100,32,0,0,0,0,0,0,0,37
205,844,4.11111,296,100,35,0,0,0,0,0,0,0,37
206,808,4,288,100,36,0,0,0,0,0,0,0,36
207,858,4.16901,296,100,34,0,0,0,0,0,0,0,37
208,928,4.16438,304,100,35,0,0,0,0,0,0,0,38
209,898,4.11765,280,100,33,0,0,0,0,0,0,0,35
210,836,4.0597,272,100,33,0,0,0,0,0,0,0,34
211,746,4.30769,280,100,30,0,0,0,0,0,0,0,35
212,892,4.52174,312,100,30,0,0,0,0,0,0,0,39
213,890,3.88889,280,100,37,0,0,0,0,0,0,0,35
214,884,4.36364,288,100,30,0,0,0,0,0,0,0,36
215,922,4,272,100,34,0,0,0,0,0,0,0,34
216,926,3.15714,221,100,42,0,0,0,0,1,0,0,27
217,946,3.75758,248,100,35,0,0,0,0,0,0,0,31
218,962,3.76471,256,100,36,0,0,0,0,0,0,0,32
219,932,3.75758,248,100,35,0,0,0,0,0,0,0,31
220,996,3.5942,248,100,38,0,0,0,0,0,0,0,31
221,928,4.26154,277,100,30,0,0,0,0,1,0,0,34
222,1050,3.84,288,100,39,0,0,0,0,0,0,0,36
223,916,3.66667,264,100,39,0,0,0,0,0,0,0,33
224,948,4.05333,304,100,37,0,0,0,0,0,0,0,38
225,932,3.01299,232,100,48,0,0,0,0,0,0,0,29
226,1004,3.83562,280,100,38,0,0,0,0,0,0,0,35
227,928,3.94203,272,100,35,0,0,0,0,0,0,0,34
228,854,3.18841,220,100,41,0,0,0,1,0,0,0,27
229,794,3.58824,244,100,37,0,0,0,1,0,0,0,30
230,802,4.36364,288,100,30,0,0,0,0,0,0,0,36
231,898,3.26761,232,100,42,0,0,0,0,0,0,0,29
232,784,3.42857,240,100,40,0,0,0,0,0,0,0,30
233,792,3.49296,248,100,40,0,0,0,0,0,0,0,31
234,966,3.31081,245,100,43,0,0,0,0,1,0,0,30
235,906,3.83824,261,100,35,0,0,0,0,1,0,0,32
236,872,3.55072,245,100,38,0,0,0,0,1,0,0,30
237,936,3.61644,264,100,40,0,0,0,0,0,0,0,33
238,1012,3.88889,280,100,37,0,0,0,0,0,0,0,35
239,1016,3.83562,280,100,38,0,0,0,0,0,0,0,35
240,986,4.28986,296,100,32,0,0,0,0,0,0,0,37
241,934,4.05634,288,100,35,0,0,0,0,0,0,0,36
242,974,4.28169,304,100,33,0,0,0,0,0,0,0,38
243,1034,4.16438,304,100,35,0,0,0,0,0,0,0,38
244,944,4.11111,296,100,35,0,0,0,0,0,0,0,37
245,876,3.07692,240,100,48,0,0,0,0,0,0,0,30
246,952,3.71831,264,100,38,0,0,0,0,0,0,0,33
247,834,4.0597,272,100,33,0,0,0,0,0,0,0,34
248,860,4.17391,288,100,33,0,0,0,0,0,0,0,36
249,870,3.8209,256,100,35,0,0,0,0,0,0,0,32
250,768,3.71831,264,100,38,0,0,0,0,0,0,0,33
251,846,4.26667,320,100,35,0,0,0,0,0,0,0,40
252,920,4.27397,312,100,34,0,0,0,0,0,0,0,39
253,986,3.89474,296,100,39,0,0,0,0,0,0,0,37
254,1018,4.11429,288,100,34,0,0,0,0,0,0,0,36
255,848,3.80952,240,100,33,0,0,0,0,0,0,0,30
256,816,4.47059,304,100,30,0,0,0,0,0,0,0,38
257,798,3.45946,256,100,42,0,0,0,0,0,0,0,32
258,908,3.17949,248,100,47,0,0,0,0,0,0,0,31
259,1010,3.13924,248,100,48,0,0,0,0,0,0,0,31
260,984,3.01299,232,100,48,0,0,0,0,0,0,0,29
261,940,3.31429,232,100,41,0,0,0,0,0,0,0,29
262,910,3.53247,272,100,43,0,0,0,0,0,0,0,34
263,942,3.53247,272,100,43,0,0,0,0,0,0,0,34
264,1008,4.05195,312,100,38,0,0,0,0,0,0,0,39
265,876,4.05333,304,100,37,0,0,0,0,0,0,0,38
266,856,3.55556,256,100,40,0,0,0,0,0,0,0,32
267,888,3.78378,280,100,39,0,0,0,0,0,0,0,35
268,982,3.84,288,100,39,0,0,0,0,0,0,0,36
269,946,3.56757,264,100,41,0,0,0,0,0,0,0,33
270,896,4.4058,304,100,31,0,0,0,0,0,0,0,38
271,926,4.38356,320,100,33,0,0,0,0,0,0,0,40
272,1018,4.05714,284,100,34,0,0,0,1,0,0,0,35
273,986,3.57333,268,100,41,0,0,0,1,0,0,0,33
274,1060,3.36,252,100,43,0,0,0,1,0,0,0,31
275,822,3.21053,244,100,45,0,0,0,1,0,0,0,30
276,818,3.58824,244,100,37,0,0,0,1,0,0,0,30
277,936,4.16901,296,100,34,0,0,0,0,0,0,0,37
278,872,4.41791,296,100,30,0,0,0,0,0,0,0,37
279,924,4.75362,328,100,28,0,0,0,0,0,0,0,41
280,1044,4.49315,328,100,32,0,0,0,0,0,0,0,41
281,914,3.77143,264,100,37,0,0,0,0,0,0,0,33
282,866,4.05634,288,100,35,0,0,0,0,0,0,0,36
283,934,3.88889,280,100,37,0,0,0,0,0,0,0,35
284,970,3.71831,264,100,38,0,0,0,0,0,0,0,33
285,962,2.88,216,100,48,0,0,0,0,0,0,0,27
286,974,3.94521,288,100,37,0,0,0,0,0,0,0,36
287,936,4.47059,304,100,30,0,0,0,0,0,0,0,38
288,964,4.11765,280,100,33,0,0,0,0,0,0,0,35
289,882,4.41791,296,100,30,0,0,0,0,0,0,0,37
290,908,5.07937,320,100,23,0,0,0,0,0,0,0,40
291,952,5.10145,352,100,25,0,0,0,0,0,0,0,44
292,1008,4.70588,320,100,28,0,0,0,0,0,0,0,40
293,852,4.93333,296,100,23,0,0,0,0,0,0,0,37
294,820,4.55385,296,100,28,0,0,0,0,0,0,0,37
295,1002,4.8,336,100,28,0,0,0,0,0,0,0,42
296,980,5.05882,344,100,25,0,0,0,0,0,0,0,43
297,1010,4.82192,352,100,29,0,0,0,0,0,0,0,44
298,870,3.83562,280,100,38,0,0,0,0,0,0,0,35
299,900,3.45946,256,100,42,0,0,0,0,0,0,0,32
300,886,3.17808,232,100,44,0,0,0,0,0,0,0,29
301,948,4.22222,304,100,34,0,0,0,0,0,0,0,38
302,912,3.78947,288,100,40,0,0,0,0,0,0,0,36
303,938,4,296,100,37,0,0,0,0,0,0,0,37
304,814,3.53731,237,100,37,0,0,0,0,1,0,0,29
305,866,4.0137,293,100,36,0,0,0,0,1,0,0,36
306,1008,3.95946,293,100,37,0,0,0,0,1,0,0,36
307,982,4.46479,317,100,31,0,0,0,0,1,0,0,39
308,870,4.51389,325,100,31,0,0,0,0,1,0,0,40
309,898,4.23529,288,100,32,0,0,0,0,0,0,0,36
310,910,3.41333,256,100,43,0,0,0,0,0,0,0,32
311,940,3.47368,264,100,43,0,0,0,0,0,0,0,33
312,850,3.77778,272,100,38,0,0,0,0,0,0,0,34
313,850,4.28169,304,100,33,0,0,0,0,0,0,0,38
314,844,3.82609,264,100,36,0,0,0,0,0,0,0,33
315,904,3.72603,272,100,39,0,0,0,0,0,0,0,34
316,898,3.45946,256,100,42,0,0,0,0,0,0,0,32
317,956,3.30667,248,100,44,0,0,0,0,0,0,0,31
318,1048,3.79487,296,100,41,0,0,0,0,0,0,0,37
319,824,4.34286,304,100,32,0,0,0,0,0,0,0,38
320,872,3.68421,280,100,41,0,0,0,0,0,0,0,35
321,868,3.47368,264,100,43,0,0,0,0,0,0,0,33
322,1000,3.13924,248,100,48,0,0,0,0,0,0,0,31
323,990,2.76923,216,100,51,0,0,0,0,0,0,0,27
324,848,2.94737,224,100,48,0,0,0,0,0,0,0,28
325,916,3.24324,240,100,44,0,0,0,0,0,0,0,30
326,850,3.49296,248,100,40,0,0,0,0,0,0,0,31
327,840,4.35294,296,100,31,0,0,0,0,0,0,0,37
328,856,3.67568,272,100,40,0,0,0,0,0,0,0,34
329,854,2.84932,208,100,47,0,0,0,0,0,0,0,26
330,810,3.65714,256,100,38,0,0,0,0,0,0,0,32
331,826,3.52941,240,100,38,0,0,0,0,0,0,0,30
332,870,3.54286,248,100,39,0,0,0,0,0,0,0,31
333,874,4.11111,296,100,35,0,0,0,0,0,0,0,37
334,824,4.17391,288,100,33,0,0,0,0,0,0,0,36
335,870,4.86486,360,100,29,0,0,0,0,0,0,0,45
336,908,4.31579,328,100,35,0,0,0,0,0,0,0,41
337,944,4.27397,312,100,34,0,0,0,0,0,0,0,39
338,940,4.35294,296,100,31,0,0,0,0,0,0,0,37
339,878,4.52174,312,100,30,0,0,0,0,0,0,0,39
340,834,4.05797,280,100,34,0,0,0,0,0,0,0,35
341,850,4.27397,312,100,34,0,0,0,0,0,0,0,39
342,878,4.11765,280,100,33,0,0,0,0,0,0,0,35
343,794,4.0597,272,100,33,0,0,0,0,0,0,0,34
344,726,4.35294,296,100,31,0,0,0,0,0,0,0,37
345,902,4.28169,304,100,33,0,0,0,0,0,0,0,38
346,818,4.35294,296,100,31,0,0,0,0,0,0,0,37
347,862,4.875,312,100,25,0,0,0,0,0,0,0,39
348,854,4.72727,312,100,27,0,0,0,0,0,0,0,39
349,854,5.04615,328,100,24,0,0,0,0,0,0,0,41
350,786,4.9697,328,100,25,0,0,0,0,0,0,0,41
351,888,4.41791,296,100,30,0,0,0,0,0,0,0,37
352,826,3.82609,264,100,36,0,0,0,0,0,0,0,33
353,788,3.76471,256,100,36,0,0,0,0,0,0,0,32
354,794,3.77143,264,100,37,0,0,0,0,0,0,0,33
355,894,3.28767,240,100,43,0,0,0,0,0,0,0,30
356,748,3.43662,244,100,40,0,0,0,1,0,0,0,30
357,838,3.82609,264,100,36,0,0,0,0,0,0,0,33
358,908,4.11429,288,100,34,0,0,0,0,0,0,0,36
359,746,4.55385,296,100,28,0,0,0,0,0,0,0,37
360,768,4.25,272,100,30,0,0,0,0,0,0,0,34
361,858,3.41176,232,100,39,0,0,0,0,0,0,0,29
362,896,4.05797,280,100,34,0,0,0,0,0,0,0,35
363,808,3.93846,256,100,33,0,0,0,0,0,0,0,32
364,774,4.59016,280,100,26,0,0,0,0,0,0,0,35
365,924,4.48485,296,100,29,0,0,0,0,0,0,0,37
366,916,3.75,240,100,34,0,0,0,0,0,0,0,30
367,962,4.23881,284,100,31,0,0,0,1,0,0,0,35
368,756,4.12903,256,100,30,0,0,0,0,0,0,0,32
369,864,4.3871,272,100,28,0,0,0,0,0,0,0,34
370,846,4.32787,264,100,28,0,0,0,0,0,0,0,33
371,694,3.86207,224,100,30,0,0,0,0,0,0,0,28
372,804,3.81538,248,100,34,0,0,0,0,0,0,0,31
373,932,4.42424,292,100,29,0,0,0,1,0,0,0,36
374,814,3.33333,220,100,38,0,0,0,1,0,0,0,27
375,890,3.3125,212,100,37,0,0,0,1,0,0,0,26
376,976,3.56923,232,100,36,0,0,0,0,0,0,0,29
377,942,3.63636,240,100,36,0,0,0,0,0,0,0,30
378,968,3.54098,216,100,34,0,0,0,0,0,0,0,27
379,896,3.51515,232,100,37,0,0,0,0,0,0,0,29
380,992,4.41379,256,100,26,0,0,0,0,0,0,0,32
381,896,3.67213,224,100,33,0,0,0,0,0,0,0,28
382,830,3.58621,208,100,32,0,0,0,0,0,0,0,26
383,980,4.06557,248,100,30,0,0,0,0,0,0,0,31
384,942,4.07018,232,100,28,0,0,0,0,0,0,0,29
385,1018,4.12903,256,100,30,0,0,0,0,0,0,0,32
386,932,4.72131,288,100,25,0,0,0,0,0,0,0,36
387,884,3.93846,256,100,33,0,0,0,0,0,0,0,32
388,962,3.875,248,100,33,0,0,0,0,0,0,0,31
389,1006,4.12121,272,100,32,0,0,0,0,0,0,0,34
390,1256,4.34286,304,100,32,0,0,0,0,0,0,0,38
391,1082,4.19048,264,100,30,0,0,0,0,0,0,0,33
392,1028,4.8254,304,100,25,0,0,0,0,0,0,0,38
393,1002,5.16129,320,100,22,0,0,0,0,0,0,0,40
394,890,4.91803,300,100,23,0,0,0,1,0,0,0,37
395,908,3.93651,248,100,32,0,0,0,0,0,0,0,31
396,970,3.87879,256,100,34,0,0,0,0,0,0,0,32
397,792,4.38095,276,100,28,0,0,0,1,0,0,0,34
398,784,4.59016,280,100,26,0,0,0,0,0,0,0,35
399,812,4.93333,296,100,23,0,0,0,0,0,0,0,37
400,866,4.3125,276,100,29,0,0,0,1,0,0,0,34
401,762,4.66667,280,100,25,0,0,0,0,0,0,0,35
402,708,3.27273,216,100,39,0,0,0,0,0,0,0,27
403,822,2.89855,200,100,44,0,0,0,0,0,0,0,25
404,814,2.88,216,100,48,0,0,0,0,0,0,0,27
405,862,2.8169,200,100,46,0,0,0,0,0,0,0,25
406,882,3.04225,216,100,44,0,0,0,0,0,0,0,27
407,810,3.48387,216,100,35,0,0,0,0,0,0,0,27
408,818,4,264,100,33,0,0,0,0,0,0,0,33
409,804,3.71014,256,100,37,0,0,0,0,0,0,0,32
410,820,3.78378,280,100,39,0,0,0,0,0,0,0,35
411,830,4.72727,312,100,27,0,0,0,0,0,0,0,39
412,738,4,272,100,34,0,0,0,0,0,0,0,34
413,788,3.88235,264,100,35,0,0,0,0,0,0,0,33
414,814,3.94203,272,100,35,0,0,0,0,0,0,0,34
415,804,3.69231,240,100,35,0,0,0,0,0,0,0,30
416,882,3.15493,224,100,43,0,0,0,0,0,0,0,28
417,874,3.77778,272,100,38,0,0,0,0,0,0,0,34
418,798,3.83099,272,100,37,0,0,0,0,0,0,0,34
419,812,4.28169,304,100,33,0,0,0,0,0,0,0,38
420,790,3.62162,268,100,40,0,0,0,1,0,0,0,33
421,972,3.89744,304,100,40,0,0,0,0,0,0,0,38
422,872,3.73333,280,100,40,0,0,0,0,0,0,0,35
423,930,3.84416,296,100,40,0,0,0,0,0,0,0,37
424,912,4.05333,304,100,37,0,0,0,0,0,0,0,38
425,822,3.66667,264,100,39,0,0,0,0,0,0,0,33
426,806,3.35135,248,100,43,0,0,0,0,0,0,0,31
427,864,3.94366,280,100,36,0,0,0,0,0,0,0,35
428,778,3.50685,256,100,41,0,0,0,0,0,0,0,32
429,830,4.11111,296,100,35,0,0,0,0,0,0,0,37
430,840,4.27397,312,100,34,0,0,0,0,0,0,0,39
431,842,3.84416,296,100,40,0,0,0,0,0,0,0,37
432,842,4.05333,304,100,37,0,0,0,0,0,0,0,38
433,936,4.27397,312,100,34,0,0,0,0,0,0,0,39
434,844,4.17391,288,100,33,0,0,0,0,0,0,0,36
435,868,3.71831,264,100,38,0,0,0,0,0,0,0,33
436,850,3.72603,272,100,39,0,0,0,0,0,0,0,34
437,788,3.65714,256,100,38,0,0,0,0,0,0,0,32
438,852,3.82609,264,100,36,0,0,0,0,0,0,0,33
439,742,3.5942,248,100,38,0,0,0,0,0,0,0,31
440,876,3.77143,264,100,37,0,0,0,0,0,0,0,33
441,806,3.94366,280,100,36,0,0,0,0,0,0,0,35
442,956,4.21622,312,100,35,0,0,0,0,0,0,0,39
443,832,3.36232,232,100,40,0,0,0,0,0,0,0,29
444,698,2.86567,192,100,43,0,0,0,0,0,0,0,24
445,814,2.92958,208,100,45,0,0,0,0,0,0,0,26
446,872,2.90909,224,100,49,0,0,0,0,0,0,0,28
447,844,3.28767,240,100,43,0,0,0,0,0,0,0,30
448,932,3.65714,256,100,38,0,0,0,0,0,0,0,32
449,974,3.77778,272,100,38,0,0,0,0,0,0,0,34
450,858,4.05797,280,100,34,0,0,0,0,0,0,0,35
451,922,4.41176,300,100,30,0,0,0,1,0,0,0,37
452,1092,4.37838,324,100,33,0,0,0,1,0,0,0,40
453,1074,3.76812,260,100,36,0,0,0,1,0,0,0,32
454,1060,3.45946,256,100,42,0,0,0,0,0,0,0,32
455,1162,3.05882,208,100,42,0,0,0,0,0,0,0,26
456,1212,3.58209,240,100,37,0,0,0,0,0,0,0,30
457,1194,3.8209,256,100,35,0,0,0,0,0,0,0,32
458,1092,4.06154,264,100,32,0,0,0,0,0,0,0,33
459,842,3.93443,240,100,31,0,0,0,0,0,0,0,30
460,920,4.12121,272,100,32,0,0,0,0,0,0,0,34
461,974,4.05797,280,100,34,0,0,0,0,0,0,0,35
462,1020,3.83099,272,100,37,0,0,0,0,0,0,0,34
463,982,3.26761,232,100,42,0,0,0,0,0,0,0,29
464,1056,3.88235,264,100,35,0,0,0,0,0,0,0,33
465,1164,3.64706,248,100,37,0,0,0,0,0,0,0,31
466,998,3.8209,256,100,35,0,0,0,0,0,0,0,32
467,1070,3.46269,232,100,38,0,0,0,0,0,0,0,29
468,1018,3.87879,256,100,34,0,0,0,0,0,0,0,32
469,1004,4,256,100,32,0,0,0,0,0,0,0,32
470,956,3.17647,216,100,41,0,0,0,0,0,0,0,27
471,964,3.41176,232,100,39,0,0,0,0,0,0,0,29
472,976,3.27273,216,100,39,0,0,0,0,0,0,0,27
473,984,3.63636,240,100,36,0,0,0,0,0,0,0,30
474,964,3.44615,224,100,37,0,0,0,0,0,0,0,28
475,1014,4.18462,272,100,31,0,0,0,0,0,0,0,34
476,1124,4.68966,272,100,24,0,0,0,0,0,0,0,34
477,1288,5.11475,312,100,22,0,0,0,0,0,0,0,39
478,1482,5.2,312,100,21,0,0,0,0,0,0,0,39
479,1226,5.15254,304,100,21,0,0,0,0,0,0,0,38
480,1446,4.85246,296,100,24,0,0,0,0,0,0,0,37
481,1484,4.75,304,100,26,0,0,0,0,0,0,0,38
482,1574,3.95588,269,100,34,0,0,0,0,1,0,0,33
483,1582,4,248,100,31,0,0,0,0,0,0,0,31
484,1430,3.58209,240,100,37,0,0,0,0,0,0,0,30
485,918,4.57143,288,100,27,0,0,0,0,0,0,0,36
486,1164,4.43077,288,100,29,0,0,0,0,0,0,0,36
487,1260,4.8,312,100,26,0,0,0,0,0,0,0,39
488,1328,4.05797,280,100,34,0,0,0,0,0,0,0,35
489,1374,3.88235,264,100,35,0,0,0,0,0,0,0,33
490,1062,4.11765,280,100,33,0,0,0,0,0,0,0,35
491,1076,4,272,100,34,0,0,0,0,0,0,0,34
492,1092,4.45714,312,100,31,0,0,0,0,0,0,0,39
493,1210,4.38356,320,100,33,0,0,0,0,0,0,0,40
494,1078,5.375,344,100,21,0,0,0,0,0,0,0,43
495,1322,5.29231,344,100,22,0,0,0,0,0,0,0,43
496,1124,5.45455,360,100,21,0,0,0,0,0,0,0,45
497,1188,5.41176,368,100,22,0,0,0,0,0,0,0,46
498,1318,5.13433,344,100,24,0,0,0,0,0,0,0,43
499,1518,5.13433,344,100,24,0,0,0,0,0,0,0,43
500,1542,4.75,304,100,26,0,0,0,0,0,0,0,38
501,1302,5.29032,328,100,21,0,0,0,0,0,0,0,41
502,1360,6.03509,344,100,14,0,0,0,0,0,0,0,43
503,1692,6.42623,392,100,12,0,0,0,0,0,0,0,49
504,1682,5.96364,328,100,14,0,0,0,0,0,0,0,41
505,1864,5.89474,336,100,15,0,0,0,0,0,0,0,42
506,1980,6.32203,373,100,12,0,0,0,0,1,0,0,46
507,1634,5.77778,312,100,15,0,0,0,0,0,0,0,39
508,1504,5,280,100,21,0,0,0,0,0,0,0,35
509,1218,5.24138,304,100,20,0,0,0,0,0,0,0,38
510,1374,5.24138,304,100,20,0,0,0,0,0,0,0,38
511,1690,5.06667,304,100,22,0,0,0,0,0,0,0,38
512,1812,5.47368,312,100,18,0,0,0,0,0,0,0,39
513,1370,5.42857,304,100,18,0,0,0,0,0,0,0,38
514,1044,5.32759,309,100,19,0,0,0,0,1,0,0,38
515,956,5.19672,317,100,21,0,0,0,0,1,0,0,39
516,1084,5.375,344,100,21,0,0,0,0,0,0,0,43
517,1372,5.86667,352,100,16,0,0,0,0,0,0,0,44
518,1520,5.75439,328,100,16,0,0,0,0,0,0,0,41
519,1736,5.2459,320,100,21,0,0,0,0,0,0,0,40
520,1796,5.9661,352,100,15,0,0,0,0,0,0,0,44
521,1878,5.37931,312,100,19,0,0,0,0,0,0,0,39
522,1516,5.67742,352,100,18,0,0,0,0,0,0,0,44
523,1508,5.86667,352,100,16,0,0,0,0,0,0,0,44
524,1430,6.2069,360,100,13,0,0,0,0,0,0,0,45
525,1604,5.66154,368,100,19,0,0,0,0,0,0,0,46
526,1616,5.41176,368,100,22,0,0,0,0,0,0,0,46
527,1596,5.41538,352,100,21,0,0,0,0,0,0,0,44
528,1584,5.33333,352,100,22,0,0,0,0,0,0,0,44
529,1544,5.41538,352,100,21,0,0,0,0,0,0,0,44
530,1742,5.25,336,100,22,0,0,0,0,0,0,0,42
531,1774,5.21212,344,100,23,0,0,0,0,0,0,0,43
532,1906,5.98361,365,100,15,0,0,0,0,1,0,0,45
533,1858,5.77049,352,100,17,0,0,0,0,0,0,0,44
534,1346,5.89474,336,100,15,0,0,0,0,0,0,0,42
535,1290,5.51724,320,100,18,0,0,0,0,0,0,0,40
536,1604,4.98361,304,100,23,0,0,0,0,0,0,0,38
537,1596,5.14286,288,100,20,0,0,0,0,0,0,0,36
538,1768,5.42373,320,100,19,0,0,0,0,0,0,0,40
539,1798,5.46667,328,100,19,0,0,0,0,0,0,0,41
540,2016,5.20635,328,100,22,0,0,0,0,0,0,0,41
541,2302,5.375,344,100,21,0,0,0,0,0,0,0,43
542,2050,5.2,312,100,21,0,0,0,0,0,0,0,39
543,1998,5.65517,328,100,17,0,0,0,0,0,0,0,41
544,1582,5.33333,304,100,19,0,0,0,0,0,0,0,38
545,1420,5.10345,296,100,21,0,0,0,0,0,0,0,37
546,1476,5.46667,328,100,19,0,0,0,0,0,0,0,41
547,1574,5.375,344,100,21,0,0,0,0,0,0,0,43
548,1522,4.92308,320,100,25,0,0,0,0,0,0,0,40
549,1022,5.46667,328,100,19,0,0,0,0,0,0,0,41
550,1298,5.5,352,100,20,0,0,0,0,0,0,0,44
551,1396,6.03509,344,100,14,0,0,0,0,0,0,0,43
552,1400,5.5873,352,100,19,0,0,0,0,0,0,0,44
553,1338,5.6,336,100,18,0,0,0,0,0,0,0,42
554,1460,6.03509,344,100,14,0,0,0,0,0,0,0,43
555,1756,6.37288,376,100,12,0,0,0,0,0,0,0,47
556,1388,5.65517,328,100,17,0,0,0,0,0,0,0,41
557,1176,5.2,312,100,21,0,0,0,0,0,0,0,39
558,1222,5.37931,312,100,19,0,0,0,0,0,0,0,39
559,1406,4.85246,296,100,24,0,0,0,0,0,0,0,37
560,1396,4.59016,280,100,26,0,0,0,0,0,0,0,35
561,1006,5.24138,304,100,20,0,0,0,0,0,0,0,38
562,1140,5.11475,312,100,22,0,0,0,0,0,0,0,39
563,1144,4.85246,296,100,24,0,0,0,0,0,0,0,37
564,1316,4.77193,272,100,23,0,0,0,0,0,0,0,34
565,1364,4.98361,304,100,23,0,0,0,0,0,0,0,38
566,1784,4.8254,304,100,25,0,0,0,0,0,0,0,38
567,1626,4.35821,292,100,30,0,0,0,1,0,0,0,36
568,1712,4.66667,308,100,27,0,0,0,1,0,0,0,38
569,1512,4.06061,268,100,32,0,0,0,1,0,0,0,33
570,1508,3.82353,260,100,35,0,0,0,1,0,0,0,32
571,1598,4.30769,280,100,30,0,0,0,0,0,0,0,35
572,1150,4.19048,264,100,30,0,0,0,0,0,0,0,33
573,1264,5.33333,320,100,20,0,0,0,0,0,0,0,40
574,1486,4.69841,296,100,26,0,0,0,0,0,0,0,37
575,1460,5.29032,328,100,21,0,0,0,0,0,0,0,41
576,1396,4.8254,304,100,25,0,0,0,0,0,0,0,38
577,1358,3.8209,256,100,35,0,0,0,0,0,0,0,32
578,1374,3.69231,240,100,35,0,0,0,0,0,0,0,30
579,1626,3.87879,256,100,34,0,0,0,0,0,0,0,32
580,1740,4.98551,344,100,26,0,0,0,0,0,0,0,43
581,1508,4.74576,280,100,24,0,0,0,0,0,0,0,35
582,1572,5.16923,336,100,23,0,0,0,0,0,0,0,42
583,1672,5.05882,344,100,25,0,0,0,0,0,0,0,43
584,1358,4.05479,296,100,36,0,0,0,0,0,0,0,37
585,1560,5.01493,336,100,25,0,0,0,0,0,0,0,42
586,1594,4.75,304,100,26,0,0,0,0,0,0,0,38
587,1356,5.07937,320,100,23,0,0,0,0,0,0,0,40
588,1602,5.13433,344,100,24,0,0,0,0,0,0,0,43
589,1500,5.25,336,100,22,0,0,0,0,0,0,0,42
590,1442,5.20635,328,100,22,0,0,0,0,0,0,0,41
591,1806,5.53846,360,100,20,0,0,0,0,0,0,0,45
592,1826,5.67742,352,100,18,0,0,0,0,0,0,0,44
593,2090,5.25,336,100,22,0,0,0,0,0,0,0,42
594,1788,6.03279,368,100,15,0,0,0,0,0,0,0,46
595,1606,5.29231,344,100,22,0,0,0,0,0,0,0,43
596,1270,4.82353,328,100,27,0,0,0,0,0,0,0,41
597,1356,4.58824,312,100,29,0,0,0,0,0,0,0,39
598,1584,4.41791,296,100,30,0,0,0,0,0,0,0,37
599,1532,5.33333,352,100,22,0,0,0,0,0,0,0,44
600,1478,5.46667,328,100,19,0,0,0,0,0,0,0,41
601,1620,5.06667,304,100,22,0,0,0,0,0,0,0,38
602,1892,5.29231,344,100,22,0,0,0,0,0,0,0,43
603,1570,4.90323,304,100,24,0,0,0,0,0,0,0,38
604,1854,5.51724,320,100,18,0,0,0,0,0,0,0,40
605,1614,5.28571,296,100,19,0,0,0,0,0,0,0,37
606,1384,4.72727,312,100,27,0,0,0,0,0,0,0,39
607,1542,5.71429,360,100,18,0,0,0,0,0,0,0,45
608,1324,5.55932,328,100,18,0,0,0,0,0,0,0,41
609,1542,6.13333,368,100,14,0,0,0,0,0,0,0,46
610,1716,5.29032,328,100,21,0,0,0,0,0,0,0,41
611,1594,5,320,100,24,0,0,0,0,0,0,0,40
612,1656,4.53333,272,100,26,0,0,0,0,0,0,0,34
613,1662,5,320,100,24,0,0,0,0,0,0,0,40
614,1370,4.80303,317,100,26,0,0,0,0,1,0,0,39
615,1600,4.92308,320,100,25,0,0,0,0,0,0,0,40
616,1118,4.90323,304,100,24,0,0,0,0,0,0,0,38
617,1028,5.29032,328,100,21,0,0,0,0,0,0,0,41
618,1356,5.20635,328,100,22,0,0,0,0,0,0,0,41
619,1558,5.41935,336,100,20,0,0,0,0,0,0,0,42
620,1308,5.5,352,100,20,0,0,0,0,0,0,0,44
621,1360,4.89552,328,100,26,0,0,0,0,0,0,0,41
622,1686,5.84127,368,100,17,0,0,0,0,0,0,0,46
623,1530,5.16129,320,100,22,0,0,0,0,0,0,0,40
624,1568,4.98361,304,100,23,0,0,0,0,0,0,0,38
625,1660,5.29412,360,100,23,0,0,0,0,0,0,0,45
626,1636,5.46032,344,100,20,0,0,0,0,0,0,0,43
627,1296,5.20635,328,100,22,0,0,0,0,0,0,0,41
628,1134,5.20635,328,100,22,0,0,0,0,0,0,0,41
629,1060,5.6,336,100,18,0,0,0,0,0,0,0,42
630,1240,5.41935,336,100,20,0,0,0,0,0,0,0,42
631,1242,5.54839,344,100,19,0,0,0,0,0,0,0,43
632,1146,5.29032,328,100,21,0,0,0,0,0,0,0,41
633,1418,5.41935,336,100,20,0,0,0,0,0,0,0,42
634,1524,6,384,100,16,0,0,0,0,0,0,0,48
635,1530,6.06452,376,100,15,0,0,0,0,0,0,0,47
636,1550,6.03175,380,100,15,0,0,0,1,0,0,0,47
637,1616,5.65517,328,100,17,0,0,0,0,0,0,0,41
638,1354,5.07937,320,100,23,0,0,0,0,0,0,0,40
639,1334,4.8254,304,100,25,0,0,0,0,0,0,0,38
640,1570,4.5,288,100,28,0,0,0,0,0,0,0,36
641,1472,4.875,312,100,25,0,0,0,0,0,0,0,39
642,1430,5.65517,328,100,17,0,0,0,0,0,0,0,41
643,1300,5.29032,328,100,21,0,0,0,0,0,0,0,41
644,1452,5.83607,356,100,16,0,0,0,1,0,0,0,44
645,1492,6,360,100,15,0,0,0,0,0,0,0,45
646,1682,6.13333,368,100,14,0,0,0,0,0,0,0,46
647,1858,6.03509,344,100,14,0,0,0,0,0,0,0,43
648,1796,5.46032,344,100,20,0,0,0,0,0,0,0,43
649,1730,5.22034,308,100,20,0,0,0,1,0,0,0,38
650,1254,4.875,312,100,25,0,0,0,0,0,0,0,39
651,1464,4.85246,296,100,24,0,0,0,0,0,0,0,37
652,1766,5.24138,304,100,20,0,0,0,0,0,0,0,38
653,2086,4.75,304,100,26,0,0,0,0,0,0,0,38
654,2182,4.95312,317,100,24,0,0,0,0,1,0,0,39
655,2336,5.16667,341,100,23,0,0,0,0,1,0,0,42
656,1990,4.95238,312,100,24,0,0,0,0,0,0,0,39
657,1722,4.98361,304,100,23,0,0,0,0,0,0,0,38
658,1808,4.90323,304,100,24,0,0,0,0,0,0,0,38
659,1916,4.8,312,100,26,0,0,0,0,0,0,0,39
660,1384,5.33333,352,100,22,0,0,0,0,0,0,0,44
661,1178,5.37313,360,100,22,0,0,0,0,0,0,0,45
662,1392,5.07937,320,100,23,0,0,0,0,0,0,0,40
663,1046,5.29032,328,100,21,0,0,0,0,0,0,0,41
664,1080,5.05263,288,100,21,0,0,0,0,0,0,0,36
665,1302,5,320,100,24,0,0,0,0,0,0,0,40
666,1488,4.84848,320,100,26,0,0,0,0,0,0,0,40
667,1516,4.60606,304,100,28,0,0,0,0,0,0,0,38
668,1468,5.71429,360,100,18,0,0,0,0,0,0,0,45
669,1124,4.57143,288,100,27,0,0,0,0,0,0,0,36
670,1278,5.16129,320,100,22,0,0,0,0,0,0,0,40
671,1294,5.25,336,100,22,0,0,0,0,0,0,0,42
672,1158,4.875,312,100,25,0,0,0,0,0,0,0,39
673,1192,5.07937,320,100,23,0,0,0,0,0,0,0,40
674,1394,5.46667,328,100,19,0,0,0,0,0,0,0,41
675,1268,5.67273,312,100,16,0,0,0,0,0,0,0,39
676,1056,4.89552,328,100,26,0,0,0,0,0,0,0,41
677,1278,4.34286,304,100,32,0,0,0,0,0,0,0,38
678,1106,4.875,312,100,25,0,0,0,0,0,0,0,39
679,1352,4.86957,336,100,27,0,0,0,0,0,0,0,42
680,1342,4.72131,288,100,25,0,0,0,0,0,0,0,36
681,1192,3.74194,232,100,33,0,0,0,0,0,0,0,29
682,1116,3.67213,224,100,33,0,0,0,0,0,0,0,28
683,900,4.18462,272,100,31,0,0,0,0,0,0,0,34
684,1110,4.84848,320,100,26,0,0,0,0,0,0,0,40
685,1152,3.94521,288,100,37,0,0,0,0,0,0,0,36
686,1314,3.61644,264,100,40,0,0,0,0,0,0,0,33
687,1526,3.28767,240,100,43,0,0,0,0,0,0,0,30
688,1306,3.83099,272,100,37,0,0,0,0,0,0,0,34
689,1228,3.66667,264,100,39,0,0,0,0,0,0,0,33
690,1172,3.03797,240,100,49,0,0,0,0,0,0,0,30
691,1288,3.32468,256,100,45,0,0,0,0,0,0,0,32
692,1246,3.60563,256,100,39,0,0,0,0,0,0,0,32
693,1358,3.94366,280,100,36,0,0,0,0,0,0,0,35
694,1250,4.63768,320,100,29,0,0,0,0,0,0,0,40
695,1138,4.33333,312,100,33,0,0,0,0,0,0,0,39
696,1102,4.68571,328,100,29,0,0,0,0,0,0,0,41
697,1268,4.67532,360,100,32,0,0,0,0,0,0,0,45
698,1124,3.94286,276,100,35,0,0,0,1,0,0,0,34
699,1176,3.88889,280,100,37,0,0,0,0,0,0,0,35
700,1138,4.60606,304,100,28,0,0,0,0,0,0,0,38
701,1278,5.09091,336,100,24,0,0,0,0,0,0,0,42
702,1382,4.73239,336,100,29,0,0,0,0,0,0,0,42
703,1632,5.05882,344,100,25,0,0,0,0,0,0,0,43
704,1708,4.75,304,100,26,0,0,0,0,0,0,0,38
705,1242,4.36364,288,100,30,0,0,0,0,0,0,0,36
706,1220,4.06349,256,100,31,0,0,0,0,0,0,0,32
707,1164,3.625,232,100,35,0,0,0,0,0,0,0,29
708,1250,3.81818,252,100,34,0,0,0,1,0,0,0,31
709,1320,4.63492,292,100,26,0,0,0,1,0,0,0,36
710,1372,4.875,312,100,25,0,0,0,0,0,0,0,39
711,1004,5.375,344,100,21,0,0,0,0,0,0,0,43
712,1258,5.43284,364,100,21,0,0,0,1,0,0,0,45
713,1216,5.03226,312,100,23,0,0,0,0,0,0,0,39
714,1328,4.68571,328,100,29,0,0,0,0,0,0,0,41
715,1168,4.47059,304,100,30,0,0,0,0,0,0,0,38
716,1060,4.34286,304,100,32,0,0,0,0,0,0,0,38
717,1188,4.70588,320,100,28,0,0,0,0,0,0,0,40
718,1066,3.75758,248,100,35,0,0,0,0,0,0,0,31
719,1088,5.09091,336,100,24,0,0,0,0,0,0,0,42
720,1104,5.04615,328,100,24,0,0,0,0,0,0,0,41
721,1046,4.42424,292,100,29,0,0,0,1,0,0,0,36
722,1030,4.75,304,100,26,0,0,0,0,0,0,0,38
723,1046,4.48485,296,100,29,0,0,0,0,0,0,0,37
724,1178,5.06667,304,100,22,0,0,0,0,0,0,0,38
725,1246,5.69492,336,100,17,0,0,0,0,0,0,0,42
726,1100,5.28571,296,100,19,0,0,0,0,0,0,0,37
727,1184,5.85714,328,100,15,0,0,0,0,0,0,0,41
728,1270,5.65517,328,100,17,0,0,0,0,0,0,0,41
729,1212,5.14286,288,100,20,0,0,0,0,0,0,0,36
730,1376,5.35484,332,100,20,0,0,0,1,0,0,0,41
731,1326,4.83871,300,100,24,0,0,0,1,0,0,0,37
732,1258,4.78689,292,100,24,0,0,0,1,0,0,0,36
733,1252,4.43077,288,100,29,0,0,0,0,0,0,0,36
734,1358,3.82609,264,100,36,0,0,0,0,0,0,0,33
735,1234,4.5,288,100,28,0,0,0,0,0,0,0,36
736,1524,4.58824,312,100,29,0,0,0,0,0,0,0,39
737,1198,4.25,272,100,30,0,0,0,0,0,0,0,34
738,1124,4.18462,272,100,31,0,0,0,0,0,0,0,34
739,1056,4.5,288,100,28,0,0,0,0,0,0,0,36
740,1068,4.57143,288,100,27,0,0,0,0,0,0,0,36
741,1030,5.16129,320,100,22,0,0,0,0,0,0,0,40
742,1082,4.75,304,100,26,0,0,0,0,0,0,0,38
743,1040,4.48485,296,100,29,0,0,0,0,0,0,0,37
744,960,4.1791,280,100,32,0,0,0,0,0,0,0,35
745,1054,3.65672,245,100,36,0,0,0,0,1,0,0,30
746,1052,4.45902,272,100,27,0,0,0,0,0,0,0,34
747,1170,4.69841,296,100,26,0,0,0,0,0,0,0,37
748,1136,4.53333,272,100,26,0,0,0,0,0,0,0,34
749,1274,4.75,304,100,26,0,0,0,0,0,0,0,38
750,1160,4.67692,304,100,27,0,0,0,0,0,0,0,38
751,1182,4.58824,312,100,29,0,0,0,0,0,0,0,39
752,1038,4.3871,272,100,28,0,0,0,0,0,0,0,34
753,992,4.25806,264,100,29,0,0,0,0,0,0,0,33
754,1124,4.64516,288,100,26,0,0,0,0,0,0,0,36
755,1124,4.3871,272,100,28,0,0,0,0,0,0,0,34
756,1236,4.9697,328,100,25,0,0,0,0,0,0,0,41
757,1294,4.125,264,100,31,0,0,0,0,0,0,0,33
758,1184,4.27586,248,100,27,0,0,0,0,0,0,0,31
759,1098,4.13333,248,100,29,0,0,0,0,0,0,0,31
760,1276,4.06154,264,100,32,0,0,0,0,0,0,0,33
761,1432,4.44444,280,100,28,0,0,0,0,0,0,0,35
762,1580,5.46667,328,100,19,0,0,0,0,0,0,0,41
763,1548,5.69492,336,100,17,0,0,0,0,0,0,0,42
764,1570,5.83051,344,100,16,0,0,0,0,0,0,0,43
765,1590,6.23729,368,100,13,0,0,0,0,0,0,0,46
766,1514,5.46667,328,100,19,0,0,0,0,0,0,0,41
767,1246,5.78462,376,100,18,0,0,0,0,0,0,0,47
768,1362,5.33333,368,100,23,0,0,0,0,0,0,0,46
769,1432,5.23077,340,100,22,0,0,0,1,0,0,0,42
770,1282,5.0625,324,100,23,0,0,0,1,0,0,0,40
771,1326,5.09091,336,100,24,0,0,0,0,0,0,0,42
772,1080,4.8,288,100,24,0,0,0,0,0,0,0,36
773,1218,5.2,312,100,21,0,0,0,0,0,0,0,39
774,1106,4.55385,296,100,28,0,0,0,0,0,0,0,37
775,1296,5.125,328,100,23,0,0,0,0,0,0,0,41
776,1362,5.125,328,100,23,0,0,0,0,0,0,0,41
777,1418,5.5082,336,100,19,0,0,0,0,0,0,0,42
778,1448,5.80645,360,100,17,0,0,0,0,0,0,0,45
779,1516,5.875,376,100,17,0,0,0,0,0,0,0,47
780,1464,5.05263,288,100,21,0,0,0,0,0,0,0,36
781,1330,5.67273,312,100,16,0,0,0,0,0,0,0,39
782,1348,6.50847,384,100,11,0,0,0,0,0,0,0,48
783,1254,5.81818,384,100,18,0,0,0,0,0,0,0,48
784,1250,5.96825,376,100,16,0,0,0,0,0,0,0,47
785,1276,5.625,360,100,19,0,0,0,0,0,0,0,45
786,1290,5.93103,344,100,15,0,0,0,0,0,0,0,43
787,1258,6.125,392,100,15,0,0,0,0,0,0,0,49
788,1204,6.03279,368,100,15,0,0,0,0,0,0,0,46
789,1074,5.96364,328,100,14,0,0,0,0,0,0,0,41
790,1332,6.45614,368,100,11,0,0,0,0,0,0,0,46
791,1462,5.73333,344,100,17,0,0,0,0,0,0,0,43
792,1164,5.65517,328,100,17,0,0,0,0,0,0,0,41
793,1156,5.07937,320,100,23,0,0,0,0,0,0,0,40
794,1372,5.29032,328,100,21,0,0,0,0,0,0,0,41
795,1298,4.82759,280,100,23,0,0,0,0,0,0,0,35
796,1268,5.14286,288,100,20,0,0,0,0,0,0,0,36
797,1136,5.47368,312,100,18,0,0,0,0,0,0,0,39
798,1172,5.18519,280,100,19,0,0,0,0,0,0,0,35
799,1120,4.83019,256,100,21,0,0,0,0,0,0,0,32
800,1176,4.98113,264,100,20,0,0,0,0,0,0,0,33
801,1212,5.7931,336,100,16,0,0,0,0,0,0,0,42
802,1166,4.85246,296,100,24,0,0,0,0,0,0,0,37
803,1182,4.59016,280,100,26,0,0,0,0,0,0,0,35
804,1078,4.93333,296,100,23,0,0,0,0,0,0,0,37
805,1146,4.91228,280,100,22,0,0,0,0,0,0,0,35
806,1160,4.45902,272,100,27,0,0,0,0,0,0,0,34
807,1112,5.28814,312,100,20,0,0,0,0,0,0,0,39
808,1098,4.59016,280,100,26,0,0,0,0,0,0,0,35
809,1052,4.01538,261,100,32,0,0,0,0,1,0,0,32
810,1164,3.89552,261,100,34,0,0,0,0,1,0,0,32
811,932,4.40984,269,100,27,0,0,0,0,1,0,0,33
812,1066,4.13846,269,100,31,0,0,0,0,1,0,0,33
813,1092,3.83333,253,100,34,0,0,0,0,1,0,0,31
814,1054,4.17647,284,100,32,0,0,0,1,0,0,0,35
815,1094,4,276,100,34,0,0,0,1,0,0,0,34
816,1082,3.57576,236,100,36,0,0,0,1,0,0,0,29
817,998,4.24242,280,100,31,0,0,0,0,0,0,0,35
818,1062,4.31746,272,100,29,0,0,0,0,0,0,0,34
819,1156,4.5,288,100,28,0,0,0,0,0,0,0,36
820,982,3.9403,264,100,34,0,0,0,0,0,0,0,33
821,1042,3.88235,264,100,35,0,0,0,0,0,0,0,33
822,1124,3.65714,256,100,38,0,0,0,0,0,0,0,32
823,1246,3.94366,280,100,36,0,0,0,0,0,0,0,35
824,1074,3.47826,240,100,39,0,0,0,0,0,0,0,30
825,1114,3.31429,232,100,41,0,0,0,0,0,0,0,29
826,1200,3.64706,248,100,37,0,0,0,0,0,0,0,31
827,1102,3.39394,224,100,38,0,0,0,0,0,0,0,28
828,1266,3.83099,272,100,37,0,0,0,0,0,0,0,34
829,1280,3.26761,232,100,42,0,0,0,0,0,0,0,29
830,1300,4.05882,276,100,33,0,0,0,1,0,0,0,34
831,1284,4.5625,292,100,27,0,0,0,1,0,0,0,36
832,1440,4.34286,304,100,32,0,0,0,0,0,0,0,38
833,1166,4.18462,272,100,31,0,0,0,0,0,0,0,34
834,1056,4.34286,304,100,32,0,0,0,0,0,0,0,38
835,1060,4.52174,312,100,30,0,0,0,0,0,0,0,39
836,1158,4.48485,296,100,29,0,0,0,0,0,0,0,37
837,1230,4.63768,320,100,29,0,0,0,0,0,0,0,40
838,1226,4.36364,288,100,30,0,0,0,0,0,0,0,36
839,1346,4.41791,296,100,30,0,0,0,0,0,0,0,37
840,1316,4.36364,288,100,30,0,0,0,0,0,0,0,36
841,1298,4.48485,296,100,29,0,0,0,0,0,0,0,37
842,1456,3.88889,280,100,37,0,0,0,0,0,0,0,35
843,1226,3.9403,264,100,34,0,0,0,0,0,0,0,33
844,1204,4.47059,304,100,30,0,0,0,0,0,0,0,38
845,1180,5.09091,336,100,24,0,0,0,0,0,0,0,42
846,1246,4.47059,304,100,30,0,0,0,0,0,0,0,38
847,892,4.29851,288,100,31,0,0,0,0,0,0,0,36
848,1050,4.75362,328,100,28,0,0,0,0,0,0,0,41
849,1034,3.60563,256,100,39,0,0,0,0,0,0,0,32
850,1118,4.22222,304,100,34,0,0,0,0,0,0,0,38
851,984,3.66667,264,100,39,0,0,0,0,0,0,0,33
852,980,3.50685,256,100,41,0,0,0,0,0,0,0,32
853,908,3.55556,256,100,40,0,0,0,0,0,0,0,32
854,1034,4.17568,309,100,35,0,0,0,0,1,0,0,38
855,1108,4.22667,317,100,35,0,0,0,0,1,0,0,39
856,1190,4.625,333,100,30,0,0,0,0,1,0,0,41
857,1156,3.78947,288,100,40,0,0,0,0,0,0,0,36
858,1114,3.36232,232,100,40,0,0,0,0,0,0,0,29
859,1108,3.64706,248,100,37,0,0,0,0,0,0,0,31
860,912,3.29412,224,100,40,0,0,0,0,0,0,0,28
861,1084,3.71014,256,100,37,0,0,0,0,0,0,0,32
862,1066,3.76471,256,100,36,0,0,0,0,0,0,0,32
863,1202,3.54286,248,100,39,0,0,0,0,0,0,0,31
864,1296,3.65714,256,100,38,0,0,0,0,0,0,0,32
865,1428,3.83562,280,100,38,0,0,0,0,0,0,0,35
866,1412,3.83562,280,100,38,0,0,0,0,0,0,0,35
867,1550,4,272,100,34,0,0,0,0,0,0,0,34
868,1452,4.06154,264,100,32,0,0,0,0,0,0,0,33
869,1344,3.875,248,100,33,0,0,0,0,0,0,0,31
870,1298,4.25,272,100,30,0,0,0,0,0,0,0,34
871,1610,4.30769,280,100,30,0,0,0,0,0,0,0,35
872,1460,3.88235,264,100,35,0,0,0,0,0,0,0,33
873,1380,3.71014,256,100,37,0,0,0,0,0,0,0,32
874,1448,3.5,224,100,36,0,0,0,0,0,0,0,28
875,1296,4.44444,280,100,28,0,0,0,0,0,0,0,35
876,1314,4.51613,280,100,27,0,0,0,0,0,0,0,35
877,1184,4.33898,256,100,27,0,0,0,0,0,0,0,32
878,994,5.18519,280,100,19,0,0,0,0,0,0,0,35
879,1194,5.11475,312,100,22,0,0,0,0,0,0,0,39
880,1236,5,320,100,24,0,0,0,0,0,0,0,40
881,1086,4.64516,288,100,26,0,0,0,0,0,0,0,36
882,1118,5.29032,328,100,21,0,0,0,0,0,0,0,41
883,1484,5.46032,344,100,20,0,0,0,0,0,0,0,43
884,1296,4.64516,288,100,26,0,0,0,0,0,0,0,36
885,1436,5.25,336,100,22,0,0,0,0,0,0,0,42
886,1422,5.54839,344,100,19,0,0,0,0,0,0,0,43
887,1576,4.52174,312,100,30,0,0,0,0,0,0,0,39
888,1444,4.71642,316,100,27,0,0,0,1,0,0,0,39
889,1488,4.63768,320,100,29,0,0,0,0,0,0,0,40
890,1684,4.52174,312,100,30,0,0,0,0,0,0,0,39
891,1404,5.03226,312,100,23,0,0,0,0,0,0,0,39
892,1344,4.36364,288,100,30,0,0,0,0,0,0,0,36
893,1146,4.25,272,100,30,0,0,0,0,0,0,0,34
894,1194,4.51613,280,100,27,0,0,0,0,0,0,0,35
895,1306,5.125,328,100,23,0,0,0,0,0,0,0,41
896,1346,5.25,336,100,22,0,0,0,0,0,0,0,42
897,1344,4.93333,296,100,23,0,0,0,0,0,0,0,37
898,1420,4.98361,304,100,23,0,0,0,0,0,0,0,38
899,1294,4.85246,296,100,24,0,0,0,0,0,0,0,37
900,1384,4.375,280,100,29,0,0,0,0,0,0,0,35
901,1282,4.44444,280,100,28,0,0,0,0,0,0,0,35
902,1188,4.60606,304,100,28,0,0,0,0,0,0,0,38
903,1160,5.20635,328,100,22,0,0,0,0,0,0,0,41
904,1250,5.41538,352,100,21,0,0,0,0,0,0,0,44
905,1250,4.3871,272,100,28,0,0,0,0,0,0,0,34
906,1372,4.875,312,100,25,0,0,0,0,0,0,0,39
907,1422,4.18462,272,100,31,0,0,0,0,0,0,0,34
908,1250,4.30769,280,100,30,0,0,0,0,0,0,0,35
909,1194,4.18462,272,100,31,0,0,0,0,0,0,0,34
910,1158,4.11429,288,100,34,0,0,0,0,0,0,0,36
911,1250,4.11429,288,100,34,0,0,0,0,0,0,0,36
912,1228,4.57143,288,100,27,0,0,0,0,0,0,0,36
913,1294,5.11475,312,100,22,0,0,0,0,0,0,0,39
914,1434,4.82353,328,100,27,0,0,0,0,0,0,0,41
915,1500,4.85246,296,100,24,0,0,0,0,0,0,0,37
916,1562,4.45902,272,100,27,0,0,0,0,0,0,0,34
917,1658,4.53333,272,100,26,0,0,0,0,0,0,0,34
918,1910,5.125,328,100,23,0,0,0,0,0,0,0,41
919,1546,4.375,280,100,29,0,0,0,0,0,0,0,35
920,1234,4.8,312,100,26,0,0,0,0,0,0,0,39
921,1438,4.75,304,100,26,0,0,0,0,0,0,0,38
922,1162,4.43077,288,100,29,0,0,0,0,0,0,0,36
923,1204,4.35294,296,100,31,0,0,0,0,0,0,0,37
924,1324,4.8,336,100,28,0,0,0,0,0,0,0,42
925,1380,4.59016,280,100,26,0,0,0,0,0,0,0,35
926,1376,5.20635,328,100,22,0,0,0,0,0,0,0,41
927,1356,4.77419,296,100,25,0,0,0,0,0,0,0,37
928,1336,4.90323,304,100,24,0,0,0,0,0,0,0,38
929,1380,4.57143,288,100,27,0,0,0,0,0,0,0,36
930,1112,4.58824,312,100,29,0,0,0,0,0,0,0,39
931,1100,4.19048,264,100,30,0,0,0,0,0,0,0,33
932,1076,5.2,312,100,21,0,0,0,0,0,0,0,39
933,1070,5.375,344,100,21,0,0,0,0,0,0,0,43
934,1180,4.8254,304,100,25,0,0,0,0,0,0,0,38
935,1176,5.2,312,100,21,0,0,0,0,0,0,0,39
936,1192,4.66667,280,100,25,0,0,0,0,0,0,0,35
937,1110,4.71429,264,100,23,0,0,0,0,0,0,0,33
938,1116,4.59016,280,100,26,0,0,0,0,0,0,0,35
939,838,5.33333,320,100,20,0,0,0,0,0,0,0,40
940,978,4.24242,280,100,31,0,0,0,0,0,0,0,35
941,976,4.19048,264,100,30,0,0,0,0,0,0,0,33
942,1002,4.77419,296,100,25,0,0,0,0,0,0,0,37
943,1064,4.57143,288,100,27,0,0,0,0,0,0,0,36
944,1134,3.80952,240,100,33,0,0,0,0,0,0,0,30
945,1230,4,256,100,32,0,0,0,0,0,0,0,32
946,1194,3.41176,232,100,39,0,0,0,0,0,0,0,29
947,1306,3.60563,256,100,39,0,0,0,0,0,0,0,32
948,1216,4.4058,304,100,31,0,0,0,0,0,0,0,38
949,994,4.36364,288,100,30,0,0,0,0,0,0,0,36
950,1134,4.44444,280,100,28,0,0,0,0,0,0,0,35
951,1176,4.375,280,100,29,0,0,0,0,0,0,0,35
952,1362,4.0597,272,100,33,0,0,0,0,0,0,0,34
953,1510,4.8254,304,100,25,0,0,0,0,0,0,0,38
954,1662,5,320,100,24,0,0,0,0,0,0,0,40
955,1536,4.57143,288,100,27,0,0,0,0,0,0,0,36
956,1300,4.9697,328,100,25,0,0,0,0,0,0,0,41
957,1384,5.54839,344,100,19,0,0,0,0,0,0,0,43
958,1470,5.73333,344,100,17,0,0,0,0,0,0,0,43
959,1522,5.37313,360,100,22,0,0,0,0,0,0,0,45
960,1558,5.41538,352,100,21,0,0,0,0,0,0,0,44
961,890,4.5,288,100,28,0,0,0,0,0,0,0,36
962,1084,4.36364,288,100,30,0,0,0,0,0,0,0,36
963,1216,4.77612,320,100,27,0,0,0,0,0,0,0,40
964,1016,4.95238,312,100,24,0,0,0,0,0,0,0,39
965,1066,5.46032,344,100,20,0,0,0,0,0,0,0,43
966,1098,5.06667,304,100,22,0,0,0,0,0,0,0,38
967,1290,4.875,312,100,25,0,0,0,0,0,0,0,39
968,1430,4.53731,304,100,29,0,0,0,0,0,0,0,38
969,1434,5.17647,352,100,24,0,0,0,0,0,0,0,44
970,1318,5.05882,344,100,25,0,0,0,0,0,0,0,43
971,948,4.72727,312,100,27,0,0,0,0,0,0,0,39
972,932,4.66667,336,100,30,0,0,0,0,0,0,0,42
973,1176,4.60274,336,100,31,0,0,0,0,0,0,0,42
974,1058,4.75362,328,100,28,0,0,0,0,0,0,0,41
975,902,4.61972,328,100,30,0,0,0,0,0,0,0,41
976,1070,4.54054,336,100,32,0,0,0,0,0,0,0,42
977,900,4.05797,280,100,34,0,0,0,0,0,0,0,35
978,938,3.54286,248,100,39,0,0,0,0,0,0,0,31
979,1096,3.64706,248,100,37,0,0,0,0,0,0,0,31
980,1172,4,280,100,35,0,0,0,0,0,0,0,35
981,878,4.12903,256,100,30,0,0,0,0,0,0,0,32
982,952,5.2459,320,100,21,0,0,0,0,0,0,0,40
983,1034,5.07937,320,100,23,0,0,0,0,0,0,0,40
984,1172,4.60606,304,100,28,0,0,0,0,0,0,0,38
985,1192,4.77419,296,100,25,0,0,0,0,0,0,0,37
986,1274,5.375,344,100,21,0,0,0,0,0,0,0,43
987,1446,5.54839,344,100,19,0,0,0,0,0,0,0,43
988,1252,5.73333,344,100,17,0,0,0,0,0,0,0,43
989,1498,5.77049,352,100,17,0,0,0,0,0,0,0,44
990,1672,5.67742,352,100,18,0,0,0,0,0,0,0,44
991,1616,4.91803,300,100,23,0,0,0,1,0,0,0,37
992,1132,4.88889,308,100,24,0,0,0,1,0,0,0,38
993,1388,5.17647,352,100,24,0,0,0,0,0,0,0,44
994,1408,4.67692,304,100,27,0,0,0,0,0,0,0,38
995,1348,4.68966,272,100,24,0,0,0,0,0,0,0,34
996,1334,4.8254,304,100,25,0,0,0,0,0,0,0,38
997,1408,4.60606,304,100,28,0,0,0,0,0,0,0,38
998,1478,4.1791,280,100,32,0,0,0,0,0,0,0,35
999,1358,4.5,288,100,28,0,0,0,0,0,0,0,36
