update,points,mean_tasks,total_tasks,total_orgs,task_0,task_1,task_2,task_3,task_4,task_5,task_6,task_7,task_8
0,0,nan,0,10,0,0,0,0,0,0,0,0,0
1,4,0,0,10,2,0,0,0,0,0,0,0,0
2,10,0,0,10,4,0,0,0,0,0,0,0,0
3,18,0,0,10,5,0,0,0,0,0,0,0,0
4,28,0,0,10,8,0,0,0,0,0,0,0,0
5,30,0,0,10,9,0,0,0,0,0,0,0,0
6,34,0,0,10,9,0,0,0,0,0,0,0,0
7,36,0,0,10,9,0,0,0,0,0,0,0,0
8,36,0,0,10,9,0,0,0,0,0,0,0,0
9,40,0,0,10,9,0,0,0,0,0,0,0,0
10,40,0,0,10,9,0,0,0,0,0,0,0,0
11,42,0,0,10,9,0,0,0,0,0,0,0,0
12,42,0,0,10,9,0,0,0,0,0,0,0,0
13,46,0,0,10,9,0,0,0,0,0,0,0,0
14,48,0,0,10,9,0,0,0,0,0,0,0,0
15,48,0,0,10,9,0,0,0,0,0,0,0,0
16,52,0,0,10,9,0,0,0,0,0,0,0,0
17,54,0,0,10,9,0,0,0,0,0,0,0,0
18,54,0,0,10,9,0,0,0,0,0,0,0,0
19,56,0,0,10,9,0,0,0,0,0,0,0,0
20,58,0,0,10,9,0,0,0,0,0,0,0,0
21,60,0,0,10,9,0,0,0,0,0,0,0,0
22,60,0,0,10,9,0,0,0,0,0,0,0,0
23,60,0,0,10,9,0,0,0,0,0,0,0,0
24,64,0,0,10,9,0,0,0,0,0,0,0,0
25,64,0,0,10,9,0,0,0,0,0,0,0,0
26,66,0,0,10,9,0,0,0,0,0,0,0,0
27,68,0,0,10,9,0,0,0,0,0,0,0,0
28,70,0,0,10,9,0,0,0,0,0,0,0,0
29,72,0,0,10,9,0,0,0,0,0,0,0,0
30,72,0,0,10,9,0,0,0,0,0,0,0,0
31,74,0,0,10,9,0,0,0,0,0,0,0,0
32,76,0,0,10,9,0,0,0,0,0,0,0,0
33,76,0,0,10,9,0,0,0,0,0,0,0,0
34,78,0,0,10,9,0,0,0,0,0,0,0,0
35,78,0,0,10,9,0,0,0,0,0,0,0,0
36,82,0,0,10,9,0,0,0,0,0,0,0,0
37,84,0,0,10,9,0,0,0,0,0,0,0,0
38,84,0,0,10,9,0,0,0,0,0,0,0,0
39,86,0,0,10,9,0,0,0,0,0,0,0,0
40,88,0,0,10,9,0,0,0,0,0,0,0,0
41,90,0,0,10,9,0,0,0,0,0,0,0,0
42,90,0,0,10,9,0,0,0,0,0,0,0,0
43,90,0,0,10,9,0,0,0,0,0,0,0,0
44,74,0,0,11,9,0,0,0,0,0,0,0,0
45,74,0,0,11,9,0,0,0,0,0,0,0,0
46,76,0,0,11,9,0,0,0,0,0,0,0,0
47,78,0,0,11,9,0,0,0,0,0,0,0,0
48,80,0,0,11,9,0,0,0,0,0,0,0,0
49,84,0,0,11,10,0,0,0,0,0,0,0,0
50,84,0,0,11,10,0,0,0,0,0,0,0,0
51,66,0,0,12,10,0,0,0,0,0,0,0,0
52,68,0,0,12,10,0,0,0,0,0,0,0,0
53,70,0,0,12,10,0,0,0,0,0,0,0,0
54,70,0,0,12,10,0,0,0,0,0,0,0,0
55,54,0,0,12,11,0,0,0,0,0,0,0,0
56,56,0,0,12,11,0,0,0,0,0,0,0,0
57,60,0,0,12,11,0,0,0,0,0,0,0,0
58,62,0,0,12,11,0,0,0,0,0,0,0,0
59,64,0,0,12,11,0,0,0,0,0,0,0,0
60,68,0,0,12,11,0,0,0,0,0,0,0,0
61,70,0,0,12,11,0,0,0,0,0,0,0,0
62,72,0,0,12,11,0,0,0,0,0,0,0,0
63,74,0,0,12,11,0,0,0,0,0,0,0,0
64,76,0,0,12,11,0,0,0,0,0,0,0,0
65,78,0,0,12,11,0,0,0,0,0,0,0,0
66,80,0,0,12,11,0,0,0,0,0,0,0,0
67,84,0,0,12,11,0,0,0,0,0,0,0,0
68,88,0,0,12,11,0,0,0,0,0,0,0,0
69,88,0,0,12,11,0,0,0,0,0,0,0,0
70,90,0,0,12,11,0,0,0,0,0,0,0,0
71,94,0,0,12,11,0,0,0,0,0,0,0,0
72,98,0,0,12,11,0,0,0,0,0,0,0,0
73,98,0,0,12,11,0,0,0,0,0,0,0,0
74,98,0,0,12,11,0,0,0,0,0,0,0,0
75,102,0,0,12,11,0,0,0,0,0,0,0,0
76,106,0,0,12,11,0,0,0,0,0,0,0,0
77,108,0,0,12,11,0,0,0,0,0,0,0,0
78,108,0,0,12,11,0,0,0,0,0,0,0,0
79,110,0,0,12,11,0,0,0,0,0,0,0,0
80,114,0,0,12,11,0,0,0,0,0,0,0,0
81,116,0,0,12,11,0,0,0,0,0,0,0,0
82,118,0,0,12,11,0,0,0,0,0,0,0,0
83,100,0,0,13,11,0,0,0,0,0,0,0,0
84,102,0,0,13,11,0,0,0,0,0,0,0,0
85,104,0,0,13,11,0,0,0,0,0,0,0,0
86,86,0,0,14,11,0,0,0,0,0,0,0,0
87,92,0,0,14,12,0,0,0,0,0,0,0,0
88,76,0,0,15,13,0,0,0,0,0,0,0,0
89,76,0,0,15,13,0,0,0,0,0,0,0,0
90,82,0,0,15,14,0,0,0,0,0,0,0,0
91,88,0,0,15,14,0,0,0,0,0,0,0,0
92,94,0,0,15,14,0,0,0,0,0,0,0,0
93,98,0,0,15,14,0,0,0,0,0,0,0,0
94,100,0,0,15,14,0,0,0,0,0,0,0,0
95,102,0,0,15,14,0,0,0,0,0,0,0,0
96,108,0,0,15,14,0,0,0,0,0,0,0,0
97,112,0,0,15,14,0,0,0,0,0,0,0,0
98,114,0,0,15,14,0,0,0,0,0,0,0,0
99,118,0,0,15,14,0,0,0,0,0,0,0,0
100,120,0,0,15,14,0,0,0,0,0,0,0,0
101,104,0,0,16,14,0,0,0,0,0,0,0,0
102,112,0,0,16,14,0,0,0,0,0,0,0,0
103,114,0,0,16,14,0,0,0,0,0,0,0,0
104,116,0,0,16,14,0,0,0,0,0,0,0,0
105,120,0,0,16,15,0,0,0,0,0,0,0,0
106,126,0,0,16,15,0,0,0,0,0,0,0,0
107,132,0,0,16,15,0,0,0,0,0,0,0,0
108,136,0,0,16,15,0,0,0,0,0,0,0,0
109,136,0,0,16,15,0,0,0,0,0,0,0,0
110,140,0,0,16,15,0,0,0,0,0,0,0,0
111,124,0,0,16,15,0,0,0,0,0,0,0,0
112,132,0,0,16,15,0,0,0,0,0,0,0,0
113,134,0,0,16,15,0,0,0,0,0,0,0,0
114,136,0,0,16,15,0,0,0,0,0,0,0,0
115,138,0,0,16,15,0,0,0,0,0,0,0,0
116,126,0,0,17,15,0,0,0,0,0,0,0,0
117,128,0,0,17,15,0,0,0,0,0,0,0,0
118,132,0,0,17,15,0,0,0,0,0,0,0,0
119,136,0,0,17,15,0,0,0,0,0,0,0,0
120,138,0,0,17,15,0,0,0,0,0,0,0,0
121,146,0,0,17,16,0,0,0,0,0,0,0,0
122,132,0,0,17,15,0,0,0,0,0,0,0,0
123,134,0,0,17,15,0,0,0,0,0,0,0,0
124,138,0,0,17,15,0,0,0,0,0,0,0,0
125,138,0,0,17,15,0,0,0,0,0,0,0,0
126,144,0,0,17,15,0,0,0,0,0,0,0,0
127,132,0,0,18,16,0,0,0,0,0,0,0,0
128,112,0,0,18,15,0,0,0,0,0,0,0,0
129,112,0,0,18,15,0,0,0,0,0,0,0,0
130,122,0,0,18,17,0,0,0,0,0,0,0,0
131,130,0,0,18,17,0,0,0,0,0,0,0,0
132,106,0,0,18,16,0,0,0,0,0,0,0,0
133,108,0,0,18,16,0,0,0,0,0,0,0,0
134,108,0,0,18,16,0,0,0,0,0,0,0,0
135,114,0,0,18,16,0,0,0,0,0,0,0,0
136,122,0,0,18,17,0,0,0,0,0,0,0,0
137,122,0,0,18,17,0,0,0,0,0,0,0,0
138,130,0,0,18,17,0,0,0,0,0,0,0,0
139,130,0,0,18,17,0,0,0,0,0,0,0,0
140,132,0,0,18,17,0,0,0,0,0,0,0,0
141,138,0,0,18,17,0,0,0,0,0,0,0,0
142,148,0,0,18,17,0,0,0,0,0,0,0,0
143,150,0,0,18,17,0,0,0,0,0,0,0,0
144,126,0,0,18,16,0,0,0,0,0,0,0,0
145,126,0,0,18,16,0,0,0,0,0,0,0,0
146,134,0,0,18,16,0,0,0,0,0,0,0,0
147,140,0,0,18,17,0,0,0,0,0,0,0,0
148,142,0,0,18,17,0,0,0,0,0,0,0,0
149,146,0,0,18,17,0,0,0,0,0,0,0,0
150,150,0,0,18,17,0,0,0,0,0,0,0,0
151,154,0,0,18,17,0,0,0,0,0,0,0,0
152,144,0,0,19,17,0,0,0,0,0,0,0,0
153,144,0,0,19,17,0,0,0,0,0,0,0,0
154,150,0,0,19,17,0,0,0,0,0,0,0,0
155,156,0,0,19,18,0,0,0,0,0,0,0,0
156,158,0,0,19,18,0,0,0,0,0,0,0,0
157,162,0,0,19,18,0,0,0,0,0,0,0,0
158,170,0,0,19,18,0,0,0,0,0,0,0,0
159,174,0,0,19,18,0,0,0,0,0,0,0,0
160,176,0,0,19,18,0,0,0,0,0,0,0,0
161,178,0,0,19,18,0,0,0,0,0,0,0,0
162,190,0,0,19,18,0,0,0,0,0,0,0,0
163,198,0,0,19,18,0,0,0,0,0,0,0,0
164,198,0,0,19,18,0,0,0,0,0,0,0,0
165,198,0,0,19,18,0,0,0,0,0,0,0,0
166,168,0,0,21,18,0,0,0,0,0,0,0,0
167,132,0,0,22,18,0,0,0,0,0,0,0,0
168,136,0,0,22,18,0,0,0,0,0,0,0,0
169,138,0,0,22,18,0,0,0,0,0,0,0,0
170,142,0,0,22,18,0,0,0,0,0,0,0,0
171,152,0,0,22,20,0,0,0,0,0,0,0,0
172,120,0,0,23,19,0,0,0,0,0,0,0,0
173,122,0,0,23,20,0,0,0,0,0,0,0,0
174,110,0,0,24,20,0,0,0,0,0,0,0,0
175,116,0,0,24,20,0,0,0,0,0,0,0,0
176,120,0,0,24,20,0,0,0,0,0,0,0,0
177,132,0,0,24,21,0,0,0,0,0,0,0,0
178,138,0,0,24,21,0,0,0,0,0,0,0,0
179,144,0,0,24,21,0,0,0,0,0,0,0,0
180,148,0,0,24,21,0,0,0,0,0,0,0,0
181,154,0,0,24,21,0,0,0,0,0,0,0,0
182,170,0,0,24,21,0,0,0,0,0,0,0,0
183,172,0,0,24,21,0,0,0,0,0,0,0,0
184,172,0,0,24,21,0,0,0,0,0,0,0,0
185,178,0,0,24,21,0,0,0,0,0,0,0,0
186,168,0,0,25,21,0,0,0,0,0,0,0,0
187,172,0,0,25,22,0,0,0,0,0,0,0,0
188,178,0,0,25,22,0,0,0,0,0,0,0,0
189,184,0,0,25,22,0,0,0,0,0,0,0,0
190,190,0,0,25,22,0,0,0,0,0,0,0,0
191,196,0,0,25,22,0,0,0,0,0,0,0,0
192,206,0,0,25,22,0,0,0,0,0,0,0,0
193,192,0,0,26,22,0,0,0,0,0,0,0,0
194,200,0,0,26,22,0,0,0,0,0,0,0,0
195,200,0,0,26,22,0,0,0,0,0,0,0,0
196,204,0,0,26,22,0,0,0,0,0,0,0,0
197,214,0,0,26,22,0,0,0,0,0,0,0,0
198,222,0,0,26,22,0,0,0,0,0,0,0,0
199,224,0,0,26,22,0,0,0,0,0,0,0,0
200,186,0,0,26,21,0,0,0,0,0,0,0,0
201,194,0,0,26,21,0,0,0,0,0,0,0,0
202,186,0,0,27,21,0,0,0,0,0,0,0,0
203,190,0,0,27,22,0,0,0,0,0,0,0,0
204,190,0,0,27,22,0,0,0,0,0,0,0,0
205,160,0,0,29,22,0,0,0,0,0,0,0,0
206,142,0,0,29,22,0,0,0,0,0,0,0,0
207,142,0,0,29,22,0,0,0,0,0,0,0,0
208,148,0,0,29,22,0,0,0,0,0,0,0,0
209,156,0,0,29,22,0,0,0,0,0,0,0,0
210,144,0,0,29,23,0,0,0,0,0,0,0,0
211,146,0,0,29,23,0,0,0,0,0,0,0,0
212,154,0,0,29,23,0,0,0,0,0,0,0,0
213,160,0,0,29,23,0,0,0,0,0,0,0,0
214,168,0,0,29,24,0,0,0,0,0,0,0,0
215,168,0,0,29,24,0,0,0,0,0,0,0,0
216,176,0,0,29,24,0,0,0,0,0,0,0,0
217,176,0,0,29,24,0,0,0,0,0,0,0,0
218,190,0,0,29,24,0,0,0,0,0,0,0,0
219,190,0,0,29,24,0,0,0,0,0,0,0,0
220,198,0,0,29,24,0,0,0,0,0,0,0,0
221,208,0,0,29,24,0,0,0,0,0,0,0,0
222,216,0,0,29,24,0,0,0,0,0,0,0,0
223,196,0,0,29,24,0,0,0,0,0,0,0,0
224,202,0,0,29,24,0,0,0,0,0,0,0,0
225,208,0,0,29,24,0,0,0,0,0,0,0,0
226,212,0,0,29,24,0,0,0,0,0,0,0,0
227,212,0,0,29,24,0,0,0,0,0,0,0,0
228,224,0,0,29,24,0,0,0,0,0,0,0,0
229,232,0,0,29,24,0,0,0,0,0,0,0,0
230,234,0,0,29,24,0,0,0,0,0,0,0,0
231,220,0,0,29,24,0,0,0,0,0,0,0,0
232,210,0,0,30,24,0,0,0,0,0,0,0,0
233,220,0,0,30,24,0,0,0,0,0,0,0,0
234,220,0,0,30,24,0,0,0,0,0,0,0,0
235,222,0,0,30,24,0,0,0,0,0,0,0,0
236,232,0,0,30,26,0,0,0,0,0,0,0,0
237,240,0,0,30,26,0,0,0,0,0,0,0,0
238,248,0,0,30,26,0,0,0,0,0,0,0,0
239,250,0,0,30,26,0,0,0,0,0,0,0,0
240,258,0,0,30,26,0,0,0,0,0,0,0,0
241,270,0,0,30,26,0,0,0,0,0,0,0,0
242,278,0,0,30,26,0,0,0,0,0,0,0,0
243,282,0,0,30,26,0,0,0,0,0,0,0,0
244,230,0,0,30,25,0,0,0,0,0,0,0,0
245,196,0,0,30,24,0,0,0,0,0,0,0,0
246,200,0,0,30,24,0,0,0,0,0,0,0,0
247,206,0,0,30,25,0,0,0,0,0,0,0,0
248,230,0.32,8,31,24,0,0,0,0,0,0,0,1
249,240,0.296296,8,31,26,0,0,0,0,0,0,0,1
250,244,0.296296,8,31,26,0,0,0,0,0,0,0,1
251,226,0.307692,8,31,25,0,0,0,0,0,0,0,1
252,204,0.32,8,31,24,0,0,0,0,0,0,0,1
253,194,0.32,8,32,24,0,0,0,0,0,0,0,1
254,192,0.64,16,32,23,0,0,0,0,0,0,0,2
255,178,0.32,8,32,24,0,0,0,0,0,0,0,1
256,182,0.307692,8,32,25,0,0,0,0,0,0,0,1
257,192,0.307692,8,32,25,0,0,0,0,0,0,0,1
258,192,0.307692,8,33,25,0,0,0,0,0,0,0,1
259,180,0.296296,8,33,26,0,0,0,0,0,0,0,1
260,188,0.296296,8,33,26,0,0,0,0,0,0,0,1
261,198,0.296296,8,33,26,0,0,0,0,0,0,0,1
262,206,0.296296,8,33,26,0,0,0,0,0,0,0,1
263,214,0.296296,8,33,26,0,0,0,0,0,0,0,1
264,192,0.307692,8,33,25,0,0,0,0,0,0,0,1
265,196,0.307692,8,33,25,0,0,0,0,0,0,0,1
266,202,0.307692,8,33,25,0,0,0,0,0,0,0,1
267,214,0.615385,16,33,24,0,0,0,0,0,0,0,2
268,228,0.615385,16,33,24,0,0,0,0,0,0,0,2
269,204,0.64,16,33,23,0,0,0,0,0,0,0,2
270,212,0.64,16,33,23,0,0,0,0,0,0,0,2
271,218,0.64,16,33,23,0,0,0,0,0,0,0,2
272,224,0.923077,24,35,23,0,0,0,0,0,0,0,3
273,230,0.888889,24,35,24,0,0,0,0,0,0,0,3
274,240,0.857143,24,35,25,0,0,0,0,0,0,0,3
275,244,0.857143,24,35,25,0,0,0,0,0,0,0,3
276,232,0.888889,24,35,24,0,0,0,0,0,0,0,3
277,202,0.888889,24,36,24,0,0,0,0,0,0,0,3
278,182,0.923077,24,36,23,0,0,0,0,0,0,0,3
279,168,0.615385,16,36,24,0,0,0,0,0,0,0,2
280,182,0.592593,16,36,25,0,0,0,0,0,0,0,2
281,184,0.592593,16,36,25,0,0,0,0,0,0,0,2
282,206,0.592593,16,36,25,0,0,0,0,0,0,0,2
283,188,0.592593,16,36,25,0,0,0,0,0,0,0,2
284,162,0.592593,16,37,25,0,0,0,0,0,0,0,2
285,178,0.592593,16,37,25,0,0,0,0,0,0,0,2
286,180,0.571429,16,37,26,0,0,0,0,0,0,0,2
287,186,0.857143,24,37,25,0,0,0,0,0,0,0,3
288,186,0.857143,24,38,25,0,0,0,0,0,0,0,3
289,170,0.571429,16,38,26,0,0,0,0,0,0,0,2
290,172,0.571429,16,38,26,0,0,0,0,0,0,0,2
291,176,0.571429,16,38,26,0,0,0,0,0,0,0,2
292,170,0.857143,24,39,25,0,0,0,0,0,0,0,3
293,172,0.592593,16,39,25,0,0,0,0,0,0,0,2
294,188,0.592593,16,40,25,0,0,0,0,0,0,0,2
295,170,0.592593,16,40,25,0,0,0,0,0,0,0,2
296,198,1.14286,32,41,24,0,0,0,0,0,0,0,4
297,196,1.54839,48,42,25,0,0,0,0,0,0,0,6
298,240,1.75,56,44,25,0,0,0,0,0,0,0,7
299,204,1,32,46,28,0,0,0,0,0,0,0,4
300,236,1.5,48,46,26,0,0,0,0,0,0,0,6
301,240,1.25,40,47,27,0,0,0,0,0,0,0,5
302,236,1.25,40,47,27,0,0,0,0,0,0,0,5
303,280,1.75,56,48,25,0,0,0,0,0,0,0,7
304,338,1.93939,64,49,25,0,0,0,0,0,0,0,8
305,322,1.45455,48,50,27,0,0,0,0,0,0,0,6
306,304,1.5,48,50,26,0,0,0,0,0,0,0,6
307,286,2.13333,64,51,22,0,0,0,0,0,0,0,8
308,302,2,64,52,24,0,0,0,0,0,0,0,8
309,298,1.45455,48,53,27,0,0,0,0,0,0,0,6
310,316,1.5,48,53,26,0,0,0,0,0,0,0,6
311,370,1.93939,64,54,25,0,0,0,0,0,0,0,8
312,390,2.35294,80,55,24,0,0,0,0,0,0,0,10
313,410,1.93939,64,55,25,0,0,0,0,0,0,0,8
314,380,1.69697,56,55,26,0,0,0,0,0,0,0,7
315,416,2.25,72,56,23,0,0,0,0,0,0,0,9
316,434,2.42424,80,57,23,0,0,0,0,0,0,0,10
317,452,2.75,88,57,21,0,0,0,0,0,0,0,11
318,444,2.18182,72,57,24,0,0,0,0,0,0,0,9
319,346,2.13333,64,58,22,0,0,0,0,0,0,0,8
320,286,2.06452,64,59,23,0,0,0,0,0,0,0,8
321,288,2.05714,72,59,26,0,0,0,0,0,0,0,9
322,338,1.94595,72,62,28,0,0,0,0,0,0,0,9
323,358,1.8,72,63,31,0,0,0,0,0,0,0,9
324,370,2.25641,88,64,28,0,0,0,0,0,0,0,11
325,358,2.25641,88,64,28,0,0,0,0,0,0,0,11
326,334,2.25641,88,65,28,0,0,0,0,0,0,0,11
327,344,2.46154,96,65,27,0,0,0,0,0,0,0,12
328,328,2.44444,88,65,25,0,0,0,0,0,0,0,11
329,384,2.31579,88,67,27,0,0,0,0,0,0,0,11
330,388,2.97143,104,69,22,0,0,0,0,0,0,0,13
331,308,2.74286,96,69,23,0,0,0,0,0,0,0,12
332,392,3.04762,128,69,26,0,0,0,0,0,0,0,16
333,396,2.92683,120,70,26,0,0,0,0,0,0,0,15
334,424,3.24324,120,70,22,0,0,0,0,0,0,0,15
335,314,3.29412,112,72,20,0,0,0,0,0,0,0,14
336,316,2.74286,96,73,23,0,0,0,0,0,0,0,12
337,316,3.11111,112,73,22,0,0,0,0,0,0,0,14
338,342,4,136,73,17,0,0,0,0,0,0,0,17
339,408,4.42105,168,75,17,0,0,0,0,0,0,0,21
340,452,3.73333,168,76,24,0,0,0,0,0,0,0,21
341,444,3.37778,152,76,26,0,0,0,0,0,0,0,19
342,398,3.06383,144,77,29,0,0,0,0,0,0,0,18
343,468,3.82609,176,80,24,0,0,0,0,0,0,0,22
344,398,3.73333,168,81,24,0,0,0,0,0,0,0,21
345,418,3.81818,168,83,23,0,0,0,0,0,0,0,21
346,468,3.74468,176,83,25,0,0,0,0,0,0,0,22
347,506,3.52,176,83,28,0,0,0,0,0,0,0,22
348,548,3.29412,168,85,30,0,0,0,0,0,0,0,21
349,502,3.26531,160,85,29,0,0,0,0,0,0,0,20
350,448,3.36,168,85,29,0,0,0,0,0,0,0,21
351,462,4,184,86,23,0,0,0,0,0,0,0,23
352,440,3.7551,184,86,26,0,0,0,0,0,0,0,23
353,406,3.5,168,88,27,0,0,0,0,0,0,0,21
354,450,3.84,192,88,26,0,0,0,0,0,0,0,24
355,484,4.15385,216,90,25,0,0,0,0,0,0,0,27
356,544,4.23529,216,90,24,0,0,0,0,0,0,0,27
357,444,4.39216,224,90,23,0,0,0,0,0,0,0,28
358,478,4.44444,240,91,24,0,0,0,0,0,0,0,30
359,542,3.92727,216,91,28,0,0,0,0,0,0,0,27
360,520,3.49091,192,91,31,0,0,0,0,0,0,0,24
361,588,3.52542,208,92,33,0,0,0,0,0,0,0,26
362,476,4.07273,224,92,27,0,0,0,0,0,0,0,28
363,516,4.2963,232,92,25,0,0,0,0,0,0,0,29
364,482,4.27586,248,92,27,0,0,0,0,0,0,0,31
365,566,4.57143,256,92,24,0,0,0,0,0,0,0,32
366,534,4.8,264,93,22,0,0,0,0,0,0,0,33
367,518,5.12,256,94,18,0,0,0,0,0,0,0,32
368,526,4.59259,248,96,23,0,0,0,0,0,0,0,31
369,508,4.67925,248,96,22,0,0,0,0,0,0,0,31
370,560,4.92308,256,96,20,0,0,0,0,0,0,0,32
371,496,5.01961,256,97,19,0,0,0,0,0,0,0,32
372,454,4.96,248,97,19,0,0,0,0,0,0,0,31
373,508,4.98113,264,97,20,0,0,0,0,0,0,0,33
374,540,4.83019,256,97,21,0,0,0,0,0,0,0,32
375,544,4.28571,240,97,26,0,0,0,0,0,0,0,30
376,520,4.46154,232,97,23,0,0,0,0,0,0,0,29
377,608,4.86275,248,97,20,0,0,0,0,0,0,0,31
378,506,4.93617,232,97,18,0,0,0,0,0,0,0,29
379,552,4.37736,232,97,24,0,0,0,0,0,0,0,29
380,564,4.22642,224,98,25,0,0,0,0,0,0,0,28
381,528,3.85185,208,98,28,0,0,0,0,0,0,0,26
382,540,4,224,98,28,0,0,0,0,0,0,0,28
383,606,3.57143,200,98,31,0,0,0,0,0,0,0,25
384,550,3.49091,192,98,31,0,0,0,0,0,0,0,24
385,514,3.63636,200,98,30,0,0,0,0,0,0,0,25
386,540,3.77358,200,98,28,0,0,0,0,0,0,0,25
387,558,4.16,208,98,24,0,0,0,0,0,0,0,26
388,524,3.07692,160,98,32,0,0,0,0,0,0,0,20
389,584,3.6,216,98,33,0,0,0,0,0,0,0,27
390,622,3.54098,216,98,34,0,0,0,0,0,0,0,27
391,692,3.79661,224,99,31,0,0,0,0,0,0,0,28
392,594,3.46667,208,99,34,0,0,0,0,0,0,0,26
393,648,3.79661,224,99,31,0,0,0,0,0,0,0,28
394,696,3.93443,240,99,31,0,0,0,0,0,0,0,30
395,798,3.87097,240,99,32,0,0,0,0,0,0,0,30
396,740,3.55556,224,99,35,0,0,0,0,0,0,0,28
397,762,3.5,224,100,36,0,0,0,0,0,0,0,28
398,586,3.1746,200,100,38,0,0,0,0,0,0,0,25
399,666,2.875,184,100,41,0,0,0,0,0,0,0,23
400,626,3.01449,208,100,43,0,0,0,0,0,0,0,26
401,742,3.75758,248,100,35,0,0,0,0,0,0,0,31
402,718,3.38028,240,100,41,0,0,0,0,0,0,0,30
403,786,3.5942,248,100,38,0,0,0,0,0,0,0,31
404,854,4.24242,280,100,31,0,0,0,0,0,0,0,35
405,780,4.5,288,100,28,0,0,0,0,0,0,0,36
406,818,3.71014,256,100,37,0,0,0,0,0,0,0,32
407,880,3.56923,232,100,36,0,0,0,0,0,0,0,29
408,882,3.5942,248,100,38,0,0,0,0,0,0,0,31
409,1018,3.29412,224,100,40,0,0,0,0,0,0,0,28
410,826,3.42857,240,100,40,0,0,0,0,0,0,0,30
411,796,3.58209,240,100,37,0,0,0,0,0,0,0,30
412,824,2.97143,208,100,44,0,0,0,0,0,0,0,26
413,808,3.5,224,100,36,0,0,0,0,0,0,0,28
414,796,3.94203,272,100,35,0,0,0,0,0,0,0,34
415,812,4.1791,280,100,32,0,0,0,0,0,0,0,35
416,942,4,264,100,33,0,0,0,0,0,0,0,33
417,878,4.12903,256,100,30,0,0,0,0,0,0,0,32
418,866,3.625,232,100,35,0,0,0,0,0,0,0,29
419,780,3.42857,216,100,36,0,0,0,0,0,0,0,27
420,838,3.15152,208,100,40,0,0,0,0,0,0,0,26
421,930,3.93846,256,100,33,0,0,0,0,0,0,0,32
422,944,3.54839,220,100,34,0,0,0,1,0,0,0,27
423,982,4.25397,268,100,29,0,0,0,1,0,0,0,33
424,902,4.12903,256,100,30,0,0,0,0,0,0,0,32
425,716,3.35484,208,100,36,0,0,0,0,0,0,0,26
426,852,3.81538,248,100,34,0,0,0,0,0,0,0,31
427,888,4.375,280,100,29,0,0,0,0,0,0,0,35
428,960,4.28986,296,100,32,0,0,0,0,0,0,0,37
429,844,4,256,100,32,0,0,0,0,0,0,0,32
430,928,4.30769,280,100,30,0,0,0,0,0,0,0,35
431,1052,4.67692,304,100,27,0,0,0,0,0,0,0,38
432,1176,4.43077,288,100,29,0,0,0,0,0,0,0,36
433,1140,4.12121,272,100,32,0,0,0,0,0,0,0,34
434,1134,4.11765,280,100,33,0,0,0,0,0,0,0,35
435,1072,4,256,100,32,0,0,0,0,0,0,0,32
436,1000,4.35088,248,100,26,0,0,0,0,0,0,0,31
437,896,4.13793,240,100,28,0,0,0,0,0,0,0,30
438,1080,4.19672,256,100,29,0,0,0,0,0,0,0,32
439,1050,3.15152,208,100,40,0,0,0,0,0,0,0,26
440,1150,3.63636,240,100,36,0,0,0,0,0,0,0,30
441,1278,4.45902,272,100,27,0,0,0,0,0,0,0,34
442,1346,4.13333,248,100,29,0,0,0,0,0,0,0,31
443,1404,4.125,264,100,31,0,0,0,0,0,0,0,33
444,1258,4.51613,280,100,27,0,0,0,0,0,0,0,35
445,1014,3.75,240,100,34,0,0,0,0,0,0,0,30
446,1168,4.25806,264,100,29,0,0,0,0,0,0,0,33
447,1200,3.36232,232,100,40,0,0,0,0,0,0,0,29
448,1244,3.69231,240,100,35,0,0,0,0,0,0,0,30
449,1058,3.55556,224,100,35,0,0,0,0,0,0,0,28
450,1056,3.07692,200,100,40,0,0,0,0,0,0,0,25
451,1190,4,256,100,32,0,0,0,0,0,0,0,32
452,1284,3.94203,272,100,35,0,0,0,0,0,0,0,34
453,1246,3.47826,240,100,39,0,0,0,0,0,0,0,30
454,1218,2.88889,208,100,46,0,0,0,0,0,0,0,26
455,1026,2.86567,192,100,43,0,0,0,0,0,0,0,24
456,996,2.98507,200,100,42,0,0,0,0,0,0,0,25
457,1016,2.82353,192,100,44,0,0,0,0,0,0,0,24
458,1074,3.15493,224,100,43,0,0,0,0,0,0,0,28
459,1082,3,213,100,44,0,0,0,0,1,0,0,26
460,1214,3.04225,216,100,44,0,0,0,0,0,0,0,27
461,1252,3.49296,248,100,40,0,0,0,0,0,0,0,31
462,1316,3.11111,224,100,44,0,0,0,0,0,0,0,28
463,1324,2.97143,208,100,44,0,0,0,0,0,0,0,26
464,1290,2.86567,192,100,43,0,0,0,0,0,0,0,24
465,1348,3.05882,208,100,42,0,0,0,0,0,0,0,26
466,1296,2.66667,192,100,48,0,0,0,0,0,0,0,24
467,854,3.22388,216,100,40,0,0,0,0,0,0,0,27
468,952,2.98507,200,100,42,0,0,0,0,0,0,0,25
469,890,2.86567,192,100,43,0,0,0,0,0,0,0,24
470,804,3.07692,200,100,40,0,0,0,0,0,0,0,25
471,902,2.98507,200,100,42,0,0,0,0,0,0,0,25
472,982,3.22388,216,100,40,0,0,0,0,0,0,0,27
473,938,2.26866,152,100,48,0,0,0,0,0,0,0,19
474,894,2.2029,152,100,50,0,0,0,0,0,0,0,19
475,962,2.70588,184,100,45,0,0,0,0,0,0,0,23
476,1100,3,216,100,45,0,0,0,0,0,0,0,27
477,988,2.86567,192,100,43,0,0,0,0,0,0,0,24
478,1148,2.94118,200,100,43,0,0,0,0,0,0,0,25
479,856,2.17143,152,100,51,0,0,0,0,0,0,0,19
480,1016,1.75342,128,100,57,0,0,0,0,0,0,0,16
481,1120,2.66667,176,100,44,0,0,0,0,0,0,0,22
482,1138,2.70968,168,100,41,0,0,0,0,0,0,0,21
483,1084,2.625,168,100,43,0,0,0,0,0,0,0,21
484,1044,2.70769,176,100,43,0,0,0,0,0,0,0,22
485,828,2.7541,168,100,40,0,0,0,0,0,0,0,21
486,880,2.62295,160,100,41,0,0,0,0,0,0,0,20
487,992,3.125,200,100,39,0,0,0,0,0,0,0,25
488,914,3.25424,192,100,35,0,0,0,0,0,0,0,24
489,904,3.34545,184,100,32,0,0,0,0,0,0,0,23
490,968,3.06667,184,100,37,0,0,0,0,0,0,0,23
491,910,3.01667,181,100,37,0,0,0,0,1,0,0,22
492,776,2.82812,181,100,41,0,0,0,0,1,0,0,22
493,938,2.33846,152,100,46,0,0,0,0,0,0,0,19
494,926,2.21538,144,100,47,0,0,0,0,0,0,0,18
495,1034,2.86567,192,100,43,0,0,0,0,0,0,0,24
496,1046,2.83871,176,100,40,0,0,0,0,0,0,0,22
497,1044,2.22951,136,100,44,0,0,0,0,0,0,0,17
498,1036,2.47059,168,100,47,0,0,0,0,0,0,0,21
499,1026,2.05714,144,100,52,0,0,0,0,0,0,0,18
500,1024,2.08696,144,100,51,0,0,0,0,0,0,0,18
501,1128,2.14085,152,100,52,0,0,0,0,0,0,0,19
502,1212,2.02817,144,100,53,0,0,0,0,0,0,0,18
503,1062,1.96923,128,100,49,0,0,0,0,0,0,0,16
504,1170,2.55072,176,100,47,0,0,0,0,0,0,0,22
505,1188,1.91549,136,100,54,0,0,0,0,0,0,0,17
506,1064,2.23529,152,100,49,0,0,0,0,0,0,0,19
507,1010,2.83871,176,100,40,0,0,0,0,0,0,0,22
508,1048,2.23529,152,100,49,0,0,0,0,0,0,0,19
509,992,2.21538,144,100,47,0,0,0,0,0,0,0,18
510,1160,2.19178,160,100,53,0,0,0,0,0,0,0,20
511,1134,1.94286,136,100,53,0,0,0,0,0,0,0,17
512,976,1.69014,120,100,56,0,0,0,0,0,0,0,15
513,1076,2.74627,184,100,44,0,0,0,0,0,0,0,23
514,1056,2.43478,168,100,48,0,0,0,0,0,0,0,21
515,1090,2.66667,176,100,44,0,0,0,0,0,0,0,22
516,1166,2.08696,144,100,51,0,0,0,0,0,0,0,18
517,1172,2.14925,144,100,49,0,0,0,0,0,0,0,18
518,1310,3.07692,200,100,40,0,0,0,0,0,0,0,25
519,1390,3.30159,208,100,37,0,0,0,0,0,0,0,26
520,1342,3.30159,208,100,37,0,0,0,0,0,0,0,26
521,1482,3.0303,200,100,41,0,0,0,0,0,0,0,25
522,1382,3.2,208,100,39,0,0,0,0,0,0,0,26
523,1570,3.15152,208,100,40,0,0,0,0,0,0,0,26
524,1330,3.86667,232,100,31,0,0,0,0,0,0,0,29
525,1294,3.58209,240,100,37,0,0,0,0,0,0,0,30
526,1404,3.64706,248,100,37,0,0,0,0,0,0,0,31
527,1564,3.875,248,100,33,0,0,0,0,0,0,0,31
528,1392,3.87097,240,100,32,0,0,0,0,0,0,0,30
529,1360,3.78947,216,100,30,0,0,0,0,0,0,0,27
530,1538,4.26667,256,100,28,0,0,0,0,0,0,0,32
531,1576,4.06349,256,100,31,0,0,0,0,0,0,0,32
532,1752,4.20339,248,100,28,0,0,0,0,0,0,0,31
533,1754,4.55172,264,100,25,0,0,0,0,0,0,0,33
534,1282,4.63158,264,100,24,0,0,0,0,0,0,0,33
535,1264,4.20339,248,100,28,0,0,0,0,0,0,0,31
536,1462,4.31746,272,100,29,0,0,0,0,0,0,0,34
537,1046,3.76471,256,100,36,0,0,0,0,0,0,0,32
538,1236,3.64706,248,100,37,0,0,0,0,0,0,0,31
539,1104,3.32308,216,100,38,0,0,0,0,0,0,0,27
540,1216,3.27273,216,100,39,0,0,0,0,0,0,0,27
541,1146,3.25,208,100,38,0,0,0,0,0,0,0,26
542,1158,4.06349,256,100,31,0,0,0,0,0,0,0,32
543,1268,3.80952,240,100,33,0,0,0,0,0,0,0,30
544,1130,3.46667,208,100,34,0,0,0,0,0,0,0,26
545,1148,4,232,100,29,0,0,0,0,0,0,0,29
546,1202,4.28571,240,100,26,0,0,0,0,0,0,0,30
547,1124,4.55172,264,100,25,0,0,0,0,0,0,0,33
548,1026,4,232,100,29,0,0,0,0,0,0,0,29
549,1116,3.72414,216,100,31,0,0,0,0,0,0,0,27
550,1164,4.07018,232,100,28,0,0,0,0,0,0,0,29
551,892,3.4386,196,100,32,0,0,0,1,0,0,0,24
552,1092,3.65517,212,100,31,0,0,0,1,0,0,0,26
553,1166,3.57895,204,100,31,0,0,0,1,0,0,0,25
554,1208,3.48387,216,100,35,0,0,0,0,0,0,0,27
555,1344,3.54098,216,100,34,0,0,0,0,0,0,0,27
556,920,3.33333,200,100,35,0,0,0,0,0,0,0,25
557,980,3.09677,192,100,38,0,0,0,0,0,0,0,24
558,954,3.6129,224,100,34,0,0,0,0,0,0,0,28
559,896,3.36842,192,100,33,0,0,0,0,0,0,0,24
560,1010,3.15,189,100,36,0,0,0,0,1,0,0,23
561,912,3.74576,221,100,31,0,0,0,0,1,0,0,27
562,966,3.9661,234,100,29,0,0,0,0,2,0,0,28
563,1000,3.30645,205,100,36,0,0,0,0,1,0,0,25
564,1066,3.15385,205,100,39,0,0,0,0,1,0,0,25
565,994,3.58209,240,100,37,0,0,0,0,0,0,0,30
566,1006,3.58209,240,100,37,0,0,0,0,0,0,0,30
567,1088,3.54286,248,100,39,0,0,0,0,0,0,0,31
568,1248,3.60563,256,100,39,0,0,0,0,0,0,0,32
569,1288,3.38028,240,100,41,0,0,0,0,0,0,0,30
570,1298,3.2,208,100,39,0,0,0,0,0,0,0,26
571,1262,4.12903,256,100,30,0,0,0,0,0,0,0,32
572,1172,3.68254,232,100,34,0,0,0,0,0,0,0,29
573,1364,3.80952,240,100,33,0,0,0,0,0,0,0,30
574,1394,3.69231,240,100,35,0,0,0,0,0,0,0,30
575,1506,3.64706,248,100,37,0,0,0,0,0,0,0,31
576,1586,3.09677,192,100,38,0,0,0,0,0,0,0,24
577,1512,2.75862,160,100,38,0,0,0,0,0,0,0,20
578,1622,2.875,184,100,41,0,0,0,0,0,0,0,23
579,1846,3.35484,208,100,36,0,0,0,0,0,0,0,26
580,1870,4.12903,256,100,30,0,0,0,0,0,0,0,32
581,1278,3.67213,224,100,33,0,0,0,0,0,0,0,28
582,1338,3.93651,248,100,32,0,0,0,0,0,0,0,31
583,1366,3.25,208,100,38,0,0,0,0,0,0,0,26
584,1188,3.64706,248,100,37,0,0,0,0,0,0,0,31
585,1152,3.80952,240,100,33,0,0,0,0,0,0,0,30
586,1210,3.71831,264,100,38,0,0,0,0,0,0,0,33
587,1268,3.47826,240,100,39,0,0,0,0,0,0,0,30
588,1334,3.47826,240,100,39,0,0,0,0,0,0,0,30
589,1338,3.17647,216,100,41,0,0,0,0,0,0,0,27
590,1060,3.375,216,100,37,0,0,0,0,0,0,0,27
591,1118,3.39394,224,100,38,0,0,0,0,0,0,0,28
592,1032,3.35484,208,100,36,0,0,0,0,0,0,0,26
593,996,3.39394,224,100,38,0,0,0,0,0,0,0,28
594,1068,3.54286,248,100,39,0,0,0,0,0,0,0,31
595,950,4.0597,272,100,33,0,0,0,0,0,0,0,34
596,958,4.12121,272,100,32,0,0,0,0,0,0,0,34
597,1058,3.83099,272,100,37,0,0,0,0,0,0,0,34
598,1064,3.52941,240,100,38,0,0,0,0,0,0,0,30
599,1058,3.2,224,100,42,0,0,0,0,0,0,0,28
600,1154,2.85714,200,100,45,0,0,0,0,0,0,0,25
601,942,2.47887,176,100,49,0,0,0,0,0,0,0,22
602,1026,2.92958,208,100,45,0,0,0,0,0,0,0,26
603,1104,3.30667,248,100,44,0,0,0,0,0,0,0,31
604,1202,3.94667,296,100,38,0,0,0,0,0,0,0,37
605,1146,4.57143,320,100,30,0,0,0,0,0,0,0,40
606,1170,4.73239,336,100,29,0,0,0,0,0,0,0,42
607,1226,4.90667,368,100,29,0,0,0,0,0,0,0,46
608,1144,4.55556,328,100,31,0,0,0,0,0,0,0,41
609,1166,4.58824,312,100,29,0,0,0,0,0,0,0,39
610,1208,4.60606,304,100,28,0,0,0,0,0,0,0,38
611,1226,4.17647,284,100,32,0,0,0,1,0,0,0,35
612,1206,4.65672,312,100,28,0,0,0,0,0,0,0,39
613,1206,3.44444,248,100,41,0,0,0,0,0,0,0,31
614,888,3.42857,264,100,44,0,0,0,0,0,0,0,33
615,1016,3.48718,272,100,44,0,0,0,0,0,0,0,34
616,948,3.22222,232,100,43,0,0,0,0,0,0,0,29
617,844,3.13514,232,100,45,0,0,0,0,0,0,0,29
618,884,3.71831,264,100,38,0,0,0,0,0,0,0,33
619,894,2.84932,208,100,47,0,0,0,0,0,0,0,26
620,934,3.2,240,100,45,0,0,0,0,0,0,0,30
621,940,2.83544,224,100,51,0,0,0,0,0,0,0,28
622,962,2.94737,224,100,48,0,0,0,0,0,0,0,28
623,896,2.8,224,100,52,0,0,0,0,0,0,0,28
624,820,2.5974,200,100,52,0,0,0,0,0,0,0,25
625,866,2.33333,168,100,51,0,0,0,0,0,0,0,21
626,878,1.94595,144,100,56,0,0,0,0,0,0,0,18
627,868,2.2029,152,100,50,0,0,0,0,0,0,0,19
628,936,2.47887,176,100,49,0,0,0,0,0,0,0,22
629,998,2.8169,200,100,46,0,0,0,0,0,0,0,25
630,1082,2.30303,152,100,47,0,0,0,0,0,0,0,19
631,1074,3.07692,200,100,40,0,0,0,0,0,0,0,25
632,906,2.58824,176,100,46,0,0,0,0,0,0,0,22
633,902,3.01449,208,100,43,0,0,0,0,0,0,0,26
634,916,3.65714,256,100,38,0,0,0,0,0,0,0,32
635,958,3.60563,256,100,39,0,0,0,0,0,0,0,32
636,960,3.75758,248,100,35,0,0,0,0,0,0,0,31
637,888,3.80952,240,100,33,0,0,0,0,0,0,0,30
638,856,4.5,288,100,28,0,0,0,0,0,0,0,36
639,848,4.64516,288,100,26,0,0,0,0,0,0,0,36
640,866,3.77143,264,100,37,0,0,0,0,0,0,0,33
641,918,3.66667,264,100,39,0,0,0,0,0,0,0,33
642,1064,4.0597,272,100,33,0,0,0,0,0,0,0,34
643,826,4.1791,280,100,32,0,0,0,0,0,0,0,35
644,950,4.11429,288,100,34,0,0,0,0,0,0,0,36
645,1064,3.44444,248,100,41,0,0,0,0,0,0,0,31
646,976,3.9403,264,100,34,0,0,0,0,0,0,0,33
647,962,3.76471,256,100,36,0,0,0,0,0,0,0,32
648,1096,4.75,304,100,26,0,0,0,0,0,0,0,38
649,778,4.07273,224,100,27,0,0,0,0,0,0,0,28
650,804,4.77419,296,100,25,0,0,0,0,0,0,0,37
651,940,4.5,288,100,28,0,0,0,0,0,0,0,36
652,900,3.8209,256,100,35,0,0,0,0,0,0,0,32
653,986,4.05797,280,100,34,0,0,0,0,0,0,0,35
654,1044,4.28986,296,100,32,0,0,0,0,0,0,0,37
655,936,3.52941,240,100,38,0,0,0,0,0,0,0,30
656,956,3.32308,216,100,38,0,0,0,0,0,0,0,27
657,1006,3.125,200,100,39,0,0,0,0,0,0,0,25
658,1148,3.67213,224,100,33,0,0,0,0,0,0,0,28
659,1044,4.67213,285,100,25,0,0,0,0,1,0,0,35
660,1012,4.29825,245,100,26,0,0,0,0,1,0,0,30
661,984,4.4,264,100,27,0,0,0,0,0,0,0,33
662,928,4.53333,272,100,26,0,0,0,0,0,0,0,34
663,1030,4.25,272,100,30,0,0,0,0,0,0,0,34
664,1054,4.30769,280,100,30,0,0,0,0,0,0,0,35
665,1000,4.12903,256,100,30,0,0,0,0,0,0,0,32
666,1172,3.77465,268,100,37,0,0,0,1,0,0,0,33
667,976,3.75758,248,100,35,0,0,0,0,0,0,0,31
668,950,3.54098,216,100,34,0,0,0,0,0,0,0,27
669,1020,3.93846,256,100,33,0,0,0,0,0,0,0,32
670,1068,4.06154,264,100,32,0,0,0,0,0,0,0,33
671,962,4.17391,288,100,33,0,0,0,0,0,0,0,36
672,986,3.47826,240,100,39,0,0,0,0,0,0,0,30
673,1020,4.36364,288,100,30,0,0,0,0,0,0,0,36
674,1114,4.91429,344,100,27,0,0,0,0,0,0,0,43
675,1086,4.63077,301,100,27,0,0,0,0,1,0,0,37
676,1182,4.30769,280,100,30,0,0,0,0,0,0,0,35
677,1190,4.23529,288,100,32,0,0,0,0,0,0,0,36
678,1240,4.67692,304,100,27,0,0,0,0,0,0,0,38
679,1106,4.51613,280,100,27,0,0,0,0,0,0,0,35
680,1266,3.93443,240,100,31,0,0,0,0,0,0,0,30
681,1102,3.875,248,100,33,0,0,0,0,0,0,0,31
682,1260,3.375,216,100,37,0,0,0,0,0,0,0,27
683,1118,3.55556,224,100,35,0,0,0,0,0,0,0,28
684,1292,3.74194,232,100,33,0,0,0,0,0,0,0,29
685,1000,3.93443,240,100,31,0,0,0,0,0,0,0,30
686,1212,4.24242,280,100,31,0,0,0,0,0,0,0,35
687,1154,4.25,272,100,30,0,0,0,0,0,0,0,34
688,1052,3.67213,224,100,33,0,0,0,0,0,0,0,28
689,1068,3.5,224,100,36,0,0,0,0,0,0,0,28
690,1146,3.74194,232,100,33,0,0,0,0,0,0,0,29
691,1240,4.27869,261,100,28,0,0,0,0,1,0,0,32
692,1394,4,264,100,33,0,0,0,0,0,0,0,33
693,1288,4.06154,264,100,32,0,0,0,0,0,0,0,33
694,934,3.80952,240,100,33,0,0,0,0,0,0,0,30
695,1040,3.8209,256,100,35,0,0,0,0,0,0,0,32
696,1022,4.53333,272,100,26,0,0,0,0,0,0,0,34
697,996,4,240,100,30,0,0,0,0,0,0,0,30
698,1102,4.77612,320,100,27,0,0,0,0,0,0,0,40
699,1008,4.24242,280,100,31,0,0,0,0,0,0,0,35
700,866,3.49296,248,100,40,0,0,0,0,0,0,0,31
701,888,4.10811,304,100,36,0,0,0,0,0,0,0,38
702,940,3.94366,280,100,36,0,0,0,0,0,0,0,35
703,972,3.47826,240,100,39,0,0,0,0,0,0,0,30
704,968,2.78261,192,100,45,0,0,0,0,0,0,0,24
705,936,2.82353,192,100,44,0,0,0,0,0,0,0,24
706,1060,3.54286,248,100,39,0,0,0,0,0,0,0,31
707,958,3.125,200,100,39,0,0,0,0,0,0,0,25
708,964,2.88235,196,100,43,0,0,0,1,0,0,0,24
709,978,3.01538,196,100,40,0,0,0,1,0,0,0,24
710,978,3.45455,228,100,37,0,0,0,1,0,0,0,28
711,1034,2.75676,204,100,48,0,0,0,1,0,0,0,25
712,960,2.91429,204,100,44,0,0,0,1,0,0,0,25
713,934,2.8,196,100,45,0,0,0,1,0,0,0,24
714,928,2.57143,180,100,47,0,0,0,1,0,0,0,22
715,918,2.94118,200,100,43,0,0,0,0,0,0,0,25
716,850,3.01449,208,100,43,0,0,0,0,0,0,0,26
717,944,3.31429,232,100,41,0,0,0,0,0,0,0,29
718,940,4,256,100,32,0,0,0,0,0,0,0,32
719,922,4.55385,296,100,28,0,0,0,0,0,0,0,37
720,984,3.9403,264,100,34,0,0,0,0,0,0,0,33
721,880,3.42857,216,100,36,0,0,0,0,0,0,0,27
722,880,3.6129,224,100,34,0,0,0,0,0,0,0,28
723,1058,4.57143,288,100,27,0,0,0,0,0,0,0,36
724,1044,3.87097,240,100,32,0,0,0,0,0,0,0,30
725,866,3.46667,208,100,34,0,0,0,0,0,0,0,26
726,902,3.93651,248,100,32,0,0,0,0,0,0,0,31
727,1020,4.31746,272,100,29,0,0,0,0,0,0,0,34
728,1072,4.19048,264,100,30,0,0,0,0,0,0,0,33
729,802,4.47458,264,100,26,0,0,0,0,0,0,0,33
730,858,3.93651,248,100,32,0,0,0,0,0,0,0,31
731,912,3.51515,232,100,37,0,0,0,0,0,0,0,29
732,1018,3.48387,216,100,35,0,0,0,0,0,0,0,27
733,1090,3.2,208,100,39,0,0,0,0,0,0,0,26
734,1084,3.56923,232,100,36,0,0,0,0,0,0,0,29
735,986,4,232,100,29,0,0,0,0,0,0,0,29
736,926,3.8,228,100,31,0,0,0,1,0,0,0,28
737,998,2.29508,140,100,43,0,0,0,1,0,0,0,17
738,1122,2.875,184,100,41,0,0,0,0,0,0,0,23
739,1194,3.42857,240,100,40,0,0,0,0,0,0,0,30
740,1402,3.2,224,100,42,0,0,0,0,0,0,0,28
741,1140,3.01449,208,100,43,0,0,0,0,0,0,0,26
742,1002,3.30159,208,100,37,0,0,0,0,0,0,0,26
743,1152,4.11765,280,100,33,0,0,0,0,0,0,0,35
744,1158,3.70149,248,100,36,0,0,0,0,0,0,0,31
745,1162,3.81538,248,100,34,0,0,0,0,0,0,0,31
746,1284,3.63636,240,100,36,0,0,0,0,0,0,0,30
747,1334,4.0597,272,100,33,0,0,0,0,0,0,0,34
748,1320,5.54839,344,100,19,0,0,0,0,0,0,0,43
749,1340,4.875,312,100,25,0,0,0,0,0,0,0,39
750,1326,4.11765,280,100,33,0,0,0,0,0,0,0,35
751,1334,4.19672,256,100,29,0,0,0,0,0,0,0,32
752,1100,4.45161,276,100,27,0,0,0,1,0,0,0,34
753,1070,4.83871,300,100,24,0,0,0,1,0,0,0,37
754,1050,4.51613,280,100,27,0,0,0,0,0,0,0,35
755,1244,4.30303,284,100,30,0,0,0,1,0,0,0,35
756,1240,3.87302,244,100,32,0,0,0,1,0,0,0,30
757,1142,3.8,228,100,31,0,0,0,1,0,0,0,28
758,1150,3.87097,240,100,32,0,0,0,0,0,0,0,30
759,1322,3.27273,216,100,39,0,0,0,0,0,0,0,27
760,1326,3.10448,208,100,41,0,0,0,0,0,0,0,26
761,1484,4.44444,280,100,28,0,0,0,0,0,0,0,35
762,1420,5.03226,312,100,23,0,0,0,0,0,0,0,39
763,1560,4.625,296,100,27,0,0,0,0,0,0,0,37
764,1942,4.57143,288,100,27,0,0,0,0,0,0,0,36
765,2012,5.41935,336,100,20,0,0,0,0,0,0,0,42
766,1910,4.98361,304,100,23,0,0,0,0,0,0,0,38
767,1856,5.46032,344,100,20,0,0,0,0,0,0,0,43
768,2240,4.95238,312,100,24,0,0,0,0,0,0,0,39
769,1974,5.33333,336,100,21,0,0,0,0,0,0,0,42
770,1496,4.59016,280,100,26,0,0,0,0,0,0,0,35
771,1458,4.19048,264,100,30,0,0,0,0,0,0,0,33
772,1618,4.60606,304,100,28,0,0,0,0,0,0,0,38
773,1348,4.95238,312,100,24,0,0,0,0,0,0,0,39
774,1378,5.46032,344,100,20,0,0,0,0,0,0,0,43
775,1562,5.125,328,100,23,0,0,0,0,0,0,0,41
776,1878,5.20635,328,100,22,0,0,0,0,0,0,0,41
777,1908,5.01695,296,100,22,0,0,0,0,0,0,0,37
778,1920,4.82759,280,100,23,0,0,0,0,0,0,0,35
779,1966,5.2459,320,100,21,0,0,0,0,0,0,0,40
780,1786,5.375,344,100,21,0,0,0,0,0,0,0,43
781,2012,4.88136,288,100,23,0,0,0,0,0,0,0,36
782,1930,4.91228,280,100,22,0,0,0,0,0,0,0,35
783,1998,5.42373,320,100,19,0,0,0,0,0,0,0,40
784,1798,4.85714,272,100,22,0,0,0,0,0,0,0,34
785,1576,4.24242,280,100,31,0,0,0,0,0,0,0,35
786,1568,4.51613,280,100,27,0,0,0,0,0,0,0,35
787,1606,4.93333,296,100,23,0,0,0,0,0,0,0,37
788,1584,4.55172,264,100,25,0,0,0,0,0,0,0,33
789,1466,4,240,100,30,0,0,0,0,0,0,0,30
790,1890,4.43077,288,100,29,0,0,0,0,0,0,0,36
791,1594,4.32787,264,100,28,0,0,0,0,0,0,0,33
792,1814,4.91228,280,100,22,0,0,0,0,0,0,0,35
793,1564,4.13793,240,100,28,0,0,0,0,0,0,0,30
794,1358,3.80328,232,100,32,0,0,0,0,0,0,0,29
795,1664,4.5,288,100,28,0,0,0,0,0,0,0,36
796,1696,4.25806,264,100,29,0,0,0,0,0,0,0,33
797,1440,3.40984,208,100,35,0,0,0,0,0,0,0,26
798,1896,4.3871,272,100,28,0,0,0,0,0,0,0,34
799,2056,4.70312,301,100,26,0,0,0,0,1,0,0,37
800,2240,4.36364,240,100,25,0,0,0,0,0,0,0,30
801,1826,4,224,100,28,0,0,0,0,0,0,0,28
802,1666,3.9322,232,100,30,0,0,0,0,0,0,0,29
803,1716,3.87879,256,100,34,0,0,0,0,0,0,0,32
804,1776,3.75758,248,100,35,0,0,0,0,0,0,0,31
805,1844,4.12903,256,100,30,0,0,0,0,0,0,0,32
806,1404,3.93443,240,100,31,0,0,0,0,0,0,0,30
807,1258,4.44444,280,100,28,0,0,0,0,0,0,0,35
808,1388,4.90323,304,100,24,0,0,0,0,0,0,0,38
809,1542,5.03226,312,100,23,0,0,0,0,0,0,0,39
810,1196,4.64516,288,100,26,0,0,0,0,0,0,0,36
811,1294,5.125,328,100,23,0,0,0,0,0,0,0,41
812,1240,4,240,100,30,0,0,0,0,0,0,0,30
813,1210,3.42857,240,100,40,0,0,0,0,0,0,0,30
814,1228,3.38028,240,100,41,0,0,0,0,0,0,0,30
815,1276,3.76471,256,100,36,0,0,0,0,0,0,0,32
816,1332,3.29412,224,100,40,0,0,0,0,0,0,0,28
817,1308,3.5942,248,100,38,0,0,0,0,0,0,0,31
818,1140,3.42857,240,100,40,0,0,0,0,0,0,0,30
819,1246,3.77143,264,100,37,0,0,0,0,0,0,0,33
820,1366,3.50685,256,100,41,0,0,0,0,0,0,0,32
821,1180,3.29412,224,100,40,0,0,0,0,0,0,0,28
822,1326,3.24638,224,100,41,0,0,0,0,0,0,0,28
823,1406,3.63636,240,100,36,0,0,0,0,0,0,0,30
824,1482,3.50769,228,100,36,0,0,0,1,0,0,0,28
825,1500,3.75385,244,100,34,0,0,0,1,0,0,0,30
826,1464,3.25714,228,100,41,0,0,0,1,0,0,0,28
827,1590,3.87879,256,100,33,0,0,0,2,0,0,0,31
828,1352,3.33333,220,100,38,0,0,0,1,0,0,0,27
829,1390,3.88406,268,100,35,0,0,0,1,0,0,0,33
830,1448,4,268,100,33,0,0,0,1,0,0,0,33
831,1432,3.45455,228,100,37,0,0,0,1,0,0,0,28
832,1204,3.57576,236,100,36,0,0,0,1,0,0,0,29
833,1468,3.02857,212,100,43,0,0,0,1,0,0,0,26
834,1732,3.47059,236,100,38,0,0,0,1,0,0,0,29
835,1810,3.33333,240,100,42,0,0,0,0,0,0,0,30
836,2020,4.06349,256,100,31,0,0,0,0,0,0,0,32
837,1920,4.0597,272,100,33,0,0,0,0,0,0,0,34
838,1494,4,288,100,36,0,0,0,0,0,0,0,36
839,1768,3.53247,272,100,43,0,0,0,0,0,0,0,34
840,1160,4.11429,288,100,34,0,0,0,0,0,0,0,36
841,1282,4,272,100,34,0,0,0,0,0,0,0,34
842,1260,3.80952,240,100,33,0,0,0,0,0,0,0,30
843,1186,4.06557,248,100,30,0,0,0,0,0,0,0,31
844,1058,4.36364,288,100,30,0,0,0,0,0,0,0,36
845,1094,4.25,272,100,30,0,0,0,0,0,0,0,34
846,956,4.31746,272,100,29,0,0,0,0,0,0,0,34
847,914,4.26667,256,100,28,0,0,0,0,0,0,0,32
848,1008,4.63158,264,100,24,0,0,0,0,0,0,0,33
849,988,4.875,312,100,25,0,0,0,0,0,0,0,39
850,1182,3.94203,272,100,35,0,0,0,0,0,0,0,34
851,1216,4.57143,288,100,27,0,0,0,0,0,0,0,36
852,1068,4.44444,280,100,28,0,0,0,0,0,0,0,35
853,848,5.07937,320,100,23,0,0,0,0,0,0,0,40
854,884,4.72131,288,100,25,0,0,0,0,0,0,0,36
855,944,5.11475,312,100,22,0,0,0,0,0,0,0,39
856,992,3.9403,264,100,34,0,0,0,0,0,0,0,33
857,994,4.06154,264,100,32,0,0,0,0,0,0,0,33
858,890,4.3871,272,100,28,0,0,0,0,0,0,0,34
859,856,4.95238,312,100,24,0,0,0,0,0,0,0,39
860,828,4.24242,280,100,31,0,0,0,0,0,0,0,35
861,1086,4.89552,328,100,26,0,0,0,0,0,0,0,41
862,1254,4.8,312,100,26,0,0,0,0,0,0,0,39
863,1282,5.16923,336,100,23,0,0,0,0,0,0,0,42
864,1232,5.36923,349,100,21,0,0,0,0,1,0,0,43
865,1294,5.17391,357,100,24,0,0,0,0,1,0,0,44
866,1216,5.08955,341,100,24,0,0,0,0,1,0,0,42
867,1306,4.41791,296,100,30,0,0,0,0,0,0,0,37
868,1550,4.36364,288,100,30,0,0,0,0,0,0,0,36
869,1520,4.67692,304,100,27,0,0,0,0,0,0,0,38
870,1192,4.72131,288,100,25,0,0,0,0,0,0,0,36
871,1320,5.03226,312,100,23,0,0,0,0,0,0,0,39
872,1188,4.36364,288,100,30,0,0,0,0,0,0,0,36
873,1310,3.63636,240,100,36,0,0,0,0,0,0,0,30
874,1416,4,256,100,32,0,0,0,0,0,0,0,32
875,1314,4.19048,264,100,30,0,0,0,0,0,0,0,33
876,1630,4,248,100,31,0,0,0,0,0,0,0,31
877,1700,4.32787,264,100,28,0,0,0,0,0,0,0,33
878,1502,4.57143,256,100,24,0,0,0,0,0,0,0,32
879,1698,4.74576,280,100,24,0,0,0,0,0,0,0,35
880,1846,4.4,264,100,27,0,0,0,0,0,0,0,33
881,1782,4.47458,264,100,26,0,0,0,0,0,0,0,33
882,1994,5,280,100,21,0,0,0,0,0,0,0,35
883,1756,4.21818,232,100,26,0,0,0,0,0,0,0,29
884,2246,4.13333,248,100,29,0,0,0,0,0,0,0,31
885,2336,4.12121,272,100,32,0,0,0,0,0,0,0,34
886,2056,4.12903,256,100,30,0,0,0,0,0,0,0,32
887,2082,4.47458,264,100,26,0,0,0,0,0,0,0,33
888,1904,4.44444,280,100,28,0,0,0,0,0,0,0,35
889,2014,4.48485,296,100,29,0,0,0,0,0,0,0,37
890,2080,4.375,280,100,29,0,0,0,0,0,0,0,35
891,2140,4.72131,288,100,25,0,0,0,0,0,0,0,36
892,2396,4.47059,304,100,30,0,0,0,0,0,0,0,38
893,2310,4.0597,272,100,33,0,0,0,0,0,0,0,34
894,2260,4.12121,272,100,32,0,0,0,0,0,0,0,34
895,2286,4.5,288,100,28,0,0,0,0,0,0,0,36
896,2112,4.12903,256,100,30,0,0,0,0,0,0,0,32
897,2468,3.8209,256,100,35,0,0,0,0,0,0,0,32
898,2098,3.87097,240,100,32,0,0,0,0,0,0,0,30
899,2284,3.56923,232,100,36,0,0,0,0,0,0,0,29
900,2516,3.39394,224,100,38,0,0,0,0,0,0,0,28
901,2562,3.8209,256,100,35,0,0,0,0,0,0,0,32
902,2246,4.25,272,100,30,0,0,0,0,0,0,0,34
903,2114,3.93651,248,100,32,0,0,0,0,0,0,0,31
904,1954,4.0597,272,100,33,0,0,0,0,0,0,0,34
905,2014,3.58209,240,100,37,0,0,0,0,0,0,0,30
906,2122,3.17647,216,100,41,0,0,0,0,0,0,0,27
907,2124,4.3871,272,100,28,0,0,0,0,0,0,0,34
908,1538,3.14754,192,100,37,0,0,0,0,0,0,0,24
909,1680,3.27273,216,100,39,0,0,0,0,0,0,0,27
910,1542,3.13043,216,100,42,0,0,0,0,0,0,0,27
911,1500,3.0303,200,100,41,0,0,0,0,0,0,0,25
912,1718,3.10448,208,100,41,0,0,0,0,0,0,0,26
913,1676,2.58462,168,100,44,0,0,0,0,0,0,0,21
914,1556,3.40984,208,100,35,0,0,0,0,0,0,0,26
915,1280,3.42857,216,100,36,0,0,0,0,0,0,0,27
916,1276,3.40984,208,100,35,0,0,0,0,0,0,0,26
917,1212,3.52542,208,100,33,0,0,0,0,0,0,0,26
918,1330,3.2,208,100,39,0,0,0,0,0,0,0,26
919,1048,2.66667,184,100,46,0,0,0,0,0,0,0,23
920,1078,2.98507,200,100,42,0,0,0,0,0,0,0,25
921,1016,3.08571,216,100,43,0,0,0,0,0,0,0,27
922,1004,3.76471,256,100,36,0,0,0,0,0,0,0,32
923,1040,4,280,100,35,0,0,0,0,0,0,0,35
924,1064,3.60563,256,100,39,0,0,0,0,0,0,0,32
925,992,3.41176,232,100,39,0,0,0,0,0,0,0,29
926,1078,3.71014,256,100,37,0,0,0,0,0,0,0,32
927,1046,4.43077,288,100,29,0,0,0,0,0,0,0,36
928,1054,4.18462,272,100,31,0,0,0,0,0,0,0,34
929,1160,3.69231,240,100,35,0,0,0,0,0,0,0,30
930,1220,3.15152,208,100,40,0,0,0,0,0,0,0,26
931,1144,3.5,224,100,36,0,0,0,0,0,0,0,28
932,1036,3.125,200,100,39,0,0,0,0,0,0,0,25
933,1170,3.68254,232,100,34,0,0,0,0,0,0,0,29
934,1266,3.75,240,100,34,0,0,0,0,0,0,0,30
935,1090,3.1746,200,100,38,0,0,0,0,0,0,0,25
936,1162,3.69231,240,100,35,0,0,0,0,0,0,0,30
937,1394,4.63492,292,100,26,0,0,0,1,0,0,0,36
938,1036,3.78261,261,100,36,0,0,0,0,1,0,0,32
939,1132,3.46269,232,100,38,0,0,0,0,0,0,0,29
940,1308,3.46269,232,100,38,0,0,0,0,0,0,0,29
941,1064,3.74194,232,100,33,0,0,0,0,0,0,0,29
942,1178,4.3871,272,100,28,0,0,0,0,0,0,0,34
943,894,4.55385,296,100,28,0,0,0,0,0,0,0,37
944,954,3.41176,232,100,39,0,0,0,0,0,0,0,29
945,1044,3.13043,216,100,42,0,0,0,0,0,0,0,27
946,960,3.36232,232,100,40,0,0,0,0,0,0,0,29
947,1022,3.31429,232,100,41,0,0,0,0,0,0,0,29
948,1104,2.43478,168,100,48,0,0,0,0,0,0,0,21
949,1014,2.66667,192,100,48,0,0,0,0,0,0,0,24
950,998,3.69231,240,100,35,0,0,0,0,0,0,0,30
951,928,3.87879,256,100,34,0,0,0,0,0,0,0,32
952,856,3.55556,224,100,35,0,0,0,0,0,0,0,28
953,960,3.9403,264,100,34,0,0,0,0,0,0,0,33
954,1024,3.77143,264,100,37,0,0,0,0,0,0,0,33
955,1038,3.71014,256,100,37,0,0,0,0,0,0,0,32
956,942,3.80952,240,100,33,0,0,0,0,0,0,0,30
957,992,3.75758,248,100,35,0,0,0,0,0,0,0,31
958,1042,3.54286,248,100,39,0,0,0,0,0,0,0,31
959,986,3.70149,248,100,36,0,0,0,0,0,0,0,31
960,902,3.88235,264,100,35,0,0,0,0,0,0,0,33
961,984,4,288,100,36,0,0,0,0,0,0,0,36
962,904,3.83562,280,100,38,0,0,0,0,0,0,0,35
963,992,3.72603,272,100,39,0,0,0,0,0,0,0,34
964,1060,3.26316,248,100,45,0,0,0,0,0,0,0,31
965,1162,3.17808,232,100,44,0,0,0,0,0,0,0,29
966,1072,3.42857,240,100,40,0,0,0,0,0,0,0,30
967,1112,3.94366,280,100,36,0,0,0,0,0,0,0,35
968,1112,3.88889,280,100,37,0,0,0,0,0,0,0,35
969,978,3.78378,280,100,39,0,0,0,0,0,0,0,35
970,1086,4.05634,288,100,35,0,0,0,0,0,0,0,36
971,1114,3.77778,272,100,38,0,0,0,0,0,0,0,34
972,1074,4.29851,288,100,31,0,0,0,0,0,0,0,36
973,1146,4.35294,296,100,31,0,0,0,0,0,0,0,37
974,1264,4.25806,264,100,29,0,0,0,0,0,0,0,33
975,1332,4.66667,280,100,25,0,0,0,0,0,0,0,35
976,1406,4.69841,296,100,26,0,0,0,0,0,0,0,37
977,1148,4.28986,296,100,32,0,0,0,0,0,0,0,37
978,1318,4.23529,288,100,32,0,0,0,0,0,0,0,36
979,1238,4.17391,288,100,33,0,0,0,0,0,0,0,36
980,1374,3.64706,248,100,37,0,0,0,0,0,0,0,31
981,1534,4.58824,312,100,29,0,0,0,0,0,0,0,39
982,1698,4.9697,328,100,25,0,0,0,0,0,0,0,41
983,1762,4.60606,304,100,28,0,0,0,0,0,0,0,38
984,1738,5.21212,344,100,23,0,0,0,0,0,0,0,43
985,1476,4.65672,312,100,28,0,0,0,0,0,0,0,39
986,1514,5.01493,336,100,25,0,0,0,0,0,0,0,42
987,1106,4.1791,280,100,32,0,0,0,0,0,0,0,35
988,1016,3.9403,264,100,34,0,0,0,0,0,0,0,33
989,1126,3.88571,272,100,36,0,0,0,0,0,0,0,34
990,1106,3.77778,272,100,38,0,0,0,0,0,0,0,34
991,1142,3.71014,256,100,37,0,0,0,0,0,0,0,32
992,1158,4.67606,332,100,29,0,0,0,1,0,0,0,41
993,1070,4.53731,304,100,29,0,0,0,0,0,0,0,38
994,1004,4.35294,296,100,31,0,0,0,0,0,0,0,37
995,998,4.43077,288,100,29,0,0,0,0,0,0,0,36
996,876,4.3871,272,100,28,0,0,0,0,0,0,0,34
997,952,4.30769,280,100,30,0,0,0,0,0,0,0,35
998,936,4.75,304,100,26,0,0,0,0,0,0,0,38
999,906,4.19048,264,100,30,0,0,0,0,0,0,0,33
