update,points,mean_tasks,total_tasks,total_orgs,task_0,task_1,task_2,task_3,task_4,task_5,task_6,task_7,task_8
0,0,nan,0,10,0,0,0,0,0,0,0,0,0
1,8,0,0,10,4,0,0,0,0,0,0,0,0
2,12,0,0,10,5,0,0,0,0,0,0,0,0
3,32,1.33333,8,11,5,0,0,0,0,0,0,0,1
4,36,1.14286,8,11,6,0,0,0,0,0,0,0,1
5,40,0,0,11,7,0,0,0,0,0,0,0,0
6,66,2,16,13,6,0,0,0,0,0,0,0,2
7,72,1.77778,16,13,7,0,0,0,0,0,0,0,2
8,76,0.888889,8,13,8,0,0,0,0,0,0,0,1
9,78,0.8,8,13,9,0,0,0,0,0,0,0,1
10,82,0,0,13,10,0,0,0,0,0,0,0,0
11,98,0.8,8,14,9,0,0,0,0,0,0,0,1
12,100,0.8,8,14,9,0,0,0,0,0,0,0,1
13,100,0.8,8,14,9,0,0,0,0,0,0,0,1
14,102,0.8,8,14,9,0,0,0,0,0,0,0,1
15,106,0.8,8,14,9,0,0,0,0,0,0,0,1
16,108,0.8,8,14,9,0,0,0,0,0,0,0,1
17,110,0.8,8,14,9,0,0,0,0,0,0,0,1
18,112,0.8,8,14,9,0,0,0,0,0,0,0,1
19,116,0.8,8,14,9,0,0,0,0,0,0,0,1
20,120,0.8,8,14,9,0,0,0,0,0,0,0,1
21,120,0.8,8,14,9,0,0,0,0,0,0,0,1
22,102,0.8,8,15,9,0,0,0,0,0,0,0,1
23,70,0.727273,8,17,10,0,0,0,0,0,0,0,1
24,74,0.727273,8,17,10,0,0,0,0,0,0,0,1
25,76,0.727273,8,17,10,0,0,0,0,0,0,0,1
26,82,0.666667,8,17,11,0,0,0,0,0,0,0,1
27,90,0.666667,8,17,11,0,0,0,0,0,0,0,1
28,92,0.615385,8,17,12,0,0,0,0,0,0,0,1
29,92,1.23077,16,17,11,0,0,0,0,0,0,0,2
30,94,1.23077,16,17,11,0,0,0,0,0,0,0,2
31,104,1.23077,16,17,11,0,0,0,0,0,0,0,2
32,106,1.23077,16,17,11,0,0,0,0,0,0,0,2
33,108,1.23077,16,17,11,0,0,0,0,0,0,0,2
34,110,0.615385,8,17,12,0,0,0,0,0,0,0,1
35,114,1.23077,16,17,11,0,0,0,0,0,0,0,2
36,122,1.23077,16,17,11,0,0,0,0,0,0,0,2
37,126,1.23077,16,17,11,0,0,0,0,0,0,0,2
38,126,1.23077,16,17,11,0,0,0,0,0,0,0,2
39,132,1.23077,16,17,11,0,0,0,0,0,0,0,2
40,132,1.23077,16,17,11,0,0,0,0,0,0,0,2
41,120,0.615385,8,18,12,0,0,0,0,0,0,0,1
42,122,1.23077,16,18,11,0,0,0,0,0,0,0,2
43,90,1.23077,16,20,11,0,0,0,0,0,0,0,2
44,92,1.14286,16,20,12,0,0,0,0,0,0,0,2
45,96,1.14286,16,20,12,0,0,0,0,0,0,0,2
46,102,1.14286,16,20,12,0,0,0,0,0,0,0,2
47,112,0.571429,8,20,13,0,0,0,0,0,0,0,1
48,110,1.14286,16,20,12,0,0,0,0,0,0,0,2
49,112,1.14286,16,20,12,0,0,0,0,0,0,0,2
50,114,1.14286,16,20,12,0,0,0,0,0,0,0,2
51,122,1.14286,16,20,12,0,0,0,0,0,0,0,2
52,126,1.14286,16,20,12,0,0,0,0,0,0,0,2
53,126,1.14286,16,20,12,0,0,0,0,0,0,0,2
54,132,0.571429,8,20,13,0,0,0,0,0,0,0,1
55,134,1.14286,16,20,12,0,0,0,0,0,0,0,2
56,142,1.14286,16,20,12,0,0,0,0,0,0,0,2
57,124,1.14286,16,21,12,0,0,0,0,0,0,0,2
58,126,1.14286,16,21,12,0,0,0,0,0,0,0,2
59,130,1.14286,16,21,12,0,0,0,0,0,0,0,2
60,134,0.571429,8,21,13,0,0,0,0,0,0,0,1
61,138,1.14286,16,21,12,0,0,0,0,0,0,0,2
62,144,1.14286,16,21,12,0,0,0,0,0,0,0,2
63,128,1.14286,16,22,12,0,0,0,0,0,0,0,2
64,98,1.23077,16,22,11,0,0,0,0,0,0,0,2
65,100,1.14286,16,22,12,0,0,0,0,0,0,0,2
66,106,1.14286,16,22,12,0,0,0,0,0,0,0,2
67,116,0.571429,8,22,13,0,0,0,0,0,0,0,1
68,116,1.14286,16,22,12,0,0,0,0,0,0,0,2
69,120,1.14286,16,22,12,0,0,0,0,0,0,0,2
70,120,1.14286,16,22,12,0,0,0,0,0,0,0,2
71,130,1.14286,16,22,12,0,0,0,0,0,0,0,2
72,134,1.14286,16,22,12,0,0,0,0,0,0,0,2
73,138,0.571429,8,22,13,0,0,0,0,0,0,0,1
74,138,1.14286,16,22,12,0,0,0,0,0,0,0,2
75,146,1.14286,16,22,12,0,0,0,0,0,0,0,2
76,132,1.14286,16,23,12,0,0,0,0,0,0,0,2
77,136,1.14286,16,23,12,0,0,0,0,0,0,0,2
78,138,1.14286,16,23,12,0,0,0,0,0,0,0,2
79,148,1.06667,16,23,13,0,0,0,0,0,0,0,2
80,152,0.533333,8,23,14,0,0,0,0,0,0,0,1
81,158,1.06667,16,23,13,0,0,0,0,0,0,0,2
82,164,1.06667,16,23,13,0,0,0,0,0,0,0,2
83,152,1.06667,16,23,13,0,0,0,0,0,0,0,2
84,156,1.06667,16,23,13,0,0,0,0,0,0,0,2
85,118,1.14286,16,23,12,0,0,0,0,0,0,0,2
86,126,0.533333,8,23,14,0,0,0,0,0,0,0,1
87,134,1.06667,16,23,13,0,0,0,0,0,0,0,2
88,120,0.571429,8,23,13,0,0,0,0,0,0,0,1
89,122,0.571429,8,23,13,0,0,0,0,0,0,0,1
90,124,0.571429,8,23,13,0,0,0,0,0,0,0,1
91,114,0.571429,8,24,13,0,0,0,0,0,0,0,1
92,124,0.533333,8,24,14,0,0,0,0,0,0,0,1
93,128,0.5,8,24,15,0,0,0,0,0,0,0,1
94,146,1,16,25,14,0,0,0,0,0,0,0,2
95,154,1,16,25,14,0,0,0,0,0,0,0,2
96,164,1,16,25,14,0,0,0,0,0,0,0,2
97,170,1,16,25,14,0,0,0,0,0,0,0,2
98,150,0.533333,8,25,14,0,0,0,0,0,0,0,1
99,158,0.533333,8,25,14,0,0,0,0,0,0,0,1
100,164,0.5,8,25,15,0,0,0,0,0,0,0,1
101,170,0.5,8,25,15,0,0,0,0,0,0,0,1
102,178,0.5,8,25,15,0,0,0,0,0,0,0,1
103,166,0.5,8,26,15,0,0,0,0,0,0,0,1
104,172,0.5,8,26,15,0,0,0,0,0,0,0,1
105,178,0.5,8,26,15,0,0,0,0,0,0,0,1
106,148,0.470588,8,27,16,0,0,0,0,0,0,0,1
107,140,0.444444,8,28,17,0,0,0,0,0,0,0,1
108,148,0.421053,8,28,18,0,0,0,0,0,0,0,1
109,156,0.421053,8,28,18,0,0,0,0,0,0,0,1
110,168,0.421053,8,28,18,0,0,0,0,0,0,0,1
111,162,0.421053,8,29,18,0,0,0,0,0,0,0,1
112,164,0.421053,8,29,18,0,0,0,0,0,0,0,1
113,170,0.421053,8,29,18,0,0,0,0,0,0,0,1
114,186,0.4,8,29,19,0,0,0,0,0,0,0,1
115,196,0.4,8,29,19,0,0,0,0,0,0,0,1
116,204,0.4,8,29,19,0,0,0,0,0,0,0,1
117,212,0.4,8,29,19,0,0,0,0,0,0,0,1
118,204,0.4,8,29,19,0,0,0,0,0,0,0,1
119,196,0.4,8,30,19,0,0,0,0,0,0,0,1
120,204,0.380952,8,30,20,0,0,0,0,0,0,0,1
121,196,0.363636,8,31,21,0,0,0,0,0,0,0,1
122,208,0.363636,8,31,21,0,0,0,0,0,0,0,1
123,196,0.380952,8,31,20,0,0,0,0,0,0,0,1
124,210,0.380952,8,31,20,0,0,0,0,0,0,0,1
125,220,0.363636,8,31,21,0,0,0,0,0,0,0,1
126,214,0.363636,8,32,21,0,0,0,0,0,0,0,1
127,190,0.380952,8,32,20,0,0,0,0,0,0,0,1
128,178,0.380952,8,33,20,0,0,0,0,0,0,0,1
129,172,0.363636,8,34,21,0,0,0,0,0,0,0,1
130,188,0.363636,8,34,21,0,0,0,0,0,0,0,1
131,206,0.347826,8,34,22,0,0,0,0,0,0,0,1
132,212,0.347826,8,34,22,0,0,0,0,0,0,0,1
133,204,0.347826,8,34,22,0,0,0,0,0,0,0,1
134,198,0.347826,8,35,22,0,0,0,0,0,0,0,1
135,216,0.333333,8,35,23,0,0,0,0,0,0,0,1
136,210,0.333333,8,36,23,0,0,0,0,0,0,0,1
137,222,0.333333,8,36,23,0,0,0,0,0,0,0,1
138,240,0.32,8,36,24,0,0,0,0,0,0,0,1
139,182,0.347826,8,36,22,0,0,0,0,0,0,0,1
140,194,0.347826,8,36,22,0,0,0,0,0,0,0,1
141,206,0.333333,8,36,23,0,0,0,0,0,0,0,1
142,224,0.333333,8,36,23,0,0,0,0,0,0,0,1
143,236,0.333333,8,36,23,0,0,0,0,0,0,0,1
144,208,0.347826,8,36,22,0,0,0,0,0,0,0,1
145,218,0.347826,8,36,22,0,0,0,0,0,0,0,1
146,214,0.347826,8,36,22,0,0,0,0,0,0,0,1
147,226,0.347826,8,36,22,0,0,0,0,0,0,0,1
148,188,0.380952,8,36,20,0,0,0,0,0,0,0,1
149,174,0.380952,8,36,20,0,0,0,0,0,0,0,1
150,188,0.363636,8,36,21,0,0,0,0,0,0,0,1
151,172,0.380952,8,36,20,0,0,0,0,0,0,0,1
152,164,0.380952,8,37,20,0,0,0,0,0,0,0,1
153,156,0.363636,8,38,21,0,0,0,0,0,0,0,1
154,174,0.363636,8,38,21,0,0,0,0,0,0,0,1
155,188,0.363636,8,38,21,0,0,0,0,0,0,0,1
156,202,0.363636,8,38,21,0,0,0,0,0,0,0,1
157,214,0.347826,8,38,22,0,0,0,0,0,0,0,1
158,230,0.347826,8,38,22,0,0,0,0,0,0,0,1
159,228,0.695652,16,39,21,0,0,0,0,0,0,0,2
160,234,0.695652,16,39,21,0,0,0,0,0,0,0,2
161,242,0.666667,16,39,22,0,0,0,0,0,0,0,2
162,256,0.666667,16,39,22,0,0,0,0,0,0,0,2
163,280,0.32,8,39,24,0,0,0,0,0,0,0,1
164,294,0.32,8,39,24,0,0,0,0,0,0,0,1
165,314,0.64,16,40,23,0,0,0,0,0,0,0,2
166,288,0.666667,16,41,22,0,0,0,0,0,0,0,2
167,262,0.64,16,42,23,0,0,0,0,0,0,0,2
168,278,0.64,16,42,23,0,0,0,0,0,0,0,2
169,244,0.307692,8,42,25,0,0,0,0,0,0,0,1
170,222,0.307692,8,43,25,0,0,0,0,0,0,0,1
171,252,0.551724,16,44,27,0,0,0,0,0,0,0,2
172,280,0.551724,16,44,27,0,0,0,0,0,0,0,2
173,292,0.551724,16,44,27,0,0,0,0,0,0,0,2
174,278,0.571429,16,44,26,0,0,0,0,0,0,0,2
175,270,0.285714,8,44,27,0,0,0,0,0,0,0,1
176,268,0.266667,8,45,29,0,0,0,0,0,0,0,1
177,292,0.533333,16,46,28,0,0,0,0,0,0,0,2
178,288,0.533333,16,46,28,0,0,0,0,0,0,0,2
179,282,0.551724,16,46,27,0,0,0,0,0,0,0,2
180,300,0.533333,16,46,28,0,0,0,0,0,0,0,2
181,288,0.551724,16,46,27,0,0,0,0,0,0,0,2
182,310,0.266667,8,46,29,0,0,0,0,0,0,0,1
183,276,0.275862,8,46,28,0,0,0,0,0,0,0,1
184,254,0.571429,16,47,26,0,0,0,0,0,0,0,2
185,282,0.551724,16,47,27,0,0,0,0,0,0,0,2
186,288,0.533333,16,47,28,0,0,0,0,0,0,0,2
187,246,0.571429,16,47,26,0,0,0,0,0,0,0,2
188,226,0.285714,8,48,27,0,0,0,0,0,0,0,1
189,242,0.258065,8,48,30,0,0,0,0,0,0,0,1
190,292,0.516129,16,48,29,0,0,0,0,0,0,0,2
191,296,0.8,24,49,27,0,0,0,0,0,0,0,3
192,224,0.774194,24,50,28,0,0,0,0,0,0,0,3
193,252,0.705882,24,51,31,0,0,0,0,0,0,0,3
194,320,0.685714,24,51,32,0,0,0,0,0,0,0,3
195,322,0.470588,16,51,32,0,0,0,0,0,0,0,2
196,302,0.705882,24,52,31,0,0,0,0,0,0,0,3
197,328,0.914286,32,53,31,0,0,0,0,0,0,0,4
198,336,0.888889,32,54,32,0,0,0,0,0,0,0,4
199,322,0.457143,16,55,33,0,0,0,0,0,0,0,2
200,294,0.457143,16,56,33,0,0,0,0,0,0,0,2
201,294,0.210526,8,57,37,0,0,0,0,0,0,0,1
202,330,0.2,8,58,39,0,0,0,0,0,0,0,1
203,386,0.631579,24,58,35,0,0,0,0,0,0,0,3
204,382,0.648649,24,60,34,0,0,0,0,0,0,0,3
205,388,0.648649,24,60,34,0,0,0,0,0,0,0,3
206,352,0.842105,32,60,34,0,0,0,0,0,0,0,4
207,394,0.571429,24,60,39,0,0,0,0,0,0,0,3
208,420,0.380952,16,60,40,0,0,0,0,0,0,0,2
209,422,0.4,16,60,38,0,0,0,0,0,0,0,2
210,382,0.8,32,65,36,0,0,0,0,0,0,0,4
211,392,0.930233,40,67,38,0,0,0,0,0,0,0,5
212,444,0.869565,40,67,41,0,0,0,0,0,0,0,5
213,400,0.510638,24,67,44,0,0,0,0,0,0,0,3
214,438,0.340426,16,70,45,0,0,0,0,0,0,0,2
215,400,0.326531,16,72,47,0,0,0,0,0,0,0,2
216,504,0.444444,24,74,51,0,0,0,0,0,0,0,3
217,546,0.470588,24,74,48,0,0,0,0,0,0,0,3
218,566,0.769231,40,76,47,0,0,0,0,0,0,0,5
219,530,0.784314,40,79,46,0,0,0,0,0,0,0,5
220,520,0.561404,32,81,53,0,0,0,0,0,0,0,4
221,544,0.4,24,81,57,0,0,0,0,0,0,0,3
222,574,0.135593,8,82,58,0,0,0,0,0,0,0,1
223,648,0.129032,8,82,61,0,0,0,0,0,0,0,1
224,504,0.285714,16,83,54,0,0,0,0,0,0,0,2
225,584,0.516129,32,85,58,0,0,0,0,0,0,0,4
226,548,0.666667,40,85,55,0,0,0,0,0,0,0,5
227,626,0.597015,40,86,62,0,0,0,0,0,0,0,5
228,522,0.375,24,87,61,0,0,0,0,0,0,0,3
229,564,0.358209,24,87,64,0,0,0,0,0,0,0,3
230,628,0.342857,24,88,67,0,0,0,0,0,0,0,3
231,778,0.342857,24,89,67,0,0,0,0,0,0,0,3
232,590,0.246154,16,90,63,0,0,0,0,0,0,0,2
233,620,0.228571,16,91,68,0,0,0,0,0,0,0,2
234,548,0.115942,8,93,68,0,0,0,0,0,0,0,1
235,694,0.444444,32,94,68,0,0,0,0,0,0,0,4
236,638,0.333333,24,94,69,0,0,0,0,0,0,0,3
237,610,0.328767,24,94,70,0,0,0,0,0,0,0,3
238,600,0.108108,8,95,73,0,0,0,0,0,0,0,1
239,712,0.421053,32,96,72,0,0,0,0,0,0,0,4
240,648,0.438356,32,96,69,0,0,0,0,0,0,0,4
241,636,0.324324,24,96,71,0,0,0,0,0,0,0,3
242,588,0.219178,16,96,71,0,0,0,0,0,0,0,2
243,646,0.311688,24,97,74,0,0,0,0,0,0,0,3
244,698,0.3,24,98,77,0,0,0,0,0,0,0,3
245,714,0.415584,32,98,73,0,0,0,0,0,0,0,4
246,594,0.767123,56,98,66,0,0,0,0,0,0,0,7
247,698,0.756757,56,98,67,0,0,0,0,0,0,0,7
248,698,0.96,72,98,66,0,0,0,0,0,0,0,9
249,740,0.526316,40,98,71,0,0,0,0,0,0,0,5
250,566,0.64,48,98,69,0,0,0,0,0,0,0,6
251,614,0.623377,48,98,71,0,0,0,0,0,0,0,6
252,656,0.717949,56,99,71,0,0,0,0,0,0,0,7
253,694,0.607595,48,99,73,0,0,0,0,0,0,0,6
254,574,0.533333,40,99,70,0,0,0,0,0,0,0,5
255,620,0.519481,40,99,72,0,0,0,0,0,0,0,5
256,624,0.615385,48,99,72,0,0,0,0,0,0,0,6
257,630,0.615385,48,99,72,0,0,0,0,0,0,0,6
258,526,0.631579,48,99,70,0,0,0,0,0,0,0,6
259,622,0.820513,64,99,70,0,0,0,0,0,0,0,8
260,672,0.831169,64,99,69,0,0,0,0,0,0,0,8
261,702,0.756757,56,100,67,0,0,0,0,0,0,0,7
262,580,0.533333,40,100,70,0,0,0,0,0,0,0,5
263,712,0.385542,32,100,79,0,0,0,0,0,0,0,4
264,742,0.506329,40,100,74,0,0,0,0,0,0,0,5
265,780,0.727273,56,100,70,0,0,0,0,0,0,0,7
266,618,0.853333,64,100,67,0,0,0,0,0,0,0,8
267,702,0.708861,56,100,72,0,0,0,0,0,0,0,7
268,782,0.585366,48,100,76,0,0,0,0,0,0,0,6
269,844,0.395062,32,100,77,0,0,0,0,0,0,0,4
270,754,0.736842,56,100,69,0,0,0,0,0,0,0,7
271,710,0.410256,32,100,74,0,0,0,0,0,0,0,4
272,636,0.8,56,100,63,0,0,0,0,0,0,0,7
273,706,0.426667,32,100,71,0,0,0,0,0,0,0,4
274,814,0.623377,48,100,71,0,0,0,0,0,0,0,6
275,736,1.12676,80,100,61,0,0,0,0,0,0,0,10
276,616,1.02857,72,100,61,0,0,0,0,0,0,0,9
277,686,0.876712,64,100,65,0,0,0,0,0,0,0,8
278,720,0.831169,64,100,69,0,0,0,0,0,0,0,8
279,832,0.717949,56,100,71,0,0,0,0,0,0,0,7
280,734,0.788732,56,100,64,0,0,0,0,0,0,0,7
281,848,1.12821,88,100,67,0,0,0,0,0,0,0,11
282,866,0.911392,72,100,70,0,0,0,0,0,0,0,9
283,896,1.24675,96,100,65,0,0,0,0,0,0,0,12
284,958,1.22222,88,100,61,0,0,0,0,0,0,0,11
285,916,1.09589,80,100,63,0,0,0,0,0,0,0,10
286,880,1.02857,72,100,61,0,0,0,0,0,0,0,9
287,976,1.44444,104,100,59,0,0,0,0,0,0,0,13
288,820,1.41176,96,100,56,0,0,0,0,0,0,0,12
289,894,1.36842,104,100,63,0,0,0,0,0,0,0,13
290,816,1.80282,128,100,55,0,0,0,0,0,0,0,16
291,856,1.31507,96,100,61,0,0,0,0,0,0,0,12
292,902,1.36842,104,100,63,0,0,0,0,0,0,0,13
293,924,1.33333,104,100,65,0,0,0,0,0,0,0,13
294,852,1.77333,133,100,58,0,0,0,0,1,0,0,16
295,792,2.01351,149,100,55,0,0,0,0,1,0,0,18
296,752,2.15068,157,100,53,0,0,0,0,1,0,0,19
297,782,2.35065,181,100,54,0,0,0,0,1,0,0,22
298,744,2.22973,165,100,53,0,0,0,0,1,0,0,20
299,916,2.62667,197,100,50,0,0,0,0,1,0,0,24
300,778,2.35714,165,100,49,0,0,0,0,1,0,0,20
301,792,2.44444,176,100,50,0,0,0,0,0,0,0,22
302,902,2.52055,184,100,50,0,0,0,0,0,0,0,23
303,856,2.58824,176,100,46,0,0,0,0,0,0,0,22
304,842,1.40845,100,100,58,0,0,0,1,0,0,0,12
305,872,2.33333,168,100,51,0,0,0,0,0,0,0,21
306,860,2.83077,184,100,42,0,0,0,0,0,0,0,23
307,834,2.94118,200,100,43,0,0,0,0,0,0,0,25
308,762,3.29851,221,100,39,0,0,0,0,1,0,0,27
309,856,3.04286,213,100,43,0,0,0,0,1,0,0,26
310,964,3.33333,240,100,42,0,0,0,0,0,0,0,30
311,1024,3.09333,232,100,46,0,0,0,0,0,0,0,29
312,1048,3.04225,216,100,44,0,0,0,0,0,0,0,27
313,966,2.70588,184,100,45,0,0,0,0,0,0,0,23
314,992,3.46269,232,100,38,0,0,0,0,0,0,0,29
315,944,3.8806,260,100,34,0,0,0,1,0,0,0,32
316,764,3.27273,216,100,39,0,0,0,0,0,0,0,27
317,768,3.44615,224,100,37,0,0,0,0,0,0,0,28
318,910,3.10448,208,100,41,0,0,0,0,0,0,0,26
319,720,3.30159,208,100,37,0,0,0,0,0,0,0,26
320,844,3.04225,216,100,44,0,0,0,0,0,0,0,27
321,834,3.04225,216,100,44,0,0,0,0,0,0,0,27
322,906,2.98667,224,100,47,0,0,0,0,0,0,0,28
323,898,3.15152,208,100,40,0,0,0,0,0,0,0,26
324,830,2.86567,192,100,43,0,0,0,0,0,0,0,24
325,888,2.91892,216,100,47,0,0,0,0,0,0,0,27
326,1036,2.84932,208,100,47,0,0,0,0,0,0,0,26
327,872,3.32308,216,100,38,0,0,0,0,0,0,0,27
328,878,3.44444,248,100,41,0,0,0,0,0,0,0,31
329,910,3.60563,256,100,39,0,0,0,0,0,0,0,32
330,870,3.66667,264,100,39,0,0,0,0,0,0,0,33
331,910,2.81081,208,100,48,0,0,0,0,0,0,0,26
332,1092,2.7027,200,100,49,0,0,0,0,0,0,0,25
333,878,3.06849,224,100,45,0,0,0,0,0,0,0,28
334,1016,3.33333,240,100,42,0,0,0,0,0,0,0,30
335,912,2.47887,176,100,49,0,0,0,0,0,0,0,22
336,1050,3.54286,248,100,39,0,0,0,0,0,0,0,31
337,1056,4.06349,256,100,31,0,0,0,0,0,0,0,32
338,946,2.83077,184,100,42,0,0,0,0,0,0,0,23
339,1018,3.27273,216,100,39,0,0,0,0,0,0,0,27
340,874,2.70423,192,100,47,0,0,0,0,0,0,0,24
341,828,2.92958,208,100,45,0,0,0,0,0,0,0,26
342,810,3,192,100,40,0,0,0,0,0,0,0,24
343,840,3.13043,216,100,42,0,0,0,0,0,0,0,27
344,780,2.62687,176,100,45,0,0,0,0,0,0,0,22
345,834,2.27027,168,100,53,0,0,0,0,0,0,0,21
346,834,2.42105,184,100,53,0,0,0,0,0,0,0,23
347,850,2.49351,192,100,53,0,0,0,0,0,0,0,24
348,852,2.63158,200,100,51,0,0,0,0,0,0,0,25
349,930,2.83544,224,100,51,0,0,0,0,0,0,0,28
350,930,2.91892,216,100,47,0,0,0,0,0,0,0,27
351,864,2.73973,200,100,48,0,0,0,0,0,0,0,25
352,872,2.62857,184,100,47,0,0,0,0,0,0,0,23
353,910,3.11111,224,100,44,0,0,0,0,0,0,0,28
354,940,2.7027,200,100,49,0,0,0,0,0,0,0,25
355,938,2.73973,200,100,48,0,0,0,0,0,0,0,25
356,944,2.08219,152,100,54,0,0,0,0,0,0,0,19
357,974,2.27027,168,100,53,0,0,0,0,0,0,0,21
358,1002,1.74359,136,100,61,0,0,0,0,0,0,0,17
359,922,1.94595,144,100,56,0,0,0,0,0,0,0,18
360,924,2.22222,160,100,52,0,0,0,0,0,0,0,20
361,862,1.78947,136,100,59,0,0,0,0,0,0,0,17
362,1006,1.92405,152,100,60,0,0,0,0,0,0,0,19
363,996,1.87013,144,100,59,0,0,0,0,0,0,0,18
364,1000,1.17333,88,100,64,0,0,0,0,0,0,0,11
365,1008,1.62162,120,100,59,0,0,0,0,0,0,0,15
366,1046,2.07792,160,100,57,0,0,0,0,0,0,0,20
367,1074,2.10526,160,100,56,0,0,0,0,0,0,0,20
368,1074,1.94872,152,100,59,0,0,0,0,0,0,0,19
369,978,1.92,144,100,57,0,0,0,0,0,0,0,18
370,952,1.76623,136,100,60,0,0,0,0,0,0,0,17
371,950,1.62025,128,100,63,0,0,0,0,0,0,0,16
372,992,1.4,112,100,66,0,0,0,0,0,0,0,14
373,932,1.01266,80,100,69,0,0,0,0,0,0,0,10
374,1004,1.58025,128,100,65,0,0,0,0,0,0,0,16
375,936,1.92405,152,100,60,0,0,0,0,0,0,0,19
376,976,2.7013,208,100,51,0,0,0,0,0,0,0,26
377,964,2.07792,160,100,57,0,0,0,0,0,0,0,20
378,970,1.77778,144,100,63,0,0,0,0,0,0,0,18
379,922,1.94595,144,100,56,0,0,0,0,0,0,0,18
380,996,2.56,192,100,51,0,0,0,0,0,0,0,24
381,944,2.73684,208,100,50,0,0,0,0,0,0,0,26
382,996,2.81081,208,100,48,0,0,0,0,0,0,0,26
383,986,2.5974,200,100,52,0,0,0,0,0,0,0,25
384,878,2.59459,192,100,50,0,0,0,0,0,0,0,24
385,818,3.24638,224,100,41,0,0,0,0,0,0,0,28
386,840,3.61644,264,100,40,0,0,0,0,0,0,0,33
387,966,3.30667,248,100,44,0,0,0,0,0,0,0,31
388,962,3.11111,224,100,44,0,0,0,0,0,0,0,28
389,904,3.5,252,100,40,0,0,0,1,0,0,0,31
390,978,3.17808,232,100,44,0,0,0,0,0,0,0,29
391,968,3.42857,240,100,40,0,0,0,0,0,0,0,30
392,1010,3.01449,208,100,43,0,0,0,0,0,0,0,26
393,898,3.29412,224,100,40,0,0,0,0,0,0,0,28
394,836,4,264,100,33,0,0,0,0,0,0,0,33
395,860,3.58209,240,100,37,0,0,0,0,0,0,0,30
396,896,3.26761,232,100,42,0,0,0,0,0,0,0,29
397,974,3.28767,240,100,43,0,0,0,0,0,0,0,30
398,1120,3.38462,264,100,45,0,0,0,0,0,0,0,33
399,1132,2.98667,224,100,47,0,0,0,0,0,0,0,28
400,1140,2.74627,184,100,44,0,0,0,0,0,0,0,23
401,938,3.51515,232,100,37,0,0,0,0,0,0,0,29
402,988,4.0597,272,100,33,0,0,0,0,0,0,0,34
403,1018,3.66667,264,100,39,0,0,0,0,0,0,0,33
404,1130,2.89855,200,100,44,0,0,0,0,0,0,0,25
405,988,4.57143,288,100,27,0,0,0,0,0,0,0,36
406,1016,4.68966,272,100,24,0,0,0,0,0,0,0,34
407,866,4.72131,288,100,25,0,0,0,0,0,0,0,36
408,934,3.93651,248,100,32,0,0,0,0,0,0,0,31
409,856,4.12903,256,100,30,0,0,0,0,0,0,0,32
410,852,4.33898,256,100,27,0,0,0,0,0,0,0,32
411,880,3.67213,224,100,33,0,0,0,0,0,0,0,28
412,924,4.06154,264,100,32,0,0,0,0,0,0,0,33
413,986,3.9403,264,100,34,0,0,0,0,0,0,0,33
414,950,4.18462,272,100,31,0,0,0,0,0,0,0,34
415,852,3.93846,256,100,33,0,0,0,0,0,0,0,32
416,960,4.9697,328,100,25,0,0,0,0,0,0,0,41
417,1088,4.43939,293,100,29,0,0,0,0,1,0,0,36
418,1000,4.01587,253,100,31,0,0,0,0,1,0,0,31
419,1046,3.375,216,100,37,0,0,0,0,0,0,0,27
420,954,3.09677,192,100,38,0,0,0,0,0,0,0,24
421,944,4.20339,248,100,28,0,0,0,0,0,0,0,31
422,796,4.85714,272,100,22,0,0,0,0,0,0,0,34
423,900,4.26667,256,100,28,0,0,0,0,0,0,0,32
424,982,5.10345,296,100,21,0,0,0,0,0,0,0,37
425,890,5.42857,304,100,18,0,0,0,0,0,0,0,38
426,1036,4.95238,312,100,24,0,0,0,0,0,0,0,39
427,1080,5.24138,304,100,20,0,0,0,0,0,0,0,38
428,1218,4.4058,304,100,31,0,0,0,0,0,0,0,38
429,1152,4,280,100,35,0,0,0,0,0,0,0,35
430,1108,4,288,100,36,0,0,0,0,0,0,0,36
431,1016,4.41791,296,100,30,0,0,0,0,0,0,0,37
432,950,4.48485,296,100,29,0,0,0,0,0,0,0,37
433,1016,4.52174,312,100,30,0,0,0,0,0,0,0,39
434,1086,4.72727,312,100,27,0,0,0,0,0,0,0,39
435,966,4.63768,320,100,29,0,0,0,0,0,0,0,40
436,840,4.8,312,100,26,0,0,0,0,0,0,0,39
437,794,4.95238,312,100,24,0,0,0,0,0,0,0,39
438,756,5.06667,304,100,22,0,0,0,0,0,0,0,38
439,888,5.16923,336,100,23,0,0,0,0,0,0,0,42
440,866,5,320,100,24,0,0,0,0,0,0,0,40
441,918,4.92308,320,100,25,0,0,0,0,0,0,0,40
442,906,5.5082,336,100,19,0,0,0,0,0,0,0,42
443,950,4.77419,296,100,25,0,0,0,0,0,0,0,37
444,968,4.06557,248,100,30,0,0,0,0,0,0,0,31
445,942,4.13333,248,100,29,0,0,0,0,0,0,0,31
446,996,4.32787,264,100,28,0,0,0,0,0,0,0,33
447,952,4.13793,240,100,28,0,0,0,0,0,0,0,30
448,836,3.9322,232,100,30,0,0,0,0,0,0,0,29
449,888,4.43077,288,100,29,0,0,0,0,0,0,0,36
450,880,4.2,252,100,28,0,0,0,1,0,0,0,31
451,910,4.25806,264,100,29,0,0,0,0,0,0,0,33
452,878,3.81538,248,100,34,0,0,0,0,0,0,0,31
453,986,4.72131,288,100,25,0,0,0,0,0,0,0,36
454,1034,4.24242,280,100,31,0,0,0,0,0,0,0,35
455,1204,3.88235,264,100,35,0,0,0,0,0,0,0,33
456,1022,4.19048,264,100,30,0,0,0,0,0,0,0,33
457,1082,4.41791,296,100,30,0,0,0,0,0,0,0,37
458,1116,4.12121,272,100,32,0,0,0,0,0,0,0,34
459,1032,3.49296,248,100,40,0,0,0,0,0,0,0,31
460,1130,3.88889,280,100,37,0,0,0,0,0,0,0,35
461,1244,3.77778,272,100,38,0,0,0,0,0,0,0,34
462,1100,3.76471,256,100,36,0,0,0,0,0,0,0,32
463,1256,3.89189,288,100,38,0,0,0,0,0,0,0,36
464,1256,3.94366,280,100,36,0,0,0,0,0,0,0,35
465,1042,3.5942,248,100,38,0,0,0,0,0,0,0,31
466,974,3.87879,256,100,34,0,0,0,0,0,0,0,32
467,1076,3.41176,232,100,39,0,0,0,0,0,0,0,29
468,1042,4.67692,304,100,27,0,0,0,0,0,0,0,38
469,932,4.22857,296,100,33,0,0,0,0,0,0,0,37
470,1120,4.05479,296,100,36,0,0,0,0,0,0,0,37
471,1140,3.83562,280,100,38,0,0,0,0,0,0,0,35
472,1032,3.41176,232,100,39,0,0,0,0,0,0,0,29
473,1106,3.77778,272,100,38,0,0,0,0,0,0,0,34
474,1018,3.30667,248,100,44,0,0,0,0,0,0,0,31
475,1008,3.88571,272,100,36,0,0,0,0,0,0,0,34
476,962,3.71014,256,100,37,0,0,0,0,0,0,0,32
477,1098,4.28986,296,100,32,0,0,0,0,0,0,0,37
478,1016,4.22222,304,100,34,0,0,0,0,0,0,0,38
479,1002,3.94366,280,100,36,0,0,0,0,0,0,0,35
480,1086,4.82353,328,100,27,0,0,0,0,0,0,0,41
481,1044,4.63768,320,100,29,0,0,0,0,0,0,0,40
482,1208,5.1831,368,100,25,0,0,0,0,0,0,0,46
483,1088,4.05797,280,100,34,0,0,0,0,0,0,0,35
484,1134,4.43077,288,100,29,0,0,0,0,0,0,0,36
485,1172,4.43077,288,100,29,0,0,0,0,0,0,0,36
486,1046,4.51613,280,100,27,0,0,0,0,0,0,0,35
487,1238,4.55385,296,100,28,0,0,0,0,0,0,0,37
488,1384,4.05797,280,100,34,0,0,0,0,0,0,0,35
489,1374,4.35294,296,100,31,0,0,0,0,0,0,0,37
490,1378,4.24242,280,100,31,0,0,0,0,0,0,0,35
491,1522,4.22857,296,100,33,0,0,0,0,0,0,0,37
492,1302,4.05797,280,100,34,0,0,0,0,0,0,0,35
493,1176,3.94203,272,100,35,0,0,0,0,0,0,0,34
494,1258,4.24242,280,100,31,0,0,0,0,0,0,0,35
495,1430,4.1791,280,100,32,0,0,0,0,0,0,0,35
496,1210,4.43077,288,100,29,0,0,0,0,0,0,0,36
497,1252,4.47059,304,100,30,0,0,0,0,0,0,0,38
498,1046,4.19672,256,100,29,0,0,0,0,0,0,0,32
499,1058,4.18462,272,100,31,0,0,0,0,0,0,0,34
500,1124,4.41791,296,100,30,0,0,0,0,0,0,0,37
501,998,5.57143,312,100,17,0,0,0,0,0,0,0,39
502,1114,5.20635,328,100,22,0,0,0,0,0,0,0,41
503,1268,5.125,328,100,23,0,0,0,0,0,0,0,41
504,1214,4.5,288,100,28,0,0,0,0,0,0,0,36
505,1260,4.53731,304,100,29,0,0,0,0,0,0,0,38
506,1404,3.875,248,100,33,0,0,0,0,0,0,0,31
507,1558,3.93443,240,100,31,0,0,0,0,0,0,0,30
508,1518,3.81538,248,100,34,0,0,0,0,0,0,0,31
509,1780,4.11765,280,100,33,0,0,0,0,0,0,0,35
510,1474,4.28986,296,100,32,0,0,0,0,0,0,0,37
511,1346,3.42857,240,100,40,0,0,0,0,0,0,0,30
512,1426,4.48485,296,100,29,0,0,0,0,0,0,0,37
513,1342,5.04615,328,100,24,0,0,0,0,0,0,0,41
514,1478,5.25373,352,100,23,0,0,0,0,0,0,0,44
515,1372,4.72727,312,100,27,0,0,0,0,0,0,0,39
516,1324,4.625,296,100,27,0,0,0,0,0,0,0,37
517,1184,4.06349,256,100,31,0,0,0,0,0,0,0,32
518,1214,4.44444,280,100,28,0,0,0,0,0,0,0,35
519,1034,4.43077,288,100,29,0,0,0,0,0,0,0,36
520,1084,3.9403,264,100,34,0,0,0,0,0,0,0,33
521,1154,3.875,248,100,33,0,0,0,0,0,0,0,31
522,1122,4.32787,264,100,28,0,0,0,0,0,0,0,33
523,986,4.3871,272,100,28,0,0,0,0,0,0,0,34
524,846,4.19048,264,100,30,0,0,0,0,0,0,0,33
525,976,3.56923,232,100,36,0,0,0,0,0,0,0,29
526,1076,3.93846,256,100,33,0,0,0,0,0,0,0,32
527,1132,4.44444,280,100,28,0,0,0,0,0,0,0,35
528,1126,4.19048,264,100,30,0,0,0,0,0,0,0,33
529,1288,3.82609,264,100,36,0,0,0,0,0,0,0,33
530,1404,3.10448,208,100,41,0,0,0,0,0,0,0,26
531,1444,3.27869,200,100,36,0,0,0,0,0,0,0,25
532,1492,4.0678,240,100,29,0,0,0,0,0,0,0,30
533,1670,3.94118,268,100,34,0,0,0,1,0,0,0,33
534,1716,4.25,272,100,30,0,0,0,0,0,0,0,34
535,1456,4.13793,240,100,28,0,0,0,0,0,0,0,30
536,1446,4.44444,280,100,28,0,0,0,0,0,0,0,35
537,1174,4.13333,248,100,29,0,0,0,0,0,0,0,31
538,1072,4.26667,256,100,28,0,0,0,0,0,0,0,32
539,1242,4.66667,280,100,25,0,0,0,0,0,0,0,35
540,1190,4.36364,288,100,30,0,0,0,0,0,0,0,36
541,1206,3.76471,256,100,36,0,0,0,0,0,0,0,32
542,1138,3.81538,248,100,34,0,0,0,0,0,0,0,31
543,1118,4.25,272,100,30,0,0,0,0,0,0,0,34
544,1268,4.11429,288,100,34,0,0,0,0,0,0,0,36
545,1186,3.6,252,100,38,0,0,0,1,0,0,0,31
546,1214,3.38028,240,100,41,0,0,0,0,0,0,0,30
547,1074,3.22388,216,100,40,0,0,0,0,0,0,0,27
548,1104,3.71831,264,100,38,0,0,0,0,0,0,0,33
549,1074,3.77778,272,100,38,0,0,0,0,0,0,0,34
550,1154,3.70149,248,100,36,0,0,0,0,0,0,0,31
551,1048,3.93443,240,100,31,0,0,0,0,0,0,0,30
552,1170,4.36364,288,100,30,0,0,0,0,0,0,0,36
553,1288,3.41176,232,100,39,0,0,0,0,0,0,0,29
554,1374,3.60563,256,100,39,0,0,0,0,0,0,0,32
555,1182,3.54098,216,100,34,0,0,0,0,0,0,0,27
556,1240,3.25,208,100,38,0,0,0,0,0,0,0,26
557,1308,3.33333,240,100,42,0,0,0,0,0,0,0,30
558,1576,3.50685,256,100,41,0,0,0,0,0,0,0,32
559,1424,3.17647,216,100,41,0,0,0,0,0,0,0,27
560,1446,3.47826,240,100,39,0,0,0,0,0,0,0,30
561,1600,3.61111,260,100,39,0,0,0,1,0,0,0,32
562,1846,3.60563,256,100,39,0,0,0,0,0,0,0,32
563,1536,4.55385,296,100,28,0,0,0,0,0,0,0,37
564,1650,4.53731,304,100,29,0,0,0,0,0,0,0,38
565,1556,3.88571,272,100,36,0,0,0,0,0,0,0,34
566,1634,3.93846,256,100,33,0,0,0,0,0,0,0,32
567,1206,3.56923,232,100,36,0,0,0,0,0,0,0,29
568,1356,4,256,100,32,0,0,0,0,0,0,0,32
569,1456,4.60606,304,100,28,0,0,0,0,0,0,0,38
570,1530,5.41935,336,100,20,0,0,0,0,0,0,0,42
571,1610,5.43396,288,100,17,0,0,0,0,0,0,0,36
572,1852,5.61404,320,100,17,0,0,0,0,0,0,0,40
573,1648,5.42857,304,100,18,0,0,0,0,0,0,0,38
574,1230,5.57143,312,100,17,0,0,0,0,0,0,0,39
575,1192,5.75439,328,100,16,0,0,0,0,0,0,0,41
576,1492,5.89474,336,100,15,0,0,0,0,0,0,0,42
577,1588,5.7931,336,100,16,0,0,0,0,0,0,0,42
578,1434,5.06667,304,100,22,0,0,0,0,0,0,0,38
579,1590,5.63934,344,100,18,0,0,0,0,0,0,0,43
580,1646,6,360,100,15,0,0,0,0,0,0,0,45
581,1530,6,312,100,13,0,0,0,0,0,0,0,39
582,1210,5.92,296,100,13,0,0,0,0,0,0,0,37
583,1420,6.17544,352,100,13,0,0,0,0,0,0,0,44
584,1592,6.92308,360,100,7,0,0,0,0,0,0,0,45
585,1290,5.93103,344,100,15,0,0,0,0,0,0,0,43
586,1294,5.37931,312,100,19,0,0,0,0,0,0,0,39
587,1502,6.03509,344,100,14,0,0,0,0,0,0,0,43
588,1684,6.06897,352,100,14,0,0,0,0,0,0,0,44
589,1560,5.80645,360,100,17,0,0,0,0,0,0,0,45
590,1644,5.46667,328,100,19,0,0,0,0,0,0,0,41
591,1274,5.33333,304,100,19,0,0,0,0,0,0,0,38
592,1144,5.85714,328,100,15,0,0,0,0,0,0,0,41
593,1130,5.9661,352,100,15,0,0,0,0,0,0,0,44
594,1128,5.83051,344,100,16,0,0,0,0,0,0,0,43
595,1272,5.9375,380,100,16,0,0,0,1,0,0,0,47
596,1286,6.19355,384,100,14,0,0,0,0,0,0,0,48
597,1250,5.71429,360,100,18,0,0,0,0,0,0,0,45
598,1328,5.14286,324,100,22,0,0,0,1,0,0,0,40
599,1100,5.93103,344,100,15,0,0,0,0,0,0,0,43
600,1088,4.66667,280,100,25,0,0,0,0,0,0,0,35
601,1236,5.63934,344,100,18,0,0,0,0,0,0,0,43
602,1500,5.67742,352,100,18,0,0,0,0,0,0,0,44
603,1756,5.57576,368,100,20,0,0,0,0,0,0,0,46
604,1358,4.33898,256,100,27,0,0,0,0,0,0,0,32
605,1342,5.07937,320,100,23,0,0,0,0,0,0,0,40
606,1368,5.12281,292,100,20,0,0,0,1,0,0,0,36
607,1736,5.5,352,100,20,0,0,0,0,0,0,0,44
608,1264,5.15254,304,100,21,0,0,0,0,0,0,0,38
609,1570,5.5082,336,100,19,0,0,0,0,0,0,0,42
610,1658,5.9661,352,100,15,0,0,0,0,0,0,0,44
611,1702,5.69492,336,100,17,0,0,0,0,0,0,0,42
612,1696,5.77049,352,100,17,0,0,0,0,0,0,0,44
613,1626,5.83051,344,100,16,0,0,0,0,0,0,0,43
614,1482,5.33333,320,100,20,0,0,0,0,0,0,0,40
615,1524,5.29032,328,100,21,0,0,0,0,0,0,0,41
616,1392,5.33333,336,100,21,0,0,0,0,0,0,0,42
617,1578,5.20635,328,100,22,0,0,0,0,0,0,0,41
618,1352,5.49254,368,100,21,0,0,0,0,0,0,0,46
619,1132,6.27692,408,100,14,0,0,0,0,0,0,0,51
620,1338,5.98361,365,100,15,0,0,0,0,1,0,0,45
621,1350,6.2069,360,100,13,0,0,0,0,0,0,0,45
622,1352,5.61404,320,100,17,0,0,0,0,0,0,0,40
623,1272,5.65517,328,100,17,0,0,0,0,0,0,0,41
624,1250,5.5082,336,100,19,0,0,0,0,0,0,0,42
625,1526,5.80645,360,100,17,0,0,0,0,0,0,0,45
626,1712,6.18868,328,100,12,0,0,0,0,0,0,0,41
627,942,4.98113,264,100,20,0,0,0,0,0,0,0,33
628,1024,5.62963,304,100,16,0,0,0,0,0,0,0,38
629,980,5.07692,264,100,19,0,0,0,0,0,0,0,33
630,1166,5.10345,296,100,21,0,0,0,0,0,0,0,37
631,1386,6.26667,376,100,13,0,0,0,0,0,0,0,47
632,1292,5.51724,320,100,18,0,0,0,0,0,0,0,40
633,1426,5.46667,328,100,19,0,0,0,0,0,0,0,41
634,1626,5.24138,304,100,20,0,0,0,0,0,0,0,38
635,1196,5.48148,296,100,17,0,0,0,0,0,0,0,37
636,1340,5.37705,328,100,20,0,0,0,0,0,0,0,41
637,1362,5.37931,312,100,19,0,0,0,0,0,0,0,39
638,1332,5.9661,352,100,15,0,0,0,0,0,0,0,44
639,1442,5.33333,304,100,19,0,0,0,0,0,0,0,38
640,1486,5.93103,344,100,15,0,0,0,0,0,0,0,43
641,1434,5.5082,336,100,19,0,0,0,0,0,0,0,42
642,1280,5.37931,312,100,19,0,0,0,0,0,0,0,39
643,1680,5.41935,336,100,20,0,0,0,0,0,0,0,42
644,1734,4.77419,296,100,25,0,0,0,0,0,0,0,37
645,1708,5.10345,296,100,21,0,0,0,0,0,0,0,37
646,1780,5.37931,312,100,19,0,0,0,0,0,0,0,39
647,1430,4.41379,256,100,26,0,0,0,0,0,0,0,32
648,1512,4.06557,248,100,30,0,0,0,0,0,0,0,31
649,1328,4.55172,264,100,25,0,0,0,0,0,0,0,33
650,1332,4.53333,272,100,26,0,0,0,0,0,0,0,34
651,1292,4.57143,288,100,27,0,0,0,0,0,0,0,36
652,1180,4.125,264,100,31,0,0,0,0,0,0,0,33
653,962,3.63636,240,100,36,0,0,0,0,0,0,0,30
654,870,4.18462,272,100,31,0,0,0,0,0,0,0,34
655,1106,4.375,280,100,29,0,0,0,0,0,0,0,35
656,934,3.93443,240,100,31,0,0,0,0,0,0,0,30
657,1056,3.58209,240,100,37,0,0,0,0,0,0,0,30
658,1206,3.80328,232,100,32,0,0,0,0,0,0,0,29
659,1172,3.6,216,100,33,0,0,0,0,0,0,0,27
660,1190,3.31034,192,100,34,0,0,0,0,0,0,0,24
661,1256,3.80328,232,100,32,0,0,0,0,0,0,0,29
662,1406,3.04762,192,100,39,0,0,0,0,0,0,0,24
663,1576,3.0303,200,100,41,0,0,0,0,0,0,0,25
664,1538,2.5,160,100,44,0,0,0,0,0,0,0,20
665,1554,2.625,168,100,43,0,0,0,0,0,0,0,21
666,1108,2.36066,144,100,43,0,0,0,0,0,0,0,18
667,1254,2.875,184,100,41,0,0,0,0,0,0,0,23
668,1380,2.66667,160,100,40,0,0,0,0,0,0,0,20
669,1180,2.44068,144,100,41,0,0,0,0,0,0,0,18
670,1246,2.4127,152,100,44,0,0,0,0,0,0,0,19
671,1164,1.77778,112,100,49,0,0,0,0,0,0,0,14
672,1168,1.41176,96,100,56,0,0,0,0,0,0,0,12
673,1102,1.96923,128,100,49,0,0,0,0,0,0,0,16
674,1094,2.03175,128,100,47,0,0,0,0,0,0,0,16
675,1026,2.03175,128,100,47,0,0,0,0,0,0,0,16
676,820,2.09836,128,100,45,0,0,0,0,0,0,0,16
677,946,2.66129,165,100,41,0,0,0,0,1,0,0,20
678,890,3.04762,192,100,39,0,0,0,0,0,0,0,24
679,844,3.14754,192,100,37,0,0,0,0,0,0,0,24
680,890,3.74194,232,100,33,0,0,0,0,0,0,0,29
681,928,3.41935,212,100,35,0,0,0,1,0,0,0,26
682,1070,3.875,248,100,33,0,0,0,0,0,0,0,31
683,1090,4,256,100,32,0,0,0,0,0,0,0,32
684,1132,4.125,264,100,31,0,0,0,0,0,0,0,33
685,1126,4,264,100,33,0,0,0,0,0,0,0,33
686,1122,4,264,100,33,0,0,0,0,0,0,0,33
687,978,4.06349,256,100,31,0,0,0,0,0,0,0,32
688,1006,4.19672,256,100,29,0,0,0,0,0,0,0,32
689,1082,4.06349,256,100,31,0,0,0,0,0,0,0,32
690,1032,4.69841,296,100,26,0,0,0,0,0,0,0,37
691,1108,4.65672,312,100,28,0,0,0,0,0,0,0,39
692,984,3.87879,256,100,34,0,0,0,0,0,0,0,32
693,1050,3.56923,232,100,36,0,0,0,0,0,0,0,29
694,1006,3.51515,232,100,37,0,0,0,0,0,0,0,29
695,988,3.69231,240,100,35,0,0,0,0,0,0,0,30
696,1084,3.93651,248,100,32,0,0,0,0,0,0,0,31
697,1196,4.1791,280,100,32,0,0,0,0,0,0,0,35
698,1172,4.44444,280,100,28,0,0,0,0,0,0,0,35
699,1094,4.57143,288,100,27,0,0,0,0,0,0,0,36
700,958,4.0678,240,100,29,0,0,0,0,0,0,0,30
701,970,4.4,264,100,27,0,0,0,0,0,0,0,33
702,1072,4.13793,240,100,28,0,0,0,0,0,0,0,30
703,1068,4.4,264,100,27,0,0,0,0,0,0,0,33
704,1050,4.57143,288,100,27,0,0,0,0,0,0,0,36
705,1188,3.44615,224,100,37,0,0,0,0,0,0,0,28
706,1056,3.7541,229,100,32,0,0,0,0,1,0,0,28
707,968,3.40984,208,100,35,0,0,0,0,0,0,0,26
708,1110,3.32308,216,100,38,0,0,0,0,0,0,0,27
709,1190,3.80952,240,100,33,0,0,0,0,0,0,0,30
710,1068,3.2,192,100,36,0,0,0,0,0,0,0,24
711,1026,3.44615,224,100,37,0,0,0,0,0,0,0,28
712,1182,4.35294,296,100,31,0,0,0,0,0,0,0,37
713,1068,3.38983,200,100,34,0,0,0,0,0,0,0,25
714,1108,3.25424,192,100,35,0,0,0,0,0,0,0,24
715,1300,4.125,264,100,31,0,0,0,0,0,0,0,33
716,1116,3.88889,245,100,32,0,0,0,0,1,0,0,30
717,1068,4.51613,280,100,27,0,0,0,0,0,0,0,35
718,1046,3.93846,256,100,33,0,0,0,0,0,0,0,32
719,910,3.87097,240,100,32,0,0,0,0,0,0,0,30
720,1096,3.93846,256,100,33,0,0,0,0,0,0,0,32
721,830,3.39394,224,100,38,0,0,0,0,0,0,0,28
722,856,3.93651,248,100,32,0,0,0,0,0,0,0,31
723,836,3.51515,232,100,37,0,0,0,0,0,0,0,29
724,942,3.44615,224,100,37,0,0,0,0,0,0,0,28
725,970,4,240,100,30,0,0,0,0,0,0,0,30
726,944,4.18462,272,100,31,0,0,0,0,0,0,0,34
727,1050,3.25,208,100,38,0,0,0,0,0,0,0,26
728,1074,4.0597,272,100,33,0,0,0,0,0,0,0,34
729,1140,3.76812,260,100,36,0,0,0,1,0,0,0,32
730,944,3.6,252,100,38,0,0,0,1,0,0,0,31
731,1066,4.28571,300,100,32,0,0,0,1,0,0,0,37
732,1066,3.45205,252,100,41,0,0,0,1,0,0,0,31
733,1084,3.82353,260,100,35,0,0,0,1,0,0,0,32
734,1000,3.8125,244,100,33,0,0,0,1,0,0,0,30
735,1120,4.35294,296,100,31,0,0,0,0,0,0,0,37
736,1122,4.34286,304,100,32,0,0,0,0,0,0,0,38
737,1016,4,288,100,36,0,0,0,0,0,0,0,36
738,1022,4.11111,296,100,35,0,0,0,0,0,0,0,37
739,934,4.1791,280,100,32,0,0,0,0,0,0,0,35
740,988,4.77612,320,100,27,0,0,0,0,0,0,0,40
741,1104,4.70588,320,100,28,0,0,0,0,0,0,0,40
742,1110,4.1791,280,100,32,0,0,0,0,0,0,0,35
743,988,4.77419,296,100,25,0,0,0,0,0,0,0,37
744,900,4.85246,296,100,24,0,0,0,0,0,0,0,37
745,896,5.37931,312,100,19,0,0,0,0,0,0,0,39
746,934,5.125,328,100,23,0,0,0,0,0,0,0,41
747,890,4.44444,280,100,28,0,0,0,0,0,0,0,35
748,816,4.19048,264,100,30,0,0,0,0,0,0,0,33
749,860,4.25,272,100,30,0,0,0,0,0,0,0,34
750,920,3.87879,256,100,34,0,0,0,0,0,0,0,32
751,934,3.75758,248,100,35,0,0,0,0,0,0,0,31
752,862,3.39394,224,100,38,0,0,0,0,0,0,0,28
753,874,3.42857,216,100,36,0,0,0,0,0,0,0,27
754,846,4.11765,280,100,33,0,0,0,0,0,0,0,35
755,794,3.65714,256,100,38,0,0,0,0,0,0,0,32
756,818,4.05797,280,100,34,0,0,0,0,0,0,0,35
757,874,3.9403,264,100,34,0,0,0,0,0,0,0,33
758,970,4.12121,272,100,32,0,0,0,0,0,0,0,34
759,978,3.94521,288,100,37,0,0,0,0,0,0,0,36
760,1006,3.47826,240,100,39,0,0,0,0,0,0,0,30
761,960,3.07692,200,100,40,0,0,0,0,0,0,0,25
762,988,3.51515,232,100,37,0,0,0,0,0,0,0,29
763,868,3.87879,256,100,34,0,0,0,0,0,0,0,32
764,962,3.88889,280,100,37,0,0,0,0,0,0,0,35
765,1016,3.55556,256,100,40,0,0,0,0,0,0,0,32
766,888,4.1791,280,100,32,0,0,0,0,0,0,0,35
767,860,4.0597,272,100,33,0,0,0,0,0,0,0,34
768,940,4.17391,288,100,33,0,0,0,0,0,0,0,36
769,926,4.68966,272,100,24,0,0,0,0,0,0,0,34
770,964,4.8254,304,100,25,0,0,0,0,0,0,0,38
771,890,4.95238,312,100,24,0,0,0,0,0,0,0,39
772,906,4.24242,280,100,31,0,0,0,0,0,0,0,35
773,1016,4.12121,272,100,32,0,0,0,0,0,0,0,34
774,1038,4.31746,272,100,29,0,0,0,0,0,0,0,34
775,1192,4.47059,304,100,30,0,0,0,0,0,0,0,38
776,1020,3.51515,232,100,37,0,0,0,0,0,0,0,29
777,910,2.94118,200,100,43,0,0,0,0,0,0,0,25
778,1034,3.2,224,100,42,0,0,0,0,0,0,0,28
779,998,3.82609,264,100,36,0,0,0,0,0,0,0,33
780,1022,3.9403,264,100,34,0,0,0,0,0,0,0,33
781,1112,4.20312,269,100,30,0,0,0,0,1,0,0,33
782,1116,3.95161,245,100,31,0,0,0,0,1,0,0,30
783,1160,4.26154,277,100,30,0,0,0,0,1,0,0,34
784,1144,3.63636,240,100,36,0,0,0,0,0,0,0,30
785,1084,3.75,240,100,34,0,0,0,0,0,0,0,30
786,954,3.34328,224,100,39,0,0,0,0,0,0,0,28
787,854,3.39394,224,100,38,0,0,0,0,0,0,0,28
788,970,3.49296,248,100,40,0,0,0,0,0,0,0,31
789,858,3.51515,232,100,37,0,0,0,0,0,0,0,29
790,960,3.71831,264,100,38,0,0,0,0,0,0,0,33
791,992,3.04225,216,100,44,0,0,0,0,0,0,0,27
792,1160,3.2,240,100,45,0,0,0,0,0,0,0,30
793,1060,3.22222,232,100,43,0,0,0,0,0,0,0,29
794,988,2.43478,168,100,48,0,0,0,0,0,0,0,21
795,972,2.70423,192,100,47,0,0,0,0,0,0,0,24
796,934,2.81081,208,100,48,0,0,0,0,0,0,0,26
797,968,2.63014,192,100,49,0,0,0,0,0,0,0,24
798,1068,3,216,100,45,0,0,0,0,0,0,0,27
799,1042,3.44444,248,100,41,0,0,0,0,0,0,0,31
800,1100,3.54286,248,100,39,0,0,0,0,0,0,0,31
801,1058,3.44444,248,100,41,0,0,0,0,0,0,0,31
802,1040,3.65714,256,100,38,0,0,0,0,0,0,0,32
803,982,4.47059,304,100,30,0,0,0,0,0,0,0,38
804,984,4.34286,304,100,32,0,0,0,0,0,0,0,38
805,954,4.8,312,100,26,0,0,0,0,0,0,0,39
806,1012,4.72727,312,100,27,0,0,0,0,0,0,0,39
807,1008,4.41791,296,100,30,0,0,0,0,0,0,0,37
808,940,4.43077,288,100,29,0,0,0,0,0,0,0,36
809,832,3.81538,248,100,34,0,0,0,0,0,0,0,31
810,912,4.4058,304,100,31,0,0,0,0,0,0,0,38
811,956,4.29851,288,100,31,0,0,0,0,0,0,0,36
812,1074,4,272,100,34,0,0,0,0,0,0,0,34
813,1064,4.75,304,100,26,0,0,0,0,0,0,0,38
814,1002,4.29851,288,100,31,0,0,0,0,0,0,0,36
815,944,4.0597,272,100,33,0,0,0,0,0,0,0,34
816,860,3.81538,248,100,34,0,0,0,0,0,0,0,31
817,934,4.35294,296,100,31,0,0,0,0,0,0,0,37
818,1034,3.83099,272,100,37,0,0,0,0,0,0,0,34
819,1120,4.45714,312,100,31,0,0,0,0,0,0,0,39
820,1108,4.60606,304,100,28,0,0,0,0,0,0,0,38
821,884,4.16901,296,100,34,0,0,0,0,0,0,0,37
822,860,3.87879,256,100,34,0,0,0,0,0,0,0,32
823,800,4.25,272,100,30,0,0,0,0,0,0,0,34
824,876,4.11429,288,100,34,0,0,0,0,0,0,0,36
825,886,4.45714,312,100,31,0,0,0,0,0,0,0,39
826,928,3.77778,272,100,38,0,0,0,0,0,0,0,34
827,956,3.71831,264,100,38,0,0,0,0,0,0,0,33
828,906,3.46269,232,100,38,0,0,0,0,0,0,0,29
829,990,3.42857,240,100,40,0,0,0,0,0,0,0,30
830,986,3.69231,240,100,35,0,0,0,0,0,0,0,30
831,832,4.06349,256,100,31,0,0,0,0,0,0,0,32
832,808,4.19048,264,100,30,0,0,0,0,0,0,0,33
833,962,4.375,280,100,29,0,0,0,0,0,0,0,35
834,900,4.53731,304,100,29,0,0,0,0,0,0,0,38
835,996,4.18462,272,100,31,0,0,0,0,0,0,0,34
836,1046,4.70588,320,100,28,0,0,0,0,0,0,0,40
837,1040,4.28986,296,100,32,0,0,0,0,0,0,0,37
838,1076,4.63768,320,100,29,0,0,0,0,0,0,0,40
839,1104,4.75362,328,100,28,0,0,0,0,0,0,0,41
840,1088,4.11765,280,100,33,0,0,0,0,0,0,0,35
841,984,4.22857,296,100,33,0,0,0,0,0,0,0,37
842,1096,4.28986,296,100,32,0,0,0,0,0,0,0,37
843,1072,4.23529,288,100,32,0,0,0,0,0,0,0,36
844,1048,3.42857,240,100,40,0,0,0,0,0,0,0,30
845,1098,3.83562,280,100,38,0,0,0,0,0,0,0,35
846,1022,3.60563,256,100,39,0,0,0,0,0,0,0,32
847,1032,3.82609,264,100,36,0,0,0,0,0,0,0,33
848,932,4.51613,280,100,27,0,0,0,0,0,0,0,35
849,916,4.77419,296,100,25,0,0,0,0,0,0,0,37
850,770,4.31746,272,100,29,0,0,0,0,0,0,0,34
851,950,4.60606,304,100,28,0,0,0,0,0,0,0,38
852,872,3.82609,264,100,36,0,0,0,0,0,0,0,33
853,920,3.65672,245,100,36,0,0,0,0,1,0,0,30
854,912,3.88571,272,100,36,0,0,0,0,0,0,0,34
855,880,5.16923,336,100,23,0,0,0,0,0,0,0,42
856,908,4.9697,328,100,25,0,0,0,0,0,0,0,41
857,892,4.45714,312,100,31,0,0,0,0,0,0,0,39
858,820,4.35294,296,100,31,0,0,0,0,0,0,0,37
859,874,4.45714,312,100,31,0,0,0,0,0,0,0,39
860,1028,4.4058,304,100,31,0,0,0,0,0,0,0,38
861,870,4.1791,280,100,32,0,0,0,0,0,0,0,35
862,824,3.82609,264,100,36,0,0,0,0,0,0,0,33
863,756,3.64706,248,100,37,0,0,0,0,0,0,0,31
864,894,3.72603,272,100,39,0,0,0,0,0,0,0,34
865,966,3.83099,272,100,37,0,0,0,0,0,0,0,34
866,930,3.36232,232,100,40,0,0,0,0,0,0,0,29
867,980,3.22222,232,100,43,0,0,0,0,0,0,0,29
868,1072,3.55556,256,100,40,0,0,0,0,0,0,0,32
869,1044,3.33333,240,100,42,0,0,0,0,0,0,0,30
870,1132,3.65714,256,100,38,0,0,0,0,0,0,0,32
871,1046,3.13043,216,100,42,0,0,0,0,0,0,0,27
872,1048,2.59155,184,100,48,0,0,0,0,0,0,0,23
873,1080,3.06849,224,100,45,0,0,0,0,0,0,0,28
874,1056,3.13043,216,100,42,0,0,0,0,0,0,0,27
875,1090,3.9403,264,100,34,0,0,0,0,0,0,0,33
876,1106,3.24638,224,100,41,0,0,0,0,0,0,0,28
877,1204,3.22222,232,100,43,0,0,0,0,0,0,0,29
878,1100,3.13043,216,100,42,0,0,0,0,0,0,0,27
879,988,3.05882,208,100,42,0,0,0,0,0,0,0,26
880,980,3.32308,216,100,38,0,0,0,0,0,0,0,27
881,878,2.54545,168,100,45,0,0,0,0,0,0,0,21
882,1048,3.24638,224,100,41,0,0,0,0,0,0,0,28
883,938,3.75758,248,100,35,0,0,0,0,0,0,0,31
884,948,2.85714,200,100,45,0,0,0,0,0,0,0,25
885,954,3.31429,232,100,41,0,0,0,0,0,0,0,29
886,936,2.88889,208,100,46,0,0,0,0,0,0,0,26
887,952,2.7027,200,100,49,0,0,0,0,0,0,0,25
888,884,2.88889,208,100,46,0,0,0,0,0,0,0,26
889,790,3.5942,248,100,38,0,0,0,0,0,0,0,31
890,806,3.47826,240,100,39,0,0,0,0,0,0,0,30
891,968,3.60563,256,100,39,0,0,0,0,0,0,0,32
892,902,3.77143,264,100,37,0,0,0,0,0,0,0,33
893,736,3.01449,208,100,43,0,0,0,0,0,0,0,26
894,782,2.77778,200,100,47,0,0,0,0,0,0,0,25
895,790,2.74286,192,100,46,0,0,0,0,0,0,0,24
896,842,3.54286,248,100,39,0,0,0,0,0,0,0,31
897,842,3.50685,256,100,41,0,0,0,0,0,0,0,32
898,998,4,272,100,34,0,0,0,0,0,0,0,34
899,940,3.94203,272,100,35,0,0,0,0,0,0,0,34
900,920,3.77778,272,100,38,0,0,0,0,0,0,0,34
901,938,3.88571,272,100,36,0,0,0,0,0,0,0,34
902,972,4.45714,312,100,31,0,0,0,0,0,0,0,39
903,920,4.06154,264,100,32,0,0,0,0,0,0,0,33
904,864,4.28986,296,100,32,0,0,0,0,0,0,0,37
905,968,3.94366,280,100,36,0,0,0,0,0,0,0,35
906,990,3.60563,256,100,39,0,0,0,0,0,0,0,32
907,1000,3.41176,232,100,39,0,0,0,0,0,0,0,29
908,948,3.0303,200,100,41,0,0,0,0,0,0,0,25
909,1026,3.25,221,100,40,0,0,0,0,1,0,0,27
910,962,3.41791,229,100,38,0,0,0,0,1,0,0,28
911,1096,3.71831,264,100,38,0,0,0,0,0,0,0,33
912,1026,3.13846,204,100,39,0,0,0,1,0,0,0,25
913,914,3.8,228,100,31,0,0,0,1,0,0,0,28
914,850,3.0625,196,100,39,0,0,0,1,0,0,0,24
915,970,3.22222,232,100,43,0,0,0,0,0,0,0,29
916,1008,3.2,224,100,42,0,0,0,0,0,0,0,28
917,952,3.39726,248,100,42,0,0,0,0,0,0,0,31
918,1076,3.66667,264,100,39,0,0,0,0,0,0,0,33
919,1064,3.49296,248,100,40,0,0,0,0,0,0,0,31
920,938,3.75758,248,100,35,0,0,0,0,0,0,0,31
921,998,3.82609,264,100,36,0,0,0,0,0,0,0,33
922,974,3.58209,240,100,37,0,0,0,0,0,0,0,30
923,966,3.60563,256,100,39,0,0,0,0,0,0,0,32
924,1034,3.38028,240,100,41,0,0,0,0,0,0,0,30
925,900,3.70149,248,100,36,0,0,0,0,0,0,0,31
926,856,4.18462,272,100,31,0,0,0,0,0,0,0,34
927,980,4.11429,288,100,34,0,0,0,0,0,0,0,36
928,978,3.41176,232,100,39,0,0,0,0,0,0,0,29
929,944,2.98507,200,100,42,0,0,0,0,0,0,0,25
930,954,2.33846,152,100,46,0,0,0,0,0,0,0,19
931,1070,3.07692,200,100,40,0,0,0,0,0,0,0,25
932,942,3.95,237,100,30,0,0,0,0,1,0,0,29
933,1076,3.6,216,100,33,0,0,0,0,0,0,0,27
934,932,2.83077,184,100,42,0,0,0,0,0,0,0,23
935,1034,3.38028,240,100,41,0,0,0,0,0,0,0,30
936,1072,3.94203,272,100,35,0,0,0,0,0,0,0,34
937,1020,3.6129,224,100,34,0,0,0,0,0,0,0,28
938,948,4.11765,280,100,33,0,0,0,0,0,0,0,35
939,984,4.12121,272,100,32,0,0,0,0,0,0,0,34
940,926,3.56923,232,100,36,0,0,0,0,0,0,0,29
941,998,3.75758,248,100,35,0,0,0,0,0,0,0,31
942,950,3.88235,264,100,35,0,0,0,0,0,0,0,33
943,900,3.46667,208,100,34,0,0,0,0,0,0,0,26
944,1036,3.74194,232,100,33,0,0,0,0,0,0,0,29
945,1144,4.31746,272,100,29,0,0,0,0,0,0,0,34
946,1160,4.49123,256,100,25,0,0,0,0,0,0,0,32
947,1108,4.47458,264,100,26,0,0,0,0,0,0,0,33
948,948,4.21053,240,100,27,0,0,0,0,0,0,0,30
949,936,4.06349,256,100,31,0,0,0,0,0,0,0,32
950,1018,4.32787,264,100,28,0,0,0,0,0,0,0,33
951,1126,4.59016,280,100,26,0,0,0,0,0,0,0,35
952,1028,4.47458,264,100,26,0,0,0,0,0,0,0,33
953,1034,4.59016,280,100,26,0,0,0,0,0,0,0,35
954,830,4.57143,288,100,27,0,0,0,0,0,0,0,36
955,1026,4.53731,304,100,29,0,0,0,0,0,0,0,38
956,1002,4.27586,248,100,27,0,0,0,0,0,0,0,31
957,1066,4.12903,256,100,30,0,0,0,0,0,0,0,32
958,1096,3.6,216,100,33,0,0,0,0,0,0,0,27
959,1240,3.15152,208,100,40,0,0,0,0,0,0,0,26
960,1162,3.58209,240,100,37,0,0,0,0,0,0,0,30
961,976,3.58209,240,100,37,0,0,0,0,0,0,0,30
962,940,2.90909,192,100,42,0,0,0,0,0,0,0,24
963,1048,2.75,176,100,42,0,0,0,0,0,0,0,22
964,1022,3.35484,208,100,36,0,0,0,0,0,0,0,26
965,1054,3.42857,216,100,36,0,0,0,0,0,0,0,27
966,1118,3.63636,240,100,36,0,0,0,0,0,0,0,30
967,1198,3.09677,192,100,38,0,0,0,0,0,0,0,24
968,1258,3.42857,216,100,36,0,0,0,0,0,0,0,27
969,1222,3.80952,240,100,33,0,0,0,0,0,0,0,30
970,1326,3.77143,264,100,37,0,0,0,0,0,0,0,33
971,1218,2.58065,160,100,42,0,0,0,0,0,0,0,20
972,1200,2.79365,176,100,41,0,0,0,0,0,0,0,22
973,1414,3.22581,200,100,37,0,0,0,0,0,0,0,25
974,1210,3.38983,200,100,34,0,0,0,0,0,0,0,25
975,1404,4.77419,296,100,25,0,0,0,0,0,0,0,37
976,1514,4.3871,272,100,28,0,0,0,0,0,0,0,34
977,1506,4.31746,272,100,29,0,0,0,0,0,0,0,34
978,1292,3.44615,224,100,37,0,0,0,0,0,0,0,28
979,1324,2.95385,192,100,41,0,0,0,0,0,0,0,24
980,1144,2.66667,184,100,46,0,0,0,0,0,0,0,23
981,1382,3,216,100,45,0,0,0,0,0,0,0,27
982,1334,3.56923,232,100,36,0,0,0,0,0,0,0,29
983,1264,3.84722,277,100,37,0,0,0,0,1,0,0,34
984,1110,3.39394,224,100,38,0,0,0,0,0,0,0,28
985,1056,2.78788,184,100,43,0,0,0,0,0,0,0,23
986,1086,3.04225,216,100,44,0,0,0,0,0,0,0,27
987,1152,3.05882,208,100,42,0,0,0,0,0,0,0,26
988,1090,2.86567,192,100,43,0,0,0,0,0,0,0,24
989,1070,2.4,168,100,49,0,0,0,0,0,0,0,21
990,1142,3.87879,256,100,34,0,0,0,0,0,0,0,32
991,1116,4.35088,248,100,26,0,0,0,0,0,0,0,31
992,1150,3.74194,232,100,33,0,0,0,0,0,0,0,29
993,1196,3.5,224,100,36,0,0,0,0,0,0,0,28
994,1116,3.57143,200,100,31,0,0,0,0,0,0,0,25
995,1122,4.44444,240,100,24,0,0,0,0,0,0,0,30
996,1244,3.30159,208,100,37,0,0,0,0,0,0,0,26
997,1240,3.79661,224,100,31,0,0,0,0,0,0,0,28
998,1074,2.9322,173,100,37,0,0,0,0,1,0,0,21
999,1088,2.42424,160,100,46,0,0,0,0,0,0,0,20
