update,points,mean_tasks,total_tasks,total_orgs,task_0,task_1,task_2,task_3,task_4,task_5,task_6,task_7,task_8
0,0,nan,0,10,0,0,0,0,0,0,0,0,0
1,2,0,0,10,1,0,0,0,0,0,0,0,0
2,12,0,0,10,5,0,0,0,0,0,0,0,0
3,12,0,0,10,5,0,0,0,0,0,0,0,0
4,18,1.14286,8,10,6,0,0,0,0,0,0,0,1
5,20,1,8,10,7,0,0,0,0,0,0,0,1
6,50,3,24,12,5,0,0,0,0,0,0,0,3
7,52,3,24,12,5,0,0,0,0,0,0,0,3
8,66,3.55556,32,13,5,0,0,0,0,0,0,0,4
9,72,2.66667,24,13,6,0,0,0,0,0,0,0,3
10,90,2.90909,32,14,7,0,0,0,0,0,0,0,4
11,94,2.90909,32,14,7,0,0,0,0,0,0,0,4
12,114,2.66667,32,15,8,0,0,0,0,0,0,0,4
13,116,2.66667,32,15,8,0,0,0,0,0,0,0,4
14,114,2.66667,32,16,8,0,0,0,0,0,0,0,4
15,116,2.66667,32,16,8,0,0,0,0,0,0,0,4
16,130,1.71429,24,16,11,0,0,0,0,0,0,0,3
17,132,1.71429,24,16,11,0,0,0,0,0,0,0,3
18,146,1.14286,16,16,12,0,0,0,0,0,0,0,2
19,152,1.14286,16,16,12,0,0,0,0,0,0,0,2
20,162,1.14286,16,16,12,0,0,0,0,0,0,0,2
21,170,1.14286,16,16,12,0,0,0,0,0,0,0,2
22,174,1.14286,16,16,12,0,0,0,0,0,0,0,2
23,162,1.14286,16,17,12,0,0,0,0,0,0,0,2
24,168,1.14286,16,17,12,0,0,0,0,0,0,0,2
25,170,1.14286,16,17,12,0,0,0,0,0,0,0,2
26,176,1.14286,16,17,12,0,0,0,0,0,0,0,2
27,158,1.14286,16,18,12,0,0,0,0,0,0,0,2
28,168,1.14286,16,18,12,0,0,0,0,0,0,0,2
29,176,1.06667,16,18,13,0,0,0,0,0,0,0,2
30,182,1.06667,16,18,13,0,0,0,0,0,0,0,2
31,192,1.06667,16,18,13,0,0,0,0,0,0,0,2
32,200,1.06667,16,18,13,0,0,0,0,0,0,0,2
33,168,1.06667,16,20,13,0,0,0,0,0,0,0,2
34,178,0.941176,16,20,15,0,0,0,0,0,0,0,2
35,186,0.941176,16,20,15,0,0,0,0,0,0,0,2
36,192,0.941176,16,20,15,0,0,0,0,0,0,0,2
37,200,0.941176,16,20,15,0,0,0,0,0,0,0,2
38,194,0.941176,16,21,15,0,0,0,0,0,0,0,2
39,180,0.941176,16,22,15,0,0,0,0,0,0,0,2
40,190,0.941176,16,22,15,0,0,0,0,0,0,0,2
41,190,1.33333,24,24,15,0,0,0,0,0,0,0,3
42,200,1.33333,24,24,15,0,0,0,0,0,0,0,3
43,212,1.26316,24,24,16,0,0,0,0,0,0,0,3
44,208,1.2,24,25,17,0,0,0,0,0,0,0,3
45,216,0.8,16,25,18,0,0,0,0,0,0,0,2
46,224,0.761905,16,25,19,0,0,0,0,0,0,0,2
47,236,0.761905,16,25,19,0,0,0,0,0,0,0,2
48,246,0.761905,16,25,19,0,0,0,0,0,0,0,2
49,268,1.14286,24,26,18,0,0,0,0,0,0,0,3
50,266,0.761905,16,27,19,0,0,0,0,0,0,0,2
51,270,0.761905,16,27,19,0,0,0,0,0,0,0,2
52,214,1.09091,24,31,19,0,0,0,0,0,0,0,3
53,238,1.04348,24,31,20,0,0,0,0,0,0,0,3
54,228,0.666667,16,31,22,0,0,0,0,0,0,0,2
55,240,0.64,16,31,23,0,0,0,0,0,0,0,2
56,256,0.615385,16,31,24,0,0,0,0,0,0,0,2
57,278,0.923077,24,32,23,0,0,0,0,0,0,0,3
58,276,0.64,16,33,23,0,0,0,0,0,0,0,2
59,246,0.64,16,34,23,0,0,0,0,0,0,0,2
60,258,0.923077,24,36,23,0,0,0,0,0,0,0,3
61,288,0.857143,24,36,25,0,0,0,0,0,0,0,3
62,270,0.571429,16,36,26,0,0,0,0,0,0,0,2
63,282,0.827586,24,37,26,0,0,0,0,0,0,0,3
64,294,0.827586,24,37,26,0,0,0,0,0,0,0,3
65,308,1.03226,32,39,27,0,0,0,0,0,0,0,4
66,318,1,32,40,28,0,0,0,0,0,0,0,4
67,314,1,32,41,28,0,0,0,0,0,0,0,4
68,320,0.969697,32,41,29,0,0,0,0,0,0,0,4
69,282,1.25,40,41,27,0,0,0,0,0,0,0,5
70,324,1.41176,48,42,28,0,0,0,0,0,0,0,6
71,320,1.37143,48,45,29,0,0,0,0,0,0,0,6
72,318,1.11111,40,45,31,0,0,0,0,0,0,0,5
73,316,1.14286,40,46,30,0,0,0,0,0,0,0,5
74,330,1.14286,40,46,30,0,0,0,0,0,0,0,5
75,380,1.2973,48,46,31,0,0,0,0,0,0,0,6
76,358,1.11111,40,49,31,0,0,0,0,0,0,0,5
77,372,0.842105,32,49,34,0,0,0,0,0,0,0,4
78,356,1.26316,48,50,32,0,0,0,0,0,0,0,6
79,386,1.4359,56,51,32,0,0,0,0,0,0,0,7
80,432,0.930233,40,52,38,0,0,0,0,0,0,0,5
81,446,1.36585,56,53,34,0,0,0,0,0,0,0,7
82,452,1.36585,56,53,34,0,0,0,0,0,0,0,7
83,434,1.23077,48,53,33,0,0,0,0,0,0,0,6
84,402,1.23077,48,55,33,0,0,0,0,0,0,0,6
85,422,1.4359,56,55,32,0,0,0,0,0,0,0,7
86,412,0.930233,40,56,38,0,0,0,0,0,0,0,5
87,516,1.21739,56,57,39,0,0,0,0,0,0,0,7
88,456,1.33333,56,57,35,0,0,0,0,0,0,0,7
89,462,1.36585,56,59,34,0,0,0,0,0,0,0,7
90,458,1.36585,56,59,34,0,0,0,0,0,0,0,7
91,466,1.6,72,59,36,0,0,0,0,0,0,0,9
92,416,1.42222,64,59,37,0,0,0,0,0,0,0,8
93,446,1.53191,72,60,38,0,0,0,0,0,0,0,9
94,504,1.73913,80,60,36,0,0,0,0,0,0,0,10
95,478,1.06667,48,60,39,0,0,0,0,0,0,0,6
96,464,1.21739,56,62,39,0,0,0,0,0,0,0,7
97,502,1.73913,80,65,36,0,0,0,0,0,0,0,10
98,472,1.66667,80,68,38,0,0,0,0,0,0,0,10
99,580,1.76,88,69,39,0,0,0,0,0,0,0,11
100,492,2.16667,104,71,35,0,0,0,0,0,0,0,13
101,542,2,96,72,36,0,0,0,0,0,0,0,12
102,528,1.66038,88,74,42,0,0,0,0,0,0,0,11
103,552,1.82456,104,76,44,0,0,0,0,0,0,0,13
104,532,0.754717,40,77,48,0,0,0,0,0,0,0,5
105,490,0.857143,48,77,50,0,0,0,0,0,0,0,6
106,518,0.842105,48,77,51,0,0,0,0,0,0,0,6
107,538,0.949153,56,78,52,0,0,0,0,0,0,0,7
108,566,1.40351,80,78,47,0,0,0,0,0,0,0,10
109,584,1.68421,96,80,45,0,0,0,0,0,0,0,12
110,576,1.22034,72,81,50,0,0,0,0,0,0,0,9
111,658,1.6,96,82,48,0,0,0,0,0,0,0,12
112,670,1.57143,88,82,45,0,0,0,0,0,0,0,11
113,690,1.16129,72,85,53,0,0,0,0,0,0,0,9
114,652,1.06667,64,85,52,0,0,0,0,0,0,0,8
115,686,1.2,72,86,51,0,0,0,0,0,0,0,9
116,672,1.16129,72,87,53,0,0,0,0,0,0,0,9
117,662,1.31148,80,88,51,0,0,0,0,0,0,0,10
118,698,1.35593,80,89,49,0,0,0,0,0,0,0,10
119,688,1.16129,72,89,53,0,0,0,0,0,0,0,9
120,794,1.24194,77,90,52,0,0,0,0,1,0,0,9
121,736,1.32812,85,93,53,0,0,0,0,1,0,0,10
122,750,1.37143,96,95,58,0,0,0,0,0,0,0,12
123,846,1.52941,104,95,55,0,0,0,0,0,0,0,13
124,716,1.52941,104,95,55,0,0,0,0,0,0,0,13
125,748,1.50725,104,95,56,0,0,0,0,0,0,0,13
126,792,1.43284,96,95,55,0,0,0,0,0,0,0,12
127,746,1.14286,80,96,60,0,0,0,0,0,0,0,10
128,864,1.14286,80,96,60,0,0,0,0,0,0,0,10
129,820,1.57746,112,96,57,0,0,0,0,0,0,0,14
130,770,1.29412,88,96,57,0,0,0,0,0,0,0,11
131,840,1.33333,96,98,60,0,0,0,0,0,0,0,12
132,878,1.09589,80,98,63,0,0,0,0,0,0,0,10
133,788,1.23944,88,98,60,0,0,0,0,0,0,0,11
134,836,1.06667,80,98,65,0,0,0,0,0,0,0,10
135,724,1.44444,104,98,59,0,0,0,0,0,0,0,13
136,782,1.31646,104,98,66,0,0,0,0,0,0,0,13
137,698,1.42466,104,98,60,0,0,0,0,0,0,0,13
138,664,1.2973,96,98,62,0,0,0,0,0,0,0,12
139,718,1.09589,80,98,63,0,0,0,0,0,0,0,10
140,734,1.45455,96,98,54,0,0,0,0,0,0,0,12
141,668,1.62319,112,98,55,0,0,0,0,0,0,0,14
142,746,1.6,112,98,56,0,0,0,0,0,0,0,14
143,768,1.55556,112,98,58,0,0,0,0,0,0,0,14
144,810,2.11765,144,98,50,0,0,0,0,0,0,0,18
145,734,1.875,120,98,49,0,0,0,0,0,0,0,15
146,756,1.79104,120,98,52,0,0,0,0,0,0,0,15
147,862,2.2029,152,99,50,0,0,0,0,0,0,0,19
148,746,2.09231,136,99,48,0,0,0,0,0,0,0,17
149,716,1.71429,120,99,55,0,0,0,0,0,0,0,15
150,770,2,136,99,51,0,0,0,0,0,0,0,17
151,734,1.93939,128,99,50,0,0,0,0,0,0,0,16
152,786,2.28571,160,100,50,0,0,0,0,0,0,0,20
153,776,1.64706,112,100,54,0,0,0,0,0,0,0,14
154,734,2.27536,157,100,49,0,0,0,0,1,0,0,19
155,662,2.09859,149,100,52,0,0,0,0,1,0,0,18
156,686,1.58108,117,100,59,0,0,0,0,1,0,0,14
157,778,2.06944,149,100,53,0,0,0,0,1,0,0,18
158,744,2.5493,181,100,48,0,0,0,0,1,0,0,22
159,712,1.98592,141,100,53,0,0,0,0,1,0,0,17
160,800,2.43662,173,100,49,0,0,0,0,1,0,0,21
161,700,2.74242,181,100,43,0,0,0,0,1,0,0,22
162,722,3.10606,205,100,40,0,0,0,0,1,0,0,25
163,728,3.27692,213,100,38,0,0,0,0,1,0,0,26
164,656,3.04839,189,100,38,0,0,0,0,1,0,0,23
165,658,2.83077,184,100,42,0,0,0,0,0,0,0,23
166,754,2.86567,192,100,43,0,0,0,0,0,0,0,24
167,696,2.26866,152,100,48,0,0,0,0,0,0,0,19
168,740,2.02817,144,100,53,0,0,0,0,0,0,0,18
169,828,2.31884,160,100,49,0,0,0,0,0,0,0,20
170,692,2.46154,160,100,45,0,0,0,0,0,0,0,20
171,654,1.91549,136,100,54,0,0,0,0,0,0,0,17
172,810,2.55556,184,100,49,0,0,0,0,0,0,0,23
173,724,2.97143,208,100,44,0,0,0,0,0,0,0,26
174,676,2.11111,152,100,53,0,0,0,0,0,0,0,19
175,782,2.52055,184,100,50,0,0,0,0,0,0,0,23
176,736,2.4,168,100,49,0,0,0,0,0,0,0,21
177,852,2.14085,152,100,52,0,0,0,0,0,0,0,19
178,838,2.31884,160,100,49,0,0,0,0,0,0,0,20
179,800,2.31884,160,100,49,0,0,0,0,0,0,0,20
180,788,1.57746,112,100,57,0,0,0,0,0,0,0,14
181,702,2.05714,144,100,52,0,0,0,0,0,0,0,18
182,708,2.47887,176,100,49,0,0,0,0,0,0,0,22
183,730,2.08696,144,100,51,0,0,0,0,0,0,0,18
184,750,2.26866,152,100,48,0,0,0,0,0,0,0,19
185,794,2.51429,176,100,48,0,0,0,0,0,0,0,22
186,904,2.85714,200,100,45,0,0,0,0,0,0,0,25
187,840,2.58824,176,100,46,0,0,0,0,0,0,0,22
188,858,2.83077,184,100,42,0,0,0,0,0,0,0,23
189,914,3,192,100,40,0,0,0,0,0,0,0,24
190,932,2.46154,160,100,45,0,0,0,0,0,0,0,20
191,928,2.625,168,100,43,0,0,0,0,0,0,0,21
192,910,2.14085,152,100,52,0,0,0,0,0,0,0,19
193,910,1.91304,132,100,52,0,0,0,1,0,0,0,16
194,998,2.41176,164,100,47,0,0,0,1,0,0,0,20
195,1016,2.36364,156,100,46,0,0,0,1,0,0,0,19
196,980,2.44776,164,100,46,0,0,0,1,0,0,0,20
197,1140,2.3662,168,100,50,0,0,0,0,0,0,0,21
198,1128,2.75,176,100,42,0,0,0,0,0,0,0,22
199,1168,2.875,184,100,41,0,0,0,0,0,0,0,23
200,1230,3.35484,208,100,36,0,0,0,0,0,0,0,26
201,1158,2.46154,160,100,45,0,0,0,0,0,0,0,20
202,970,2.96774,184,100,39,0,0,0,0,0,0,0,23
203,864,2.83077,184,100,42,0,0,0,0,0,0,0,23
204,876,3.125,200,100,39,0,0,0,0,0,0,0,25
205,824,2.70968,168,100,41,0,0,0,0,0,0,0,21
206,876,2.80702,160,100,37,0,0,0,0,0,0,0,20
207,742,2.56604,136,100,36,0,0,0,0,0,0,0,17
208,874,2.84746,168,100,38,0,0,0,0,0,0,0,21
209,914,2.51852,136,100,37,0,0,0,0,0,0,0,17
210,938,2.2069,128,100,42,0,0,0,0,0,0,0,16
211,798,2,104,100,39,0,0,0,0,0,0,0,13
212,790,2.32727,128,100,39,0,0,0,0,0,0,0,16
213,764,1.67742,104,100,49,0,0,0,0,0,0,0,13
214,876,1.77778,112,100,49,0,0,0,0,0,0,0,14
215,924,1.6,96,100,48,0,0,0,0,0,0,0,12
216,890,1.04348,72,100,60,0,0,0,0,0,0,0,9
217,946,1.07463,72,100,58,0,0,0,0,0,0,0,9
218,910,1.21212,80,100,56,0,0,0,0,0,0,0,10
219,986,1.09091,72,100,57,0,0,0,0,0,0,0,9
220,900,0.901408,64,100,63,0,0,0,0,0,0,0,8
221,972,1.19403,80,100,57,0,0,0,0,0,0,0,10
222,1008,0.705882,48,100,62,0,0,0,0,0,0,0,6
223,942,1,64,100,56,0,0,0,0,0,0,0,8
224,1156,1.43284,96,100,55,0,0,0,0,0,0,0,12
225,1346,1.07463,72,100,58,0,0,0,0,0,0,0,9
226,1242,0.716418,48,100,61,0,0,0,0,0,0,0,6
227,1122,0.848485,56,100,59,0,0,0,0,0,0,0,7
228,1496,1.02857,72,100,61,0,0,0,0,0,0,0,9
229,1694,1.50725,104,100,56,0,0,0,0,0,0,0,13
230,1402,1.57576,104,100,53,0,0,0,0,0,0,0,13
231,1816,1.75342,128,100,57,0,0,0,0,0,0,0,16
232,1970,1.94286,136,100,53,0,0,0,0,0,0,0,17
233,1766,2.21538,144,100,47,0,0,0,0,0,0,0,18
234,1570,2.25,144,100,46,0,0,0,0,0,0,0,18
235,1632,2.13333,128,100,44,0,0,0,0,0,0,0,16
236,1462,2.375,152,100,45,0,0,0,0,0,0,0,19
237,1638,2.625,168,100,43,0,0,0,0,0,0,0,21
238,1492,2.75,176,100,42,0,0,0,0,0,0,0,22
239,1454,2.32258,144,100,44,0,0,0,0,0,0,0,18
240,1482,2.36066,144,100,43,0,0,0,0,0,0,0,18
241,1392,2.4918,152,100,42,0,0,0,0,0,0,0,19
242,1626,3.03448,176,100,36,0,0,0,0,0,0,0,22
243,1556,2.90909,192,100,42,0,0,0,0,0,0,0,24
244,1402,2.4918,152,100,42,0,0,0,0,0,0,0,19
245,1608,2.2029,152,100,50,0,0,0,0,0,0,0,19
246,1754,2.46269,165,100,46,0,0,0,0,1,0,0,20
247,1930,3.15152,208,100,40,0,0,0,0,0,0,0,26
248,1588,2.92063,184,100,40,0,0,0,0,0,0,0,23
249,1594,2.45161,152,100,43,0,0,0,0,0,0,0,19
250,1748,1.93939,128,100,50,0,0,0,0,0,0,0,16
251,1310,2.45161,152,100,43,0,0,0,0,0,0,0,19
252,1136,2.66667,176,100,44,0,0,0,0,0,0,0,22
253,1174,3.0303,200,100,41,0,0,0,0,0,0,0,25
254,1444,3.64706,248,100,37,0,0,0,0,0,0,0,31
255,1442,2.78788,184,100,43,0,0,0,0,0,0,0,23
256,1622,3.44615,224,100,37,0,0,0,0,0,0,0,28
257,1354,3.5,224,100,36,0,0,0,0,0,0,0,28
258,1338,4.12903,256,100,30,0,0,0,0,0,0,0,32
259,1436,4.25,272,100,30,0,0,0,0,0,0,0,34
260,956,4,248,100,31,0,0,0,0,0,0,0,31
261,1006,4.19048,264,100,30,0,0,0,0,0,0,0,33
262,1074,4.1791,280,100,32,0,0,0,0,0,0,0,35
263,1036,4.28986,296,100,32,0,0,0,0,0,0,0,37
264,1098,4.25806,264,100,29,0,0,0,0,0,0,0,33
265,1136,4.25,272,100,30,0,0,0,0,0,0,0,34
266,1064,4.12121,272,100,32,0,0,0,0,0,0,0,34
267,1146,3.88571,272,100,36,0,0,0,0,0,0,0,34
268,1136,3.57534,261,100,40,0,0,0,0,1,0,0,32
269,1082,4.06944,293,100,35,0,0,0,0,1,0,0,36
270,926,3.83824,261,100,35,0,0,0,0,1,0,0,32
271,964,3.85507,266,100,35,0,0,0,0,2,0,0,32
272,1032,4.05634,288,100,35,0,0,0,0,0,0,0,36
273,1032,3.83562,280,100,38,0,0,0,0,0,0,0,35
274,950,4,272,100,34,0,0,0,0,0,0,0,34
275,992,4.16901,296,100,34,0,0,0,0,0,0,0,37
276,1114,3.94366,280,100,36,0,0,0,0,0,0,0,35
277,1040,4.18462,272,100,31,0,0,0,0,0,0,0,34
278,934,4.17391,288,100,33,0,0,0,0,0,0,0,36
279,926,3.36232,232,100,40,0,0,0,0,0,0,0,29
280,876,4.22857,296,100,33,0,0,0,0,0,0,0,37
281,890,4.11765,280,100,33,0,0,0,0,0,0,0,35
282,962,4.47826,309,100,30,0,0,0,0,1,0,0,38
283,920,4.57143,288,100,27,0,0,0,0,0,0,0,36
284,910,4.59016,280,100,26,0,0,0,0,0,0,0,35
285,1020,4.84848,320,100,26,0,0,0,0,0,0,0,40
286,1094,4.12121,272,100,32,0,0,0,0,0,0,0,34
287,1066,3.94203,272,100,35,0,0,0,0,0,0,0,34
288,912,4.11429,288,100,34,0,0,0,0,0,0,0,36
289,996,4.48485,296,100,29,0,0,0,0,0,0,0,37
290,978,3.44444,248,100,41,0,0,0,0,0,0,0,31
291,1132,3.25676,241,100,43,0,0,0,1,1,0,0,29
292,954,3.43478,237,100,38,0,0,0,2,1,0,0,28
293,974,3.82353,260,100,35,0,0,0,1,0,0,0,32
294,1060,3.89706,265,100,34,0,0,0,1,1,0,0,32
295,938,4.13636,273,100,31,0,0,0,1,1,0,0,33
296,1008,3.62295,221,100,33,0,0,0,0,1,0,0,27
297,906,3.75,240,100,34,0,0,0,0,0,0,0,30
298,1142,4.36364,288,100,30,0,0,0,0,0,0,0,36
299,1168,4.34286,304,100,32,0,0,0,0,0,0,0,38
300,1214,3.73333,280,100,40,0,0,0,0,0,0,0,35
301,1058,3.65714,256,100,38,0,0,0,0,0,0,0,32
302,1046,3.84,288,100,39,0,0,0,0,0,0,0,36
303,1104,3,216,100,45,0,0,0,0,0,0,0,27
304,1152,3.22535,229,100,42,0,0,0,0,1,0,0,28
305,1242,4.07353,277,100,33,0,0,0,0,1,0,0,34
306,1058,3.33803,237,100,41,0,0,0,0,1,0,0,29
307,1156,3.58209,240,100,37,0,0,0,0,0,0,0,30
308,1140,4.45902,272,100,27,0,0,0,0,0,0,0,34
309,1290,4.4,264,100,27,0,0,0,0,0,0,0,33
310,1224,4.1791,280,100,32,0,0,0,0,0,0,0,35
311,1376,4,272,100,34,0,0,0,0,0,0,0,34
312,1402,3.93651,248,100,32,0,0,0,0,0,0,0,31
313,1262,3.87879,256,100,34,0,0,0,0,0,0,0,32
314,1396,3.75758,248,100,35,0,0,0,0,0,0,0,31
315,1322,3.87097,240,100,32,0,0,0,0,0,0,0,30
316,1126,3.73333,224,100,32,0,0,0,0,0,0,0,28
317,1074,4.25,272,100,30,0,0,0,0,0,0,0,34
318,1148,4.13846,269,100,31,0,0,0,0,1,0,0,33
319,1098,4.45902,272,100,27,0,0,0,0,0,0,0,34
320,1170,4.47458,264,100,26,0,0,0,0,0,0,0,33
321,1122,4.26667,256,100,28,0,0,0,0,0,0,0,32
322,1082,3.30159,208,100,37,0,0,0,0,0,0,0,26
323,1106,3.5,224,100,36,0,0,0,0,0,0,0,28
324,1152,4.29851,288,100,31,0,0,0,0,0,0,0,36
325,1128,4.06154,264,100,32,0,0,0,0,0,0,0,33
326,1148,3.6129,224,100,34,0,0,0,0,0,0,0,28
327,988,3.80328,232,100,32,0,0,0,0,0,0,0,29
328,1138,4.19672,256,100,29,0,0,0,0,0,0,0,32
329,1244,3.76471,256,100,36,0,0,0,0,0,0,0,32
330,1172,4.125,264,100,31,0,0,0,0,0,0,0,33
331,1168,4.375,280,100,29,0,0,0,0,0,0,0,35
332,1236,3.58209,240,100,37,0,0,0,0,0,0,0,30
333,1164,4.12121,272,100,32,0,0,0,0,0,0,0,34
334,1118,3.86667,232,100,31,0,0,0,0,0,0,0,29
335,1124,3.75,240,100,34,0,0,0,0,0,0,0,30
336,1176,3.75,240,100,34,0,0,0,0,0,0,0,30
337,1096,3.46269,232,100,38,0,0,0,0,0,0,0,29
338,1050,3.81538,248,100,34,0,0,0,0,0,0,0,31
339,866,2.98507,200,100,42,0,0,0,0,0,0,0,25
340,940,3.42857,240,100,40,0,0,0,0,0,0,0,30
341,1004,3.72603,272,100,39,0,0,0,0,0,0,0,34
342,866,3.94366,280,100,36,0,0,0,0,0,0,0,35
343,996,4.22857,296,100,33,0,0,0,0,0,0,0,37
344,892,4.23529,288,100,32,0,0,0,0,0,0,0,36
345,874,4.30769,280,100,30,0,0,0,0,0,0,0,35
346,1014,4.38356,320,100,33,0,0,0,0,0,0,0,40
347,1006,3.94667,296,100,38,0,0,0,0,0,0,0,37
348,1110,3.89189,288,100,38,0,0,0,0,0,0,0,36
349,1176,3.31429,232,100,41,0,0,0,0,0,0,0,29
350,1242,3.56164,260,100,40,0,0,0,1,0,0,0,32
351,1136,3.45205,252,100,41,0,0,0,1,0,0,0,31
352,1068,4.59701,308,100,28,0,0,0,1,0,0,0,38
353,884,4.06349,256,100,31,0,0,0,0,0,0,0,32
354,928,3.52941,240,100,38,0,0,0,0,0,0,0,30
355,1068,3.5942,248,100,38,0,0,0,0,0,0,0,31
356,1128,2.84932,208,100,47,0,0,0,0,0,0,0,26
357,1304,3.02703,224,100,46,0,0,0,0,0,0,0,28
358,1060,2.24,168,100,54,0,0,0,0,0,0,0,21
359,1140,3,216,100,45,0,0,0,0,0,0,0,27
360,1138,3,216,100,45,0,0,0,0,0,0,0,27
361,1140,2.91892,216,100,47,0,0,0,0,0,0,0,27
362,928,2.44595,181,100,51,0,0,0,0,1,0,0,22
363,984,2.77333,208,100,49,0,0,0,0,0,0,0,26
364,926,2.41096,176,100,51,0,0,0,0,0,0,0,22
365,1032,2.55844,197,100,52,0,0,0,0,1,0,0,24
366,882,2.7027,200,100,49,0,0,0,0,0,0,0,25
367,898,2.52055,184,100,50,0,0,0,0,0,0,0,23
368,1088,2.7027,200,100,49,0,0,0,0,0,0,0,25
369,908,2.3662,168,100,50,0,0,0,0,0,0,0,21
370,902,2.25352,160,100,51,0,0,0,0,0,0,0,20
371,900,2.66667,192,100,48,0,0,0,0,0,0,0,24
372,982,2.51429,176,100,48,0,0,0,0,0,0,0,22
373,872,2.8169,200,100,46,0,0,0,0,0,0,0,25
374,942,2.8,224,100,52,0,0,0,0,0,0,0,28
375,1022,2.17284,176,100,59,0,0,0,0,0,0,0,22
376,1004,2.49351,192,100,53,0,0,0,0,0,0,0,24
377,1052,2.77333,208,100,49,0,0,0,0,0,0,0,26
378,1218,3.28767,240,100,43,0,0,0,0,0,0,0,30
379,1126,3.44444,248,100,41,0,0,0,0,0,0,0,31
380,1076,3.52941,240,100,38,0,0,0,0,0,0,0,30
381,954,3.56923,232,100,36,0,0,0,0,0,0,0,29
382,980,3.69231,240,100,35,0,0,0,0,0,0,0,30
383,772,4.12121,272,100,32,0,0,0,0,0,0,0,34
384,986,4.31579,328,100,35,0,0,0,0,0,0,0,41
385,1008,4.26667,320,100,35,0,0,0,0,0,0,0,40
386,980,3.89744,304,100,40,0,0,0,0,0,0,0,38
387,882,3.62667,272,100,41,0,0,0,0,0,0,0,34
388,942,3.61644,264,100,40,0,0,0,0,0,0,0,33
389,854,3.60563,256,100,39,0,0,0,0,0,0,0,32
390,950,3.41333,256,100,43,0,0,0,0,0,0,0,32
391,958,3.24051,256,100,47,0,0,0,0,0,0,0,32
392,954,3.11111,224,100,44,0,0,0,0,0,0,0,28
393,964,2.7013,208,100,51,0,0,0,0,0,0,0,26
394,1026,2.63415,216,100,55,0,0,0,0,0,0,0,27
395,956,2.73171,224,100,54,0,0,0,0,0,0,0,28
396,1012,2.5679,208,100,55,0,0,0,0,0,0,0,26
397,930,2.6,208,100,54,0,0,0,0,0,0,0,26
398,932,2.46914,200,100,56,0,0,0,0,0,0,0,25
399,900,3.01299,232,100,48,0,0,0,0,0,0,0,29
400,844,3.24324,240,100,44,0,0,0,0,0,0,0,30
401,902,3.22222,232,100,43,0,0,0,0,0,0,0,29
402,876,3.15789,240,100,46,0,0,0,0,0,0,0,30
403,838,3.04225,216,100,44,0,0,0,0,0,0,0,27
404,938,2.8169,200,100,46,0,0,0,0,0,0,0,25
405,942,3.26761,232,100,42,0,0,0,0,0,0,0,29
406,988,2.73684,208,100,50,0,0,0,0,0,0,0,26
407,994,3.02703,224,100,46,0,0,0,0,0,0,0,28
408,816,3.13043,216,100,42,0,0,0,0,0,0,0,27
409,862,3.22222,232,100,43,0,0,0,0,0,0,0,29
410,822,3.87879,256,100,34,0,0,0,0,0,0,0,32
411,800,3.94203,272,100,35,0,0,0,0,0,0,0,34
412,860,4.0597,272,100,33,0,0,0,0,0,0,0,34
413,904,4.58824,312,100,29,0,0,0,0,0,0,0,39
414,812,4,280,100,35,0,0,0,0,0,0,0,35
415,866,3.94366,280,100,36,0,0,0,0,0,0,0,35
416,968,3.83099,272,100,37,0,0,0,0,0,0,0,34
417,1056,4.26667,320,100,35,0,0,0,0,0,0,0,40
418,906,3.71014,256,100,37,0,0,0,0,0,0,0,32
419,1022,3.46269,232,100,38,0,0,0,0,0,0,0,29
420,1004,4,264,100,33,0,0,0,0,0,0,0,33
421,1030,4.24242,280,100,31,0,0,0,0,0,0,0,35
422,1250,4.73239,336,100,29,0,0,0,0,0,0,0,42
423,1370,4.34286,304,100,32,0,0,0,0,0,0,0,38
424,1302,3.94118,268,100,34,0,0,0,1,0,0,0,33
425,1176,3.71014,256,100,37,0,0,0,0,0,0,0,32
426,1260,4.41791,296,100,30,0,0,0,0,0,0,0,37
427,1466,4.23529,288,100,32,0,0,0,0,0,0,0,36
428,1342,4.52174,312,100,30,0,0,0,0,0,0,0,39
429,1464,4.0678,240,100,29,0,0,0,0,0,0,0,30
430,1366,4.19672,256,100,29,0,0,0,0,0,0,0,32
431,1384,4.17391,288,100,33,0,0,0,0,0,0,0,36
432,1450,4.24242,280,100,31,0,0,0,0,0,0,0,35
433,1390,4.65672,312,100,28,0,0,0,0,0,0,0,39
434,1054,4.48485,296,100,29,0,0,0,0,0,0,0,37
435,1196,5.29032,328,100,21,0,0,0,0,0,0,0,41
436,1098,5.42373,320,100,19,0,0,0,0,0,0,0,40
437,1100,4.8,288,100,24,0,0,0,0,0,0,0,36
438,1258,4.67692,304,100,27,0,0,0,0,0,0,0,38
439,832,4.58824,312,100,29,0,0,0,0,0,0,0,39
440,972,4.68571,328,100,29,0,0,0,0,0,0,0,41
441,882,4.41791,296,100,30,0,0,0,0,0,0,0,37
442,788,4.31746,272,100,29,0,0,0,0,0,0,0,34
443,878,4.31746,272,100,29,0,0,0,0,0,0,0,34
444,1004,4.39437,312,100,32,0,0,0,0,0,0,0,39
445,1068,4.11765,280,100,33,0,0,0,0,0,0,0,35
446,1106,4.69841,296,100,26,0,0,0,0,0,0,0,37
447,1068,4.36364,288,100,30,0,0,0,0,0,0,0,36
448,1168,4.82353,328,100,27,0,0,0,0,0,0,0,41
449,1038,4.92308,320,100,25,0,0,0,0,0,0,0,40
450,980,4.93333,296,100,23,0,0,0,0,0,0,0,37
451,1048,4.30769,280,100,30,0,0,0,0,0,0,0,35
452,1174,4.55932,269,100,25,0,0,0,0,1,0,0,33
453,1146,4.66667,280,100,25,0,0,0,0,0,0,0,35
454,1326,4.57143,288,100,27,0,0,0,0,0,0,0,36
455,1186,4.875,312,100,25,0,0,0,0,0,0,0,39
456,1272,4.61538,300,100,27,0,0,0,1,0,0,0,37
457,1352,4,268,100,33,0,0,0,1,0,0,0,33
458,992,3.44615,224,100,37,0,0,0,0,0,0,0,28
459,1010,2.97143,208,100,44,0,0,0,0,0,0,0,26
460,1126,3.27273,216,100,39,0,0,0,0,0,0,0,27
461,1326,3.87879,256,100,34,0,0,0,0,0,0,0,32
462,1168,3.07692,200,100,40,0,0,0,0,0,0,0,25
463,1050,2.86567,192,100,43,0,0,0,0,0,0,0,24
464,1092,3.2,224,100,42,0,0,0,0,0,0,0,28
465,1106,3.88235,264,100,35,0,0,0,0,0,0,0,33
466,1084,3.55556,224,100,35,0,0,0,0,0,0,0,28
467,1098,3.10448,208,100,41,0,0,0,0,0,0,0,26
468,1414,4.18462,272,100,31,0,0,0,0,0,0,0,34
469,1264,4.125,264,100,31,0,0,0,0,0,0,0,33
470,1206,4.375,280,100,29,0,0,0,0,0,0,0,35
471,1322,3.80328,232,100,32,0,0,0,0,0,0,0,29
472,1470,3.69231,240,100,35,0,0,0,0,0,0,0,30
473,1460,3.56923,232,100,36,0,0,0,0,0,0,0,29
474,1606,4,256,100,32,0,0,0,0,0,0,0,32
475,1576,3.625,232,100,35,0,0,0,0,0,0,0,29
476,1352,3.05882,208,100,42,0,0,0,0,0,0,0,26
477,1382,3.54286,248,100,39,0,0,0,0,0,0,0,31
478,1316,4.18462,272,100,31,0,0,0,0,0,0,0,34
479,1574,3.38028,240,100,41,0,0,0,0,0,0,0,30
480,1200,3.66667,264,100,39,0,0,0,0,0,0,0,33
481,1210,3.50685,256,100,41,0,0,0,0,0,0,0,32
482,1400,3.47826,240,100,39,0,0,0,0,0,0,0,30
483,946,3.34328,224,100,39,0,0,0,0,0,0,0,28
484,1074,3.64706,248,100,37,0,0,0,0,0,0,0,31
485,1216,3.71014,256,100,37,0,0,0,0,0,0,0,32
486,1440,4.18462,272,100,31,0,0,0,0,0,0,0,34
487,1462,4.06154,264,100,32,0,0,0,0,0,0,0,33
488,1528,4.45902,272,100,27,0,0,0,0,0,0,0,34
489,1504,5.01695,296,100,22,0,0,0,0,0,0,0,37
490,1496,4.69841,296,100,26,0,0,0,0,0,0,0,37
491,1514,4.4,264,100,27,0,0,0,0,0,0,0,33
492,1740,4.65672,312,100,28,0,0,0,0,0,0,0,39
493,1818,4.625,296,100,27,0,0,0,0,0,0,0,37
494,1836,4.48485,296,100,29,0,0,0,0,0,0,0,37
495,1654,4.19672,256,100,29,0,0,0,0,0,0,0,32
496,1932,5.21212,344,100,23,0,0,0,0,0,0,0,43
497,1824,5.01695,296,100,22,0,0,0,0,0,0,0,37
498,1996,5.28814,312,100,20,0,0,0,0,0,0,0,39
499,1854,4.44444,280,100,28,0,0,0,0,0,0,0,35
500,1728,3.5,224,100,36,0,0,0,0,0,0,0,28
501,1628,4.26667,256,100,28,0,0,0,0,0,0,0,32
502,1664,3.87097,240,100,32,0,0,0,0,0,0,0,30
503,1660,4,240,100,30,0,0,0,0,0,0,0,30
504,1696,4.88136,288,100,23,0,0,0,0,0,0,0,36
505,1664,4.51613,280,100,27,0,0,0,0,0,0,0,35
506,1710,3.75385,244,100,34,0,0,0,1,0,0,0,30
507,1478,3.8209,256,100,35,0,0,0,0,0,0,0,32
508,1326,3.32308,216,100,38,0,0,0,0,0,0,0,27
509,1342,3.8209,256,100,35,0,0,0,0,0,0,0,32
510,1402,4.24242,280,100,31,0,0,0,0,0,0,0,35
511,1188,4.23529,288,100,32,0,0,0,0,0,0,0,36
512,1174,3.52,264,100,42,0,0,0,0,0,0,0,33
513,1130,3.71831,264,100,38,0,0,0,0,0,0,0,33
514,976,3.60563,256,100,39,0,0,0,0,0,0,0,32
515,1126,4.28986,296,100,32,0,0,0,0,0,0,0,37
516,1162,4.16438,304,100,35,0,0,0,0,0,0,0,38
517,1086,4.23529,288,100,32,0,0,0,0,0,0,0,36
518,1162,3.83099,272,100,37,0,0,0,0,0,0,0,34
519,1290,4.28169,304,100,33,0,0,0,0,0,0,0,38
520,1166,4.41791,296,100,30,0,0,0,0,0,0,0,37
521,1104,3.76471,256,100,36,0,0,0,0,0,0,0,32
522,1358,3.68254,232,100,34,0,0,0,0,0,0,0,29
523,1346,3.68254,232,100,34,0,0,0,0,0,0,0,29
524,1234,3.93651,248,100,32,0,0,0,0,0,0,0,31
525,1432,4.17391,288,100,33,0,0,0,0,0,0,0,36
526,1328,4.67692,304,100,27,0,0,0,0,0,0,0,38
527,1350,4.75,304,100,26,0,0,0,0,0,0,0,38
528,1144,4.31746,272,100,29,0,0,0,0,0,0,0,34
529,1330,4.12121,272,100,32,0,0,0,0,0,0,0,34
530,1608,4.12308,268,100,31,0,0,0,1,0,0,0,33
531,1442,4.53333,272,100,26,0,0,0,0,0,0,0,34
532,1452,4.48485,296,100,29,0,0,0,0,0,0,0,37
533,1280,4.48485,296,100,29,0,0,0,0,0,0,0,37
534,1430,4.3871,272,100,28,0,0,0,0,0,0,0,34
535,1406,4.82759,280,100,23,0,0,0,0,0,0,0,35
536,1452,4.67692,304,100,27,0,0,0,0,0,0,0,38
537,1326,5.16129,320,100,22,0,0,0,0,0,0,0,40
538,1194,4.67692,304,100,27,0,0,0,0,0,0,0,38
539,1402,4.18462,272,100,31,0,0,0,0,0,0,0,34
540,1514,4.5,288,100,28,0,0,0,0,0,0,0,36
541,1004,4.8,288,100,24,0,0,0,0,0,0,0,36
542,1300,4.18462,272,100,31,0,0,0,0,0,0,0,34
543,1422,4.43077,288,100,29,0,0,0,0,0,0,0,36
544,1480,4.25,272,100,30,0,0,0,0,0,0,0,34
545,1398,4.25806,264,100,29,0,0,0,0,0,0,0,33
546,1260,3.34328,224,100,39,0,0,0,0,0,0,0,28
547,1116,3.58209,240,100,37,0,0,0,0,0,0,0,30
548,1178,3,216,100,45,0,0,0,0,0,0,0,27
549,1138,2.51429,176,100,48,0,0,0,0,0,0,0,22
550,1276,3.375,216,100,37,0,0,0,0,0,0,0,27
551,1306,3.26761,232,100,42,0,0,0,0,0,0,0,29
552,1612,2.47059,168,100,47,0,0,0,0,0,0,0,21
553,1312,3.44615,224,100,37,0,0,0,0,0,0,0,28
554,1120,3.39394,224,100,38,0,0,0,0,0,0,0,28
555,1002,3.10448,208,100,41,0,0,0,0,0,0,0,26
556,1072,3.51515,232,100,37,0,0,0,0,0,0,0,29
557,1168,3.2,224,100,42,0,0,0,0,0,0,0,28
558,1134,3.80328,232,100,32,0,0,0,0,0,0,0,29
559,1344,4,264,100,33,0,0,0,0,0,0,0,33
560,1354,3.46269,232,100,38,0,0,0,0,0,0,0,29
561,1460,3.29412,224,100,40,0,0,0,0,0,0,0,28
562,1622,3.38028,240,100,41,0,0,0,0,0,0,0,30
563,1498,3.58824,244,100,37,0,0,0,1,0,0,0,30
564,1448,3.93846,256,100,33,0,0,0,0,0,0,0,32
565,1712,4.35294,296,100,31,0,0,0,0,0,0,0,37
566,1642,3.81538,248,100,34,0,0,0,0,0,0,0,31
567,1284,4.11429,288,100,34,0,0,0,0,0,0,0,36
568,1230,3.28767,240,100,43,0,0,0,0,0,0,0,30
569,1342,3.36232,232,100,40,0,0,0,0,0,0,0,29
570,1298,3.29412,224,100,40,0,0,0,0,0,0,0,28
571,1200,3.69231,240,100,35,0,0,0,0,0,0,0,30
572,1244,4.12121,272,100,32,0,0,0,0,0,0,0,34
573,1430,3.88235,264,100,35,0,0,0,0,0,0,0,33
574,1300,3.93846,256,100,33,0,0,0,0,0,0,0,32
575,1372,4.35294,296,100,31,0,0,0,0,0,0,0,37
576,1364,3.87097,240,100,32,0,0,0,0,0,0,0,30
577,1278,4.25,272,100,30,0,0,0,0,0,0,0,34
578,1256,4.5,288,100,28,0,0,0,0,0,0,0,36
579,1326,4.36364,288,100,30,0,0,0,0,0,0,0,36
580,1184,4.54545,300,100,28,0,0,0,1,0,0,0,37
581,1132,4.8,288,100,24,0,0,0,0,0,0,0,36
582,1132,4.31746,272,100,29,0,0,0,0,0,0,0,34
583,1256,4.6875,300,100,26,0,0,0,1,0,0,0,37
584,1234,3.34328,224,100,39,0,0,0,0,0,0,0,28
585,1102,3.52941,240,100,38,0,0,0,0,0,0,0,30
586,1180,3.05882,208,100,42,0,0,0,0,0,0,0,26
587,1378,3.27273,216,100,39,0,0,0,0,0,0,0,27
588,1400,3.39394,224,100,38,0,0,0,0,0,0,0,28
589,1216,3.22581,200,100,37,0,0,0,0,0,0,0,25
590,1248,3.625,232,100,35,0,0,0,0,0,0,0,29
591,1328,3.75,240,100,34,0,0,0,0,0,0,0,30
592,1292,4.45902,272,100,27,0,0,0,0,0,0,0,34
593,1470,4.06349,256,100,31,0,0,0,0,0,0,0,32
594,1494,3.80328,232,100,32,0,0,0,0,0,0,0,29
595,1684,3.55556,224,100,35,0,0,0,0,0,0,0,28
596,1218,3.68254,232,100,34,0,0,0,0,0,0,0,29
597,972,3.52542,208,100,33,0,0,0,0,0,0,0,26
598,1098,2.49206,157,100,43,0,0,0,0,1,0,0,19
599,1306,2.70769,176,100,43,0,0,0,0,0,0,0,22
600,1250,3.58209,240,100,37,0,0,0,0,0,0,0,30
601,1398,3.27273,216,100,39,0,0,0,0,0,0,0,27
602,1474,3.17647,216,100,41,0,0,0,0,0,0,0,27
603,1614,3.36232,232,100,40,0,0,0,0,0,0,0,29
604,1422,2.88889,208,100,46,0,0,0,0,0,0,0,26
605,1496,3.52941,240,100,38,0,0,0,0,0,0,0,30
606,1384,3.83099,272,100,37,0,0,0,0,0,0,0,34
607,1298,3.77143,264,100,37,0,0,0,0,0,0,0,33
608,1206,3.83099,272,100,37,0,0,0,0,0,0,0,34
609,1380,3.625,261,100,39,0,0,0,0,1,0,0,32
610,1372,4,280,100,35,0,0,0,0,0,0,0,35
611,1236,3.88235,264,100,35,0,0,0,0,0,0,0,33
612,1034,4.36364,288,100,30,0,0,0,0,0,0,0,36
613,1004,4.84848,320,100,26,0,0,0,0,0,0,0,40
614,1190,4.36364,288,100,30,0,0,0,0,0,0,0,36
615,1132,4.8,312,100,26,0,0,0,0,0,0,0,39
616,1052,4.89552,328,100,26,0,0,0,0,0,0,0,41
617,1152,4.75362,328,100,28,0,0,0,0,0,0,0,41
618,802,4.43077,288,100,29,0,0,0,0,0,0,0,36
619,976,5.01493,336,100,25,0,0,0,0,0,0,0,42
620,910,4.34286,304,100,32,0,0,0,0,0,0,0,38
621,900,4.17391,288,100,33,0,0,0,0,0,0,0,36
622,972,4.5,288,100,28,0,0,0,0,0,0,0,36
623,1022,4.9375,316,100,24,0,0,0,1,0,0,0,39
624,962,5.10769,332,100,23,0,0,0,1,0,0,0,41
625,1142,4.85714,340,100,27,0,0,0,1,0,0,0,42
626,1036,4.1194,276,100,32,0,0,0,1,0,0,0,34
627,946,3.71429,260,100,37,0,0,0,1,0,0,0,32
628,1050,4.33803,308,100,32,0,0,0,1,0,0,0,38
629,1112,4.65672,312,100,28,0,0,0,0,0,0,0,39
630,1132,4.66667,336,100,30,0,0,0,0,0,0,0,42
631,1016,4.47059,304,100,30,0,0,0,0,0,0,0,38
632,1194,5.44928,376,100,22,0,0,0,0,0,0,0,47
633,1090,5.71429,360,100,18,0,0,0,0,0,0,0,45
634,978,5.11765,348,100,24,0,0,0,1,0,0,0,43
635,872,5.48387,340,100,19,0,0,0,1,0,0,0,42
636,1012,5.93333,356,100,15,0,0,0,1,0,0,0,44
637,948,5.16923,336,100,23,0,0,0,0,0,0,0,42
638,930,4.52174,312,100,30,0,0,0,0,0,0,0,39
639,968,4.86957,336,100,27,0,0,0,0,0,0,0,42
640,954,4.11111,296,100,35,0,0,0,0,0,0,0,37
641,1070,3.35135,248,100,43,0,0,0,0,0,0,0,31
642,1058,3.66667,264,100,39,0,0,0,0,0,0,0,33
643,1112,3.22222,232,100,43,0,0,0,0,0,0,0,29
644,1058,3.87879,256,100,34,0,0,0,0,0,0,0,32
645,906,3.64706,248,100,37,0,0,0,0,0,0,0,31
646,926,2.78788,184,100,43,0,0,0,0,0,0,0,23
647,858,3.2,208,100,39,0,0,0,0,0,0,0,26
648,894,3.54286,248,100,39,0,0,0,0,0,0,0,31
649,964,3.26761,232,100,42,0,0,0,0,0,0,0,29
650,848,3.17647,216,100,41,0,0,0,0,0,0,0,27
651,930,3.06849,224,100,45,0,0,0,0,0,0,0,28
652,976,2.9589,216,100,46,0,0,0,0,0,0,0,27
653,1022,3.60563,256,100,39,0,0,0,0,0,0,0,32
654,922,4.375,280,100,29,0,0,0,0,0,0,0,35
655,834,3.875,248,100,33,0,0,0,0,0,0,0,31
656,860,3.87879,256,100,34,0,0,0,0,0,0,0,32
657,816,4.1791,280,100,32,0,0,0,0,0,0,0,35
658,978,3.83562,280,100,38,0,0,0,0,0,0,0,35
659,1078,3.22222,232,100,43,0,0,0,0,0,0,0,29
660,1268,3.76471,256,100,36,0,0,0,0,0,0,0,32
661,1210,3.48387,216,100,35,0,0,0,0,0,0,0,27
662,1174,3.34328,224,100,39,0,0,0,0,0,0,0,28
663,920,3.64706,248,100,37,0,0,0,0,0,0,0,31
664,946,4,264,100,33,0,0,0,0,0,0,0,33
665,992,4.05797,280,100,34,0,0,0,0,0,0,0,35
666,960,4.36364,288,100,30,0,0,0,0,0,0,0,36
667,1030,4.91429,344,100,27,0,0,0,0,0,0,0,43
668,1122,5.01493,336,100,25,0,0,0,0,0,0,0,42
669,1030,5.28814,312,100,20,0,0,0,0,0,0,0,39
670,948,4.58824,312,100,29,0,0,0,0,0,0,0,39
671,1152,5.37313,360,100,22,0,0,0,0,0,0,0,45
672,1072,5.25,336,100,22,0,0,0,0,0,0,0,42
673,1104,5.09091,336,100,24,0,0,0,0,0,0,0,42
674,1086,4.92308,320,100,25,0,0,0,0,0,0,0,40
675,964,5.20635,328,100,22,0,0,0,0,0,0,0,41
676,1090,5.05882,344,100,25,0,0,0,0,0,0,0,43
677,1202,4.5,288,100,28,0,0,0,0,0,0,0,36
678,1308,3.87879,256,100,34,0,0,0,0,0,0,0,32
679,1126,4.43077,288,100,29,0,0,0,0,0,0,0,36
680,1012,4.23529,288,100,32,0,0,0,0,0,0,0,36
681,980,4.85246,296,100,24,0,0,0,0,0,0,0,37
682,1062,4.75,304,100,26,0,0,0,0,0,0,0,38
683,1188,4.92308,320,100,25,0,0,0,0,0,0,0,40
684,1196,4.77612,320,100,27,0,0,0,0,0,0,0,40
685,1228,4.875,312,100,25,0,0,0,0,0,0,0,39
686,1498,5.45455,360,100,21,0,0,0,0,0,0,0,45
687,1336,5.29231,344,100,22,0,0,0,0,0,0,0,43
688,1196,5.5082,336,100,19,0,0,0,0,0,0,0,42
689,1378,4.91228,280,100,22,0,0,0,0,0,0,0,35
690,1624,5.86667,352,100,16,0,0,0,0,0,0,0,44
691,1748,5.33333,336,100,21,0,0,0,0,0,0,0,42
692,1728,4.5,288,100,28,0,0,0,0,0,0,0,36
693,1912,4.44444,280,100,28,0,0,0,0,0,0,0,35
694,1798,4.24242,280,100,31,0,0,0,0,0,0,0,35
695,1272,4.36364,288,100,30,0,0,0,0,0,0,0,36
696,1440,4.8254,304,100,25,0,0,0,0,0,0,0,38
697,1098,3.46269,232,100,38,0,0,0,0,0,0,0,29
698,1228,3.54098,216,100,34,0,0,0,0,0,0,0,27
699,1532,4,264,100,33,0,0,0,0,0,0,0,33
700,1768,4.29851,288,100,31,0,0,0,0,0,0,0,36
701,1464,4.05797,280,100,34,0,0,0,0,0,0,0,35
702,1688,3.1746,200,100,38,0,0,0,0,0,0,0,25
703,1700,3.6129,224,100,34,0,0,0,0,0,0,0,28
704,1666,4.25,272,100,30,0,0,0,0,0,0,0,34
705,1718,3.27273,216,100,39,0,0,0,0,0,0,0,27
706,1714,3.82609,264,100,36,0,0,0,0,0,0,0,33
707,1956,3.58209,240,100,37,0,0,0,0,0,0,0,30
708,1220,4.44444,280,100,28,0,0,0,0,0,0,0,35
709,1204,4.49123,256,100,25,0,0,0,0,0,0,0,32
710,1566,4.72131,288,100,25,0,0,0,0,0,0,0,36
711,1684,4.74576,280,100,24,0,0,0,0,0,0,0,35
712,2228,5.07937,320,100,23,0,0,0,0,0,0,0,40
713,2384,5.75439,328,100,16,0,0,0,0,0,0,0,41
714,2194,5.2,312,100,21,0,0,0,0,0,0,0,39
715,1932,5.10345,296,100,21,0,0,0,0,0,0,0,37
716,2352,5.77049,352,100,17,0,0,0,0,0,0,0,44
717,1742,5.83051,344,100,16,0,0,0,0,0,0,0,43
718,1760,6.28571,352,100,12,0,0,0,0,0,0,0,44
719,1960,5.86667,352,100,16,0,0,0,0,0,0,0,44
720,1794,5.90164,360,100,16,0,0,0,0,0,0,0,45
721,1768,5.41935,336,100,20,0,0,0,0,0,0,0,42
722,2452,5.37705,328,100,20,0,0,0,0,0,0,0,41
723,2540,5.46667,328,100,19,0,0,0,0,0,0,0,41
724,2096,5.33333,336,100,21,0,0,0,0,0,0,0,42
725,2302,4.31746,272,100,29,0,0,0,0,0,0,0,34
726,2702,5.29032,328,100,21,0,0,0,0,0,0,0,41
727,2614,5.61404,320,100,17,0,0,0,0,0,0,0,40
728,2320,5.75439,328,100,16,0,0,0,0,0,0,0,41
729,2060,5.24138,304,100,20,0,0,0,0,0,0,0,38
730,2256,4.24242,280,100,31,0,0,0,0,0,0,0,35
731,1958,3.63636,240,100,36,0,0,0,0,0,0,0,30
732,2460,4.41791,296,100,30,0,0,0,0,0,0,0,37
733,2454,4.44444,280,100,28,0,0,0,0,0,0,0,35
734,2028,3.70149,248,100,36,0,0,0,0,0,0,0,31
735,2064,4.64516,288,100,26,0,0,0,0,0,0,0,36
736,2316,4.125,264,100,31,0,0,0,0,0,0,0,33
737,2554,5.07937,320,100,23,0,0,0,0,0,0,0,40
738,2712,4.45902,272,100,27,0,0,0,0,0,0,0,34
739,2650,4.3871,272,100,28,0,0,0,0,0,0,0,34
740,2440,4.125,264,100,31,0,0,0,0,0,0,0,33
741,2020,4.0678,240,100,29,0,0,0,0,0,0,0,30
742,1920,4.26667,256,100,28,0,0,0,0,0,0,0,32
743,1548,4.06557,248,100,30,0,0,0,0,0,0,0,31
744,1676,4.52381,285,100,27,0,0,0,0,1,0,0,35
745,1638,4.31746,272,100,29,0,0,0,0,0,0,0,34
746,1634,3.93846,256,100,33,0,0,0,0,0,0,0,32
747,1684,4.125,264,100,31,0,0,0,0,0,0,0,33
748,1670,3.75758,248,100,35,0,0,0,0,0,0,0,31
749,1406,3.6129,224,100,34,0,0,0,0,0,0,0,28
750,1130,4.24242,280,100,31,0,0,0,0,0,0,0,35
751,1426,3.35135,248,100,43,0,0,0,0,0,0,0,31
752,1560,4,288,100,36,0,0,0,0,0,0,0,36
753,1488,3.88235,264,100,35,0,0,0,0,0,0,0,33
754,1332,4,272,100,34,0,0,0,0,0,0,0,34
755,1200,4.29851,288,100,31,0,0,0,0,0,0,0,36
756,1550,4.16901,296,100,34,0,0,0,0,0,0,0,37
757,1694,3.82609,264,100,36,0,0,0,0,0,0,0,33
758,1726,4.18462,272,100,31,0,0,0,0,0,0,0,34
759,1554,4.85246,296,100,24,0,0,0,0,0,0,0,37
760,1762,4.36364,288,100,30,0,0,0,0,0,0,0,36
761,1978,4,272,100,34,0,0,0,0,0,0,0,34
762,2128,4.61538,300,100,27,0,0,0,1,0,0,0,37
763,2344,4.34286,304,100,32,0,0,0,0,0,0,0,38
764,1988,4,248,100,31,0,0,0,0,0,0,0,31
765,1472,4.19048,264,100,30,0,0,0,0,0,0,0,33
766,1376,3.6,216,100,33,0,0,0,0,0,0,0,27
767,1794,4.12121,272,100,32,0,0,0,0,0,0,0,34
768,1870,4.125,264,100,31,0,0,0,0,0,0,0,33
769,1792,4,264,100,33,0,0,0,0,0,0,0,33
770,1592,3.75,240,100,34,0,0,0,0,0,0,0,30
771,1792,4.1791,280,100,32,0,0,0,0,0,0,0,35
772,1748,3.34328,224,100,39,0,0,0,0,0,0,0,28
773,1842,4,256,100,32,0,0,0,0,0,0,0,32
774,1674,4.625,296,100,27,0,0,0,0,0,0,0,37
775,1788,4.75,304,100,26,0,0,0,0,0,0,0,38
776,2064,4.26667,256,100,28,0,0,0,0,0,0,0,32
777,2386,4.57143,288,100,27,0,0,0,0,0,0,0,36
778,2160,5.2,312,100,21,0,0,0,0,0,0,0,39
779,2434,4.61017,272,100,25,0,0,0,0,0,0,0,34
780,2140,4.8254,304,100,25,0,0,0,0,0,0,0,38
781,2244,4.55385,296,100,28,0,0,0,0,0,0,0,37
782,1602,4.92308,320,100,25,0,0,0,0,0,0,0,40
783,1854,4.34286,304,100,32,0,0,0,0,0,0,0,38
784,1852,3.94366,280,100,36,0,0,0,0,0,0,0,35
785,2096,4,280,100,35,0,0,0,0,0,0,0,35
786,1994,3.76471,256,100,36,0,0,0,0,0,0,0,32
787,2220,3.93846,256,100,33,0,0,0,0,0,0,0,32
788,1836,4.53333,272,100,26,0,0,0,0,0,0,0,34
789,1484,3.93846,256,100,33,0,0,0,0,0,0,0,32
790,1326,3.56923,232,100,36,0,0,0,0,0,0,0,29
791,1548,3.76471,256,100,36,0,0,0,0,0,0,0,32
792,1180,3.5942,248,100,38,0,0,0,0,0,0,0,31
793,1146,3.51515,232,100,37,0,0,0,0,0,0,0,29
794,1262,3.82609,264,100,36,0,0,0,0,0,0,0,33
795,1446,3.60563,256,100,39,0,0,0,0,0,0,0,32
796,1664,4.17391,288,100,33,0,0,0,0,0,0,0,36
797,1396,4.26667,256,100,28,0,0,0,0,0,0,0,32
798,1250,4.375,280,100,29,0,0,0,0,0,0,0,35
799,1284,3.2,208,100,39,0,0,0,0,0,0,0,26
800,1154,2.88235,196,100,43,0,0,0,1,0,0,0,24
801,1274,3.16667,228,100,43,0,0,0,1,0,0,0,28
802,1280,3.52941,240,100,38,0,0,0,0,0,0,0,30
803,1452,4.375,280,100,29,0,0,0,0,0,0,0,35
804,1530,4.12121,272,100,32,0,0,0,0,0,0,0,34
805,1634,4.30769,280,100,30,0,0,0,0,0,0,0,35
806,1652,4.05797,280,100,34,0,0,0,0,0,0,0,35
807,1708,3.68254,232,100,34,0,0,0,0,0,0,0,29
808,1604,3.6129,224,100,34,0,0,0,0,0,0,0,28
809,1592,3.58209,240,100,37,0,0,0,0,0,0,0,30
810,1912,4.33333,312,100,33,0,0,0,0,0,0,0,39
811,1914,4.29851,288,100,31,0,0,0,0,0,0,0,36
812,1760,3.87879,256,100,34,0,0,0,0,0,0,0,32
813,1474,3.27273,216,100,39,0,0,0,0,0,0,0,27
814,1712,3.67568,272,100,40,0,0,0,0,0,0,0,34
815,1892,3.54286,248,100,39,0,0,0,0,0,0,0,31
816,1914,4.11765,280,100,33,0,0,0,0,0,0,0,35
817,1956,3.71014,256,100,37,0,0,0,0,0,0,0,32
818,2242,4.30769,280,100,30,0,0,0,0,0,0,0,35
819,2308,3.42857,216,100,36,0,0,0,0,0,0,0,27
820,2330,3.1746,200,100,38,0,0,0,0,0,0,0,25
821,1864,3.39394,224,100,38,0,0,0,0,0,0,0,28
822,2242,4.22222,304,100,34,0,0,0,0,0,0,0,38
823,1766,4.05634,288,100,35,0,0,0,0,0,0,0,36
824,1610,4.06154,264,100,32,0,0,0,0,0,0,0,33
825,1914,4.58824,312,100,29,0,0,0,0,0,0,0,39
826,1782,5.25714,368,100,24,0,0,0,0,0,0,0,46
827,1906,4.17391,288,100,33,0,0,0,0,0,0,0,36
828,1648,3.87879,256,100,34,0,0,0,0,0,0,0,32
829,1616,3.27273,216,100,39,0,0,0,0,0,0,0,27
830,1636,3.2,208,100,39,0,0,0,0,0,0,0,26
831,1520,3.93443,240,100,31,0,0,0,0,0,0,0,30
832,1370,4.44444,280,100,28,0,0,0,0,0,0,0,35
833,1564,3.46269,232,100,38,0,0,0,0,0,0,0,29
834,1688,3.22388,216,100,40,0,0,0,0,0,0,0,27
835,1866,3.51515,232,100,37,0,0,0,0,0,0,0,29
836,1528,2.53968,160,100,43,0,0,0,0,0,0,0,20
837,1402,2.86567,192,100,43,0,0,0,0,0,0,0,24
838,1638,2.98507,200,100,42,0,0,0,0,0,0,0,25
839,1836,3.15152,208,100,40,0,0,0,0,0,0,0,26
840,1592,3.75,240,100,34,0,0,0,0,0,0,0,30
841,1644,4,256,100,32,0,0,0,0,0,0,0,32
842,1962,3.875,248,100,33,0,0,0,0,0,0,0,31
843,1978,3.95588,269,100,34,0,0,0,0,1,0,0,33
844,1808,4.08333,245,100,29,0,0,0,0,1,0,0,30
845,1914,4.01538,261,100,32,0,0,0,0,1,0,0,32
846,1828,4.13846,269,100,31,0,0,0,0,1,0,0,33
847,1820,3.88889,245,100,32,0,0,0,0,1,0,0,30
848,2170,4.25,272,100,30,0,0,0,0,0,0,0,34
849,2278,4.19048,264,100,30,0,0,0,0,0,0,0,33
850,1634,4.3871,272,100,28,0,0,0,0,0,0,0,34
851,1594,4.57143,288,100,27,0,0,0,0,0,0,0,36
852,1638,4.4058,304,100,31,0,0,0,0,0,0,0,38
853,1704,3.87097,240,100,32,0,0,0,0,0,0,0,30
854,1844,3.56923,232,100,36,0,0,0,0,0,0,0,29
855,2038,3.46269,232,100,38,0,0,0,0,0,0,0,29
856,2114,3.625,232,100,35,0,0,0,0,0,0,0,29
857,1628,3.42857,216,100,36,0,0,0,0,0,0,0,27
858,1634,4,256,100,32,0,0,0,0,0,0,0,32
859,1226,3.81538,248,100,34,0,0,0,0,0,0,0,31
860,1262,4,264,100,33,0,0,0,0,0,0,0,33
861,1590,4.18462,272,100,31,0,0,0,0,0,0,0,34
862,1624,4.72727,312,100,27,0,0,0,0,0,0,0,39
863,1762,4.60606,304,100,28,0,0,0,0,0,0,0,38
864,1786,4.625,296,100,27,0,0,0,0,0,0,0,37
865,1958,4.5,288,100,28,0,0,0,0,0,0,0,36
866,2066,4.66667,280,100,25,0,0,0,0,0,0,0,35
867,2276,4.74576,280,100,24,0,0,0,0,0,0,0,35
868,2474,4.55172,264,100,25,0,0,0,0,0,0,0,33
869,2888,4.8,288,100,24,0,0,0,0,0,0,0,36
870,3020,4,240,100,30,0,0,0,0,0,0,0,30
871,2810,4.55385,296,100,28,0,0,0,0,0,0,0,37
872,2586,4.8,288,100,24,0,0,0,0,0,0,0,36
873,2866,4.61017,272,100,25,0,0,0,0,0,0,0,34
874,2418,4.85714,272,100,22,0,0,0,0,0,0,0,34
875,2362,4.20339,248,100,28,0,0,0,0,0,0,0,31
876,1870,3.75,240,100,34,0,0,0,0,0,0,0,30
877,2060,3.42857,240,100,40,0,0,0,0,0,0,0,30
878,1584,3.64706,248,100,37,0,0,0,0,0,0,0,31
879,1620,3.77143,264,100,37,0,0,0,0,0,0,0,33
880,1760,3.22222,232,100,43,0,0,0,0,0,0,0,29
881,1860,3.49296,248,100,40,0,0,0,0,0,0,0,31
882,1790,3.26761,232,100,42,0,0,0,0,0,0,0,29
883,1986,3.58209,240,100,37,0,0,0,0,0,0,0,30
884,2154,3.60563,256,100,39,0,0,0,0,0,0,0,32
885,1922,4.23529,288,100,32,0,0,0,0,0,0,0,36
886,1566,4.69841,296,100,26,0,0,0,0,0,0,0,37
887,1782,4.90323,304,100,24,0,0,0,0,0,0,0,38
888,1858,4.625,296,100,27,0,0,0,0,0,0,0,37
889,1944,3.9403,264,100,34,0,0,0,0,0,0,0,33
890,2172,4.36364,288,100,30,0,0,0,0,0,0,0,36
891,2246,5.47368,312,100,18,0,0,0,0,0,0,0,39
892,2370,5.05263,288,100,21,0,0,0,0,0,0,0,36
893,2148,4.8,312,100,26,0,0,0,0,0,0,0,39
894,2214,5.54839,344,100,19,0,0,0,0,0,0,0,43
895,2044,5.29032,328,100,21,0,0,0,0,0,0,0,41
896,1822,5.65517,328,100,17,0,0,0,0,0,0,0,41
897,2272,6,384,100,16,0,0,0,0,0,0,0,48
898,2810,5.33333,352,100,22,0,0,0,0,0,0,0,44
899,2032,4.72131,288,100,25,0,0,0,0,0,0,0,36
900,2246,4.75,304,100,26,0,0,0,0,0,0,0,38
901,1900,4.85714,272,100,22,0,0,0,0,0,0,0,34
902,2002,5.42857,304,100,18,0,0,0,0,0,0,0,38
903,2042,4.55172,264,100,25,0,0,0,0,0,0,0,33
904,2086,4.57143,256,100,24,0,0,0,0,0,0,0,32
905,2284,4.45902,272,100,27,0,0,0,0,0,0,0,34
906,2176,4.125,264,100,31,0,0,0,0,0,0,0,33
907,2350,4.06154,264,100,32,0,0,0,0,0,0,0,33
908,2300,4.125,264,100,31,0,0,0,0,0,0,0,33
909,2700,4.375,280,100,29,0,0,0,0,0,0,0,35
910,2610,4,264,100,33,0,0,0,0,0,0,0,33
911,2506,4.25806,264,100,29,0,0,0,0,0,0,0,33
912,2454,4.5,288,100,28,0,0,0,0,0,0,0,36
913,2584,4.4,264,100,27,0,0,0,0,0,0,0,33
914,2152,4.2,252,100,28,0,0,0,1,0,0,0,31
915,2110,4.31746,272,100,29,0,0,0,0,0,0,0,34
916,1960,4.125,264,100,31,0,0,0,0,0,0,0,33
917,1696,3.15152,208,100,40,0,0,0,0,0,0,0,26
918,1816,3.05882,208,100,42,0,0,0,0,0,0,0,26
919,2172,4.1791,280,100,32,0,0,0,0,0,0,0,35
920,2378,4.98361,304,100,23,0,0,0,0,0,0,0,38
921,2626,4.64516,288,100,26,0,0,0,0,0,0,0,36
922,2360,4.55172,264,100,25,0,0,0,0,0,0,0,33
923,2314,3.73333,224,100,32,0,0,0,0,0,0,0,28
924,2714,4.12903,256,100,30,0,0,0,0,0,0,0,32
925,2488,4.51613,280,100,27,0,0,0,0,0,0,0,35
926,2052,3.93651,248,100,32,0,0,0,0,0,0,0,31
927,2700,4.30769,280,100,30,0,0,0,0,0,0,0,35
928,2260,4.31746,272,100,29,0,0,0,0,0,0,0,34
929,2228,4.90323,304,100,24,0,0,0,0,0,0,0,38
930,2214,5.37705,328,100,20,0,0,0,0,0,0,0,41
931,2130,5.03226,312,100,23,0,0,0,0,0,0,0,39
932,1906,4.51613,280,100,27,0,0,0,0,0,0,0,35
933,1840,4.59016,280,100,26,0,0,0,0,0,0,0,35
934,1806,4.49123,256,100,25,0,0,0,0,0,0,0,32
935,2052,4.25806,264,100,29,0,0,0,0,0,0,0,33
936,1822,4.06349,256,100,31,0,0,0,0,0,0,0,32
937,1854,4.5,288,100,28,0,0,0,0,0,0,0,36
938,1864,4.44444,280,100,28,0,0,0,0,0,0,0,35
939,2232,4,264,100,33,0,0,0,0,0,0,0,33
940,2258,5.68421,324,100,16,0,0,0,1,0,0,0,40
941,2384,6,336,100,14,0,0,0,0,0,0,0,42
942,2240,5.52727,304,100,17,0,0,0,0,0,0,0,38
943,2152,4.8,288,100,24,0,0,0,0,0,0,0,36
944,1922,4.70588,240,100,21,0,0,0,0,0,0,0,30
945,1726,5.10345,296,100,21,0,0,0,0,0,0,0,37
946,2064,4.625,296,100,27,0,0,0,0,0,0,0,37
947,2106,4.06349,256,100,31,0,0,0,0,0,0,0,32
948,2194,3.80328,232,100,32,0,0,0,0,0,0,0,29
949,2036,3.5,224,100,36,0,0,0,0,0,0,0,28
950,2112,3.56923,232,100,36,0,0,0,0,0,0,0,29
951,1772,2.86567,192,100,43,0,0,0,0,0,0,0,24
952,1776,4.5,288,100,28,0,0,0,0,0,0,0,36
953,1694,4.20968,261,100,29,0,0,0,0,1,0,0,32
954,1908,3.82812,245,100,33,0,0,0,0,1,0,0,30
955,2054,3.63492,229,100,34,0,0,0,0,1,0,0,28
956,2270,3,192,100,40,0,0,0,0,0,0,0,24
957,2216,3.79661,224,100,31,0,0,0,0,0,0,0,28
958,2226,4.35088,248,100,26,0,0,0,0,0,0,0,31
959,2186,4.14286,232,100,27,0,0,0,0,0,0,0,29
960,2332,4.33898,256,100,27,0,0,0,0,0,0,0,32
961,2818,4.90323,304,100,24,0,0,0,0,0,0,0,38
962,2190,4.8254,304,100,25,0,0,0,0,0,0,0,38
963,2298,5.11475,312,100,22,0,0,0,0,0,0,0,39
964,2268,4.8254,304,100,25,0,0,0,0,0,0,0,38
965,2146,4.53333,272,100,26,0,0,0,0,0,0,0,34
966,2546,4.64516,288,100,26,0,0,0,0,0,0,0,36
967,2416,4.8254,304,100,25,0,0,0,0,0,0,0,38
968,2506,4.13333,248,100,29,0,0,0,0,0,0,0,31
969,2368,5.06667,304,100,22,0,0,0,0,0,0,0,38
970,2518,4.74576,280,100,24,0,0,0,0,0,0,0,35
971,2732,4.66667,280,100,25,0,0,0,0,0,0,0,35
972,2340,4.13333,248,100,29,0,0,0,0,0,0,0,31
973,2968,5.29032,328,100,21,0,0,0,0,0,0,0,41
974,2620,5.67273,312,100,16,0,0,0,0,0,0,0,39
975,2662,4.94545,272,100,21,0,0,0,0,0,0,0,34
976,2326,5.28814,312,100,20,0,0,0,0,0,0,0,39
977,2460,4.43077,288,100,29,0,0,0,0,0,0,0,36
978,2880,5.2,312,100,21,0,0,0,0,0,0,0,39
979,2950,5.29032,328,100,21,0,0,0,0,0,0,0,41
980,2992,5.15254,304,100,21,0,0,0,0,0,0,0,38
981,3612,5.16923,336,100,23,0,0,0,0,0,0,0,42
982,3368,5.46667,328,100,19,0,0,0,0,0,0,0,41
983,2802,5.01695,296,100,22,0,0,0,0,0,0,0,37
984,2436,4.72131,288,100,25,0,0,0,0,0,0,0,36
985,2458,4.88136,288,100,23,0,0,0,0,0,0,0,36
986,2410,5.31034,308,100,19,0,0,0,1,0,0,0,38
987,2892,5.16923,336,100,23,0,0,0,0,0,0,0,42
988,2266,4.29851,288,100,31,0,0,0,0,0,0,0,36
989,1778,4.44444,280,100,28,0,0,0,0,0,0,0,35
990,2098,4.55385,296,100,28,0,0,0,0,0,0,0,37
991,1982,5.11475,312,100,22,0,0,0,0,0,0,0,39
992,2090,4.44444,280,100,28,0,0,0,0,0,0,0,35
993,2164,4.59016,280,100,26,0,0,0,0,0,0,0,35
994,1638,4.72131,288,100,25,0,0,0,0,0,0,0,36
995,1392,4.3871,272,100,28,0,0,0,0,0,0,0,34
996,1798,5.20635,328,100,22,0,0,0,0,0,0,0,41
997,2110,5.40909,357,100,21,0,0,0,0,1,0,0,44
998,2190,5.32787,325,100,20,0,0,0,0,1,0,0,40
999,2280,5.125,328,100,23,0,0,0,0,0,0,0,41
