update,points,mean_tasks,total_tasks,total_orgs,task_0,task_1,task_2,task_3,task_4,task_5,task_6,task_7,task_8
0,0,nan,0,8,0,0,0,0,0,0,0,0,0
1,6,0,0,8,2,0,0,0,0,0,0,0,0
2,12,0,0,8,3,0,0,0,0,0,0,0,0
3,18,0,0,8,4,0,0,0,0,0,0,0,0
4,20,0,0,8,4,0,0,0,0,0,0,0,0
5,22,0,0,8,4,0,0,0,0,0,0,0,0
6,22,0,0,8,4,0,0,0,0,0,0,0,0
7,24,0,0,8,4,0,0,0,0,0,0,0,0
8,36,1.6,8,9,4,0,0,0,0,0,0,0,1
9,38,1.33333,8,9,5,0,0,0,0,0,0,0,1
10,40,1.33333,8,9,5,0,0,0,0,0,0,0,1
11,42,1.33333,8,9,5,0,0,0,0,0,0,0,1
12,42,1.33333,8,9,5,0,0,0,0,0,0,0,1
13,44,1.33333,8,9,5,0,0,0,0,0,0,0,1
14,44,1.33333,8,9,5,0,0,0,0,0,0,0,1
15,44,1.33333,8,9,5,0,0,0,0,0,0,0,1
16,44,1.33333,8,9,5,0,0,0,0,0,0,0,1
17,46,1.33333,8,9,5,0,0,0,0,0,0,0,1
18,46,1.33333,8,9,5,0,0,0,0,0,0,0,1
19,46,1.33333,8,9,5,0,0,0,0,0,0,0,1
20,46,1.33333,8,9,5,0,0,0,0,0,0,0,1
21,48,1.33333,8,9,5,0,0,0,0,0,0,0,1
22,48,1.33333,8,9,5,0,0,0,0,0,0,0,1
23,50,1.33333,8,9,5,0,0,0,0,0,0,0,1
24,50,1.33333,8,9,5,0,0,0,0,0,0,0,1
25,50,1.33333,8,9,5,0,0,0,0,0,0,0,1
26,50,1.33333,8,9,5,0,0,0,0,0,0,0,1
27,54,1.14286,8,9,6,0,0,0,0,0,0,0,1
28,54,1.14286,8,9,6,0,0,0,0,0,0,0,1
29,54,1.14286,8,9,6,0,0,0,0,0,0,0,1
30,54,1.14286,8,9,6,0,0,0,0,0,0,0,1
31,54,1.14286,8,9,6,0,0,0,0,0,0,0,1
32,54,1.14286,8,9,6,0,0,0,0,0,0,0,1
33,56,1.14286,8,9,6,0,0,0,0,0,0,0,1
34,56,1.14286,8,9,6,0,0,0,0,0,0,0,1
35,56,1.14286,8,9,6,0,0,0,0,0,0,0,1
36,56,1.14286,8,9,6,0,0,0,0,0,0,0,1
37,58,1.14286,8,9,6,0,0,0,0,0,0,0,1
38,58,1.14286,8,9,6,0,0,0,0,0,0,0,1
39,58,1.14286,8,9,6,0,0,0,0,0,0,0,1
40,58,1.14286,8,9,6,0,0,0,0,0,0,0,1
41,60,1.14286,8,9,6,0,0,0,0,0,0,0,1
42,60,1.14286,8,9,6,0,0,0,0,0,0,0,1
43,42,1.14286,8,10,6,0,0,0,0,0,0,0,1
44,44,1,8,10,7,0,0,0,0,0,0,0,1
45,46,1,8,10,7,0,0,0,0,0,0,0,1
46,46,1,8,10,7,0,0,0,0,0,0,0,1
47,48,1,8,10,7,0,0,0,0,0,0,0,1
48,60,2,16,11,6,0,0,0,0,0,0,0,2
49,62,1.77778,16,11,7,0,0,0,0,0,0,0,2
50,66,0.888889,8,11,8,0,0,0,0,0,0,0,1
51,68,0.888889,8,11,8,0,0,0,0,0,0,0,1
52,68,0.888889,8,11,8,0,0,0,0,0,0,0,1
53,82,1.77778,16,12,7,0,0,0,0,0,0,0,2
54,88,0.8,8,12,9,0,0,0,0,0,0,0,1
55,70,0.8,8,13,9,0,0,0,0,0,0,0,1
56,70,0.8,8,13,9,0,0,0,0,0,0,0,1
57,76,0.727273,8,13,10,0,0,0,0,0,0,0,1
58,78,0.727273,8,13,10,0,0,0,0,0,0,0,1
59,90,1.45455,16,14,9,0,0,0,0,0,0,0,2
60,94,1.33333,16,14,10,0,0,0,0,0,0,0,2
61,100,0.666667,8,14,11,0,0,0,0,0,0,0,1
62,78,0.727273,8,14,10,0,0,0,0,0,0,0,1
63,82,0.666667,8,14,11,0,0,0,0,0,0,0,1
64,84,0.666667,8,14,11,0,0,0,0,0,0,0,1
65,92,0.666667,8,14,11,0,0,0,0,0,0,0,1
66,94,0.666667,8,14,11,0,0,0,0,0,0,0,1
67,106,1.45455,16,14,9,0,0,0,0,0,0,0,2
68,110,0.666667,8,14,11,0,0,0,0,0,0,0,1
69,96,0.666667,8,15,11,0,0,0,0,0,0,0,1
70,96,0.666667,8,15,11,0,0,0,0,0,0,0,1
71,108,1.23077,16,16,11,0,0,0,0,0,0,0,2
72,124,1.23077,16,17,11,0,0,0,0,0,0,0,2
73,148,1.06667,16,18,13,0,0,0,0,0,0,0,2
74,154,0.533333,8,18,14,0,0,0,0,0,0,0,1
75,154,0.533333,8,18,14,0,0,0,0,0,0,0,1
76,126,0.571429,8,18,13,0,0,0,0,0,0,0,1
77,146,1.06667,16,19,13,0,0,0,0,0,0,0,2
78,148,1,16,19,14,0,0,0,0,0,0,0,2
79,148,1,16,19,14,0,0,0,0,0,0,0,2
80,150,1,16,19,14,0,0,0,0,0,0,0,2
81,158,2,32,22,12,0,0,0,0,0,0,0,4
82,144,1.33333,24,22,15,0,0,0,0,0,0,0,3
83,150,1.33333,24,22,15,0,0,0,0,0,0,0,3
84,152,1.33333,24,22,15,0,0,0,0,0,0,0,3
85,156,1.33333,24,22,15,0,0,0,0,0,0,0,3
86,168,1.77778,32,23,14,0,0,0,0,0,0,0,4
87,172,1.68421,32,23,15,0,0,0,0,0,0,0,4
88,176,1.68421,32,23,15,0,0,0,0,0,0,0,4
89,194,2.10526,40,24,14,0,0,0,0,0,0,0,5
90,176,1.68421,32,24,15,0,0,0,0,0,0,0,4
91,162,1.68421,32,25,15,0,0,0,0,0,0,0,4
92,170,1.6,32,25,16,0,0,0,0,0,0,0,4
93,158,1.68421,32,25,15,0,0,0,0,0,0,0,4
94,160,1.6,32,25,16,0,0,0,0,0,0,0,4
95,162,1.6,32,25,16,0,0,0,0,0,0,0,4
96,164,1.6,32,25,16,0,0,0,0,0,0,0,4
97,174,1.6,32,25,16,0,0,0,0,0,0,0,4
98,188,2,40,25,15,0,0,0,0,0,0,0,5
99,172,1.6,32,25,16,0,0,0,0,0,0,0,4
100,176,1.6,32,25,16,0,0,0,0,0,0,0,4
101,166,1.6,32,26,16,0,0,0,0,0,0,0,4
102,166,1.6,32,26,16,0,0,0,0,0,0,0,4
103,172,1.52381,32,26,17,0,0,0,0,0,0,0,4
104,176,1.52381,32,26,17,0,0,0,0,0,0,0,4
105,184,1.52381,32,26,17,0,0,0,0,0,0,0,4
106,198,1.90476,40,26,16,0,0,0,0,0,0,0,5
107,206,1.52381,32,26,17,0,0,0,0,0,0,0,4
108,210,1.52381,32,26,17,0,0,0,0,0,0,0,4
109,190,1.6,32,26,16,0,0,0,0,0,0,0,4
110,194,1.52381,32,26,17,0,0,0,0,0,0,0,4
111,200,1.52381,32,26,17,0,0,0,0,0,0,0,4
112,202,1.52381,32,26,17,0,0,0,0,0,0,0,4
113,184,1.6,32,26,16,0,0,0,0,0,0,0,4
114,212,2.28571,48,27,15,0,0,0,0,0,0,0,6
115,200,1.90476,40,27,16,0,0,0,0,0,0,0,5
116,196,2.18182,48,29,16,0,0,0,0,0,0,0,6
117,210,1.66667,40,29,19,0,0,0,0,0,0,0,5
118,198,1.66667,40,29,19,0,0,0,0,0,0,0,5
119,186,1.66667,40,29,19,0,0,0,0,0,0,0,5
120,206,1.66667,40,30,19,0,0,0,0,0,0,0,5
121,210,2.08696,48,31,17,0,0,0,0,0,0,0,6
122,238,2.56,64,32,17,0,0,0,0,0,0,0,8
123,196,2.24,56,32,18,0,0,0,0,0,0,0,7
124,230,2.96296,80,34,17,0,0,0,0,0,0,0,10
125,256,2.57143,72,35,19,0,0,0,0,0,0,0,9
126,274,2.66667,80,37,20,0,0,0,0,0,0,0,10
127,286,2.4,72,38,21,0,0,0,0,0,0,0,9
128,294,2.5,80,39,22,0,0,0,0,0,0,0,10
129,326,2.18182,72,41,24,0,0,0,0,0,0,0,9
130,344,2.35294,80,43,24,0,0,0,0,0,0,0,10
131,360,1.88235,64,45,26,0,0,0,0,0,0,0,8
132,364,2.44444,88,46,25,0,0,0,0,0,0,0,11
133,354,2.51429,88,46,24,0,0,0,0,0,0,0,11
134,370,2.37838,88,48,26,0,0,0,0,0,0,0,11
135,426,2.87179,112,51,25,0,0,0,0,0,0,0,14
136,450,2.97674,128,53,27,0,0,0,0,0,0,0,16
137,478,2,88,54,33,0,0,0,0,0,0,0,11
138,450,2.18182,96,54,32,0,0,0,0,0,0,0,12
139,480,2.31111,104,55,32,0,0,0,0,0,0,0,13
140,514,2.66667,120,57,30,0,0,0,0,0,0,0,15
141,452,2.23256,96,58,31,0,0,0,0,0,0,0,12
142,460,2.73171,112,58,27,0,0,0,0,0,0,0,14
143,494,2.78261,128,61,30,0,0,0,0,0,0,0,16
144,570,2.5098,128,64,35,0,0,0,0,0,0,0,16
145,532,2.89362,136,66,30,0,0,0,0,0,0,0,17
146,566,3.45098,176,69,29,0,0,0,0,0,0,0,22
147,688,3.49091,192,71,31,0,0,0,0,0,0,0,24
148,810,3.36842,192,76,33,0,0,0,0,0,0,0,24
149,802,3.72414,216,79,31,0,0,0,0,0,0,0,27
150,800,3.79661,224,83,31,0,0,0,0,0,0,0,28
151,828,3.80328,232,85,32,0,0,0,0,0,0,0,29
152,854,3.30159,208,85,37,0,0,0,0,0,0,0,26
153,880,3.22581,200,88,37,0,0,0,0,0,0,0,25
154,912,2.95385,192,89,41,0,0,0,0,0,0,0,24
155,990,3.17647,216,92,41,0,0,0,0,0,0,0,27
156,1110,3.22727,213,93,39,0,0,0,0,1,0,0,26
157,1096,3.95455,261,94,33,0,0,0,0,1,0,0,32
158,1114,3.77612,253,95,35,0,0,0,0,1,0,0,31
159,1242,4.35294,296,95,31,0,0,0,0,0,0,0,37
160,1046,3.8209,256,96,35,0,0,0,0,0,0,0,32
161,1186,3.65714,256,97,38,0,0,0,0,0,0,0,32
162,1148,3.71831,264,97,38,0,0,0,0,0,0,0,33
163,1218,4,280,97,35,0,0,0,0,0,0,0,35
164,1278,3.42857,240,97,40,0,0,0,0,0,0,0,30
165,1232,3.75,240,100,34,0,0,0,0,0,0,0,30
166,1250,4.24242,280,100,31,0,0,0,0,0,0,0,35
167,1192,5.11475,312,100,22,0,0,0,0,0,0,0,39
168,1476,4.89552,328,100,26,0,0,0,0,0,0,0,41
169,1366,3.81538,248,100,34,0,0,0,0,0,0,0,31
170,1188,3.32308,216,100,38,0,0,0,0,0,0,0,27
171,1288,3.80952,240,100,33,0,0,0,0,0,0,0,30
172,1288,4.26667,256,100,28,0,0,0,0,0,0,0,32
173,1240,4.06349,256,100,31,0,0,0,0,0,0,0,32
174,1164,3.93651,248,100,32,0,0,0,0,0,0,0,31
175,1160,4.26667,256,100,28,0,0,0,0,0,0,0,32
176,1058,4.88889,308,100,24,0,0,0,1,0,0,0,38
177,1062,4.50794,284,100,27,0,0,0,1,0,0,0,35
178,1016,4.06154,264,100,32,0,0,0,0,0,0,0,33
179,1014,4.57143,288,100,27,0,0,0,0,0,0,0,36
180,1114,4,264,100,33,0,0,0,0,0,0,0,33
181,1164,3.64706,248,100,37,0,0,0,0,0,0,0,31
182,1082,3.70149,248,100,36,0,0,0,0,0,0,0,31
183,1040,3.41176,232,100,39,0,0,0,0,0,0,0,29
184,1092,3.65714,256,100,38,0,0,0,0,0,0,0,32
185,1050,3.24638,224,100,41,0,0,0,0,0,0,0,28
186,1082,4.11765,280,100,33,0,0,0,0,0,0,0,35
187,876,3.68254,232,100,34,0,0,0,0,0,0,0,29
188,1026,4.30769,280,100,30,0,0,0,0,0,0,0,35
189,972,4.31746,272,100,29,0,0,0,0,0,0,0,34
190,1114,4.65672,312,100,28,0,0,0,0,0,0,0,39
191,1102,4.44444,280,100,28,0,0,0,0,0,0,0,35
192,1072,4.49315,328,100,32,0,0,0,0,0,0,0,41
193,978,3.67568,272,100,40,0,0,0,0,0,0,0,34
194,1106,3.67568,272,100,40,0,0,0,0,0,0,0,34
195,1008,4.27397,312,100,34,0,0,0,0,0,0,0,39
196,1020,4.21622,312,100,35,0,0,0,0,0,0,0,39
197,900,4.68571,328,100,29,0,0,0,0,0,0,0,41
198,1096,4.54054,336,100,32,0,0,0,0,0,0,0,42
199,1014,4.98551,344,100,26,0,0,0,0,0,0,0,43
200,1294,4.68571,328,100,29,0,0,0,0,0,0,0,41
201,1118,4.75362,328,100,28,0,0,0,0,0,0,0,41
202,1278,4.89552,328,100,26,0,0,0,0,0,0,0,41
203,1156,5.04615,328,100,24,0,0,0,0,0,0,0,41
204,1106,4.91429,344,100,27,0,0,0,0,0,0,0,43
205,1146,5.52941,376,100,21,0,0,0,0,0,0,0,47
206,1116,5.10145,352,100,25,0,0,0,0,0,0,0,44
207,1044,4.33333,312,100,33,0,0,0,0,0,0,0,39
208,1030,4.91429,344,100,27,0,0,0,0,0,0,0,43
209,1118,5.625,360,100,19,0,0,0,0,0,0,0,45
210,1070,5.49254,368,100,21,0,0,0,0,0,0,0,46
211,1138,4.97297,368,100,28,0,0,0,0,0,0,0,46
212,1106,5.16923,336,100,23,0,0,0,0,0,0,0,42
213,1256,5.25373,352,100,23,0,0,0,0,0,0,0,44
214,1198,5.33333,368,100,23,0,0,0,0,0,0,0,46
215,1046,4.95238,312,100,24,0,0,0,0,0,0,0,39
216,1160,5.17647,352,100,24,0,0,0,0,0,0,0,44
217,1278,5.14286,360,100,25,0,0,0,0,0,0,0,45
218,1390,5.5,352,100,20,0,0,0,0,0,0,0,44
219,1312,6.19355,384,100,14,0,0,0,0,0,0,0,48
220,1354,6.28571,352,100,12,0,0,0,0,0,0,0,44
221,1184,6.59649,376,100,10,0,0,0,0,0,0,0,47
222,1104,6.06452,376,100,15,0,0,0,0,0,0,0,47
223,1222,6.27692,408,100,14,0,0,0,0,0,0,0,51
224,1190,6.375,408,100,13,0,0,0,0,0,0,0,51
225,1070,5.63934,344,100,18,0,0,0,0,0,0,0,43
226,1258,5.71429,360,100,18,0,0,0,0,0,0,0,45
227,1274,5.82812,373,100,17,0,0,0,0,1,0,0,46
228,1380,5.85246,357,100,16,0,0,0,0,1,0,0,44
229,1360,5.67742,352,100,18,0,0,0,0,0,0,0,44
230,1022,5.53846,360,100,20,0,0,0,0,0,0,0,45
231,1126,5.88235,400,100,18,0,0,0,0,0,0,0,50
232,1128,5.67742,352,100,18,0,0,0,0,0,0,0,44
233,1148,5.66154,368,100,19,0,0,0,0,0,0,0,46
234,1204,5.71429,400,100,20,0,0,0,0,0,0,0,50
235,1074,4.86957,336,100,27,0,0,0,0,0,0,0,42
236,1162,4.62857,324,100,29,0,0,0,1,0,0,0,40
237,1122,4.32877,316,100,33,0,0,0,1,0,0,0,39
238,984,4.23188,292,100,32,0,0,0,1,0,0,0,36
239,924,4.5625,292,100,27,0,0,0,1,0,0,0,36
240,996,4.4,308,100,31,0,0,0,1,0,0,0,38
241,1090,4.73239,336,100,29,0,0,0,0,0,0,0,42
242,1086,4.52174,312,100,30,0,0,0,0,0,0,0,39
243,1124,4.625,296,100,27,0,0,0,0,0,0,0,37
244,1012,4.31746,272,100,29,0,0,0,0,0,0,0,34
245,976,4.36364,288,100,30,0,0,0,0,0,0,0,36
246,1020,4.11765,280,100,33,0,0,0,0,0,0,0,35
247,1038,4.24242,280,100,31,0,0,0,0,0,0,0,35
248,966,4.55385,296,100,28,0,0,0,0,0,0,0,37
249,994,4.72727,312,100,27,0,0,0,0,0,0,0,39
250,1074,4.75,304,100,26,0,0,0,0,0,0,0,38
251,1074,5.20635,328,100,22,0,0,0,0,0,0,0,41
252,986,5.20312,333,100,22,0,0,0,0,1,0,0,41
253,942,5.8871,365,100,16,0,0,0,0,1,0,0,45
254,872,4.98361,304,100,23,0,0,0,0,0,0,0,38
255,932,5.37705,328,100,20,0,0,0,0,0,0,0,41
256,914,5.07937,320,100,23,0,0,0,0,0,0,0,40
257,944,5.20635,328,100,22,0,0,0,0,0,0,0,41
258,1000,5.55556,400,100,22,0,0,0,0,0,0,0,50
259,1044,5.16923,336,100,23,0,0,0,0,0,0,0,42
260,930,5.25,336,100,22,0,0,0,0,0,0,0,42
261,1016,4.9697,328,100,25,0,0,0,0,0,0,0,41
262,1064,4.73134,317,100,27,0,0,0,0,1,0,0,39
263,824,4.8254,304,100,25,0,0,0,0,0,0,0,38
264,878,4.53731,304,100,29,0,0,0,0,0,0,0,38
265,1014,4.34286,304,100,32,0,0,0,0,0,0,0,38
266,952,4.05797,280,100,34,0,0,0,0,0,0,0,35
267,1046,4.10811,304,100,36,0,0,0,0,0,0,0,38
268,1128,4.16438,304,100,35,0,0,0,0,0,0,0,38
269,1066,3.78378,280,100,39,0,0,0,0,0,0,0,35
270,952,3.94366,280,100,36,0,0,0,0,0,0,0,35
271,942,3.78378,280,100,39,0,0,0,0,0,0,0,35
272,970,4.05797,280,100,34,0,0,0,0,0,0,0,35
273,936,4.45902,272,100,27,0,0,0,0,0,0,0,34
274,910,5.125,328,100,23,0,0,0,0,0,0,0,41
275,980,4.36364,288,100,30,0,0,0,0,0,0,0,36
276,1046,4.8,312,100,26,0,0,0,0,0,0,0,39
277,968,4,256,100,32,0,0,0,0,0,0,0,32
278,942,3.64706,248,100,37,0,0,0,0,0,0,0,31
279,1018,4.30769,280,100,30,0,0,0,0,0,0,0,35
280,1050,4.375,280,100,29,0,0,0,0,0,0,0,35
281,894,4.85246,296,100,24,0,0,0,0,0,0,0,37
282,1010,5.54839,344,100,19,0,0,0,0,0,0,0,43
283,924,5.33333,320,100,20,0,0,0,0,0,0,0,40
284,884,5.15873,325,100,22,0,0,0,0,1,0,0,40
285,1100,5.20312,333,100,22,0,0,0,0,1,0,0,41
286,1118,5.40278,389,100,23,0,0,0,0,1,0,0,48
287,1164,5.25352,373,100,24,0,0,0,0,1,0,0,46
288,1258,5.49254,368,100,21,0,0,0,0,0,0,0,46
289,1284,5.03226,312,100,23,0,0,0,0,0,0,0,39
290,1226,5.5,352,100,20,0,0,0,0,0,0,0,44
291,1288,5.26984,332,100,21,0,0,0,1,0,0,0,41
292,806,5.35714,300,100,18,0,0,0,1,0,0,0,37
293,848,6.10526,348,100,13,0,0,0,1,0,0,0,43
294,1038,5.875,376,100,17,0,0,0,0,0,0,0,47
295,1052,4.98551,344,100,26,0,0,0,0,0,0,0,43
296,1068,5.10145,352,100,25,0,0,0,0,0,0,0,44
297,1208,4.86957,336,100,27,0,0,0,0,0,0,0,42
298,816,4.55385,296,100,28,0,0,0,0,0,0,0,37
299,984,5.01493,336,100,25,0,0,0,0,0,0,0,42
300,1018,4.77612,320,100,27,0,0,0,0,0,0,0,40
301,1078,4.8254,304,100,25,0,0,0,0,0,0,0,38
302,968,4.59016,280,100,26,0,0,0,0,0,0,0,35
303,970,4.8254,304,100,25,0,0,0,0,0,0,0,38
304,1010,5.04615,328,100,24,0,0,0,0,0,0,0,41
305,1060,4.91429,344,100,27,0,0,0,0,0,0,0,43
306,1112,4.18462,272,100,31,0,0,0,0,0,0,0,34
307,1142,3.70149,248,100,36,0,0,0,0,0,0,0,31
308,1112,3.77778,272,100,38,0,0,0,0,0,0,0,34
309,1274,4.11429,288,100,34,0,0,0,0,0,0,0,36
310,1054,4.45902,272,100,27,0,0,0,0,0,0,0,34
311,1076,4.53731,304,100,29,0,0,0,0,0,0,0,38
312,1132,4.12121,272,100,32,0,0,0,0,0,0,0,34
313,1262,4.47059,304,100,30,0,0,0,0,0,0,0,38
314,1104,4.31746,272,100,29,0,0,0,0,0,0,0,34
315,1122,4.30769,280,100,30,0,0,0,0,0,0,0,35
316,1116,4.55172,264,100,25,0,0,0,0,0,0,0,33
317,976,4.06154,264,100,32,0,0,0,0,0,0,0,33
318,1038,4.3871,272,100,28,0,0,0,0,0,0,0,34
319,1054,4.23529,288,100,32,0,0,0,0,0,0,0,36
320,1016,4.30769,280,100,30,0,0,0,0,0,0,0,35
321,1122,4.05797,280,100,34,0,0,0,0,0,0,0,35
322,1044,4.25806,264,100,29,0,0,0,0,0,0,0,33
323,1080,4.72131,288,100,25,0,0,0,0,0,0,0,36
324,1132,4.8,288,100,24,0,0,0,0,0,0,0,36
325,1236,4.47458,264,100,26,0,0,0,0,0,0,0,33
326,1054,4.49123,256,100,25,0,0,0,0,0,0,0,32
327,1084,5.03226,312,100,23,0,0,0,0,0,0,0,39
328,1240,5.03226,312,100,23,0,0,0,0,0,0,0,39
329,1240,5,320,100,24,0,0,0,0,0,0,0,40
330,1254,5.33333,336,100,21,0,0,0,0,0,0,0,42
331,1316,4.82353,328,100,27,0,0,0,0,0,0,0,41
332,1314,4.67692,304,100,27,0,0,0,0,0,0,0,38
333,910,3.87097,240,100,32,0,0,0,0,0,0,0,30
334,908,4.8254,304,100,25,0,0,0,0,0,0,0,38
335,848,4.12121,272,100,32,0,0,0,0,0,0,0,34
336,844,3.76471,256,100,36,0,0,0,0,0,0,0,32
337,966,4.36364,288,100,30,0,0,0,0,0,0,0,36
338,962,4.31746,272,100,29,0,0,0,0,0,0,0,34
339,974,4.72131,288,100,25,0,0,0,0,0,0,0,36
340,1016,4.8254,304,100,25,0,0,0,0,0,0,0,38
341,1002,6.14286,344,100,13,0,0,0,0,0,0,0,43
342,890,5.42857,304,100,18,0,0,0,0,0,0,0,38
343,904,5.09091,336,100,24,0,0,0,0,0,0,0,42
344,912,4.32787,264,100,28,0,0,0,0,0,0,0,33
345,946,4.72131,288,100,25,0,0,0,0,0,0,0,36
346,1058,4.9697,328,100,25,0,0,0,0,0,0,0,41
347,984,4.75,304,100,26,0,0,0,0,0,0,0,38
348,1058,4.44444,280,100,28,0,0,0,0,0,0,0,35
349,994,3.80952,240,100,33,0,0,0,0,0,0,0,30
350,1128,3.70149,248,100,36,0,0,0,0,0,0,0,31
351,1100,3.9322,232,100,30,0,0,0,0,0,0,0,29
352,1062,3.34328,224,100,39,0,0,0,0,0,0,0,28
353,1054,4.06154,264,100,32,0,0,0,0,0,0,0,33
354,1026,3.52308,229,100,36,0,0,0,0,1,0,0,28
355,1074,3.42857,240,100,40,0,0,0,0,0,0,0,30
356,1096,2.89855,200,100,44,0,0,0,0,0,0,0,25
357,952,3.48387,216,100,35,0,0,0,0,0,0,0,27
358,1064,3.625,232,100,35,0,0,0,0,0,0,0,29
359,1042,3.75758,248,100,35,0,0,0,0,0,0,0,31
360,1130,3.75,240,100,34,0,0,0,0,0,0,0,30
361,1058,3.14754,192,100,37,0,0,0,0,0,0,0,24
362,1120,3.01639,184,100,38,0,0,0,0,0,0,0,23
363,1158,2.79365,176,100,41,0,0,0,0,0,0,0,22
364,934,2.4918,152,100,42,0,0,0,0,0,0,0,19
365,1034,2.75,176,100,42,0,0,0,0,0,0,0,22
366,1216,2.50746,168,100,46,0,0,0,0,0,0,0,21
367,1194,2.78261,192,100,45,0,0,0,0,0,0,0,24
368,1186,3.15152,208,100,40,0,0,0,0,0,0,0,26
369,1216,2.62687,176,100,45,0,0,0,0,0,0,0,22
370,1154,3.125,200,100,39,0,0,0,0,0,0,0,25
371,1150,3.27273,216,100,39,0,0,0,0,0,0,0,27
372,1074,3.73333,224,100,32,0,0,0,0,0,0,0,28
373,1028,3.32308,216,100,38,0,0,0,0,0,0,0,27
374,1050,3.42857,216,100,36,0,0,0,0,0,0,0,27
375,1010,3.68254,232,100,34,0,0,0,0,0,0,0,29
376,992,2.625,168,100,43,0,0,0,0,0,0,0,21
377,1134,2.70588,184,100,45,0,0,0,0,0,0,0,23
378,994,3.2,208,100,39,0,0,0,0,0,0,0,26
379,1074,4.0678,240,100,29,0,0,0,0,0,0,0,30
380,1008,3.80328,232,100,32,0,0,0,0,0,0,0,29
381,1140,3.25,208,100,38,0,0,0,0,0,0,0,26
382,1110,3.35484,208,100,36,0,0,0,0,0,0,0,26
383,1034,2.95385,192,100,41,0,0,0,0,0,0,0,24
384,1050,3.01639,184,100,38,0,0,0,0,0,0,0,23
385,1100,3.32308,216,100,38,0,0,0,0,0,0,0,27
386,1030,3.38983,200,100,34,0,0,0,0,0,0,0,25
387,990,4.57143,256,100,24,0,0,0,0,0,0,0,32
388,1116,4.25806,264,100,29,0,0,0,0,0,0,0,33
389,1196,3.80952,240,100,33,0,0,0,0,0,0,0,30
390,1274,3.125,200,100,39,0,0,0,0,0,0,0,25
391,1128,3.74194,232,100,33,0,0,0,0,0,0,0,29
392,982,3.48387,216,100,35,0,0,0,0,0,0,0,27
393,1010,3.78947,216,100,30,0,0,0,0,0,0,0,27
394,980,2.88525,176,100,39,0,0,0,0,0,0,0,22
395,1168,3.22581,200,100,37,0,0,0,0,0,0,0,25
396,1070,3.50877,200,100,32,0,0,0,0,0,0,0,25
397,1228,3.58621,208,100,32,0,0,0,0,0,0,0,26
398,1310,3.6,216,100,33,0,0,0,0,0,0,0,27
399,1074,3.78182,208,100,29,0,0,0,0,0,0,0,26
400,1216,3.79661,224,100,31,0,0,0,0,0,0,0,28
401,1274,4.68966,272,100,24,0,0,0,0,0,0,0,34
402,1300,4.77193,272,100,23,0,0,0,0,0,0,0,34
403,1286,4.42857,248,100,25,0,0,0,0,0,0,0,31
404,1350,4.49123,256,100,25,0,0,0,0,0,0,0,32
405,1258,4.28571,240,100,26,0,0,0,0,0,0,0,30
406,1284,4.61017,272,100,25,0,0,0,0,0,0,0,34
407,1268,4.625,296,100,27,0,0,0,0,0,0,0,37
408,1178,4.27586,248,100,27,0,0,0,0,0,0,0,31
409,1330,3.93846,256,100,33,0,0,0,0,0,0,0,32
410,1204,3.80952,240,100,33,0,0,0,0,0,0,0,30
411,1184,3.58209,240,100,37,0,0,0,0,0,0,0,30
412,1198,3.9403,264,100,34,0,0,0,0,0,0,0,33
413,1116,4.95238,312,100,24,0,0,0,0,0,0,0,39
414,1192,4.53731,304,100,29,0,0,0,0,0,0,0,38
415,1088,3.82609,264,100,36,0,0,0,0,0,0,0,33
416,1230,4.24242,280,100,31,0,0,0,0,0,0,0,35
417,1254,4.12308,268,100,31,0,0,0,1,0,0,0,33
418,1212,4.32787,264,100,28,0,0,0,0,0,0,0,33
419,1062,3.5,224,100,36,0,0,0,0,0,0,0,28
420,1118,3.2,208,100,39,0,0,0,0,0,0,0,26
421,1176,3.22388,216,100,40,0,0,0,0,0,0,0,27
422,1152,3.13043,216,100,42,0,0,0,0,0,0,0,27
423,1176,3.44615,224,100,37,0,0,0,0,0,0,0,28
424,988,4.13333,248,100,29,0,0,0,0,0,0,0,31
425,1070,3.63636,240,100,36,0,0,0,0,0,0,0,30
426,1002,3.6129,224,100,34,0,0,0,0,0,0,0,28
427,1096,4.0597,272,100,33,0,0,0,0,0,0,0,34
428,1058,4.18462,272,100,31,0,0,0,0,0,0,0,34
429,996,4,256,100,32,0,0,0,0,0,0,0,32
430,1096,4.18462,272,100,31,0,0,0,0,0,0,0,34
431,1178,4.30769,280,100,30,0,0,0,0,0,0,0,35
432,1120,4.64516,288,100,26,0,0,0,0,0,0,0,36
433,878,5.19298,296,100,20,0,0,0,0,0,0,0,37
434,924,4.96552,288,100,22,0,0,0,0,0,0,0,36
435,910,4.86667,292,100,23,0,0,0,1,0,0,0,36
436,1108,5.31148,324,100,20,0,0,0,1,0,0,0,40
437,976,4.51613,280,100,27,0,0,0,0,0,0,0,35
438,972,3.93846,256,100,33,0,0,0,0,0,0,0,32
439,1112,4.23529,288,100,32,0,0,0,0,0,0,0,36
440,1070,3.94366,280,100,36,0,0,0,0,0,0,0,35
441,1122,4.11429,288,100,34,0,0,0,0,0,0,0,36
442,1028,4.8,312,100,26,0,0,0,0,0,0,0,39
443,934,4.30769,280,100,30,0,0,0,0,0,0,0,35
444,998,4.8,312,100,26,0,0,0,0,0,0,0,39
445,1018,4.44444,280,100,28,0,0,0,0,0,0,0,35
446,988,4.375,280,100,29,0,0,0,0,0,0,0,35
447,1148,4.68571,328,100,29,0,0,0,0,0,0,0,41
448,1200,4.58824,312,100,29,0,0,0,0,0,0,0,39
449,1112,4.57143,320,100,30,0,0,0,0,0,0,0,40
450,1090,4.60606,304,100,28,0,0,0,0,0,0,0,38
451,984,4.55385,296,100,28,0,0,0,0,0,0,0,37
452,1110,4.57143,288,100,27,0,0,0,0,0,0,0,36
453,960,4.375,280,100,29,0,0,0,0,0,0,0,35
454,942,3.76471,256,100,36,0,0,0,0,0,0,0,32
455,1032,4.125,264,100,31,0,0,0,0,0,0,0,33
456,1002,5.03226,312,100,23,0,0,0,0,0,0,0,39
457,1072,4.47059,304,100,30,0,0,0,0,0,0,0,38
458,1016,4.47059,304,100,30,0,0,0,0,0,0,0,38
459,1066,4.05634,288,100,35,0,0,0,0,0,0,0,36
460,944,3.34328,224,100,39,0,0,0,0,0,0,0,28
461,992,4,280,100,35,0,0,0,0,0,0,0,35
462,1040,4.07143,285,100,34,0,0,0,0,1,0,0,35
463,934,4.41791,296,100,30,0,0,0,0,0,0,0,37
464,968,4.0597,272,100,33,0,0,0,0,0,0,0,34
465,1018,3.76471,256,100,36,0,0,0,0,0,0,0,32
466,988,3.29412,224,100,40,0,0,0,0,0,0,0,28
467,928,3.52941,240,100,38,0,0,0,0,0,0,0,30
468,1100,3.38028,240,100,41,0,0,0,0,0,0,0,30
469,1044,2.88889,208,100,46,0,0,0,0,0,0,0,26
470,1066,2.92958,208,100,45,0,0,0,0,0,0,0,26
471,1112,3.01449,208,100,43,0,0,0,0,0,0,0,26
472,1166,3.13514,232,100,45,0,0,0,0,0,0,0,29
473,1014,3.15493,224,100,43,0,0,0,0,0,0,0,28
474,1060,3.2,240,100,45,0,0,0,0,0,0,0,30
475,1090,3.02703,224,100,46,0,0,0,0,0,0,0,28
476,1010,3.44444,248,100,41,0,0,0,0,0,0,0,31
477,944,3,216,100,45,0,0,0,0,0,0,0,27
478,1022,3.15789,240,100,46,0,0,0,0,0,0,0,30
479,1042,2.94737,224,100,48,0,0,0,0,0,0,0,28
480,986,3.62667,272,100,41,0,0,0,0,0,0,0,34
481,888,3.88235,264,100,35,0,0,0,0,0,0,0,33
482,904,3.87879,256,100,34,0,0,0,0,0,0,0,32
483,960,3.76471,256,100,36,0,0,0,0,0,0,0,32
484,962,2.66667,184,100,46,0,0,0,0,0,0,0,23
485,1056,2.97143,208,100,44,0,0,0,0,0,0,0,26
486,1068,2.27027,168,100,53,0,0,0,0,0,0,0,21
487,1086,2.78261,192,100,45,0,0,0,0,0,0,0,24
488,1062,2.89855,200,100,44,0,0,0,0,0,0,0,25
489,1082,2.92958,208,100,45,0,0,0,0,0,0,0,26
490,1048,2.30303,152,100,47,0,0,0,0,0,0,0,19
491,1124,2.3662,168,100,50,0,0,0,0,0,0,0,21
492,1096,3.38028,240,100,41,0,0,0,0,0,0,0,30
493,1102,3.26761,232,100,42,0,0,0,0,0,0,0,29
494,1184,2.97143,208,100,44,0,0,0,0,0,0,0,26
495,1098,2.94118,200,100,43,0,0,0,0,0,0,0,25
496,1088,3.71014,256,100,37,0,0,0,0,0,0,0,32
497,1038,3.75758,248,100,35,0,0,0,0,0,0,0,31
498,1110,3.47826,240,100,39,0,0,0,0,0,0,0,30
499,1012,3.56923,232,100,36,0,0,0,0,0,0,0,29
500,1010,3.49296,248,100,40,0,0,0,0,0,0,0,31
501,1056,3.24638,224,100,41,0,0,0,0,0,0,0,28
502,1124,3.42857,240,100,40,0,0,0,0,0,0,0,30
503,1120,3.24638,224,100,41,0,0,0,0,0,0,0,28
504,1174,3.07246,212,100,42,0,0,0,1,0,0,0,26
505,1178,3.5942,248,100,38,0,0,0,0,0,0,0,31
506,1250,3.8209,256,100,35,0,0,0,0,0,0,0,32
507,1340,3.46269,232,100,38,0,0,0,0,0,0,0,29
508,1092,3.375,216,100,37,0,0,0,0,0,0,0,27
509,1054,2.70769,176,100,43,0,0,0,0,0,0,0,22
510,1078,2.50746,168,100,46,0,0,0,0,0,0,0,21
511,1126,3,192,100,40,0,0,0,0,0,0,0,24
512,1078,2.46154,160,100,45,0,0,0,0,0,0,0,20
513,1124,2.62687,176,100,45,0,0,0,0,0,0,0,22
514,950,2.3662,168,100,50,0,0,0,0,0,0,0,21
515,942,2.33846,152,100,46,0,0,0,0,0,0,0,19
516,908,2.42424,160,100,46,0,0,0,0,0,0,0,20
517,1080,2.85714,200,100,45,0,0,0,0,0,0,0,25
518,1132,2.19718,156,100,51,0,0,0,1,0,0,0,19
519,972,2.12121,140,100,48,0,0,0,1,0,0,0,17
520,1094,1.97183,140,100,53,0,0,0,1,0,0,0,17
521,1196,2.13699,156,100,53,0,0,0,1,0,0,0,19
522,954,1.74648,124,100,55,0,0,0,1,0,0,0,15
523,978,1.6338,116,100,56,0,0,0,1,0,0,0,14
524,1104,2.02817,144,100,53,0,0,0,0,0,0,0,18
525,1006,2.30303,152,100,47,0,0,0,0,0,0,0,19
526,1168,1.93939,128,100,50,0,0,0,0,0,0,0,16
527,1132,1.83607,112,100,47,0,0,0,0,0,0,0,14
528,1134,2.21538,144,100,47,0,0,0,0,0,0,0,18
529,1196,2.62687,176,100,45,0,0,0,0,0,0,0,22
530,1218,2.625,168,100,43,0,0,0,0,0,0,0,21
531,1118,2,136,100,51,0,0,0,0,0,0,0,17
532,1218,1.91045,128,100,51,0,0,0,0,0,0,0,16
533,1338,2.53968,160,100,43,0,0,0,0,0,0,0,20
534,1308,2.75,176,100,42,0,0,0,0,0,0,0,22
535,1452,3.04762,192,100,39,0,0,0,0,0,0,0,24
536,1206,2.66667,176,100,44,0,0,0,0,0,0,0,22
537,1246,2.53968,160,100,43,0,0,0,0,0,0,0,20
538,1130,2.26667,136,100,43,0,0,0,0,0,0,0,17
539,1058,2.78788,184,100,43,0,0,0,0,0,0,0,23
540,1110,2.4,168,100,49,0,0,0,0,0,0,0,21
541,1028,2.82353,192,100,44,0,0,0,0,0,0,0,24
542,1116,1.97101,136,100,52,0,0,0,0,0,0,0,17
543,1058,2,136,100,51,0,0,0,0,0,0,0,17
544,1090,1.6338,116,100,56,0,0,0,1,0,0,0,14
545,1098,2.22222,140,100,45,0,0,0,1,0,0,0,17
546,1076,2.56716,172,100,45,0,0,0,1,0,0,0,21
547,1112,2.74627,184,100,44,0,0,0,0,0,0,0,23
548,1200,2.8125,180,100,41,0,0,0,1,0,0,0,22
549,1262,3.10606,205,100,40,0,0,0,0,1,0,0,25
550,1222,3.1791,213,100,40,0,0,0,0,1,0,0,26
551,1278,3.65672,245,100,36,0,0,0,0,1,0,0,30
552,904,3.4918,213,100,34,0,0,0,0,1,0,0,26
553,972,4.57812,293,100,27,0,0,0,0,1,0,0,36
554,958,4.19697,277,100,31,0,0,0,0,1,0,0,34
555,946,4.01538,261,100,32,0,0,0,0,1,0,0,32
556,928,3.48529,237,100,38,0,0,0,0,1,0,0,29
557,1130,3.52308,229,100,36,0,0,0,0,1,0,0,28
558,1172,3.68493,269,100,39,0,0,0,0,1,0,0,33
559,1310,3.41176,232,100,39,0,0,0,0,0,0,0,29
560,1266,3.58209,240,100,37,0,0,0,0,0,0,0,30
561,1326,2.83077,184,100,42,0,0,0,0,0,0,0,23
562,1430,3.51515,232,100,37,0,0,0,0,0,0,0,29
563,1052,3.73333,224,100,32,0,0,0,0,0,0,0,28
564,940,3.74194,232,100,33,0,0,0,0,0,0,0,29
565,1166,3.87879,256,100,34,0,0,0,0,0,0,0,32
566,1220,3.39394,224,100,38,0,0,0,0,0,0,0,28
567,1284,2.92958,208,100,45,0,0,0,0,0,0,0,26
568,1100,2.78261,192,100,45,0,0,0,0,0,0,0,24
569,1112,2.74627,184,100,44,0,0,0,0,0,0,0,23
570,1010,2.70968,168,100,41,0,0,0,0,0,0,0,21
571,1154,2.35294,160,100,48,0,0,0,0,0,0,0,20
572,1064,2.55072,176,100,47,0,0,0,0,0,0,0,22
573,1062,2.625,168,100,43,0,0,0,0,0,0,0,21
574,1214,2.28571,160,100,50,0,0,0,0,0,0,0,20
575,1184,2.02985,136,100,50,0,0,0,0,0,0,0,17
576,1226,2.66667,176,100,44,0,0,0,0,0,0,0,22
577,1140,2.42424,160,100,46,0,0,0,0,0,0,0,20
578,1272,3.375,216,100,37,0,0,0,0,0,0,0,27
579,1384,3.39394,224,100,38,0,0,0,0,0,0,0,28
580,1480,2.8,196,100,45,0,0,0,1,0,0,0,24
581,1464,2.85714,200,100,45,0,0,0,0,0,0,0,25
582,1478,2.17143,152,100,51,0,0,0,0,0,0,0,19
583,1386,2.11111,152,100,53,0,0,0,0,0,0,0,19
584,1186,2.19178,160,100,53,0,0,0,0,0,0,0,20
585,946,2.78261,192,100,45,0,0,0,0,0,0,0,24
586,1130,2.52055,184,100,50,0,0,0,0,0,0,0,23
587,1250,3.71014,256,100,37,0,0,0,0,0,0,0,32
588,1270,3.07692,200,100,40,0,0,0,0,0,0,0,25
589,1154,3.27273,216,100,39,0,0,0,0,0,0,0,27
590,1210,3.93443,240,100,31,0,0,0,0,0,0,0,30
591,1222,3.6,216,100,33,0,0,0,0,0,0,0,27
592,1070,3.375,216,100,37,0,0,0,0,0,0,0,27
593,1276,3.5942,248,100,38,0,0,0,0,0,0,0,31
594,1144,3.52941,240,100,38,0,0,0,0,0,0,0,30
595,1114,3.34328,224,100,39,0,0,0,0,0,0,0,28
596,1020,3.26761,232,100,42,0,0,0,0,0,0,0,29
597,1058,3.13514,232,100,45,0,0,0,0,0,0,0,29
598,1172,3.61644,264,100,40,0,0,0,0,0,0,0,33
599,1100,3.2,224,100,42,0,0,0,0,0,0,0,28
600,1060,2.75,176,100,42,0,0,0,0,0,0,0,22
601,1032,3.33333,240,100,42,0,0,0,0,0,0,0,30
602,1048,3.5,224,100,36,0,0,0,0,0,0,0,28
603,1190,4,272,100,34,0,0,0,0,0,0,0,34
604,1110,3.71212,245,100,35,0,0,0,0,1,0,0,30
605,1126,4.08955,274,100,32,0,0,0,0,2,0,0,33
606,1172,3.65714,256,100,38,0,0,0,0,0,0,0,32
607,1192,2.77778,200,100,47,0,0,0,0,0,0,0,25
608,1246,3.05882,208,100,42,0,0,0,0,0,0,0,26
609,1274,3.42857,240,100,40,0,0,0,0,0,0,0,30
610,1152,2.46154,160,100,45,0,0,0,0,0,0,0,20
611,1322,2.7027,200,100,49,0,0,0,0,0,0,0,25
612,1290,2.77778,200,100,47,0,0,0,0,0,0,0,25
613,1264,3.04225,216,100,44,0,0,0,0,0,0,0,27
614,1296,2.78261,192,100,45,0,0,0,0,0,0,0,24
615,1090,2.59155,184,100,48,0,0,0,0,0,0,0,23
616,874,2.31884,160,100,49,0,0,0,0,0,0,0,20
617,982,2.42105,184,100,53,0,0,0,0,0,0,0,23
618,998,2.34667,176,100,53,0,0,0,0,0,0,0,22
619,1118,2.37838,176,100,52,0,0,0,0,0,0,0,22
620,1126,2.25352,160,100,51,0,0,0,0,0,0,0,20
621,1010,3.15152,208,100,40,0,0,0,0,0,0,0,26
622,1058,2.85714,200,100,45,0,0,0,0,0,0,0,25
623,1050,3.06849,224,100,45,0,0,0,0,0,0,0,28
624,1024,4.17391,288,100,33,0,0,0,0,0,0,0,36
625,1046,4.11765,280,100,33,0,0,0,0,0,0,0,35
626,1054,3.60563,256,100,39,0,0,0,0,0,0,0,32
627,1052,3.04225,216,100,44,0,0,0,0,0,0,0,27
628,920,3.04225,216,100,44,0,0,0,0,0,0,0,27
629,1026,3.28205,256,100,46,0,0,0,0,0,0,0,32
630,1160,3.01299,232,100,48,0,0,0,0,0,0,0,29
631,1100,2.91892,216,100,47,0,0,0,0,0,0,0,27
632,1032,2.8169,200,100,46,0,0,0,0,0,0,0,25
633,1166,3.04225,216,100,44,0,0,0,0,0,0,0,27
634,986,3.25,208,100,38,0,0,0,0,0,0,0,26
635,1102,3.125,200,100,39,0,0,0,0,0,0,0,25
636,1150,3.48387,216,100,35,0,0,0,0,0,0,0,27
637,1130,3.33333,200,100,35,0,0,0,0,0,0,0,25
638,1248,3.69231,240,100,35,0,0,0,0,0,0,0,30
639,1200,3.15152,208,100,40,0,0,0,0,0,0,0,26
640,1024,3.07692,200,100,40,0,0,0,0,0,0,0,25
641,1106,3.2,224,100,42,0,0,0,0,0,0,0,28
642,1192,3.22388,216,100,40,0,0,0,0,0,0,0,27
643,1342,3.375,216,100,37,0,0,0,0,0,0,0,27
644,1002,3.85714,216,100,29,0,0,0,0,0,0,0,27
645,1030,4.0678,240,100,29,0,0,0,0,0,0,0,30
646,1148,3.22581,200,100,37,0,0,0,0,0,0,0,25
647,1226,3.11864,184,100,36,0,0,0,0,0,0,0,23
648,1248,3.35484,208,100,36,0,0,0,0,0,0,0,26
649,1162,3.25397,205,100,37,0,0,0,0,1,0,0,25
650,1270,3.55556,224,100,35,0,0,0,0,0,0,0,28
651,1414,3.93846,256,100,33,0,0,0,0,0,0,0,32
652,1196,3.625,232,100,35,0,0,0,0,0,0,0,29
653,1110,4.25806,264,100,29,0,0,0,0,0,0,0,33
654,1162,4.3871,272,100,28,0,0,0,0,0,0,0,34
655,1164,4.77419,296,100,25,0,0,0,0,0,0,0,37
656,1046,5.20635,328,100,22,0,0,0,0,0,0,0,41
657,1198,4.67692,304,100,27,0,0,0,0,0,0,0,38
658,1256,4.55385,296,100,28,0,0,0,0,0,0,0,37
659,1254,4.31746,272,100,29,0,0,0,0,0,0,0,34
660,1166,4.64516,288,100,26,0,0,0,0,0,0,0,36
661,1174,4,264,100,33,0,0,0,0,0,0,0,33
662,1028,3.55556,224,100,35,0,0,0,0,0,0,0,28
663,1130,4.25,272,100,30,0,0,0,0,0,0,0,34
664,1136,3.75,240,100,34,0,0,0,0,0,0,0,30
665,1188,3.875,248,100,33,0,0,0,0,0,0,0,31
666,1324,4.1791,280,100,32,0,0,0,0,0,0,0,35
667,1098,4,272,100,34,0,0,0,0,0,0,0,34
668,1012,3.70149,248,100,36,0,0,0,0,0,0,0,31
669,1062,4.18462,272,100,31,0,0,0,0,0,0,0,34
670,1150,3.58209,240,100,37,0,0,0,0,0,0,0,30
671,1364,3.83099,272,100,37,0,0,0,0,0,0,0,34
672,1348,4,280,100,35,0,0,0,0,0,0,0,35
673,1338,3.01639,184,100,38,0,0,0,0,0,0,0,23
674,1392,3.5,224,100,36,0,0,0,0,0,0,0,28
675,1626,3.41176,232,100,39,0,0,0,0,0,0,0,29
676,1310,3.0303,200,100,41,0,0,0,0,0,0,0,25
677,1184,3.34328,224,100,39,0,0,0,0,0,0,0,28
678,1264,3.01449,208,100,43,0,0,0,0,0,0,0,26
679,1154,3.77143,264,100,37,0,0,0,0,0,0,0,33
680,1102,3.32308,216,100,38,0,0,0,0,0,0,0,27
681,1178,3.22581,200,100,37,0,0,0,0,0,0,0,25
682,1394,4.5,288,100,28,0,0,0,0,0,0,0,36
683,1424,4.63768,320,100,29,0,0,0,0,0,0,0,40
684,1442,4.65672,312,100,28,0,0,0,0,0,0,0,39
685,1424,4.84848,320,100,26,0,0,0,0,0,0,0,40
686,1320,4.41791,296,100,30,0,0,0,0,0,0,0,37
687,1366,4.55385,296,100,28,0,0,0,0,0,0,0,37
688,1268,4.70588,320,100,28,0,0,0,0,0,0,0,40
689,1190,4.58824,312,100,29,0,0,0,0,0,0,0,39
690,1216,4.9697,328,100,25,0,0,0,0,0,0,0,41
691,1324,5.16923,336,100,23,0,0,0,0,0,0,0,42
692,1198,4.75,304,100,26,0,0,0,0,0,0,0,38
693,1258,5.69697,376,100,19,0,0,0,0,0,0,0,47
694,1254,4.60606,304,100,28,0,0,0,0,0,0,0,38
695,1192,4.8,312,100,26,0,0,0,0,0,0,0,39
696,1178,5.66154,368,100,19,0,0,0,0,0,0,0,46
697,1040,4.92308,320,100,25,0,0,0,0,0,0,0,40
698,1262,5.07937,320,100,23,0,0,0,0,0,0,0,40
699,1058,5.15254,304,100,21,0,0,0,0,0,0,0,38
700,1160,5.07937,320,100,23,0,0,0,0,0,0,0,40
701,1308,4.84848,320,100,26,0,0,0,0,0,0,0,40
702,1222,4.98361,304,100,23,0,0,0,0,0,0,0,38
703,1462,4.42424,292,100,29,0,0,0,1,0,0,0,36
704,1556,4.4375,284,100,28,0,0,0,1,0,0,0,35
705,1474,4.50794,284,100,27,0,0,0,1,0,0,0,35
706,1182,4.32787,264,100,28,0,0,0,0,0,0,0,33
707,1304,5.03226,312,100,23,0,0,0,0,0,0,0,39
708,1438,5.21739,360,100,24,0,0,0,0,0,0,0,45
709,1432,5.03226,312,100,23,0,0,0,0,0,0,0,39
710,1472,4.375,280,100,29,0,0,0,0,0,0,0,35
711,1664,4.25806,264,100,29,0,0,0,0,0,0,0,33
712,1734,4.45902,272,100,27,0,0,0,0,0,0,0,34
713,1454,4.44444,280,100,28,0,0,0,0,0,0,0,35
714,1380,4.75,304,100,26,0,0,0,0,0,0,0,38
715,1414,5.47368,312,100,18,0,0,0,0,0,0,0,39
716,1384,5.46667,328,100,19,0,0,0,0,0,0,0,41
717,1714,5.77049,352,100,17,0,0,0,0,0,0,0,44
718,1740,5.61404,320,100,17,0,0,0,0,0,0,0,40
719,1430,5.28814,312,100,20,0,0,0,0,0,0,0,39
720,1146,5.92593,320,100,14,0,0,0,0,0,0,0,40
721,1360,5.33333,288,100,18,0,0,0,0,0,0,0,36
722,1548,5.89474,336,100,15,0,0,0,0,0,0,0,42
723,1430,5.57407,301,100,16,0,0,0,0,1,0,0,37
724,1470,5.92593,320,100,14,0,0,0,0,0,0,0,40
725,1228,6.48276,376,100,11,0,0,0,0,0,0,0,47
726,1222,6.23729,368,100,13,0,0,0,0,0,0,0,46
727,1034,5.10345,296,100,21,0,0,0,0,0,0,0,37
728,1258,5.07937,320,100,23,0,0,0,0,0,0,0,40
729,1384,4.77419,296,100,25,0,0,0,0,0,0,0,37
730,1280,3.93651,248,100,32,0,0,0,0,0,0,0,31
731,1326,4.12903,256,100,30,0,0,0,0,0,0,0,32
732,1110,4,240,100,30,0,0,0,0,0,0,0,30
733,1230,4.51613,280,100,27,0,0,0,0,0,0,0,35
734,1600,5.50847,325,100,18,0,0,0,0,1,0,0,40
735,1234,5.33333,304,100,19,0,0,0,0,0,0,0,38
736,1238,5.85714,328,100,15,0,0,0,0,0,0,0,41
737,1370,5.51724,320,100,18,0,0,0,0,0,0,0,40
738,1338,5.38182,296,100,18,0,0,0,0,0,0,0,37
739,1210,5.33333,304,100,19,0,0,0,0,0,0,0,38
740,1262,5.24138,304,100,20,0,0,0,0,0,0,0,38
741,1292,5.24138,304,100,20,0,0,0,0,0,0,0,38
742,1698,5.6875,364,100,18,0,0,0,1,0,0,0,45
743,1492,5.03448,292,100,21,0,0,0,1,0,0,0,36
744,1022,6.03774,320,100,13,0,0,0,0,0,0,0,40
745,1200,6.2069,360,100,13,0,0,0,0,0,0,0,45
746,1318,5.48148,296,100,17,0,0,0,0,0,0,0,37
747,1316,4.96774,308,100,23,0,0,0,1,0,0,0,38
748,1214,5.27273,348,100,22,0,0,0,1,0,0,0,43
749,1326,5.65079,356,100,18,0,0,0,1,0,0,0,44
750,1364,5.9661,352,100,15,0,0,0,0,0,0,0,44
751,1096,6.06897,352,100,14,0,0,0,0,0,0,0,44
752,1142,5.46667,328,100,19,0,0,0,0,0,0,0,41
753,1326,5.37313,360,100,22,0,0,0,0,0,0,0,45
754,1356,5.61194,376,100,20,0,0,0,0,0,0,0,47
755,1200,5.125,328,100,23,0,0,0,0,0,0,0,41
756,1396,4.9697,328,100,25,0,0,0,0,0,0,0,41
757,1418,4.84848,320,100,26,0,0,0,0,0,0,0,40
758,1446,4.47059,304,100,30,0,0,0,0,0,0,0,38
759,1464,4.63492,292,100,26,0,0,0,1,0,0,0,36
760,1672,4.8125,308,100,25,0,0,0,1,0,0,0,38
761,1414,4.65574,284,100,25,0,0,0,1,0,0,0,35
762,1282,4.8,312,100,26,0,0,0,0,0,0,0,39
763,1458,4.5,288,100,28,0,0,0,0,0,0,0,36
764,1522,4.23529,288,100,32,0,0,0,0,0,0,0,36
765,1288,4.55385,296,100,28,0,0,0,0,0,0,0,37
766,1004,3.6,216,100,33,0,0,0,0,0,0,0,27
767,1330,3.875,248,100,33,0,0,0,0,0,0,0,31
768,1506,4,264,100,33,0,0,0,0,0,0,0,33
769,1626,5,320,100,24,0,0,0,0,0,0,0,40
770,1300,4.625,296,100,27,0,0,0,0,0,0,0,37
771,1342,4.3125,276,100,29,0,0,0,1,0,0,0,34
772,1576,3.75,240,100,34,0,0,0,0,0,0,0,30
773,1424,4.27586,248,100,27,0,0,0,0,0,0,0,31
774,1558,5.67273,312,100,16,0,0,0,0,0,0,0,39
775,1100,5.77778,312,100,15,0,0,0,0,0,0,0,39
776,1312,5.7931,336,100,16,0,0,0,0,0,0,0,42
777,1584,6.59649,376,100,10,0,0,0,0,0,0,0,47
778,1798,7.32075,388,100,4,0,0,0,1,0,0,0,48
779,1904,7.09434,376,100,6,0,0,0,0,0,0,0,47
780,1714,6.49057,344,100,10,0,0,0,0,0,0,0,43
781,1640,6.56,328,100,9,0,0,0,0,0,0,0,41
782,1862,6.51852,352,100,10,0,0,0,0,0,0,0,44
783,2006,6.10909,336,100,13,0,0,0,0,0,0,0,42
784,2096,5.89474,336,100,15,0,0,0,0,0,0,0,42
785,2018,5.89474,336,100,15,0,0,0,0,0,0,0,42
786,1730,5.89474,336,100,15,0,0,0,0,0,0,0,42
787,1780,5.73585,304,100,15,0,0,0,0,0,0,0,38
788,1734,5.33333,304,100,19,0,0,0,0,0,0,0,38
789,1486,4.82759,280,100,23,0,0,0,0,0,0,0,35
790,1470,5.41935,336,100,20,0,0,0,0,0,0,0,42
791,1526,5.14286,288,100,20,0,0,0,0,0,0,0,36
792,1546,4.20339,248,100,28,0,0,0,0,0,0,0,31
793,1678,4.3871,272,100,28,0,0,0,0,0,0,0,34
794,1778,3.88235,264,100,35,0,0,0,0,0,0,0,33
795,1528,3.58209,240,100,37,0,0,0,0,0,0,0,30
796,1722,4.16901,296,100,34,0,0,0,0,0,0,0,37
797,1292,4.53731,304,100,29,0,0,0,0,0,0,0,38
798,1182,4.44444,280,100,28,0,0,0,0,0,0,0,35
799,1390,4.32787,264,100,28,0,0,0,0,0,0,0,33
800,1058,3.93443,240,100,31,0,0,0,0,0,0,0,30
801,1260,4.83871,300,100,24,0,0,0,1,0,0,0,37
802,1368,4.73846,308,100,26,0,0,0,1,0,0,0,38
803,1544,4.17391,288,100,33,0,0,0,0,0,0,0,36
804,1382,4.49231,292,100,28,0,0,0,1,0,0,0,36
805,1432,4.7619,300,100,25,0,0,0,1,0,0,0,37
806,1602,4.8,312,100,26,0,0,0,0,0,0,0,39
807,1760,5.11475,312,100,22,0,0,0,0,0,0,0,39
808,1590,5.29032,328,100,21,0,0,0,0,0,0,0,41
809,1424,5.22034,308,100,20,0,0,0,1,0,0,0,38
810,1376,5.04615,328,100,24,0,0,0,0,0,0,0,41
811,1252,5.11475,312,100,22,0,0,0,0,0,0,0,39
812,1254,5.28814,312,100,20,0,0,0,0,0,0,0,39
813,1150,5.7931,336,100,16,0,0,0,0,0,0,0,42
814,1314,5.53846,360,100,20,0,0,0,0,0,0,0,45
815,1018,5.11475,312,100,22,0,0,0,0,0,0,0,39
816,1196,4.67692,304,100,27,0,0,0,0,0,0,0,38
817,1184,5.03226,312,100,23,0,0,0,0,0,0,0,39
818,1032,4.98361,304,100,23,0,0,0,0,0,0,0,38
819,820,4.66667,280,100,25,0,0,0,0,0,0,0,35
820,966,4.69841,296,100,26,0,0,0,0,0,0,0,37
821,1092,4.875,312,100,25,0,0,0,0,0,0,0,39
822,1130,4.61017,272,100,25,0,0,0,0,0,0,0,34
823,1310,4.84848,320,100,26,0,0,0,0,0,0,0,40
824,1124,5.07937,320,100,23,0,0,0,0,0,0,0,40
825,1142,5.07937,320,100,23,0,0,0,0,0,0,0,40
826,1058,5.51724,320,100,18,0,0,0,0,0,0,0,40
827,1124,5.83051,344,100,16,0,0,0,0,0,0,0,43
828,910,5,320,100,24,0,0,0,0,0,0,0,40
829,860,4.51613,280,100,27,0,0,0,0,0,0,0,35
830,1038,5.26984,332,100,21,0,0,0,1,0,0,0,41
831,1132,5.16923,336,100,23,0,0,0,0,0,0,0,42
832,1140,4.94118,336,100,26,0,0,0,0,0,0,0,42
833,1094,4.75,304,100,26,0,0,0,0,0,0,0,38
834,1276,4.8254,304,100,25,0,0,0,0,0,0,0,38
835,1214,4.61017,272,100,25,0,0,0,0,0,0,0,34
836,1270,4.8254,304,100,25,0,0,0,0,0,0,0,38
837,1116,3.93443,240,100,31,0,0,0,0,0,0,0,30
838,1104,4.71429,264,100,23,0,0,0,0,0,0,0,33
839,1224,4.25,272,100,30,0,0,0,0,0,0,0,34
840,1062,4.57143,288,100,27,0,0,0,0,0,0,0,36
841,1044,4.64516,288,100,26,0,0,0,0,0,0,0,36
842,1200,4.72131,288,100,25,0,0,0,0,0,0,0,36
843,1222,4.77612,320,100,27,0,0,0,0,0,0,0,40
844,1280,4.3871,272,100,28,0,0,0,0,0,0,0,34
845,974,3.78947,216,100,30,0,0,0,0,0,0,0,27
846,1148,4.44444,280,100,28,0,0,0,0,0,0,0,35
847,954,4.61017,272,100,25,0,0,0,0,0,0,0,34
848,1092,4.98361,304,100,23,0,0,0,0,0,0,0,38
849,1046,5.28571,296,100,19,0,0,0,0,0,0,0,37
850,1260,5.41935,336,100,20,0,0,0,0,0,0,0,42
851,1322,5.5873,352,100,19,0,0,0,0,0,0,0,44
852,1298,5.54839,344,100,19,0,0,0,0,0,0,0,43
853,1360,5.9661,352,100,15,0,0,0,0,0,0,0,44
854,1164,4.84211,276,100,22,0,0,0,1,0,0,0,34
855,1402,5.15254,304,100,21,0,0,0,0,0,0,0,38
856,1624,5.15254,304,100,21,0,0,0,0,0,0,0,38
857,1440,4.64516,288,100,26,0,0,0,0,0,0,0,36
858,1292,5.25,336,100,22,0,0,0,0,0,0,0,42
859,1258,5.63934,344,100,18,0,0,0,0,0,0,0,43
860,1330,5.55932,328,100,18,0,0,0,0,0,0,0,41
861,1316,5.5873,352,100,19,0,0,0,0,0,0,0,44
862,1102,5.24138,304,100,20,0,0,0,0,0,0,0,38
863,1222,4.25806,264,100,29,0,0,0,0,0,0,0,33
864,1168,4.1791,280,100,32,0,0,0,0,0,0,0,35
865,1328,4.65672,312,100,28,0,0,0,0,0,0,0,39
866,1120,4.55385,296,100,28,0,0,0,0,0,0,0,37
867,1142,4.11765,280,100,33,0,0,0,0,0,0,0,35
868,1032,4.16901,296,100,34,0,0,0,0,0,0,0,37
869,1006,3.94203,272,100,35,0,0,0,0,0,0,0,34
870,1006,4.1791,280,100,32,0,0,0,0,0,0,0,35
871,1090,3.93846,256,100,33,0,0,0,0,0,0,0,32
872,1090,4.01449,277,100,34,0,0,0,0,1,0,0,34
873,1262,3.52703,261,100,41,0,0,0,0,1,0,0,32
874,1208,4.18056,301,100,34,0,0,0,0,1,0,0,37
875,1002,4.0597,272,100,33,0,0,0,0,0,0,0,34
876,908,4.4058,304,100,31,0,0,0,0,0,0,0,38
877,1092,4,296,100,37,0,0,0,0,0,0,0,37
878,1126,4.11429,288,100,34,0,0,0,0,0,0,0,36
879,1166,3.75758,248,100,35,0,0,0,0,0,0,0,31
880,1170,3.29412,224,100,40,0,0,0,0,0,0,0,28
881,1054,4.06349,256,100,31,0,0,0,0,0,0,0,32
882,1014,3.80328,232,100,32,0,0,0,0,0,0,0,29
883,1130,4.45902,272,100,27,0,0,0,0,0,0,0,34
884,874,4.20635,265,100,29,0,0,0,1,1,0,0,32
885,1022,4.82812,309,100,25,0,0,0,0,1,0,0,38
886,1056,4.14286,261,100,30,0,0,0,0,1,0,0,32
887,1178,4.49254,301,100,29,0,0,0,0,1,0,0,37
888,1138,4.14286,261,100,30,0,0,0,0,1,0,0,32
889,1104,4.06349,256,100,31,0,0,0,0,0,0,0,32
890,1392,4.60606,304,100,28,0,0,0,0,0,0,0,38
891,1114,4.8,312,100,26,0,0,0,0,0,0,0,39
892,1174,4.35294,296,100,31,0,0,0,0,0,0,0,37
893,1190,4.52174,312,100,30,0,0,0,0,0,0,0,39
894,1252,4.27397,312,100,34,0,0,0,0,0,0,0,39
895,1110,4.05797,280,100,34,0,0,0,0,0,0,0,35
896,1194,4.11111,296,100,35,0,0,0,0,0,0,0,37
897,1264,4.30882,293,100,31,0,0,0,0,1,0,0,36
898,1108,4.49254,301,100,29,0,0,0,0,1,0,0,37
899,986,3.95714,277,100,35,0,0,0,0,1,0,0,34
900,1106,3.35616,245,100,42,0,0,0,0,1,0,0,30
901,1030,3.18056,229,100,43,0,0,0,0,1,0,0,28
902,1166,4.12121,272,100,32,0,0,0,0,0,0,0,34
903,1214,4.24242,280,100,31,0,0,0,0,0,0,0,35
904,1352,3.76471,256,100,36,0,0,0,0,0,0,0,32
905,1224,3.42857,240,100,40,0,0,0,0,0,0,0,30
906,1580,2.9589,216,100,46,0,0,0,0,0,0,0,27
907,1504,4.06349,256,100,31,0,0,0,0,0,0,0,32
908,1094,3.58209,240,100,37,0,0,0,0,0,0,0,30
909,1332,4.06944,293,100,35,0,0,0,0,1,0,0,36
910,1526,4.11765,280,100,33,0,0,0,0,0,0,0,35
911,1596,4.45714,312,100,31,0,0,0,0,0,0,0,39
912,1674,4.41791,296,100,30,0,0,0,0,0,0,0,37
913,1892,4.25806,264,100,29,0,0,0,0,0,0,0,33
914,2086,4.55172,264,100,25,0,0,0,0,0,0,0,33
915,1976,5.10345,296,100,21,0,0,0,0,0,0,0,37
916,1680,5.42857,304,100,18,0,0,0,0,0,0,0,38
917,1628,5.01695,296,100,22,0,0,0,0,0,0,0,37
918,1492,4.33898,256,100,27,0,0,0,0,0,0,0,32
919,1492,4.8254,304,100,25,0,0,0,0,0,0,0,38
920,1514,3.79661,224,100,31,0,0,0,0,0,0,0,28
921,1626,4.26667,256,100,28,0,0,0,0,0,0,0,32
922,1826,4.25806,264,100,29,0,0,0,0,0,0,0,33
923,1654,4.42857,248,100,25,0,0,0,0,0,0,0,31
924,1518,4.13333,248,100,29,0,0,0,0,0,0,0,31
925,1694,3.8125,244,100,33,0,0,0,1,0,0,0,30
926,1632,3.25424,192,100,35,0,0,0,0,0,0,0,24
927,1904,3.30159,208,100,37,0,0,0,0,0,0,0,26
928,2098,2.95385,192,100,41,0,0,0,0,0,0,0,24
929,2338,3,192,100,40,0,0,0,0,0,0,0,24
930,2116,3.11864,184,100,36,0,0,0,0,0,0,0,23
931,2410,2.58462,168,100,44,0,0,0,0,0,0,0,21
932,2426,2.5,160,100,44,0,0,0,0,0,0,0,20
933,2900,3.81538,248,100,34,0,0,0,0,0,0,0,31
934,2482,3.38983,200,100,34,0,0,0,0,0,0,0,25
935,2280,3.25,208,100,38,0,0,0,0,0,0,0,26
936,2564,3.27869,200,100,36,0,0,0,0,0,0,0,25
937,2066,3.2,192,100,36,0,0,0,0,0,0,0,24
938,1320,3,192,100,40,0,0,0,0,0,0,0,24
939,1466,3.51515,232,100,37,0,0,0,0,0,0,0,29
940,1486,4.24242,280,100,31,0,0,0,0,0,0,0,35
941,1374,4.85246,296,100,24,0,0,0,0,0,0,0,37
942,1382,4.31746,272,100,29,0,0,0,0,0,0,0,34
943,1420,4.45902,272,100,27,0,0,0,0,0,0,0,34
944,1416,4.26667,256,100,28,0,0,0,0,0,0,0,32
945,1448,4,232,100,29,0,0,0,0,0,0,0,29
946,1370,4.12903,256,100,30,0,0,0,0,0,0,0,32
947,1606,3.47826,240,100,39,0,0,0,0,0,0,0,30
948,1536,4,256,100,32,0,0,0,0,0,0,0,32
949,1608,3.74194,232,100,33,0,0,0,0,0,0,0,29
950,1792,3.66102,216,100,32,0,0,0,0,0,0,0,27
951,1716,3.73333,224,100,32,0,0,0,0,0,0,0,28
952,1584,4,248,100,31,0,0,0,0,0,0,0,31
953,1546,4,252,100,31,0,0,0,1,0,0,0,31
954,1600,4.33898,256,100,27,0,0,0,0,0,0,0,32
955,1678,4.59016,280,100,26,0,0,0,0,0,0,0,35
956,1228,4.82759,280,100,23,0,0,0,0,0,0,0,35
957,1316,4.88136,288,100,23,0,0,0,0,0,0,0,36
958,1512,4.32787,264,100,28,0,0,0,0,0,0,0,33
959,1556,4.06349,256,100,31,0,0,0,0,0,0,0,32
960,1652,4.66667,280,100,25,0,0,0,0,0,0,0,35
961,1900,4.625,296,100,27,0,0,0,0,0,0,0,37
962,1236,4.51613,280,100,27,0,0,0,0,0,0,0,35
963,1236,4.12121,272,100,32,0,0,0,0,0,0,0,34
964,1584,4.84848,320,100,26,0,0,0,0,0,0,0,40
965,1690,5.29032,328,100,21,0,0,0,0,0,0,0,41
966,1624,5.17647,352,100,24,0,0,0,0,0,0,0,44
967,1784,5.09091,336,100,24,0,0,0,0,0,0,0,42
968,1398,4.93333,296,100,23,0,0,0,0,0,0,0,37
969,1284,4.375,280,100,29,0,0,0,0,0,0,0,35
970,1394,4.8,312,100,26,0,0,0,0,0,0,0,39
971,950,4.8,312,100,26,0,0,0,0,0,0,0,39
972,1288,4.50704,320,100,31,0,0,0,0,0,0,0,40
973,1568,5.17647,352,100,24,0,0,0,0,0,0,0,44
974,1590,4.53731,304,100,29,0,0,0,0,0,0,0,38
975,1804,4.52174,312,100,30,0,0,0,0,0,0,0,39
976,1522,4.5,288,100,28,0,0,0,0,0,0,0,36
977,1740,4.35294,296,100,31,0,0,0,0,0,0,0,37
978,1328,4.45902,272,100,27,0,0,0,0,0,0,0,34
979,1226,5.01695,296,100,22,0,0,0,0,0,0,0,37
980,1452,5.33333,320,100,20,0,0,0,0,0,0,0,40
981,1294,4.63158,264,100,24,0,0,0,0,0,0,0,33
982,1486,5.15254,304,100,21,0,0,0,0,0,0,0,38
983,1862,4.72131,288,100,25,0,0,0,0,0,0,0,36
984,1900,5.11475,312,100,22,0,0,0,0,0,0,0,39
985,1772,5.11475,312,100,22,0,0,0,0,0,0,0,39
986,1790,5.19298,296,100,20,0,0,0,0,0,0,0,37
987,2074,4.44444,280,100,28,0,0,0,0,0,0,0,35
988,2072,4.30769,280,100,30,0,0,0,0,0,0,0,35
989,1734,5.06667,304,100,22,0,0,0,0,0,0,0,38
990,1874,5.71429,320,100,16,0,0,0,0,0,0,0,40
991,1798,5.77778,312,100,15,0,0,0,0,0,0,0,39
992,2000,5.63934,344,100,18,0,0,0,0,0,0,0,43
993,1916,5.62963,304,100,16,0,0,0,0,0,0,0,38
994,1526,4.57143,256,100,24,0,0,0,0,0,0,0,32
995,1482,4.74576,280,100,24,0,0,0,0,0,0,0,35
996,1544,5.37931,312,100,19,0,0,0,0,0,0,0,39
997,1264,4.85714,272,100,22,0,0,0,0,0,0,0,34
998,1226,4.74576,280,100,24,0,0,0,0,0,0,0,35
999,1188,5.09091,280,100,20,0,0,0,0,0,0,0,35
