update,points,mean_tasks,total_tasks,total_orgs,task_0,task_1,task_2,task_3,task_4,task_5,task_6,task_7,task_8
0,0,nan,0,9,0,0,0,0,0,0,0,0,0
1,2,0,0,9,1,0,0,0,0,0,0,0,0
2,8,0,0,9,3,0,0,0,0,0,0,0,0
3,16,0,0,9,5,0,0,0,0,0,0,0,0
4,32,1.6,8,10,4,0,0,0,0,0,0,0,1
5,36,1.6,8,10,4,0,0,0,0,0,0,0,1
6,44,1.33333,8,10,5,0,0,0,0,0,0,0,1
7,46,0,0,10,6,0,0,0,0,0,0,0,0
8,62,1.33333,8,11,5,0,0,0,0,0,0,0,1
9,46,1.14286,8,12,6,0,0,0,0,0,0,0,1
10,52,1,8,12,7,0,0,0,0,0,0,0,1
11,70,2,16,13,6,0,0,0,0,0,0,0,2
12,76,1.77778,16,13,7,0,0,0,0,0,0,0,2
13,82,1.77778,16,13,7,0,0,0,0,0,0,0,2
14,92,1.77778,16,13,7,0,0,0,0,0,0,0,2
15,96,1.77778,16,13,7,0,0,0,0,0,0,0,2
16,102,0.888889,8,13,8,0,0,0,0,0,0,0,1
17,92,0,0,14,9,0,0,0,0,0,0,0,0
18,92,0.8,8,16,9,0,0,0,0,0,0,0,1
19,96,1.33333,16,17,10,0,0,0,0,0,0,0,2
20,110,1.33333,16,17,10,0,0,0,0,0,0,0,2
21,122,1.23077,16,17,11,0,0,0,0,0,0,0,2
22,138,1.23077,16,17,11,0,0,0,0,0,0,0,2
23,116,1.33333,16,17,10,0,0,0,0,0,0,0,2
24,124,1.23077,16,17,11,0,0,0,0,0,0,0,2
25,136,1.23077,16,17,11,0,0,0,0,0,0,0,2
26,134,0.615385,8,18,12,0,0,0,0,0,0,0,1
27,108,0.571429,8,20,13,0,0,0,0,0,0,0,1
28,106,1.23077,16,20,11,0,0,0,0,0,0,0,2
29,112,1.14286,16,21,12,0,0,0,0,0,0,0,2
30,108,1.06667,16,22,13,0,0,0,0,0,0,0,2
31,136,1,16,22,14,0,0,0,0,0,0,0,2
32,164,1.5,24,23,13,0,0,0,0,0,0,0,3
33,176,1.5,24,23,13,0,0,0,0,0,0,0,3
34,116,1.71429,24,24,11,0,0,0,0,0,0,0,3
35,110,1.5,24,25,13,0,0,0,0,0,0,0,3
36,128,1,16,25,14,0,0,0,0,0,0,0,2
37,128,1,16,26,14,0,0,0,0,0,0,0,2
38,150,1.5,24,26,13,0,0,0,0,0,0,0,3
39,112,1.23077,16,26,11,0,0,0,0,0,0,0,2
40,94,0.5,8,28,15,0,0,0,0,0,0,0,1
41,118,1,16,28,14,0,0,0,0,0,0,0,2
42,146,1.5,24,28,13,0,0,0,0,0,0,0,3
43,140,1.41176,24,29,14,0,0,0,0,0,0,0,3
44,134,1.33333,24,30,15,0,0,0,0,0,0,0,3
45,132,1.33333,24,30,15,0,0,0,0,0,0,0,3
46,146,1.26316,24,30,16,0,0,0,0,0,0,0,3
47,168,1.33333,24,30,15,0,0,0,0,0,0,0,3
48,160,1.33333,24,30,15,0,0,0,0,0,0,0,3
49,176,0.888889,16,30,16,0,0,0,0,0,0,0,2
50,164,0,0,31,18,0,0,0,0,0,0,0,0
51,150,0.444444,8,32,17,0,0,0,0,0,0,0,1
52,120,0.444444,8,32,17,0,0,0,0,0,0,0,1
53,148,0.380952,8,32,20,0,0,0,0,0,0,0,1
54,170,0.761905,16,32,19,0,0,0,0,0,0,0,2
55,160,0.4,8,32,19,0,0,0,0,0,0,0,1
56,136,0.4,8,33,19,0,0,0,0,0,0,0,1
57,160,1.09091,24,33,19,0,0,0,0,0,0,0,3
58,180,1.09091,24,35,19,0,0,0,0,0,0,0,3
59,206,1.04348,24,37,20,0,0,0,0,0,0,0,3
60,210,0.64,16,38,23,0,0,0,0,0,0,0,2
61,198,1.3913,32,38,19,0,0,0,0,0,0,0,4
62,208,1,24,38,21,0,0,0,0,0,0,0,3
63,240,0.32,8,38,24,0,0,0,0,0,0,0,1
64,226,0.666667,16,39,22,0,0,0,0,0,0,0,2
65,296,2,48,39,18,0,0,0,0,0,0,0,6
66,216,1.6,40,42,20,0,0,0,0,0,0,0,5
67,194,1.23077,32,42,22,0,0,0,0,0,0,0,4
68,194,1.33333,40,43,25,0,0,0,0,0,0,0,5
69,254,1.6,48,44,24,0,0,0,0,0,0,0,6
70,252,0.551724,16,44,27,0,0,0,0,0,0,0,2
71,288,1.06667,32,44,26,0,0,0,0,0,0,0,4
72,282,1,32,47,28,0,0,0,0,0,0,0,4
73,306,1.5,48,48,26,0,0,0,0,0,0,0,6
74,266,0.969697,32,48,29,0,0,0,0,0,0,0,4
75,312,1.25,40,48,27,0,0,0,0,0,0,0,5
76,352,1.23077,48,50,33,0,0,0,0,0,0,0,6
77,372,1.2973,48,51,31,0,0,0,0,0,0,0,6
78,328,1.05263,40,53,33,0,0,0,0,0,0,0,5
79,372,1.02564,40,54,34,0,0,0,0,0,0,0,5
80,442,1,40,55,35,0,0,0,0,0,0,0,5
81,400,0.615385,24,55,36,0,0,0,0,0,0,0,3
82,380,0.571429,24,56,39,0,0,0,0,0,0,0,3
83,318,0.6,24,56,37,0,0,0,0,0,0,0,3
84,334,0.952381,40,57,37,0,0,0,0,0,0,0,5
85,438,0.952381,40,57,37,0,0,0,0,0,0,0,5
86,532,0.851064,40,58,42,0,0,0,0,0,0,0,5
87,462,0.952381,40,61,37,0,0,0,0,0,0,0,5
88,432,0.744186,32,61,39,0,0,0,0,0,0,0,4
89,412,0.695652,32,63,42,0,0,0,0,0,0,0,4
90,440,0.5,24,65,45,0,0,0,0,0,0,0,3
91,492,1,48,66,42,0,0,0,0,0,0,0,6
92,444,0.816327,40,69,44,0,0,0,0,0,0,0,5
93,448,1.14286,56,70,42,0,0,0,0,0,0,0,7
94,508,0.888889,48,71,48,0,0,0,0,0,0,0,6
95,520,0.888889,48,72,48,0,0,0,0,0,0,0,6
96,478,0.428571,24,73,53,0,0,0,0,0,0,0,3
97,620,0.542373,32,74,55,0,0,0,0,0,0,0,4
98,564,1.42857,80,74,46,0,0,0,0,0,0,0,10
99,512,0.842105,48,74,51,0,0,0,0,0,0,0,6
100,582,0.786885,48,75,55,0,0,0,0,0,0,0,6
101,466,0.551724,32,77,54,0,0,0,0,0,0,0,4
102,558,0.634921,40,77,58,0,0,0,0,0,0,0,5
103,508,0.387097,24,78,59,0,0,0,0,0,0,0,3
104,534,1.18033,72,79,52,0,0,0,0,0,0,0,9
105,554,0.918033,56,81,54,0,0,0,0,0,0,0,7
106,676,0.716418,48,82,61,0,0,0,0,0,0,0,6
107,590,0.848485,56,82,59,0,0,0,0,0,0,0,7
108,694,1.09091,72,83,57,0,0,0,0,0,0,0,9
109,550,1.46667,88,86,49,0,0,0,0,0,0,0,11
110,558,0.969697,64,87,58,0,0,0,0,0,0,0,8
111,574,0.901408,64,88,63,0,0,0,0,0,0,0,8
112,614,1.01408,72,89,62,0,0,0,0,0,0,0,9
113,712,1.50725,104,91,56,0,0,0,0,0,0,0,13
114,616,1.05882,72,91,59,0,0,0,0,0,0,0,9
115,616,0.941176,64,91,60,0,0,0,0,0,0,0,8
116,646,1.93939,128,91,50,0,0,0,0,0,0,0,16
117,618,0.876712,64,91,65,0,0,0,0,0,0,0,8
118,618,1.23944,88,91,60,0,0,0,0,0,0,0,11
119,658,1.25714,88,91,59,0,0,0,0,0,0,0,11
120,648,1,72,91,63,0,0,0,0,0,0,0,9
121,524,0.842105,64,92,68,0,0,0,0,0,0,0,8
122,650,1.14286,88,94,66,0,0,0,0,0,0,0,11
123,712,1.45455,112,94,63,0,0,0,0,0,0,0,14
124,736,1.06667,80,94,65,0,0,0,0,0,0,0,10
125,792,1.08108,80,94,64,0,0,0,0,0,0,0,10
126,712,0.935065,72,95,68,0,0,0,0,0,0,0,9
127,680,1.35211,96,96,59,0,0,0,0,0,0,0,12
128,596,0.888889,64,96,64,0,0,0,0,0,0,0,8
129,670,0.820513,64,97,70,0,0,0,0,0,0,0,8
130,794,0.9,72,98,71,0,0,0,0,0,0,0,9
131,716,0.935065,72,98,68,0,0,0,0,0,0,0,9
132,666,1.20548,88,98,62,0,0,0,0,0,0,0,11
133,704,0.864865,64,98,66,0,0,0,0,0,0,0,8
134,724,0.96,72,98,66,0,0,0,0,0,0,0,9
135,668,0.888889,64,98,64,0,0,0,0,0,0,0,8
136,758,0.842105,64,98,68,0,0,0,0,0,0,0,8
137,704,1.2973,96,98,62,0,0,0,0,0,0,0,12
138,670,0.923077,72,98,69,0,0,0,0,0,0,0,9
139,764,0.947368,72,98,67,0,0,0,0,0,0,0,9
140,708,0.96,72,98,66,0,0,0,0,0,0,0,9
141,778,1.22222,88,98,61,0,0,0,0,0,0,0,11
142,680,0.927536,64,98,61,0,0,0,0,0,0,0,8
143,766,1.35211,96,98,59,0,0,0,0,0,0,0,12
144,700,0.864865,64,98,66,0,0,0,0,0,0,0,8
145,770,1.51351,112,99,60,0,0,0,0,0,0,0,14
146,702,1.75342,128,99,57,0,0,0,0,0,0,0,16
147,704,0.935065,72,99,68,0,0,0,0,0,0,0,9
148,798,1.18919,88,100,63,0,0,0,0,0,0,0,11
149,750,1.42466,104,100,60,0,0,0,0,0,0,0,13
150,788,1.33333,96,100,60,0,0,0,0,0,0,0,12
151,720,1.3913,96,100,57,0,0,0,0,0,0,0,12
152,702,1.22222,88,100,61,0,0,0,0,0,0,0,11
153,720,1.47368,112,100,62,0,0,0,0,0,0,0,14
154,726,1.55556,112,100,58,0,0,0,0,0,0,0,14
155,884,0.901408,64,100,63,0,0,0,0,0,0,0,8
156,812,0.972973,72,100,65,0,0,0,0,0,0,0,9
157,820,1.51351,112,100,60,0,0,0,0,0,0,0,14
158,668,1.96923,128,100,49,0,0,0,0,0,0,0,16
159,626,1.69697,112,100,52,0,0,0,0,0,0,0,14
160,714,1.91045,128,100,51,0,0,0,0,0,0,0,16
161,866,1.69014,120,100,56,0,0,0,0,0,0,0,15
162,822,1.76471,120,100,53,0,0,0,0,0,0,0,15
163,792,1.47692,96,100,53,0,0,0,0,0,0,0,12
164,700,1.875,120,100,49,0,0,0,0,0,0,0,15
165,746,1.67164,112,100,53,0,0,0,0,0,0,0,14
166,838,1.96923,128,100,49,0,0,0,0,0,0,0,16
167,670,1.52381,96,100,51,0,0,0,0,0,0,0,12
168,760,1.39683,88,100,52,0,0,0,0,0,0,0,11
169,748,2.36066,144,100,43,0,0,0,0,0,0,0,18
170,672,1.625,104,100,51,0,0,0,0,0,0,0,13
171,774,1.67164,112,100,53,0,0,0,0,0,0,0,14
172,742,1.65079,104,100,50,0,0,0,0,0,0,0,13
173,800,1.72308,112,100,51,0,0,0,0,0,0,0,14
174,814,1.80645,112,100,48,0,0,0,0,0,0,0,14
175,872,2,128,100,48,0,0,0,0,0,0,0,16
176,766,1.70492,104,100,48,0,0,0,0,0,0,0,13
177,828,1.29032,80,100,52,0,0,0,0,0,0,0,10
178,906,1.45455,96,100,54,0,0,0,0,0,0,0,12
179,828,1.23077,80,100,55,0,0,0,0,0,0,0,10
180,844,1.47692,96,100,53,0,0,0,0,0,0,0,12
181,854,1.6,96,100,48,0,0,0,0,0,0,0,12
182,846,2.15873,136,100,46,0,0,0,0,0,0,0,17
183,942,1.96721,120,100,46,0,0,0,0,0,0,0,15
184,780,1.6,96,100,48,0,0,0,0,0,0,0,12
185,866,1.83607,112,100,47,0,0,0,0,0,0,0,14
186,912,1.29032,80,100,52,0,0,0,0,0,0,0,10
187,944,2.0339,120,100,44,0,0,0,0,0,0,0,15
188,782,1.72308,112,100,51,0,0,0,0,0,0,0,14
189,900,2.32812,149,100,45,0,0,0,0,1,0,0,18
190,762,1.6,104,100,52,0,0,0,0,0,0,0,13
191,650,1.48571,104,100,57,0,0,0,0,0,0,0,13
192,596,1.55224,104,100,54,0,0,0,0,0,0,0,13
193,698,1.47692,96,100,53,0,0,0,0,0,0,0,12
194,748,1.79104,120,100,52,0,0,0,0,0,0,0,15
195,712,1.09589,80,100,63,0,0,0,0,0,0,0,10
196,750,1.2973,96,100,62,0,0,0,0,0,0,0,12
197,710,1.42466,104,100,60,0,0,0,0,0,0,0,13
198,810,1.20548,88,100,62,0,0,0,0,0,0,0,11
199,852,1.46479,104,100,58,0,0,0,0,0,0,0,13
200,800,0.986301,72,100,64,0,0,0,0,0,0,0,9
201,828,1.35211,96,100,59,0,0,0,0,0,0,0,12
202,796,1.57746,112,100,57,0,0,0,0,0,0,0,14
203,812,1.32857,93,100,58,0,0,0,0,1,0,0,11
204,790,0.958333,69,100,63,0,0,0,0,1,0,0,8
205,714,1.11111,80,100,62,0,0,0,0,0,0,0,10
206,654,1.04348,72,100,60,0,0,0,0,0,0,0,9
207,778,1.2,96,100,68,0,0,0,0,0,0,0,12
208,738,0.876712,64,100,65,0,0,0,0,0,0,0,8
209,828,1.4359,112,100,64,0,0,0,0,0,0,0,14
210,750,1.25714,88,100,59,0,0,0,0,0,0,0,11
211,782,0.7,56,100,73,0,0,0,0,0,0,0,7
212,868,1.06667,80,100,65,0,0,0,0,0,0,0,10
213,888,1.2973,96,100,62,0,0,0,0,0,0,0,12
214,918,0.623377,48,100,71,0,0,0,0,0,0,0,6
215,896,1.20548,88,100,62,0,0,0,0,0,0,0,11
216,840,0.853333,64,100,67,0,0,0,0,0,0,0,8
217,904,1.57895,120,100,61,0,0,0,0,0,0,0,15
218,808,1,72,100,63,0,0,0,0,0,0,0,9
219,834,1.06667,80,100,65,0,0,0,0,0,0,0,10
220,814,0.631579,48,100,70,0,0,0,0,0,0,0,6
221,870,0.96,72,100,66,0,0,0,0,0,0,0,9
222,884,0.746667,56,100,68,0,0,0,0,0,0,0,7
223,790,1.08108,80,100,64,0,0,0,0,0,0,0,10
224,808,1.21429,85,100,59,0,0,0,0,1,0,0,10
225,966,1.47368,112,100,62,0,0,0,0,0,0,0,14
226,846,1.01408,72,100,62,0,0,0,0,0,0,0,9
227,798,1.6,112,100,56,0,0,0,0,0,0,0,14
228,868,1.57746,112,100,57,0,0,0,0,0,0,0,14
229,808,1.67164,112,100,53,0,0,0,0,0,0,0,14
230,822,1.51389,109,100,58,0,0,0,0,1,0,0,13
231,824,1.30986,93,100,59,0,0,0,0,1,0,0,11
232,836,1.46479,104,100,58,0,0,0,0,0,0,0,13
233,790,0.823529,56,100,61,0,0,0,0,0,0,0,7
234,966,1.64384,120,100,58,0,0,0,0,0,0,0,15
235,890,1.33333,96,100,60,0,0,0,0,0,0,0,12
236,898,1.76471,120,100,53,0,0,0,0,0,0,0,15
237,888,1.3913,96,100,57,0,0,0,0,0,0,0,12
238,844,1.40541,104,100,61,0,0,0,0,0,0,0,13
239,820,1.49315,109,100,59,0,0,0,0,1,0,0,13
240,956,1.83824,125,100,52,0,0,0,0,1,0,0,15
241,840,1.42466,104,100,60,0,0,0,0,0,0,0,13
242,724,1.43284,96,100,55,0,0,0,0,0,0,0,12
243,656,0.853333,64,100,67,0,0,0,0,0,0,0,8
244,766,1.53425,112,100,59,0,0,0,0,0,0,0,14
245,750,1.35211,96,100,59,0,0,0,0,0,0,0,12
246,850,2.14085,152,100,52,0,0,0,0,0,0,0,19
247,816,1.06667,80,100,65,0,0,0,0,0,0,0,10
248,872,1.46479,104,100,58,0,0,0,0,0,0,0,13
249,848,2.11765,144,100,50,0,0,0,0,0,0,0,18
250,950,1.69014,120,100,56,0,0,0,0,0,0,0,15
251,850,1.57746,112,100,57,0,0,0,0,0,0,0,14
252,788,1.46479,104,100,58,0,0,0,0,0,0,0,13
253,886,2.02817,144,100,53,0,0,0,0,0,0,0,18
254,892,1.75342,128,100,57,0,0,0,0,0,0,0,16
255,832,1.72973,128,100,58,0,0,0,0,0,0,0,16
256,906,2,144,100,54,0,0,0,0,0,0,0,18
257,814,2.11765,144,100,50,0,0,0,0,0,0,0,18
258,840,1.91549,136,100,54,0,0,0,0,0,0,0,17
259,792,2.4,168,100,49,0,0,0,0,0,0,0,21
260,694,2.22222,160,100,52,0,0,0,0,0,0,0,20
261,910,2.34667,176,100,53,0,0,0,0,0,0,0,22
262,844,2.47059,168,100,47,0,0,0,0,0,0,0,21
263,860,2.4,168,100,49,0,0,0,0,0,0,0,21
264,932,1.51351,112,100,60,0,0,0,0,0,0,0,14
265,958,2.08219,152,100,54,0,0,0,0,0,0,0,19
266,916,2.17143,152,100,51,0,0,0,0,0,0,0,19
267,1010,1.91549,136,100,54,0,0,0,0,0,0,0,17
268,874,1.28,96,100,63,0,0,0,0,0,0,0,12
269,892,0.96,72,100,66,0,0,0,0,0,0,0,9
270,986,1.91549,136,100,54,0,0,0,0,0,0,0,17
271,790,1.17647,80,100,58,0,0,0,0,0,0,0,10
272,796,1.36842,104,100,63,0,0,0,0,0,0,0,13
273,886,1.09589,80,100,63,0,0,0,0,0,0,0,10
274,926,1.77778,128,100,56,0,0,0,0,0,0,0,16
275,792,0.914286,64,100,62,0,0,0,0,0,0,0,8
276,880,1.10769,72,100,56,0,0,0,0,0,0,0,9
277,836,1.22222,88,100,61,0,0,0,0,0,0,0,11
278,876,1.55556,112,100,58,0,0,0,0,0,0,0,14
279,864,1.6,112,100,56,0,0,0,0,0,0,0,14
280,886,1.91549,136,100,54,0,0,0,0,0,0,0,17
281,760,1.77778,128,100,56,0,0,0,0,0,0,0,16
282,896,2.31884,160,100,49,0,0,0,0,0,0,0,20
283,778,2.18182,144,100,48,0,0,0,0,0,0,0,18
284,872,1.92,144,100,57,0,0,0,0,0,0,0,18
285,804,1.97101,136,100,52,0,0,0,0,0,0,0,17
286,808,1.83784,136,100,57,0,0,0,0,0,0,0,17
287,888,2.54545,168,100,45,0,0,0,0,0,0,0,21
288,782,2,144,100,54,0,0,0,0,0,0,0,18
289,818,2.2029,152,100,50,0,0,0,0,0,0,0,19
290,724,1.77778,128,100,56,0,0,0,0,0,0,0,16
291,738,2.74627,184,100,44,0,0,0,0,0,0,0,23
292,808,2.75,176,100,42,0,0,0,0,0,0,0,22
293,746,2.43478,168,100,48,0,0,0,0,0,0,0,21
294,712,2.33333,168,100,51,0,0,0,0,0,0,0,21
295,754,2.17143,152,100,51,0,0,0,0,0,0,0,19
296,596,1.76471,120,100,53,0,0,0,0,0,0,0,15
297,714,2.23529,152,100,49,0,0,0,0,0,0,0,19
298,704,1.82857,128,100,54,0,0,0,0,0,0,0,16
299,726,2.08696,144,100,51,0,0,0,0,0,0,0,18
300,708,1.90476,120,100,48,0,0,0,0,0,0,0,15
301,712,2.14925,144,100,49,0,0,0,0,0,0,0,18
302,818,2.47887,176,100,49,0,0,0,0,0,0,0,22
303,818,1.94872,152,100,59,0,0,0,0,0,0,0,19
304,946,2.82353,192,100,44,0,0,0,0,0,0,0,24
305,748,1.94286,136,100,53,0,0,0,0,0,0,0,17
306,770,2.78788,184,100,43,0,0,0,0,0,0,0,23
307,746,2.59155,184,100,48,0,0,0,0,0,0,0,23
308,784,2.70769,176,100,43,0,0,0,0,0,0,0,22
309,680,2.11111,152,100,53,0,0,0,0,0,0,0,19
310,822,1.25714,88,100,59,0,0,0,0,0,0,0,11
311,760,2.42424,160,100,46,0,0,0,0,0,0,0,20
312,676,1.02857,72,100,61,0,0,0,0,0,0,0,9
313,908,2.14085,152,100,52,0,0,0,0,0,0,0,19
314,838,2.11765,144,100,50,0,0,0,0,0,0,0,18
315,816,1.22222,88,100,61,0,0,0,0,0,0,0,11
316,884,2.46154,160,100,45,0,0,0,0,0,0,0,20
317,818,2.70968,168,100,41,0,0,0,0,0,0,0,21
318,884,2.70588,184,100,45,0,0,0,0,0,0,0,23
319,874,2.43478,168,100,48,0,0,0,0,0,0,0,21
320,856,2.23529,152,100,49,0,0,0,0,0,0,0,19
321,846,2.46154,160,100,45,0,0,0,0,0,0,0,20
322,794,1.72973,128,100,58,0,0,0,0,0,0,0,16
323,904,2.28571,160,100,50,0,0,0,0,0,0,0,20
324,844,2.47887,176,100,49,0,0,0,0,0,0,0,22
325,906,2.08219,152,100,54,0,0,0,0,0,0,0,19
326,904,2.2029,152,100,50,0,0,0,0,0,0,0,19
327,840,2.625,168,100,43,0,0,0,0,0,0,0,21
328,926,2.70769,176,100,43,0,0,0,0,0,0,0,22
329,784,2.31884,160,100,49,0,0,0,0,0,0,0,20
330,916,2.8169,200,100,46,0,0,0,0,0,0,0,25
331,762,2.14925,144,100,49,0,0,0,0,0,0,0,18
332,820,2.78788,184,100,43,0,0,0,0,0,0,0,23
333,764,2.23529,152,100,49,0,0,0,0,0,0,0,19
334,900,2.94118,200,100,43,0,0,0,0,0,0,0,25
335,848,2.74627,184,100,44,0,0,0,0,0,0,0,23
336,938,2.38806,160,100,47,0,0,0,0,0,0,0,20
337,800,2.54545,168,100,45,0,0,0,0,0,0,0,21
338,894,2.22222,160,100,52,0,0,0,0,0,0,0,20
339,934,1.71429,120,100,55,0,0,0,0,0,0,0,15
340,820,1.97101,136,100,52,0,0,0,0,0,0,0,17
341,890,2.18182,144,100,48,0,0,0,0,0,0,0,18
342,974,2.62687,176,100,45,0,0,0,0,0,0,0,22
343,826,1.62319,112,100,55,0,0,0,0,0,0,0,14
344,918,2.30303,152,100,47,0,0,0,0,0,0,0,19
345,860,2.38806,160,100,47,0,0,0,0,0,0,0,20
346,996,2.2029,152,100,50,0,0,0,0,0,0,0,19
347,976,2.23529,152,100,49,0,0,0,0,0,0,0,19
348,958,2.43478,168,100,48,0,0,0,0,0,0,0,21
349,898,2.02985,136,100,50,0,0,0,0,0,0,0,17
350,852,1.69014,120,100,56,0,0,0,0,0,0,0,15
351,912,1.96923,128,100,49,0,0,0,0,0,0,0,16
352,760,2.02985,136,100,50,0,0,0,0,0,0,0,17
353,802,2.28571,144,100,45,0,0,0,0,0,0,0,18
354,796,2.06061,136,100,49,0,0,0,0,0,0,0,17
355,874,2.26866,152,100,48,0,0,0,0,0,0,0,19
356,852,2.50746,168,100,46,0,0,0,0,0,0,0,21
357,776,1.91045,128,100,51,0,0,0,0,0,0,0,16
358,872,1.77778,128,100,56,0,0,0,0,0,0,0,16
359,882,2.09231,136,100,48,0,0,0,0,0,0,0,17
360,750,1.84615,120,100,50,0,0,0,0,0,0,0,15
361,782,1.83607,112,100,47,0,0,0,0,0,0,0,14
362,832,1.81818,120,100,51,0,0,0,0,0,0,0,15
363,872,2.7541,168,100,40,0,0,0,0,0,0,0,21
364,840,2.54545,168,100,45,0,0,0,0,0,0,0,21
365,766,2.7541,168,100,40,0,0,0,0,0,0,0,21
366,682,2.70968,168,100,41,0,0,0,0,0,0,0,21
367,742,2.17143,152,100,51,0,0,0,0,0,0,0,19
368,796,2.66667,184,100,46,0,0,0,0,0,0,0,23
369,800,2.21538,144,100,47,0,0,0,0,0,0,0,18
370,884,3.10448,208,100,41,0,0,0,0,0,0,0,26
371,886,3.05882,208,100,42,0,0,0,0,0,0,0,26
372,956,3.24638,224,100,41,0,0,0,0,0,0,0,28
373,890,3.30159,208,100,37,0,0,0,0,0,0,0,26
374,750,2.93333,176,100,38,0,0,0,0,0,0,0,22
375,838,2.95385,192,100,41,0,0,0,0,0,0,0,24
376,812,3.6,216,100,33,0,0,0,0,0,0,0,27
377,704,3.27869,200,100,36,0,0,0,0,0,0,0,25
378,782,3.62295,221,100,33,0,0,0,0,1,0,0,27
379,798,3.52941,240,100,38,0,0,0,0,0,0,0,30
380,854,3.9403,264,100,34,0,0,0,0,0,0,0,33
381,878,3.2,208,100,39,0,0,0,0,0,0,0,26
382,802,2.35294,160,100,48,0,0,0,0,0,0,0,20
383,858,3.09677,192,100,38,0,0,0,0,0,0,0,24
384,786,2.77966,164,100,38,0,0,0,1,0,0,0,20
385,732,2.80702,160,100,37,0,0,0,0,0,0,0,20
386,662,2.62069,152,100,39,0,0,0,0,0,0,0,19
387,764,2.66667,144,100,36,0,0,0,0,0,0,0,18
388,814,2.83871,176,100,40,0,0,0,0,0,0,0,22
389,794,2.89655,168,100,37,0,0,0,0,0,0,0,21
390,908,2.84746,168,100,38,0,0,0,0,0,0,0,21
391,772,3.54098,216,100,34,0,0,0,0,0,0,0,27
392,922,3.17241,184,100,35,0,0,0,0,0,0,0,23
393,966,3.08772,176,100,35,0,0,0,0,0,0,0,22
394,854,3.16981,168,100,32,0,0,0,0,0,0,0,21
395,870,3.08772,176,100,35,0,0,0,0,0,0,0,22
396,1006,3.32308,216,100,38,0,0,0,0,0,0,0,27
397,1036,3.22581,200,100,37,0,0,0,0,0,0,0,25
398,1142,3.22581,200,100,37,0,0,0,0,0,0,0,25
399,1014,2.95385,192,100,41,0,0,0,0,0,0,0,24
400,1128,3.6129,224,100,34,0,0,0,0,0,0,0,28
401,1102,4.07018,232,100,28,0,0,0,0,0,0,0,29
402,1258,3.94203,272,100,35,0,0,0,0,0,0,0,34
403,1226,3.79661,224,100,31,0,0,0,0,0,0,0,28
404,1212,3.80328,232,100,32,0,0,0,0,0,0,0,29
405,1276,3.14754,192,100,37,0,0,0,0,0,0,0,24
406,980,3.30159,208,100,37,0,0,0,0,0,0,0,26
407,974,3.40984,208,100,35,0,0,0,0,0,0,0,26
408,788,3.01639,184,100,38,0,0,0,0,0,0,0,23
409,678,2.11765,144,100,50,0,0,0,0,0,0,0,18
410,804,2.70769,176,100,43,0,0,0,0,0,0,0,22
411,796,2.70769,176,100,43,0,0,0,0,0,0,0,22
412,900,2.875,184,100,41,0,0,0,0,0,0,0,23
413,928,3.58209,240,100,37,0,0,0,0,0,0,0,30
414,814,3.5,224,100,36,0,0,0,0,0,0,0,28
415,790,3.39394,224,100,38,0,0,0,0,0,0,0,28
416,828,4,264,100,33,0,0,0,0,0,0,0,33
417,790,3.10448,208,100,41,0,0,0,0,0,0,0,26
418,734,2.98507,200,100,42,0,0,0,0,0,0,0,25
419,786,2.82353,192,100,44,0,0,0,0,0,0,0,24
420,708,2.90909,192,100,42,0,0,0,0,0,0,0,24
421,744,4,248,100,31,0,0,0,0,0,0,0,31
422,742,3.46667,208,100,34,0,0,0,0,0,0,0,26
423,870,3.27273,216,100,39,0,0,0,0,0,0,0,27
424,830,3.9322,232,100,30,0,0,0,0,0,0,0,29
425,812,3.54098,216,100,34,0,0,0,0,0,0,0,27
426,724,3.11864,184,100,36,0,0,0,0,0,0,0,23
427,850,3.6129,224,100,34,0,0,0,0,0,0,0,28
428,862,3.80328,232,100,32,0,0,0,0,0,0,0,29
429,916,3.68254,232,100,34,0,0,0,0,0,0,0,29
430,828,4.21053,240,100,27,0,0,0,0,0,0,0,30
431,840,4.61017,272,100,25,0,0,0,0,0,0,0,34
432,822,4.63158,264,100,24,0,0,0,0,0,0,0,33
433,800,4.93333,296,100,23,0,0,0,0,0,0,0,37
434,742,3.87879,256,100,34,0,0,0,0,0,0,0,32
435,758,3.46667,208,100,34,0,0,0,0,0,0,0,26
436,718,4.36364,240,100,25,0,0,0,0,0,0,0,30
437,698,3.58621,208,100,32,0,0,0,0,0,0,0,26
438,696,3.11864,184,100,36,0,0,0,0,0,0,0,23
439,780,3.57143,200,100,31,0,0,0,0,0,0,0,25
440,654,3.78947,216,100,30,0,0,0,0,0,0,0,27
441,782,2.95385,192,100,41,0,0,0,0,0,0,0,24
442,804,3.25,208,100,38,0,0,0,0,0,0,0,26
443,774,2.92063,184,100,40,0,0,0,0,0,0,0,23
444,740,3.46667,208,100,34,0,0,0,0,0,0,0,26
445,834,3.625,232,100,35,0,0,0,0,0,0,0,29
446,940,3.625,232,100,35,0,0,0,0,0,0,0,29
447,832,3.40984,208,100,35,0,0,0,0,0,0,0,26
448,734,3.31034,192,100,34,0,0,0,0,0,0,0,24
449,742,3.33333,200,100,35,0,0,0,0,0,0,0,25
450,758,3.33333,200,100,35,0,0,0,0,0,0,0,25
451,748,3.06667,184,100,37,0,0,0,0,0,0,0,23
452,790,4,248,100,31,0,0,0,0,0,0,0,31
453,744,3.66102,216,100,32,0,0,0,0,0,0,0,27
454,890,3.9322,232,100,30,0,0,0,0,0,0,0,29
455,862,3.80328,232,100,32,0,0,0,0,0,0,0,29
456,956,3.6129,224,100,34,0,0,0,0,0,0,0,28
457,842,3.42857,216,100,36,0,0,0,0,0,0,0,27
458,874,3.46667,208,100,34,0,0,0,0,0,0,0,26
459,1034,3.40984,208,100,35,0,0,0,0,0,0,0,26
460,982,4.67925,248,100,22,0,0,0,0,0,0,0,31
461,858,3.63636,200,100,30,0,0,0,0,0,0,0,25
462,830,3.71429,208,100,30,0,0,0,0,0,0,0,26
463,816,4.50909,248,100,24,0,0,0,0,0,0,0,31
464,882,4.21053,240,100,27,0,0,0,0,0,0,0,30
465,802,4.21818,232,100,26,0,0,0,0,0,0,0,29
466,938,3.87097,240,100,32,0,0,0,0,0,0,0,30
467,974,4.07018,232,100,28,0,0,0,0,0,0,0,29
468,954,3.9322,232,100,30,0,0,0,0,0,0,0,29
469,778,4.21818,232,100,26,0,0,0,0,0,0,0,29
470,758,3.78182,208,100,29,0,0,0,0,0,0,0,26
471,720,3.85185,208,100,28,0,0,0,0,0,0,0,26
472,746,3.40984,208,100,35,0,0,0,0,0,0,0,26
473,828,4,256,100,32,0,0,0,0,0,0,0,32
474,848,4.13793,240,100,28,0,0,0,0,0,0,0,30
475,804,4.55172,264,100,25,0,0,0,0,0,0,0,33
476,834,5.18519,280,100,19,0,0,0,0,0,0,0,35
477,856,4.41379,256,100,26,0,0,0,0,0,0,0,32
478,986,4.82759,280,100,23,0,0,0,0,0,0,0,35
479,968,4.8,264,100,22,0,0,0,0,0,0,0,33
480,996,4.57143,256,100,24,0,0,0,0,0,0,0,32
481,1122,4.8,288,100,24,0,0,0,0,0,0,0,36
482,1018,4.19048,264,100,30,0,0,0,0,0,0,0,33
483,912,4.45902,272,100,27,0,0,0,0,0,0,0,34
484,904,3.54098,216,100,34,0,0,0,0,0,0,0,27
485,830,3.54098,216,100,34,0,0,0,0,0,0,0,27
486,864,3.75,240,100,34,0,0,0,0,0,0,0,30
487,880,3.6,216,100,33,0,0,0,0,0,0,0,27
488,854,4.42373,261,100,26,0,0,0,0,1,0,0,32
489,984,4.59016,280,100,26,0,0,0,0,0,0,0,35
490,838,4.32787,264,100,28,0,0,0,0,0,0,0,33
491,938,4.85714,272,100,22,0,0,0,0,0,0,0,34
492,798,4.26667,256,100,28,0,0,0,0,0,0,0,32
493,900,4.33898,256,100,27,0,0,0,0,0,0,0,32
494,756,4,248,100,31,0,0,0,0,0,0,0,31
495,860,4.8,312,100,26,0,0,0,0,0,0,0,39
496,902,3.9403,264,100,34,0,0,0,0,0,0,0,33
497,840,4.33898,256,100,27,0,0,0,0,0,0,0,32
498,750,4,240,100,30,0,0,0,0,0,0,0,30
499,862,4.0678,240,100,29,0,0,0,0,0,0,0,30
500,842,4.31746,272,100,29,0,0,0,0,0,0,0,34
501,906,3.87879,256,100,34,0,0,0,0,0,0,0,32
502,982,3.65714,256,100,38,0,0,0,0,0,0,0,32
503,948,4.3871,272,100,28,0,0,0,0,0,0,0,34
504,902,4.31746,272,100,29,0,0,0,0,0,0,0,34
505,884,4,248,100,31,0,0,0,0,0,0,0,31
506,804,3.74194,232,100,33,0,0,0,0,0,0,0,29
507,814,3.81538,248,100,34,0,0,0,0,0,0,0,31
508,968,3.93846,256,100,33,0,0,0,0,0,0,0,32
509,862,2.94118,200,100,43,0,0,0,0,0,0,0,25
510,998,3.13514,232,100,45,0,0,0,0,0,0,0,29
511,912,3.09677,192,100,38,0,0,0,0,0,0,0,24
512,986,2.8169,200,100,46,0,0,0,0,0,0,0,25
513,992,2.94118,200,100,43,0,0,0,0,0,0,0,25
514,1054,2.66667,192,100,48,0,0,0,0,0,0,0,24
515,1244,2.82353,192,100,44,0,0,0,0,0,0,0,24
516,1306,3.52941,240,100,38,0,0,0,0,0,0,0,30
517,1334,3.25,208,100,38,0,0,0,0,0,0,0,26
518,1128,3.17647,216,100,41,0,0,0,0,0,0,0,27
519,1164,3.58209,240,100,37,0,0,0,0,0,0,0,30
520,1148,3.34328,224,100,39,0,0,0,0,0,0,0,28
521,1182,3.34328,224,100,39,0,0,0,0,0,0,0,28
522,1092,3.34328,224,100,39,0,0,0,0,0,0,0,28
523,1162,3.625,232,100,35,0,0,0,0,0,0,0,29
524,880,2.70769,176,100,43,0,0,0,0,0,0,0,22
525,1008,2.90909,192,100,42,0,0,0,0,0,0,0,24
526,1140,3.22581,200,100,37,0,0,0,0,0,0,0,25
527,1166,3.04762,192,100,39,0,0,0,0,0,0,0,24
528,1226,3.04762,192,100,39,0,0,0,0,0,0,0,24
529,1308,3.15152,208,100,40,0,0,0,0,0,0,0,26
530,1270,2.14925,144,100,49,0,0,0,0,0,0,0,18
531,1222,2.5,160,100,44,0,0,0,0,0,0,0,20
532,1422,3.10448,208,100,41,0,0,0,0,0,0,0,26
533,1362,3.04762,192,100,39,0,0,0,0,0,0,0,24
534,1340,3.33333,200,100,35,0,0,0,0,0,0,0,25
535,1556,3.04762,192,100,39,0,0,0,0,0,0,0,24
536,1496,3.86667,232,100,31,0,0,0,0,0,0,0,29
537,1158,3.30159,208,100,37,0,0,0,0,0,0,0,26
538,1250,2.74627,184,100,44,0,0,0,0,0,0,0,23
539,1058,2.66667,168,100,42,0,0,0,0,0,0,0,21
540,1026,2.5,160,100,44,0,0,0,0,0,0,0,20
541,1026,3.30159,208,100,37,0,0,0,0,0,0,0,26
542,1130,3.22581,200,100,37,0,0,0,0,0,0,0,25
543,1112,3.35484,208,100,36,0,0,0,0,0,0,0,26
544,1086,2.96296,160,100,34,0,0,0,0,0,0,0,20
545,1142,2.88525,176,100,39,0,0,0,0,0,0,0,22
546,1108,2.66667,168,100,42,0,0,0,0,0,0,0,21
547,1296,2.58065,160,100,42,0,0,0,0,0,0,0,20
548,1308,2.625,168,100,43,0,0,0,0,0,0,0,21
549,1214,2.79365,176,100,41,0,0,0,0,0,0,0,22
550,1138,2.46154,160,100,45,0,0,0,0,0,0,0,20
551,1200,2.54545,168,100,45,0,0,0,0,0,0,0,21
552,1262,2.58065,160,100,42,0,0,0,0,0,0,0,20
553,1422,2.45161,152,100,43,0,0,0,0,0,0,0,19
554,1466,2.875,184,100,41,0,0,0,0,0,0,0,23
555,1304,3.22581,200,100,37,0,0,0,0,0,0,0,25
556,1370,3.46667,208,100,34,0,0,0,0,0,0,0,26
557,1232,3.58621,208,100,32,0,0,0,0,0,0,0,26
558,1330,3.48387,216,100,35,0,0,0,0,0,0,0,27
559,1318,3.57143,200,100,31,0,0,0,0,0,0,0,25
560,1376,3.72414,216,100,31,0,0,0,0,0,0,0,27
561,1326,2.7541,168,100,40,0,0,0,0,0,0,0,21
562,1412,3.06667,184,100,37,0,0,0,0,0,0,0,23
563,1468,2.88525,176,100,39,0,0,0,0,0,0,0,22
564,1652,2.58065,160,100,42,0,0,0,0,0,0,0,20
565,1430,2.7541,168,100,40,0,0,0,0,0,0,0,21
566,1472,2.36066,144,100,43,0,0,0,0,0,0,0,18
567,1572,3,192,100,40,0,0,0,0,0,0,0,24
568,1214,3.09677,192,100,38,0,0,0,0,0,0,0,24
569,1188,3.48387,216,100,35,0,0,0,0,0,0,0,27
570,1134,3.11111,168,100,33,0,0,0,0,0,0,0,21
571,1208,3.55556,192,100,30,0,0,0,0,0,0,0,24
572,1200,3.03448,176,100,36,0,0,0,0,0,0,0,22
573,1276,3.38983,200,100,34,0,0,0,0,0,0,0,25
574,1318,4,248,100,31,0,0,0,0,0,0,0,31
575,1218,3.6129,224,100,34,0,0,0,0,0,0,0,28
576,1142,3.54098,216,100,34,0,0,0,0,0,0,0,27
577,1076,3.1746,200,100,38,0,0,0,0,0,0,0,25
578,1168,3.34328,224,100,39,0,0,0,0,0,0,0,28
579,1174,3.375,216,100,37,0,0,0,0,0,0,0,27
580,1224,4.12903,256,100,30,0,0,0,0,0,0,0,32
581,1258,4.72131,288,100,25,0,0,0,0,0,0,0,36
582,1214,5.01818,276,100,20,0,0,0,1,0,0,0,34
583,970,4.2807,244,100,26,0,0,0,1,0,0,0,30
584,898,4.28571,240,100,26,0,0,0,0,0,0,0,30
585,1030,4.68966,272,100,24,0,0,0,0,0,0,0,34
586,1180,5.28571,296,100,19,0,0,0,0,0,0,0,37
587,1274,5.05263,288,100,21,0,0,0,0,0,0,0,36
588,1162,4.61017,272,100,25,0,0,0,0,0,0,0,34
589,1146,4.74576,280,100,24,0,0,0,0,0,0,0,35
590,1050,4.82759,280,100,23,0,0,0,0,0,0,0,35
591,1004,4,216,100,27,0,0,0,0,0,0,0,27
592,1090,4.07018,232,100,28,0,0,0,0,0,0,0,29
593,1092,4.21818,232,100,26,0,0,0,0,0,0,0,29
594,1312,4.47458,264,100,26,0,0,0,0,0,0,0,33
595,1222,4.61017,272,100,25,0,0,0,0,0,0,0,34
596,1206,3.73333,224,100,32,0,0,0,0,0,0,0,28
597,1068,4.15385,216,100,25,0,0,0,0,0,0,0,27
598,1034,4.28571,240,100,26,0,0,0,0,0,0,0,30
599,1138,5.33333,288,100,18,0,0,0,0,0,0,0,36
600,1186,5.13208,272,100,19,0,0,0,0,0,0,0,34
601,1062,5.38462,280,100,17,0,0,0,0,0,0,0,35
602,1086,5.67273,312,100,16,0,0,0,0,0,0,0,39
603,1010,5.28302,280,100,18,0,0,0,0,0,0,0,35
604,976,5.48148,296,100,17,0,0,0,0,0,0,0,37
605,894,4.88889,264,100,21,0,0,0,0,0,0,0,33
606,1038,4.77193,272,100,23,0,0,0,0,0,0,0,34
607,1128,4.76923,248,100,21,0,0,0,0,0,0,0,31
608,1300,4.44444,240,100,24,0,0,0,0,0,0,0,30
609,1414,5.23636,288,100,19,0,0,0,0,0,0,0,36
610,1370,5.05263,288,100,21,0,0,0,0,0,0,0,36
611,1114,5.28302,280,100,18,0,0,0,0,0,0,0,35
612,1070,5.01818,276,100,20,0,0,0,1,0,0,0,34
613,1118,4.96,248,100,19,0,0,0,0,0,0,0,31
614,1022,4.92308,256,100,20,0,0,0,0,0,0,0,32
615,1002,5.78723,272,100,13,0,0,0,0,0,0,0,34
616,1082,5.38462,280,100,17,0,0,0,0,0,0,0,35
617,1146,5.23636,288,100,19,0,0,0,0,0,0,0,36
618,1022,4.96,248,100,19,0,0,0,0,0,0,0,31
619,1056,5,240,100,18,0,0,0,0,0,0,0,30
620,1228,5.73585,304,100,15,0,0,0,0,0,0,0,38
621,908,5.28302,280,100,18,0,0,0,0,0,0,0,35
622,1146,5.88679,312,100,14,0,0,0,0,0,0,0,39
623,1216,5.65517,328,100,17,0,0,0,0,0,0,0,41
624,1464,5.33333,304,100,19,0,0,0,0,0,0,0,38
625,1294,5.81818,320,100,15,0,0,0,0,0,0,0,40
626,1240,5.77778,312,100,15,0,0,0,0,0,0,0,39
627,1046,5.38462,280,100,17,0,0,0,0,0,0,0,35
628,1012,5.23077,272,100,18,0,0,0,0,0,0,0,34
629,1020,5.77778,312,100,15,0,0,0,0,0,0,0,39
630,950,5.01961,256,100,19,0,0,0,0,0,0,0,32
631,1066,5.4902,280,100,16,0,0,0,0,0,0,0,35
632,944,5.33333,272,100,17,0,0,0,0,0,0,0,34
633,956,5.4902,280,100,16,0,0,0,0,0,0,0,35
634,1040,4.47458,264,100,26,0,0,0,0,0,0,0,33
635,984,4.50909,248,100,24,0,0,0,0,0,0,0,31
636,950,3.72414,216,100,31,0,0,0,0,0,0,0,27
637,926,4.8,264,100,22,0,0,0,0,0,0,0,33
638,816,4.21053,240,100,27,0,0,0,0,0,0,0,30
639,898,4.94545,272,100,21,0,0,0,0,0,0,0,34
640,1046,4.53333,272,100,26,0,0,0,0,0,0,0,34
641,1134,4.26667,256,100,28,0,0,0,0,0,0,0,32
642,986,4.57143,256,100,24,0,0,0,0,0,0,0,32
643,1008,4.33898,256,100,27,0,0,0,0,0,0,0,32
644,1056,4.69841,296,100,26,0,0,0,0,0,0,0,37
645,1158,5.06667,304,100,22,0,0,0,0,0,0,0,38
646,1304,4.98361,304,100,23,0,0,0,0,0,0,0,38
647,1128,5.06667,304,100,22,0,0,0,0,0,0,0,38
648,1214,4.82759,280,100,23,0,0,0,0,0,0,0,35
649,1038,4.59016,280,100,26,0,0,0,0,0,0,0,35
650,1082,4.26667,256,100,28,0,0,0,0,0,0,0,32
651,1040,4,240,100,30,0,0,0,0,0,0,0,30
652,1050,4.3871,272,100,28,0,0,0,0,0,0,0,34
653,1088,4.88889,264,100,21,0,0,0,0,0,0,0,33
654,1160,4.94545,272,100,21,0,0,0,0,0,0,0,34
655,1134,4.36364,240,100,25,0,0,0,0,0,0,0,30
656,1088,3.74194,232,100,33,0,0,0,0,0,0,0,29
657,1208,3.93443,240,100,31,0,0,0,0,0,0,0,30
658,1116,3.78947,216,100,30,0,0,0,0,0,0,0,27
659,1234,4.59259,248,100,23,0,0,0,0,0,0,0,31
660,1004,4.46154,232,100,23,0,0,0,0,0,0,0,29
661,1140,4.61538,240,100,22,0,0,0,0,0,0,0,30
662,930,4.5,216,100,21,0,0,0,0,0,0,0,27
663,992,4.15385,216,100,25,0,0,0,0,0,0,0,27
664,1006,4.07273,224,100,27,0,0,0,0,0,0,0,28
665,966,3.87719,221,100,29,0,0,0,0,1,0,0,27
666,1086,3.86792,205,100,27,0,0,0,0,1,0,0,25
667,1132,4.4902,229,100,22,0,0,0,0,1,0,0,28
668,1250,4.86275,248,100,20,0,0,0,0,0,0,0,31
669,1340,4.74074,256,100,22,0,0,0,0,0,0,0,32
670,1492,4.20339,248,100,28,0,0,0,0,0,0,0,31
671,1114,3.78947,216,100,30,0,0,0,0,0,0,0,27
672,1116,4.07547,216,100,26,0,0,0,0,0,0,0,27
673,1240,4.21053,240,100,27,0,0,0,0,0,0,0,30
674,1264,3.79661,224,100,31,0,0,0,0,0,0,0,28
675,1422,3.22581,200,100,37,0,0,0,0,0,0,0,25
676,1298,4,240,100,30,0,0,0,0,0,0,0,30
677,1232,3.38983,200,100,34,0,0,0,0,0,0,0,25
678,1236,3.17241,184,100,35,0,0,0,0,0,0,0,23
679,1270,2.80702,160,100,37,0,0,0,0,0,0,0,20
680,1522,3.06667,184,100,37,0,0,0,0,0,0,0,23
681,1486,2.62069,152,100,39,0,0,0,0,0,0,0,19
682,1462,2.93333,176,100,38,0,0,0,0,0,0,0,22
683,1592,2.79365,176,100,41,0,0,0,0,0,0,0,22
684,1232,2.70968,168,100,41,0,0,0,0,0,0,0,21
685,978,2.90909,160,100,35,0,0,0,0,0,0,0,20
686,1038,3.14754,192,100,37,0,0,0,0,0,0,0,24
687,1168,2.66667,160,100,40,0,0,0,0,0,0,0,20
688,1226,3.54098,216,100,34,0,0,0,0,0,0,0,27
689,1200,2.83871,176,100,40,0,0,0,0,0,0,0,22
690,1180,2.93333,176,100,38,0,0,0,0,0,0,0,22
691,1266,3.52542,208,100,33,0,0,0,0,0,0,0,26
692,1382,3.64912,208,100,31,0,0,0,0,0,0,0,26
693,1376,3.54098,216,100,34,0,0,0,0,0,0,0,27
694,1538,4.3871,272,100,28,0,0,0,0,0,0,0,34
695,1624,4,216,100,27,0,0,0,0,0,0,0,27
696,1632,4,236,100,29,0,0,0,1,0,0,0,29
697,1702,3.9322,232,100,30,0,0,0,0,0,0,0,29
698,1652,3.79661,224,100,31,0,0,0,0,0,0,0,28
699,1800,4.14815,224,100,26,0,0,0,0,0,0,0,28
700,1966,4.8,264,100,22,0,0,0,0,0,0,0,33
701,1392,4.20339,248,100,28,0,0,0,0,0,0,0,31
702,1554,4.45902,272,100,27,0,0,0,0,0,0,0,34
703,1692,4.53333,272,100,26,0,0,0,0,0,0,0,34
704,1610,4.8,288,100,24,0,0,0,0,0,0,0,36
705,1628,4.25806,264,100,29,0,0,0,0,0,0,0,33
706,1486,4.14286,232,100,27,0,0,0,0,0,0,0,29
707,1408,4.77193,272,100,23,0,0,0,0,0,0,0,34
708,1138,4.50909,248,100,24,0,0,0,0,0,0,0,31
709,1380,4.4,264,100,27,0,0,0,0,0,0,0,33
710,1518,5.14286,288,100,20,0,0,0,0,0,0,0,36
711,1394,4.51613,280,100,27,0,0,0,0,0,0,0,35
712,1530,4.25806,264,100,29,0,0,0,0,0,0,0,33
713,1592,3.56923,232,100,36,0,0,0,0,0,0,0,29
714,1370,3.39394,224,100,38,0,0,0,0,0,0,0,28
715,1322,3.72414,216,100,31,0,0,0,0,0,0,0,27
716,1256,3.68254,232,100,34,0,0,0,0,0,0,0,29
717,1206,4.21053,240,100,27,0,0,0,0,0,0,0,30
718,1148,3.85185,208,100,28,0,0,0,0,0,0,0,26
719,1058,3.87097,240,100,32,0,0,0,0,0,0,0,30
720,1168,4.37736,232,100,24,0,0,0,0,0,0,0,29
721,1024,4,208,100,26,0,0,0,0,0,0,0,26
722,1044,3.49091,192,100,31,0,0,0,0,0,0,0,24
723,1252,3.35484,208,100,36,0,0,0,0,0,0,0,26
724,1270,3.44828,200,100,33,0,0,0,0,0,0,0,25
725,1014,4.07273,224,100,27,0,0,0,0,0,0,0,28
726,1008,4.07273,224,100,27,0,0,0,0,0,0,0,28
727,1188,4.57143,256,100,24,0,0,0,0,0,0,0,32
728,1266,5.28302,280,100,18,0,0,0,0,0,0,0,35
729,1314,5.33333,304,100,19,0,0,0,0,0,0,0,38
730,1280,4.8,264,100,22,0,0,0,0,0,0,0,33
731,1354,5.09091,280,100,20,0,0,0,0,0,0,0,35
732,1218,5.09091,280,100,20,0,0,0,0,0,0,0,35
733,1336,5.33333,288,100,18,0,0,0,0,0,0,0,36
734,974,4.59259,248,100,23,0,0,0,0,0,0,0,31
735,1184,4.88136,288,100,23,0,0,0,0,0,0,0,36
736,1028,4.94545,272,100,21,0,0,0,0,0,0,0,34
737,1132,4.82759,280,100,23,0,0,0,0,0,0,0,35
738,1030,4.19672,256,100,29,0,0,0,0,0,0,0,32
739,1098,4.25806,264,100,29,0,0,0,0,0,0,0,33
740,958,4.21429,236,100,26,0,0,0,1,0,0,0,29
741,1022,4.33898,256,100,27,0,0,0,0,0,0,0,32
742,1028,3.85714,216,100,29,0,0,0,0,0,0,0,27
743,1118,4.36364,240,100,25,0,0,0,0,0,0,0,30
744,1286,4.88136,288,100,23,0,0,0,0,0,0,0,36
745,1290,4.93333,296,100,23,0,0,0,0,0,0,0,37
746,1218,5.09091,280,100,20,0,0,0,0,0,0,0,35
747,1226,4.53333,272,100,26,0,0,0,0,0,0,0,34
748,1302,4.20339,248,100,28,0,0,0,0,0,0,0,31
749,1220,4.63158,264,100,24,0,0,0,0,0,0,0,33
750,1138,4.77193,272,100,23,0,0,0,0,0,0,0,34
751,1010,4.27586,248,100,27,0,0,0,0,0,0,0,31
752,982,4.61017,272,100,25,0,0,0,0,0,0,0,34
753,1028,4.13793,240,100,28,0,0,0,0,0,0,0,30
754,1088,3.5,224,100,36,0,0,0,0,0,0,0,28
755,1140,4.57143,288,100,27,0,0,0,0,0,0,0,36
756,1000,4.21818,232,100,26,0,0,0,0,0,0,0,29
757,1070,4.50909,248,100,24,0,0,0,0,0,0,0,31
758,1056,5.14286,288,100,20,0,0,0,0,0,0,0,36
759,966,4.49123,256,100,25,0,0,0,0,0,0,0,32
760,1000,4.41379,256,100,26,0,0,0,0,0,0,0,32
761,1010,3.73333,224,100,32,0,0,0,0,0,0,0,28
762,1050,3.87097,240,100,32,0,0,0,0,0,0,0,30
763,856,4.33898,256,100,27,0,0,0,0,0,0,0,32
764,1002,3.80952,240,100,33,0,0,0,0,0,0,0,30
765,1130,4.13333,248,100,29,0,0,0,0,0,0,0,31
766,1180,4.63158,264,100,24,0,0,0,0,0,0,0,33
767,1140,5.05263,288,100,21,0,0,0,0,0,0,0,36
768,976,4.47458,264,100,26,0,0,0,0,0,0,0,33
769,1014,4.47458,264,100,26,0,0,0,0,0,0,0,33
770,1026,4.45902,272,100,27,0,0,0,0,0,0,0,34
771,886,3.73333,224,100,32,0,0,0,0,0,0,0,28
772,968,4.26667,256,100,28,0,0,0,0,0,0,0,32
773,1070,4.25,272,100,30,0,0,0,0,0,0,0,34
774,982,4.06349,256,100,31,0,0,0,0,0,0,0,32
775,942,4.28571,240,100,26,0,0,0,0,0,0,0,30
776,1044,4.98113,264,100,20,0,0,0,0,0,0,0,33
777,1156,5.19298,296,100,20,0,0,0,0,0,0,0,37
778,1296,5.42857,304,100,18,0,0,0,0,0,0,0,38
779,1298,5.03704,272,100,20,0,0,0,0,0,0,0,34
780,1194,3.78947,216,100,30,0,0,0,0,0,0,0,27
781,1198,4.96552,288,100,22,0,0,0,0,0,0,0,36
782,1350,4.33898,256,100,27,0,0,0,0,0,0,0,32
783,1144,4.49123,256,100,25,0,0,0,0,0,0,0,32
784,1174,4.8,288,100,24,0,0,0,0,0,0,0,36
785,1230,4.42857,248,100,25,0,0,0,0,0,0,0,31
786,1238,5.33333,288,100,18,0,0,0,0,0,0,0,36
787,1234,5.13208,272,100,19,0,0,0,0,0,0,0,34
788,1186,4.66071,261,100,23,0,0,0,0,1,0,0,32
789,992,4.21818,232,100,26,0,0,0,0,0,0,0,29
790,1114,4.07018,232,100,28,0,0,0,0,0,0,0,29
791,1178,4.28571,240,100,26,0,0,0,0,0,0,0,30
792,1246,4.32787,264,100,28,0,0,0,0,0,0,0,33
793,1178,4.42857,248,100,25,0,0,0,0,0,0,0,31
794,1154,3.93103,228,100,29,0,0,0,1,0,0,0,28
795,1132,4,232,100,29,0,0,0,0,0,0,0,29
796,1012,4.92308,256,100,20,0,0,0,0,0,0,0,32
797,1054,4.50909,248,100,24,0,0,0,0,0,0,0,31
798,1190,4.5283,240,100,23,0,0,0,0,0,0,0,30
799,1230,4.23529,216,100,24,0,0,0,0,0,0,0,27
800,1274,3.78947,216,100,30,0,0,0,0,0,0,0,27
801,1480,4.20339,248,100,28,0,0,0,0,0,0,0,31
802,1422,4.50909,248,100,24,0,0,0,0,0,0,0,31
803,1424,4.65455,256,100,23,0,0,0,0,0,0,0,32
804,1438,4.76923,248,100,21,0,0,0,0,0,0,0,31
805,1254,4.39216,224,100,23,0,0,0,0,0,0,0,28
806,1218,4.14815,224,100,26,0,0,0,0,0,0,0,28
807,1196,4.07547,216,100,26,0,0,0,0,0,0,0,27
808,1284,4.21818,232,100,26,0,0,0,0,0,0,0,29
809,1374,5.05263,288,100,21,0,0,0,0,0,0,0,36
810,1338,4.67925,248,100,22,0,0,0,0,0,0,0,31
811,1228,5.03704,272,100,20,0,0,0,0,0,0,0,34
812,1392,4.3871,272,100,28,0,0,0,0,0,0,0,34
813,1340,5,280,100,21,0,0,0,0,0,0,0,35
814,1330,4.82759,280,100,23,0,0,0,0,0,0,0,35
815,1066,4.88889,264,100,21,0,0,0,0,0,0,0,33
816,1198,5.38182,296,100,18,0,0,0,0,0,0,0,37
817,1116,4.67925,248,100,22,0,0,0,0,0,0,0,31
818,1078,4.41379,256,100,26,0,0,0,0,0,0,0,32
819,1008,4.57143,256,100,24,0,0,0,0,0,0,0,32
820,960,4.28571,240,100,26,0,0,0,0,0,0,0,30
821,956,3.86667,232,100,31,0,0,0,0,0,0,0,29
822,1068,3.95161,245,100,31,0,0,0,0,1,0,0,30
823,1074,3.25397,205,100,37,0,0,0,0,1,0,0,25
824,1230,3.54839,220,100,34,0,0,0,1,0,0,0,27
825,1302,4.06557,248,100,30,0,0,0,0,0,0,0,31
826,1066,4.33898,256,100,27,0,0,0,0,0,0,0,32
827,1180,4.57143,256,100,24,0,0,0,0,0,0,0,32
828,1090,4.28571,240,100,26,0,0,0,0,0,0,0,30
829,1032,4.08333,245,100,29,0,0,0,0,1,0,0,30
830,1078,4.23214,237,100,26,0,0,0,0,1,0,0,29
831,1160,4.15789,237,100,27,0,0,0,0,1,0,0,29
832,1166,3.61017,213,100,32,0,0,0,0,1,0,0,26
833,1366,4.07812,261,100,31,0,0,0,0,1,0,0,32
834,1528,4.14815,224,100,26,0,0,0,0,0,0,0,28
835,1822,4.35088,248,100,26,0,0,0,0,0,0,0,31
836,1728,4.2963,232,100,25,0,0,0,0,0,0,0,29
837,1562,4.65455,256,100,23,0,0,0,0,0,0,0,32
838,1456,4,240,100,30,0,0,0,0,0,0,0,30
839,1496,4.13793,240,100,28,0,0,0,0,0,0,0,30
840,1518,3.7037,200,100,29,0,0,0,0,0,0,0,25
841,1456,4.42857,248,100,25,0,0,0,0,0,0,0,31
842,1486,4.67925,248,100,22,0,0,0,0,0,0,0,31
843,1414,4.44444,240,100,24,0,0,0,0,0,0,0,30
844,1346,3.85185,208,100,28,0,0,0,0,0,0,0,26
845,1436,3.28571,184,100,33,0,0,0,0,0,0,0,23
846,1256,3.92982,224,100,29,0,0,0,0,0,0,0,28
847,1448,4.07273,224,100,27,0,0,0,0,0,0,0,28
848,1586,3.67213,224,100,33,0,0,0,0,0,0,0,28
849,1444,3.7037,200,100,29,0,0,0,0,0,0,0,25
850,1442,3.76471,192,100,27,0,0,0,0,0,0,0,24
851,1426,3.63636,200,100,30,0,0,0,0,0,0,0,25
852,1524,3.05455,168,100,34,0,0,0,0,0,0,0,21
853,1462,3.38983,200,100,34,0,0,0,0,0,0,0,25
854,1402,2.32727,128,100,39,0,0,0,0,0,0,0,16
855,1472,2.98305,176,100,37,0,0,0,0,0,0,0,22
856,1430,2.4918,152,100,42,0,0,0,0,0,0,0,19
857,1440,2.8,168,100,39,0,0,0,0,0,0,0,21
858,1336,3.49091,192,100,31,0,0,0,0,0,0,0,24
859,1448,2.57627,152,100,40,0,0,0,0,0,0,0,19
860,1510,3.28571,184,100,33,0,0,0,0,0,0,0,23
861,1584,3.49091,192,100,31,0,0,0,0,0,0,0,24
862,1496,3.92727,216,100,28,0,0,0,0,0,0,0,27
863,1520,4,216,100,27,0,0,0,0,0,0,0,27
864,1606,3.64912,208,100,31,0,0,0,0,0,0,0,26
865,1456,3.52542,208,100,33,0,0,0,0,0,0,0,26
866,1390,3.86207,224,100,30,0,0,0,0,0,0,0,28
867,1430,4.13793,240,100,28,0,0,0,0,0,0,0,30
868,1504,4.4,264,100,27,0,0,0,0,0,0,0,33
869,1132,4.19672,256,100,29,0,0,0,0,0,0,0,32
870,1290,4.35088,248,100,26,0,0,0,0,0,0,0,31
871,1394,4.50909,248,100,24,0,0,0,0,0,0,0,31
872,1130,4.67925,248,100,22,0,0,0,0,0,0,0,31
873,1178,4.26667,256,100,28,0,0,0,0,0,0,0,32
874,1336,4.91228,280,100,22,0,0,0,0,0,0,0,35
875,1600,4.41379,256,100,26,0,0,0,0,0,0,0,32
876,1474,4.74074,256,100,22,0,0,0,0,0,0,0,32
877,1292,4.65455,256,100,23,0,0,0,0,0,0,0,32
878,1062,4.2963,232,100,25,0,0,0,0,0,0,0,29
879,1190,4.3871,272,100,28,0,0,0,0,0,0,0,34
880,1178,4.91228,280,100,22,0,0,0,0,0,0,0,35
881,1120,4.65455,256,100,23,0,0,0,0,0,0,0,32
882,1188,4.53333,272,100,26,0,0,0,0,0,0,0,34
883,1236,4.32787,264,100,28,0,0,0,0,0,0,0,33
884,932,4.2963,232,100,25,0,0,0,0,0,0,0,29
885,918,4.07018,232,100,28,0,0,0,0,0,0,0,29
886,1020,3.35484,208,100,36,0,0,0,0,0,0,0,26
887,1088,3.93443,240,100,31,0,0,0,0,0,0,0,30
888,1016,4,232,100,29,0,0,0,0,0,0,0,29
889,1118,4,232,100,29,0,0,0,0,0,0,0,29
890,1172,4.28571,240,100,26,0,0,0,0,0,0,0,30
891,1382,4.71429,264,100,23,0,0,0,0,0,0,0,33
892,1302,4.36364,240,100,25,0,0,0,0,0,0,0,30
893,1298,4.71429,264,100,23,0,0,0,0,0,0,0,33
894,1236,3.85714,216,100,29,0,0,0,0,0,0,0,27
895,1234,3.44828,200,100,33,0,0,0,0,0,0,0,25
896,1306,3.11864,184,100,36,0,0,0,0,0,0,0,23
897,1476,3.57143,200,100,31,0,0,0,0,0,0,0,25
898,1578,3.42857,192,100,32,0,0,0,0,0,0,0,24
899,1632,3.31034,192,100,34,0,0,0,0,0,0,0,24
900,1892,3.78182,208,100,29,0,0,0,0,0,0,0,26
901,1986,3.92453,208,100,27,0,0,0,0,0,0,0,26
902,2086,3.85714,216,100,29,0,0,0,0,0,0,0,27
903,1704,3.17241,184,100,35,0,0,0,0,0,0,0,23
904,1530,3.84615,200,100,27,0,0,0,0,0,0,0,25
905,1468,3.40741,184,100,31,0,0,0,0,0,0,0,23
906,1402,4.23529,216,100,24,0,0,0,0,0,0,0,27
907,1586,4.5283,240,100,23,0,0,0,0,0,0,0,30
908,1174,3.66667,176,100,26,0,0,0,0,0,0,0,22
909,1296,3.68,184,100,27,0,0,0,0,0,0,0,23
910,1396,4.2963,232,100,25,0,0,0,0,0,0,0,29
911,1416,3.59184,176,100,27,0,0,0,0,0,0,0,22
912,1418,3.62264,192,100,29,0,0,0,0,0,0,0,24
913,1344,4.37736,232,100,24,0,0,0,0,0,0,0,29
914,1146,4.14286,232,100,27,0,0,0,0,0,0,0,29
915,1032,4.42857,248,100,25,0,0,0,0,0,0,0,31
916,1002,3.78947,216,100,30,0,0,0,0,0,0,0,27
917,1086,4.41379,256,100,26,0,0,0,0,0,0,0,32
918,1256,4.41379,256,100,26,0,0,0,0,0,0,0,32
919,1094,3.42857,192,100,32,0,0,0,0,0,0,0,24
920,900,3.25926,176,100,32,0,0,0,0,0,0,0,22
921,952,3.42857,192,100,32,0,0,0,0,0,0,0,24
922,1080,3.6,216,100,33,0,0,0,0,0,0,0,27
923,1070,3.33333,200,100,35,0,0,0,0,0,0,0,25
924,1054,3.30159,208,100,37,0,0,0,0,0,0,0,26
925,1192,3.31034,192,100,34,0,0,0,0,0,0,0,24
926,1316,3.58621,208,100,32,0,0,0,0,0,0,0,26
927,1402,3.38983,200,100,34,0,0,0,0,0,0,0,25
928,1354,4,224,100,28,0,0,0,0,0,0,0,28
929,1174,4.2963,232,100,25,0,0,0,0,0,0,0,29
930,980,4.94545,272,100,21,0,0,0,0,0,0,0,34
931,998,4.96,248,100,19,0,0,0,0,0,0,0,31
932,960,4.57143,224,100,21,0,0,0,0,0,0,0,28
933,1172,5.28302,280,100,18,0,0,0,0,0,0,0,35
934,980,5.38462,280,100,17,0,0,0,0,0,0,0,35
935,1124,5.06667,304,100,22,0,0,0,0,0,0,0,38
936,1056,5.03704,272,100,20,0,0,0,0,0,0,0,34
937,894,4.76596,224,100,19,0,0,0,0,0,0,0,28
938,1094,5,280,100,21,0,0,0,0,0,0,0,35
939,1084,5.18519,280,100,19,0,0,0,0,0,0,0,35
940,1054,4.67925,248,100,22,0,0,0,0,0,0,0,31
941,1074,4.07018,232,100,28,0,0,0,0,0,0,0,29
942,1204,4.0678,240,100,29,0,0,0,0,0,0,0,30
943,1148,4.28571,240,100,26,0,0,0,0,0,0,0,30
944,1058,4.44444,240,100,24,0,0,0,0,0,0,0,30
945,1104,4.59259,248,100,23,0,0,0,0,0,0,0,31
946,1158,4.82759,280,100,23,0,0,0,0,0,0,0,35
947,1172,4.21818,232,100,26,0,0,0,0,0,0,0,29
948,1242,3.78947,216,100,30,0,0,0,0,0,0,0,27
949,992,4.59259,248,100,23,0,0,0,0,0,0,0,31
950,1040,4.37736,232,100,24,0,0,0,0,0,0,0,29
951,964,4.91111,221,100,17,0,0,0,0,1,0,0,27
952,1080,5.21277,245,100,16,0,0,0,0,1,0,0,30
953,1100,4.64,232,100,21,0,0,0,0,0,0,0,29
954,1156,4.98113,264,100,20,0,0,0,0,0,0,0,33
955,1182,5.38182,296,100,18,0,0,0,0,0,0,0,37
956,862,6.04082,296,100,12,0,0,0,0,0,0,0,37
957,844,5.71429,320,100,16,0,0,0,0,0,0,0,40
958,942,5.69231,296,100,15,0,0,0,0,0,0,0,37
959,968,5.73585,304,100,15,0,0,0,0,0,0,0,38
960,1222,5.88235,300,100,13,0,0,0,1,0,0,0,37
961,1230,5.92,296,100,13,0,0,0,0,0,0,0,37
962,1142,6.6383,312,100,8,0,0,0,0,0,0,0,39
963,1132,5.96078,304,100,13,0,0,0,0,0,0,0,38
964,1106,5.58491,296,100,16,0,0,0,0,0,0,0,37
965,1202,5.28571,296,100,19,0,0,0,0,0,0,0,37
966,1530,5.55932,328,100,18,0,0,0,0,0,0,0,41
967,1642,5.80392,296,100,14,0,0,0,0,0,0,0,37
968,1168,5.96078,304,100,13,0,0,0,0,0,0,0,38
969,1220,5.61404,320,100,17,0,0,0,0,0,0,0,40
970,1354,5.7931,336,100,16,0,0,0,0,0,0,0,42
971,968,5.28302,280,100,18,0,0,0,0,0,0,0,35
972,966,5.89474,336,100,15,0,0,0,0,0,0,0,42
973,894,6.08,304,100,12,0,0,0,0,0,0,0,38
974,894,5.65517,328,100,17,0,0,0,0,0,0,0,41
975,898,5.48148,296,100,17,0,0,0,0,0,0,0,37
976,796,5.10345,296,100,21,0,0,0,0,0,0,0,37
977,802,5.38182,296,100,18,0,0,0,0,0,0,0,37
978,908,4.2963,232,100,25,0,0,0,0,0,0,0,29
979,854,4.20339,248,100,28,0,0,0,0,0,0,0,31
980,988,5,280,100,21,0,0,0,0,0,0,0,35
981,1046,4.49123,256,100,25,0,0,0,0,0,0,0,32
982,1162,4.33898,256,100,27,0,0,0,0,0,0,0,32
983,1260,3.86207,224,100,30,0,0,0,0,0,0,0,28
984,1086,5.07692,264,100,19,0,0,0,0,0,0,0,33
985,1150,5.48148,296,100,17,0,0,0,0,0,0,0,37
986,1234,4.91228,280,100,22,0,0,0,0,0,0,0,35
987,1230,4.98361,304,100,23,0,0,0,0,0,0,0,38
988,1138,5.01695,296,100,22,0,0,0,0,0,0,0,37
989,1030,4.21053,240,100,27,0,0,0,0,0,0,0,30
990,1062,4.49123,256,100,25,0,0,0,0,0,0,0,32
991,1214,5.48148,296,100,17,0,0,0,0,0,0,0,37
992,1108,4.77193,272,100,23,0,0,0,0,0,0,0,34
993,1154,4.53333,272,100,26,0,0,0,0,0,0,0,34
994,1132,4.47458,264,100,26,0,0,0,0,0,0,0,33
995,1238,4.20339,248,100,28,0,0,0,0,0,0,0,31
996,1218,4.50909,248,100,24,0,0,0,0,0,0,0,31
997,1076,4.46154,232,100,23,0,0,0,0,0,0,0,29
998,992,4.22642,224,100,25,0,0,0,0,0,0,0,28
999,1026,4.28571,240,100,26,0,0,0,0,0,0,0,30
