update,points,mean_tasks,total_tasks,total_orgs,task_0,task_1,task_2,task_3,task_4,task_5,task_6,task_7,task_8
0,0,nan,0,9,0,0,0,0,0,0,0,0,0
1,0,nan,0,9,0,0,0,0,0,0,0,0,0
2,2,0,0,9,1,0,0,0,0,0,0,0,0
3,6,0,0,9,2,0,0,0,0,0,0,0,0
4,6,0,0,9,2,0,0,0,0,0,0,0,0
5,10,0,0,9,4,0,0,0,0,0,0,0,0
6,20,0,0,9,5,0,0,0,0,0,0,0,0
7,20,0,0,9,5,0,0,0,0,0,0,0,0
8,22,0,0,9,6,0,0,0,0,0,0,0,0
9,28,0,0,9,6,0,0,0,0,0,0,0,0
10,42,0,0,10,6,0,0,0,0,0,0,0,0
11,56,1.33333,8,11,5,0,0,0,0,0,0,0,1
12,40,1.33333,8,12,5,0,0,0,0,0,0,0,1
13,42,1.33333,8,12,5,0,0,0,0,0,0,0,1
14,46,1.33333,8,12,5,0,0,0,0,0,0,0,1
15,54,1.14286,8,12,6,0,0,0,0,0,0,0,1
16,60,1.14286,8,13,6,0,0,0,0,0,0,0,1
17,64,1,8,13,7,0,0,0,0,0,0,0,1
18,50,1,8,14,7,0,0,0,0,0,0,0,1
19,56,0,0,14,8,0,0,0,0,0,0,0,0
20,64,0,0,14,10,0,0,0,0,0,0,0,0
21,96,0.8,8,16,9,0,0,0,0,0,0,0,1
22,84,0.666667,8,17,11,0,0,0,0,0,0,0,1
23,86,0.666667,8,17,11,0,0,0,0,0,0,0,1
24,102,1.33333,16,17,10,0,0,0,0,0,0,0,2
25,106,1.33333,16,17,10,0,0,0,0,0,0,0,2
26,128,1.33333,16,18,10,0,0,0,0,0,0,0,2
27,146,1.23077,16,19,11,0,0,0,0,0,0,0,2
28,128,1.33333,16,19,10,0,0,0,0,0,0,0,2
29,138,1.23077,16,19,11,0,0,0,0,0,0,0,2
30,140,1.23077,16,19,11,0,0,0,0,0,0,0,2
31,150,0.615385,8,19,12,0,0,0,0,0,0,0,1
32,148,0.615385,8,19,12,0,0,0,0,0,0,0,1
33,146,0.571429,8,20,13,0,0,0,0,0,0,0,1
34,124,0.571429,8,20,13,0,0,0,0,0,0,0,1
35,134,0.533333,8,20,14,0,0,0,0,0,0,0,1
36,142,0.533333,8,20,14,0,0,0,0,0,0,0,1
37,162,1.06667,16,20,13,0,0,0,0,0,0,0,2
38,130,1.06667,16,20,13,0,0,0,0,0,0,0,2
39,138,0.533333,8,20,14,0,0,0,0,0,0,0,1
40,144,0.533333,8,20,14,0,0,0,0,0,0,0,1
41,126,0.571429,8,20,13,0,0,0,0,0,0,0,1
42,148,0.533333,8,21,14,0,0,0,0,0,0,0,1
43,166,0.533333,8,21,14,0,0,0,0,0,0,0,1
44,170,0.5,8,21,15,0,0,0,0,0,0,0,1
45,176,0.5,8,21,15,0,0,0,0,0,0,0,1
46,188,0.470588,8,21,16,0,0,0,0,0,0,0,1
47,202,1,16,22,14,0,0,0,0,0,0,0,2
48,176,1.5,24,22,13,0,0,0,0,0,0,0,3
49,166,1.41176,24,23,14,0,0,0,0,0,0,0,3
50,176,1.33333,24,23,15,0,0,0,0,0,0,0,3
51,162,0.888889,16,23,16,0,0,0,0,0,0,0,2
52,184,0.842105,16,24,17,0,0,0,0,0,0,0,2
53,190,0.8,16,24,18,0,0,0,0,0,0,0,2
54,168,0.842105,16,24,17,0,0,0,0,0,0,0,2
55,170,0.8,16,24,18,0,0,0,0,0,0,0,2
56,166,0.8,16,25,18,0,0,0,0,0,0,0,2
57,190,1.2,24,25,17,0,0,0,0,0,0,0,3
58,176,1.2,24,26,17,0,0,0,0,0,0,0,3
59,180,1.2,24,26,17,0,0,0,0,0,0,0,3
60,186,1.2,24,26,17,0,0,0,0,0,0,0,3
61,190,1.2,24,26,17,0,0,0,0,0,0,0,3
62,224,1.68421,32,27,15,0,0,0,0,0,0,0,4
63,176,1.33333,24,28,15,0,0,0,0,0,0,0,3
64,188,1.26316,24,28,16,0,0,0,0,0,0,0,3
65,176,1.33333,24,28,15,0,0,0,0,0,0,0,3
66,168,1.26316,24,29,16,0,0,0,0,0,0,0,3
67,206,2,40,30,15,0,0,0,0,0,0,0,5
68,218,1.73913,40,30,18,0,0,0,0,0,0,0,5
69,198,1.81818,40,30,17,0,0,0,0,0,0,0,5
70,220,1.73913,40,31,18,0,0,0,0,0,0,0,5
71,214,1.33333,32,31,20,0,0,0,0,0,0,0,4
72,260,1.6,40,34,20,0,0,0,0,0,0,0,5
73,232,1.66667,40,35,19,0,0,0,0,0,0,0,5
74,238,1.28,32,35,21,0,0,0,0,0,0,0,4
75,252,1.18519,32,35,23,0,0,0,0,0,0,0,4
76,246,1.23077,32,35,22,0,0,0,0,0,0,0,4
77,244,1.23077,32,35,22,0,0,0,0,0,0,0,4
78,264,1.14286,32,35,24,0,0,0,0,0,0,0,4
79,278,1.10345,32,35,25,0,0,0,0,0,0,0,4
80,288,1.10345,32,35,25,0,0,0,0,0,0,0,4
81,310,1.10345,32,36,25,0,0,0,0,0,0,0,4
82,278,1.14286,32,37,24,0,0,0,0,0,0,0,4
83,290,1.14286,32,37,24,0,0,0,0,0,0,0,4
84,284,1.14286,32,38,24,0,0,0,0,0,0,0,4
85,298,1.14286,32,38,24,0,0,0,0,0,0,0,4
86,306,1.10345,32,39,25,0,0,0,0,0,0,0,4
87,276,1.10345,32,40,25,0,0,0,0,0,0,0,4
88,288,1.10345,32,40,25,0,0,0,0,0,0,0,4
89,292,1.06667,32,40,26,0,0,0,0,0,0,0,4
90,270,1.06667,32,41,26,0,0,0,0,0,0,0,4
91,298,1.03226,32,42,27,0,0,0,0,0,0,0,4
92,288,1.42857,40,42,23,0,0,0,0,0,0,0,5
93,290,1.42857,40,42,23,0,0,0,0,0,0,0,5
94,282,1.37931,40,42,24,0,0,0,0,0,0,0,5
95,280,1.65517,48,42,23,0,0,0,0,0,0,0,6
96,300,1.86667,56,43,23,0,0,0,0,0,0,0,7
97,280,2.06452,64,43,23,0,0,0,0,0,0,0,8
98,266,1.86667,56,43,23,0,0,0,0,0,0,0,7
99,276,1.80645,56,43,24,0,0,0,0,0,0,0,7
100,276,1.54839,48,44,25,0,0,0,0,0,0,0,6
101,280,1.86667,56,44,23,0,0,0,0,0,0,0,7
102,246,2.03333,61,45,22,0,0,0,0,1,0,0,7
103,216,2.2069,64,45,21,0,0,0,0,0,0,0,8
104,204,2.13333,64,45,22,0,0,0,0,0,0,0,8
105,222,1.93103,56,45,22,0,0,0,0,0,0,0,7
106,226,2.13333,64,45,22,0,0,0,0,0,0,0,8
107,244,2.13333,64,45,22,0,0,0,0,0,0,0,8
108,250,2.13333,64,45,22,0,0,0,0,0,0,0,8
109,258,2.13333,64,45,22,0,0,0,0,0,0,0,8
110,282,1.93103,56,45,22,0,0,0,0,0,0,0,7
111,232,1.93103,56,45,22,0,0,0,0,0,0,0,7
112,240,2.2069,64,45,21,0,0,0,0,0,0,0,8
113,218,2.13333,64,46,22,0,0,0,0,0,0,0,8
114,236,1.80645,56,46,24,0,0,0,0,0,0,0,7
115,270,1.86667,56,46,23,0,0,0,0,0,0,0,7
116,282,1.80645,56,46,24,0,0,0,0,0,0,0,7
117,310,2.42424,80,47,23,0,0,0,0,0,0,0,10
118,274,1.93939,64,47,25,0,0,0,0,0,0,0,8
119,286,1.93939,64,47,25,0,0,0,0,0,0,0,8
120,310,2,64,47,24,0,0,0,0,0,0,0,8
121,286,1.82857,64,48,27,0,0,0,0,0,0,0,8
122,336,2.35294,80,50,24,0,0,0,0,0,0,0,10
123,340,2.51429,88,50,24,0,0,0,0,0,0,0,11
124,292,2.35294,80,52,24,0,0,0,0,0,0,0,10
125,322,1.89474,72,52,29,0,0,0,0,0,0,0,9
126,348,1.7561,72,52,32,0,0,0,0,0,0,0,9
127,382,1.90476,80,52,32,0,0,0,0,0,0,0,10
128,362,2.2,88,52,29,0,0,0,0,0,0,0,11
129,360,1.84615,72,52,30,0,0,0,0,0,0,0,9
130,366,1.47368,56,53,31,0,0,0,0,0,0,0,7
131,358,1.4359,56,54,32,0,0,0,0,0,0,0,7
132,360,1.94595,72,54,28,0,0,0,0,0,0,0,9
133,282,1.93939,64,54,25,0,0,0,0,0,0,0,8
134,300,2.11765,72,55,25,0,0,0,0,0,0,0,9
135,332,2.07317,85,55,30,0,0,0,0,1,0,0,10
136,356,2.51351,93,55,25,0,0,0,0,1,0,0,11
137,300,1.91667,69,56,27,0,0,0,0,1,0,0,8
138,302,1.64103,64,56,31,0,0,0,0,0,0,0,8
139,358,1.4,56,56,33,0,0,0,0,0,0,0,7
140,424,1.4359,56,56,32,0,0,0,0,0,0,0,7
141,438,1.64103,64,56,31,0,0,0,0,0,0,0,8
142,450,1.90476,80,57,32,0,0,0,0,0,0,0,10
143,430,1.63636,72,57,35,0,0,0,0,0,0,0,9
144,414,1.81818,80,59,34,0,0,0,0,0,0,0,10
145,380,1.70213,80,62,37,0,0,0,0,0,0,0,10
146,464,1.30612,64,62,41,0,0,0,0,0,0,0,8
147,546,1.95918,96,63,37,0,0,0,0,0,0,0,12
148,504,2.04255,96,64,35,0,0,0,0,0,0,0,12
149,438,1.95918,96,68,37,0,0,0,0,0,0,0,12
150,450,1.56863,80,68,41,0,0,0,0,0,0,0,10
151,524,1.6,88,69,44,0,0,0,0,0,0,0,11
152,608,1.16364,64,70,47,0,0,0,0,0,0,0,8
153,570,1.38462,72,72,43,0,0,0,0,0,0,0,9
154,516,1.56863,80,73,41,0,0,0,0,0,0,0,10
155,518,2.35294,120,74,36,0,0,0,0,0,0,0,15
156,556,2.22222,120,75,39,0,0,0,0,0,0,0,15
157,662,2.96296,160,77,34,0,0,0,0,0,0,0,20
158,584,2.47273,136,78,38,0,0,0,0,0,0,0,17
159,624,2.66667,152,79,38,0,0,0,0,0,0,0,19
160,652,2.61818,144,79,37,0,0,0,0,0,0,0,18
161,676,2.84746,168,82,38,0,0,0,0,0,0,0,21
162,658,2.48276,144,86,40,0,0,0,0,0,0,0,18
163,660,3.33333,200,88,35,0,0,0,0,0,0,0,25
164,698,4,248,91,31,0,0,0,0,0,0,0,31
165,738,4.66667,280,92,25,0,0,0,0,0,0,0,35
166,782,4.11765,280,92,33,0,0,0,0,0,0,0,35
167,804,3.63636,240,92,36,0,0,0,0,0,0,0,30
168,862,3.32308,216,94,38,0,0,0,0,0,0,0,27
169,706,3.55556,224,94,35,0,0,0,0,0,0,0,28
170,698,3.93443,240,95,31,0,0,0,0,0,0,0,30
171,756,3.81538,248,96,34,0,0,0,0,0,0,0,31
172,934,3.58209,240,98,37,0,0,0,0,0,0,0,30
173,962,3.81538,248,99,34,0,0,0,0,0,0,0,31
174,1114,3.875,248,99,33,0,0,0,0,0,0,0,31
175,1112,4.875,312,100,25,0,0,0,0,0,0,0,39
176,1404,5.04615,328,100,24,0,0,0,0,0,0,0,41
177,984,5.29032,328,100,21,0,0,0,0,0,0,0,41
178,1094,4.51613,280,100,27,0,0,0,0,0,0,0,35
179,1178,4.3871,272,100,28,0,0,0,0,0,0,0,34
180,1218,4.47059,304,100,30,0,0,0,0,0,0,0,38
181,1482,4.45714,312,100,31,0,0,0,0,0,0,0,39
182,1476,3.63636,240,100,36,0,0,0,0,0,0,0,30
183,1636,4.06557,248,100,30,0,0,0,0,0,0,0,31
184,1640,4.30769,280,100,30,0,0,0,0,0,0,0,35
185,1370,4.77612,320,100,27,0,0,0,0,0,0,0,40
186,1066,4.45902,272,100,27,0,0,0,0,0,0,0,34
187,962,4.98361,304,100,23,0,0,0,0,0,0,0,38
188,1306,5.07937,320,100,23,0,0,0,0,0,0,0,40
189,1278,5.16129,320,100,22,0,0,0,0,0,0,0,40
190,1452,5.45455,360,100,21,0,0,0,0,0,0,0,45
191,1518,4.70588,320,100,28,0,0,0,0,0,0,0,40
192,1424,4.70588,320,100,28,0,0,0,0,0,0,0,40
193,1758,4.65672,312,100,28,0,0,0,0,0,0,0,39
194,2066,4.88889,352,100,28,0,0,0,0,0,0,0,44
195,2290,4.4058,304,100,31,0,0,0,0,0,0,0,38
196,2280,4.06154,264,100,32,0,0,0,0,0,0,0,33
197,2334,3.87879,256,100,34,0,0,0,0,0,0,0,32
198,2898,4.25806,264,100,29,0,0,0,0,0,0,0,33
199,3208,4.61017,272,100,25,0,0,0,0,0,0,0,34
200,2654,4.74576,280,100,24,0,0,0,0,0,0,0,35
201,2628,5.65517,328,100,17,0,0,0,0,0,0,0,41
202,2728,5.33333,352,100,22,0,0,0,0,0,0,0,44
203,3164,5.04615,328,100,24,0,0,0,0,0,0,0,41
204,2428,5.24138,304,100,20,0,0,0,0,0,0,0,38
205,2130,4.25806,264,100,29,0,0,0,0,0,0,0,33
206,2488,5.28571,296,100,19,0,0,0,0,0,0,0,37
207,3116,5.29032,328,100,21,0,0,0,0,0,0,0,41
208,2720,5.2,312,100,21,0,0,0,0,0,0,0,39
209,2894,5.375,344,100,21,0,0,0,0,0,0,0,43
210,2548,4.93333,296,100,23,0,0,0,0,0,0,0,37
211,2838,4.57143,288,100,27,0,0,0,0,0,0,0,36
212,2566,4.19048,264,100,30,0,0,0,0,0,0,0,33
213,2742,4.32787,264,100,28,0,0,0,0,0,0,0,33
214,2530,5.19298,296,100,20,0,0,0,0,0,0,0,37
215,2324,4.88136,288,100,23,0,0,0,0,0,0,0,36
216,2096,4.72131,288,100,25,0,0,0,0,0,0,0,36
217,2422,5.07937,320,100,23,0,0,0,0,0,0,0,40
218,2892,4.84848,320,100,26,0,0,0,0,0,0,0,40
219,3102,5.41935,336,100,20,0,0,0,0,0,0,0,42
220,2412,5.65517,328,100,17,0,0,0,0,0,0,0,41
221,2428,5.41935,336,100,20,0,0,0,0,0,0,0,42
222,3126,5.11475,312,100,22,0,0,0,0,0,0,0,39
223,3358,5.15254,304,100,21,0,0,0,0,0,0,0,38
224,3342,5.29032,328,100,21,0,0,0,0,0,0,0,41
225,3072,4.92308,320,100,25,0,0,0,0,0,0,0,40
226,3406,4.75,304,100,26,0,0,0,0,0,0,0,38
227,3888,4.875,312,100,25,0,0,0,0,0,0,0,39
228,3870,5.18519,280,100,19,0,0,0,0,0,0,0,35
229,3784,5.69231,296,100,15,0,0,0,0,0,0,0,37
230,3638,4.85246,296,100,24,0,0,0,0,0,0,0,37
231,2360,5.11475,312,100,22,0,0,0,0,0,0,0,39
232,3182,5.96825,376,100,16,0,0,0,0,0,0,0,47
233,3230,5.80645,360,100,17,0,0,0,0,0,0,0,45
234,3132,6.03279,368,100,15,0,0,0,0,0,0,0,46
235,3136,6.71429,376,100,9,0,0,0,0,0,0,0,47
236,3484,5.75439,328,100,16,0,0,0,0,0,0,0,41
237,3924,4.94545,272,100,21,0,0,0,0,0,0,0,34
238,3656,5.69492,336,100,17,0,0,0,0,0,0,0,42
239,3606,5.64286,316,100,16,0,0,0,1,0,0,0,39
240,2380,4.96552,288,100,22,0,0,0,0,0,0,0,36
241,3168,5.37705,328,100,20,0,0,0,0,0,0,0,41
242,3734,5.16129,320,100,22,0,0,0,0,0,0,0,40
243,3706,4.96552,288,100,22,0,0,0,0,0,0,0,36
244,3138,5.33333,304,100,19,0,0,0,0,0,0,0,38
245,3384,5.09091,280,100,20,0,0,0,0,0,0,0,35
246,3130,6.03509,344,100,14,0,0,0,0,0,0,0,43
247,2338,5.14286,288,100,20,0,0,0,0,0,0,0,36
248,2906,5.2459,320,100,21,0,0,0,0,0,0,0,40
249,3622,5.92593,320,100,14,0,0,0,0,0,0,0,40
250,2400,5.75439,328,100,16,0,0,0,0,0,0,0,41
251,2548,5.9661,352,100,15,0,0,0,0,0,0,0,44
252,2370,5.2459,320,100,21,0,0,0,0,0,0,0,40
253,2480,5.28814,312,100,20,0,0,0,0,0,0,0,39
254,2404,4.98361,304,100,23,0,0,0,0,0,0,0,38
255,2864,5.67742,352,100,18,0,0,0,0,0,0,0,44
256,3178,5.83051,344,100,16,0,0,0,0,0,0,0,43
257,2380,5.42373,320,100,19,0,0,0,0,0,0,0,40
258,2058,5.46667,328,100,19,0,0,0,0,0,0,0,41
259,1850,5.375,344,100,21,0,0,0,0,0,0,0,43
260,2206,5.29032,328,100,21,0,0,0,0,0,0,0,41
261,2554,5.46667,328,100,19,0,0,0,0,0,0,0,41
262,2608,4.875,312,100,25,0,0,0,0,0,0,0,39
263,3192,5.69492,336,100,17,0,0,0,0,0,0,0,42
264,3398,6.03279,368,100,15,0,0,0,0,0,0,0,46
265,2808,5.9661,352,100,15,0,0,0,0,0,0,0,44
266,3082,5.9661,352,100,15,0,0,0,0,0,0,0,44
267,3164,6.4,384,100,12,0,0,0,0,0,0,0,48
268,2910,5.15254,304,100,21,0,0,0,0,0,0,0,38
269,2492,5.2,312,100,21,0,0,0,0,0,0,0,39
270,3226,5.29032,328,100,21,0,0,0,0,0,0,0,41
271,3388,5.46667,328,100,19,0,0,0,0,0,0,0,41
272,2734,5.24138,304,100,20,0,0,0,0,0,0,0,38
273,3436,5.33333,336,100,21,0,0,0,0,0,0,0,42
274,2204,5.24138,304,100,20,0,0,0,0,0,0,0,38
275,2258,4.88136,288,100,23,0,0,0,0,0,0,0,36
276,2164,6,336,100,14,0,0,0,0,0,0,0,42
277,2520,6.34483,368,100,12,0,0,0,0,0,0,0,46
278,2688,6.10909,336,100,13,0,0,0,0,0,0,0,42
279,2978,5.51724,320,100,18,0,0,0,0,0,0,0,40
280,3044,5.83051,344,100,16,0,0,0,0,0,0,0,43
281,3204,6.06897,352,100,14,0,0,0,0,0,0,0,44
282,3398,6.4,384,100,12,0,0,0,0,0,0,0,48
283,3260,6.4,352,100,11,0,0,0,0,0,0,0,44
284,3736,6.06897,352,100,14,0,0,0,0,0,0,0,44
285,3174,6.07407,328,100,13,0,0,0,0,0,0,0,41
286,4022,5.63934,344,100,18,0,0,0,0,0,0,0,43
287,3982,5.03226,312,100,23,0,0,0,0,0,0,0,39
288,2904,4.8,288,100,24,0,0,0,0,0,0,0,36
289,2838,5.21212,344,100,23,0,0,0,0,0,0,0,43
290,2988,5.01695,296,100,22,0,0,0,0,0,0,0,37
291,2890,4.59016,280,100,26,0,0,0,0,0,0,0,35
292,2984,4.73846,308,100,26,0,0,0,1,0,0,0,38
293,2460,4.73846,308,100,26,0,0,0,1,0,0,0,38
294,3218,5.16923,336,100,23,0,0,0,0,0,0,0,42
295,3542,5,320,100,24,0,0,0,0,0,0,0,40
296,3272,4.77612,320,100,27,0,0,0,0,0,0,0,40
297,3648,5.125,328,100,23,0,0,0,0,0,0,0,41
298,4244,5.33333,304,100,19,0,0,0,0,0,0,0,38
299,3796,5.42373,320,100,19,0,0,0,0,0,0,0,40
300,4276,5.73333,344,100,17,0,0,0,0,0,0,0,43
301,3956,5.28814,312,100,20,0,0,0,0,0,0,0,39
302,4042,5.11475,312,100,22,0,0,0,0,0,0,0,39
303,4170,4.8,312,100,26,0,0,0,0,0,0,0,39
304,4072,5.23077,272,100,18,0,0,0,0,0,0,0,34
305,3900,5.28302,280,100,18,0,0,0,0,0,0,0,35
306,3274,4.82759,280,100,23,0,0,0,0,0,0,0,35
307,3182,5.73585,304,100,15,0,0,0,0,0,0,0,38
308,2932,5.46667,328,100,19,0,0,0,0,0,0,0,41
309,3302,5.375,344,100,21,0,0,0,0,0,0,0,43
310,4078,4.98462,324,100,24,0,0,0,1,0,0,0,40
311,3854,5.49153,324,100,18,0,0,0,1,0,0,0,40
312,3592,5.37931,312,100,19,0,0,0,0,0,0,0,39
313,3124,5.37931,312,100,19,0,0,0,0,0,0,0,39
314,3436,5.93548,368,100,16,0,0,0,0,0,0,0,46
315,3698,5.01695,296,100,22,0,0,0,0,0,0,0,37
316,4144,5.42373,320,100,19,0,0,0,0,0,0,0,40
317,3742,5.10345,296,100,21,0,0,0,0,0,0,0,37
318,3750,5.28571,333,100,21,0,0,0,0,1,0,0,41
319,3380,4.90323,304,100,24,0,0,0,0,0,0,0,38
320,3550,4.60606,304,100,28,0,0,0,0,0,0,0,38
321,3034,4.47059,304,100,30,0,0,0,0,0,0,0,38
322,3268,4.58824,312,100,29,0,0,0,0,0,0,0,39
323,3932,4.30769,280,100,30,0,0,0,0,0,0,0,35
324,3898,4.875,312,100,25,0,0,0,0,0,0,0,39
325,3820,4.95238,312,100,24,0,0,0,0,0,0,0,39
326,2992,5.16923,336,100,23,0,0,0,0,0,0,0,42
327,3118,5.10345,296,100,21,0,0,0,0,0,0,0,37
328,3990,6.26667,376,100,13,0,0,0,0,0,0,0,47
329,4340,6.14286,344,100,13,0,0,0,0,0,0,0,43
330,4070,5.11475,312,100,22,0,0,0,0,0,0,0,39
331,4040,5.11475,312,100,22,0,0,0,0,0,0,0,39
332,3624,5.25,336,100,22,0,0,0,0,0,0,0,42
333,3450,5.46667,328,100,19,0,0,0,0,0,0,0,41
334,3528,5.2,312,100,21,0,0,0,0,0,0,0,39
335,4160,4.9661,293,100,22,0,0,0,0,1,0,0,36
336,3994,5.42857,304,100,18,0,0,0,0,0,0,0,38
337,3986,6.10169,360,100,14,0,0,0,0,0,0,0,45
338,3472,5.86667,352,100,16,0,0,0,0,0,0,0,44
339,3048,6.29508,384,100,13,0,0,0,0,0,0,0,48
340,2300,6,348,100,14,0,0,0,1,0,0,0,43
341,2468,5.61404,320,100,17,0,0,0,0,0,0,0,40
342,3060,6.03509,344,100,14,0,0,0,0,0,0,0,43
343,3662,6.33962,336,100,11,0,0,0,0,0,0,0,42
344,3946,6.17544,352,100,13,0,0,0,0,0,0,0,44
345,4132,6.59649,376,100,10,0,0,0,0,0,0,0,47
346,3602,6.13333,368,100,14,0,0,0,0,0,0,0,46
347,3060,5.83051,344,100,16,0,0,0,0,0,0,0,43
348,3096,5.51724,320,100,18,0,0,0,0,0,0,0,40
349,2594,5.9661,352,100,15,0,0,0,0,0,0,0,44
350,1880,5.2,312,100,21,0,0,0,0,0,0,0,39
351,2186,5.01695,296,100,22,0,0,0,0,0,0,0,37
352,1638,5.01695,296,100,22,0,0,0,0,0,0,0,37
353,1834,5.2,312,100,21,0,0,0,0,0,0,0,39
354,2214,5,320,100,24,0,0,0,0,0,0,0,40
355,2492,4.98361,304,100,23,0,0,0,0,0,0,0,38
356,2794,4.77419,296,100,25,0,0,0,0,0,0,0,37
357,2748,4.4,264,100,27,0,0,0,0,0,0,0,33
358,2836,4.49123,256,100,25,0,0,0,0,0,0,0,32
359,3146,5.05263,288,100,21,0,0,0,0,0,0,0,36
360,3332,5.33333,320,100,20,0,0,0,0,0,0,0,40
361,3174,6.07407,328,100,13,0,0,0,0,0,0,0,41
362,2748,5.89474,336,100,15,0,0,0,0,0,0,0,42
363,2434,5.37931,312,100,19,0,0,0,0,0,0,0,39
364,2536,5.81818,320,100,15,0,0,0,0,0,0,0,40
365,3050,5.93548,368,100,16,0,0,0,0,0,0,0,46
366,3330,5.86667,352,100,16,0,0,0,0,0,0,0,44
367,3496,4.91228,280,100,22,0,0,0,0,0,0,0,35
368,3154,4.95238,312,100,24,0,0,0,0,0,0,0,39
369,3204,4.61017,272,100,25,0,0,0,0,0,0,0,34
370,3536,4.85246,296,100,24,0,0,0,0,0,0,0,37
371,2920,4.88136,288,100,23,0,0,0,0,0,0,0,36
372,3648,4.96552,288,100,22,0,0,0,0,0,0,0,36
373,3592,5.89474,336,100,15,0,0,0,0,0,0,0,42
374,3478,5.61404,320,100,17,0,0,0,0,0,0,0,40
375,3682,5.73333,344,100,17,0,0,0,0,0,0,0,43
376,4778,5.63934,344,100,18,0,0,0,0,0,0,0,43
377,4094,5.47368,312,100,18,0,0,0,0,0,0,0,39
378,4298,5.10345,296,100,21,0,0,0,0,0,0,0,37
379,4258,4.59016,280,100,26,0,0,0,0,0,0,0,35
380,4258,4.61017,272,100,25,0,0,0,0,0,0,0,34
381,4544,4.96552,288,100,22,0,0,0,0,0,0,0,36
382,3670,5.33333,288,100,18,0,0,0,0,0,0,0,36
383,4624,5.05263,288,100,21,0,0,0,0,0,0,0,36
384,4874,4.85714,272,100,22,0,0,0,0,0,0,0,34
385,5122,5.2,312,100,21,0,0,0,0,0,0,0,39
386,5114,5.33333,320,100,20,0,0,0,0,0,0,0,40
387,5696,5.42373,320,100,19,0,0,0,0,0,0,0,40
388,6000,4.63158,264,100,24,0,0,0,0,0,0,0,33
389,6016,5.2459,320,100,21,0,0,0,0,0,0,0,40
390,6262,5.46032,344,100,20,0,0,0,0,0,0,0,43
391,6544,5.67273,312,100,16,0,0,0,0,0,0,0,39
392,5034,5.19298,296,100,20,0,0,0,0,0,0,0,37
393,4518,5.55932,328,100,18,0,0,0,0,0,0,0,41
394,4188,5.06667,304,100,22,0,0,0,0,0,0,0,38
395,4804,5.28814,312,100,20,0,0,0,0,0,0,0,39
396,5116,5.6,336,100,18,0,0,0,0,0,0,0,42
397,4212,5.77049,352,100,17,0,0,0,0,0,0,0,44
398,4130,5.61404,320,100,17,0,0,0,0,0,0,0,40
399,4312,5.09091,280,100,20,0,0,0,0,0,0,0,35
400,4602,5.51724,320,100,18,0,0,0,0,0,0,0,40
401,3968,5.85714,328,100,15,0,0,0,0,0,0,0,41
402,4036,5.37931,312,100,19,0,0,0,0,0,0,0,39
403,4138,4.77193,272,100,23,0,0,0,0,0,0,0,34
404,2898,5.67273,312,100,16,0,0,0,0,0,0,0,39
405,2820,5.55932,328,100,18,0,0,0,0,0,0,0,41
406,2926,4.61017,272,100,25,0,0,0,0,0,0,0,34
407,3078,4.57143,288,100,27,0,0,0,0,0,0,0,36
408,3174,4.45902,272,100,27,0,0,0,0,0,0,0,34
409,3844,5.16129,320,100,22,0,0,0,0,0,0,0,40
410,3708,5.28814,312,100,20,0,0,0,0,0,0,0,39
411,4184,5.89474,336,100,15,0,0,0,0,0,0,0,42
412,3666,5.15254,304,100,21,0,0,0,0,0,0,0,38
413,2904,4.32787,264,100,28,0,0,0,0,0,0,0,33
414,3068,4.66667,280,100,25,0,0,0,0,0,0,0,35
415,3790,5.10345,296,100,21,0,0,0,0,0,0,0,37
416,4700,4.92308,320,100,25,0,0,0,0,0,0,0,40
417,4240,5.69697,376,100,19,0,0,0,0,0,0,0,47
418,3502,5.5873,352,100,19,0,0,0,0,0,0,0,44
419,3218,5.5082,336,100,19,0,0,0,0,0,0,0,42
420,2628,5.33333,304,100,19,0,0,0,0,0,0,0,38
421,2746,5.93548,368,100,16,0,0,0,0,0,0,0,46
422,3078,5.61404,320,100,17,0,0,0,0,0,0,0,40
423,3244,5.28814,312,100,20,0,0,0,0,0,0,0,39
424,3548,5.5082,336,100,19,0,0,0,0,0,0,0,42
425,3266,5.55932,328,100,18,0,0,0,0,0,0,0,41
426,3130,5.93103,344,100,15,0,0,0,0,0,0,0,43
427,2886,6.58824,336,100,9,0,0,0,0,0,0,0,42
428,3204,6.91525,408,100,8,0,0,0,0,0,0,0,51
429,2766,6.37037,344,100,11,0,0,0,0,0,0,0,43
430,3072,5.85714,328,100,15,0,0,0,0,0,0,0,41
431,3274,5.33333,288,100,18,0,0,0,0,0,0,0,36
432,2554,5.69231,296,100,15,0,0,0,0,0,0,0,37
433,2690,4.96552,288,100,22,0,0,0,0,0,0,0,36
434,1580,5.77778,312,100,15,0,0,0,0,0,0,0,39
435,2292,4.64516,288,100,26,0,0,0,0,0,0,0,36
436,2110,5.10345,296,100,21,0,0,0,0,0,0,0,37
437,2052,5.52727,304,100,17,0,0,0,0,0,0,0,38
438,2476,4.67213,285,100,25,0,0,0,0,1,0,0,35
439,2146,4.18462,272,100,31,0,0,0,0,0,0,0,34
440,2014,4.65672,312,100,28,0,0,0,0,0,0,0,39
441,2476,5.96825,376,100,16,0,0,0,0,0,0,0,47
442,2402,5.73333,344,100,17,0,0,0,0,0,0,0,43
443,2748,5.625,360,100,19,0,0,0,0,0,0,0,45
444,3288,4.98551,344,100,26,0,0,0,0,0,0,0,43
445,3298,4.8,312,100,26,0,0,0,0,0,0,0,39
446,3158,4.64516,288,100,26,0,0,0,0,0,0,0,36
447,3054,4.72131,288,100,25,0,0,0,0,0,0,0,36
448,3340,4.92308,320,100,25,0,0,0,0,0,0,0,40
449,3578,5.03226,312,100,23,0,0,0,0,0,0,0,39
450,3368,5.86667,352,100,16,0,0,0,0,0,0,0,44
451,2840,6.28571,352,100,12,0,0,0,0,0,0,0,44
452,3494,5.28814,312,100,20,0,0,0,0,0,0,0,39
453,3698,5.15254,304,100,21,0,0,0,0,0,0,0,38
454,3632,5.6,336,100,18,0,0,0,0,0,0,0,42
455,3814,5.06667,304,100,22,0,0,0,0,0,0,0,38
456,3516,5.06667,304,100,22,0,0,0,0,0,0,0,38
457,3496,5.05263,288,100,21,0,0,0,0,0,0,0,36
458,3702,5.9661,352,100,15,0,0,0,0,0,0,0,44
459,3370,5.63934,344,100,18,0,0,0,0,0,0,0,43
460,3286,5.33333,336,100,21,0,0,0,0,0,0,0,42
461,3512,4.64516,288,100,26,0,0,0,0,0,0,0,36
462,3912,5.06667,304,100,22,0,0,0,0,0,0,0,38
463,3314,4.93333,296,100,23,0,0,0,0,0,0,0,37
464,3320,5.01695,296,100,22,0,0,0,0,0,0,0,37
465,3404,4.8254,304,100,25,0,0,0,0,0,0,0,38
466,3894,4.74576,280,100,24,0,0,0,0,0,0,0,35
467,4148,4.57143,288,100,27,0,0,0,0,0,0,0,36
468,3926,4.8254,304,100,25,0,0,0,0,0,0,0,38
469,4056,4.57143,288,100,27,0,0,0,0,0,0,0,36
470,4424,4.64516,288,100,26,0,0,0,0,0,0,0,36
471,4040,4.5,288,100,28,0,0,0,0,0,0,0,36
472,4620,3.87879,256,100,34,0,0,0,0,0,0,0,32
473,5416,4.36364,288,100,30,0,0,0,0,0,0,0,36
474,4254,4.20339,248,100,28,0,0,0,0,0,0,0,31
475,3594,4.72131,288,100,25,0,0,0,0,0,0,0,36
476,3532,5,320,100,24,0,0,0,0,0,0,0,40
477,2400,4.375,280,100,29,0,0,0,0,0,0,0,35
478,2244,4.17391,288,100,33,0,0,0,0,0,0,0,36
479,2948,5.11475,312,100,22,0,0,0,0,0,0,0,39
480,2830,5.03226,312,100,23,0,0,0,0,0,0,0,39
481,2606,4.59016,280,100,26,0,0,0,0,0,0,0,35
482,3404,4.48485,296,100,29,0,0,0,0,0,0,0,37
483,3232,4.90323,304,100,24,0,0,0,0,0,0,0,38
484,3004,4.75385,309,100,26,0,0,0,0,1,0,0,38
485,2938,4.27869,261,100,28,0,0,0,0,1,0,0,32
486,2554,4.67213,285,100,25,0,0,0,0,1,0,0,35
487,2358,4.33871,269,100,28,0,0,0,0,1,0,0,33
488,2520,3.7619,237,100,33,0,0,0,0,1,0,0,29
489,2512,4.06557,248,100,30,0,0,0,0,0,0,0,31
490,2774,3.875,248,100,33,0,0,0,0,0,0,0,31
491,2016,3.875,248,100,33,0,0,0,0,0,0,0,31
492,2594,4.11765,280,100,33,0,0,0,0,0,0,0,35
493,2670,5.06667,304,100,22,0,0,0,0,0,0,0,38
494,2980,5.15254,304,100,21,0,0,0,0,0,0,0,38
495,3602,4.95238,312,100,24,0,0,0,0,0,0,0,39
496,4234,4.4,264,100,27,0,0,0,0,0,0,0,33
497,3868,4.77193,272,100,23,0,0,0,0,0,0,0,34
498,4480,5.42857,304,100,18,0,0,0,0,0,0,0,38
499,3970,4.71429,264,100,23,0,0,0,0,0,0,0,33
500,2420,4.65455,256,100,23,0,0,0,0,0,0,0,32
501,3180,5.42373,320,100,19,0,0,0,0,0,0,0,40
502,2806,5.05263,288,100,21,0,0,0,0,0,0,0,36
503,2430,5.01695,296,100,22,0,0,0,0,0,0,0,37
504,1642,4.93333,296,100,23,0,0,0,0,0,0,0,37
505,1720,4.96552,288,100,22,0,0,0,0,0,0,0,36
506,2220,4.8,288,100,24,0,0,0,0,0,0,0,36
507,1628,4.45902,272,100,27,0,0,0,0,0,0,0,34
508,1830,4.55385,296,100,28,0,0,0,0,0,0,0,37
509,1760,4.5,288,100,28,0,0,0,0,0,0,0,36
510,2208,4.77419,296,100,25,0,0,0,0,0,0,0,37
511,2342,4.8,288,100,24,0,0,0,0,0,0,0,36
512,2198,4.77193,272,100,23,0,0,0,0,0,0,0,34
513,2154,5,280,100,21,0,0,0,0,0,0,0,35
514,2398,4.47458,264,100,26,0,0,0,0,0,0,0,33
515,2490,4.77193,272,100,23,0,0,0,0,0,0,0,34
516,2462,4.44444,280,100,28,0,0,0,0,0,0,0,35
517,2766,4.19048,264,100,30,0,0,0,0,0,0,0,33
518,3454,4.57143,288,100,27,0,0,0,0,0,0,0,36
519,3878,5.07937,320,100,23,0,0,0,0,0,0,0,40
520,3170,4.96552,288,100,22,0,0,0,0,0,0,0,36
521,3218,5.2,312,100,21,0,0,0,0,0,0,0,39
522,2804,5.18033,316,100,21,0,0,0,1,0,0,0,39
523,3056,4.96552,288,100,22,0,0,0,0,0,0,0,36
524,2880,4.64516,288,100,26,0,0,0,0,0,0,0,36
525,2256,4.68966,272,100,24,0,0,0,0,0,0,0,34
526,2464,4.85246,296,100,24,0,0,0,0,0,0,0,37
527,2892,4.51613,280,100,27,0,0,0,0,0,0,0,35
528,2802,4.3871,272,100,28,0,0,0,0,0,0,0,34
529,2640,4.13333,248,100,29,0,0,0,0,0,0,0,31
530,2838,3.75,240,100,34,0,0,0,0,0,0,0,30
531,3198,3.5942,248,100,38,0,0,0,0,0,0,0,31
532,2922,4.05797,280,100,34,0,0,0,0,0,0,0,35
533,3154,3.94203,272,100,35,0,0,0,0,0,0,0,34
534,3246,3.93443,240,100,31,0,0,0,0,0,0,0,30
535,3692,4.125,264,100,31,0,0,0,0,0,0,0,33
536,3294,3.5,224,100,36,0,0,0,0,0,0,0,28
537,4280,4.375,280,100,29,0,0,0,0,0,0,0,35
538,3906,3.92982,224,100,29,0,0,0,0,0,0,0,28
539,4074,3.73333,224,100,32,0,0,0,0,0,0,0,28
540,3380,4.14286,232,100,27,0,0,0,0,0,0,0,29
541,3272,4,216,100,27,0,0,0,0,0,0,0,27
542,3314,4.55172,264,100,25,0,0,0,0,0,0,0,33
543,2848,4.25806,264,100,29,0,0,0,0,0,0,0,33
544,2804,2.95385,192,100,41,0,0,0,0,0,0,0,24
545,2876,3.42857,216,100,36,0,0,0,0,0,0,0,27
546,2754,3.6129,224,100,34,0,0,0,0,0,0,0,28
547,2404,3.69231,240,100,35,0,0,0,0,0,0,0,30
548,2594,3.32308,216,100,38,0,0,0,0,0,0,0,27
549,3084,3.29412,224,100,40,0,0,0,0,0,0,0,28
550,3242,3.56923,232,100,36,0,0,0,0,0,0,0,29
551,3920,3.875,248,100,33,0,0,0,0,0,0,0,31
552,3418,4.45902,272,100,27,0,0,0,0,0,0,0,34
553,3480,4.38095,276,100,28,0,0,0,1,0,0,0,34
554,3302,4.45902,272,100,27,0,0,0,0,0,0,0,34
555,3494,4.0678,240,100,29,0,0,0,0,0,0,0,30
556,3804,4.13333,248,100,29,0,0,0,0,0,0,0,31
557,4196,4.14815,224,100,26,0,0,0,0,0,0,0,28
558,4296,4.65455,256,100,23,0,0,0,0,0,0,0,32
559,3016,3.44828,200,100,33,0,0,0,0,0,0,0,25
560,3026,3.01639,184,100,38,0,0,0,0,0,0,0,23
561,3656,3.40984,208,100,35,0,0,0,0,0,0,0,26
562,3888,3.74194,232,100,33,0,0,0,0,0,0,0,29
563,3390,4.2963,232,100,25,0,0,0,0,0,0,0,29
564,2906,3.86207,224,100,30,0,0,0,0,0,0,0,28
565,2508,3.14754,192,100,37,0,0,0,0,0,0,0,24
566,3060,2.75,176,100,42,0,0,0,0,0,0,0,22
567,3126,2.86567,192,100,43,0,0,0,0,0,0,0,24
568,3368,3.54098,216,100,34,0,0,0,0,0,0,0,27
569,3460,3.5625,228,100,35,0,0,0,1,0,0,0,28
570,3842,3.93443,240,100,31,0,0,0,0,0,0,0,30
571,3508,4.14286,232,100,27,0,0,0,0,0,0,0,29
572,3912,4.35088,248,100,26,0,0,0,0,0,0,0,31
573,4404,3.9322,232,100,30,0,0,0,0,0,0,0,29
574,2954,4.20339,248,100,28,0,0,0,0,0,0,0,31
575,3522,3.86441,228,100,30,0,0,0,1,0,0,0,28
576,3664,4.49123,256,100,25,0,0,0,0,0,0,0,32
577,3386,4.88889,308,100,24,0,0,0,1,0,0,0,38
578,3560,4.66667,280,100,25,0,0,0,0,0,0,0,35
579,2938,4.45902,272,100,27,0,0,0,0,0,0,0,34
580,3244,4.8254,304,100,25,0,0,0,0,0,0,0,38
581,2770,4.25806,264,100,29,0,0,0,0,0,0,0,33
582,3188,4.44444,280,100,28,0,0,0,0,0,0,0,35
583,3252,3.87097,240,100,32,0,0,0,0,0,0,0,30
584,4086,3.9403,264,100,34,0,0,0,0,0,0,0,33
585,3878,4.64516,288,100,26,0,0,0,0,0,0,0,36
586,4494,4.64516,288,100,26,0,0,0,0,0,0,0,36
587,3740,4.74576,280,100,24,0,0,0,0,0,0,0,35
588,4692,5.5082,336,100,19,0,0,0,0,0,0,0,42
589,3918,5.01695,296,100,22,0,0,0,0,0,0,0,37
590,4078,5.03704,272,100,20,0,0,0,0,0,0,0,34
591,4906,5.7931,336,100,16,0,0,0,0,0,0,0,42
592,5918,5.81818,320,100,15,0,0,0,0,0,0,0,40
593,5446,5.42857,304,100,18,0,0,0,0,0,0,0,38
594,5026,5.37931,312,100,19,0,0,0,0,0,0,0,39
595,4438,5.77778,312,100,15,0,0,0,0,0,0,0,39
596,4968,5.23636,288,100,19,0,0,0,0,0,0,0,36
597,4994,5.38182,296,100,18,0,0,0,0,0,0,0,37
598,4094,4.88136,288,100,23,0,0,0,0,0,0,0,36
599,4476,4.61017,272,100,25,0,0,0,0,0,0,0,34
600,4238,4.4,264,100,27,0,0,0,0,0,0,0,33
601,4740,5.14286,288,100,20,0,0,0,0,0,0,0,36
602,4362,5.33333,272,100,17,0,0,0,0,0,0,0,34
603,4730,5.23077,272,100,18,0,0,0,0,0,0,0,34
604,5414,5.75439,328,100,16,0,0,0,0,0,0,0,41
605,4800,5.43396,288,100,17,0,0,0,0,0,0,0,36
606,3342,4.37037,236,100,24,0,0,0,1,0,0,0,29
607,3660,3.92857,220,100,28,0,0,0,1,0,0,0,27
608,4532,4.13559,244,100,28,0,0,0,1,0,0,0,30
609,4986,3.86885,236,100,31,0,0,0,1,0,0,0,29
610,5684,4.32258,268,100,28,0,0,0,1,0,0,0,33
611,4704,4.28571,240,100,26,0,0,0,0,0,0,0,30
612,5468,4.54902,232,100,22,0,0,0,0,0,0,0,29
613,4962,4.50909,248,100,24,0,0,0,0,0,0,0,31
614,4000,4.88889,264,100,21,0,0,0,0,0,0,0,33
615,4602,4.0678,240,100,29,0,0,0,0,0,0,0,30
616,3616,4.07273,224,100,27,0,0,0,0,0,0,0,28
617,4278,4.72131,288,100,25,0,0,0,0,0,0,0,36
618,3850,4.20339,248,100,28,0,0,0,0,0,0,0,31
619,4410,4.20339,248,100,28,0,0,0,0,0,0,0,31
620,4250,4.13333,248,100,29,0,0,0,0,0,0,0,31
621,4500,4.06154,264,100,32,0,0,0,0,0,0,0,33
622,5140,4.58824,312,100,29,0,0,0,0,0,0,0,39
623,3058,5.03226,312,100,23,0,0,0,0,0,0,0,39
624,3030,5.2459,320,100,21,0,0,0,0,0,0,0,40
625,3524,4.67692,304,100,27,0,0,0,0,0,0,0,38
626,3980,4.8254,304,100,25,0,0,0,0,0,0,0,38
627,3864,4.41379,256,100,26,0,0,0,0,0,0,0,32
628,3958,5.07937,320,100,23,0,0,0,0,0,0,0,40
629,2922,5.2,312,100,21,0,0,0,0,0,0,0,39
630,3638,5.41935,336,100,20,0,0,0,0,0,0,0,42
631,3524,5.125,328,100,23,0,0,0,0,0,0,0,41
632,4002,5.41935,336,100,20,0,0,0,0,0,0,0,42
633,4448,5.5873,352,100,19,0,0,0,0,0,0,0,44
634,5030,5.63934,344,100,18,0,0,0,0,0,0,0,43
635,4106,5.73333,344,100,17,0,0,0,0,0,0,0,43
636,4618,5.75,368,100,18,0,0,0,0,0,0,0,46
637,3136,4.88136,288,100,23,0,0,0,0,0,0,0,36
638,2416,4.3871,272,100,28,0,0,0,0,0,0,0,34
639,2544,4.18182,276,100,31,0,0,0,1,0,0,0,34
640,2666,3.87879,256,100,34,0,0,0,0,0,0,0,32
641,2840,4.06349,256,100,31,0,0,0,0,0,0,0,32
642,2796,4.12121,272,100,32,0,0,0,0,0,0,0,34
643,2968,4.06349,256,100,31,0,0,0,0,0,0,0,32
644,3136,4.48485,296,100,29,0,0,0,0,0,0,0,37
645,3844,4.8254,304,100,25,0,0,0,0,0,0,0,38
646,3138,4.5,288,100,28,0,0,0,0,0,0,0,36
647,2726,4.25,272,100,30,0,0,0,0,0,0,0,34
648,2900,3.39726,248,100,42,0,0,0,0,0,0,0,31
649,3158,3.52,264,100,42,0,0,0,0,0,0,0,33
650,3666,3.33333,240,100,42,0,0,0,0,0,0,0,30
651,3484,3.65714,256,100,38,0,0,0,0,0,0,0,32
652,2764,3.83099,272,100,37,0,0,0,0,0,0,0,34
653,3264,3.94366,280,100,36,0,0,0,0,0,0,0,35
654,3616,3.88235,264,100,35,0,0,0,0,0,0,0,33
655,3658,3.75,240,100,34,0,0,0,0,0,0,0,30
656,4274,4.05797,280,100,34,0,0,0,0,0,0,0,35
657,4154,3.88235,264,100,35,0,0,0,0,0,0,0,33
658,4468,4.41791,296,100,30,0,0,0,0,0,0,0,37
659,3362,4.3871,272,100,28,0,0,0,0,0,0,0,34
660,3186,4.29851,288,100,31,0,0,0,0,0,0,0,36
661,3630,4.5,288,100,28,0,0,0,0,0,0,0,36
662,2644,4.32787,264,100,28,0,0,0,0,0,0,0,33
663,2510,5.11475,312,100,22,0,0,0,0,0,0,0,39
664,2478,4.95238,312,100,24,0,0,0,0,0,0,0,39
665,2252,4.8,312,100,26,0,0,0,0,0,0,0,39
666,2408,5.07937,320,100,23,0,0,0,0,0,0,0,40
667,2138,5.11475,312,100,22,0,0,0,0,0,0,0,39
668,2426,5.57377,340,100,18,0,0,0,1,0,0,0,42
669,2978,5.35714,300,100,18,0,0,0,1,0,0,0,37
670,3146,4.85246,296,100,24,0,0,0,0,0,0,0,37
671,3460,4.53333,272,100,26,0,0,0,0,0,0,0,34
672,3024,5.16129,320,100,22,0,0,0,0,0,0,0,40
673,2962,4.20339,248,100,28,0,0,0,0,0,0,0,31
674,2602,4.23529,288,100,32,0,0,0,0,0,0,0,36
675,3162,4.17391,288,100,33,0,0,0,0,0,0,0,36
676,3876,4.54412,309,100,29,0,0,0,0,1,0,0,38
677,3862,4.90323,304,100,24,0,0,0,0,0,0,0,38
678,3598,5.46667,328,100,19,0,0,0,0,0,0,0,41
679,4374,5.92593,320,100,14,0,0,0,0,0,0,0,40
680,3516,5.58491,296,100,16,0,0,0,0,0,0,0,37
681,4208,6.09836,372,100,14,0,0,0,1,0,0,0,46
682,5012,5.54839,344,100,19,0,0,0,0,0,0,0,43
683,4660,5.71429,320,100,16,0,0,0,0,0,0,0,40
684,4582,5.77778,312,100,15,0,0,0,0,0,0,0,39
685,5214,6.10169,360,100,14,0,0,0,0,0,0,0,45
686,5036,5.61404,320,100,17,0,0,0,0,0,0,0,40
687,6046,6.71429,376,100,9,0,0,0,0,0,0,0,47
688,4050,5.88679,312,100,14,0,0,0,0,0,0,0,39
689,4752,5.42857,304,100,18,0,0,0,0,0,0,0,38
690,3222,5.52727,304,100,17,0,0,0,0,0,0,0,38
691,3348,5.73333,344,100,17,0,0,0,0,0,0,0,43
692,3538,5.93103,344,100,15,0,0,0,0,0,0,0,43
693,3436,5.92593,320,100,14,0,0,0,0,0,0,0,40
694,3628,5.77778,312,100,15,0,0,0,0,0,0,0,39
695,4472,6.42857,360,100,11,0,0,0,0,0,0,0,45
696,4008,6.2069,360,100,13,0,0,0,0,0,0,0,45
697,3688,6.32258,392,100,13,0,0,0,0,0,0,0,49
698,4614,6.91525,408,100,8,0,0,0,0,0,0,0,51
699,5136,6.66667,400,100,10,0,0,0,0,0,0,0,50
700,3894,6.42857,360,100,11,0,0,0,0,0,0,0,45
701,4420,6.37288,376,100,12,0,0,0,0,0,0,0,47
702,3352,6.69091,368,100,9,0,0,0,0,0,0,0,46
703,3812,6,360,100,15,0,0,0,0,0,0,0,45
704,2746,5.46032,344,100,20,0,0,0,0,0,0,0,43
705,2902,4.92308,320,100,25,0,0,0,0,0,0,0,40
706,2704,5.28814,312,100,20,0,0,0,0,0,0,0,39
707,2908,4.90323,304,100,24,0,0,0,0,0,0,0,38
708,3476,5.33333,336,100,21,0,0,0,0,0,0,0,42
709,4248,6.14286,344,100,13,0,0,0,0,0,0,0,43
710,4002,6.03509,344,100,14,0,0,0,0,0,0,0,43
711,3642,5.67742,352,100,18,0,0,0,0,0,0,0,44
712,4342,5.5873,352,100,19,0,0,0,0,0,0,0,44
713,3464,5.57143,312,100,17,0,0,0,0,0,0,0,39
714,3334,5.37705,328,100,20,0,0,0,0,0,0,0,41
715,4034,5.2459,320,100,21,0,0,0,0,0,0,0,40
716,3292,5.37705,328,100,20,0,0,0,0,0,0,0,41
717,3460,5.15254,304,100,21,0,0,0,0,0,0,0,38
718,2076,5.29231,344,100,22,0,0,0,0,0,0,0,43
719,1822,4.92308,320,100,25,0,0,0,0,0,0,0,40
720,1782,4.38356,320,100,33,0,0,0,0,0,0,0,40
721,2222,4.22857,296,100,33,0,0,0,0,0,0,0,37
722,2104,4.28986,296,100,32,0,0,0,0,0,0,0,37
723,2860,4.47826,309,100,30,0,0,0,0,1,0,0,38
724,3012,4.43939,293,100,29,0,0,0,0,1,0,0,36
725,3240,5.01471,341,100,25,0,0,0,0,1,0,0,42
726,3810,4.42647,301,100,30,0,0,0,0,1,0,0,37
727,3354,4.77778,301,100,25,0,0,0,0,1,0,0,37
728,3438,4.63793,269,100,24,0,0,0,0,1,0,0,33
729,3674,4.38462,285,100,29,0,0,0,0,1,0,0,35
730,4522,4.36364,288,100,30,0,0,0,0,0,0,0,36
731,4582,4.19048,264,100,30,0,0,0,0,0,0,0,33
732,5432,4.69841,296,100,26,0,0,0,0,0,0,0,37
733,3982,5.01695,296,100,22,0,0,0,0,0,0,0,37
734,3042,4.61017,272,100,25,0,0,0,0,0,0,0,34
735,3366,4.45902,272,100,27,0,0,0,0,0,0,0,34
736,3800,4.3871,272,100,28,0,0,0,0,0,0,0,34
737,4114,4.21053,240,100,27,0,0,0,0,0,0,0,30
738,2836,4.8,288,100,24,0,0,0,0,0,0,0,36
739,3170,5.38462,280,100,17,0,0,0,0,0,0,0,35
740,3410,5.67273,312,100,16,0,0,0,0,0,0,0,39
741,3100,4.91228,280,100,22,0,0,0,0,0,0,0,35
742,3188,5.77778,312,100,15,0,0,0,0,0,0,0,39
743,3978,5.41538,352,100,21,0,0,0,0,0,0,0,44
744,3696,5.16129,320,100,22,0,0,0,0,0,0,0,40
745,4618,4.8254,304,100,25,0,0,0,0,0,0,0,38
746,4458,5.2459,320,100,21,0,0,0,0,0,0,0,40
747,4720,5.2,312,100,21,0,0,0,0,0,0,0,39
748,4412,5.01695,296,100,22,0,0,0,0,0,0,0,37
749,3652,5.37931,312,100,19,0,0,0,0,0,0,0,39
750,3472,4.90323,304,100,24,0,0,0,0,0,0,0,38
751,3144,4.72131,288,100,25,0,0,0,0,0,0,0,36
752,3174,4.44444,280,100,28,0,0,0,0,0,0,0,35
753,2440,4.55172,264,100,25,0,0,0,0,0,0,0,33
754,3156,4.74576,280,100,24,0,0,0,0,0,0,0,35
755,2770,4.83019,256,100,21,0,0,0,0,0,0,0,32
756,2350,4.71429,264,100,23,0,0,0,0,0,0,0,33
757,2898,4.77612,320,100,27,0,0,0,0,0,0,0,40
758,2756,4.45902,272,100,27,0,0,0,0,0,0,0,34
759,2794,4.63158,264,100,24,0,0,0,0,0,0,0,33
760,3264,5.23636,288,100,19,0,0,0,0,0,0,0,36
761,3254,5.58491,296,100,16,0,0,0,0,0,0,0,37
762,2464,5.81818,320,100,15,0,0,0,0,0,0,0,40
763,2742,4.77419,296,100,25,0,0,0,0,0,0,0,37
764,2762,5.41935,336,100,20,0,0,0,0,0,0,0,42
765,3068,5.85714,328,100,15,0,0,0,0,0,0,0,41
766,3020,5.81818,320,100,15,0,0,0,0,0,0,0,40
767,2690,5.10345,296,100,21,0,0,0,0,0,0,0,37
768,2662,5.16129,320,100,22,0,0,0,0,0,0,0,40
769,2922,5.24138,304,100,20,0,0,0,0,0,0,0,38
770,3090,5.46667,328,100,19,0,0,0,0,0,0,0,41
771,3386,4.64516,288,100,26,0,0,0,0,0,0,0,36
772,2982,4.36364,288,100,30,0,0,0,0,0,0,0,36
773,3420,4.75,304,100,26,0,0,0,0,0,0,0,38
774,3258,4.66667,280,100,25,0,0,0,0,0,0,0,35
775,3750,4.77419,296,100,25,0,0,0,0,0,0,0,37
776,4150,4.47458,264,100,26,0,0,0,0,0,0,0,33
777,4244,4.47458,264,100,26,0,0,0,0,0,0,0,33
778,4402,5.18519,280,100,19,0,0,0,0,0,0,0,35
779,2992,5.01695,296,100,22,0,0,0,0,0,0,0,37
780,2584,4.61017,272,100,25,0,0,0,0,0,0,0,34
781,2712,4.25,272,100,30,0,0,0,0,0,0,0,34
782,2356,4.45902,272,100,27,0,0,0,0,0,0,0,34
783,2130,4.27586,248,100,27,0,0,0,0,0,0,0,31
784,1980,4.12903,256,100,30,0,0,0,0,0,0,0,32
785,2548,4.38095,276,100,28,0,0,0,1,0,0,0,34
786,2826,4.70968,292,100,25,0,0,0,1,0,0,0,36
787,2302,4.82759,280,100,23,0,0,0,0,0,0,0,35
788,2392,4.53333,272,100,26,0,0,0,0,0,0,0,34
789,2498,4.88136,288,100,23,0,0,0,0,0,0,0,36
790,2958,4.64516,288,100,26,0,0,0,0,0,0,0,36
791,3176,4.66667,280,100,25,0,0,0,0,0,0,0,35
792,2470,4.13333,248,100,29,0,0,0,0,0,0,0,31
793,2498,4,248,100,31,0,0,0,0,0,0,0,31
794,2924,4,256,100,32,0,0,0,0,0,0,0,32
795,3132,4.20339,248,100,28,0,0,0,0,0,0,0,31
796,3540,4.68966,272,100,24,0,0,0,0,0,0,0,34
797,2556,3.73333,224,100,32,0,0,0,0,0,0,0,28
798,2704,4,256,100,32,0,0,0,0,0,0,0,32
799,2756,3.80952,240,100,33,0,0,0,0,0,0,0,30
800,3116,3.22581,200,100,37,0,0,0,0,0,0,0,25
801,3426,3.35484,208,100,36,0,0,0,0,0,0,0,26
802,3522,4.06349,256,100,31,0,0,0,0,0,0,0,32
803,2976,3.36508,212,100,36,0,0,0,1,0,0,0,26
804,2922,3.22581,200,100,37,0,0,0,0,0,0,0,25
805,3504,3.66102,216,100,32,0,0,0,0,0,0,0,27
806,4408,3.125,200,100,39,0,0,0,0,0,0,0,25
807,4088,2.93333,176,100,38,0,0,0,0,0,0,0,22
808,3454,3.09677,192,100,38,0,0,0,0,0,0,0,24
809,2694,2.66667,176,100,44,0,0,0,0,0,0,0,22
810,2210,2.46154,160,100,45,0,0,0,0,0,0,0,20
811,2894,2.82353,192,100,44,0,0,0,0,0,0,0,24
812,3472,3.15152,208,100,40,0,0,0,0,0,0,0,26
813,3084,3.04762,192,100,39,0,0,0,0,0,0,0,24
814,2662,2.86567,192,100,43,0,0,0,0,0,0,0,24
815,3260,3.13043,216,100,42,0,0,0,0,0,0,0,27
816,3770,3.69231,240,100,35,0,0,0,0,0,0,0,30
817,3884,3.93846,256,100,33,0,0,0,0,0,0,0,32
818,3798,3.69231,240,100,35,0,0,0,0,0,0,0,30
819,4380,3.48387,216,100,35,0,0,0,0,0,0,0,27
820,4082,3.80328,232,100,32,0,0,0,0,0,0,0,29
821,3334,3.14754,192,100,37,0,0,0,0,0,0,0,24
822,3406,3.06667,184,100,37,0,0,0,0,0,0,0,23
823,3778,2.70968,168,100,41,0,0,0,0,0,0,0,21
824,3488,2.36066,144,100,43,0,0,0,0,0,0,0,18
825,3776,2.54545,168,100,45,0,0,0,0,0,0,0,21
826,2650,2.2381,141,100,45,0,0,0,0,1,0,0,17
827,2924,2.66667,160,100,40,0,0,0,0,0,0,0,20
828,2512,3.33333,200,100,35,0,0,0,0,0,0,0,25
829,2584,3.125,200,100,39,0,0,0,0,0,0,0,25
830,3052,3.57143,200,100,31,0,0,0,0,0,0,0,25
831,3252,3.52542,208,100,33,0,0,0,0,0,0,0,26
832,3260,3.72414,216,100,31,0,0,0,0,0,0,0,27
833,3620,3.78947,216,100,30,0,0,0,0,0,0,0,27
834,4154,4.19355,260,100,29,0,0,0,1,0,0,0,32
835,5222,4.19672,256,100,29,0,0,0,0,0,0,0,32
836,5400,4.41379,256,100,26,0,0,0,0,0,0,0,32
837,4938,4.63158,264,100,24,0,0,0,0,0,0,0,33
838,4490,4.47059,228,100,22,0,0,0,1,0,0,0,28
839,5028,4.55172,264,100,25,0,0,0,0,0,0,0,33
840,4438,4.33898,256,100,27,0,0,0,0,0,0,0,32
841,4516,3.93443,240,100,31,0,0,0,0,0,0,0,30
842,3770,3.79661,224,100,31,0,0,0,0,0,0,0,28
843,3678,3.25,208,100,38,0,0,0,0,0,0,0,26
844,3076,3.25,208,100,38,0,0,0,0,0,0,0,26
845,2388,4.19672,256,100,29,0,0,0,0,0,0,0,32
846,2928,3.92982,224,100,29,0,0,0,0,0,0,0,28
847,3610,4.1791,280,100,32,0,0,0,0,0,0,0,35
848,3100,3.87879,256,100,34,0,0,0,0,0,0,0,32
849,3022,3.88235,264,100,35,0,0,0,0,0,0,0,33
850,2466,3.34328,224,100,39,0,0,0,0,0,0,0,28
851,2262,3.56923,232,100,36,0,0,0,0,0,0,0,29
852,2600,4.59016,280,100,26,0,0,0,0,0,0,0,35
853,2866,4.125,264,100,31,0,0,0,0,0,0,0,33
854,2732,3.70312,237,100,34,0,0,0,0,1,0,0,29
855,2652,3.57812,229,100,35,0,0,0,0,1,0,0,28
856,1710,4.14754,253,100,29,0,0,0,0,1,0,0,31
857,2108,4.13846,269,100,31,0,0,0,0,1,0,0,33
858,2262,4.52381,285,100,27,0,0,0,0,1,0,0,35
859,2544,4.77941,325,100,27,0,0,0,0,1,0,0,40
860,2772,4.47826,309,100,30,0,0,0,0,1,0,0,38
861,2704,4.68182,309,100,27,0,0,0,0,1,0,0,38
862,2336,5,325,100,24,0,0,0,0,1,0,0,40
863,2874,4.5942,317,100,29,0,0,0,0,1,0,0,39
864,3364,4.77419,296,100,25,0,0,0,0,0,0,0,37
865,2892,5.16129,320,100,22,0,0,0,0,0,0,0,40
866,2824,5.20635,328,100,22,0,0,0,0,0,0,0,41
867,3192,4.43077,288,100,29,0,0,0,0,0,0,0,36
868,3876,4.75,304,100,26,0,0,0,0,0,0,0,38
869,3314,4.90323,304,100,24,0,0,0,0,0,0,0,38
870,3208,5.09091,336,100,24,0,0,0,0,0,0,0,42
871,3930,4.95238,312,100,24,0,0,0,0,0,0,0,39
872,3236,5.33333,320,100,20,0,0,0,0,0,0,0,40
873,3682,5.61404,320,100,17,0,0,0,0,0,0,0,40
874,3198,5.77049,352,100,17,0,0,0,0,0,0,0,44
875,3170,5.46667,328,100,19,0,0,0,0,0,0,0,41
876,2690,5.05263,288,100,21,0,0,0,0,0,0,0,36
877,3096,5.47368,312,100,18,0,0,0,0,0,0,0,39
878,2326,4.55172,264,100,25,0,0,0,0,0,0,0,33
879,2690,4.63158,264,100,24,0,0,0,0,0,0,0,33
880,2396,4.85246,296,100,24,0,0,0,0,0,0,0,37
881,2130,4.45902,272,100,27,0,0,0,0,0,0,0,34
882,2576,4.24242,280,100,31,0,0,0,0,0,0,0,35
883,3170,4.36364,288,100,30,0,0,0,0,0,0,0,36
884,3028,4.36923,284,100,29,0,0,0,1,0,0,0,35
885,3110,4.61017,272,100,25,0,0,0,0,0,0,0,34
886,3858,5.37705,328,100,20,0,0,0,0,0,0,0,41
887,4104,5.51724,320,100,18,0,0,0,0,0,0,0,40
888,4284,4.98361,304,100,23,0,0,0,0,0,0,0,38
889,3924,4.59016,280,100,26,0,0,0,0,0,0,0,35
890,4384,4.74576,280,100,24,0,0,0,0,0,0,0,35
891,4122,4.47458,264,100,26,0,0,0,0,0,0,0,33
892,4266,4.59016,280,100,26,0,0,0,0,0,0,0,35
893,4774,4.88136,288,100,23,0,0,0,0,0,0,0,36
894,4640,4.91228,280,100,22,0,0,0,0,0,0,0,35
895,3012,5.19298,296,100,20,0,0,0,0,0,0,0,37
896,4048,4.59259,248,100,23,0,0,0,0,0,0,0,31
897,3912,3.85714,216,100,29,0,0,0,0,0,0,0,27
898,3344,4.41379,256,100,26,0,0,0,0,0,0,0,32
899,2862,4.07018,232,100,28,0,0,0,0,0,0,0,29
900,2970,4.12903,256,100,30,0,0,0,0,0,0,0,32
901,2604,3.67213,224,100,33,0,0,0,0,0,0,0,28
902,2402,4.42857,248,100,25,0,0,0,0,0,0,0,31
903,3090,4.25806,264,100,29,0,0,0,0,0,0,0,33
904,3040,3.67213,224,100,33,0,0,0,0,0,0,0,28
905,2802,3.6129,224,100,34,0,0,0,0,0,0,0,28
906,2848,4.12903,256,100,30,0,0,0,0,0,0,0,32
907,2968,4.19048,264,100,30,0,0,0,0,0,0,0,33
908,3160,4.12903,256,100,30,0,0,0,0,0,0,0,32
909,2828,4.49123,256,100,25,0,0,0,0,0,0,0,32
910,2836,4.31746,272,100,29,0,0,0,0,0,0,0,34
911,2900,4.41791,296,100,30,0,0,0,0,0,0,0,37
912,2700,4.12903,256,100,30,0,0,0,0,0,0,0,32
913,2148,4.33898,256,100,27,0,0,0,0,0,0,0,32
914,2434,5,280,100,21,0,0,0,0,0,0,0,35
915,2608,4.4375,284,100,28,0,0,0,1,0,0,0,35
916,2234,4.88136,288,100,23,0,0,0,0,0,0,0,36
917,2352,4.96552,288,100,22,0,0,0,0,0,0,0,36
918,2184,5.61404,320,100,17,0,0,0,0,0,0,0,40
919,2710,5.33333,320,100,20,0,0,0,0,0,0,0,40
920,2678,5.9661,352,100,15,0,0,0,0,0,0,0,44
921,2712,5.10345,296,100,21,0,0,0,0,0,0,0,37
922,3288,4.64516,288,100,26,0,0,0,0,0,0,0,36
923,2564,4.55385,296,100,28,0,0,0,0,0,0,0,37
924,3182,4.91228,280,100,22,0,0,0,0,0,0,0,35
925,3214,5.51724,320,100,18,0,0,0,0,0,0,0,40
926,2744,4.49123,256,100,25,0,0,0,0,0,0,0,32
927,2496,3.9322,232,100,30,0,0,0,0,0,0,0,29
928,2476,3.72414,216,100,31,0,0,0,0,0,0,0,27
929,2418,3.55556,224,100,35,0,0,0,0,0,0,0,28
930,2466,3.93651,248,100,32,0,0,0,0,0,0,0,31
931,2530,4.8,288,100,24,0,0,0,0,0,0,0,36
932,2544,4.59016,280,100,26,0,0,0,0,0,0,0,35
933,2152,4.45902,272,100,27,0,0,0,0,0,0,0,34
934,2220,5.125,328,100,23,0,0,0,0,0,0,0,41
935,2220,4.31746,272,100,29,0,0,0,0,0,0,0,34
936,2710,3.95455,261,100,33,0,0,0,0,1,0,0,32
937,2320,4.32812,277,100,29,0,0,0,0,1,0,0,34
938,2026,3.8209,256,100,35,0,0,0,0,0,0,0,32
939,2072,3.44444,248,100,41,0,0,0,0,0,0,0,31
940,1678,3.41176,232,100,39,0,0,0,0,0,0,0,29
941,2086,3.75758,248,100,35,0,0,0,0,0,0,0,31
942,1366,3.625,232,100,35,0,0,0,0,0,0,0,29
943,1868,3.88235,264,100,35,0,0,0,0,0,0,0,33
944,1206,3.32308,216,100,38,0,0,0,0,0,0,0,27
945,1450,3.31429,232,100,41,0,0,0,0,0,0,0,29
946,1634,2.88889,208,100,46,0,0,0,0,0,0,0,26
947,2050,2.92958,208,100,45,0,0,0,0,0,0,0,26
948,1586,2.17143,152,100,51,0,0,0,0,0,0,0,19
949,1838,2.22222,160,100,52,0,0,0,0,0,0,0,20
950,2112,2.55072,176,100,47,0,0,0,0,0,0,0,22
951,1860,3.01449,208,100,43,0,0,0,0,0,0,0,26
952,1712,2.90909,192,100,42,0,0,0,0,0,0,0,24
953,1750,2.85714,200,100,45,0,0,0,0,0,0,0,25
954,1598,2.47887,176,100,49,0,0,0,0,0,0,0,22
955,1646,2.51429,176,100,48,0,0,0,0,0,0,0,22
956,2004,2.25352,160,100,51,0,0,0,0,0,0,0,20
957,2082,2.77778,200,100,47,0,0,0,0,0,0,0,25
958,1914,2.66667,184,100,46,0,0,0,0,0,0,0,23
959,1978,2.92063,184,100,40,0,0,0,0,0,0,0,23
960,2162,3.08772,176,100,35,0,0,0,0,0,0,0,22
961,1252,2.25,144,100,46,0,0,0,0,0,0,0,18
962,1120,2.25,144,100,46,0,0,0,0,0,0,0,18
963,1280,1.80645,112,100,48,0,0,0,0,0,0,0,14
964,1026,2.06061,136,100,49,0,0,0,0,0,0,0,17
965,1050,2.62295,160,100,41,0,0,0,0,0,0,0,20
966,1164,3.0303,200,100,41,0,0,0,0,0,0,0,25
967,1088,2.42424,160,100,46,0,0,0,0,0,0,0,20
968,1068,2.375,152,100,45,0,0,0,0,0,0,0,19
969,1112,3.375,216,100,37,0,0,0,0,0,0,0,27
970,1008,3.35484,208,100,36,0,0,0,0,0,0,0,26
971,1108,3.6875,236,100,34,0,0,0,1,0,0,0,29
972,1244,3.51515,232,100,37,0,0,0,0,0,0,0,29
973,1282,3.625,232,100,35,0,0,0,0,0,0,0,29
974,1238,3.6129,224,100,34,0,0,0,0,0,0,0,28
975,1144,3.44615,224,100,37,0,0,0,0,0,0,0,28
976,1108,3.42857,216,100,36,0,0,0,0,0,0,0,27
977,1280,3.54098,216,100,34,0,0,0,0,0,0,0,27
978,1478,4.25806,264,100,29,0,0,0,0,0,0,0,33
979,1548,4.25806,264,100,29,0,0,0,0,0,0,0,33
980,1218,3.92982,224,100,29,0,0,0,0,0,0,0,28
981,1618,4.14286,232,100,27,0,0,0,0,0,0,0,29
982,1808,3.86667,232,100,31,0,0,0,0,0,0,0,29
983,2270,4.13333,248,100,29,0,0,0,0,0,0,0,31
984,2634,4.47458,264,100,26,0,0,0,0,0,0,0,33
985,2838,4.71429,264,100,23,0,0,0,0,0,0,0,33
986,2846,5.10345,296,100,21,0,0,0,0,0,0,0,37
987,2088,4.64516,288,100,26,0,0,0,0,0,0,0,36
988,1682,4.125,264,100,31,0,0,0,0,0,0,0,33
989,1962,3.68254,232,100,34,0,0,0,0,0,0,0,29
990,2108,4.12903,256,100,30,0,0,0,0,0,0,0,32
991,2352,4.59016,280,100,26,0,0,0,0,0,0,0,35
992,1774,3.67213,224,100,33,0,0,0,0,0,0,0,28
993,1906,4.27586,248,100,27,0,0,0,0,0,0,0,31
994,1892,4.4,264,100,27,0,0,0,0,0,0,0,33
995,1890,4.61017,272,100,25,0,0,0,0,0,0,0,34
996,1734,4.32787,264,100,28,0,0,0,0,0,0,0,33
997,1688,4.5,288,100,28,0,0,0,0,0,0,0,36
998,1930,5.15254,304,100,21,0,0,0,0,0,0,0,38
999,2074,4.91228,280,100,22,0,0,0,0,0,0,0,35
