update,points,mean_tasks,total_tasks,total_orgs,task_0,task_1,task_2,task_3,task_4,task_5,task_6,task_7,task_8
0,0,nan,0,10,0,0,0,0,0,0,0,0,0
1,10,0,0,10,4,0,0,0,0,0,0,0,0
2,12,0,0,10,5,0,0,0,0,0,0,0,0
3,34,0.888889,8,11,8,0,0,0,0,0,0,0,1
4,36,0.888889,8,11,8,0,0,0,0,0,0,0,1
5,50,1.77778,16,12,7,0,0,0,0,0,0,0,2
6,56,1.6,16,12,8,0,0,0,0,0,0,0,2
7,58,1.6,16,12,8,0,0,0,0,0,0,0,2
8,64,1.6,16,12,8,0,0,0,0,0,0,0,2
9,66,1.6,16,12,8,0,0,0,0,0,0,0,2
10,82,2.18182,24,13,8,0,0,0,0,0,0,0,3
11,86,2.18182,24,13,8,0,0,0,0,0,0,0,3
12,86,2.18182,24,13,8,0,0,0,0,0,0,0,3
13,98,2.4,24,13,7,0,0,0,0,0,0,0,3
14,90,2.4,24,13,7,0,0,0,0,0,0,0,3
15,76,2.4,24,14,7,0,0,0,0,0,0,0,3
16,78,2.4,24,14,7,0,0,0,0,0,0,0,3
17,88,2,24,14,9,0,0,0,0,0,0,0,3
18,104,2,24,15,9,0,0,0,0,0,0,0,3
19,118,2.46154,32,16,9,0,0,0,0,0,0,0,4
20,132,3.07692,40,17,8,0,0,0,0,0,0,0,5
21,136,2.85714,40,17,9,0,0,0,0,0,0,0,5
22,144,2.66667,40,17,10,0,0,0,0,0,0,0,5
23,168,3.42857,48,20,8,0,0,0,0,0,0,0,6
24,126,2.66667,40,20,10,0,0,0,0,0,0,0,5
25,110,2.66667,40,21,10,0,0,0,0,0,0,0,5
26,118,2.35294,40,21,12,0,0,0,0,0,0,0,5
27,160,2,32,23,12,0,0,0,0,0,0,0,4
28,156,2.5,40,23,11,0,0,0,0,0,0,0,5
29,160,2.5,40,23,11,0,0,0,0,0,0,0,5
30,170,2.35294,40,23,12,0,0,0,0,0,0,0,5
31,198,2.82353,48,24,11,0,0,0,0,0,0,0,6
32,258,3.11111,56,25,11,0,0,0,0,0,0,0,7
33,224,2.82353,48,25,11,0,0,0,0,0,0,0,6
34,296,3.11111,56,26,11,0,0,0,0,0,0,0,7
35,444,3.6,72,28,11,0,0,0,0,0,0,0,9
36,566,3.04762,64,31,13,0,0,0,0,0,0,0,8
37,486,3.63636,80,36,12,0,0,0,0,0,0,0,10
38,742,4.17391,96,38,11,0,0,0,0,0,0,0,12
39,786,3.82609,88,40,12,0,0,0,0,0,0,0,11
40,978,3.52,88,43,14,0,0,0,0,0,0,0,11
41,1118,4.41379,128,50,13,0,0,0,0,0,0,0,16
42,1380,4,128,55,16,0,0,0,0,0,0,0,16
43,1730,4.60606,152,59,14,0,0,0,0,0,0,0,19
44,2182,4.88889,176,65,14,0,0,0,0,0,0,0,22
45,1920,4.88889,176,70,14,0,0,0,0,0,0,0,22
46,2542,5.4,216,76,13,0,0,0,0,0,0,0,27
47,2578,4.95238,208,81,16,0,0,0,0,0,0,0,26
48,2796,5.02326,216,84,16,0,0,0,0,0,0,0,27
49,2510,4.44444,200,87,20,0,0,0,0,0,0,0,25
50,2910,4.73469,232,88,20,0,0,0,0,0,0,0,29
51,3238,5.71429,280,91,14,0,0,0,0,0,0,0,35
52,3842,5.84615,304,94,14,0,0,0,0,0,0,0,38
53,3474,5.78723,272,95,13,0,0,0,0,0,0,0,34
54,3338,6.54545,288,98,8,0,0,0,0,0,0,0,36
55,2884,6.32558,272,98,9,0,0,0,0,0,0,0,34
56,3244,5.33333,272,99,17,0,0,0,0,0,0,0,34
57,3000,5.21739,240,99,16,0,0,0,0,0,0,0,30
58,3432,5.22449,256,99,17,0,0,0,0,0,0,0,32
59,2764,4.42553,208,99,21,0,0,0,0,0,0,0,26
60,1942,5.73913,264,99,13,0,0,0,0,0,0,0,33
61,2300,5.18519,280,99,19,0,0,0,0,0,0,0,35
62,2068,4.83019,256,99,21,0,0,0,0,0,0,0,32
63,2232,4.67925,248,99,22,0,0,0,0,0,0,0,31
64,2568,4.50909,248,99,24,0,0,0,0,0,0,0,31
65,3114,5.28571,296,100,19,0,0,0,0,0,0,0,37
66,3392,4.91228,280,100,22,0,0,0,0,0,0,0,35
67,3032,4.61017,272,100,25,0,0,0,0,0,0,0,34
68,3224,4.42857,248,100,25,0,0,0,0,0,0,0,31
69,2678,3.92982,224,100,29,0,0,0,0,0,0,0,28
70,2686,4.49123,256,100,25,0,0,0,0,0,0,0,32
71,2790,5.2,312,100,21,0,0,0,0,0,0,0,39
72,2778,5.77778,312,100,15,0,0,0,0,0,0,0,39
73,2568,5.88679,312,100,14,0,0,0,0,0,0,0,39
74,3372,5.85714,328,100,15,0,0,0,0,0,0,0,41
75,3454,5.09091,280,100,20,0,0,0,0,0,0,0,35
76,3220,5.43396,288,100,17,0,0,0,0,0,0,0,36
77,3056,4.63158,264,100,24,0,0,0,0,0,0,0,33
78,3246,4.49123,256,100,25,0,0,0,0,0,0,0,32
79,2598,4.07547,216,100,26,0,0,0,0,0,0,0,27
80,2822,4.28571,240,100,26,0,0,0,0,0,0,0,30
81,2798,4.19672,256,100,29,0,0,0,0,0,0,0,32
82,2930,3.86667,232,100,31,0,0,0,0,0,0,0,29
83,3248,4.49123,256,100,25,0,0,0,0,0,0,0,32
84,3124,4.66667,280,100,25,0,0,0,0,0,0,0,35
85,2890,3.85714,216,100,29,0,0,0,0,0,0,0,27
86,3052,3.92982,224,100,29,0,0,0,0,0,0,0,28
87,3262,4,216,100,27,0,0,0,0,0,0,0,27
88,3442,4.50909,248,100,24,0,0,0,0,0,0,0,31
89,2574,4.35088,248,100,26,0,0,0,0,0,0,0,31
90,2478,4.96552,288,100,22,0,0,0,0,0,0,0,36
91,3166,5.33333,320,100,20,0,0,0,0,0,0,0,40
92,3338,4.98361,304,100,23,0,0,0,0,0,0,0,38
93,3072,4.94545,272,100,21,0,0,0,0,0,0,0,34
94,3418,5.77778,312,100,15,0,0,0,0,0,0,0,39
95,3294,5.33333,288,100,18,0,0,0,0,0,0,0,36
96,3116,5.67273,312,100,16,0,0,0,0,0,0,0,39
97,3696,5.38462,280,100,17,0,0,0,0,0,0,0,35
98,3258,4.88889,264,100,21,0,0,0,0,0,0,0,33
99,3330,4.59259,248,100,23,0,0,0,0,0,0,0,31
100,3198,4.59259,248,100,23,0,0,0,0,0,0,0,31
101,2376,5.17647,264,100,18,0,0,0,0,0,0,0,33
102,2276,5.71429,280,100,14,0,0,0,0,0,0,0,35
103,2308,5.61702,264,100,14,0,0,0,0,0,0,0,33
104,2146,5.38776,264,100,16,0,0,0,0,0,0,0,33
105,2564,5.23636,288,100,19,0,0,0,0,0,0,0,36
106,2808,5.33333,272,100,17,0,0,0,0,0,0,0,34
107,3662,5.76,288,100,14,0,0,0,0,0,0,0,36
108,4480,5.92593,320,100,14,0,0,0,0,0,0,0,40
109,4508,5.69231,296,100,15,0,0,0,0,0,0,0,37
110,4580,5.32727,293,100,18,0,0,0,0,1,0,0,36
111,4214,5.62963,304,100,16,0,0,0,0,0,0,0,38
112,4158,5.28302,280,100,18,0,0,0,0,0,0,0,35
113,4494,5.71429,320,100,16,0,0,0,0,0,0,0,40
114,3918,6.38462,332,100,10,0,0,0,1,0,0,0,41
115,4244,6.56,328,100,9,0,0,0,0,0,0,0,41
116,4016,6.29787,296,100,10,0,0,0,0,0,0,0,37
117,4080,6,288,100,12,0,0,0,0,0,0,0,36
118,3970,6.20408,304,100,11,0,0,0,0,0,0,0,38
119,3558,5.2766,248,100,16,0,0,0,0,0,0,0,31
120,3854,5.17647,264,100,18,0,0,0,0,0,0,0,33
121,3718,5.96078,304,100,13,0,0,0,0,0,0,0,38
122,4024,6.53061,320,100,9,0,0,0,0,0,0,0,40
123,3902,6.58824,336,100,9,0,0,0,0,0,0,0,42
124,3910,6.6383,312,100,8,0,0,0,0,0,0,0,39
125,3436,6.04444,272,100,11,0,0,0,0,0,0,0,34
126,3640,6.24,312,100,11,0,0,0,0,0,0,0,39
127,2708,5.4902,280,100,16,0,0,0,0,0,0,0,35
128,2898,5.4902,280,100,16,0,0,0,0,0,0,0,35
129,3366,4.77193,272,100,23,0,0,0,0,0,0,0,34
130,3288,4.91228,280,100,22,0,0,0,0,0,0,0,35
131,3638,4.53333,272,100,26,0,0,0,0,0,0,0,34
132,3692,4.36364,240,100,25,0,0,0,0,0,0,0,30
133,4522,4.85714,272,100,22,0,0,0,0,0,0,0,34
134,3806,4.88889,264,100,21,0,0,0,0,0,0,0,33
135,3252,5.37931,312,100,19,0,0,0,0,0,0,0,39
136,2728,5.13208,272,100,19,0,0,0,0,0,0,0,34
137,2518,4.33898,256,100,27,0,0,0,0,0,0,0,32
138,2484,4.85714,272,100,22,0,0,0,0,0,0,0,34
139,2786,4.35088,248,100,26,0,0,0,0,0,0,0,31
140,3552,5.33333,288,100,18,0,0,0,0,0,0,0,36
141,2700,4.64,232,100,21,0,0,0,0,0,0,0,29
142,3064,5.2766,248,100,16,0,0,0,0,0,0,0,31
143,3356,5.07692,264,100,19,0,0,0,0,0,0,0,33
144,2244,4.66667,224,100,20,0,0,0,0,0,0,0,28
145,2922,5.28302,280,100,18,0,0,0,0,0,0,0,35
146,2960,5.33333,288,100,18,0,0,0,0,0,0,0,36
147,2726,4.76923,248,100,21,0,0,0,0,0,0,0,31
148,2992,5.48148,296,100,17,0,0,0,0,0,0,0,37
149,2714,4.20339,248,100,28,0,0,0,0,0,0,0,31
150,3098,4.55172,264,100,25,0,0,0,0,0,0,0,33
151,3520,4.26667,256,100,28,0,0,0,0,0,0,0,32
152,3624,4.63158,264,100,24,0,0,0,0,0,0,0,33
153,3328,4.44444,280,100,28,0,0,0,0,0,0,0,35
154,3144,4.06349,256,100,31,0,0,0,0,0,0,0,32
155,3702,4.20339,248,100,28,0,0,0,0,0,0,0,31
156,2958,4.14815,224,100,26,0,0,0,0,0,0,0,28
157,2776,4,224,100,28,0,0,0,0,0,0,0,28
158,2920,4.20339,248,100,28,0,0,0,0,0,0,0,31
159,3330,4.83051,285,100,23,0,0,0,0,1,0,0,35
160,3182,5.05172,293,100,21,0,0,0,0,1,0,0,36
161,3222,4.80357,269,100,22,0,0,0,0,1,0,0,33
162,3568,4.83673,237,100,19,0,0,0,0,1,0,0,29
163,3472,4.71154,245,100,21,0,0,0,0,1,0,0,30
164,3868,4.62264,245,100,22,0,0,0,0,1,0,0,30
165,3394,4.58,229,100,21,0,0,0,0,1,0,0,28
166,2810,4.55556,205,100,19,0,0,0,0,1,0,0,25
167,2980,5.04255,237,100,17,0,0,0,0,1,0,0,29
168,2888,4.11321,218,100,25,0,0,0,0,2,0,0,26
169,2996,4.43137,226,100,22,0,0,0,0,2,0,0,27
170,3550,4.86538,253,100,20,0,0,0,0,1,0,0,31
171,3262,4.59259,248,100,23,0,0,0,0,0,0,0,31
172,3162,4.36364,240,100,25,0,0,0,0,0,0,0,30
173,3006,4.68966,272,100,24,0,0,0,0,0,0,0,34
174,3254,5.4902,280,100,16,0,0,0,0,0,0,0,35
175,3302,6.24,312,100,11,0,0,0,0,0,0,0,39
176,3102,5.95745,280,100,12,0,0,0,0,0,0,0,35
177,3306,4.88889,264,100,21,0,0,0,0,0,0,0,33
178,3530,6.30769,328,100,11,0,0,0,0,0,0,0,41
179,3530,5.81818,320,100,15,0,0,0,0,0,0,0,40
180,4316,5.75439,328,100,16,0,0,0,0,0,0,0,41
181,4316,5.84615,304,100,14,0,0,0,0,0,0,0,38
182,4128,5.64706,288,100,15,0,0,0,0,0,0,0,36
183,4194,5.28302,280,100,18,0,0,0,0,0,0,0,35
184,3518,4.54902,232,100,22,0,0,0,0,0,0,0,29
185,3304,5.38462,280,100,17,0,0,0,0,0,0,0,35
186,3570,5.14286,288,100,20,0,0,0,0,0,0,0,36
187,4036,4.85246,296,100,24,0,0,0,0,0,0,0,37
188,3388,4.55172,264,100,25,0,0,0,0,0,0,0,33
189,3320,4.82759,280,100,23,0,0,0,0,0,0,0,35
190,2784,5.17241,300,100,20,0,0,0,1,0,0,0,37
191,3132,5.05263,288,100,21,0,0,0,0,0,0,0,36
192,2746,4.77193,272,100,23,0,0,0,0,0,0,0,34
193,2996,4.49123,256,100,25,0,0,0,0,0,0,0,32
194,3320,4.41379,256,100,26,0,0,0,0,0,0,0,32
195,4114,5.37931,312,100,19,0,0,0,0,0,0,0,39
196,4114,4.8,288,100,24,0,0,0,0,0,0,0,36
197,2830,4.74074,256,100,22,0,0,0,0,0,0,0,32
198,2894,5.18519,280,100,19,0,0,0,0,0,0,0,35
199,2882,5.12,256,100,18,0,0,0,0,0,0,0,32
200,3002,5.14286,288,100,20,0,0,0,0,0,0,0,36
201,3050,4.8,264,100,22,0,0,0,0,0,0,0,33
202,3520,4.8,264,100,22,0,0,0,0,0,0,0,33
203,2886,3.78182,208,100,29,0,0,0,0,0,0,0,26
204,3656,4.27586,248,100,27,0,0,0,0,0,0,0,31
205,3140,4.21818,232,100,26,0,0,0,0,0,0,0,29
206,3040,3.78182,208,100,29,0,0,0,0,0,0,0,26
207,3204,4.65455,256,100,23,0,0,0,0,0,0,0,32
208,2674,4.22642,224,100,25,0,0,0,0,0,0,0,28
209,3348,4.49123,256,100,25,0,0,0,0,0,0,0,32
210,2436,4.52174,208,100,20,0,0,0,0,0,0,0,26
211,2774,4.48,224,100,22,0,0,0,0,0,0,0,28
212,2390,4.14815,224,100,26,0,0,0,0,0,0,0,28
213,2520,4.92308,256,100,20,0,0,0,0,0,0,0,32
214,2784,4.57143,256,100,24,0,0,0,0,0,0,0,32
215,3292,4.63158,264,100,24,0,0,0,0,0,0,0,33
216,3304,4.98113,264,100,20,0,0,0,0,0,0,0,33
217,3348,5.14286,288,100,20,0,0,0,0,0,0,0,36
218,3716,5.01961,256,100,19,0,0,0,0,0,0,0,32
219,3550,4.96,248,100,19,0,0,0,0,0,0,0,31
220,3236,5.13208,272,100,19,0,0,0,0,0,0,0,34
221,3282,4.68966,272,100,24,0,0,0,0,0,0,0,34
222,3556,4.94545,272,100,21,0,0,0,0,0,0,0,34
223,3598,4.85714,272,100,22,0,0,0,0,0,0,0,34
224,3996,4.65455,256,100,23,0,0,0,0,0,0,0,32
225,3264,3.86667,232,100,31,0,0,0,0,0,0,0,29
226,3236,4,232,100,29,0,0,0,0,0,0,0,29
227,3350,4.33898,256,100,27,0,0,0,0,0,0,0,32
228,3196,4.26667,256,100,28,0,0,0,0,0,0,0,32
229,2814,5.09091,280,100,20,0,0,0,0,0,0,0,35
230,2630,4.57143,256,100,24,0,0,0,0,0,0,0,32
231,2876,4.94545,272,100,21,0,0,0,0,0,0,0,34
232,3248,4.82759,280,100,23,0,0,0,0,0,0,0,35
233,2992,4.33898,256,100,27,0,0,0,0,0,0,0,32
234,2970,4.36364,240,100,25,0,0,0,0,0,0,0,30
235,2950,4.21818,232,100,26,0,0,0,0,0,0,0,29
236,3138,4.49123,256,100,25,0,0,0,0,0,0,0,32
237,2700,4.0678,240,100,29,0,0,0,0,0,0,0,30
238,2440,4.88889,264,100,21,0,0,0,0,0,0,0,33
239,2460,4.57143,256,100,24,0,0,0,0,0,0,0,32
240,2716,4.50909,248,100,24,0,0,0,0,0,0,0,31
241,2352,4.94545,272,100,21,0,0,0,0,0,0,0,34
242,2204,4.22642,224,100,25,0,0,0,0,0,0,0,28
243,2310,4.21818,232,100,26,0,0,0,0,0,0,0,29
244,2378,4.42857,248,100,25,0,0,0,0,0,0,0,31
245,2414,4.21053,240,100,27,0,0,0,0,0,0,0,30
246,2348,4.96,248,100,19,0,0,0,0,0,0,0,31
247,2274,5.15385,268,100,18,0,0,0,1,0,0,0,33
248,2788,5.03704,272,100,20,0,0,0,0,0,0,0,34
249,2644,5.43396,288,100,17,0,0,0,0,0,0,0,36
250,2896,5.87755,288,100,13,0,0,0,0,0,0,0,36
251,2572,5.22449,256,100,17,0,0,0,0,0,0,0,32
252,2694,4.98113,264,100,20,0,0,0,0,0,0,0,33
253,2716,5.28302,280,100,18,0,0,0,0,0,0,0,35
254,2262,4.37736,232,100,24,0,0,0,0,0,0,0,29
255,1990,4.44444,240,100,24,0,0,0,0,0,0,0,30
256,2536,5.18519,280,100,19,0,0,0,0,0,0,0,35
257,2548,4.67925,248,100,22,0,0,0,0,0,0,0,31
258,2740,5.07692,264,100,19,0,0,0,0,0,0,0,33
259,3016,5.64706,288,100,15,0,0,0,0,0,0,0,36
260,3194,6.6087,304,100,8,0,0,0,0,0,0,0,38
261,3758,6.80851,320,100,7,0,0,0,0,0,0,0,40
262,3520,5.84615,304,100,14,0,0,0,0,0,0,0,38
263,3518,4.86275,248,100,20,0,0,0,0,0,0,0,31
264,3444,5.78723,272,100,13,0,0,0,0,0,0,0,34
265,3380,5.33333,272,100,17,0,0,0,0,0,0,0,34
266,3858,4.8,240,100,20,0,0,0,0,0,0,0,30
267,3934,5.55102,272,100,15,0,0,0,0,0,0,0,34
268,3596,5.06122,248,100,18,0,0,0,0,0,0,0,31
269,3612,4.91228,280,100,22,0,0,0,0,0,0,0,35
270,2956,4.76923,248,100,21,0,0,0,0,0,0,0,31
271,3336,5.33333,304,100,19,0,0,0,0,0,0,0,38
272,2962,4.61017,272,100,25,0,0,0,0,0,0,0,34
273,3210,4.33898,256,100,27,0,0,0,0,0,0,0,32
274,3568,4.47458,264,100,26,0,0,0,0,0,0,0,33
275,3268,5.14286,288,100,20,0,0,0,0,0,0,0,36
276,3218,4.68966,272,100,24,0,0,0,0,0,0,0,34
277,3040,4.76923,248,100,21,0,0,0,0,0,0,0,31
278,3064,5.10638,240,100,17,0,0,0,0,0,0,0,30
279,3188,5.12,256,100,18,0,0,0,0,0,0,0,32
280,3604,5.28,264,100,17,0,0,0,0,0,0,0,33
281,3780,4.19672,256,100,29,0,0,0,0,0,0,0,32
282,3490,4.27586,248,100,27,0,0,0,0,0,0,0,31
283,3388,4.49123,256,100,25,0,0,0,0,0,0,0,32
284,3656,4.88136,288,100,23,0,0,0,0,0,0,0,36
285,3500,5.48148,296,100,17,0,0,0,0,0,0,0,37
286,3454,5.24138,304,100,20,0,0,0,0,0,0,0,38
287,3546,4.98361,304,100,23,0,0,0,0,0,0,0,38
288,3546,4.96552,288,100,22,0,0,0,0,0,0,0,36
289,3592,5.28814,312,100,20,0,0,0,0,0,0,0,39
290,3858,5.96078,304,100,13,0,0,0,0,0,0,0,38
291,4104,5.92,296,100,13,0,0,0,0,0,0,0,37
292,3464,5.33333,272,100,17,0,0,0,0,0,0,0,34
293,3754,5.15254,304,100,21,0,0,0,0,0,0,0,38
294,4022,5.23077,272,100,18,0,0,0,0,0,0,0,34
295,3102,4,224,100,28,0,0,0,0,0,0,0,28
296,3014,4.21818,232,100,26,0,0,0,0,0,0,0,29
297,2632,3.92727,216,100,28,0,0,0,0,0,0,0,27
298,3216,4.42857,248,100,25,0,0,0,0,0,0,0,31
299,3812,4.49123,256,100,25,0,0,0,0,0,0,0,32
300,3688,4.68966,272,100,24,0,0,0,0,0,0,0,34
301,3096,4.49123,256,100,25,0,0,0,0,0,0,0,32
302,2780,4.0678,240,100,29,0,0,0,0,0,0,0,30
303,2898,4.88136,288,100,23,0,0,0,0,0,0,0,36
304,3240,5.37931,312,100,19,0,0,0,0,0,0,0,39
305,2838,5.73585,304,100,15,0,0,0,0,0,0,0,38
306,3124,6.22222,336,100,12,0,0,0,0,0,0,0,42
307,3548,5.57143,312,100,17,0,0,0,0,0,0,0,39
308,2850,5.47368,312,100,18,0,0,0,0,0,0,0,39
309,3268,5.55932,328,100,18,0,0,0,0,0,0,0,41
310,4046,5.93103,344,100,15,0,0,0,0,0,0,0,43
311,4844,6.15385,320,100,12,0,0,0,0,0,0,0,40
312,5044,5.7931,336,100,16,0,0,0,0,0,0,0,42
313,3734,5.28571,296,100,19,0,0,0,0,0,0,0,37
314,3734,5.14286,288,100,20,0,0,0,0,0,0,0,36
315,3656,4.71429,264,100,23,0,0,0,0,0,0,0,33
316,4402,5.15254,304,100,21,0,0,0,0,0,0,0,38
317,4016,5.48148,296,100,17,0,0,0,0,0,0,0,37
318,2972,5.52727,304,100,17,0,0,0,0,0,0,0,38
319,2700,4.8,288,100,24,0,0,0,0,0,0,0,36
320,3394,5.33333,288,100,18,0,0,0,0,0,0,0,36
321,3544,5.6,336,100,18,0,0,0,0,0,0,0,42
322,3322,5.51724,320,100,18,0,0,0,0,0,0,0,40
323,3256,5.61404,320,100,17,0,0,0,0,0,0,0,40
324,2874,5.48148,296,100,17,0,0,0,0,0,0,0,37
325,2354,4.50909,248,100,24,0,0,0,0,0,0,0,31
326,2754,4.36364,240,100,25,0,0,0,0,0,0,0,30
327,3192,5.23636,288,100,19,0,0,0,0,0,0,0,36
328,2980,4.66667,280,100,25,0,0,0,0,0,0,0,35
329,3094,5.03704,272,100,20,0,0,0,0,0,0,0,34
330,2896,4.0678,240,100,29,0,0,0,0,0,0,0,30
331,2730,3.74194,232,100,33,0,0,0,0,0,0,0,29
332,3532,4.13333,248,100,29,0,0,0,0,0,0,0,31
333,3252,3.85185,208,100,28,0,0,0,0,0,0,0,26
334,3298,4.70588,240,100,21,0,0,0,0,0,0,0,30
335,3616,4.07018,232,100,28,0,0,0,0,0,0,0,29
336,3374,4.83019,256,100,21,0,0,0,0,0,0,0,32
337,3092,4.57143,224,100,21,0,0,0,0,0,0,0,28
338,2894,4.07547,216,100,26,0,0,0,0,0,0,0,27
339,2574,4.14815,224,100,26,0,0,0,0,0,0,0,28
340,2854,4.27586,248,100,27,0,0,0,0,0,0,0,31
341,3470,4.55172,264,100,25,0,0,0,0,0,0,0,33
342,3950,4.49123,256,100,25,0,0,0,0,0,0,0,32
343,3492,4.76923,248,100,21,0,0,0,0,0,0,0,31
344,3196,5.07692,264,100,19,0,0,0,0,0,0,0,33
345,3446,4.98113,264,100,20,0,0,0,0,0,0,0,33
346,3698,5.18519,280,100,19,0,0,0,0,0,0,0,35
347,3750,4.8,288,100,24,0,0,0,0,0,0,0,36
348,4140,4.96552,288,100,22,0,0,0,0,0,0,0,36
349,3918,4.35088,248,100,26,0,0,0,0,0,0,0,31
350,2486,4.28571,240,100,26,0,0,0,0,0,0,0,30
351,2462,4.51613,280,100,27,0,0,0,0,0,0,0,35
352,2216,4.07018,232,100,28,0,0,0,0,0,0,0,29
353,2432,4.8,288,100,24,0,0,0,0,0,0,0,36
354,2772,4.2963,232,100,25,0,0,0,0,0,0,0,29
355,2940,4.25806,264,100,29,0,0,0,0,0,0,0,33
356,2816,4.21053,240,100,27,0,0,0,0,0,0,0,30
357,2422,3.87097,240,100,32,0,0,0,0,0,0,0,30
358,2738,4.4,264,100,27,0,0,0,0,0,0,0,33
359,3292,4.59016,280,100,26,0,0,0,0,0,0,0,35
360,2992,4.49123,256,100,25,0,0,0,0,0,0,0,32
361,3346,4.63158,264,100,24,0,0,0,0,0,0,0,33
362,3210,4.19672,256,100,29,0,0,0,0,0,0,0,32
363,3242,4.61017,272,100,25,0,0,0,0,0,0,0,34
364,2992,4.96552,288,100,22,0,0,0,0,0,0,0,36
365,2684,4.94545,272,100,21,0,0,0,0,0,0,0,34
366,3232,5.24138,304,100,20,0,0,0,0,0,0,0,38
367,3032,5.67273,312,100,16,0,0,0,0,0,0,0,39
368,3160,4.4,264,100,27,0,0,0,0,0,0,0,33
369,2742,4.42857,248,100,25,0,0,0,0,0,0,0,31
370,2888,3.86207,224,100,30,0,0,0,0,0,0,0,28
371,3126,3.92982,224,100,29,0,0,0,0,0,0,0,28
372,2824,3.71429,208,100,30,0,0,0,0,0,0,0,26
373,2838,3.9322,232,100,30,0,0,0,0,0,0,0,29
374,3066,4,240,100,30,0,0,0,0,0,0,0,30
375,2836,3.93443,240,100,31,0,0,0,0,0,0,0,30
376,2980,3.73333,224,100,32,0,0,0,0,0,0,0,28
377,2916,3.46667,208,100,34,0,0,0,0,0,0,0,26
378,2812,3.64912,208,100,31,0,0,0,0,0,0,0,26
379,2680,3.74194,232,100,33,0,0,0,0,0,0,0,29
380,2664,3.30159,208,100,37,0,0,0,0,0,0,0,26
381,2494,2.86567,192,100,43,0,0,0,0,0,0,0,24
382,2892,3.33333,200,100,35,0,0,0,0,0,0,0,25
383,2784,3.58621,208,100,32,0,0,0,0,0,0,0,26
384,2824,3.40984,208,100,35,0,0,0,0,0,0,0,26
385,2836,3.78947,216,100,30,0,0,0,0,0,0,0,27
386,2624,3.33333,200,100,35,0,0,0,0,0,0,0,25
387,2616,2.78788,184,100,43,0,0,0,0,0,0,0,23
388,2416,2.74627,184,100,44,0,0,0,0,0,0,0,23
389,1842,2.83871,176,100,40,0,0,0,0,0,0,0,22
390,1660,3.2,192,100,36,0,0,0,0,0,0,0,24
391,1738,3.17647,216,100,41,0,0,0,0,0,0,0,27
392,1806,3.30159,208,100,37,0,0,0,0,0,0,0,26
393,2222,3.80328,232,100,32,0,0,0,0,0,0,0,29
394,2380,3.93846,256,100,33,0,0,0,0,0,0,0,32
395,2302,3.75,240,100,34,0,0,0,0,0,0,0,30
396,1780,4.22642,224,100,25,0,0,0,0,0,0,0,28
397,2572,5,280,100,21,0,0,0,0,0,0,0,35
398,2626,5.28571,296,100,19,0,0,0,0,0,0,0,37
399,3050,5,280,100,21,0,0,0,0,0,0,0,35
400,3288,5.24138,304,100,20,0,0,0,0,0,0,0,38
401,3190,5.62963,304,100,16,0,0,0,0,0,0,0,38
402,2980,5.18519,280,100,19,0,0,0,0,0,0,0,35
403,2984,5.13208,272,100,19,0,0,0,0,0,0,0,34
404,2918,4.77193,272,100,23,0,0,0,0,0,0,0,34
405,3132,5.28571,296,100,19,0,0,0,0,0,0,0,37
406,2612,5.95918,292,100,12,0,0,0,1,0,0,0,36
407,2846,5.58491,296,100,16,0,0,0,0,0,0,0,37
408,2546,5.87755,288,100,13,0,0,0,0,0,0,0,36
409,3072,5.96078,304,100,13,0,0,0,0,0,0,0,38
410,3250,5.13208,272,100,19,0,0,0,0,0,0,0,34
411,2910,5.03704,272,100,20,0,0,0,0,0,0,0,34
412,2740,4.88889,264,100,21,0,0,0,0,0,0,0,33
413,2764,4.81481,260,100,21,0,0,0,1,0,0,0,32
414,2974,4.28571,240,100,26,0,0,0,0,0,0,0,30
415,3314,4.94545,272,100,21,0,0,0,0,0,0,0,34
416,3240,4.33898,256,100,27,0,0,0,0,0,0,0,32
417,3370,4.85714,272,100,22,0,0,0,0,0,0,0,34
418,3444,4.67925,248,100,22,0,0,0,0,0,0,0,31
419,3390,5.53846,288,100,16,0,0,0,0,0,0,0,36
420,3212,4.8,264,100,22,0,0,0,0,0,0,0,33
421,2952,5.03704,272,100,20,0,0,0,0,0,0,0,34
422,2858,5.03704,272,100,20,0,0,0,0,0,0,0,34
423,3412,4.94545,272,100,21,0,0,0,0,0,0,0,34
424,2902,4.35088,248,100,26,0,0,0,0,0,0,0,31
425,2954,4.94545,272,100,21,0,0,0,0,0,0,0,34
426,2732,5.23636,288,100,19,0,0,0,0,0,0,0,36
427,2722,5.05263,288,100,21,0,0,0,0,0,0,0,36
428,2754,5.15254,304,100,21,0,0,0,0,0,0,0,38
429,3052,5.48148,296,100,17,0,0,0,0,0,0,0,37
430,2874,4.83019,256,100,21,0,0,0,0,0,0,0,32
431,2796,4.50909,248,100,24,0,0,0,0,0,0,0,31
432,2676,5,280,100,21,0,0,0,0,0,0,0,35
433,2918,5.28814,312,100,20,0,0,0,0,0,0,0,39
434,3614,5.16129,320,100,22,0,0,0,0,0,0,0,40
435,3642,5.38182,296,100,18,0,0,0,0,0,0,0,37
436,4092,5.01695,296,100,22,0,0,0,0,0,0,0,37
437,3010,4.21053,240,100,27,0,0,0,0,0,0,0,30
438,2680,4.07547,216,100,26,0,0,0,0,0,0,0,27
439,2506,4.64,232,100,21,0,0,0,0,0,0,0,29
440,1938,3.85185,208,100,28,0,0,0,0,0,0,0,26
441,2234,3.75,240,100,34,0,0,0,0,0,0,0,30
442,2450,4.06557,248,100,30,0,0,0,0,0,0,0,31
443,2274,3.58621,208,100,32,0,0,0,0,0,0,0,26
444,2506,4.21818,232,100,26,0,0,0,0,0,0,0,29
445,2190,4.14815,224,100,26,0,0,0,0,0,0,0,28
446,2466,3.54098,216,100,34,0,0,0,0,0,0,0,27
447,2726,3.92982,224,100,29,0,0,0,0,0,0,0,28
448,3050,4.32787,264,100,28,0,0,0,0,0,0,0,33
449,2680,4.0678,240,100,29,0,0,0,0,0,0,0,30
450,2816,4.59259,248,100,23,0,0,0,0,0,0,0,31
451,2404,4.50909,248,100,24,0,0,0,0,0,0,0,31
452,2196,4.07273,224,100,27,0,0,0,0,0,0,0,28
453,2394,3.75,240,100,34,0,0,0,0,0,0,0,30
454,2840,4.07018,232,100,28,0,0,0,0,0,0,0,29
455,3118,3.93846,256,100,33,0,0,0,0,0,0,0,32
456,3120,3.93443,240,100,31,0,0,0,0,0,0,0,30
457,3174,4.32787,264,100,28,0,0,0,0,0,0,0,33
458,3098,4.83019,256,100,21,0,0,0,0,0,0,0,32
459,3148,4.71429,264,100,23,0,0,0,0,0,0,0,33
460,3288,5.13208,272,100,19,0,0,0,0,0,0,0,34
461,3230,4.37736,232,100,24,0,0,0,0,0,0,0,29
462,3792,5.48148,296,100,17,0,0,0,0,0,0,0,37
463,4230,4.8,264,100,22,0,0,0,0,0,0,0,33
464,3624,4.42857,248,100,25,0,0,0,0,0,0,0,31
465,3308,4.33898,256,100,27,0,0,0,0,0,0,0,32
466,3404,4,248,100,31,0,0,0,0,0,0,0,31
467,3746,4.35088,248,100,26,0,0,0,0,0,0,0,31
468,3592,4.2963,232,100,25,0,0,0,0,0,0,0,29
469,3678,4.33898,256,100,27,0,0,0,0,0,0,0,32
470,3950,4.65455,256,100,23,0,0,0,0,0,0,0,32
471,4426,5.57143,312,100,17,0,0,0,0,0,0,0,39
472,3676,4.21053,240,100,27,0,0,0,0,0,0,0,30
473,3882,4.32787,264,100,28,0,0,0,0,0,0,0,33
474,3172,4.13333,248,100,29,0,0,0,0,0,0,0,31
475,3194,4.32787,264,100,28,0,0,0,0,0,0,0,33
476,3182,4.55172,264,100,25,0,0,0,0,0,0,0,33
477,2938,5.17647,264,100,18,0,0,0,0,0,0,0,33
478,2572,4.37736,232,100,24,0,0,0,0,0,0,0,29
479,2414,5.28,264,100,17,0,0,0,0,0,0,0,33
480,2576,5.38462,280,100,17,0,0,0,0,0,0,0,35
481,2708,5.38462,280,100,17,0,0,0,0,0,0,0,35
482,2776,5.47368,312,100,18,0,0,0,0,0,0,0,39
483,3138,5.14286,288,100,20,0,0,0,0,0,0,0,36
484,3030,4.74074,256,100,22,0,0,0,0,0,0,0,32
485,3190,5.38776,264,100,16,0,0,0,0,0,0,0,33
486,3482,6.20408,304,100,11,0,0,0,0,0,0,0,38
487,3500,5.58491,296,100,16,0,0,0,0,0,0,0,37
488,3534,5.19298,296,100,20,0,0,0,0,0,0,0,37
489,4016,4.92308,256,100,20,0,0,0,0,0,0,0,32
490,4150,4.50909,248,100,24,0,0,0,0,0,0,0,31
491,3496,4.5283,240,100,23,0,0,0,0,0,0,0,30
492,2934,4.61538,240,100,22,0,0,0,0,0,0,0,30
493,3176,4.48,224,100,22,0,0,0,0,0,0,0,28
494,3120,4.23529,216,100,24,0,0,0,0,0,0,0,27
495,3582,4.37736,232,100,24,0,0,0,0,0,0,0,29
496,3260,4.39216,224,100,23,0,0,0,0,0,0,0,28
497,3172,4.20339,248,100,28,0,0,0,0,0,0,0,31
498,3022,4.27586,248,100,27,0,0,0,0,0,0,0,31
499,3442,4.4,264,100,27,0,0,0,0,0,0,0,33
500,3522,4.06557,248,100,30,0,0,0,0,0,0,0,31
501,3432,4.98361,304,100,23,0,0,0,0,0,0,0,38
502,3126,4.83019,256,100,21,0,0,0,0,0,0,0,32
503,3218,4.94545,272,100,21,0,0,0,0,0,0,0,34
504,3164,4.94545,272,100,21,0,0,0,0,0,0,0,34
505,2380,4.91228,280,100,22,0,0,0,0,0,0,0,35
506,3028,5.52727,304,100,17,0,0,0,0,0,0,0,38
507,2640,5.58491,296,100,16,0,0,0,0,0,0,0,37
508,2638,4.33898,256,100,27,0,0,0,0,0,0,0,32
509,3476,5.29032,328,100,21,0,0,0,0,0,0,0,41
510,3344,5.28571,296,100,19,0,0,0,0,0,0,0,37
511,3004,4.28571,240,100,26,0,0,0,0,0,0,0,30
512,2668,4.85714,272,100,22,0,0,0,0,0,0,0,34
513,2448,4.32,216,100,23,0,0,0,0,0,0,0,27
514,2544,4.16,208,100,24,0,0,0,0,0,0,0,26
515,2704,4.41379,256,100,26,0,0,0,0,0,0,0,32
516,2650,4.88136,288,100,23,0,0,0,0,0,0,0,36
517,3058,4.27586,248,100,27,0,0,0,0,0,0,0,31
518,3184,3.94444,213,100,27,0,0,0,0,1,0,0,26
519,3514,4.51786,253,100,24,0,0,0,0,1,0,0,31
520,2984,5.22,261,100,17,0,0,0,0,1,0,0,32
521,3174,5.87037,317,100,14,0,0,0,0,1,0,0,39
522,2932,5.64706,288,100,15,0,0,0,0,0,0,0,36
523,2810,5.44,272,100,16,0,0,0,0,0,0,0,34
524,2586,4.37736,232,100,24,0,0,0,0,0,0,0,29
525,2704,4.59259,248,100,23,0,0,0,0,0,0,0,31
526,2784,4.98113,264,100,20,0,0,0,0,0,0,0,33
527,2878,4.50909,248,100,24,0,0,0,0,0,0,0,31
528,3022,4.55172,264,100,25,0,0,0,0,0,0,0,33
529,2956,3.72414,216,100,31,0,0,0,0,0,0,0,27
530,2380,3.60784,184,100,28,0,0,0,0,0,0,0,23
531,2052,4,208,100,26,0,0,0,0,0,0,0,26
532,2106,3.58621,208,100,32,0,0,0,0,0,0,0,26
533,2772,4.25806,264,100,29,0,0,0,0,0,0,0,33
534,2726,3.9322,232,100,30,0,0,0,0,0,0,0,29
535,3088,4.21053,240,100,27,0,0,0,0,0,0,0,30
536,2932,3.17241,184,100,35,0,0,0,0,0,0,0,23
537,3170,3.11864,184,100,36,0,0,0,0,0,0,0,23
538,2824,4.22642,224,100,25,0,0,0,0,0,0,0,28
539,2306,3.78182,208,100,29,0,0,0,0,0,0,0,26
540,2888,4.2963,232,100,25,0,0,0,0,0,0,0,29
541,2108,4,216,100,27,0,0,0,0,0,0,0,27
542,2454,5.13208,272,100,19,0,0,0,0,0,0,0,34
543,2032,4.54902,232,100,22,0,0,0,0,0,0,0,29
544,1866,4.89796,240,100,19,0,0,0,0,0,0,0,30
545,2086,4.2963,232,100,25,0,0,0,0,0,0,0,29
546,2100,4.40816,216,100,22,0,0,0,0,0,0,0,27
547,2654,4.8,240,100,20,0,0,0,0,0,0,0,30
548,2736,4.30769,224,100,24,0,0,0,0,0,0,0,28
549,3140,4.96,248,100,19,0,0,0,0,0,0,0,31
550,3028,4.46154,232,100,23,0,0,0,0,0,0,0,29
551,3148,4.5283,240,100,23,0,0,0,0,0,0,0,30
552,3214,3.66102,216,100,32,0,0,0,0,0,0,0,27
553,3242,3.73333,224,100,32,0,0,0,0,0,0,0,28
554,3372,4.85714,272,100,22,0,0,0,0,0,0,0,34
555,3490,5.09091,280,100,20,0,0,0,0,0,0,0,35
556,3562,4.54902,232,100,22,0,0,0,0,0,0,0,29
557,3464,4.91228,280,100,22,0,0,0,0,0,0,0,35
558,3916,4.85714,272,100,22,0,0,0,0,0,0,0,34
559,3744,4.21053,240,100,27,0,0,0,0,0,0,0,30
560,3440,4.59259,248,100,23,0,0,0,0,0,0,0,31
561,2876,4.50909,248,100,24,0,0,0,0,0,0,0,31
562,3310,5.23636,288,100,19,0,0,0,0,0,0,0,36
563,3330,4.8,264,100,22,0,0,0,0,0,0,0,33
564,3560,4.59259,248,100,23,0,0,0,0,0,0,0,31
565,2210,4.44444,240,100,24,0,0,0,0,0,0,0,30
566,2604,4.2963,232,100,25,0,0,0,0,0,0,0,29
567,2456,4.22642,224,100,25,0,0,0,0,0,0,0,28
568,2758,4.36364,240,100,25,0,0,0,0,0,0,0,30
569,3102,4.21053,240,100,27,0,0,0,0,0,0,0,30
570,3588,4.55172,264,100,25,0,0,0,0,0,0,0,33
571,3734,4.74074,256,100,22,0,0,0,0,0,0,0,32
572,4076,4.86275,248,100,20,0,0,0,0,0,0,0,31
573,3858,5.10345,296,100,21,0,0,0,0,0,0,0,37
574,3354,5.23636,288,100,19,0,0,0,0,0,0,0,36
575,3364,6.11765,312,100,12,0,0,0,0,0,0,0,39
576,3316,6.03774,320,100,13,0,0,0,0,0,0,0,40
577,3156,5.77778,312,100,15,0,0,0,0,0,0,0,39
578,3804,6.25455,344,100,12,0,0,0,0,0,0,0,43
579,2638,4.77193,272,100,23,0,0,0,0,0,0,0,34
580,2866,5.33333,288,100,18,0,0,0,0,0,0,0,36
581,3372,6,336,100,14,0,0,0,0,0,0,0,42
582,3298,5.58491,296,100,16,0,0,0,0,0,0,0,37
583,2820,4.8,240,100,20,0,0,0,0,0,0,0,30
584,3474,5.47368,312,100,18,0,0,0,0,0,0,0,39
585,3774,5.52727,304,100,17,0,0,0,0,0,0,0,38
586,3754,5.23636,288,100,19,0,0,0,0,0,0,0,36
587,4112,5.75439,328,100,16,0,0,0,0,0,0,0,41
588,3884,5.84615,304,100,14,0,0,0,0,0,0,0,38
589,3492,5.61702,264,100,14,0,0,0,0,0,0,0,33
590,2932,5.16667,248,100,17,0,0,0,0,0,0,0,31
591,3082,4.76923,248,100,21,0,0,0,0,0,0,0,31
592,2590,5.44,272,100,16,0,0,0,0,0,0,0,34
593,2952,4.83019,256,100,21,0,0,0,0,0,0,0,32
594,2654,5.17647,264,100,18,0,0,0,0,0,0,0,33
595,2282,4.57143,256,100,24,0,0,0,0,0,0,0,32
596,2494,4.68966,272,100,24,0,0,0,0,0,0,0,34
597,3008,5.38182,296,100,18,0,0,0,0,0,0,0,37
598,2528,4.68966,272,100,24,0,0,0,0,0,0,0,34
599,2400,4.07143,228,100,27,0,0,0,1,0,0,0,28
600,2528,4.20339,248,100,28,0,0,0,0,0,0,0,31
601,3308,5.33333,304,100,19,0,0,0,0,0,0,0,38
602,3038,4.71429,264,100,23,0,0,0,0,0,0,0,33
603,3464,5.24138,304,100,20,0,0,0,0,0,0,0,38
604,3568,5.81818,320,100,15,0,0,0,0,0,0,0,40
605,3438,5.67273,312,100,16,0,0,0,0,0,0,0,39
606,3376,5.4902,280,100,16,0,0,0,0,0,0,0,35
607,3284,5.03704,272,100,20,0,0,0,0,0,0,0,34
608,2742,4.88889,264,100,21,0,0,0,0,0,0,0,33
609,3122,5.58491,296,100,16,0,0,0,0,0,0,0,37
610,2830,5.07692,264,100,19,0,0,0,0,0,0,0,33
611,3228,5.33333,272,100,17,0,0,0,0,0,0,0,34
612,3356,5.92593,320,100,14,0,0,0,0,0,0,0,40
613,3414,5.67273,312,100,16,0,0,0,0,0,0,0,39
614,3164,5.6,280,100,15,0,0,0,0,0,0,0,35
615,3478,4.96552,288,100,22,0,0,0,0,0,0,0,36
616,3478,4.66667,280,100,25,0,0,0,0,0,0,0,35
617,3174,5.09091,280,100,20,0,0,0,0,0,0,0,35
618,3474,5.03226,312,100,23,0,0,0,0,0,0,0,39
619,3812,5.80392,296,100,14,0,0,0,0,0,0,0,37
620,3858,5.76,288,100,14,0,0,0,0,0,0,0,36
621,3480,5.03704,272,100,20,0,0,0,0,0,0,0,34
622,3728,5.10345,296,100,21,0,0,0,0,0,0,0,37
623,3830,5.57143,312,100,17,0,0,0,0,0,0,0,39
624,3260,4.88889,264,100,21,0,0,0,0,0,0,0,33
625,3618,5.13208,272,100,19,0,0,0,0,0,0,0,34
626,3848,5.35849,284,100,17,0,0,0,1,0,0,0,35
627,3924,6.4,320,100,10,0,0,0,0,0,0,0,40
628,3714,5.42857,304,100,18,0,0,0,0,0,0,0,38
629,3456,4.74074,256,100,22,0,0,0,0,0,0,0,32
630,2940,4.88889,264,100,21,0,0,0,0,0,0,0,33
631,3712,5.77778,312,100,15,0,0,0,0,0,0,0,39
632,3716,4.71429,264,100,23,0,0,0,0,0,0,0,33
633,3556,5.23636,288,100,19,0,0,0,0,0,0,0,36
634,3314,5.38182,296,100,18,0,0,0,0,0,0,0,37
635,2862,5.38462,280,100,17,0,0,0,0,0,0,0,35
636,3236,5.44,272,100,16,0,0,0,0,0,0,0,34
637,3750,5.80392,296,100,14,0,0,0,0,0,0,0,37
638,3554,5.88679,312,100,14,0,0,0,0,0,0,0,39
639,3294,6.17544,352,100,13,0,0,0,0,0,0,0,44
640,3102,5.92308,308,100,13,0,0,0,1,0,0,0,38
641,3444,5.62963,304,100,16,0,0,0,0,0,0,0,38
642,2826,5.64706,288,100,15,0,0,0,0,0,0,0,36
643,3082,4.91228,280,100,22,0,0,0,0,0,0,0,35
644,3004,4.74074,256,100,22,0,0,0,0,0,0,0,32
645,2796,5.18519,280,100,19,0,0,0,0,0,0,0,35
646,3552,6.15385,320,100,12,0,0,0,0,0,0,0,40
647,3400,5.03704,272,100,20,0,0,0,0,0,0,0,34
648,3864,5.28571,296,100,19,0,0,0,0,0,0,0,37
649,3092,4.8,264,100,22,0,0,0,0,0,0,0,33
650,2728,4.41379,256,100,26,0,0,0,0,0,0,0,32
651,3006,4.82759,280,100,23,0,0,0,0,0,0,0,35
652,2748,5.07692,264,100,19,0,0,0,0,0,0,0,33
653,2722,4.83019,256,100,21,0,0,0,0,0,0,0,32
654,3092,4.85714,272,100,22,0,0,0,0,0,0,0,34
655,2796,4.61538,240,100,22,0,0,0,0,0,0,0,30
656,3548,5.18519,280,100,19,0,0,0,0,0,0,0,35
657,4150,5.2766,248,100,16,0,0,0,0,0,0,0,31
658,3532,4.2449,208,100,23,0,0,0,0,0,0,0,26
659,3372,4.14815,224,100,26,0,0,0,0,0,0,0,28
660,3210,5.33333,272,100,17,0,0,0,0,0,0,0,34
661,3462,5.38182,296,100,18,0,0,0,0,0,0,0,37
662,3256,4.98113,264,100,20,0,0,0,0,0,0,0,33
663,3770,4.63158,264,100,24,0,0,0,0,0,0,0,33
664,3688,4.27586,248,100,27,0,0,0,0,0,0,0,31
665,3700,4.44444,240,100,24,0,0,0,0,0,0,0,30
666,3970,4.74074,256,100,22,0,0,0,0,0,0,0,32
667,4092,4.88889,264,100,21,0,0,0,0,0,0,0,33
668,4630,5.10345,296,100,21,0,0,0,0,0,0,0,37
669,4604,4.33898,256,100,27,0,0,0,0,0,0,0,32
670,4710,4.8,264,100,22,0,0,0,0,0,0,0,33
671,4646,5.03704,272,100,20,0,0,0,0,0,0,0,34
672,4614,5.33333,256,100,16,0,0,0,0,0,0,0,32
673,4626,4.86275,248,100,20,0,0,0,0,0,0,0,31
674,3450,4.46154,232,100,23,0,0,0,0,0,0,0,29
675,3450,4.59259,248,100,23,0,0,0,0,0,0,0,31
676,3920,4.50909,248,100,24,0,0,0,0,0,0,0,31
677,3912,4.44444,240,100,24,0,0,0,0,0,0,0,30
678,3206,4.8,240,100,20,0,0,0,0,0,0,0,30
679,3072,4.14286,232,100,27,0,0,0,0,0,0,0,29
680,3598,4.51613,280,100,27,0,0,0,0,0,0,0,35
681,3424,4.57143,256,100,24,0,0,0,0,0,0,0,32
682,3698,4.65455,256,100,23,0,0,0,0,0,0,0,32
683,4546,5.84615,304,100,14,0,0,0,0,0,0,0,38
684,4976,5,280,100,21,0,0,0,0,0,0,0,35
685,4408,4.59259,248,100,23,0,0,0,0,0,0,0,31
686,3252,4.30769,224,100,24,0,0,0,0,0,0,0,28
687,3132,4.44444,240,100,24,0,0,0,0,0,0,0,30
688,2222,4.39216,224,100,23,0,0,0,0,0,0,0,28
689,2310,5.01961,256,100,19,0,0,0,0,0,0,0,32
690,2938,5,280,100,21,0,0,0,0,0,0,0,35
691,2788,4.63158,264,100,24,0,0,0,0,0,0,0,33
692,2950,4.80328,293,100,24,0,0,0,0,1,0,0,36
693,3236,5.18182,285,100,19,0,0,0,0,1,0,0,35
694,3022,5.09091,280,100,20,0,0,0,0,0,0,0,35
695,3322,6.03774,320,100,13,0,0,0,0,0,0,0,40
696,3014,5.77778,312,100,15,0,0,0,0,0,0,0,39
697,2882,5.84615,304,100,14,0,0,0,0,0,0,0,38
698,3002,4.70588,240,100,21,0,0,0,0,0,0,0,30
699,3270,4.85714,272,100,22,0,0,0,0,0,0,0,34
700,2798,4.77193,272,100,23,0,0,0,0,0,0,0,34
701,3466,5.23636,288,100,19,0,0,0,0,0,0,0,36
702,3548,5.18519,280,100,19,0,0,0,0,0,0,0,35
703,3218,4.88889,264,100,21,0,0,0,0,0,0,0,33
704,3380,4.98113,264,100,20,0,0,0,0,0,0,0,33
705,3160,5.18519,280,100,19,0,0,0,0,0,0,0,35
706,3032,4.98113,264,100,20,0,0,0,0,0,0,0,33
707,2964,4.32787,264,100,28,0,0,0,0,0,0,0,33
708,3178,4.85714,272,100,22,0,0,0,0,0,0,0,34
709,3070,4.85714,272,100,22,0,0,0,0,0,0,0,34
710,2910,5,240,100,18,0,0,0,0,0,0,0,30
711,3624,5.07692,264,100,19,0,0,0,0,0,0,0,33
712,3318,4.44444,240,100,24,0,0,0,0,0,0,0,30
713,2998,4.44444,240,100,24,0,0,0,0,0,0,0,30
714,3102,5.12,256,100,18,0,0,0,0,0,0,0,32
715,2782,4.96,248,100,19,0,0,0,0,0,0,0,31
716,3124,4.67925,248,100,22,0,0,0,0,0,0,0,31
717,3690,5.23636,288,100,19,0,0,0,0,0,0,0,36
718,3472,5.33333,272,100,17,0,0,0,0,0,0,0,34
719,3692,5.43396,288,100,17,0,0,0,0,0,0,0,36
720,3474,4.8,240,100,20,0,0,0,0,0,0,0,30
721,4056,6.15385,320,100,12,0,0,0,0,0,0,0,40
722,3264,5.73585,304,100,15,0,0,0,0,0,0,0,38
723,3532,5.88679,312,100,14,0,0,0,0,0,0,0,39
724,3736,6.24,312,100,11,0,0,0,0,0,0,0,39
725,3528,5.13208,272,100,19,0,0,0,0,0,0,0,34
726,3500,5.03704,272,100,20,0,0,0,0,0,0,0,34
727,3262,5.13208,272,100,19,0,0,0,0,0,0,0,34
728,3342,4.77193,272,100,23,0,0,0,0,0,0,0,34
729,3418,4.50909,248,100,24,0,0,0,0,0,0,0,31
730,4092,5.62963,304,100,16,0,0,0,0,0,0,0,38
731,3678,5.84615,304,100,14,0,0,0,0,0,0,0,38
732,3810,6.27451,320,100,11,0,0,0,0,0,0,0,40
733,3538,5.28302,280,100,18,0,0,0,0,0,0,0,35
734,3710,5.73585,304,100,15,0,0,0,0,0,0,0,38
735,4054,6.58824,336,100,9,0,0,0,0,0,0,0,42
736,4592,6.83636,376,100,8,0,0,0,0,0,0,0,47
737,3586,6.11765,312,100,12,0,0,0,0,0,0,0,39
738,3132,5.07692,264,100,19,0,0,0,0,0,0,0,33
739,2932,4.67925,248,100,22,0,0,0,0,0,0,0,31
740,3226,4.63158,264,100,24,0,0,0,0,0,0,0,33
741,2900,4.8,288,100,24,0,0,0,0,0,0,0,36
742,2426,4.44444,240,100,24,0,0,0,0,0,0,0,30
743,2862,4.21053,240,100,27,0,0,0,0,0,0,0,30
744,2584,4.61538,240,100,22,0,0,0,0,0,0,0,30
745,2878,4.07018,232,100,28,0,0,0,0,0,0,0,29
746,2150,3.92727,216,100,28,0,0,0,0,0,0,0,27
747,2478,4.8,264,100,22,0,0,0,0,0,0,0,33
748,2870,5.28571,296,100,19,0,0,0,0,0,0,0,37
749,2728,5.15254,304,100,21,0,0,0,0,0,0,0,38
750,3220,5.47368,312,100,18,0,0,0,0,0,0,0,39
751,2758,5.73585,304,100,15,0,0,0,0,0,0,0,38
752,2918,4.85246,296,100,24,0,0,0,0,0,0,0,37
753,3196,4.93333,296,100,23,0,0,0,0,0,0,0,37
754,2716,4.82759,280,100,23,0,0,0,0,0,0,0,35
755,2838,5.43396,288,100,17,0,0,0,0,0,0,0,36
756,2788,5.38776,264,100,16,0,0,0,0,0,0,0,33
757,2822,5.81818,320,100,15,0,0,0,0,0,0,0,40
758,2764,6,312,100,13,0,0,0,0,0,0,0,39
759,3028,6.4,320,100,10,0,0,0,0,0,0,0,40
760,3284,5.84615,304,100,14,0,0,0,0,0,0,0,38
761,2942,5.84615,304,100,14,0,0,0,0,0,0,0,38
762,3134,5.7931,336,100,16,0,0,0,0,0,0,0,42
763,2392,5.62963,304,100,16,0,0,0,0,0,0,0,38
764,2642,5.69231,296,100,15,0,0,0,0,0,0,0,37
765,3140,5.10345,296,100,21,0,0,0,0,0,0,0,37
766,3194,5.14286,288,100,20,0,0,0,0,0,0,0,36
767,3202,4.91228,280,100,22,0,0,0,0,0,0,0,35
768,3266,4.74074,256,100,22,0,0,0,0,0,0,0,32
769,3338,4.41379,256,100,26,0,0,0,0,0,0,0,32
770,2976,4.59259,248,100,23,0,0,0,0,0,0,0,31
771,3092,4.71429,264,100,23,0,0,0,0,0,0,0,33
772,2994,4.55172,264,100,25,0,0,0,0,0,0,0,33
773,2892,5.09091,280,100,20,0,0,0,0,0,0,0,35
774,3084,4.92308,256,100,20,0,0,0,0,0,0,0,32
775,3196,4.88136,288,100,23,0,0,0,0,0,0,0,36
776,2968,4.68966,272,100,24,0,0,0,0,0,0,0,34
777,3586,4.72131,288,100,25,0,0,0,0,0,0,0,36
778,3310,4.47458,264,100,26,0,0,0,0,0,0,0,33
779,3100,4.55172,264,100,25,0,0,0,0,0,0,0,33
780,3270,4.82759,280,100,23,0,0,0,0,0,0,0,35
781,3126,4.55172,264,100,25,0,0,0,0,0,0,0,33
782,2468,4.26667,256,100,28,0,0,0,0,0,0,0,32
783,2596,4.65455,256,100,23,0,0,0,0,0,0,0,32
784,3064,5.14286,288,100,20,0,0,0,0,0,0,0,36
785,3058,4.93333,296,100,23,0,0,0,0,0,0,0,37
786,3342,5.19298,296,100,20,0,0,0,0,0,0,0,37
787,2656,4.57143,256,100,24,0,0,0,0,0,0,0,32
788,3180,5.13208,272,100,19,0,0,0,0,0,0,0,34
789,3290,5.16364,284,100,19,0,0,0,1,0,0,0,35
790,3022,5.44,272,100,16,0,0,0,0,0,0,0,34
791,2836,5.13208,272,100,19,0,0,0,0,0,0,0,34
792,3028,5.69231,296,100,15,0,0,0,0,0,0,0,37
793,2932,4.74074,256,100,22,0,0,0,0,0,0,0,32
794,3340,5.28571,296,100,19,0,0,0,0,0,0,0,37
795,3104,6,288,100,12,0,0,0,0,0,0,0,36
796,3038,5.07692,264,100,19,0,0,0,0,0,0,0,33
797,3218,4.75472,252,100,21,0,0,0,1,0,0,0,31
798,3548,5.01961,256,100,19,0,0,0,0,0,0,0,32
799,3146,4.92308,256,100,20,0,0,0,0,0,0,0,32
800,3104,5.17647,264,100,18,0,0,0,0,0,0,0,33
801,2904,4.07547,216,100,26,0,0,0,0,0,0,0,27
802,3026,4.14815,224,100,26,0,0,0,0,0,0,0,28
803,3312,5.07692,264,100,19,0,0,0,0,0,0,0,33
804,3642,5.44681,256,100,15,0,0,0,0,0,0,0,32
805,3658,5.44,272,100,16,0,0,0,0,0,0,0,34
806,3902,5.81818,320,100,15,0,0,0,0,0,0,0,40
807,3848,5.69231,296,100,15,0,0,0,0,0,0,0,37
808,4188,6.20408,304,100,11,0,0,0,0,0,0,0,38
809,3506,5.76,288,100,14,0,0,0,0,0,0,0,36
810,3650,5.75439,328,100,16,0,0,0,0,0,0,0,41
811,3648,6,336,100,14,0,0,0,0,0,0,0,42
812,3504,7.02041,344,100,6,0,0,0,0,0,0,0,43
813,3246,6.30769,328,100,11,0,0,0,0,0,0,0,41
814,3422,6.5,312,100,9,0,0,0,0,0,0,0,39
815,3482,5.57143,312,100,17,0,0,0,0,0,0,0,39
816,3818,5.69231,296,100,15,0,0,0,0,0,0,0,37
817,2994,5.01961,256,100,19,0,0,0,0,0,0,0,32
818,2644,5.28302,280,100,18,0,0,0,0,0,0,0,35
819,2758,5.6,280,100,15,0,0,0,0,0,0,0,35
820,2784,5.46154,284,100,16,0,0,0,1,0,0,0,35
821,3038,5.28,264,100,17,0,0,0,0,0,0,0,33
822,2680,4.86275,248,100,20,0,0,0,0,0,0,0,31
823,2816,4.8,240,100,20,0,0,0,0,0,0,0,30
824,3290,4.76923,248,100,21,0,0,0,0,0,0,0,31
825,3004,4.8,240,100,20,0,0,0,0,0,0,0,30
826,2376,3.84,192,100,26,0,0,0,0,0,0,0,24
827,2836,4.15686,212,100,24,0,0,0,1,0,0,0,26
828,2840,4.07843,208,100,25,0,0,0,0,0,0,0,26
829,2616,4.08163,200,100,24,0,0,0,0,0,0,0,25
830,3318,5.06122,248,100,18,0,0,0,0,0,0,0,31
831,3170,5.38776,264,100,16,0,0,0,0,0,0,0,33
832,3648,5.65854,232,100,12,0,0,0,0,0,0,0,29
833,3842,4.86275,248,100,20,0,0,0,0,0,0,0,31
834,3520,4.59259,248,100,23,0,0,0,0,0,0,0,31
835,3542,5.09091,280,100,20,0,0,0,0,0,0,0,35
836,3808,5.01961,256,100,19,0,0,0,0,0,0,0,32
837,3750,4.8,264,100,22,0,0,0,0,0,0,0,33
838,4088,5.28571,296,100,19,0,0,0,0,0,0,0,37
839,4406,5.64706,288,100,15,0,0,0,0,0,0,0,36
840,4504,4.37736,232,100,24,0,0,0,0,0,0,0,29
841,4216,4.93333,296,100,23,0,0,0,0,0,0,0,37
842,3722,4.70588,240,100,21,0,0,0,0,0,0,0,30
843,3766,4.32,216,100,23,0,0,0,0,0,0,0,27
844,3646,4.5283,240,100,23,0,0,0,0,0,0,0,30
845,3304,4.25532,200,100,22,0,0,0,0,0,0,0,25
846,3612,4.22642,224,100,25,0,0,0,0,0,0,0,28
847,3344,3.86792,205,100,27,0,0,0,0,1,0,0,25
848,3874,4.46154,232,100,23,0,0,0,0,0,0,0,29
849,3864,4.8,240,100,20,0,0,0,0,0,0,0,30
850,3362,4.8,240,100,20,0,0,0,0,0,0,0,30
851,3398,6,288,100,12,0,0,0,0,0,0,0,36
852,3132,4.96,248,100,19,0,0,0,0,0,0,0,31
853,3732,4.57143,256,100,24,0,0,0,0,0,0,0,32
854,3758,5.64706,288,100,15,0,0,0,0,0,0,0,36
855,4426,5.67273,312,100,16,0,0,0,0,0,0,0,39
856,3500,5.12,256,100,18,0,0,0,0,0,0,0,32
857,3148,5.17647,264,100,18,0,0,0,0,0,0,0,33
858,3680,4.63158,264,100,24,0,0,0,0,0,0,0,33
859,3732,4.74074,256,100,22,0,0,0,0,0,0,0,32
860,3346,5.23077,272,100,18,0,0,0,0,0,0,0,34
861,2940,4.85714,272,100,22,0,0,0,0,0,0,0,34
862,3370,5.62963,304,100,16,0,0,0,0,0,0,0,38
863,3872,5.13208,272,100,19,0,0,0,0,0,0,0,34
864,3992,5.76,288,100,14,0,0,0,0,0,0,0,36
865,4082,6.12766,288,100,11,0,0,0,0,0,0,0,36
866,3832,5.71429,280,100,14,0,0,0,0,0,0,0,35
867,2956,5.16667,248,100,17,0,0,0,0,0,0,0,31
868,3148,5.18519,280,100,19,0,0,0,0,0,0,0,35
869,3066,5.13208,272,100,19,0,0,0,0,0,0,0,34
870,3322,5.33333,272,100,17,0,0,0,0,0,0,0,34
871,3736,5.38462,280,100,17,0,0,0,0,0,0,0,35
872,3304,5.38462,280,100,17,0,0,0,0,0,0,0,35
873,3392,5.28302,280,100,18,0,0,0,0,0,0,0,35
874,3888,5.75439,328,100,16,0,0,0,0,0,0,0,41
875,3660,5.71429,280,100,14,0,0,0,0,0,0,0,35
876,3802,5.19298,296,100,20,0,0,0,0,0,0,0,37
877,2946,4.59259,248,100,23,0,0,0,0,0,0,0,31
878,3196,5,280,100,21,0,0,0,0,0,0,0,35
879,3596,5.92593,320,100,14,0,0,0,0,0,0,0,40
880,4012,5.33333,304,100,19,0,0,0,0,0,0,0,38
881,3668,5.18519,280,100,19,0,0,0,0,0,0,0,35
882,4188,5.85714,328,100,15,0,0,0,0,0,0,0,41
883,4084,5.92593,320,100,14,0,0,0,0,0,0,0,40
884,3526,5.38462,280,100,17,0,0,0,0,0,0,0,35
885,3594,5.73585,304,100,15,0,0,0,0,0,0,0,38
886,3870,5.77778,312,100,15,0,0,0,0,0,0,0,39
887,3454,5.44,272,100,16,0,0,0,0,0,0,0,34
888,3778,5.81818,320,100,15,0,0,0,0,0,0,0,40
889,4274,6.17544,352,100,13,0,0,0,0,0,0,0,44
890,3316,5.88679,312,100,14,0,0,0,0,0,0,0,39
891,3104,5.88679,312,100,14,0,0,0,0,0,0,0,39
892,3256,6.03774,320,100,13,0,0,0,0,0,0,0,40
893,3158,4.74074,256,100,22,0,0,0,0,0,0,0,32
894,3286,4.98113,264,100,20,0,0,0,0,0,0,0,33
895,3578,5.5283,293,100,16,0,0,0,0,1,0,0,36
896,3252,4.53704,245,100,23,0,0,0,0,1,0,0,30
897,3452,4.49123,256,100,25,0,0,0,0,0,0,0,32
898,3644,5.14286,288,100,20,0,0,0,0,0,0,0,36
899,2950,4.41379,256,100,26,0,0,0,0,0,0,0,32
900,3484,4.8,264,100,22,0,0,0,0,0,0,0,33
901,2564,4.46154,232,100,23,0,0,0,0,0,0,0,29
902,3296,4.74576,280,100,24,0,0,0,0,0,0,0,35
903,3450,5.96364,328,100,14,0,0,0,0,0,0,0,41
904,4064,6.14286,344,100,13,0,0,0,0,0,0,0,43
905,3792,5.85714,328,100,15,0,0,0,0,0,0,0,41
906,2896,4.88889,264,100,21,0,0,0,0,0,0,0,33
907,3038,4.65455,256,100,23,0,0,0,0,0,0,0,32
908,3134,4.77193,272,100,23,0,0,0,0,0,0,0,34
909,3084,5.24138,304,100,20,0,0,0,0,0,0,0,38
910,3470,5,280,100,21,0,0,0,0,0,0,0,35
911,3708,5.38182,296,100,18,0,0,0,0,0,0,0,37
912,3220,5.67273,312,100,16,0,0,0,0,0,0,0,39
913,2700,5.71429,280,100,14,0,0,0,0,0,0,0,35
914,3060,5.69231,296,100,15,0,0,0,0,0,0,0,37
915,3162,4.72131,288,100,25,0,0,0,0,0,0,0,36
916,3422,4.94545,272,100,21,0,0,0,0,0,0,0,34
917,3438,4.59259,248,100,23,0,0,0,0,0,0,0,31
918,3268,5.10345,296,100,21,0,0,0,0,0,0,0,37
919,2816,4.64,232,100,21,0,0,0,0,0,0,0,29
920,3008,5.03704,272,100,20,0,0,0,0,0,0,0,34
921,3238,4.57895,261,100,24,0,0,0,0,1,0,0,32
922,3698,5.08929,285,100,20,0,0,0,0,1,0,0,35
923,3308,4.30769,224,100,24,0,0,0,0,0,0,0,28
924,3250,4.67925,248,100,22,0,0,0,0,0,0,0,31
925,2486,4.23529,216,100,24,0,0,0,0,0,0,0,27
926,2878,3.92453,208,100,27,0,0,0,0,0,0,0,26
927,3290,4.125,264,100,31,0,0,0,0,0,0,0,33
928,3124,4.74576,280,100,24,0,0,0,0,0,0,0,35
929,3136,3.93443,240,100,31,0,0,0,0,0,0,0,30
930,3402,4.61017,272,100,25,0,0,0,0,0,0,0,34
931,3470,5.38182,296,100,18,0,0,0,0,0,0,0,37
932,3722,5.03704,272,100,20,0,0,0,0,0,0,0,34
933,3684,5.58491,296,100,16,0,0,0,0,0,0,0,37
934,2900,5.42857,304,100,18,0,0,0,0,0,0,0,38
935,2784,4.59259,248,100,23,0,0,0,0,0,0,0,31
936,3096,5.43396,288,100,17,0,0,0,0,0,0,0,36
937,3182,5.96078,304,100,13,0,0,0,0,0,0,0,38
938,3368,5.96364,328,100,14,0,0,0,0,0,0,0,41
939,3068,5.85714,328,100,15,0,0,0,0,0,0,0,41
940,2940,6.33333,304,100,10,0,0,0,0,0,0,0,38
941,2736,5.95745,280,100,12,0,0,0,0,0,0,0,35
942,2636,5.87755,288,100,13,0,0,0,0,0,0,0,36
943,3230,6.07407,328,100,13,0,0,0,0,0,0,0,41
944,3182,5.64706,288,100,15,0,0,0,0,0,0,0,36
945,3402,5.06122,248,100,18,0,0,0,0,0,0,0,31
946,3714,4.92308,256,100,20,0,0,0,0,0,0,0,32
947,3684,5.28302,280,100,18,0,0,0,0,0,0,0,35
948,3634,4.74074,256,100,22,0,0,0,0,0,0,0,32
949,3126,4.50909,248,100,24,0,0,0,0,0,0,0,31
950,3368,4.57143,256,100,24,0,0,0,0,0,0,0,32
951,3092,4.39216,224,100,23,0,0,0,0,0,0,0,28
952,3502,4.61538,240,100,22,0,0,0,0,0,0,0,30
953,3170,4.8,240,100,20,0,0,0,0,0,0,0,30
954,3284,4.49123,256,100,25,0,0,0,0,0,0,0,32
955,3540,4.96552,288,100,22,0,0,0,0,0,0,0,36
956,3540,5.33333,288,100,18,0,0,0,0,0,0,0,36
957,3570,5.76,288,100,14,0,0,0,0,0,0,0,36
958,3070,5.71429,280,100,14,0,0,0,0,0,0,0,35
959,2766,5.14286,288,100,20,0,0,0,0,0,0,0,36
960,3206,5.62963,304,100,16,0,0,0,0,0,0,0,38
961,3386,5.52727,304,100,17,0,0,0,0,0,0,0,38
962,3118,6.06897,352,100,14,0,0,0,0,0,0,0,44
963,2586,5.75439,328,100,16,0,0,0,0,0,0,0,41
964,2960,6.15385,320,100,12,0,0,0,0,0,0,0,40
965,3000,5.43396,288,100,17,0,0,0,0,0,0,0,36
966,2618,5.44,272,100,16,0,0,0,0,0,0,0,34
967,3126,5.33333,272,100,17,0,0,0,0,0,0,0,34
968,3278,5.67273,312,100,16,0,0,0,0,0,0,0,39
969,3274,5.33333,288,100,18,0,0,0,0,0,0,0,36
970,3888,5.43396,288,100,17,0,0,0,0,0,0,0,36
971,3250,5.52381,232,100,13,0,0,0,0,0,0,0,29
972,3574,5.91304,272,100,12,0,0,0,0,0,0,0,34
973,3642,5.91667,284,100,12,0,0,0,1,0,0,0,35
974,3384,5.76,288,100,14,0,0,0,0,0,0,0,36
975,3604,5.43396,288,100,17,0,0,0,0,0,0,0,36
976,3982,5.80392,296,100,14,0,0,0,0,0,0,0,37
977,4048,6.27451,320,100,11,0,0,0,0,0,0,0,40
978,3958,6.15385,320,100,12,0,0,0,0,0,0,0,40
979,3816,5.23077,272,100,18,0,0,0,0,0,0,0,34
980,3362,5.55102,272,100,15,0,0,0,0,0,0,0,34
981,3394,5.01961,256,100,19,0,0,0,0,0,0,0,32
982,3824,4.85714,272,100,22,0,0,0,0,0,0,0,34
983,3980,6.11765,312,100,12,0,0,0,0,0,0,0,39
984,4068,5.92,296,100,13,0,0,0,0,0,0,0,37
985,4490,6.08,304,100,12,0,0,0,0,0,0,0,38
986,5452,6.96296,376,100,7,0,0,0,0,0,0,0,47
987,4638,6,312,100,13,0,0,0,0,0,0,0,39
988,4546,5.84615,304,100,14,0,0,0,0,0,0,0,38
989,4642,6.88,344,100,7,0,0,0,0,0,0,0,43
990,4412,7.16667,344,100,5,0,0,0,0,0,0,0,43
991,4566,6.49057,344,100,10,0,0,0,0,0,0,0,43
992,4590,6.64151,352,100,9,0,0,0,0,0,0,0,44
993,3906,6.4,320,100,10,0,0,0,0,0,0,0,40
994,3778,6.03774,320,100,13,0,0,0,0,0,0,0,40
995,3556,5.9661,352,100,15,0,0,0,0,0,0,0,44
996,2604,5.6,280,100,15,0,0,0,0,0,0,0,35
997,3146,5.05263,288,100,21,0,0,0,0,0,0,0,36
998,3338,5.03704,272,100,20,0,0,0,0,0,0,0,34
999,2698,5,280,100,21,0,0,0,0,0,0,0,35
