update,points,mean_tasks,total_tasks,total_orgs,task_0,task_1,task_2,task_3,task_4,task_5,task_6,task_7,task_8
0,0,nan,0,9,0,0,0,0,0,0,0,0,0
1,2,0,0,9,1,0,0,0,0,0,0,0,0
2,6,0,0,9,3,0,0,0,0,0,0,0,0
3,10,0,0,9,5,0,0,0,0,0,0,0,0
4,12,0,0,9,6,0,0,0,0,0,0,0,0
5,16,0,0,9,6,0,0,0,0,0,0,0,0
6,18,0,0,9,6,0,0,0,0,0,0,0,0
7,20,0,0,9,6,0,0,0,0,0,0,0,0
8,18,1.33333,8,9,5,0,0,0,0,0,0,0,1
9,20,1.33333,8,9,5,0,0,0,0,0,0,0,1
10,22,1.33333,8,9,5,0,0,0,0,0,0,0,1
11,22,1.33333,8,9,5,0,0,0,0,0,0,0,1
12,26,0,0,9,6,0,0,0,0,0,0,0,0
13,28,0,0,9,6,0,0,0,0,0,0,0,0
14,30,0,0,9,6,0,0,0,0,0,0,0,0
15,30,0,0,9,6,0,0,0,0,0,0,0,0
16,32,0,0,9,6,0,0,0,0,0,0,0,0
17,12,0,0,9,5,0,0,0,0,0,0,0,0
18,12,0,0,9,5,0,0,0,0,0,0,0,0
19,26,1.33333,8,10,5,0,0,0,0,0,0,0,1
20,30,0,0,10,6,0,0,0,0,0,0,0,0
21,34,0,0,10,7,0,0,0,0,0,0,0,0
22,48,1,8,11,7,0,0,0,0,0,0,0,1
23,52,1,8,11,7,0,0,0,0,0,0,0,1
24,56,1,8,11,7,0,0,0,0,0,0,0,1
25,56,1,8,11,7,0,0,0,0,0,0,0,1
26,40,1,8,12,7,0,0,0,0,0,0,0,1
27,44,1,8,12,7,0,0,0,0,0,0,0,1
28,54,2,16,12,6,0,0,0,0,0,0,0,2
29,54,2,16,12,6,0,0,0,0,0,0,0,2
30,68,2.66667,24,13,6,0,0,0,0,0,0,0,3
31,50,2.66667,24,14,6,0,0,0,0,0,0,0,3
32,52,2.4,24,14,7,0,0,0,0,0,0,0,3
33,62,3.2,32,14,6,0,0,0,0,0,0,0,4
34,34,2.4,24,14,7,0,0,0,0,0,0,0,3
35,32,3.2,32,14,6,0,0,0,0,0,0,0,4
36,48,3.63636,40,15,6,0,0,0,0,0,0,0,5
37,50,3.2,32,15,6,0,0,0,0,0,0,0,4
38,64,3.63636,40,15,6,0,0,0,0,0,0,0,5
39,64,3.63636,40,15,6,0,0,0,0,0,0,0,5
40,62,3.63636,40,15,6,0,0,0,0,0,0,0,5
41,68,3.33333,40,15,7,0,0,0,0,0,0,0,5
42,80,3.63636,40,15,6,0,0,0,0,0,0,0,5
43,88,2.66667,32,15,8,0,0,0,0,0,0,0,4
44,88,3.63636,40,15,6,0,0,0,0,0,0,0,5
45,94,3.33333,40,15,7,0,0,0,0,0,0,0,5
46,106,4,48,16,6,0,0,0,0,0,0,0,6
47,92,3.69231,48,17,7,0,0,0,0,0,0,0,6
48,112,3.42857,48,18,8,0,0,0,0,0,0,0,6
49,84,3.07692,40,18,8,0,0,0,0,0,0,0,5
50,108,2.66667,40,19,10,0,0,0,0,0,0,0,5
51,120,2.66667,40,19,10,0,0,0,0,0,0,0,5
52,118,2.5,40,20,11,0,0,0,0,0,0,0,5
53,132,2,32,20,12,0,0,0,0,0,0,0,4
54,116,2.66667,40,21,10,0,0,0,0,0,0,0,5
55,134,2.66667,48,21,12,0,0,0,0,0,0,0,6
56,170,3.76471,64,23,9,0,0,0,0,0,0,0,8
57,200,2.4,48,23,14,0,0,0,0,0,0,0,6
58,164,2.35294,40,25,12,0,0,0,0,0,0,0,5
59,190,1.90476,40,25,16,0,0,0,0,0,0,0,5
60,206,3.6,72,28,11,0,0,0,0,0,0,0,9
61,264,2.56,64,30,17,0,0,0,0,0,0,0,8
62,198,2.43478,56,34,16,0,0,0,0,0,0,0,7
63,270,1.54839,48,36,25,0,0,0,0,0,0,0,6
64,362,3.31034,96,41,17,0,0,0,0,0,0,0,12
65,364,2.42424,80,42,23,0,0,0,0,0,0,0,10
66,334,3.15152,104,47,20,0,0,0,0,0,0,0,13
67,408,2.87179,112,48,25,0,0,0,0,0,0,0,14
68,470,3.61538,141,55,21,0,0,0,0,1,0,0,17
69,504,2.6087,120,55,31,0,0,0,0,0,0,0,15
70,494,2.97674,128,58,27,0,0,0,0,0,0,0,16
71,546,2.48936,117,59,32,0,0,0,0,1,0,0,14
72,598,2.61224,128,62,33,0,0,0,0,0,0,0,16
73,524,2.7234,128,62,31,0,0,0,0,0,0,0,16
74,546,2.55319,120,63,32,0,0,0,0,0,0,0,15
75,554,3.04,152,66,31,0,0,0,0,0,0,0,19
76,632,2.62069,152,70,39,0,0,0,0,0,0,0,19
77,702,3.22807,184,75,34,0,0,0,0,0,0,0,23
78,694,2.83871,176,78,40,0,0,0,0,0,0,0,22
79,774,3.25,208,84,38,0,0,0,0,0,0,0,26
80,824,3.15493,224,90,43,0,0,0,0,0,0,0,28
81,916,3.2,240,93,45,0,0,0,0,0,0,0,30
82,984,3.17949,248,94,47,0,0,0,0,0,0,0,31
83,1084,2.76923,216,95,51,0,0,0,0,0,0,0,27
84,1018,2.66667,208,98,52,0,0,0,0,0,0,0,26
85,1172,2.50602,208,99,57,0,0,0,0,0,0,0,26
86,1154,2.37037,192,99,57,0,0,0,0,0,0,0,24
87,1152,2.73684,208,99,50,0,0,0,0,0,0,0,26
88,1316,2.63291,208,99,53,0,0,0,0,0,0,0,26
89,1134,2.7,216,99,53,0,0,0,0,0,0,0,27
90,1060,2.32911,184,99,56,0,0,0,0,0,0,0,23
91,1148,2.22785,176,100,57,0,0,0,0,0,0,0,22
92,1316,2.17284,176,100,59,0,0,0,0,0,0,0,22
93,1378,1.97647,168,100,64,0,0,0,0,0,0,0,21
94,1196,2.07407,168,100,60,0,0,0,0,0,0,0,21
95,1118,2.17284,176,100,59,0,0,0,0,0,0,0,22
96,1122,2.22785,176,100,57,0,0,0,0,0,0,0,22
97,1340,2.5,200,100,55,0,0,0,0,0,0,0,25
98,1452,2.46914,200,100,56,0,0,0,0,0,0,0,25
99,1404,2.37037,192,100,57,0,0,0,0,0,0,0,24
100,1320,2.7,216,100,53,0,0,0,0,0,0,0,27
101,1658,2.66667,216,100,54,0,0,0,0,0,0,0,27
102,1606,3.01299,232,100,48,0,0,0,0,0,0,0,29
103,1574,2.73684,208,100,50,0,0,0,0,0,0,0,26
104,1438,2.53165,200,100,54,0,0,0,0,0,0,0,25
105,1424,2.14286,165,100,56,0,0,0,0,1,0,0,20
106,1600,2.24,168,100,54,0,0,0,0,0,0,0,21
107,1592,2.27027,168,100,53,0,0,0,0,0,0,0,21
108,1826,2.4,192,100,56,0,0,0,0,0,0,0,24
109,1650,2.63415,216,100,55,0,0,0,0,0,0,0,27
110,1866,3.05263,232,100,47,0,0,0,0,0,0,0,29
111,1846,2.42105,184,100,53,0,0,0,0,0,0,0,23
112,2148,2.33333,168,100,51,0,0,0,0,0,0,0,21
113,2468,2.92958,208,100,45,0,0,0,0,0,0,0,26
114,1606,3.34328,224,100,39,0,0,0,0,0,0,0,28
115,1410,3.13514,232,100,45,0,0,0,0,0,0,0,29
116,1450,3.58209,240,100,37,0,0,0,0,0,0,0,30
117,1296,2.85714,200,100,45,0,0,0,0,0,0,0,25
118,1414,3.38028,240,100,41,0,0,0,0,0,0,0,30
119,1778,3.72603,272,100,39,0,0,0,0,0,0,0,34
120,1660,3.22222,232,100,43,0,0,0,0,0,0,0,29
121,1100,3.2027,237,100,44,0,0,0,0,1,0,0,29
122,1128,3.56757,264,100,41,0,0,0,0,0,0,0,33
123,1038,3.32468,256,100,45,0,0,0,0,0,0,0,32
124,1162,2.9589,216,100,46,0,0,0,0,0,0,0,27
125,1004,2.81081,208,100,48,0,0,0,0,0,0,0,26
126,1118,3.24324,240,100,44,0,0,0,0,0,0,0,30
127,980,3.22388,216,100,40,0,0,0,0,0,0,0,27
128,1086,3.75758,248,100,35,0,0,0,0,0,0,0,31
129,1158,3.875,248,100,33,0,0,0,0,0,0,0,31
130,1348,3.22222,232,100,43,0,0,0,0,0,0,0,29
131,1168,3.54286,248,100,39,0,0,0,0,0,0,0,31
132,1388,4,272,100,34,0,0,0,0,0,0,0,34
133,1448,3.69231,240,100,35,0,0,0,0,0,0,0,30
134,1462,3.69231,240,100,35,0,0,0,0,0,0,0,30
135,1374,3.93443,240,100,31,0,0,0,0,0,0,0,30
136,1172,3.92982,224,100,29,0,0,0,0,0,0,0,28
137,842,3.74194,232,100,33,0,0,0,0,0,0,0,29
138,960,3.17647,216,100,41,0,0,0,0,0,0,0,27
139,1092,3.01449,208,100,43,0,0,0,0,0,0,0,26
140,992,2.25352,160,100,51,0,0,0,0,0,0,0,20
141,1012,2.30137,168,100,52,0,0,0,0,0,0,0,21
142,1014,2.98507,200,100,42,0,0,0,0,0,0,0,25
143,1124,3.22388,216,100,40,0,0,0,0,0,0,0,27
144,958,3.25,208,100,38,0,0,0,0,0,0,0,26
145,950,3,216,100,45,0,0,0,0,0,0,0,27
146,960,3.24638,224,100,41,0,0,0,0,0,0,0,28
147,1042,3.38028,240,100,41,0,0,0,0,0,0,0,30
148,1062,3.50685,256,100,41,0,0,0,0,0,0,0,32
149,1062,3.05263,232,100,47,0,0,0,0,0,0,0,29
150,1076,3.22222,232,100,43,0,0,0,0,0,0,0,29
151,904,3.88571,272,100,36,0,0,0,0,0,0,0,34
152,1108,3.15789,240,100,46,0,0,0,0,0,0,0,30
153,1114,3.22222,232,100,43,0,0,0,0,0,0,0,29
154,1178,3.70149,248,100,36,0,0,0,0,0,0,0,31
155,1060,3.46269,232,100,38,0,0,0,0,0,0,0,29
156,890,3.93443,240,100,31,0,0,0,0,0,0,0,30
157,944,4.06349,256,100,31,0,0,0,0,0,0,0,32
158,1238,3.78378,280,100,39,0,0,0,0,0,0,0,35
159,1016,3.36232,232,100,40,0,0,0,0,0,0,0,29
160,1124,3.51515,232,100,37,0,0,0,0,0,0,0,29
161,1028,3.17647,216,100,41,0,0,0,0,0,0,0,27
162,1272,3.61644,264,100,40,0,0,0,0,0,0,0,33
163,1232,3,216,100,45,0,0,0,0,0,0,0,27
164,1272,2.73973,200,100,48,0,0,0,0,0,0,0,25
165,1222,3.34328,224,100,39,0,0,0,0,0,0,0,28
166,1220,3.38028,240,100,41,0,0,0,0,0,0,0,30
167,1404,3.17808,232,100,44,0,0,0,0,0,0,0,29
168,1278,2.66667,192,100,48,0,0,0,0,0,0,0,24
169,1200,3.13043,216,100,42,0,0,0,0,0,0,0,27
170,1292,3.49296,248,100,40,0,0,0,0,0,0,0,31
171,1182,4.35294,296,100,31,0,0,0,0,0,0,0,37
172,1198,3.64706,248,100,37,0,0,0,0,0,0,0,31
173,1246,4.18462,272,100,31,0,0,0,0,0,0,0,34
174,1068,3.75758,248,100,35,0,0,0,0,0,0,0,31
175,1132,4.25,272,100,30,0,0,0,0,0,0,0,34
176,1176,4.65672,312,100,28,0,0,0,0,0,0,0,39
177,1120,4.11765,280,100,33,0,0,0,0,0,0,0,35
178,930,3.39394,224,100,38,0,0,0,0,0,0,0,28
179,1010,3.52941,240,100,38,0,0,0,0,0,0,0,30
180,1056,3.41176,232,100,39,0,0,0,0,0,0,0,29
181,1082,3.08571,216,100,43,0,0,0,0,0,0,0,27
182,1096,3.36232,232,100,40,0,0,0,0,0,0,0,29
183,1156,3.54286,248,100,39,0,0,0,0,0,0,0,31
184,1094,4,272,100,34,0,0,0,0,0,0,0,34
185,1006,4,264,100,33,0,0,0,0,0,0,0,33
186,1060,4.11111,296,100,35,0,0,0,0,0,0,0,37
187,1064,4,280,100,35,0,0,0,0,0,0,0,35
188,1174,3.77143,264,100,37,0,0,0,0,0,0,0,33
189,1192,3.38028,240,100,41,0,0,0,0,0,0,0,30
190,1188,4,296,100,37,0,0,0,0,0,0,0,37
191,1230,4.68571,328,100,29,0,0,0,0,0,0,0,41
192,1176,4.63768,320,100,29,0,0,0,0,0,0,0,40
193,1186,4.91429,344,100,27,0,0,0,0,0,0,0,43
194,1070,4.41791,296,100,30,0,0,0,0,0,0,0,37
195,1134,4.86957,336,100,27,0,0,0,0,0,0,0,42
196,1294,5.33333,368,100,23,0,0,0,0,0,0,0,46
197,1352,5.45455,360,100,21,0,0,0,0,0,0,0,45
198,1132,5.13433,344,100,24,0,0,0,0,0,0,0,43
199,1162,5.29231,344,100,22,0,0,0,0,0,0,0,43
200,1164,5.37705,328,100,20,0,0,0,0,0,0,0,41
201,1194,4.375,280,100,29,0,0,0,0,0,0,0,35
202,1236,4.5,288,100,28,0,0,0,0,0,0,0,36
203,1058,5.2459,320,100,21,0,0,0,0,0,0,0,40
204,1166,4.55556,328,100,31,0,0,0,0,0,0,0,41
205,1172,4.22222,304,100,34,0,0,0,0,0,0,0,38
206,1154,3.34177,264,100,46,0,0,0,0,0,0,0,33
207,1178,3.2,240,100,45,0,0,0,0,0,0,0,30
208,1220,3.47368,264,100,43,0,0,0,0,0,0,0,33
209,1262,3.28205,256,100,46,0,0,0,0,0,0,0,32
210,1222,3.2,240,100,45,0,0,0,0,0,0,0,30
211,1190,3.09333,232,100,46,0,0,0,0,0,0,0,29
212,1132,4.4058,304,100,31,0,0,0,0,0,0,0,38
213,1192,3.72603,272,100,39,0,0,0,0,0,0,0,34
214,1270,4.06154,264,100,32,0,0,0,0,0,0,0,33
215,1328,4.24242,280,100,31,0,0,0,0,0,0,0,35
216,1104,4.375,280,100,29,0,0,0,0,0,0,0,35
217,1042,4.33333,312,100,33,0,0,0,0,0,0,0,39
218,1014,3.47368,264,100,43,0,0,0,0,0,0,0,33
219,1048,3.89189,288,100,38,0,0,0,0,0,0,0,36
220,982,3.94521,288,100,37,0,0,0,0,0,0,0,36
221,1026,3.09333,232,100,46,0,0,0,0,0,0,0,29
222,1088,3.35135,248,100,43,0,0,0,0,0,0,0,31
223,1230,3.63636,280,100,42,0,0,0,0,0,0,0,35
224,1092,3.94203,272,100,35,0,0,0,0,0,0,0,34
225,1190,4.36364,288,100,30,0,0,0,0,0,0,0,36
226,1064,4.8254,304,100,25,0,0,0,0,0,0,0,38
227,950,4.55385,296,100,28,0,0,0,0,0,0,0,37
228,994,4.55385,296,100,28,0,0,0,0,0,0,0,37
229,1014,4.18462,272,100,31,0,0,0,0,0,0,0,34
230,904,4.44444,280,100,28,0,0,0,0,0,0,0,35
231,888,4.65672,312,100,28,0,0,0,0,0,0,0,39
232,1080,4.34286,304,100,32,0,0,0,0,0,0,0,38
233,1122,3.88889,280,100,37,0,0,0,0,0,0,0,35
234,1176,3.88571,272,100,36,0,0,0,0,0,0,0,34
235,988,4,272,100,34,0,0,0,0,0,0,0,34
236,1018,4.22222,304,100,34,0,0,0,0,0,0,0,38
237,1158,4.55556,328,100,31,0,0,0,0,0,0,0,41
238,988,4.8,312,100,26,0,0,0,0,0,0,0,39
239,1034,5.10145,352,100,25,0,0,0,0,0,0,0,44
240,1140,5.40845,384,100,23,0,0,0,0,0,0,0,48
241,1202,5.1831,368,100,25,0,0,0,0,0,0,0,46
242,994,4.4058,304,100,31,0,0,0,0,0,0,0,38
243,1072,4.8,336,100,28,0,0,0,0,0,0,0,42
244,1026,4.84507,344,100,28,0,0,0,0,0,0,0,43
245,1036,4.72727,312,100,27,0,0,0,0,0,0,0,39
246,826,4.66667,280,100,25,0,0,0,0,0,0,0,35
247,908,4.43077,288,100,29,0,0,0,0,0,0,0,36
248,1010,4.84848,320,100,26,0,0,0,0,0,0,0,40
249,1102,5.07937,320,100,23,0,0,0,0,0,0,0,40
250,946,4.1791,280,100,32,0,0,0,0,0,0,0,35
251,1064,4.75362,328,100,28,0,0,0,0,0,0,0,41
252,964,4.51613,280,100,27,0,0,0,0,0,0,0,35
253,882,4.625,296,100,27,0,0,0,0,0,0,0,37
254,1040,5.01493,336,100,25,0,0,0,0,0,0,0,42
255,1106,4.28169,304,100,33,0,0,0,0,0,0,0,38
256,1036,4.12121,272,100,32,0,0,0,0,0,0,0,34
257,1030,4.98361,304,100,23,0,0,0,0,0,0,0,38
258,958,4.5,288,100,28,0,0,0,0,0,0,0,36
259,880,4.5,288,100,28,0,0,0,0,0,0,0,36
260,922,4.5,288,100,28,0,0,0,0,0,0,0,36
261,976,4.06154,264,100,32,0,0,0,0,0,0,0,33
262,842,3.75,240,100,34,0,0,0,0,0,0,0,30
263,874,3.29412,224,100,40,0,0,0,0,0,0,0,28
264,840,3.08571,216,100,43,0,0,0,0,0,0,0,27
265,1034,3.42857,240,100,40,0,0,0,0,0,0,0,30
266,966,3.38028,240,100,41,0,0,0,0,0,0,0,30
267,1024,3.04225,216,100,44,0,0,0,0,0,0,0,27
268,828,2.31884,160,100,49,0,0,0,0,0,0,0,20
269,910,3.04225,216,100,44,0,0,0,0,0,0,0,27
270,1018,2.4,168,100,49,0,0,0,0,0,0,0,21
271,1084,2.59155,184,100,48,0,0,0,0,0,0,0,23
272,1046,3.0137,220,100,45,0,0,0,1,0,0,0,27
273,1016,3.26761,232,100,42,0,0,0,0,0,0,0,29
274,1062,3.22222,232,100,43,0,0,0,0,0,0,0,29
275,1054,3.88571,272,100,36,0,0,0,0,0,0,0,34
276,932,2.97143,208,100,44,0,0,0,0,0,0,0,26
277,900,3.30159,208,100,37,0,0,0,0,0,0,0,26
278,942,3.76471,256,100,36,0,0,0,0,0,0,0,32
279,1052,3.69231,240,100,35,0,0,0,0,0,0,0,30
280,1146,3.5942,248,100,38,0,0,0,0,0,0,0,31
281,1012,3.22581,200,100,37,0,0,0,0,0,0,0,25
282,982,3.54286,248,100,39,0,0,0,0,0,0,0,31
283,1076,3.11111,224,100,44,0,0,0,0,0,0,0,28
284,1112,2.55556,184,100,49,0,0,0,0,0,0,0,23
285,1030,2.86567,192,100,43,0,0,0,0,0,0,0,24
286,1082,2.94118,200,100,43,0,0,0,0,0,0,0,25
287,1082,3.82609,264,100,36,0,0,0,0,0,0,0,33
288,984,3.93846,256,100,33,0,0,0,0,0,0,0,32
289,934,3.63636,240,100,36,0,0,0,0,0,0,0,30
290,928,3.71014,256,100,37,0,0,0,0,0,0,0,32
291,886,4.06349,256,100,31,0,0,0,0,0,0,0,32
292,1048,4.11429,288,100,34,0,0,0,0,0,0,0,36
293,926,3.83099,272,100,37,0,0,0,0,0,0,0,34
294,1132,4.05797,280,100,34,0,0,0,0,0,0,0,35
295,910,3.87879,256,100,34,0,0,0,0,0,0,0,32
296,980,3.875,248,100,33,0,0,0,0,0,0,0,31
297,1110,3.87879,256,100,34,0,0,0,0,0,0,0,32
298,1092,4,264,100,33,0,0,0,0,0,0,0,33
299,882,4,256,100,32,0,0,0,0,0,0,0,32
300,946,5.16923,336,100,23,0,0,0,0,0,0,0,42
301,896,4.57143,320,100,30,0,0,0,0,0,0,0,40
302,1048,5.01493,336,100,25,0,0,0,0,0,0,0,42
303,1036,5.08571,356,100,25,0,0,0,1,0,0,0,44
304,1050,4.75,304,100,26,0,0,0,0,0,0,0,38
305,1092,4.43077,288,100,29,0,0,0,0,0,0,0,36
306,948,4.5,288,100,28,0,0,0,0,0,0,0,36
307,890,3.76471,256,100,36,0,0,0,0,0,0,0,32
308,782,3.64706,248,100,37,0,0,0,0,0,0,0,31
309,908,3.55556,256,100,40,0,0,0,0,0,0,0,32
310,922,4.18462,272,100,31,0,0,0,0,0,0,0,34
311,902,4.55385,296,100,28,0,0,0,0,0,0,0,37
312,1132,4.86957,336,100,27,0,0,0,0,0,0,0,42
313,1104,4.5,288,100,28,0,0,0,0,0,0,0,36
314,968,4.36364,288,100,30,0,0,0,0,0,0,0,36
315,922,4.18462,272,100,31,0,0,0,0,0,0,0,34
316,966,4.375,280,100,29,0,0,0,0,0,0,0,35
317,864,4.25,272,100,30,0,0,0,0,0,0,0,34
318,928,4.55385,296,100,28,0,0,0,0,0,0,0,37
319,876,4,264,100,33,0,0,0,0,0,0,0,33
320,846,4,256,100,32,0,0,0,0,0,0,0,32
321,1034,4.11765,280,100,33,0,0,0,0,0,0,0,35
322,1070,3.87097,240,100,32,0,0,0,0,0,0,0,30
323,1162,3.875,248,100,33,0,0,0,0,0,0,0,31
324,1236,4.06154,264,100,32,0,0,0,0,0,0,0,33
325,1220,3.47826,240,100,39,0,0,0,0,0,0,0,30
326,1308,4.0597,272,100,33,0,0,0,0,0,0,0,34
327,1484,3.60563,256,100,39,0,0,0,0,0,0,0,32
328,1244,3.63636,240,100,36,0,0,0,0,0,0,0,30
329,1220,3.88235,264,100,35,0,0,0,0,0,0,0,33
330,1322,4.8,312,100,26,0,0,0,0,0,0,0,39
331,1156,4.60606,304,100,28,0,0,0,0,0,0,0,38
332,1160,4.875,312,100,25,0,0,0,0,0,0,0,39
333,1250,4.81159,332,100,27,0,0,0,1,0,0,0,41
334,1184,4.95238,312,100,24,0,0,0,0,0,0,0,39
335,1318,4.55385,296,100,28,0,0,0,0,0,0,0,37
336,1290,4.5,288,100,28,0,0,0,0,0,0,0,36
337,1258,4.9697,328,100,25,0,0,0,0,0,0,0,41
338,1270,5.03226,312,100,23,0,0,0,0,0,0,0,39
339,1364,4.9697,328,100,25,0,0,0,0,0,0,0,41
340,1218,4.84848,320,100,26,0,0,0,0,0,0,0,40
341,986,4.5,288,100,28,0,0,0,0,0,0,0,36
342,1180,4.75362,328,100,28,0,0,0,0,0,0,0,41
343,1232,4.39437,312,100,32,0,0,0,0,0,0,0,39
344,1338,4.84848,320,100,26,0,0,0,0,0,0,0,40
345,1290,5.21212,344,100,23,0,0,0,0,0,0,0,43
346,1124,4.82353,328,100,27,0,0,0,0,0,0,0,41
347,1072,4.66667,308,100,27,0,0,0,1,0,0,0,38
348,1012,5.09091,336,100,24,0,0,0,0,0,0,0,42
349,1048,4.55385,296,100,28,0,0,0,0,0,0,0,37
350,1038,4.44444,320,100,32,0,0,0,0,0,0,0,40
351,922,3.67568,272,100,40,0,0,0,0,0,0,0,34
352,928,4.05333,304,100,37,0,0,0,0,0,0,0,38
353,986,4.05479,296,100,36,0,0,0,0,0,0,0,37
354,1066,4.28169,304,100,33,0,0,0,0,0,0,0,38
355,1274,4.11111,296,100,35,0,0,0,0,0,0,0,37
356,1230,4.22222,304,100,34,0,0,0,0,0,0,0,38
357,1214,4.47059,304,100,30,0,0,0,0,0,0,0,38
358,1346,3.71831,264,100,38,0,0,0,0,0,0,0,33
359,1268,4,280,100,35,0,0,0,0,0,0,0,35
360,1310,4.47059,304,100,30,0,0,0,0,0,0,0,38
361,1496,4.22857,296,100,33,0,0,0,0,0,0,0,37
362,1694,3.66667,264,100,39,0,0,0,0,0,0,0,33
363,1620,3.47368,264,100,43,0,0,0,0,0,0,0,33
364,1572,4.12121,272,100,32,0,0,0,0,0,0,0,34
365,1608,4.48485,296,100,29,0,0,0,0,0,0,0,37
366,1466,5.25,336,100,22,0,0,0,0,0,0,0,42
367,1130,4.31746,272,100,29,0,0,0,0,0,0,0,34
368,1142,4.55385,296,100,28,0,0,0,0,0,0,0,37
369,1606,4.8,336,100,28,0,0,0,0,0,0,0,42
370,1858,5.45455,360,100,21,0,0,0,0,0,0,0,45
371,1902,5.09091,336,100,24,0,0,0,0,0,0,0,42
372,1754,5.29231,344,100,22,0,0,0,0,0,0,0,43
373,1972,5.46032,344,100,20,0,0,0,0,0,0,0,43
374,1816,5.46667,328,100,19,0,0,0,0,0,0,0,41
375,1760,5.46667,328,100,19,0,0,0,0,0,0,0,41
376,1634,6.12281,349,100,13,0,0,0,0,1,0,0,43
377,1468,5.41667,325,100,19,0,0,0,0,1,0,0,40
378,1414,4.87692,317,100,25,0,0,0,0,1,0,0,39
379,1248,4,280,100,35,0,0,0,0,0,0,0,35
380,1242,3.73333,280,100,40,0,0,0,0,0,0,0,35
381,1434,3.36842,256,100,44,0,0,0,0,0,0,0,32
382,1676,4,272,100,34,0,0,0,0,0,0,0,34
383,1660,3.94203,272,100,35,0,0,0,0,0,0,0,34
384,1324,4.0597,272,100,33,0,0,0,0,0,0,0,34
385,1502,4.43077,288,100,29,0,0,0,0,0,0,0,36
386,1650,4.5,288,100,28,0,0,0,0,0,0,0,36
387,1870,5.03226,312,100,23,0,0,0,0,0,0,0,39
388,2040,5.55932,328,100,18,0,0,0,0,0,0,0,41
389,1594,5.46667,328,100,19,0,0,0,0,0,0,0,41
390,1624,5.42373,320,100,19,0,0,0,0,0,0,0,40
391,1550,6.06897,352,100,14,0,0,0,0,0,0,0,44
392,1132,5.09091,336,100,24,0,0,0,0,0,0,0,42
393,1146,4.51613,280,100,27,0,0,0,0,0,0,0,35
394,1474,5.46032,344,100,20,0,0,0,0,0,0,0,43
395,1522,5.04615,328,100,24,0,0,0,0,0,0,0,41
396,1834,5.09091,336,100,24,0,0,0,0,0,0,0,42
397,1672,5.33333,304,100,19,0,0,0,0,0,0,0,38
398,1618,5.2,312,100,21,0,0,0,0,0,0,0,39
399,1108,4.35088,248,100,26,0,0,0,0,0,0,0,31
400,1260,4.43077,288,100,29,0,0,0,0,0,0,0,36
401,1408,4.78788,316,100,26,0,0,0,1,0,0,0,39
402,1298,4.89552,328,100,26,0,0,0,0,0,0,0,41
403,1526,5.20635,328,100,22,0,0,0,0,0,0,0,41
404,1180,4.67692,304,100,27,0,0,0,0,0,0,0,38
405,1472,5.09091,336,100,24,0,0,0,0,0,0,0,42
406,1532,5.25,336,100,22,0,0,0,0,0,0,0,42
407,1500,5.03226,312,100,23,0,0,0,0,0,0,0,39
408,1702,5.5082,336,100,19,0,0,0,0,0,0,0,42
409,1984,5.2459,320,100,21,0,0,0,0,0,0,0,40
410,1666,5.06667,304,100,22,0,0,0,0,0,0,0,38
411,1836,5.46667,328,100,19,0,0,0,0,0,0,0,41
412,1722,5.83051,344,100,16,0,0,0,0,0,0,0,43
413,1804,5.84127,368,100,17,0,0,0,0,0,0,0,46
414,1788,5.83051,344,100,16,0,0,0,0,0,0,0,43
415,1444,5.92063,373,100,16,0,0,0,0,1,0,0,46
416,1630,5.29032,328,100,21,0,0,0,0,0,0,0,41
417,1878,5.375,344,100,21,0,0,0,0,0,0,0,43
418,1694,4.8,312,100,26,0,0,0,0,0,0,0,39
419,1386,4.98361,304,100,23,0,0,0,0,0,0,0,38
420,1486,5.11475,312,100,22,0,0,0,0,0,0,0,39
421,1514,4.92308,320,100,25,0,0,0,0,0,0,0,40
422,1278,4.77419,296,100,25,0,0,0,0,0,0,0,37
423,1188,4.70588,320,100,28,0,0,0,0,0,0,0,40
424,1516,4.92308,320,100,25,0,0,0,0,0,0,0,40
425,1700,5.25373,352,100,23,0,0,0,0,0,0,0,44
426,1600,5.37313,360,100,22,0,0,0,0,0,0,0,45
427,1742,4.47059,304,100,30,0,0,0,0,0,0,0,38
428,1618,4.30769,280,100,30,0,0,0,0,0,0,0,35
429,1542,3.80952,240,100,33,0,0,0,0,0,0,0,30
430,1306,4.4058,304,100,31,0,0,0,0,0,0,0,38
431,1238,4.5,288,100,28,0,0,0,0,0,0,0,36
432,1356,4.25,272,100,30,0,0,0,0,0,0,0,34
433,1364,4.75,304,100,26,0,0,0,0,0,0,0,38
434,1168,4.36364,288,100,30,0,0,0,0,0,0,0,36
435,1264,4.48485,296,100,29,0,0,0,0,0,0,0,37
436,1238,3.8209,256,100,35,0,0,0,0,0,0,0,32
437,1098,3.69231,240,100,35,0,0,0,0,0,0,0,30
438,1092,3.13043,216,100,42,0,0,0,0,0,0,0,27
439,1236,3.34328,224,100,39,0,0,0,0,0,0,0,28
440,1378,3.51515,232,100,37,0,0,0,0,0,0,0,29
441,1220,3.88235,264,100,35,0,0,0,0,0,0,0,33
442,1364,3.81538,248,100,34,0,0,0,0,0,0,0,31
443,1368,4,248,100,31,0,0,0,0,0,0,0,31
444,1566,4.19048,264,100,30,0,0,0,0,0,0,0,33
445,1508,3.73333,224,100,32,0,0,0,0,0,0,0,28
446,1444,4.96552,288,100,22,0,0,0,0,0,0,0,36
447,1122,4.59016,280,100,26,0,0,0,0,0,0,0,35
448,1408,4.85246,296,100,24,0,0,0,0,0,0,0,37
449,1832,5.2459,320,100,21,0,0,0,0,0,0,0,40
450,1690,5.23636,288,100,19,0,0,0,0,0,0,0,36
451,1286,5.77778,312,100,15,0,0,0,0,0,0,0,39
452,1056,5.07937,320,100,23,0,0,0,0,0,0,0,40
453,1350,4.64516,288,100,26,0,0,0,0,0,0,0,36
454,1194,4.36364,288,100,30,0,0,0,0,0,0,0,36
455,1378,3.83099,272,100,37,0,0,0,0,0,0,0,34
456,1304,3.05882,208,100,42,0,0,0,0,0,0,0,26
457,1420,3.75758,248,100,35,0,0,0,0,0,0,0,31
458,1614,4.34286,304,100,32,0,0,0,0,0,0,0,38
459,1478,4.35294,296,100,31,0,0,0,0,0,0,0,37
460,1536,4.05634,288,100,35,0,0,0,0,0,0,0,36
461,1522,3.75758,248,100,35,0,0,0,0,0,0,0,31
462,1082,3.81538,248,100,34,0,0,0,0,0,0,0,31
463,1300,4.12308,268,100,31,0,0,0,1,0,0,0,33
464,1556,3.69697,244,100,35,0,0,0,1,0,0,0,30
465,1756,3.82353,260,100,35,0,0,0,1,0,0,0,32
466,1808,4.24242,280,100,31,0,0,0,0,0,0,0,35
467,1628,3.68254,232,100,34,0,0,0,0,0,0,0,29
468,1408,3.89552,261,100,34,0,0,0,0,1,0,0,32
469,1552,4.20968,261,100,29,0,0,0,0,1,0,0,32
470,1524,3.51515,232,100,37,0,0,0,0,0,0,0,29
471,1512,3.17647,216,100,41,0,0,0,0,0,0,0,27
472,1368,3.70149,248,100,36,0,0,0,0,0,0,0,31
473,1652,3.88571,272,100,36,0,0,0,0,0,0,0,34
474,1284,3.87879,256,100,34,0,0,0,0,0,0,0,32
475,1316,4.47059,304,100,30,0,0,0,0,0,0,0,38
476,1112,5,320,100,24,0,0,0,0,0,0,0,40
477,1240,5.54839,344,100,19,0,0,0,0,0,0,0,43
478,1258,4.8254,304,100,25,0,0,0,0,0,0,0,38
479,1532,4.35294,296,100,31,0,0,0,0,0,0,0,37
480,1400,3.94203,272,100,35,0,0,0,0,0,0,0,34
481,1290,4.19672,256,100,29,0,0,0,0,0,0,0,32
482,1506,4.90323,304,100,24,0,0,0,0,0,0,0,38
483,1490,4.83051,285,100,23,0,0,0,0,1,0,0,35
484,1348,4.63077,301,100,27,0,0,0,0,1,0,0,37
485,1320,4.26154,277,100,30,0,0,0,0,1,0,0,34
486,1398,3.64615,237,100,35,0,0,0,0,1,0,0,29
487,1492,4.12903,256,100,30,0,0,0,0,0,0,0,32
488,1394,4,260,100,32,0,0,0,1,0,0,0,32
489,1598,4.60606,304,100,28,0,0,0,0,0,0,0,38
490,1748,3.34328,224,100,39,0,0,0,0,0,0,0,28
491,2052,3.875,248,100,33,0,0,0,0,0,0,0,31
492,1984,3.73333,224,100,32,0,0,0,0,0,0,0,28
493,1706,3.75,240,100,34,0,0,0,0,0,0,0,30
494,1944,4.75,304,100,26,0,0,0,0,0,0,0,38
495,1566,4.3871,272,100,28,0,0,0,0,0,0,0,34
496,1378,4.41791,296,100,30,0,0,0,0,0,0,0,37
497,1384,4.8,312,100,26,0,0,0,0,0,0,0,39
498,1634,5.25,336,100,22,0,0,0,0,0,0,0,42
499,1578,5.24138,304,100,20,0,0,0,0,0,0,0,38
500,1668,4.74576,280,100,24,0,0,0,0,0,0,0,35
501,1840,4.4,264,100,27,0,0,0,0,0,0,0,33
502,1938,4.57143,256,100,24,0,0,0,0,0,0,0,32
503,1228,5.35714,300,100,18,0,0,0,1,0,0,0,37
504,1396,5.5082,336,100,19,0,0,0,0,0,0,0,42
505,1524,5.03226,312,100,23,0,0,0,0,0,0,0,39
506,1662,4.67692,304,100,27,0,0,0,0,0,0,0,38
507,1620,4.34286,304,100,32,0,0,0,0,0,0,0,38
508,1738,4.12121,272,100,32,0,0,0,0,0,0,0,34
509,1706,4.17391,288,100,33,0,0,0,0,0,0,0,36
510,1618,4.1791,280,100,32,0,0,0,0,0,0,0,35
511,1790,4.30769,280,100,30,0,0,0,0,0,0,0,35
512,1474,4.13333,248,100,29,0,0,0,0,0,0,0,31
513,1534,5.29032,328,100,21,0,0,0,0,0,0,0,41
514,1644,4.85246,296,100,24,0,0,0,0,0,0,0,37
515,1796,4.51613,280,100,27,0,0,0,0,0,0,0,35
516,1406,4.93333,296,100,23,0,0,0,0,0,0,0,37
517,1422,4.59016,280,100,26,0,0,0,0,0,0,0,35
518,1382,4.94545,272,100,21,0,0,0,0,0,0,0,34
519,1842,5.2,312,100,21,0,0,0,0,0,0,0,39
520,1908,5.7931,336,100,16,0,0,0,0,0,0,0,42
521,1944,5.52727,304,100,17,0,0,0,0,0,0,0,38
522,2162,4.85714,272,100,22,0,0,0,0,0,0,0,34
523,2392,4.83871,300,100,24,0,0,0,1,0,0,0,37
524,2258,4.4,264,100,27,0,0,0,0,0,0,0,33
525,1892,5.15254,304,100,21,0,0,0,0,0,0,0,38
526,1150,5.20635,328,100,22,0,0,0,0,0,0,0,41
527,1342,4.85246,296,100,24,0,0,0,0,0,0,0,37
528,1356,4.85246,296,100,24,0,0,0,0,0,0,0,37
529,1646,4.67692,304,100,27,0,0,0,0,0,0,0,38
530,1596,4.45902,272,100,27,0,0,0,0,0,0,0,34
531,1646,4.53333,272,100,26,0,0,0,0,0,0,0,34
532,1412,4.92308,320,100,25,0,0,0,0,0,0,0,40
533,1314,4.19048,264,100,30,0,0,0,0,0,0,0,33
534,1364,3.74194,232,100,33,0,0,0,0,0,0,0,29
535,1372,4.125,264,100,31,0,0,0,0,0,0,0,33
536,1494,3.58209,240,100,37,0,0,0,0,0,0,0,30
537,1406,3.22222,232,100,43,0,0,0,0,0,0,0,29
538,1408,3.60563,256,100,39,0,0,0,0,0,0,0,32
539,1456,3.58209,240,100,37,0,0,0,0,0,0,0,30
540,1270,3.71831,264,100,38,0,0,0,0,0,0,0,33
541,1078,4,264,100,33,0,0,0,0,0,0,0,33
542,1400,4.77419,296,100,25,0,0,0,0,0,0,0,37
543,1736,4.60606,304,100,28,0,0,0,0,0,0,0,38
544,1716,4.5,288,100,28,0,0,0,0,0,0,0,36
545,1924,4.60606,304,100,28,0,0,0,0,0,0,0,38
546,1600,4.35294,296,100,30,0,0,0,2,0,0,0,36
547,1410,3.93846,256,100,33,0,0,0,0,0,0,0,32
548,1232,4.375,280,100,29,0,0,0,0,0,0,0,35
549,1390,4.44444,280,100,28,0,0,0,0,0,0,0,35
550,1568,4.23529,288,100,32,0,0,0,0,0,0,0,36
551,1096,4.18182,276,100,31,0,0,0,1,0,0,0,34
552,1286,3.77143,264,100,37,0,0,0,0,0,0,0,33
553,1052,4.43077,288,100,29,0,0,0,0,0,0,0,36
554,1146,4.53731,304,100,29,0,0,0,0,0,0,0,38
555,1138,4.37333,328,100,34,0,0,0,0,0,0,0,41
556,1334,3.84,288,100,39,0,0,0,0,0,0,0,36
557,1360,4.21053,320,100,36,0,0,0,0,0,0,0,40
558,1364,3.36842,256,100,44,0,0,0,0,0,0,0,32
559,1340,3.01299,232,100,48,0,0,0,0,0,0,0,29
560,1386,2.93671,232,100,50,0,0,0,0,0,0,0,29
561,1496,2.9,232,100,51,0,0,0,0,0,0,0,29
562,1152,3.44444,248,100,41,0,0,0,0,0,0,0,31
563,956,3.71831,264,100,38,0,0,0,0,0,0,0,33
564,978,3.83562,280,100,38,0,0,0,0,0,0,0,35
565,1166,3.60563,256,100,39,0,0,0,0,0,0,0,32
566,1394,3.88889,280,100,37,0,0,0,0,0,0,0,35
567,1464,4.61972,328,100,30,0,0,0,0,0,0,0,41
568,1742,4.68571,328,100,29,0,0,0,0,0,0,0,41
569,1748,4.22857,296,100,33,0,0,0,0,0,0,0,37
570,1974,4.53731,304,100,29,0,0,0,0,0,0,0,38
571,2034,4.06154,264,100,32,0,0,0,0,0,0,0,33
572,1658,4.43077,288,100,29,0,0,0,0,0,0,0,36
573,1694,3.76471,256,100,36,0,0,0,0,0,0,0,32
574,1238,3.56757,264,100,41,0,0,0,0,0,0,0,33
575,1512,3.61644,264,100,40,0,0,0,0,0,0,0,33
576,1798,3.61644,264,100,40,0,0,0,0,0,0,0,33
577,1836,3.83099,272,100,37,0,0,0,0,0,0,0,34
578,1724,3.83099,272,100,37,0,0,0,0,0,0,0,34
579,1636,3.88571,272,100,36,0,0,0,0,0,0,0,34
580,1392,4.24242,280,100,31,0,0,0,0,0,0,0,35
581,1186,4.29851,288,100,31,0,0,0,0,0,0,0,36
582,1114,3.93846,256,100,33,0,0,0,0,0,0,0,32
583,1038,3.94203,272,100,35,0,0,0,0,0,0,0,34
584,1154,4.375,280,100,29,0,0,0,0,0,0,0,35
585,1254,4.51613,280,100,27,0,0,0,0,0,0,0,35
586,1396,4.875,312,100,25,0,0,0,0,0,0,0,39
587,1362,4.72131,288,100,25,0,0,0,0,0,0,0,36
588,1296,4.51613,280,100,27,0,0,0,0,0,0,0,35
589,1232,3.9403,264,100,34,0,0,0,0,0,0,0,33
590,1236,4.11765,280,100,33,0,0,0,0,0,0,0,35
591,1220,3.8209,256,100,35,0,0,0,0,0,0,0,32
592,1388,4.34286,304,100,32,0,0,0,0,0,0,0,38
593,1490,3.83099,272,100,37,0,0,0,0,0,0,0,34
594,1816,4.17391,288,100,33,0,0,0,0,0,0,0,36
595,1288,4.65672,312,100,28,0,0,0,0,0,0,0,39
596,1102,4.38356,320,100,33,0,0,0,0,0,0,0,40
597,1148,4.72727,312,100,27,0,0,0,0,0,0,0,39
598,1216,4.50704,320,100,31,0,0,0,0,0,0,0,40
599,1270,4.67692,304,100,27,0,0,0,0,0,0,0,38
600,1208,4.8254,304,100,25,0,0,0,0,0,0,0,38
601,1244,4.8,288,100,24,0,0,0,0,0,0,0,36
602,1264,4.60606,304,100,28,0,0,0,0,0,0,0,38
603,1088,4.64516,288,100,26,0,0,0,0,0,0,0,36
604,1182,4.75,304,100,26,0,0,0,0,0,0,0,38
605,1332,4.11429,288,100,34,0,0,0,0,0,0,0,36
606,1270,3.66667,264,100,39,0,0,0,0,0,0,0,33
607,1052,4.35294,296,100,31,0,0,0,0,0,0,0,37
608,1086,3.71831,264,100,38,0,0,0,0,0,0,0,33
609,1236,4,272,100,34,0,0,0,0,0,0,0,34
610,1170,4,264,100,33,0,0,0,0,0,0,0,33
611,940,4.36364,288,100,30,0,0,0,0,0,0,0,36
612,1050,5.07937,320,100,23,0,0,0,0,0,0,0,40
613,1234,5.5,352,100,20,0,0,0,0,0,0,0,44
614,1214,4.91429,344,100,27,0,0,0,0,0,0,0,43
615,1158,4.77612,320,100,27,0,0,0,0,0,0,0,40
616,1092,5.13433,344,100,24,0,0,0,0,0,0,0,43
617,1078,5.02857,352,100,26,0,0,0,0,0,0,0,44
618,1164,5.01493,336,100,25,0,0,0,0,0,0,0,42
619,1354,4.77778,344,100,29,0,0,0,0,0,0,0,43
620,1508,4.63768,320,100,29,0,0,0,0,0,0,0,40
621,1474,4.75,304,100,26,0,0,0,0,0,0,0,38
622,1458,5.72131,349,100,17,0,0,0,0,1,0,0,43
623,1220,5.16129,320,100,22,0,0,0,0,0,0,0,40
624,1336,4.77612,320,100,27,0,0,0,0,0,0,0,40
625,1596,4.94118,336,100,26,0,0,0,0,0,0,0,42
626,1532,4.55385,296,100,28,0,0,0,0,0,0,0,37
627,1480,4.24242,280,100,31,0,0,0,0,0,0,0,35
628,1562,3.75758,248,100,35,0,0,0,0,0,0,0,31
629,1450,3.75758,248,100,35,0,0,0,0,0,0,0,31
630,1396,3.75,240,100,34,0,0,0,0,0,0,0,30
631,1430,3.75,240,100,34,0,0,0,0,0,0,0,30
632,1110,3.75758,248,100,35,0,0,0,0,0,0,0,31
633,928,3.76471,256,100,36,0,0,0,0,0,0,0,32
634,1118,4.17391,288,100,33,0,0,0,0,0,0,0,36
635,1440,4.92308,320,100,25,0,0,0,0,0,0,0,40
636,1522,5.07937,320,100,23,0,0,0,0,0,0,0,40
637,1928,5.33333,336,100,21,0,0,0,0,0,0,0,42
638,1660,5.2,312,100,21,0,0,0,0,0,0,0,39
639,1766,5.46667,328,100,19,0,0,0,0,0,0,0,41
640,1894,5.33333,320,100,20,0,0,0,0,0,0,0,40
641,1878,4.90323,304,100,24,0,0,0,0,0,0,0,38
642,1844,4.625,296,100,27,0,0,0,0,0,0,0,37
643,1962,4.8,312,100,26,0,0,0,0,0,0,0,39
644,1710,5.96364,328,100,14,0,0,0,0,0,0,0,41
645,1978,5.55932,328,100,18,0,0,0,0,0,0,0,41
646,1432,5.62963,304,100,16,0,0,0,0,0,0,0,38
647,1492,4.90323,304,100,24,0,0,0,0,0,0,0,38
648,1524,5.33333,320,100,20,0,0,0,0,0,0,0,40
649,1772,4.53731,304,100,29,0,0,0,0,0,0,0,38
650,2094,4.875,312,100,25,0,0,0,0,0,0,0,39
651,2390,4.12121,272,100,32,0,0,0,0,0,0,0,34
652,2228,4.06349,256,100,31,0,0,0,0,0,0,0,32
653,2016,4.30769,280,100,30,0,0,0,0,0,0,0,35
654,1618,4.18462,272,100,31,0,0,0,0,0,0,0,34
655,1734,4.58824,312,100,29,0,0,0,0,0,0,0,39
656,1826,4.50704,320,100,31,0,0,0,0,0,0,0,40
657,1902,4.63768,320,100,29,0,0,0,0,0,0,0,40
658,1952,4.60606,304,100,28,0,0,0,0,0,0,0,38
659,1736,4.22857,296,100,33,0,0,0,0,0,0,0,37
660,1188,3.94203,272,100,35,0,0,0,0,0,0,0,34
661,1378,3.77778,272,100,38,0,0,0,0,0,0,0,34
662,1420,4.1791,280,100,32,0,0,0,0,0,0,0,35
663,1590,3.94521,288,100,37,0,0,0,0,0,0,0,36
664,1512,3.44444,248,100,41,0,0,0,0,0,0,0,31
665,1174,3.87879,256,100,34,0,0,0,0,0,0,0,32
666,1096,3.64706,248,100,37,0,0,0,0,0,0,0,31
667,1248,3.57895,272,100,42,0,0,0,0,0,0,0,34
668,1392,4.72727,312,100,27,0,0,0,0,0,0,0,39
669,1582,4.67692,304,100,27,0,0,0,0,0,0,0,38
670,1716,4.9697,328,100,25,0,0,0,0,0,0,0,41
671,1690,4.35821,292,100,30,0,0,0,1,0,0,0,36
672,1522,4.625,296,100,27,0,0,0,0,0,0,0,37
673,1384,5.03226,312,100,23,0,0,0,0,0,0,0,39
674,1612,4.74576,280,100,24,0,0,0,0,0,0,0,35
675,1688,4.77612,320,100,27,0,0,0,0,0,0,0,40
676,1696,5.16923,336,100,23,0,0,0,0,0,0,0,42
677,1848,5.2,312,100,21,0,0,0,0,0,0,0,39
678,1978,4.67692,304,100,27,0,0,0,0,0,0,0,38
679,1010,4.8254,304,100,25,0,0,0,0,0,0,0,38
680,1148,4.93333,296,100,23,0,0,0,0,0,0,0,37
681,1422,4.72727,312,100,27,0,0,0,0,0,0,0,39
682,1758,4.9697,328,100,25,0,0,0,0,0,0,0,41
683,1724,5.375,344,100,21,0,0,0,0,0,0,0,43
684,1732,5.03226,312,100,23,0,0,0,0,0,0,0,39
685,1710,5.03226,312,100,23,0,0,0,0,0,0,0,39
686,1458,5.29032,328,100,21,0,0,0,0,0,0,0,41
687,1398,4.55385,296,100,28,0,0,0,0,0,0,0,37
688,1492,4.84848,320,100,26,0,0,0,0,0,0,0,40
689,1462,4.875,312,100,25,0,0,0,0,0,0,0,39
690,1678,4.17391,288,100,33,0,0,0,0,0,0,0,36
691,2014,5.04615,328,100,24,0,0,0,0,0,0,0,41
692,1810,4.69841,296,100,26,0,0,0,0,0,0,0,37
693,1708,4.69841,296,100,26,0,0,0,0,0,0,0,37
694,1204,4.875,312,100,25,0,0,0,0,0,0,0,39
695,1506,4.8254,304,100,25,0,0,0,0,0,0,0,38
696,1406,5.33333,320,100,20,0,0,0,0,0,0,0,40
697,1374,5.90164,360,100,16,0,0,0,0,0,0,0,45
698,1328,4.75,304,100,26,0,0,0,0,0,0,0,38
699,1106,4.90323,304,100,24,0,0,0,0,0,0,0,38
700,1220,5.15254,304,100,21,0,0,0,0,0,0,0,38
701,1056,4.8,288,100,24,0,0,0,0,0,0,0,36
702,1316,4.375,280,100,29,0,0,0,0,0,0,0,35
703,1286,4.94118,336,100,26,0,0,0,0,0,0,0,42
704,1204,4.69841,296,100,26,0,0,0,0,0,0,0,37
705,1488,4.86957,336,100,27,0,0,0,0,0,0,0,42
706,1290,4.17391,288,100,33,0,0,0,0,0,0,0,36
707,1220,4.1791,280,100,32,0,0,0,0,0,0,0,35
708,1386,4.67692,304,100,27,0,0,0,0,0,0,0,38
709,1168,4.8,312,100,26,0,0,0,0,0,0,0,39
710,1088,4.11429,288,100,34,0,0,0,0,0,0,0,36
711,1192,3.88235,264,100,35,0,0,0,0,0,0,0,33
712,1260,4.5,288,100,28,0,0,0,0,0,0,0,36
713,1480,4.0597,272,100,33,0,0,0,0,0,0,0,34
714,1284,3.83099,272,100,37,0,0,0,0,0,0,0,34
715,1366,4.4058,304,100,31,0,0,0,0,0,0,0,38
716,1592,3.83562,280,100,38,0,0,0,0,0,0,0,35
717,1472,3.41176,232,100,39,0,0,0,0,0,0,0,29
718,1154,3.83099,272,100,37,0,0,0,0,0,0,0,34
719,1234,4.05479,296,100,36,0,0,0,0,0,0,0,37
720,1198,4,280,100,35,0,0,0,0,0,0,0,35
721,1238,4.39437,312,100,32,0,0,0,0,0,0,0,39
722,1224,3.88889,280,100,37,0,0,0,0,0,0,0,35
723,1262,3.94521,288,100,37,0,0,0,0,0,0,0,36
724,1278,4.64865,344,100,31,0,0,0,0,0,0,0,43
725,1220,4,296,100,37,0,0,0,0,0,0,0,37
726,980,4.65672,312,100,28,0,0,0,0,0,0,0,39
727,994,5.37313,360,100,22,0,0,0,0,0,0,0,45
728,1118,4.53731,304,100,29,0,0,0,0,0,0,0,38
729,932,4.55385,296,100,28,0,0,0,0,0,0,0,37
730,900,4.58824,312,100,29,0,0,0,0,0,0,0,39
731,878,4.89552,328,100,26,0,0,0,0,0,0,0,41
732,940,4.55385,296,100,28,0,0,0,0,0,0,0,37
733,1050,4.60606,304,100,28,0,0,0,0,0,0,0,38
734,1086,4.17391,288,100,33,0,0,0,0,0,0,0,36
735,1160,3.55556,256,100,40,0,0,0,0,0,0,0,32
736,1270,3.88571,272,100,36,0,0,0,0,0,0,0,34
737,1324,4.22857,296,100,33,0,0,0,0,0,0,0,37
738,1358,4.11765,280,100,33,0,0,0,0,0,0,0,35
739,1356,4.875,312,100,25,0,0,0,0,0,0,0,39
740,1204,4.9697,328,100,25,0,0,0,0,0,0,0,41
741,1288,4.84848,320,100,26,0,0,0,0,0,0,0,40
742,1204,4.0597,272,100,33,0,0,0,0,0,0,0,34
743,996,4.88136,288,100,23,0,0,0,0,0,0,0,36
744,1250,4.45714,312,100,31,0,0,0,0,0,0,0,39
745,1518,5.21212,344,100,23,0,0,0,0,0,0,0,43
746,1586,4.69841,296,100,26,0,0,0,0,0,0,0,37
747,1316,4.41791,296,100,30,0,0,0,0,0,0,0,37
748,1364,4.28986,296,100,32,0,0,0,0,0,0,0,37
749,1410,4.55385,296,100,28,0,0,0,0,0,0,0,37
750,1388,4.44444,280,100,28,0,0,0,0,0,0,0,35
751,1468,4.64516,288,100,26,0,0,0,0,0,0,0,36
752,1616,4.17391,288,100,33,0,0,0,0,0,0,0,36
753,1342,4.8,312,100,26,0,0,0,0,0,0,0,39
754,968,4.90323,304,100,24,0,0,0,0,0,0,0,38
755,1160,4.50794,284,100,27,0,0,0,1,0,0,0,35
756,1268,4.78689,292,100,24,0,0,0,1,0,0,0,36
757,1058,4.77419,296,100,25,0,0,0,0,0,0,0,37
758,1038,4.8254,304,100,25,0,0,0,0,0,0,0,38
759,1246,5.41935,336,100,20,0,0,0,0,0,0,0,42
760,1260,5.625,360,100,19,0,0,0,0,0,0,0,45
761,1348,5.83051,344,100,16,0,0,0,0,0,0,0,43
762,1328,5.80645,360,100,17,0,0,0,0,0,0,0,45
763,1288,5.53846,360,100,20,0,0,0,0,0,0,0,45
764,1360,5.80645,360,100,17,0,0,0,0,0,0,0,45
765,1004,5.07937,320,100,23,0,0,0,0,0,0,0,40
766,1142,5.25,336,100,22,0,0,0,0,0,0,0,42
767,918,5.53846,360,100,20,0,0,0,0,0,0,0,45
768,1048,5.5873,352,100,19,0,0,0,0,0,0,0,44
769,1330,5.5,352,100,20,0,0,0,0,0,0,0,44
770,1244,5.57576,368,100,20,0,0,0,0,0,0,0,46
771,1306,5.16923,336,100,23,0,0,0,0,0,0,0,42
772,1472,6.125,392,100,15,0,0,0,0,0,0,0,49
773,1564,5.29412,360,100,23,0,0,0,0,0,0,0,45
774,1464,5.09091,336,100,24,0,0,0,0,0,0,0,42
775,1572,6.09231,396,100,15,0,0,0,1,0,0,0,49
776,1458,4.88235,332,100,26,0,0,0,1,0,0,0,41
777,1256,4.69841,296,100,26,0,0,0,0,0,0,0,37
778,1136,5.41538,352,100,21,0,0,0,0,0,0,0,44
779,1282,5.29231,344,100,22,0,0,0,0,0,0,0,43
780,1278,4.90323,304,100,24,0,0,0,0,0,0,0,38
781,1642,5.29231,344,100,22,0,0,0,0,0,0,0,43
782,1430,4.72727,312,100,27,0,0,0,0,0,0,0,39
783,1250,5.41538,352,100,21,0,0,0,0,0,0,0,44
784,1318,5.16129,320,100,22,0,0,0,0,0,0,0,40
785,1242,4.90323,304,100,24,0,0,0,0,0,0,0,38
786,1506,5.73333,344,100,17,0,0,0,0,0,0,0,43
787,1024,5.33333,320,100,20,0,0,0,0,0,0,0,40
788,1188,5.29032,328,100,21,0,0,0,0,0,0,0,41
789,1194,5.5082,336,100,19,0,0,0,0,0,0,0,42
790,1378,5.5873,352,100,19,0,0,0,0,0,0,0,44
791,1360,5.125,328,100,23,0,0,0,0,0,0,0,41
792,1430,5.04545,333,100,24,0,0,0,0,1,0,0,41
793,1620,5.15873,325,100,22,0,0,0,0,1,0,0,40
794,1684,4.98361,304,100,23,0,0,0,0,0,0,0,38
795,1486,4.32787,264,100,28,0,0,0,0,0,0,0,33
796,1414,5.07937,320,100,23,0,0,0,0,0,0,0,40
797,1498,4.25,272,100,30,0,0,0,0,0,0,0,34
798,1466,4,256,100,32,0,0,0,0,0,0,0,32
799,1162,3.76119,252,100,35,0,0,0,1,0,0,0,31
800,1218,3.70588,252,100,36,0,0,0,1,0,0,0,31
801,1204,3.64706,248,100,37,0,0,0,0,0,0,0,31
802,1110,3.9403,264,100,34,0,0,0,0,0,0,0,33
803,1186,4.25,272,100,30,0,0,0,0,0,0,0,34
804,1180,4.18462,272,100,31,0,0,0,0,0,0,0,34
805,1302,4.43077,288,100,29,0,0,0,0,0,0,0,36
806,1416,4.51613,280,100,27,0,0,0,0,0,0,0,35
807,1268,4.57143,288,100,27,0,0,0,0,0,0,0,36
808,1388,4.625,296,100,27,0,0,0,0,0,0,0,37
809,1046,4.47059,304,100,30,0,0,0,0,0,0,0,38
810,1180,4.34286,304,100,32,0,0,0,0,0,0,0,38
811,1264,4.17391,288,100,33,0,0,0,0,0,0,0,36
812,1394,4.47059,304,100,30,0,0,0,0,0,0,0,38
813,1506,4.88235,332,100,26,0,0,0,1,0,0,0,41
814,1614,5.20635,328,100,22,0,0,0,0,0,0,0,41
815,1726,4.30769,280,100,30,0,0,0,0,0,0,0,35
816,1636,4,272,100,34,0,0,0,0,0,0,0,34
817,1514,4.5,288,100,28,0,0,0,0,0,0,0,36
818,1672,4.1791,280,100,32,0,0,0,0,0,0,0,35
819,1806,4.41791,296,100,30,0,0,0,0,0,0,0,37
820,1726,3.93651,248,100,32,0,0,0,0,0,0,0,31
821,1478,3.75758,248,100,35,0,0,0,0,0,0,0,31
822,1536,3.58209,240,100,37,0,0,0,0,0,0,0,30
823,1866,4,264,100,33,0,0,0,0,0,0,0,33
824,2148,4.06349,256,100,31,0,0,0,0,0,0,0,32
825,1736,3.5,224,100,36,0,0,0,0,0,0,0,28
826,1648,3.44615,224,100,37,0,0,0,0,0,0,0,28
827,1714,4.44444,280,100,28,0,0,0,0,0,0,0,35
828,1980,4.12121,272,100,32,0,0,0,0,0,0,0,34
829,1894,3.88235,264,100,35,0,0,0,0,0,0,0,33
830,1788,3.25,208,100,38,0,0,0,0,0,0,0,26
831,1322,3.74194,232,100,33,0,0,0,0,0,0,0,29
832,1564,3.625,232,100,35,0,0,0,0,0,0,0,29
833,1710,3.5,224,100,36,0,0,0,0,0,0,0,28
834,1958,3.88235,264,100,35,0,0,0,0,0,0,0,33
835,1278,3.42857,216,100,36,0,0,0,0,0,0,0,27
836,1446,3.375,216,100,37,0,0,0,0,0,0,0,27
837,1390,4.44444,240,100,24,0,0,0,0,0,0,0,30
838,1740,4.51613,280,100,27,0,0,0,0,0,0,0,35
839,1546,4.375,280,100,29,0,0,0,0,0,0,0,35
840,1784,4.0597,272,100,33,0,0,0,0,0,0,0,34
841,1828,3.36232,232,100,40,0,0,0,0,0,0,0,29
842,1948,4.0597,272,100,33,0,0,0,0,0,0,0,34
843,1336,4.75,304,100,26,0,0,0,0,0,0,0,38
844,1578,4,272,100,34,0,0,0,0,0,0,0,34
845,1696,4.43077,288,100,29,0,0,0,0,0,0,0,36
846,1678,4.12121,272,100,32,0,0,0,0,0,0,0,34
847,1366,4.19048,264,100,30,0,0,0,0,0,0,0,33
848,1518,4.8254,304,100,25,0,0,0,0,0,0,0,38
849,1290,4,256,100,32,0,0,0,0,0,0,0,32
850,1428,4.06154,264,100,32,0,0,0,0,0,0,0,33
851,1456,4.1791,280,100,32,0,0,0,0,0,0,0,35
852,1734,4.125,264,100,31,0,0,0,0,0,0,0,33
853,1846,3.625,232,100,35,0,0,0,0,0,0,0,29
854,1746,4.66667,280,100,25,0,0,0,0,0,0,0,35
855,1952,4.92308,320,100,25,0,0,0,0,0,0,0,40
856,1746,3.41176,232,100,39,0,0,0,0,0,0,0,29
857,1662,3.8209,256,100,35,0,0,0,0,0,0,0,32
858,1454,3.9403,264,100,34,0,0,0,0,0,0,0,33
859,1410,3.82609,264,100,36,0,0,0,0,0,0,0,33
860,1382,4.05797,280,100,34,0,0,0,0,0,0,0,35
861,1330,4.25,272,100,30,0,0,0,0,0,0,0,34
862,1016,3.82609,264,100,36,0,0,0,0,0,0,0,33
863,980,3.52941,240,100,38,0,0,0,0,0,0,0,30
864,1108,3.52941,240,100,38,0,0,0,0,0,0,0,30
865,1026,4.35294,296,100,31,0,0,0,0,0,0,0,37
866,1050,4.4058,304,100,31,0,0,0,0,0,0,0,38
867,944,4.06349,256,100,31,0,0,0,0,0,0,0,32
868,942,4,248,100,31,0,0,0,0,0,0,0,31
869,960,3.15152,208,100,40,0,0,0,0,0,0,0,26
870,924,4.25806,264,100,29,0,0,0,0,0,0,0,33
871,970,4.64516,288,100,26,0,0,0,0,0,0,0,36
872,984,3.81538,248,100,34,0,0,0,0,0,0,0,31
873,952,3.41176,232,100,39,0,0,0,0,0,0,0,29
874,1118,3.47826,240,100,39,0,0,0,0,0,0,0,30
875,1186,3.8209,256,100,35,0,0,0,0,0,0,0,32
876,1282,4.05797,280,100,34,0,0,0,0,0,0,0,35
877,1338,4.47059,304,100,30,0,0,0,0,0,0,0,38
878,1228,3.875,248,100,33,0,0,0,0,0,0,0,31
879,982,4,256,100,32,0,0,0,0,0,0,0,32
880,1142,4.47059,304,100,30,0,0,0,0,0,0,0,38
881,1058,5.06667,304,100,22,0,0,0,0,0,0,0,38
882,1072,4.55385,296,100,28,0,0,0,0,0,0,0,37
883,1042,4.39437,312,100,32,0,0,0,0,0,0,0,39
884,984,4.29851,288,100,31,0,0,0,0,0,0,0,36
885,1108,4.63768,320,100,29,0,0,0,0,0,0,0,40
886,974,4.24242,280,100,31,0,0,0,0,0,0,0,35
887,1150,4.75362,328,100,28,0,0,0,0,0,0,0,41
888,1208,4.64865,344,100,31,0,0,0,0,0,0,0,43
889,1200,4.48,336,100,33,0,0,0,0,0,0,0,42
890,1280,4.94737,376,100,29,0,0,0,0,0,0,0,47
891,1252,5.01333,376,100,28,0,0,0,0,0,0,0,47
892,1300,5.15068,376,100,26,0,0,0,0,0,0,0,47
893,1004,5.47059,372,100,21,0,0,0,1,0,0,0,46
894,1066,5.1831,368,100,25,0,0,0,0,0,0,0,46
895,1056,5.33333,400,100,25,0,0,0,0,0,0,0,50
896,1108,4.82192,352,100,29,0,0,0,0,0,0,0,44
897,1098,4.43243,328,100,33,0,0,0,0,0,0,0,41
898,1084,4.55556,328,100,31,0,0,0,0,0,0,0,41
899,1122,4.84507,344,100,28,0,0,0,0,0,0,0,43
900,1238,3.88889,280,100,37,0,0,0,0,0,0,0,35
901,1288,4,296,100,37,0,0,0,0,0,0,0,37
902,1244,3.54286,248,100,39,0,0,0,0,0,0,0,31
903,1336,4.16438,304,100,35,0,0,0,0,0,0,0,38
904,1384,4.16,312,100,36,0,0,0,0,0,0,0,39
905,1452,4.33333,312,100,33,0,0,0,0,0,0,0,39
906,1230,3.78378,280,100,39,0,0,0,0,0,0,0,35
907,928,3.61644,264,100,40,0,0,0,0,0,0,0,33
908,990,3.42857,264,100,44,0,0,0,0,0,0,0,33
909,1160,3.73333,280,100,40,0,0,0,0,0,0,0,35
910,954,2.98667,224,100,47,0,0,0,0,0,0,0,28
911,1018,2.77333,208,100,49,0,0,0,0,0,0,0,26
912,1102,2.81081,208,100,48,0,0,0,0,0,0,0,26
913,1018,3.08571,216,100,43,0,0,0,0,0,0,0,27
914,1058,3.50685,256,100,41,0,0,0,0,0,0,0,32
915,914,3.33333,240,100,42,0,0,0,0,0,0,0,30
916,900,3.60563,256,100,39,0,0,0,0,0,0,0,32
917,976,3.60563,256,100,39,0,0,0,0,0,0,0,32
918,1014,3.06849,224,100,45,0,0,0,0,0,0,0,28
919,1080,2.9589,216,100,46,0,0,0,0,0,0,0,27
920,956,3.88571,272,100,36,0,0,0,0,0,0,0,34
921,974,4,280,100,35,0,0,0,0,0,0,0,35
922,904,3.65714,256,100,38,0,0,0,0,0,0,0,32
923,858,3.44444,248,100,41,0,0,0,0,0,0,0,31
924,824,3.76471,256,100,36,0,0,0,0,0,0,0,32
925,828,3.46269,232,100,38,0,0,0,0,0,0,0,29
926,722,3.71014,256,100,37,0,0,0,0,0,0,0,32
927,788,4.36364,288,100,30,0,0,0,0,0,0,0,36
928,862,4.19048,264,100,30,0,0,0,0,0,0,0,33
929,764,4,256,100,32,0,0,0,0,0,0,0,32
930,872,4.77419,296,100,25,0,0,0,0,0,0,0,37
931,886,3.9403,264,100,34,0,0,0,0,0,0,0,33
932,924,4.17391,288,100,33,0,0,0,0,0,0,0,36
933,942,3.94203,272,100,35,0,0,0,0,0,0,0,34
934,912,3.9403,264,100,34,0,0,0,0,0,0,0,33
935,900,4.36364,288,100,30,0,0,0,0,0,0,0,36
936,736,4,264,100,33,0,0,0,0,0,0,0,33
937,786,3.54286,248,100,39,0,0,0,0,0,0,0,31
938,810,4.57143,288,100,27,0,0,0,0,0,0,0,36
939,650,3.8209,256,100,35,0,0,0,0,0,0,0,32
940,832,4.24242,280,100,31,0,0,0,0,0,0,0,35
941,810,3.875,248,100,33,0,0,0,0,0,0,0,31
942,808,4.4375,284,100,28,0,0,0,1,0,0,0,35
943,814,4.29851,288,100,31,0,0,0,0,0,0,0,36
944,914,3.82609,264,100,36,0,0,0,0,0,0,0,33
945,856,3.15493,224,100,43,0,0,0,0,0,0,0,28
946,784,3.36232,232,100,40,0,0,0,0,0,0,0,29
947,910,3.40299,228,100,38,0,0,0,1,0,0,0,28
948,780,3.80328,232,100,32,0,0,0,0,0,0,0,29
949,784,3.80952,240,100,33,0,0,0,0,0,0,0,30
950,772,4.26667,256,100,28,0,0,0,0,0,0,0,32
951,884,4.28986,296,100,32,0,0,0,0,0,0,0,37
952,946,4.1791,280,100,32,0,0,0,0,0,0,0,35
953,1060,4.34286,304,100,32,0,0,0,0,0,0,0,38
954,906,3.81538,248,100,34,0,0,0,0,0,0,0,31
955,938,4.57143,288,100,27,0,0,0,0,0,0,0,36
956,790,4,232,100,29,0,0,0,0,0,0,0,29
957,896,4.45902,272,100,27,0,0,0,0,0,0,0,34
958,1040,4.28986,296,100,32,0,0,0,0,0,0,0,37
959,864,4.36364,288,100,30,0,0,0,0,0,0,0,36
960,986,4.52174,312,100,30,0,0,0,0,0,0,0,39
961,996,4.53731,304,100,29,0,0,0,0,0,0,0,38
962,974,4.94118,336,100,26,0,0,0,0,0,0,0,42
963,1022,4.96552,288,100,22,0,0,0,0,0,0,0,36
964,1076,4.84848,320,100,26,0,0,0,0,0,0,0,40
965,1122,4.96552,288,100,22,0,0,0,0,0,0,0,36
966,1020,5.04615,328,100,24,0,0,0,0,0,0,0,41
967,930,4.89552,328,100,26,0,0,0,0,0,0,0,41
968,1000,4.86957,336,100,27,0,0,0,0,0,0,0,42
969,872,4.41791,296,100,30,0,0,0,0,0,0,0,37
970,906,4.42424,292,100,29,0,0,0,1,0,0,0,36
971,980,4.55385,296,100,28,0,0,0,0,0,0,0,37
972,950,4.31746,272,100,29,0,0,0,0,0,0,0,34
973,972,3.75,240,100,34,0,0,0,0,0,0,0,30
974,994,4.20339,248,100,28,0,0,0,0,0,0,0,31
975,1062,4.12903,256,100,30,0,0,0,0,0,0,0,32
976,906,4.57143,288,100,27,0,0,0,0,0,0,0,36
977,916,4.43077,288,100,29,0,0,0,0,0,0,0,36
978,826,4.55385,296,100,28,0,0,0,0,0,0,0,37
979,852,4.58824,312,100,29,0,0,0,0,0,0,0,39
980,1014,4.89552,328,100,26,0,0,0,0,0,0,0,41
981,968,4.9697,328,100,25,0,0,0,0,0,0,0,41
982,978,4.25,272,100,30,0,0,0,0,0,0,0,34
983,1168,4.77419,296,100,25,0,0,0,0,0,0,0,37
984,1136,5.21212,344,100,23,0,0,0,0,0,0,0,43
985,1138,5.10145,352,100,25,0,0,0,0,0,0,0,44
986,1110,4.84848,320,100,26,0,0,0,0,0,0,0,40
987,978,4.41791,296,100,30,0,0,0,0,0,0,0,37
988,866,4.94118,336,100,26,0,0,0,0,0,0,0,42
989,930,4.52174,312,100,30,0,0,0,0,0,0,0,39
990,936,4.50704,320,100,31,0,0,0,0,0,0,0,40
991,876,3.94366,280,100,36,0,0,0,0,0,0,0,35
992,976,3.64557,288,100,43,0,0,0,0,0,0,0,36
993,982,4.05634,288,100,35,0,0,0,0,0,0,0,36
994,892,5.02857,352,100,26,0,0,0,0,0,0,0,44
995,886,4.57143,320,100,30,0,0,0,0,0,0,0,40
996,930,4.82353,328,100,27,0,0,0,0,0,0,0,41
997,894,4.52174,312,100,30,0,0,0,0,0,0,0,39
998,992,4.67692,304,100,27,0,0,0,0,0,0,0,38
999,990,5.21212,344,100,23,0,0,0,0,0,0,0,43
