update,points,mean_tasks,total_tasks,total_orgs,task_0,task_1,task_2,task_3,task_4,task_5,task_6,task_7,task_8
0,0,nan,0,8,0,0,0,0,0,0,0,0,0
1,48,6,18,8,0,0,0,0,0,0,3,0,0
2,60,6,24,9,0,0,0,0,0,0,4,0,0
3,72,6,30,10,0,0,0,0,0,0,5,0,0
4,100,6.33333,38,11,0,0,0,0,0,0,5,0,1
5,88,6.28571,44,11,0,0,0,0,0,0,6,0,1
6,140,6.75,54,14,0,0,0,0,0,0,5,0,3
7,100,6.6,66,15,0,0,0,0,0,0,7,0,3
8,104,6.66667,60,17,0,0,0,0,0,0,6,0,3
9,124,6.5,78,17,0,0,0,0,0,0,9,0,3
10,148,6.66667,80,19,0,0,0,0,0,0,8,0,4
11,144,6.57143,92,21,0,0,0,0,0,0,10,0,4
12,140,6.8,102,23,0,0,0,0,0,0,9,0,6
13,136,6.75,108,24,0,0,0,0,0,0,10,0,6
14,188,6.70588,114,27,0,0,0,0,0,0,11,0,6
15,244,6.54545,144,28,0,0,0,0,0,0,16,0,6
16,208,6.38095,134,31,0,0,0,0,0,0,17,0,4
17,284,6.38462,166,34,0,0,0,0,0,0,21,0,5
18,372,6.48276,188,40,0,0,0,0,0,0,22,0,7
19,324,6.66667,180,43,0,0,0,0,0,0,18,0,9
20,388,6.5,208,47,0,0,0,0,0,0,24,0,8
21,436,6.44444,232,50,0,0,0,0,0,0,28,0,8
22,548,6.34146,260,53,0,0,0,0,0,0,34,0,7
23,572,6.45455,284,59,0,0,0,0,0,0,34,0,10
24,588,6.45455,284,64,0,0,0,0,0,0,34,0,10
25,620,6.4898,318,72,0,0,0,0,0,0,37,0,12
26,600,6.54902,334,74,0,0,0,0,0,0,37,0,14
27,620,6.42308,334,76,0,0,0,0,0,0,41,0,11
28,696,6.44828,374,79,0,0,0,0,0,0,45,0,13
29,660,6.35088,362,82,0,0,0,0,0,0,47,0,10
30,692,6.25926,338,83,0,0,0,0,0,0,47,0,7
31,712,6.25926,338,86,0,0,0,0,0,0,47,0,7
32,844,6.25,350,87,0,0,0,0,0,0,49,0,7
33,936,6.23729,368,88,0,0,0,0,0,0,52,0,7
34,960,6.22951,380,89,0,0,0,0,0,0,54,0,7
35,1052,6.21538,404,92,0,0,0,0,0,0,58,0,7
36,928,6.24615,406,95,0,0,0,0,0,0,57,0,8
37,896,6.18462,402,96,0,0,0,0,0,0,59,0,6
38,984,6.25397,394,96,0,0,0,0,0,0,55,0,8
39,912,6.27119,370,96,0,0,0,0,0,0,51,0,8
40,920,6.27273,414,97,0,0,0,0,0,0,57,0,9
41,1092,6.26087,432,99,0,0,0,0,0,0,60,0,9
42,1052,6.22222,392,99,0,0,0,0,0,0,56,0,7
43,1004,6.20339,366,100,0,0,0,0,0,0,53,0,6
44,1076,6.11429,428,100,0,0,0,0,0,0,66,0,4
45,1112,6.06061,400,100,0,0,0,0,0,0,64,0,2
46,972,6.12121,404,100,0,0,0,0,0,0,62,0,4
47,1208,6.12308,398,100,0,0,0,0,0,0,61,0,4
48,1072,6.15385,400,100,0,0,0,0,0,0,60,0,5
49,1112,6.17143,432,100,0,0,0,0,0,0,64,0,6
50,1004,6.15152,406,100,0,0,0,0,0,0,61,0,5
51,1068,6.16129,382,100,0,0,0,0,0,0,57,0,5
52,1276,6.06154,394,100,0,0,0,0,0,0,63,0,2
53,1176,6,348,100,0,0,0,0,0,0,58,0,0
54,1276,6,348,100,0,0,0,0,0,0,58,0,0
55,1448,6,354,100,0,0,0,0,0,0,59,0,0
56,1220,6,312,100,0,0,0,0,0,0,52,0,0
57,1224,6,360,100,0,0,0,0,0,0,60,0,0
58,1152,6,354,100,0,0,0,0,0,0,59,0,0
59,1408,6.03077,392,100,0,0,0,0,0,0,64,0,1
60,1532,6.10169,360,100,0,0,0,0,0,0,56,0,3
61,1208,6.03704,326,100,0,0,0,0,0,0,53,0,1
62,1284,6,372,100,0,0,0,0,0,0,62,0,0
63,1400,6,348,100,0,0,0,0,0,0,58,0,0
64,1116,6,330,100,0,0,0,0,0,0,55,0,0
65,1216,6,336,100,0,0,0,0,0,0,56,0,0
66,1152,6,324,100,0,0,0,0,0,0,54,0,0
67,1308,6,330,100,0,0,0,0,0,0,55,0,0
68,1612,6,348,100,0,0,0,0,0,0,58,0,0
69,1436,6,342,100,0,0,0,0,0,0,57,0,0
70,1444,6,330,100,0,0,0,0,0,0,55,0,0
71,1420,6,330,100,0,0,0,0,0,0,55,0,0
72,1332,6.03448,350,100,0,0,0,0,0,0,57,0,1
73,892,6.03846,314,100,0,0,0,0,0,0,51,0,1
74,1192,6,354,100,0,0,0,0,0,0,59,0,0
75,1016,6,324,100,0,0,0,0,0,0,54,0,0
76,972,6,348,100,0,0,0,0,0,0,58,0,0
77,1132,6,378,100,0,0,0,0,0,0,63,0,0
78,1080,6,378,100,0,0,0,0,0,0,63,0,0
79,1212,6,366,100,0,0,0,0,0,0,61,0,0
80,1192,6,354,100,0,0,0,0,0,0,59,0,0
81,1312,6,378,100,0,0,0,0,0,0,63,0,0
82,1300,6.0339,356,100,0,0,0,0,0,0,58,0,1
83,1312,6,378,100,0,0,0,0,0,0,63,0,0
84,1576,6.03333,362,100,0,0,0,0,0,0,59,0,1
85,1364,6.03704,326,100,0,0,0,0,0,0,53,0,1
86,1592,6,354,100,0,0,0,0,0,0,59,0,0
87,1504,6,354,100,0,0,0,0,0,0,59,0,0
88,1460,6.03774,320,100,0,0,0,0,0,0,52,0,1
89,1272,6,360,100,0,0,0,0,0,0,60,0,0
90,1136,6.03448,350,100,0,0,0,0,0,0,57,0,1
91,808,6.03333,362,100,0,0,0,0,0,0,59,0,1
92,1084,6.08696,420,100,0,0,0,0,0,0,66,0,3
93,1020,6.09836,372,100,0,0,0,0,0,0,58,0,3
94,980,6.06452,376,100,0,0,0,0,0,0,60,0,2
95,1052,6.03571,338,100,0,0,0,0,0,0,55,0,1
96,1196,6,342,100,0,0,0,0,0,0,57,0,0
97,964,6.03571,338,100,0,0,0,0,0,0,55,0,1
98,812,6.11321,324,100,0,0,0,0,0,0,50,0,3
99,868,6.07273,334,100,0,0,0,0,0,0,53,0,2
100,1008,6.06557,370,100,0,0,0,0,0,0,59,0,2
101,884,6.09677,378,100,0,0,0,0,0,0,59,0,3
102,1036,6.09231,396,100,0,0,0,0,0,0,62,0,3
103,1100,6.13115,374,100,0,0,0,0,0,0,57,0,4
104,1040,6.13793,356,100,0,0,0,0,0,0,54,0,4
105,1100,6.13559,362,100,0,0,0,0,0,0,55,0,4
106,1036,6.12903,380,100,0,0,0,0,0,0,58,0,4
107,1128,6.09677,378,100,0,0,0,0,0,0,59,0,3
108,988,6.14286,344,100,0,0,0,0,0,0,52,0,4
109,1060,6.12698,386,100,0,0,0,0,0,0,59,0,4
110,980,6.13333,368,100,0,0,0,0,0,0,56,0,4
111,984,6.08696,420,100,0,0,0,0,0,0,66,0,3
112,1076,6.09836,372,100,0,0,0,0,0,0,58,0,3
113,1320,6.1194,410,100,0,0,0,0,0,0,63,0,4
114,1228,6.19672,378,100,0,0,0,0,0,0,55,0,6
115,1316,6.09375,390,100,0,0,0,0,0,0,61,0,3
116,1004,6.17241,358,100,0,0,0,0,0,0,53,0,5
117,1020,6.15625,394,100,0,0,0,0,0,0,59,0,5
118,932,6.07018,346,100,0,0,0,0,0,0,55,0,2
119,1236,6.19672,378,100,0,0,0,0,0,0,55,0,6
120,1208,6.20339,366,100,0,0,0,0,0,0,53,0,6
121,1092,6.16393,376,100,0,0,0,0,0,0,56,0,5
122,1052,6.06667,364,100,0,0,0,0,0,0,58,0,2
123,1120,6.10345,354,100,0,0,0,0,0,0,55,0,3
124,1148,6.0678,358,100,0,0,0,0,0,0,57,0,2
125,1148,6.10526,348,100,0,0,0,0,0,0,54,0,3
126,1268,6.06897,352,100,0,0,0,0,0,0,56,0,2
127,1272,6.07018,346,100,0,0,0,0,0,0,55,0,2
128,1084,6.06452,376,100,0,0,0,0,0,0,60,0,2
129,912,6.07273,334,100,0,0,0,0,0,0,53,0,2
130,1112,6.09524,384,100,0,0,0,0,0,0,60,0,3
131,1156,6.1,366,100,0,0,0,0,0,0,57,0,3
132,980,6.06557,370,100,0,0,0,0,0,0,59,0,2
133,960,6.09677,378,100,0,0,0,0,0,0,59,0,3
134,1068,6.12698,386,100,0,0,0,0,0,0,59,0,4
135,908,6.12903,380,100,0,0,0,0,0,0,58,0,4
136,892,6.06557,370,100,0,0,0,0,0,0,59,0,2
137,888,6.0625,388,100,0,0,0,0,0,0,62,0,2
138,1020,6.14925,412,100,0,0,0,0,0,0,62,0,5
139,1064,6.21875,398,100,0,0,0,0,0,0,57,0,7
140,980,6.22222,392,100,0,0,0,0,0,0,56,0,7
141,1116,6.18182,408,100,0,0,0,0,0,0,60,0,6
142,1120,6.21538,404,100,0,0,0,0,0,0,58,0,7
143,1032,6.09677,378,100,0,0,0,0,0,0,59,0,3
144,976,6.24138,362,100,0,0,0,0,0,0,51,0,7
145,1036,6.12698,386,100,0,0,0,0,0,0,59,0,4
146,1012,6.13333,368,100,0,0,0,0,0,0,56,0,4
147,836,6.14286,344,100,0,0,0,0,0,0,52,0,4
148,796,6.16949,364,100,0,0,0,0,0,0,54,0,5
149,880,6.06452,376,100,0,0,0,0,0,0,60,0,2
150,924,6.12903,380,100,0,0,0,0,0,0,58,0,4
151,1028,6.09524,384,100,0,0,0,0,0,0,60,0,3
152,872,6.15385,320,100,0,0,0,0,0,0,48,0,4
153,968,6.2,372,100,0,0,0,0,0,0,54,0,6
154,896,6.10526,348,100,0,0,0,0,0,0,54,0,3
155,932,6.03226,374,100,0,0,0,0,0,0,61,0,1
156,1020,6.09375,390,100,0,0,0,0,0,0,61,0,3
157,952,6.06154,394,100,0,0,0,0,0,0,63,0,2
158,892,6.09677,378,100,0,0,0,0,0,0,59,0,3
159,1020,6.09231,396,100,0,0,0,0,0,0,62,0,3
160,832,6.03279,368,100,0,0,0,0,0,0,60,0,1
161,960,6.0597,406,100,0,0,0,0,0,0,65,0,2
162,968,6.13559,362,100,0,0,0,0,0,0,55,0,4
163,1036,6.09677,378,100,0,0,0,0,0,0,59,0,3
164,1128,6.06667,364,100,0,0,0,0,0,0,58,0,2
165,1004,6.11321,324,100,0,0,0,0,0,0,50,0,3
166,1148,6.10714,342,100,0,0,0,0,0,0,53,0,3
167,1048,6.0678,358,100,0,0,0,0,0,0,57,0,2
168,764,6,312,100,0,0,0,0,0,0,52,0,0
169,1064,6.02985,404,100,0,0,0,0,0,0,66,0,1
170,948,6.07018,346,100,0,0,0,0,0,0,55,0,2
171,1040,6.09836,372,100,0,0,0,0,0,0,58,0,3
172,928,6.03333,362,100,0,0,0,0,0,0,59,0,1
173,880,6.03333,362,100,0,0,0,0,0,0,59,0,1
174,1000,6.15625,394,100,0,0,0,0,0,0,59,0,5
175,932,6.10169,360,100,0,0,0,0,0,0,56,0,3
176,844,6,372,100,0,0,0,0,0,0,62,0,0
177,928,6.03333,362,100,0,0,0,0,0,0,59,0,1
178,768,6,354,100,0,0,0,0,0,0,59,0,0
179,912,6.06452,376,100,0,0,0,0,0,0,60,0,2
180,780,6.06897,352,100,0,0,0,0,0,0,56,0,2
181,876,6.0678,358,100,0,0,0,0,0,0,57,0,2
182,912,6.12698,386,100,0,0,0,0,0,0,59,0,4
183,944,6.16667,370,100,0,0,0,0,0,0,55,0,5
184,872,6.09836,372,100,0,0,0,0,0,0,58,0,3
185,844,6.1,366,100,0,0,0,0,0,0,57,0,3
186,1020,6.13793,356,100,0,0,0,0,0,0,54,0,4
187,1040,6.13115,374,100,0,0,0,0,0,0,57,0,4
188,896,6.13793,356,100,0,0,0,0,0,0,54,0,4
189,1064,6.23333,374,100,0,0,0,0,0,0,53,0,7
190,1144,6.30508,372,100,0,0,0,0,0,0,50,0,9
191,988,6.23729,368,100,0,0,0,0,0,0,52,0,7
192,1004,6.2069,360,100,0,0,0,0,0,0,52,0,6
193,1072,6.29032,390,100,0,0,0,0,0,0,53,0,9
194,1144,6.36667,382,100,0,0,0,0,0,0,49,0,11
195,1404,6.27119,370,100,0,0,0,0,0,0,51,0,8
196,1108,6.2807,358,100,0,0,0,0,0,0,49,0,8
197,1260,6.34483,368,100,0,0,0,0,0,0,48,0,10
198,872,6.20339,366,100,0,0,0,0,0,0,53,0,6
199,776,6.29508,384,100,0,0,0,0,0,0,52,0,9
200,720,6.33898,374,100,0,0,0,0,0,0,49,0,10
201,964,6.22951,380,100,0,0,0,0,0,0,54,0,7
202,972,6.16129,382,100,0,0,0,0,0,0,57,0,5
203,972,6.10526,348,100,0,0,0,0,0,0,54,0,3
204,1020,6.15385,400,100,0,0,0,0,0,0,60,0,5
205,912,6.09524,384,100,0,0,0,0,0,0,60,0,3
206,860,6.09836,372,100,0,0,0,0,0,0,58,0,3
207,920,6.13559,362,100,0,0,0,0,0,0,55,0,4
208,904,6.06452,376,100,0,0,0,0,0,0,60,0,2
209,888,6.06667,364,100,0,0,0,0,0,0,58,0,2
210,920,6.16667,370,100,0,0,0,0,0,0,55,0,5
211,848,6.03333,362,100,0,0,0,0,0,0,59,0,1
212,752,6,348,100,0,0,0,0,0,0,58,0,0
213,900,6.03125,386,100,0,0,0,0,0,0,63,0,1
214,824,6.03448,350,100,0,0,0,0,0,0,57,0,1
215,932,6.06452,376,100,0,0,0,0,0,0,60,0,2
216,956,6.16393,376,100,0,0,0,0,0,0,56,0,5
217,980,6.12308,398,100,0,0,0,0,0,0,61,0,4
218,988,6.06061,400,100,0,0,0,0,0,0,64,0,2
219,1128,6.15625,394,100,0,0,0,0,0,0,59,0,5
220,1000,6.125,392,100,0,0,0,0,0,0,60,0,4
221,1048,6.06667,364,100,0,0,0,0,0,0,58,0,2
222,1032,6.09375,390,100,0,0,0,0,0,0,61,0,3
223,896,6.13793,356,100,0,0,0,0,0,0,54,0,4
224,956,6.16667,370,100,0,0,0,0,0,0,55,0,5
225,932,6.06897,352,100,0,0,0,0,0,0,56,0,2
226,836,6.13793,356,100,0,0,0,0,0,0,54,0,4
227,976,6.09524,384,100,0,0,0,0,0,0,60,0,3
228,948,6.06061,400,100,0,0,0,0,0,0,64,0,2
229,916,6.03279,368,100,0,0,0,0,0,0,60,0,1
230,944,6.03125,386,100,0,0,0,0,0,0,63,0,1
231,968,6.0678,358,100,0,0,0,0,0,0,57,0,2
232,932,6.03571,338,100,0,0,0,0,0,0,55,0,1
233,840,6.06897,352,100,0,0,0,0,0,0,56,0,2
234,840,6.03509,344,100,0,0,0,0,0,0,56,0,1
235,876,6.03571,338,100,0,0,0,0,0,0,55,0,1
236,1048,6,324,100,0,0,0,0,0,0,54,0,0
237,1104,6,360,100,0,0,0,0,0,0,60,0,0
238,992,6.03448,350,100,0,0,0,0,0,0,57,0,1
239,1112,6,342,100,0,0,0,0,0,0,57,0,0
240,836,6,336,100,0,0,0,0,0,0,56,0,0
241,984,6.03509,344,100,0,0,0,0,0,0,56,0,1
242,948,6.0339,356,100,0,0,0,0,0,0,58,0,1
243,880,6.06897,352,100,0,0,0,0,0,0,56,0,2
244,992,6,360,100,0,0,0,0,0,0,60,0,0
245,872,6,372,100,0,0,0,0,0,0,62,0,0
246,880,6,348,100,0,0,0,0,0,0,58,0,0
247,976,6.03279,368,100,0,0,0,0,0,0,60,0,1
248,968,6.03448,350,100,0,0,0,0,0,0,57,0,1
249,1040,6.06452,376,100,0,0,0,0,0,0,60,0,2
250,980,6.07143,340,100,0,0,0,0,0,0,54,0,2
251,872,6.03571,338,100,0,0,0,0,0,0,55,0,1
252,992,6.03509,344,100,0,0,0,0,0,0,56,0,1
253,908,6.03333,362,100,0,0,0,0,0,0,59,0,1
254,828,6,336,100,0,0,0,0,0,0,56,0,0
255,840,6.03279,368,100,0,0,0,0,0,0,60,0,1
256,848,6.03175,380,100,0,0,0,0,0,0,62,0,1
257,932,6.06557,370,100,0,0,0,0,0,0,59,0,2
258,928,6.09836,372,100,0,0,0,0,0,0,58,0,3
259,944,6.03226,374,100,0,0,0,0,0,0,61,0,1
260,948,6.03226,374,100,0,0,0,0,0,0,61,0,1
261,912,6.0339,356,100,0,0,0,0,0,0,58,0,1
262,900,6.0339,356,100,0,0,0,0,0,0,58,0,1
263,1024,6.03333,362,100,0,0,0,0,0,0,59,0,1
264,900,6,360,100,0,0,0,0,0,0,60,0,0
265,880,6,360,100,0,0,0,0,0,0,60,0,0
266,920,6,372,100,0,0,0,0,0,0,62,0,0
267,824,6,372,100,0,0,0,0,0,0,62,0,0
268,924,6.06452,376,100,0,0,0,0,0,0,60,0,2
269,1008,6.03333,362,100,0,0,0,0,0,0,59,0,1
270,848,6,366,100,0,0,0,0,0,0,61,0,0
271,828,6,372,100,0,0,0,0,0,0,62,0,0
272,852,6.03448,350,100,0,0,0,0,0,0,57,0,1
273,972,6,396,100,0,0,0,0,0,0,66,0,0
274,964,6,402,100,0,0,0,0,0,0,67,0,0
275,908,6,372,100,0,0,0,0,0,0,62,0,0
276,816,6.0339,356,100,0,0,0,0,0,0,58,0,1
277,948,6.03226,374,100,0,0,0,0,0,0,61,0,1
278,900,6.03279,368,100,0,0,0,0,0,0,60,0,1
279,920,6,342,100,0,0,0,0,0,0,57,0,0
280,1016,6,348,100,0,0,0,0,0,0,58,0,0
281,1036,6.0339,356,100,0,0,0,0,0,0,58,0,1
282,892,6.06667,364,100,0,0,0,0,0,0,58,0,2
283,1040,6.02985,404,100,0,0,0,0,0,0,66,0,1
284,876,6,378,100,0,0,0,0,0,0,63,0,0
285,876,6,354,100,0,0,0,0,0,0,59,0,0
286,964,6,366,100,0,0,0,0,0,0,61,0,0
287,1104,6,390,100,0,0,0,0,0,0,65,0,0
288,1016,6,348,100,0,0,0,0,0,0,58,0,0
289,992,6,360,100,0,0,0,0,0,0,60,0,0
290,892,6,378,100,0,0,0,0,0,0,63,0,0
291,916,6,366,100,0,0,0,0,0,0,61,0,0
292,952,6,366,100,0,0,0,0,0,0,61,0,0
293,932,6.06557,370,100,0,0,0,0,0,0,59,0,2
294,972,6,342,100,0,0,0,0,0,0,57,0,0
295,872,6,348,100,0,0,0,0,0,0,58,0,0
296,864,6,354,100,0,0,0,0,0,0,59,0,0
297,876,6,360,100,0,0,0,0,0,0,60,0,0
298,776,6.03509,344,100,0,0,0,0,0,0,56,0,1
299,824,6,354,100,0,0,0,0,0,0,59,0,0
300,964,6.03226,374,100,0,0,0,0,0,0,61,0,1
301,908,6.10526,348,100,0,0,0,0,0,0,54,0,3
302,968,6.07143,340,100,0,0,0,0,0,0,54,0,2
303,888,6,348,100,0,0,0,0,0,0,58,0,0
304,748,6.10345,354,100,0,0,0,0,0,0,55,0,3
305,872,6.16393,376,100,0,0,0,0,0,0,56,0,5
306,888,6.10169,360,100,0,0,0,0,0,0,56,0,3
307,860,6.06667,364,100,0,0,0,0,0,0,58,0,2
308,904,6.12903,380,100,0,0,0,0,0,0,58,0,4
309,876,6.09836,372,100,0,0,0,0,0,0,58,0,3
310,872,6.09677,378,100,0,0,0,0,0,0,59,0,3
311,976,6.09524,384,100,0,0,0,0,0,0,60,0,3
312,876,6.12903,380,100,0,0,0,0,0,0,58,0,4
313,832,6.06897,352,100,0,0,0,0,0,0,56,0,2
314,960,6.09836,372,100,0,0,0,0,0,0,58,0,3
315,848,6.03333,362,100,0,0,0,0,0,0,59,0,1
316,996,6.09836,372,100,0,0,0,0,0,0,58,0,3
317,932,6.03448,350,100,0,0,0,0,0,0,57,0,1
318,832,6.03704,326,100,0,0,0,0,0,0,53,0,1
319,1004,6.06897,352,100,0,0,0,0,0,0,56,0,2
320,932,6.09677,378,100,0,0,0,0,0,0,59,0,3
321,952,6.03175,380,100,0,0,0,0,0,0,62,0,1
322,944,6.09091,402,100,0,0,0,0,0,0,63,0,3
323,824,6.13333,368,100,0,0,0,0,0,0,56,0,4
324,816,6.09677,378,100,0,0,0,0,0,0,59,0,3
325,896,6.16393,376,100,0,0,0,0,0,0,56,0,5
326,944,6.12903,380,100,0,0,0,0,0,0,58,0,4
327,960,6.09375,390,100,0,0,0,0,0,0,61,0,3
328,1056,6.12308,398,100,0,0,0,0,0,0,61,0,4
329,1072,6.23333,374,100,0,0,0,0,0,0,53,0,7
330,1004,6.125,392,100,0,0,0,0,0,0,60,0,4
331,1236,6.08955,408,100,0,0,0,0,0,0,64,0,3
332,1280,6.09836,372,100,0,0,0,0,0,0,58,0,3
333,1200,6.0625,388,100,0,0,0,0,0,0,62,0,2
334,1264,6.06557,370,100,0,0,0,0,0,0,59,0,2
335,1164,6.06667,364,100,0,0,0,0,0,0,58,0,2
336,984,6.06897,352,100,0,0,0,0,0,0,56,0,2
337,1060,6.06154,394,100,0,0,0,0,0,0,63,0,2
338,976,6.13333,368,100,0,0,0,0,0,0,56,0,4
339,1036,6.0625,388,100,0,0,0,0,0,0,62,0,2
340,1140,6.0625,388,100,0,0,0,0,0,0,62,0,2
341,1088,6.12698,386,100,0,0,0,0,0,0,59,0,4
342,1048,6.06452,376,100,0,0,0,0,0,0,60,0,2
343,1056,6.06557,370,100,0,0,0,0,0,0,59,0,2
344,928,6.10345,354,100,0,0,0,0,0,0,55,0,3
345,1024,6.09677,378,100,0,0,0,0,0,0,59,0,3
346,1104,6.13559,362,100,0,0,0,0,0,0,55,0,4
347,1076,6.12308,398,100,0,0,0,0,0,0,61,0,4
348,968,6.13115,374,100,0,0,0,0,0,0,57,0,4
349,1020,6.12903,380,100,0,0,0,0,0,0,58,0,4
350,1116,6.03125,386,100,0,0,0,0,0,0,63,0,1
351,1160,6.02941,410,100,0,0,0,0,0,0,67,0,1
352,1144,6.06557,370,100,0,0,0,0,0,0,59,0,2
353,956,6.09836,372,100,0,0,0,0,0,0,58,0,3
354,1044,6.10169,360,100,0,0,0,0,0,0,56,0,3
355,1052,6.12903,380,100,0,0,0,0,0,0,58,0,4
356,824,6.16393,376,100,0,0,0,0,0,0,56,0,5
357,968,6.13559,362,100,0,0,0,0,0,0,55,0,4
358,964,6.20339,366,100,0,0,0,0,0,0,53,0,6
359,1044,6.25806,388,100,0,0,0,0,0,0,54,0,8
360,972,6.29032,390,100,0,0,0,0,0,0,53,0,9
361,1012,6.22951,380,100,0,0,0,0,0,0,54,0,7
362,960,6.26667,376,100,0,0,0,0,0,0,52,0,8
363,984,6.39344,390,100,0,0,0,0,0,0,49,0,12
364,860,6.29091,346,100,0,0,0,0,0,0,47,0,8
365,892,6.32143,354,100,0,0,0,0,0,0,47,0,9
366,952,6.2069,360,100,0,0,0,0,0,0,52,0,6
367,980,6.21818,342,100,0,0,0,0,0,0,49,0,6
368,1096,6.16129,382,100,0,0,0,0,0,0,57,0,5
369,1140,6.16949,364,100,0,0,0,0,0,0,54,0,5
370,1076,6.1,366,100,0,0,0,0,0,0,57,0,3
371,1032,6.24138,362,100,0,0,0,0,0,0,51,0,7
372,1148,6.21818,342,100,0,0,0,0,0,0,49,0,6
373,1300,6.25806,388,100,0,0,0,0,0,0,54,0,8
374,1088,6.29091,346,100,0,0,0,0,0,0,47,0,8
375,1080,6.21875,398,100,0,0,0,0,0,0,57,0,7
376,984,6.22581,386,100,0,0,0,0,0,0,55,0,7
377,924,6.25,400,100,0,0,0,0,0,0,56,0,8
378,952,6.25397,394,100,0,0,0,0,0,0,55,0,8
379,1052,6.33333,380,100,0,0,0,0,0,0,50,0,10
380,1000,6.36667,382,100,0,0,0,0,0,0,49,0,11
381,1124,6.3125,404,100,0,0,0,0,0,0,54,0,10
382,1076,6.37931,370,100,0,0,0,0,0,0,47,0,11
383,1052,6.37288,376,100,0,0,0,0,0,0,48,0,11
384,1212,6.34375,406,100,0,0,0,0,0,0,53,0,11
385,1060,6.3,378,100,0,0,0,0,0,0,51,0,9
386,1240,6.35714,356,100,0,0,0,0,0,0,46,0,10
387,1228,6.33898,374,100,0,0,0,0,0,0,49,0,10
388,1208,6.39344,390,100,0,0,0,0,0,0,49,0,12
389,1224,6.40678,378,100,0,0,0,0,0,0,47,0,12
390,1240,6.32787,386,100,0,0,0,0,0,0,51,0,10
391,1344,6.23333,374,100,0,0,0,0,0,0,53,0,7
392,1288,6.24138,362,100,0,0,0,0,0,0,51,0,7
393,1256,6.25,350,100,0,0,0,0,0,0,49,0,7
394,1236,6.31579,360,100,0,0,0,0,0,0,48,0,9
395,1352,6.37931,370,100,0,0,0,0,0,0,47,0,11
396,1328,6.31579,360,100,0,0,0,0,0,0,48,0,9
397,1268,6.38596,364,100,0,0,0,0,0,0,46,0,11
398,1536,6.33898,374,100,0,0,0,0,0,0,49,0,10
399,1564,6.43636,354,100,0,0,0,0,0,0,43,0,12
400,1416,6.62963,358,100,0,0,0,0,0,0,37,0,17
401,1240,6.3871,396,100,0,0,0,0,0,0,50,0,12
402,1072,6.47458,382,100,0,0,0,0,0,0,45,0,14
403,920,6.42857,360,100,0,0,0,0,0,0,44,0,12
404,1016,6.33898,374,100,0,0,0,0,0,0,49,0,10
405,1012,6.36667,382,100,0,0,0,0,0,0,49,0,11
406,964,6.27119,370,100,0,0,0,0,0,0,51,0,8
407,1032,6.24138,362,100,0,0,0,0,0,0,51,0,7
408,1032,6.28814,371,100,0,0,0,0,0,0,50,1,8
409,1092,6.23333,374,100,0,0,0,0,0,0,53,0,7
410,1048,6.16667,370,100,0,0,0,0,0,0,55,0,5
411,968,6.26667,376,100,0,0,0,0,0,0,52,0,8
412,1000,6.31579,360,100,0,0,0,0,0,0,48,0,9
413,1088,6.33898,374,100,0,0,0,0,0,0,49,0,10
414,1060,6.35088,362,100,0,0,0,0,0,0,47,0,10
415,1096,6.44828,374,100,0,0,0,0,0,0,45,0,13
416,1176,6.38596,364,100,0,0,0,0,0,0,46,0,11
417,1304,6.3,378,100,0,0,0,0,0,0,51,0,9
418,984,6.43636,354,100,0,0,0,0,0,0,43,0,12
419,1076,6.24138,362,100,0,0,0,0,0,0,51,0,7
420,1124,6.32727,348,100,0,0,0,0,0,0,46,0,9
421,888,6.34483,368,100,0,0,0,0,0,0,48,0,10
422,888,6.21875,398,100,0,0,0,0,0,0,57,0,7
423,868,6.24138,362,100,0,0,0,0,0,0,51,0,7
424,1016,6.22951,380,100,0,0,0,0,0,0,54,0,7
425,1012,6.22951,380,100,0,0,0,0,0,0,54,0,7
426,1008,6.38596,364,100,0,0,0,0,0,0,46,0,11
427,972,6.2807,358,100,0,0,0,0,0,0,49,0,8
428,1064,6.23729,368,100,0,0,0,0,0,0,52,0,7
429,1176,6.16129,382,100,0,0,0,0,0,0,57,0,5
430,972,6.32143,354,100,0,0,0,0,0,0,47,0,9
431,1000,6.41379,372,100,0,0,0,0,0,0,46,0,12
432,1104,6.25806,388,100,0,0,0,0,0,0,54,0,8
433,1028,6.2623,382,100,0,0,0,0,0,0,53,0,8
434,912,6.22951,380,100,0,0,0,0,0,0,54,0,7
435,868,6.43636,354,100,0,0,0,0,0,0,43,0,12
436,988,6.34483,368,100,0,0,0,0,0,0,48,0,10
437,1216,6.36667,382,100,0,0,0,0,0,0,49,0,11
438,1208,6.24615,406,100,0,0,0,0,0,0,57,0,8
439,1120,6.4,384,100,0,0,0,0,0,0,48,0,12
440,1096,6.27586,364,100,0,0,0,0,0,0,50,0,8
441,1164,6.35484,394,100,0,0,0,0,0,0,51,0,11
442,1280,6.28571,396,100,0,0,0,0,0,0,54,0,9
443,1064,6.21818,342,100,0,0,0,0,0,0,49,0,6
444,1012,6.18868,328,100,0,0,0,0,0,0,48,0,5
445,1016,6.17544,352,100,0,0,0,0,0,0,52,0,5
446,1248,6.2623,382,100,0,0,0,0,0,0,53,0,8
447,1188,6.21212,410,100,0,0,0,0,0,0,59,0,7
448,1260,6.26667,376,100,0,0,0,0,0,0,52,0,8
449,1272,6.16393,376,100,0,0,0,0,0,0,56,0,5
450,1288,6.33333,380,100,0,0,0,0,0,0,50,0,10
451,1304,6.23333,374,100,0,0,0,0,0,0,53,0,7
452,1148,6.16393,376,100,0,0,0,0,0,0,56,0,5
453,1096,6.17241,358,100,0,0,0,0,0,0,53,0,5
454,1012,6.29091,346,100,0,0,0,0,0,0,47,0,8
455,1064,6.27119,370,100,0,0,0,0,0,0,51,0,8
456,924,6.2963,340,100,0,0,0,0,0,0,46,0,8
457,1000,6.27119,370,100,0,0,0,0,0,0,51,0,8
458,848,6.16949,364,100,0,0,0,0,0,0,54,0,5
459,988,6.19672,378,100,0,0,0,0,0,0,55,0,6
460,1116,6.12903,380,100,0,0,0,0,0,0,58,0,4
461,972,6.14815,332,100,0,0,0,0,0,0,50,0,4
462,896,6.14286,344,100,0,0,0,0,0,0,52,0,4
463,1084,6.1,366,100,0,0,0,0,0,0,57,0,3
464,1044,6.16667,370,100,0,0,0,0,0,0,55,0,5
465,1036,6.10714,342,100,0,0,0,0,0,0,53,0,3
466,1052,6.14286,344,100,0,0,0,0,0,0,52,0,4
467,1220,6.17241,358,100,0,0,0,0,0,0,53,0,5
468,1160,6.19048,390,100,0,0,0,0,0,0,57,0,6
469,1196,6.22222,392,100,0,0,0,0,0,0,56,0,7
470,804,6.14545,338,100,0,0,0,0,0,0,51,0,4
471,812,6.06897,352,100,0,0,0,0,0,0,56,0,2
472,964,6.15873,388,100,0,0,0,0,0,0,58,0,5
473,1028,6.25,400,100,0,0,0,0,0,0,56,0,8
474,984,6.19672,378,100,0,0,0,0,0,0,55,0,6
475,1016,6.23729,368,100,0,0,0,0,0,0,52,0,7
476,964,6.26667,376,100,0,0,0,0,0,0,52,0,8
477,1032,6.32787,386,100,0,0,0,0,0,0,51,0,10
478,1032,6.24561,356,100,0,0,0,0,0,0,50,0,7
479,920,6.21053,354,100,0,0,0,0,0,0,51,0,6
480,1048,6.17241,358,100,0,0,0,0,0,0,53,0,5
481,1032,6.16393,376,100,0,0,0,0,0,0,56,0,5
482,1004,6.15873,388,100,0,0,0,0,0,0,58,0,5
483,1128,6.16129,382,100,0,0,0,0,0,0,57,0,5
484,964,6.22951,380,100,0,0,0,0,0,0,54,0,7
485,1072,6.09231,396,100,0,0,0,0,0,0,62,0,3
486,1028,6.12308,398,100,0,0,0,0,0,0,61,0,4
487,1088,6.13793,356,100,0,0,0,0,0,0,54,0,4
488,1096,6.13333,368,100,0,0,0,0,0,0,56,0,4
489,1092,6.21875,398,100,0,0,0,0,0,0,57,0,7
490,1228,6.18182,408,100,0,0,0,0,0,0,60,0,6
491,1088,6.13115,374,100,0,0,0,0,0,0,57,0,4
492,1016,6.06557,370,100,0,0,0,0,0,0,59,0,2
493,1096,6.06061,400,100,0,0,0,0,0,0,64,0,2
494,1084,6.0597,406,100,0,0,0,0,0,0,65,0,2
495,1000,6.11765,416,100,0,0,0,0,0,0,64,0,4
496,1036,6.09836,372,100,0,0,0,0,0,0,58,0,3
497,1140,6.09524,384,100,0,0,0,0,0,0,60,0,3
498,852,6.03448,350,100,0,0,0,0,0,0,57,0,1
499,864,6.07143,340,100,0,0,0,0,0,0,54,0,2
500,924,6.03333,362,100,0,0,0,0,0,0,59,0,1
501,920,6.07273,334,100,0,0,0,0,0,0,53,0,2
502,1120,6.03509,344,100,0,0,0,0,0,0,56,0,1
503,1120,6.06452,376,100,0,0,0,0,0,0,60,0,2
504,1192,6.09836,372,100,0,0,0,0,0,0,58,0,3
505,936,6.06557,370,100,0,0,0,0,0,0,59,0,2
506,1000,6.10714,342,100,0,0,0,0,0,0,53,0,3
507,1032,6.06452,376,100,0,0,0,0,0,0,60,0,2
508,992,6.13333,368,100,0,0,0,0,0,0,56,0,4
509,1200,6.1,366,100,0,0,0,0,0,0,57,0,3
510,1096,6.07018,346,100,0,0,0,0,0,0,55,0,2
511,1088,6,336,100,0,0,0,0,0,0,56,0,0
512,1248,6,390,100,0,0,0,0,0,0,65,0,0
513,1232,6.06667,364,100,0,0,0,0,0,0,58,0,2
514,1068,6.07018,346,100,0,0,0,0,0,0,55,0,2
515,1248,6.09091,402,100,0,0,0,0,0,0,63,0,3
516,1068,6.0678,358,100,0,0,0,0,0,0,57,0,2
517,1096,6.10345,354,100,0,0,0,0,0,0,55,0,3
518,1148,6.07018,346,100,0,0,0,0,0,0,55,0,2
519,1276,6,348,100,0,0,0,0,0,0,58,0,0
520,1188,6,360,100,0,0,0,0,0,0,60,0,0
521,920,6,354,100,0,0,0,0,0,0,59,0,0
522,1080,6,390,100,0,0,0,0,0,0,65,0,0
523,960,6.06349,382,100,0,0,0,0,0,0,61,0,2
524,864,6,360,100,0,0,0,0,0,0,60,0,0
525,968,6,378,100,0,0,0,0,0,0,63,0,0
526,840,6,366,100,0,0,0,0,0,0,61,0,0
527,864,6,360,100,0,0,0,0,0,0,60,0,0
528,892,6.06349,382,100,0,0,0,0,0,0,61,0,2
529,856,6.06897,352,100,0,0,0,0,0,0,56,0,2
530,1048,6.02985,404,100,0,0,0,0,0,0,66,0,1
531,900,6,366,100,0,0,0,0,0,0,61,0,0
532,1028,6,390,100,0,0,0,0,0,0,65,0,0
533,888,6,360,100,0,0,0,0,0,0,60,0,0
534,1060,6.06154,394,100,0,0,0,0,0,0,63,0,2
535,1124,6.09524,384,100,0,0,0,0,0,0,60,0,3
536,1100,6.03279,368,100,0,0,0,0,0,0,60,0,1
537,1032,6.03125,386,100,0,0,0,0,0,0,63,0,1
538,928,6.06452,376,100,0,0,0,0,0,0,60,0,2
539,872,6.13115,374,100,0,0,0,0,0,0,57,0,4
540,952,6.09524,384,100,0,0,0,0,0,0,60,0,3
541,1000,6.10169,360,100,0,0,0,0,0,0,56,0,3
542,1068,6.09677,378,100,0,0,0,0,0,0,59,0,3
543,928,6.09677,378,100,0,0,0,0,0,0,59,0,3
544,1124,6.02985,404,100,0,0,0,0,0,0,66,0,1
545,944,6,384,100,0,0,0,0,0,0,64,0,0
546,1084,6.02985,404,100,0,0,0,0,0,0,66,0,1
547,948,6.03279,368,100,0,0,0,0,0,0,60,0,1
548,996,6.03279,368,100,0,0,0,0,0,0,60,0,1
549,920,6.03226,374,100,0,0,0,0,0,0,61,0,1
550,1024,6.06154,394,100,0,0,0,0,0,0,63,0,2
551,1040,6.0678,358,100,0,0,0,0,0,0,57,0,2
552,1168,6.0625,388,100,0,0,0,0,0,0,62,0,2
553,1316,6.12903,380,100,0,0,0,0,0,0,58,0,4
554,1192,6.16393,376,100,0,0,0,0,0,0,56,0,5
555,1344,6.15152,406,100,0,0,0,0,0,0,61,0,5
556,1048,6.31579,360,100,0,0,0,0,0,0,48,0,9
557,976,6.27692,408,100,0,0,0,0,0,0,56,0,9
558,876,6.31034,366,100,0,0,0,0,0,0,49,0,9
559,868,6.4375,412,100,0,0,0,0,0,0,50,0,14
560,924,6.38596,364,100,0,0,0,0,0,0,46,0,11
561,1088,6.41935,398,100,0,0,0,0,0,0,49,0,13
562,1152,6.34483,368,100,0,0,0,0,0,0,48,0,10
563,1352,6.4127,404,100,0,0,0,0,0,0,50,0,13
564,1164,6.32787,386,100,0,0,0,0,0,0,51,0,10
565,1032,6.17857,346,100,0,0,0,0,0,0,51,0,5
566,1284,6.16393,376,100,0,0,0,0,0,0,56,0,5
567,1488,6.24615,406,100,0,0,0,0,0,0,57,0,8
568,1360,6.19672,378,100,0,0,0,0,0,0,55,0,6
569,1244,6.12698,386,100,0,0,0,0,0,0,59,0,4
570,1268,6.23729,368,100,0,0,0,0,0,0,52,0,7
571,1056,6.3,378,100,0,0,0,0,0,0,51,0,9
572,876,6.20339,366,100,0,0,0,0,0,0,53,0,6
573,948,6.33333,380,100,0,0,0,0,0,0,50,0,10
574,908,6.42857,360,100,0,0,0,0,0,0,44,0,12
575,932,6.375,408,100,0,0,0,0,0,0,52,0,12
576,916,6.44828,374,100,0,0,0,0,0,0,45,0,13
577,1000,6.4918,396,100,0,0,0,0,0,0,46,0,15
578,1036,6.42623,392,100,0,0,0,0,0,0,48,0,13
579,1056,6.53333,392,100,0,0,0,0,0,0,44,0,16
580,1016,6.6129,410,100,0,0,0,0,0,0,43,0,19
581,1068,6.5,390,100,0,0,0,0,0,0,45,0,15
582,1092,6.5,390,100,0,0,0,0,0,0,45,0,15
583,1048,6.65455,366,100,0,0,0,0,0,0,37,0,18
584,1008,6.42857,360,100,0,0,0,0,0,0,44,0,12
585,1104,6.43333,386,100,0,0,0,0,0,0,47,0,13
586,1188,6.7037,362,100,0,0,0,0,0,0,35,0,19
587,1148,6.58182,362,100,0,0,0,0,0,0,39,0,16
588,1184,6.65455,366,100,0,0,0,0,0,0,37,0,18
589,1004,6.4,352,100,0,0,0,0,0,0,44,0,11
590,1080,6.55556,354,100,0,0,0,0,0,0,39,0,15
591,1196,6.64407,392,100,0,0,0,0,0,0,40,0,19
592,1076,6.51852,352,100,0,0,0,0,0,0,40,0,14
593,1084,6.58182,362,100,0,0,0,0,0,0,39,0,16
594,1168,6.58182,362,100,0,0,0,0,0,0,39,0,16
595,1220,6.53571,366,100,0,0,0,0,0,0,41,0,15
596,1344,6.54237,386,100,0,0,0,0,0,0,43,0,16
597,1336,6.61818,364,100,0,0,0,0,0,0,38,0,17
598,1080,6.50909,358,100,0,0,0,0,0,0,41,0,14
599,1160,6.6,396,100,0,0,0,0,0,0,42,0,18
600,1200,6.51724,378,100,0,0,0,0,0,0,43,0,15
601,1072,6.54237,386,100,0,0,0,0,0,0,43,0,16
602,1048,6.4127,404,100,0,0,0,0,0,0,50,0,13
603,1232,6.41935,398,100,0,0,0,0,0,0,49,0,13
604,1148,6.37288,376,100,0,0,0,0,0,0,48,0,11
605,1220,6.3871,396,100,0,0,0,0,0,0,50,0,12
606,1120,6.37288,376,100,0,0,0,0,0,0,48,0,11
607,1148,6.32787,386,100,0,0,0,0,0,0,51,0,10
608,1136,6.19048,390,100,0,0,0,0,0,0,57,0,6
609,1124,6.29508,384,100,0,0,0,0,0,0,52,0,9
610,940,6.35714,356,100,0,0,0,0,0,0,46,0,10
611,1184,6.36066,388,100,0,0,0,0,0,0,50,0,11
612,1048,6.21053,354,100,0,0,0,0,0,0,51,0,6
613,1008,6.23729,368,100,0,0,0,0,0,0,52,0,7
614,1140,6.35088,362,100,0,0,0,0,0,0,47,0,10
615,1052,6.20339,366,100,0,0,0,0,0,0,53,0,6
616,1132,6.18868,328,100,0,0,0,0,0,0,48,0,5
617,996,6.03509,344,100,0,0,0,0,0,0,56,0,1
618,884,6.03704,326,100,0,0,0,0,0,0,53,0,1
619,900,6.17544,352,100,0,0,0,0,0,0,52,0,5
620,984,6.10526,348,100,0,0,0,0,0,0,54,0,3
621,964,6.16667,370,100,0,0,0,0,0,0,55,0,5
622,928,6.16393,376,100,0,0,0,0,0,0,56,0,5
623,920,6.13793,356,100,0,0,0,0,0,0,54,0,4
624,924,6.19672,378,100,0,0,0,0,0,0,55,0,6
625,1156,6.13333,368,100,0,0,0,0,0,0,56,0,4
626,1008,6.17241,358,100,0,0,0,0,0,0,53,0,5
627,1108,6.09836,372,100,0,0,0,0,0,0,58,0,3
628,992,6.16667,370,100,0,0,0,0,0,0,55,0,5
629,1148,6.1875,396,100,0,0,0,0,0,0,58,0,6
630,1044,6.13115,374,100,0,0,0,0,0,0,57,0,4
631,904,6.06061,400,100,0,0,0,0,0,0,64,0,2
632,928,6.1,366,100,0,0,0,0,0,0,57,0,3
633,1208,6.06154,394,100,0,0,0,0,0,0,63,0,2
634,1184,6.07018,346,100,0,0,0,0,0,0,55,0,2
635,1428,6.2,372,100,0,0,0,0,0,0,54,0,6
636,1404,6.12698,386,100,0,0,0,0,0,0,59,0,4
637,1596,6.12698,386,100,0,0,0,0,0,0,59,0,4
638,1656,6.06897,352,100,0,0,0,0,0,0,56,0,2
639,1388,6.16667,370,100,0,0,0,0,0,0,55,0,5
640,1564,6.10714,342,100,0,0,0,0,0,0,53,0,3
641,1184,6.14545,338,100,0,0,0,0,0,0,51,0,4
642,1244,6.0678,358,100,0,0,0,0,0,0,57,0,2
643,1280,6.03571,338,100,0,0,0,0,0,0,55,0,1
644,1044,6,342,100,0,0,0,0,0,0,57,0,0
645,1156,6.03571,338,100,0,0,0,0,0,0,55,0,1
646,1328,6.03704,326,100,0,0,0,0,0,0,53,0,1
647,1232,6.0339,356,100,0,0,0,0,0,0,58,0,1
648,1112,6,342,100,0,0,0,0,0,0,57,0,0
649,1000,6.03571,338,100,0,0,0,0,0,0,55,0,1
650,1180,6.14545,338,100,0,0,0,0,0,0,51,0,4
651,1100,6.07273,334,100,0,0,0,0,0,0,53,0,2
652,1168,6.07143,340,100,0,0,0,0,0,0,54,0,2
653,996,6.18182,340,100,0,0,0,0,0,0,50,0,5
654,1000,6.10714,342,100,0,0,0,0,0,0,53,0,3
655,1112,6.03448,350,100,0,0,0,0,0,0,57,0,1
656,1192,6,366,100,0,0,0,0,0,0,61,0,0
657,1220,6.03333,362,100,0,0,0,0,0,0,59,0,1
658,1256,6.06349,382,100,0,0,0,0,0,0,61,0,2
659,1240,6.10169,360,100,0,0,0,0,0,0,56,0,3
660,1244,6.0678,358,100,0,0,0,0,0,0,57,0,2
661,1272,6.06667,364,100,0,0,0,0,0,0,58,0,2
662,1472,6.07018,346,100,0,0,0,0,0,0,55,0,2
663,1328,6.0678,358,100,0,0,0,0,0,0,57,0,2
664,1328,6.03448,350,100,0,0,0,0,0,0,57,0,1
665,1296,6.03509,344,100,0,0,0,0,0,0,56,0,1
666,1264,6.03509,344,100,0,0,0,0,0,0,56,0,1
667,1388,6.07143,340,100,0,0,0,0,0,0,54,0,2
668,1400,6.09677,378,100,0,0,0,0,0,0,59,0,3
669,1376,6.06897,352,100,0,0,0,0,0,0,56,0,2
670,1364,6.07273,334,100,0,0,0,0,0,0,53,0,2
671,1328,6.14035,350,100,0,0,0,0,0,0,53,0,4
672,1276,6.10345,354,100,0,0,0,0,0,0,55,0,3
673,1368,6.10169,360,100,0,0,0,0,0,0,56,0,3
674,1072,6.25455,344,100,0,0,0,0,0,0,48,0,7
675,936,6.21429,348,100,0,0,0,0,0,0,50,0,6
676,1008,6.14545,338,100,0,0,0,0,0,0,51,0,4
677,968,6.10345,354,100,0,0,0,0,0,0,55,0,3
678,1160,6.09375,390,100,0,0,0,0,0,0,61,0,3
679,1012,6.03509,344,100,0,0,0,0,0,0,56,0,1
680,1048,6.03448,350,100,0,0,0,0,0,0,57,0,1
681,1076,6.03125,386,100,0,0,0,0,0,0,63,0,1
682,1064,6.0678,358,100,0,0,0,0,0,0,57,0,2
683,968,6.06667,364,100,0,0,0,0,0,0,58,0,2
684,988,6,378,100,0,0,0,0,0,0,63,0,0
685,1092,6.03077,392,100,0,0,0,0,0,0,64,0,1
686,1008,6.0625,388,100,0,0,0,0,0,0,62,0,2
687,928,6.0339,356,100,0,0,0,0,0,0,58,0,1
688,1096,6.09677,378,100,0,0,0,0,0,0,59,0,3
689,972,6.13115,374,100,0,0,0,0,0,0,57,0,4
690,1040,6.07407,328,100,0,0,0,0,0,0,52,0,2
691,1072,6.06897,352,100,0,0,0,0,0,0,56,0,2
692,1236,6.0625,388,100,0,0,0,0,0,0,62,0,2
693,1104,6.09836,372,100,0,0,0,0,0,0,58,0,3
694,1268,6.12903,380,100,0,0,0,0,0,0,58,0,4
695,1152,6.14815,332,100,0,0,0,0,0,0,50,0,4
696,904,6.16949,364,100,0,0,0,0,0,0,54,0,5
697,988,6.2,372,100,0,0,0,0,0,0,54,0,6
698,948,6.10526,348,100,0,0,0,0,0,0,54,0,3
699,896,6.07018,346,100,0,0,0,0,0,0,55,0,2
700,784,6.07143,340,100,0,0,0,0,0,0,54,0,2
701,916,6.0678,358,100,0,0,0,0,0,0,57,0,2
702,888,6.03448,350,100,0,0,0,0,0,0,57,0,1
703,884,6.06667,364,100,0,0,0,0,0,0,58,0,2
704,792,6.07018,346,100,0,0,0,0,0,0,55,0,2
705,844,6.09836,372,100,0,0,0,0,0,0,58,0,3
706,812,6.07018,346,100,0,0,0,0,0,0,55,0,2
707,984,6,366,100,0,0,0,0,0,0,61,0,0
708,800,6.03571,338,100,0,0,0,0,0,0,55,0,1
709,904,6.0678,358,100,0,0,0,0,0,0,57,0,2
710,876,6.03333,362,100,0,0,0,0,0,0,59,0,1
711,816,6,348,100,0,0,0,0,0,0,58,0,0
712,856,6.0339,356,100,0,0,0,0,0,0,58,0,1
713,928,6.13333,368,100,0,0,0,0,0,0,56,0,4
714,848,6.07273,334,100,0,0,0,0,0,0,53,0,2
715,844,6,348,100,0,0,0,0,0,0,58,0,0
716,828,6.03333,362,100,0,0,0,0,0,0,59,0,1
717,856,6.03077,392,100,0,0,0,0,0,0,64,0,1
718,836,6.03279,368,100,0,0,0,0,0,0,60,0,1
719,856,6.06667,364,100,0,0,0,0,0,0,58,0,2
720,884,6.06557,370,100,0,0,0,0,0,0,59,0,2
721,1004,6.12698,386,100,0,0,0,0,0,0,59,0,4
722,1004,6.03226,374,100,0,0,0,0,0,0,61,0,1
723,812,6.03448,350,100,0,0,0,0,0,0,57,0,1
724,940,6,354,100,0,0,0,0,0,0,59,0,0
725,992,6,384,100,0,0,0,0,0,0,64,0,0
726,1056,6.03226,374,100,0,0,0,0,0,0,61,0,1
727,868,6.03509,344,100,0,0,0,0,0,0,56,0,1
728,896,6,360,100,0,0,0,0,0,0,60,0,0
729,940,6,378,100,0,0,0,0,0,0,63,0,0
730,916,6,366,100,0,0,0,0,0,0,61,0,0
731,888,6.03509,344,100,0,0,0,0,0,0,56,0,1
732,864,6.03571,338,100,0,0,0,0,0,0,55,0,1
733,1048,6.03226,374,100,0,0,0,0,0,0,61,0,1
734,1032,6.10526,348,100,0,0,0,0,0,0,54,0,3
735,976,6.12698,386,100,0,0,0,0,0,0,59,0,4
736,1048,6.13559,362,100,0,0,0,0,0,0,55,0,4
737,1112,6.06557,370,100,0,0,0,0,0,0,59,0,2
738,908,6.03509,344,100,0,0,0,0,0,0,56,0,1
739,1148,6.03333,362,100,0,0,0,0,0,0,59,0,1
740,1112,6,378,100,0,0,0,0,0,0,63,0,0
741,1132,6,360,100,0,0,0,0,0,0,60,0,0
742,1388,6,378,100,0,0,0,0,0,0,63,0,0
743,1216,6.06897,352,100,0,0,0,0,0,0,56,0,2
744,1552,6.06557,370,100,0,0,0,0,0,0,59,0,2
745,1764,6.1,366,100,0,0,0,0,0,0,57,0,3
746,1932,6.06452,376,100,0,0,0,0,0,0,60,0,2
747,1876,6.03175,380,100,0,0,0,0,0,0,62,0,1
748,1760,6.06897,352,100,0,0,0,0,0,0,56,0,2
749,1996,6.03509,344,100,0,0,0,0,0,0,56,0,1
750,1908,6.1,366,100,0,0,0,0,0,0,57,0,3
751,1768,6.03279,368,100,0,0,0,0,0,0,60,0,1
752,1696,6.03448,350,100,0,0,0,0,0,0,57,0,1
753,1732,6.03846,314,100,0,0,0,0,0,0,51,0,1
754,1196,6.10714,342,100,0,0,0,0,0,0,53,0,3
755,1352,6.14035,350,100,0,0,0,0,0,0,53,0,4
756,1452,6.0678,358,100,0,0,0,0,0,0,57,0,2
757,1504,6.0678,358,100,0,0,0,0,0,0,57,0,2
758,1588,6.10526,348,100,0,0,0,0,0,0,54,0,3
759,1520,6.10526,348,100,0,0,0,0,0,0,54,0,3
760,1416,6.10909,336,100,0,0,0,0,0,0,52,0,3
761,1868,6.09524,384,100,0,0,0,0,0,0,60,0,3
762,1728,6.07143,340,100,0,0,0,0,0,0,54,0,2
763,1704,6.10909,336,100,0,0,0,0,0,0,52,0,3
764,1632,6.03448,350,100,0,0,0,0,0,0,57,0,1
765,1664,6,354,100,0,0,0,0,0,0,59,0,0
766,1372,6,336,100,0,0,0,0,0,0,56,0,0
767,1516,6.0339,356,100,0,0,0,0,0,0,58,0,1
768,1348,6.03636,332,100,0,0,0,0,0,0,54,0,1
769,1156,6.0339,356,100,0,0,0,0,0,0,58,0,1
770,1220,6.06557,370,100,0,0,0,0,0,0,59,0,2
771,1428,6.03226,374,100,0,0,0,0,0,0,61,0,1
772,1068,6.10909,336,100,0,0,0,0,0,0,52,0,3
773,1116,6.0339,356,100,0,0,0,0,0,0,58,0,1
774,1048,6,312,100,0,0,0,0,0,0,52,0,0
775,1184,6.11321,324,100,0,0,0,0,0,0,50,0,3
776,1048,6.10714,342,100,0,0,0,0,0,0,53,0,3
777,1240,6.06452,376,100,0,0,0,0,0,0,60,0,2
778,1052,6.0339,356,100,0,0,0,0,0,0,58,0,1
779,1084,6.0339,356,100,0,0,0,0,0,0,58,0,1
780,1288,6,366,100,0,0,0,0,0,0,61,0,0
781,1240,6,342,100,0,0,0,0,0,0,57,0,0
782,1376,6.06557,370,100,0,0,0,0,0,0,59,0,2
783,1276,6.06452,376,100,0,0,0,0,0,0,60,0,2
784,1292,6.06667,364,100,0,0,0,0,0,0,58,0,2
785,1364,6.03226,374,100,0,0,0,0,0,0,61,0,1
786,1344,6.10714,342,100,0,0,0,0,0,0,53,0,3
787,1656,6.1,366,100,0,0,0,0,0,0,57,0,3
788,1488,6.0339,356,100,0,0,0,0,0,0,58,0,1
789,1440,6.07018,346,100,0,0,0,0,0,0,55,0,2
790,1380,6.14815,332,100,0,0,0,0,0,0,50,0,4
791,1376,6.07407,328,100,0,0,0,0,0,0,52,0,2
792,1472,6.07407,328,100,0,0,0,0,0,0,52,0,2
793,1456,6.11111,330,100,0,0,0,0,0,0,51,0,3
794,1304,6.03636,332,100,0,0,0,0,0,0,54,0,1
795,1364,6.06667,364,100,0,0,0,0,0,0,58,0,2
796,1116,6.03774,320,100,0,0,0,0,0,0,52,0,1
797,1152,6,342,100,0,0,0,0,0,0,57,0,0
798,1372,6.07018,346,100,0,0,0,0,0,0,55,0,2
799,1256,6.11111,330,100,0,0,0,0,0,0,51,0,3
800,1012,6.11538,318,100,0,0,0,0,0,0,49,0,3
801,1048,6.0339,356,100,0,0,0,0,0,0,58,0,1
802,1104,6.12903,380,100,0,0,0,0,0,0,58,0,4
803,1340,6.13115,374,100,0,0,0,0,0,0,57,0,4
804,1628,6.15385,400,100,0,0,0,0,0,0,60,0,5
805,1828,6.14286,344,100,0,0,0,0,0,0,52,0,4
806,1568,6.18519,334,100,0,0,0,0,0,0,49,0,5
807,1680,6.13333,368,100,0,0,0,0,0,0,56,0,4
808,1728,6.13115,374,100,0,0,0,0,0,0,57,0,4
809,1868,6.10526,348,100,0,0,0,0,0,0,54,0,3
810,2108,6.15625,394,100,0,0,0,0,0,0,59,0,5
811,1560,6.10169,360,100,0,0,0,0,0,0,56,0,3
812,1664,6.07018,346,100,0,0,0,0,0,0,55,0,2
813,1504,6.10345,354,100,0,0,0,0,0,0,55,0,3
814,1588,6.06349,382,100,0,0,0,0,0,0,61,0,2
815,1392,6.06349,382,100,0,0,0,0,0,0,61,0,2
816,1100,6.03571,338,100,0,0,0,0,0,0,55,0,1
817,1064,6,360,100,0,0,0,0,0,0,60,0,0
818,924,6.06897,352,100,0,0,0,0,0,0,56,0,2
819,1128,6,360,100,0,0,0,0,0,0,60,0,0
820,1276,6.0339,356,100,0,0,0,0,0,0,58,0,1
821,1472,6,378,100,0,0,0,0,0,0,63,0,0
822,1412,6.03636,332,100,0,0,0,0,0,0,54,0,1
823,1220,6.10345,354,100,0,0,0,0,0,0,55,0,3
824,1288,6.14545,338,100,0,0,0,0,0,0,51,0,4
825,1260,6.10345,354,100,0,0,0,0,0,0,55,0,3
826,1292,6.17544,352,100,0,0,0,0,0,0,52,0,5
827,1372,6.0339,356,100,0,0,0,0,0,0,58,0,1
828,1280,6.10345,354,100,0,0,0,0,0,0,55,0,3
829,1280,6.03571,338,100,0,0,0,0,0,0,55,0,1
830,1424,6.13333,368,100,0,0,0,0,0,0,56,0,4
831,1192,6.03509,344,100,0,0,0,0,0,0,56,0,1
832,976,6.03509,344,100,0,0,0,0,0,0,56,0,1
833,1116,6.09524,384,100,0,0,0,0,0,0,60,0,3
834,1212,6.09677,378,100,0,0,0,0,0,0,59,0,3
835,1204,6.125,392,100,0,0,0,0,0,0,60,0,4
836,1252,6.1,366,100,0,0,0,0,0,0,57,0,3
837,988,6.06667,364,100,0,0,0,0,0,0,58,0,2
838,972,6.2069,360,100,0,0,0,0,0,0,52,0,6
839,976,6.24561,356,100,0,0,0,0,0,0,50,0,7
840,1072,6.27119,370,100,0,0,0,0,0,0,51,0,8
841,1084,6.13333,368,100,0,0,0,0,0,0,56,0,4
842,960,6.11111,330,100,0,0,0,0,0,0,51,0,3
843,1088,6.12308,398,100,0,0,0,0,0,0,61,0,4
844,1180,6.1194,410,100,0,0,0,0,0,0,63,0,4
845,1032,6.03077,392,100,0,0,0,0,0,0,64,0,1
846,920,6.20339,366,100,0,0,0,0,0,0,53,0,6
847,908,6.12903,380,100,0,0,0,0,0,0,58,0,4
848,856,6.19672,378,100,0,0,0,0,0,0,55,0,6
849,832,6.09524,384,100,0,0,0,0,0,0,60,0,3
850,988,6.15152,406,100,0,0,0,0,0,0,61,0,5
851,1064,6.03125,386,100,0,0,0,0,0,0,63,0,1
852,1096,6.06349,382,100,0,0,0,0,0,0,61,0,2
853,1020,6.06154,394,100,0,0,0,0,0,0,63,0,2
854,880,6.0678,358,100,0,0,0,0,0,0,57,0,2
855,916,6.06061,400,100,0,0,0,0,0,0,64,0,2
856,952,6.09091,402,100,0,0,0,0,0,0,63,0,3
857,812,6.09524,384,100,0,0,0,0,0,0,60,0,3
858,860,6.06349,382,100,0,0,0,0,0,0,61,0,2
859,868,6.06452,376,100,0,0,0,0,0,0,60,0,2
860,836,6.03448,350,100,0,0,0,0,0,0,57,0,1
861,992,6.03077,392,100,0,0,0,0,0,0,64,0,1
862,928,6.03571,338,100,0,0,0,0,0,0,55,0,1
863,848,6.06452,376,100,0,0,0,0,0,0,60,0,2
864,932,6.09677,378,100,0,0,0,0,0,0,59,0,3
865,848,6.10526,348,100,0,0,0,0,0,0,54,0,3
866,852,6.06452,376,100,0,0,0,0,0,0,60,0,2
867,792,6.09836,372,100,0,0,0,0,0,0,58,0,3
868,820,6.06667,364,100,0,0,0,0,0,0,58,0,2
869,952,6.03175,380,100,0,0,0,0,0,0,62,0,1
870,1004,6.0625,388,100,0,0,0,0,0,0,62,0,2
871,876,6.12698,386,100,0,0,0,0,0,0,59,0,4
872,988,6.06154,394,100,0,0,0,0,0,0,63,0,2
873,984,6.03226,374,100,0,0,0,0,0,0,61,0,1
874,816,6,384,100,0,0,0,0,0,0,64,0,0
875,800,6,372,100,0,0,0,0,0,0,62,0,0
876,808,6.09524,384,100,0,0,0,0,0,0,60,0,3
877,944,6.03125,386,100,0,0,0,0,0,0,63,0,1
878,928,6,396,100,0,0,0,0,0,0,66,0,0
879,1040,6.0303,398,100,0,0,0,0,0,0,65,0,1
880,1256,6.03077,392,100,0,0,0,0,0,0,64,0,1
881,1412,6.06154,394,100,0,0,0,0,0,0,63,0,2
882,1476,6.03333,362,100,0,0,0,0,0,0,59,0,1
883,1604,6,354,100,0,0,0,0,0,0,59,0,0
884,1920,6.06557,370,100,0,0,0,0,0,0,59,0,2
885,1888,6.09677,378,100,0,0,0,0,0,0,59,0,3
886,1392,6.16949,364,100,0,0,0,0,0,0,54,0,5
887,1276,6.1,366,100,0,0,0,0,0,0,57,0,3
888,1280,6.10345,354,100,0,0,0,0,0,0,55,0,3
889,1060,6.09836,372,100,0,0,0,0,0,0,58,0,3
890,800,6.13559,362,100,0,0,0,0,0,0,55,0,4
891,992,6.13559,362,100,0,0,0,0,0,0,55,0,4
892,1216,6.15625,394,100,0,0,0,0,0,0,59,0,5
893,1124,6.22581,386,100,0,0,0,0,0,0,55,0,7
894,1140,6.31034,366,100,0,0,0,0,0,0,49,0,9
895,1168,6.2623,382,100,0,0,0,0,0,0,53,0,8
896,1096,6.2069,360,100,0,0,0,0,0,0,52,0,6
897,1316,6.29508,384,100,0,0,0,0,0,0,52,0,9
898,1220,6.27119,370,100,0,0,0,0,0,0,51,0,8
899,1260,6.32787,386,100,0,0,0,0,0,0,51,0,10
900,1096,6.38095,402,100,0,0,0,0,0,0,51,0,12
901,972,6.38596,364,100,0,0,0,0,0,0,46,0,11
902,1064,6.37288,376,100,0,0,0,0,0,0,48,0,11
903,1000,6.58065,408,100,0,0,0,0,0,0,44,0,18
904,1116,6.46667,388,100,0,0,0,0,0,0,46,0,14
905,1008,6.25806,388,100,0,0,0,0,0,0,54,0,8
906,1260,6.39394,422,100,0,0,0,0,0,0,53,0,13
907,1112,6.48387,402,100,0,0,0,0,0,0,47,0,15
908,1352,6.28125,402,100,0,0,0,0,0,0,55,0,9
909,1132,6.33898,374,100,0,0,0,0,0,0,49,0,10
910,1156,6.41935,398,100,0,0,0,0,0,0,49,0,13
911,1076,6.32258,392,100,0,0,0,0,0,0,52,0,10
912,1084,6.47458,382,100,0,0,0,0,0,0,45,0,14
913,1040,6.45902,394,100,0,0,0,0,0,0,47,0,14
914,916,6.33898,374,100,0,0,0,0,0,0,49,0,10
915,940,6.44444,406,100,0,0,0,0,0,0,49,0,14
916,920,6.32787,386,100,0,0,0,0,0,0,51,0,10
917,992,6.25,400,100,0,0,0,0,0,0,56,0,8
918,952,6.16129,382,100,0,0,0,0,0,0,57,0,5
919,912,6.23729,368,100,0,0,0,0,0,0,52,0,7
920,1004,6.16949,364,100,0,0,0,0,0,0,54,0,5
921,1020,6.13115,374,100,0,0,0,0,0,0,57,0,4
922,836,6.10526,348,100,0,0,0,0,0,0,54,0,3
923,868,6.0678,358,100,0,0,0,0,0,0,57,0,2
924,876,6.09677,378,100,0,0,0,0,0,0,59,0,3
925,988,6.03125,386,100,0,0,0,0,0,0,63,0,1
926,968,6.03279,368,100,0,0,0,0,0,0,60,0,1
927,952,6.06452,376,100,0,0,0,0,0,0,60,0,2
928,940,6.06557,370,100,0,0,0,0,0,0,59,0,2
929,1016,6.03175,380,100,0,0,0,0,0,0,62,0,1
930,1140,6.03226,374,100,0,0,0,0,0,0,61,0,1
931,1072,6.07018,346,100,0,0,0,0,0,0,55,0,2
932,1040,6.06897,352,100,0,0,0,0,0,0,56,0,2
933,1024,6.03636,332,100,0,0,0,0,0,0,54,0,1
934,1024,6,372,100,0,0,0,0,0,0,62,0,0
935,1008,6,372,100,0,0,0,0,0,0,62,0,0
936,1028,6,372,100,0,0,0,0,0,0,62,0,0
937,868,6,342,100,0,0,0,0,0,0,57,0,0
938,1044,6,390,100,0,0,0,0,0,0,65,0,0
939,1088,6.03077,392,100,0,0,0,0,0,0,64,0,1
940,896,6.03333,362,100,0,0,0,0,0,0,59,0,1
941,1104,6,360,100,0,0,0,0,0,0,60,0,0
942,1052,6,348,100,0,0,0,0,0,0,58,0,0
943,1100,6.03077,392,100,0,0,0,0,0,0,64,0,1
944,1104,6.03279,368,100,0,0,0,0,0,0,60,0,1
945,1168,6.06557,370,100,0,0,0,0,0,0,59,0,2
946,1080,6.03333,362,100,0,0,0,0,0,0,59,0,1
947,1200,6,354,100,0,0,0,0,0,0,59,0,0
948,1176,6,360,100,0,0,0,0,0,0,60,0,0
949,1228,6,372,100,0,0,0,0,0,0,62,0,0
950,1192,6,336,100,0,0,0,0,0,0,56,0,0
951,1408,6,366,100,0,0,0,0,0,0,61,0,0
952,1236,6,354,100,0,0,0,0,0,0,59,0,0
953,1096,6.03333,362,100,0,0,0,0,0,0,59,0,1
954,1100,6.03571,338,100,0,0,0,0,0,0,55,0,1
955,1280,6.03175,380,100,0,0,0,0,0,0,62,0,1
956,1228,6.03448,350,100,0,0,0,0,0,0,57,0,1
957,1112,6.03509,344,100,0,0,0,0,0,0,56,0,1
958,1320,6.0678,358,100,0,0,0,0,0,0,57,0,2
959,1280,6,360,100,0,0,0,0,0,0,60,0,0
960,1220,6.03509,344,100,0,0,0,0,0,0,56,0,1
961,1152,6,396,100,0,0,0,0,0,0,66,0,0
962,1152,6.13333,368,100,0,0,0,0,0,0,56,0,4
963,992,6.13333,368,100,0,0,0,0,0,0,56,0,4
964,1032,6.06557,370,100,0,0,0,0,0,0,59,0,2
965,840,6.0339,356,100,0,0,0,0,0,0,58,0,1
966,968,6.03279,368,100,0,0,0,0,0,0,60,0,1
967,1136,6.0678,358,100,0,0,0,0,0,0,57,0,2
968,892,6.03448,350,100,0,0,0,0,0,0,57,0,1
969,1184,6.09524,384,100,0,0,0,0,0,0,60,0,3
970,984,6,372,100,0,0,0,0,0,0,62,0,0
971,904,6.03333,362,100,0,0,0,0,0,0,59,0,1
972,976,6.03279,368,100,0,0,0,0,0,0,60,0,1
973,1104,6,402,100,0,0,0,0,0,0,67,0,0
974,1052,6,378,100,0,0,0,0,0,0,63,0,0
975,1100,6,360,100,0,0,0,0,0,0,60,0,0
976,1224,6,378,100,0,0,0,0,0,0,63,0,0
977,1088,6,378,100,0,0,0,0,0,0,63,0,0
978,1000,6,378,100,0,0,0,0,0,0,63,0,0
979,1040,6,330,100,0,0,0,0,0,0,55,0,0
980,1120,6,366,100,0,0,0,0,0,0,61,0,0
981,1144,6,348,100,0,0,0,0,0,0,58,0,0
982,1012,6,366,100,0,0,0,0,0,0,61,0,0
983,1036,6.03333,362,100,0,0,0,0,0,0,59,0,1
984,1224,6.06452,376,100,0,0,0,0,0,0,60,0,2
985,916,6.06061,400,100,0,0,0,0,0,0,64,0,2
986,872,6.06349,382,100,0,0,0,0,0,0,61,0,2
987,1012,6.09677,378,100,0,0,0,0,0,0,59,0,3
988,952,6.1,366,100,0,0,0,0,0,0,57,0,3
989,1104,6.125,392,100,0,0,0,0,0,0,60,0,4
990,944,6.09524,384,100,0,0,0,0,0,0,60,0,3
991,1168,6.125,392,100,0,0,0,0,0,0,60,0,4
992,1020,6.30508,372,100,0,0,0,0,0,0,50,0,9
993,1048,6.15625,394,100,0,0,0,0,0,0,59,0,5
994,1064,6.32787,386,100,0,0,0,0,0,0,51,0,10
995,1028,6.40678,378,100,0,0,0,0,0,0,47,0,12
996,1144,6.40678,378,100,0,0,0,0,0,0,47,0,12
997,1272,6.21053,354,100,0,0,0,0,0,0,51,0,6
998,1208,6.23729,368,100,0,0,0,0,0,0,52,0,7
999,1232,6.3,378,100,0,0,0,0,0,0,51,0,9
