update,points,mean_tasks,total_tasks,total_orgs,task_0,task_1,task_2,task_3,task_4,task_5,task_6,task_7,task_8,task_9
0,0,nan,0,10,0,0,0,0,0,0,0,0,0,0
1,8,0,0,10,3,0,0,0,0,0,0,0,0,0
2,10,0,0,10,3,0,0,0,0,0,0,0,0,0
3,10,0,0,10,3,0,0,0,0,0,0,0,0,0
4,12,0,0,10,4,0,0,0,0,0,0,0,0,0
5,14,0,0,10,4,0,0,0,0,0,0,0,0,0
6,16,0,0,10,5,0,0,0,0,0,0,0,0,0
7,20,0,0,10,5,0,0,0,0,0,0,0,0,0
8,20,0,0,10,5,0,0,0,0,0,0,0,0,0
9,22,0,0,10,6,0,0,0,0,0,0,0,0,0
10,70,1.5,9,11,5,0,0,0,0,0,0,0,0,1
11,58,0,0,12,7,0,0,0,0,0,0,0,0,0
12,42,0,0,13,8,0,0,0,0,0,0,0,0,0
13,46,0,0,13,9,0,0,0,0,0,0,0,0,0
14,48,0,0,13,9,0,0,0,0,0,0,0,0,0
15,54,0,0,13,9,0,0,0,0,0,0,0,0,0
16,56,0,0,13,9,0,0,0,0,0,0,0,0,0
17,62,0,0,13,9,0,0,0,0,0,0,0,0,0
18,62,0,0,13,9,0,0,0,0,0,0,0,0,0
19,68,0,0,13,9,0,0,0,0,0,0,0,0,0
20,108,1.125,9,13,7,0,0,0,0,0,0,0,0,1
21,138,1,9,15,8,0,0,0,0,0,0,0,0,1
22,104,0,0,16,10,0,0,0,0,0,0,0,0,0
23,68,0,0,16,11,0,0,0,0,0,0,0,0,0
24,74,0,0,16,12,0,0,0,0,0,0,0,0,0
25,78,0,0,16,12,0,0,0,0,0,0,0,0,0
26,84,0,0,16,12,0,0,0,0,0,0,0,0,0
27,90,0,0,16,12,0,0,0,0,0,0,0,0,0
28,92,0,0,16,12,0,0,0,0,0,0,0,0,0
29,98,0,0,16,12,0,0,0,0,0,0,0,0,0
30,146,0.75,9,17,11,0,0,0,0,0,0,0,0,1
31,220,1.38462,18,20,11,0,0,0,0,0,0,0,0,2
32,160,0,0,20,13,0,0,0,0,0,0,0,0,0
33,126,0,0,20,14,0,0,0,0,0,0,0,0,0
34,110,0,0,20,16,0,0,0,0,0,0,0,0,0
35,116,0,0,20,16,0,0,0,0,0,0,0,0,0
36,104,0,0,21,16,0,0,0,0,0,0,0,0,0
37,108,0,0,21,16,0,0,0,0,0,0,0,0,0
38,112,0,0,21,16,0,0,0,0,0,0,0,0,0
39,116,0,0,21,16,0,0,0,0,0,0,0,0,0
40,206,1.05882,18,23,15,0,0,0,0,0,0,0,0,2
41,300,2,36,26,14,0,0,0,0,0,0,0,0,4
42,186,0.45,9,27,19,0,0,0,0,0,0,0,0,1
43,142,0.45,9,27,19,0,0,0,0,0,0,0,0,1
44,152,0.409091,9,27,21,0,0,0,0,0,0,0,0,1
45,158,0,0,27,22,0,0,0,0,0,0,0,0,0
46,154,0,0,28,22,0,0,0,0,0,0,0,0,0
47,162,0,0,28,24,0,0,0,0,0,0,0,0,0
48,166,0,0,28,24,0,0,0,0,0,0,0,0,0
49,174,0,0,28,24,0,0,0,0,0,0,0,0,0
50,238,0.818182,18,28,20,0,0,0,0,0,0,0,0,2
51,274,1.17391,27,30,20,0,0,0,0,0,0,0,0,3
52,186,0.36,9,31,24,0,0,0,0,0,0,0,0,1
53,156,0.346154,9,32,25,0,0,0,0,0,0,0,0,1
54,168,0.310345,9,32,28,0,0,0,0,0,0,0,0,1
55,178,0,0,32,29,0,0,0,0,0,0,0,0,0
56,156,0.321429,9,32,27,0,0,0,0,0,0,0,0,1
57,170,0,0,32,29,0,0,0,0,0,0,0,0,0
58,180,0,0,32,29,0,0,0,0,0,0,0,0,0
59,224,0.321429,9,32,27,0,0,0,0,0,0,0,0,1
60,276,0.666667,18,33,25,0,0,0,0,0,0,0,0,2
61,370,1.73077,45,36,21,0,0,0,0,0,0,0,0,5
62,304,0.964286,27,36,25,0,0,0,0,0,0,0,0,3
63,160,0.6,18,36,28,0,0,0,0,0,0,0,0,2
64,172,0.5625,18,36,30,0,0,0,0,0,0,0,0,2
65,194,0.272727,9,36,32,0,0,0,0,0,0,0,0,1
66,214,0.272727,9,36,32,0,0,0,0,0,0,0,0,1
67,230,0.272727,9,36,32,0,0,0,0,0,0,0,0,1
68,214,0.272727,9,37,32,0,0,0,0,0,0,0,0,1
69,224,0.272727,9,37,32,0,0,0,0,0,0,0,0,1
70,316,0.580645,18,37,29,0,0,0,0,0,0,0,0,2
71,550,2.1,63,39,23,0,0,0,0,0,0,0,0,7
72,390,1.16129,36,40,27,0,0,0,0,0,0,0,0,4
73,212,0.794118,27,41,31,0,0,0,0,0,0,0,0,3
74,202,0.72973,27,41,34,0,0,0,0,0,0,0,0,3
75,272,0.72973,27,42,34,0,0,0,0,0,0,0,0,3
76,248,0.5,18,42,34,0,0,0,0,0,0,0,0,2
77,286,0.5,18,42,34,0,0,0,0,0,0,0,0,2
78,280,0.486486,18,42,35,0,0,0,0,0,0,0,0,2
79,264,0.710526,27,43,35,0,0,0,0,0,0,0,0,3
80,364,1.21622,45,43,32,0,0,0,0,0,0,0,0,5
81,424,1.05882,36,43,30,0,0,0,0,0,0,0,0,4
82,346,0.486486,18,43,35,0,0,0,0,0,0,0,0,2
83,272,0.5,18,43,34,0,0,0,0,0,0,0,0,2
84,292,0.461538,18,43,37,0,0,0,0,0,0,0,0,2
85,292,0.461538,18,44,37,0,0,0,0,0,0,0,0,2
86,332,0.461538,18,45,37,0,0,0,0,0,0,0,0,2
87,406,0.923077,36,46,35,0,0,0,0,0,0,0,0,4
88,328,0.710526,27,46,35,0,0,0,0,0,0,0,0,3
89,298,0.923077,36,46,35,0,0,0,0,0,0,0,0,4
90,384,1.15385,45,46,34,0,0,0,0,0,0,0,0,5
91,452,1.5,54,47,30,0,0,0,0,0,0,0,0,6
92,338,0.947368,36,47,34,0,0,0,0,0,0,0,0,4
93,326,1.125,45,48,35,0,0,0,0,0,0,0,0,5
94,324,0.642857,27,48,39,0,0,0,0,0,0,0,0,3
95,282,0.642857,27,49,39,0,0,0,0,0,0,0,0,3
96,324,0.642857,27,49,39,0,0,0,0,0,0,0,0,3
97,426,1.31707,54,50,35,0,0,0,0,0,0,0,0,6
98,350,1.09756,45,50,36,0,0,0,0,0,0,0,0,5
99,278,1.04651,45,51,38,0,0,0,0,0,0,0,0,5
100,314,0.818182,36,51,40,0,0,0,0,0,0,0,0,4
101,418,0.837209,36,51,39,0,0,0,0,0,0,0,0,4
102,414,1.07143,45,53,37,0,0,0,0,0,0,0,0,5
103,330,1.07143,45,53,37,0,0,0,0,0,0,0,0,5
104,330,0.957447,45,55,42,0,0,0,0,0,0,0,0,5
105,316,0.918367,45,56,44,0,0,0,0,0,0,0,0,5
106,356,0.734694,36,56,45,0,0,0,0,0,0,0,0,4
107,412,0.765957,36,56,43,0,0,0,0,0,0,0,0,4
108,352,0.55102,27,56,46,0,0,0,0,0,0,0,0,3
109,350,0.529412,27,56,48,0,0,0,0,0,0,0,0,3
110,368,0.352941,18,56,49,0,0,0,0,0,0,0,0,2
111,522,0.765957,36,56,43,0,0,0,0,0,0,0,0,4
112,554,1.22727,54,57,38,0,0,0,0,0,0,0,0,6
113,514,1.5,63,57,35,0,0,0,0,0,0,0,0,7
114,478,1.65306,81,61,40,0,0,0,0,0,0,0,0,9
115,408,1.35849,72,64,45,0,0,0,0,0,0,0,0,8
116,378,1.28571,72,65,48,0,0,0,0,0,0,0,0,8
117,384,0.931034,54,65,52,0,0,0,0,0,0,0,0,6
118,398,0.6,36,65,56,0,0,0,0,0,0,0,0,4
119,398,0.6,36,65,56,0,0,0,0,0,0,0,0,4
120,416,0.6,36,65,56,0,0,0,0,0,0,0,0,4
121,426,0.442623,27,65,58,0,0,0,0,0,0,0,0,3
122,646,0.947368,54,66,51,0,0,0,0,0,0,0,0,6
123,758,2.11765,108,68,39,0,0,0,0,0,0,0,0,12
124,540,2.38776,117,70,36,0,0,0,0,0,0,0,0,13
125,508,2.25,126,71,42,0,0,0,0,0,0,0,0,14
126,462,1.8,108,73,48,0,0,0,0,0,0,0,0,12
127,360,1.40625,90,75,54,0,0,0,0,0,0,0,0,10
128,386,1.19118,81,77,59,0,0,0,0,0,0,0,0,9
129,462,1.19118,81,77,59,0,0,0,0,0,0,0,0,9
130,434,0.913043,63,78,62,0,0,0,0,0,0,0,0,7
131,514,1.20896,81,78,58,0,0,0,0,0,0,0,0,9
132,750,1.82812,117,80,51,0,0,0,0,0,0,0,0,13
133,710,2.21311,135,81,46,0,0,0,0,0,0,0,0,15
134,766,3,171,82,38,0,0,0,0,0,0,0,0,19
135,640,2.46774,153,82,45,0,0,0,0,0,0,0,0,17
136,490,1.85294,126,82,54,0,0,0,0,0,0,0,0,14
137,426,1.375,99,83,61,0,0,0,0,0,0,0,0,11
138,532,1.47945,108,84,61,0,0,0,0,0,0,0,0,12
139,660,2.02817,144,85,55,0,0,0,0,0,0,0,0,16
140,600,1.90141,135,86,56,0,0,0,0,0,0,0,0,15
141,472,1.60274,117,87,60,0,0,0,0,0,0,0,0,13
142,554,1.60274,117,87,60,0,0,0,0,0,0,0,0,13
143,682,2.25,153,87,51,0,0,0,0,0,0,0,0,17
144,822,2.90769,189,88,44,0,0,0,0,0,0,0,0,21
145,630,2.55224,171,89,48,0,0,0,0,0,0,0,0,19
146,528,1.92857,135,89,55,0,0,0,0,0,0,0,0,15
147,524,1.56,117,89,62,0,0,0,0,0,0,0,0,13
148,596,1.68,126,89,61,0,0,0,0,0,0,0,0,14
149,620,1.65789,126,89,62,0,0,0,0,0,0,0,0,14
150,516,1.51948,117,89,64,0,0,0,0,0,0,0,0,13
151,616,1.65789,126,89,62,0,0,0,0,0,0,0,0,14
152,700,1.44,108,89,63,0,0,0,0,0,0,0,0,12
153,698,1.75,126,89,58,0,0,0,0,0,0,0,0,14
154,760,2.05714,144,90,54,0,0,0,0,0,0,0,0,16
155,654,1.92857,135,90,55,0,0,0,0,0,0,0,0,15
156,568,1.7027,126,90,60,0,0,0,0,0,0,0,0,14
157,614,1.7027,126,90,60,0,0,0,0,0,0,0,0,14
158,666,1.82432,135,90,59,0,0,0,0,0,0,0,0,15
159,728,1.9726,144,90,57,0,0,0,0,0,0,0,0,16
160,728,1.9726,144,90,57,0,0,0,0,0,0,0,0,16
161,652,2.12857,149,90,53,0,0,0,0,1,0,0,0,16
162,616,2.09859,149,92,54,0,0,0,0,1,0,0,0,16
163,638,1.71831,122,92,57,0,0,0,0,1,0,0,0,13
164,584,1.44444,104,92,60,0,0,0,0,1,0,0,0,11
165,542,1.38462,108,92,66,0,0,0,0,0,0,0,0,12
166,550,1.44,108,92,63,0,0,0,0,0,0,0,0,12
167,674,1.65789,126,92,62,0,0,0,0,0,0,0,0,14
168,672,1.8,135,92,60,0,0,0,0,0,0,0,0,15
169,628,2.10667,158,93,57,0,0,0,0,1,0,0,0,17
170,588,2.34667,176,93,55,0,0,0,0,1,0,0,0,19
171,622,2.31579,176,93,56,0,0,0,0,1,0,0,0,19
172,632,2.19737,167,93,57,0,0,0,0,1,0,0,0,18
173,748,2.73239,194,93,49,0,0,0,0,1,0,0,0,21
174,684,2.16438,158,93,55,0,0,0,0,1,0,0,0,17
175,704,2.38571,167,93,51,0,0,0,0,1,0,0,0,18
176,670,2.0411,149,94,56,0,0,0,0,1,0,0,0,16
177,612,2.01351,149,94,57,0,0,0,0,1,0,0,0,16
178,734,1.98667,149,94,58,0,0,0,0,1,0,0,0,16
179,684,2.01351,149,94,57,0,0,0,0,1,0,0,0,16
180,608,1.74667,131,94,60,0,0,0,0,1,0,0,0,14
181,644,1.72368,131,94,61,0,0,0,0,1,0,0,0,14
182,804,2.0411,149,94,56,0,0,0,0,1,0,0,0,16
183,772,2.15493,153,94,54,0,0,0,0,0,0,0,0,17
184,762,2.51471,171,95,49,0,0,0,0,0,0,0,0,19
185,710,2.28169,162,95,53,0,0,0,0,0,0,0,0,18
186,664,2.11765,144,95,52,0,0,0,0,0,0,0,0,16
187,780,2.25,162,95,54,0,0,0,0,0,0,0,0,18
188,638,2.47826,171,95,50,0,0,0,0,0,0,0,0,19
189,758,2.44286,171,96,51,0,0,0,0,0,0,0,0,19
190,756,2.7,189,96,49,0,0,0,0,0,0,0,0,21
191,798,2.73913,189,96,48,0,0,0,0,0,0,0,0,21
192,874,2.47826,171,97,50,0,0,0,0,0,0,0,0,19
193,866,2.6087,180,97,49,0,0,0,0,0,0,0,0,20
194,796,2.58904,189,97,52,0,0,0,0,0,0,0,0,21
195,872,2.25,162,97,54,0,0,0,0,0,0,0,0,18
196,878,2.51471,171,97,49,0,0,0,0,0,0,0,0,19
197,932,2.53521,180,97,51,0,0,0,0,0,0,0,0,20
198,952,2.58904,189,98,52,0,0,0,0,0,0,0,0,21
199,976,2.46575,180,98,53,0,0,0,0,0,0,0,0,20
200,1072,2.875,207,99,49,0,0,0,0,0,0,0,0,23
201,956,2.91892,216,99,50,0,0,0,0,0,0,0,0,24
202,1276,3.29577,234,99,45,0,0,0,0,0,0,0,0,26
203,1040,3.16901,225,100,46,0,0,0,0,0,0,0,0,25
204,1002,3.25,234,100,46,0,0,0,0,0,0,0,0,26
205,1044,3.6,252,100,42,0,0,0,0,0,0,0,0,28
206,1106,3.44118,234,100,42,0,0,0,0,0,0,0,0,26
207,1244,3.67606,261,100,42,0,0,0,0,0,0,0,0,29
208,1074,3.30882,225,100,43,0,0,0,0,0,0,0,0,25
209,934,2.77941,189,100,47,0,0,0,0,0,0,0,0,21
210,1242,3.35821,225,100,42,0,0,0,0,0,0,0,0,25
211,814,2.41791,162,100,49,0,0,0,0,0,0,0,0,18
212,804,2.76923,180,100,45,0,0,0,0,0,0,0,0,20
213,916,2.82857,198,100,48,0,0,0,0,0,0,0,0,22
214,1030,3.35821,225,100,42,0,0,0,0,0,0,0,0,25
215,1004,3.65625,234,100,38,0,0,0,0,0,0,0,0,26
216,960,3.49254,234,100,41,0,0,0,0,0,0,0,0,26
217,1198,3.75,270,100,42,0,0,0,0,0,0,0,0,30
218,1342,3.70588,252,100,40,0,0,0,0,0,0,0,0,28
219,1288,3.54545,234,100,40,0,0,0,0,0,0,0,0,26
220,1346,3.32308,216,100,41,0,0,0,0,0,0,0,0,24
221,1276,2.95522,198,100,45,0,0,0,0,0,0,0,0,22
222,1070,3.08955,207,100,44,0,0,0,0,0,0,0,0,23
223,1260,3.70588,252,100,40,0,0,0,0,0,0,0,0,28
224,1122,4.24286,297,100,37,0,0,0,0,0,0,0,0,33
225,1066,3.98571,279,100,39,0,0,0,0,0,0,0,0,31
226,1172,3.5,252,100,44,0,0,0,0,0,0,0,0,28
227,1326,4.11429,288,100,38,0,0,0,0,0,0,0,0,32
228,1198,3.65217,252,100,41,0,0,0,0,0,0,0,0,28
229,1300,3.70588,252,100,40,0,0,0,0,0,0,0,0,28
230,1308,4.16418,279,100,36,0,0,0,0,0,0,0,0,31
231,910,4.01538,261,100,36,0,0,0,0,0,0,0,0,29
232,1066,4.56716,306,100,33,0,0,0,0,0,0,0,0,34
233,988,4.57143,288,100,31,0,0,0,0,0,0,0,0,32
234,1122,4.95,297,100,27,0,0,0,0,0,0,0,0,33
235,1248,4.79032,297,100,29,0,0,0,0,0,0,0,0,33
236,1280,5.51613,342,100,24,0,0,0,0,0,0,0,0,38
237,1410,5.85,351,100,21,0,0,0,0,0,0,0,0,39
238,1490,6.42857,360,100,16,0,0,0,0,0,0,0,0,40
239,1382,5.58621,324,100,22,0,0,0,0,0,0,0,0,36
240,1154,4.90909,270,100,25,0,0,0,0,0,0,0,0,30
241,1534,5.52632,315,100,22,0,0,0,0,0,0,0,0,35
242,1232,4.5,252,100,28,0,0,0,0,0,0,0,0,28
243,1494,5.21053,297,100,24,0,0,0,0,0,0,0,0,33
244,1400,4.96552,288,100,26,0,0,0,0,0,0,0,0,32
245,1640,5.45902,333,100,24,0,0,0,0,0,0,0,0,37
246,1540,4.21875,270,100,34,0,0,0,0,0,0,0,0,30
247,1514,5.72727,315,100,20,0,0,0,0,0,0,0,0,35
248,1468,6,324,100,18,0,0,0,0,0,0,0,0,36
249,1878,6.38182,351,100,16,0,0,0,0,0,0,0,0,39
250,1816,6.38182,351,100,16,0,0,0,0,0,0,0,0,39
251,2018,5.94643,333,100,19,0,0,0,0,0,0,0,0,37
252,2024,5.76,288,100,18,0,0,0,0,0,0,0,0,32
253,1810,6.47368,369,100,16,0,0,0,0,0,0,0,0,41
254,1472,5.83333,315,100,19,0,0,0,0,0,0,0,0,35
255,1610,5.68421,324,100,21,0,0,0,0,0,0,0,0,36
256,1614,5.27586,306,100,24,0,0,0,0,0,0,0,0,34
257,2162,5.16393,315,100,26,0,0,0,0,0,0,0,0,35
258,2108,4.73684,270,100,27,0,0,0,0,0,0,0,0,30
259,1730,5.31148,324,100,25,0,0,0,0,0,0,0,0,36
260,1818,4.27869,261,100,32,0,0,0,0,0,0,0,0,29
261,2008,5.05263,288,100,25,0,0,0,0,0,0,0,0,32
262,2022,5.33898,315,100,24,0,0,0,0,0,0,0,0,35
263,2532,5.44262,332,100,24,0,0,0,0,0,0,0,1,36
264,1634,5.56897,323,100,22,0,0,0,0,0,0,0,1,35
265,1830,5.60656,342,100,23,0,0,0,0,0,0,0,0,38
266,1580,6.05172,351,100,19,0,0,0,0,0,0,0,0,39
267,1526,5.14286,288,100,24,0,0,0,0,0,0,0,0,32
268,1342,4.14286,261,100,34,0,0,0,0,0,0,0,0,29
269,1494,4.35938,279,100,33,0,0,0,0,0,0,0,0,31
270,1416,4.65517,270,100,28,0,0,0,0,0,0,0,0,30
271,1434,4.57377,279,100,30,0,0,0,0,0,0,0,0,31
272,1342,3.57143,225,100,38,0,0,0,0,0,0,0,0,25
273,1364,3.6,216,100,36,0,0,0,0,0,0,0,0,24
274,1642,4.20968,261,100,33,0,0,0,0,0,0,0,0,29
275,1512,4.5,270,100,30,0,0,0,0,0,0,0,0,30
276,1182,3.54098,216,100,37,0,0,0,0,0,0,0,0,24
277,1434,4.13115,252,100,33,0,0,0,0,0,0,0,0,28
278,1426,4.10526,234,100,31,0,0,0,0,0,0,0,0,26
279,1374,4.18966,243,100,31,0,0,0,0,0,0,0,0,27
280,1364,4.27119,252,100,31,0,0,0,0,0,0,0,0,28
281,1392,3.9,234,100,34,0,0,0,0,0,0,0,0,26
282,1184,3.9,234,100,34,0,0,0,0,0,0,0,0,26
283,1572,4.28571,270,100,33,0,0,0,0,0,0,0,0,30
284,1142,3.50847,207,100,36,0,0,0,0,0,0,0,0,23
285,1282,4.11864,243,100,32,0,0,0,0,0,0,0,0,27
286,1338,3.87692,252,100,37,0,0,0,0,0,0,0,0,28
287,1294,3.71429,234,100,37,0,0,0,0,0,0,0,0,26
288,1358,4.13115,252,100,33,0,0,0,0,0,0,0,0,28
289,1474,4.57377,279,100,30,0,0,0,0,0,0,0,0,31
290,1566,4.57627,270,100,29,0,0,0,0,0,0,0,0,30
291,1646,5.78571,324,100,20,0,0,0,0,0,0,0,0,36
292,1806,6.26786,351,100,17,0,0,0,0,0,0,0,0,39
293,1660,6.21818,342,100,17,0,0,0,0,0,0,0,0,38
294,1566,5.71154,297,100,19,0,0,0,0,0,0,0,0,33
295,1352,5.66667,306,100,20,0,0,0,0,0,0,0,0,34
296,1764,6.26786,351,100,17,0,0,0,0,0,0,0,0,39
297,1672,6.11321,324,100,17,0,0,0,0,0,0,0,0,36
298,1816,6.05455,333,100,18,0,0,0,0,0,0,0,0,37
299,1752,6.27451,320,100,15,0,0,0,0,1,0,0,0,35
300,1820,6.33333,342,100,16,0,0,0,0,0,0,0,0,38
301,1878,6.10714,342,100,18,0,0,0,0,0,0,0,0,38
302,2060,6.15,369,100,19,0,0,0,0,0,0,0,0,41
303,1732,6,360,100,20,0,0,0,0,0,0,0,0,40
304,1702,5.14286,288,100,24,0,0,0,0,0,0,0,0,32
305,1568,5.51613,342,100,24,0,0,0,0,0,0,0,0,38
306,1448,5.49153,324,100,23,0,0,0,0,0,0,0,0,36
307,1530,5.65079,356,100,23,0,0,0,0,1,0,0,0,39
308,1358,5.57143,351,100,24,0,0,0,0,0,0,0,0,39
309,1486,5.18644,306,100,25,0,0,0,0,0,0,0,0,34
310,1630,5.74138,333,100,21,0,0,0,0,0,0,0,0,37
311,1346,5.64407,333,100,22,0,0,0,0,0,0,0,0,37
312,1624,6.16667,333,100,17,0,0,0,0,0,0,0,0,37
313,1802,5.90164,360,100,21,0,0,0,0,0,0,0,0,40
314,1464,4.96552,288,100,26,0,0,0,0,0,0,0,0,32
315,1452,5.57143,351,100,24,0,0,0,0,0,0,0,0,39
316,1488,4.72881,279,100,28,0,0,0,0,0,0,0,0,31
317,1368,4.5,261,100,29,0,0,0,0,0,0,0,0,29
318,1382,3.68182,243,100,39,0,0,0,0,0,0,0,0,27
319,1534,3.25,234,100,46,0,0,0,0,0,0,0,0,26
320,1510,3.62687,243,100,40,0,0,0,0,0,0,0,0,27
321,1682,4.5,270,100,30,0,0,0,0,0,0,0,0,30
322,1806,4.65,279,100,29,0,0,0,0,0,0,0,0,31
323,1708,4.42857,279,100,32,0,0,0,0,0,0,0,0,31
324,1392,4.72131,288,100,29,0,0,0,0,0,0,0,0,32
325,1744,3.91935,243,100,35,0,0,0,0,0,0,0,0,27
326,1566,3.48387,216,100,38,0,0,0,0,0,0,0,0,24
327,1390,4.13115,252,100,33,0,0,0,0,0,0,0,0,28
328,1966,4.88136,288,100,27,0,0,0,0,0,0,0,0,32
329,2102,4.42105,252,100,29,0,0,0,0,0,0,0,0,28
330,2064,4.48148,242,100,27,0,0,0,0,0,0,0,1,26
331,2156,4.35,261,100,31,0,0,0,0,0,0,0,0,29
332,2522,4.42373,261,100,30,0,0,0,0,0,0,0,0,29
333,2756,5.46429,306,100,22,0,0,0,0,0,0,0,0,34
334,2592,4.42373,261,100,30,0,0,0,0,0,0,0,0,29
335,2312,4.95,297,100,27,0,0,0,0,0,0,0,0,33
336,2600,4.93548,306,100,28,0,0,0,0,0,0,0,0,34
337,2750,4.5,270,100,30,0,0,0,0,0,0,0,0,30
338,2664,5.45902,333,100,24,0,0,0,0,0,0,0,0,37
339,2688,4.35,261,100,31,0,0,0,0,0,0,0,0,29
340,2038,4.72131,288,100,29,0,0,0,0,0,0,0,0,32
341,2224,4.8,288,100,28,0,0,0,0,0,0,0,0,32
342,2132,4.65,279,100,29,0,0,0,0,0,0,0,0,31
343,1884,5.21053,297,100,24,0,0,0,0,0,0,0,0,33
344,2006,5,270,100,24,0,0,0,0,0,0,0,0,30
345,2030,4.82143,270,100,26,0,0,0,0,0,0,0,0,30
346,2066,4.28571,270,100,33,0,0,0,0,0,0,0,0,30
347,2280,4.88136,288,100,27,0,0,0,0,0,0,0,0,32
348,1720,4.57377,279,100,30,0,0,0,0,0,0,0,0,31
349,1790,4.86885,297,100,28,0,0,0,0,0,0,0,0,33
350,1702,5.01639,306,100,27,0,0,0,0,0,0,0,0,34
351,1748,5.49153,324,100,23,0,0,0,0,0,0,0,0,36
352,1862,5.49153,324,100,23,0,0,0,0,0,0,0,0,36
353,1936,5.1,306,100,26,0,0,0,0,0,0,0,0,34
354,1852,4.8,288,100,28,0,0,0,0,0,0,0,0,32
355,1656,4.90909,270,100,25,0,0,0,0,0,0,0,0,30
356,1732,5.37097,333,100,25,0,0,0,0,0,0,0,0,37
357,1538,4.42623,270,100,31,0,0,0,0,0,0,0,0,30
358,1576,4.89474,279,100,26,0,0,0,0,0,0,0,0,31
359,2152,5.64407,333,100,22,0,0,0,0,0,0,0,0,37
360,1696,4.5,270,100,30,0,0,0,0,0,0,0,0,30
361,1590,4.72881,279,100,28,0,0,0,0,0,0,0,0,31
362,1884,5.08065,315,100,27,0,0,0,0,0,0,0,0,35
363,1862,4.64062,297,100,31,0,0,0,0,0,0,0,0,33
364,1146,4.96552,288,100,26,0,0,0,0,0,0,0,0,32
365,1616,4.86885,297,100,28,0,0,0,0,0,0,0,0,33
366,1492,4.96552,288,100,26,0,0,0,0,0,0,0,0,32
367,1800,5.1,306,100,26,0,0,0,0,0,0,0,0,34
368,1630,5.14286,288,100,24,0,0,0,0,0,0,0,0,32
369,1518,5.23636,288,100,23,0,0,0,0,0,0,0,0,32
370,1502,5.33333,288,100,22,0,0,0,0,0,0,0,0,32
371,1560,4.90909,270,100,25,0,0,0,0,0,0,0,0,30
372,1656,5.42373,320,100,23,0,0,0,0,1,0,0,0,35
373,1988,5.43103,315,100,23,0,0,0,0,0,0,0,0,35
374,2064,5.80645,360,100,22,0,0,0,0,0,0,0,0,40
375,2020,5.58621,324,100,22,0,0,0,0,0,0,0,0,36
376,2200,4.96552,288,100,26,0,0,0,0,0,0,0,0,32
377,1882,5.49153,324,100,23,0,0,0,0,0,0,0,0,36
378,1908,6.05172,351,100,19,0,0,0,0,0,0,0,0,39
379,1802,5.07273,279,100,24,0,0,0,0,0,0,0,0,31
380,1408,4.65,279,100,29,0,0,0,0,0,0,0,0,31
381,1804,5.4,324,100,24,0,0,0,0,0,0,0,0,36
382,1976,6,342,100,19,0,0,0,0,0,0,0,0,38
383,2150,5.58621,324,100,22,0,0,0,0,0,0,0,0,36
384,2456,5.4,324,100,24,0,0,0,0,0,0,0,0,36
385,2462,5.89655,342,100,20,0,0,0,0,0,0,0,0,38
386,2244,5.7541,351,100,22,0,0,0,0,0,0,0,0,39
387,2362,6.25424,369,100,18,0,0,0,0,0,0,0,0,41
388,1818,5.83333,315,100,19,0,0,0,0,0,0,0,0,35
389,1750,5.49153,324,100,23,0,0,0,0,0,0,0,0,36
390,1734,5.74138,333,100,21,0,0,0,0,0,0,0,0,37
391,1642,5.94643,333,100,19,0,0,0,0,0,0,0,0,37
392,1790,5.88462,306,100,18,0,0,0,0,0,0,0,0,34
393,1760,6.21818,342,100,17,0,0,0,0,0,0,0,0,38
394,1822,5.33333,288,100,22,0,0,0,0,0,0,0,0,32
395,2060,6.21818,342,100,17,0,0,0,0,0,0,0,0,38
396,1938,5.625,315,100,21,0,0,0,0,0,0,0,0,35
397,2050,5.49153,324,100,23,0,0,0,0,0,0,0,0,36
398,2080,5.58621,324,100,22,0,0,0,0,0,0,0,0,36
399,2052,4.89474,279,100,26,0,0,0,0,0,0,0,0,31
400,2226,4.98214,279,100,25,0,0,0,0,0,0,0,0,31
401,2126,5,270,100,24,0,0,0,0,0,0,0,0,30
402,2424,5.09434,270,100,23,0,0,0,0,0,0,0,0,30
403,1850,4.66667,252,100,26,0,0,0,0,0,0,0,0,28
404,2154,5.25,315,100,25,0,0,0,0,0,0,0,0,35
405,2092,4.89474,279,100,26,0,0,0,0,0,0,0,0,31
406,2026,4.10526,234,100,31,0,0,0,0,0,0,0,0,26
407,2156,5.1,306,100,26,0,0,0,0,0,0,0,0,34
408,1816,3.81356,225,100,34,0,0,0,0,0,0,0,0,25
409,2068,4.28571,270,100,33,0,0,0,0,0,0,0,0,30
410,2068,4.15385,270,100,35,0,0,0,0,0,0,0,0,30
411,2338,5.12308,333,100,28,0,0,0,0,0,0,0,0,37
412,1436,4.5,279,100,31,0,0,0,0,0,0,0,0,31
413,1386,4.31507,315,100,38,0,0,0,0,0,0,0,0,35
414,1582,4.36364,288,100,34,0,0,0,0,0,0,0,0,32
415,1556,4.07812,261,100,35,0,0,0,0,0,0,0,0,29
416,1572,4.43077,288,100,33,0,0,0,0,0,0,0,0,32
417,1660,4.86885,297,100,28,0,0,0,0,0,0,0,0,33
418,1650,5.60656,342,100,23,0,0,0,0,0,0,0,0,38
419,1366,5.0339,297,100,26,0,0,0,0,0,0,0,0,33
420,1730,5.48438,351,100,25,0,0,0,0,0,0,0,0,39
421,1556,5.4,297,100,22,0,0,0,0,0,0,0,0,33
422,1860,5.1,306,100,26,0,0,0,0,0,0,0,0,34
423,1712,5.05263,288,100,25,0,0,0,0,0,0,0,0,32
424,1546,5.09434,270,100,23,0,0,0,0,0,0,0,0,30
425,1390,5.58621,324,100,22,0,0,0,0,0,0,0,0,36
426,1500,5.08065,315,100,27,0,0,0,0,0,0,0,0,35
427,1382,5.0339,297,100,26,0,0,0,0,0,0,0,0,33
428,1568,5.12069,297,100,25,0,0,0,0,0,0,0,0,33
429,1686,5.55,333,100,23,0,0,0,0,0,0,0,0,37
430,1530,6.28302,333,100,16,0,0,0,0,0,0,0,0,37
431,1882,6.47368,369,100,16,0,0,0,0,0,0,0,0,41
432,1744,6.40678,378,100,17,0,0,0,0,0,0,0,0,42
433,1732,7.01695,414,100,13,0,0,0,0,0,0,0,0,46
434,1902,6.67241,387,100,15,0,0,0,0,0,0,0,0,43
435,2054,6.36207,369,100,17,0,0,0,0,0,0,0,0,41
436,1916,6.33333,342,100,16,0,0,0,0,0,0,0,0,38
437,2068,5.52632,315,100,22,0,0,0,0,0,0,0,0,35
438,1990,6.10714,342,100,18,0,0,0,0,0,0,0,0,38
439,2136,6.05172,351,100,19,0,0,0,0,0,0,0,0,39
440,1964,5.18644,306,100,25,0,0,0,0,0,0,0,0,34
441,2450,6.10169,360,100,19,0,0,0,0,0,0,0,0,40
442,2120,7,378,100,12,0,0,0,0,0,0,0,0,42
443,1468,5.94643,333,100,19,0,0,0,0,0,0,0,0,37
444,1558,5.58621,324,100,22,0,0,0,0,0,0,0,0,36
445,1992,6.54545,360,100,15,0,0,0,0,0,0,0,0,40
446,2320,6.42857,405,100,18,0,0,0,0,0,0,0,0,45
447,2186,5.16393,315,100,26,0,0,0,0,0,0,0,0,35
448,1962,4.72881,279,100,28,0,0,0,0,0,0,0,0,31
449,2064,5.83607,356,100,21,0,0,0,0,1,0,0,0,39
450,1462,6.20755,329,100,16,0,0,0,0,1,0,0,0,36
451,1520,5.61404,320,100,21,0,0,0,0,1,0,0,0,35
452,1444,5.11667,307,100,25,0,0,0,0,2,0,0,0,33
453,1478,6.21311,379,100,18,0,0,0,0,2,0,0,0,41
454,1770,6.23333,374,100,18,0,0,0,0,1,0,0,0,41
455,1712,6.40678,378,100,17,0,0,0,0,0,0,0,0,42
456,1522,6.51724,378,100,16,0,0,0,0,0,0,0,0,42
457,1456,6.25424,369,100,18,0,0,0,0,0,0,0,0,41
458,1798,6.6,396,100,16,0,0,0,0,0,0,0,0,44
459,1710,6.45,387,100,17,0,0,0,0,0,0,0,0,43
460,1666,6.45,387,100,17,0,0,0,0,0,0,0,0,43
461,1622,5.27586,306,100,24,0,0,0,0,0,0,0,0,34
462,1434,5.84211,333,100,20,0,0,0,0,0,0,0,0,37
463,1394,5.4,324,100,24,0,0,0,0,0,0,0,0,36
464,1314,5.14286,288,100,24,0,0,0,0,0,0,0,0,32
465,1538,5.36842,306,100,23,0,0,0,0,0,0,0,0,34
466,1720,6,342,100,19,0,0,0,0,0,0,0,0,38
467,1678,5.89091,324,100,19,0,0,0,0,0,0,0,0,36
468,2014,5.94915,351,100,20,0,0,0,0,0,0,0,0,39
469,1992,6.10714,342,100,18,0,0,0,0,0,0,0,0,38
470,2270,5.89655,342,100,20,0,0,0,0,0,0,0,0,38
471,2180,5.89091,324,100,19,0,0,0,0,0,0,0,0,36
472,2496,6.33333,342,100,16,0,0,0,0,0,0,0,0,38
473,2696,6.54545,360,100,15,0,0,0,0,0,0,0,0,40
474,2376,5.72727,315,100,20,0,0,0,0,0,0,0,0,35
475,1128,5.89655,342,100,20,0,0,0,0,0,0,0,0,38
476,1358,5.78571,324,100,20,0,0,0,0,0,0,0,0,36
477,1550,6.31579,360,100,17,0,0,0,0,0,0,0,0,40
478,1624,5.79661,342,100,21,0,0,0,0,0,0,0,0,38
479,1640,6.21818,342,100,17,0,0,0,0,0,0,0,0,38
480,1632,6.78947,387,100,14,0,0,0,0,0,0,0,0,43
481,1530,7.07143,396,100,12,0,0,0,0,0,0,0,0,44
482,1506,6.87273,378,100,13,0,0,0,0,0,0,0,0,42
483,1564,7.13208,378,100,11,0,0,0,0,0,0,0,0,42
484,1506,6.05455,333,100,18,0,0,0,0,0,0,0,0,37
485,1602,6.55932,387,100,16,0,0,0,0,0,0,0,0,43
486,1466,7.23214,405,100,11,0,0,0,0,0,0,0,0,45
487,1586,6.96774,432,100,14,0,0,0,0,0,0,0,0,48
488,1296,6.36207,369,100,17,0,0,0,0,0,0,0,0,41
489,1374,6.3,378,100,18,0,0,0,0,0,0,0,0,42
490,1162,5.74138,333,100,21,0,0,0,0,0,0,0,0,37
491,1448,5.71429,360,100,23,0,0,0,0,0,0,0,0,40
492,1322,5.625,360,100,24,0,0,0,0,0,0,0,0,40
493,1346,5.58621,324,100,22,0,0,0,0,0,0,0,0,36
494,1620,6.04918,369,100,20,0,0,0,0,0,0,0,0,41
495,1632,6.82759,396,100,14,0,0,0,0,0,0,0,0,44
496,1506,6.47368,369,100,16,0,0,0,0,0,0,0,0,41
497,1402,6.31579,360,100,17,0,0,0,0,0,0,0,0,40
498,1378,5.52632,315,100,22,0,0,0,0,0,0,0,0,35
499,1464,5.89091,324,100,19,0,0,0,0,0,0,0,0,36
500,1372,5.0339,297,100,26,0,0,0,0,0,0,0,0,33
501,1494,4.8,288,100,28,0,0,0,0,0,0,0,0,32
502,1468,5.89091,324,100,19,0,0,0,0,0,0,0,0,36
503,1576,5.89655,342,100,20,0,0,0,0,0,0,0,0,38
504,1532,6.54545,360,100,15,0,0,0,0,0,0,0,0,40
505,1386,5.83333,315,100,19,0,0,0,0,0,0,0,0,35
506,1806,5.55,333,100,23,0,0,0,0,0,0,0,0,37
507,2314,6.15,369,100,19,0,0,0,0,0,0,0,0,41
508,2068,6,342,100,19,0,0,0,0,0,0,0,0,38
509,1652,6.5,351,100,15,0,0,0,0,0,0,0,0,39
510,1488,6.10714,342,100,18,0,0,0,0,0,0,0,0,38
511,1702,6.66667,360,100,14,0,0,0,0,0,0,0,0,40
512,1510,6.75,351,100,13,0,0,0,0,0,0,0,0,39
513,1770,6.63158,378,100,15,0,0,0,0,0,0,0,0,42
514,1708,6.26786,351,100,17,0,0,0,0,0,0,0,0,39
515,1624,6.5,351,100,15,0,0,0,0,0,0,0,0,39
516,1510,6.38182,351,100,16,0,0,0,0,0,0,0,0,39
517,1610,5.84211,333,100,20,0,0,0,0,0,0,0,0,37
518,1926,6.58929,369,100,15,0,0,0,0,0,0,0,0,41
519,1920,7.30189,387,100,10,0,0,0,0,0,0,0,0,43
520,1698,5.625,315,100,21,0,0,0,0,0,0,0,0,35
521,1580,6,324,100,18,0,0,0,0,0,0,0,0,36
522,1502,5.43103,315,100,23,0,0,0,0,0,0,0,0,35
523,1658,5.43103,315,100,23,0,0,0,0,0,0,0,0,35
524,1572,5.30357,297,100,23,0,0,0,0,0,0,0,0,33
525,1520,5.33898,315,100,24,0,0,0,0,0,0,0,0,35
526,1646,5.33898,315,100,24,0,0,0,0,0,0,0,0,35
527,1418,5.1,306,100,26,0,0,0,0,0,0,0,0,34
528,1628,4.70769,306,100,31,0,0,0,0,0,0,0,0,34
529,1714,5.37097,333,100,25,0,0,0,0,0,0,0,0,37
530,1618,4.5,288,100,32,0,0,0,0,0,0,0,0,32
531,1718,4.95,297,100,27,0,0,0,0,0,0,0,0,33
532,1576,4.64062,297,100,31,0,0,0,0,0,0,0,0,33
533,1634,5.09434,270,100,23,0,0,0,0,0,0,0,0,30
534,1522,5.16667,279,100,23,0,0,0,0,0,0,0,0,31
535,1470,5.33898,315,100,24,0,0,0,0,0,0,0,0,35
536,1346,5.84211,333,100,20,0,0,0,0,0,0,0,0,37
537,1374,6.10714,342,100,18,0,0,0,0,0,0,0,0,38
538,1394,5.52632,315,100,22,0,0,0,0,0,0,0,0,35
539,1266,4.96552,288,100,26,0,0,0,0,0,0,0,0,32
540,1556,5.25,315,100,25,0,0,0,0,0,0,0,0,35
541,1498,5.1,306,100,26,0,0,0,0,0,0,0,0,34
542,1466,5.30357,297,100,23,0,0,0,0,0,0,0,0,33
543,1530,4.88136,288,100,27,0,0,0,0,0,0,0,0,32
544,1488,5.49153,324,100,23,0,0,0,0,0,0,0,0,36
545,1440,5.25,315,100,25,0,0,0,0,0,0,0,0,35
546,1596,5.89091,324,100,19,0,0,0,0,0,0,0,0,36
547,1570,5.0339,297,100,26,0,0,0,0,0,0,0,0,33
548,1468,4.82143,270,100,26,0,0,0,0,0,0,0,0,30
549,1288,4.65517,270,100,28,0,0,0,0,0,0,0,0,30
550,1252,3.98361,243,100,34,0,0,0,0,0,0,0,0,27
551,1698,5.60656,342,100,23,0,0,0,0,0,0,0,0,38
552,1516,5.25926,284,100,22,0,0,0,0,1,0,0,0,31
553,1564,5.12069,297,100,25,0,0,0,0,0,0,0,0,33
554,1592,5.1875,332,100,27,0,0,0,0,0,0,0,1,36
555,1738,6.25424,369,100,18,0,0,0,0,0,0,0,0,41
556,1614,6.55932,387,100,16,0,0,0,0,0,0,0,0,43
557,1454,4.86885,297,100,28,0,0,0,0,0,0,0,0,33
558,1538,5.21053,297,100,24,0,0,0,0,0,0,0,0,33
559,1310,5.76,288,100,18,0,0,0,0,0,0,0,0,32
560,1662,6.26786,351,100,17,0,0,0,0,0,0,0,0,39
561,2070,6.66667,360,100,14,0,0,0,0,0,0,0,0,40
562,2032,6.91071,387,100,13,0,0,0,0,0,0,0,0,43
563,1276,6.33333,342,100,16,0,0,0,0,0,0,0,0,38
564,1482,6.15789,351,100,18,0,0,0,0,0,0,0,0,39
565,1526,5.625,315,100,21,0,0,0,0,0,0,0,0,35
566,1650,5.42857,342,100,25,0,0,0,0,0,0,0,0,38
567,1726,5.45902,333,100,24,0,0,0,0,0,0,0,0,37
568,1610,4.93548,306,100,28,0,0,0,0,0,0,0,0,34
569,1530,4.98462,324,100,29,0,0,0,0,0,0,0,0,36
570,1698,5.42857,342,100,25,0,0,0,0,0,0,0,0,38
571,1584,4.5,288,100,32,0,0,0,0,0,0,0,0,32
572,1726,5.01639,306,100,27,0,0,0,0,0,0,0,0,34
573,1816,4.64516,288,100,30,0,0,0,0,0,0,0,0,32
574,2010,4.86885,297,100,28,0,0,0,0,0,0,0,0,33
575,1908,4.625,296,100,31,0,0,0,0,0,0,0,1,32
576,1748,5.14286,324,100,27,0,0,0,0,0,0,0,0,36
577,2016,5.1,306,100,26,0,0,0,0,0,0,0,0,34
578,1576,5.05263,288,100,25,0,0,0,0,0,0,0,0,32
579,1522,4.72131,288,100,29,0,0,0,0,0,0,0,0,32
580,1278,4.57895,261,100,28,0,0,0,0,0,0,0,0,29
581,1594,5.25,315,100,25,0,0,0,0,0,0,0,0,35
582,1746,4.88136,288,100,27,0,0,0,0,0,0,0,0,32
583,1492,5.01639,306,100,27,0,0,0,0,0,0,0,0,34
584,1678,5.53846,288,100,20,0,0,0,0,0,0,0,0,32
585,1690,5.4,270,100,20,0,0,0,0,0,0,0,0,30
586,1658,4.89474,279,100,26,0,0,0,0,0,0,0,0,31
587,1388,4.82143,270,100,26,0,0,0,0,0,0,0,0,30
588,1554,5.50877,314,100,22,0,0,0,0,0,0,0,1,34
589,1392,4.11864,243,100,32,0,0,0,0,0,0,0,0,27
590,1686,4.90909,270,100,25,0,0,0,0,0,0,0,0,30
591,1550,4.83333,261,100,25,0,0,0,0,0,0,0,0,29
592,1786,6.05455,333,100,18,0,0,0,0,0,0,0,0,37
593,1380,5.05263,288,100,25,0,0,0,0,0,0,0,0,32
594,1386,4.98214,279,100,25,0,0,0,0,0,0,0,0,31
595,1240,4.90909,270,100,25,0,0,0,0,0,0,0,0,30
596,1300,5.05172,293,100,25,0,0,0,0,1,0,0,0,32
597,1422,4.95082,302,100,27,0,0,0,0,1,0,0,0,33
598,1390,4.72881,279,100,28,0,0,0,0,0,0,0,0,31
599,1556,5.01639,306,100,27,0,0,0,0,0,0,0,0,34
600,1534,5.52632,315,100,22,0,0,0,0,0,0,0,0,35
601,1488,5.81538,378,100,23,0,0,0,0,0,0,0,0,42
602,1486,5.22581,324,100,26,0,0,0,0,0,0,0,0,36
603,1474,5.12308,333,100,28,0,0,0,0,0,0,0,0,37
604,1460,5.94643,333,100,19,0,0,0,0,0,0,0,0,37
605,1346,6.10714,342,100,18,0,0,0,0,0,0,0,0,38
606,1284,5.64407,333,100,22,0,0,0,0,0,0,0,0,37
607,1318,5.1,306,100,26,0,0,0,0,0,0,0,0,34
608,1386,5.49153,324,100,23,0,0,0,0,0,0,0,0,36
609,1484,5.85,351,100,21,0,0,0,0,0,0,0,0,39
610,1208,5.4,297,100,22,0,0,0,0,0,0,0,0,33
611,968,4.35593,257,100,30,0,0,0,0,1,0,0,0,28
612,1430,4.65574,284,100,29,0,0,0,0,1,0,0,0,31
613,1392,4.87097,302,100,28,0,0,0,0,1,0,0,0,33
614,1506,5,315,100,28,0,0,0,0,0,0,0,0,35
615,1122,3.85714,243,100,36,0,0,0,0,0,0,0,0,27
616,1110,3.79688,243,100,37,0,0,0,0,0,0,0,0,27
617,1322,4.56923,297,100,32,0,0,0,0,0,0,0,0,33
618,1318,4.86885,297,100,28,0,0,0,0,0,0,0,0,33
619,1290,4.86885,297,100,28,0,0,0,0,0,0,0,0,33
620,1458,5.64407,333,100,22,0,0,0,0,0,0,0,0,37
621,1372,5.49153,324,100,23,0,0,0,0,0,0,0,0,36
622,1400,5.64407,333,100,22,0,0,0,0,0,0,0,0,37
623,1440,5.43103,315,100,23,0,0,0,0,0,0,0,0,35
624,1400,5.84211,333,100,20,0,0,0,0,0,0,0,0,37
625,1400,6.54545,360,100,15,0,0,0,0,0,0,0,0,40
626,1226,5.43103,315,100,23,0,0,0,0,0,0,0,0,35
627,1544,6.87273,378,100,13,0,0,0,0,0,0,0,0,42
628,1386,4.81034,279,100,27,0,0,0,0,0,0,0,0,31
629,1300,4.96552,288,100,26,0,0,0,0,0,0,0,0,32
630,1602,5.21053,297,100,24,0,0,0,0,0,0,0,0,33
631,1760,6.25424,369,100,18,0,0,0,0,0,0,0,0,41
632,1364,4.64516,288,100,30,0,0,0,0,0,0,0,0,32
633,1552,4.73684,270,100,27,0,0,0,0,0,0,0,0,30
634,1578,5.07273,279,100,24,0,0,0,0,0,0,0,0,31
635,1640,4.8,288,100,28,0,0,0,0,0,0,0,0,32
636,1376,4.86885,297,100,28,0,0,0,0,0,0,0,0,33
637,1354,5.36842,306,100,23,0,0,0,0,0,0,0,0,34
638,1430,5.60656,342,100,23,0,0,0,0,0,0,0,0,38
639,1300,5.21053,297,100,24,0,0,0,0,0,0,0,0,33
640,1434,5.42857,342,100,25,0,0,0,0,0,0,0,0,38
641,1526,6.05172,351,100,19,0,0,0,0,0,0,0,0,39
642,1342,5.27586,306,100,24,0,0,0,0,0,0,0,0,34
643,1400,5.14286,288,100,24,0,0,0,0,0,0,0,0,32
644,1418,4.34483,252,100,30,0,0,0,0,0,0,0,0,28
645,1640,5.31148,324,100,25,0,0,0,0,0,0,0,0,36
646,1450,5.27586,306,100,24,0,0,0,0,0,0,0,0,34
647,1396,5.46429,306,100,22,0,0,0,0,0,0,0,0,34
648,1264,5.0339,297,100,26,0,0,0,0,0,0,0,0,33
649,1372,5.1,306,100,26,0,0,0,0,0,0,0,0,34
650,1426,5.18644,306,100,25,0,0,0,0,0,0,0,0,34
651,1422,5.1,306,100,26,0,0,0,0,0,0,0,0,34
652,1428,4.57377,279,100,30,0,0,0,0,0,0,0,0,31
653,1310,4.35938,279,100,33,0,0,0,0,0,0,0,0,31
654,1096,3.83607,234,100,35,0,0,0,0,0,0,0,0,26
655,1218,4.65,279,100,29,0,0,0,0,0,0,0,0,31
656,1366,4.2,252,100,32,0,0,0,0,0,0,0,0,28
657,1530,4.65,279,100,29,0,0,0,0,0,0,0,0,31
658,1228,4.26316,243,100,30,0,0,0,0,0,0,0,0,27
659,1258,4.73684,270,100,27,0,0,0,0,0,0,0,0,30
660,1286,4.35,261,100,31,0,0,0,0,0,0,0,0,29
661,1334,3.83607,234,100,35,0,0,0,0,0,0,0,0,26
662,1218,4.66667,252,100,26,0,0,0,0,0,0,0,0,28
663,1692,4.8,288,100,28,0,0,0,0,0,0,0,0,32
664,1662,4.65,279,100,29,0,0,0,0,0,0,0,0,31
665,1758,6,342,100,19,0,0,0,0,0,0,0,0,38
666,1450,4.90909,270,100,25,0,0,0,0,0,0,0,0,30
667,1458,4.96552,288,100,26,0,0,0,0,0,0,0,0,32
668,1640,5.27586,306,100,24,0,0,0,0,0,0,0,0,34
669,1982,6.10169,360,100,19,0,0,0,0,0,0,0,0,40
670,1686,5.33898,315,100,24,0,0,0,0,0,0,0,0,35
671,2094,5.49153,324,100,23,0,0,0,0,0,0,0,0,36
672,1704,5,270,100,24,0,0,0,0,0,0,0,0,30
673,1972,5.05263,288,100,25,0,0,0,0,0,0,0,0,32
674,1540,5.1,306,100,26,0,0,0,0,0,0,0,0,34
675,1524,5.52632,315,100,22,0,0,0,0,0,0,0,0,35
676,1840,5.28571,333,100,26,0,0,0,0,0,0,0,0,37
677,1718,5.55,333,100,23,0,0,0,0,0,0,0,0,37
678,1596,6.04918,369,100,20,0,0,0,0,0,0,0,0,41
679,1654,5.37097,333,100,25,0,0,0,0,0,0,0,0,37
680,1716,5.16393,315,100,26,0,0,0,0,0,0,0,0,35
681,2064,5.02941,342,100,30,0,0,0,0,0,0,0,0,38
682,1618,5.22581,324,100,26,0,0,0,0,0,0,0,0,36
683,1716,5.7,342,100,22,0,0,0,0,0,0,0,0,38
684,1394,5.33333,288,100,22,0,0,0,0,0,0,0,0,32
685,1576,5.23636,288,100,23,0,0,0,0,0,0,0,0,32
686,1432,6.52941,333,100,14,0,0,0,0,0,0,0,0,37
687,1414,6.28302,333,100,16,0,0,0,0,0,0,0,0,37
688,1486,6.5,351,100,15,0,0,0,0,0,0,0,0,39
689,1748,6.15789,351,100,18,0,0,0,0,0,0,0,0,39
690,1494,6.42857,360,100,16,0,0,0,0,0,0,0,0,40
691,1668,6.42857,360,100,16,0,0,0,0,0,0,0,0,40
692,1798,6.58929,369,100,15,0,0,0,0,0,0,0,0,41
693,1648,5.85714,369,100,22,0,0,0,0,0,0,0,0,41
694,1470,5.60656,342,100,23,0,0,0,0,0,0,0,0,38
695,1310,5.42857,342,100,25,0,0,0,0,0,0,0,0,38
696,1516,5.625,360,100,24,0,0,0,0,0,0,0,0,40
697,1332,5.66129,351,100,23,0,0,0,0,0,0,0,0,39
698,1470,6.51724,378,100,16,0,0,0,0,0,0,0,0,42
699,1244,5.25,315,100,25,0,0,0,0,0,0,0,0,35
700,1456,4.88136,288,100,27,0,0,0,0,0,0,0,0,32
701,1354,4.42623,270,100,31,0,0,0,0,0,0,0,0,30
702,1538,4.64516,288,100,30,0,0,0,0,0,0,0,0,32
703,1428,5.1,306,100,26,0,0,0,0,0,0,0,0,34
704,1446,4.77273,315,100,31,0,0,0,0,0,0,0,0,35
705,1620,4.8,288,100,28,0,0,0,0,0,0,0,0,32
706,1616,5.4,297,100,22,0,0,0,0,0,0,0,0,33
707,1580,4.79032,297,100,29,0,0,0,0,0,0,0,0,33
708,1666,4.98462,324,100,29,0,0,0,0,0,0,0,0,36
709,1618,5.4,297,100,22,0,0,0,0,0,0,0,0,33
710,1692,4.85714,306,100,29,0,0,0,0,0,0,0,0,34
711,1754,6.15789,351,100,18,0,0,0,0,0,0,0,0,39
712,1748,5.08065,315,100,27,0,0,0,0,0,0,0,0,35
713,1464,4.57143,288,100,31,0,0,0,0,0,0,0,0,32
714,1304,4.14286,261,100,34,0,0,0,0,0,0,0,0,29
715,1558,3.9375,252,100,36,0,0,0,0,0,0,0,0,28
716,1714,4.92188,315,100,29,0,0,0,0,0,0,0,0,35
717,1398,3.9661,234,100,33,0,0,0,0,0,0,0,0,26
718,1402,4.10526,234,100,31,0,0,0,0,0,0,0,0,26
719,1686,4.5,261,100,29,0,0,0,0,0,0,0,0,29
720,1816,4.21875,270,100,34,0,0,0,0,0,0,0,0,30
721,1496,3.94737,225,100,32,0,0,0,0,0,0,0,0,25
722,1460,4.42373,261,100,30,0,0,0,0,0,0,0,0,29
723,1602,4.5,279,100,31,0,0,0,0,0,0,0,0,31
724,1542,5.30357,297,100,23,0,0,0,0,0,0,0,0,33
725,1696,5.49153,324,100,23,0,0,0,0,0,0,0,0,36
726,1684,6.5,351,100,15,0,0,0,0,0,0,0,0,39
727,1648,5.75926,311,100,19,0,0,0,0,1,0,0,0,34
728,1444,4.91071,275,100,25,0,0,0,0,1,0,0,0,30
729,1232,4.42373,261,100,30,0,0,0,0,0,0,0,0,29
730,1496,4.34483,252,100,30,0,0,0,0,0,0,0,0,28
731,1282,4.03448,234,100,32,0,0,0,0,0,0,0,0,26
732,1292,3.68852,225,100,36,0,0,0,0,0,0,0,0,25
733,1504,4.10526,234,100,31,0,0,0,0,0,0,0,0,26
734,1322,3.92727,216,100,31,0,0,0,0,0,0,0,0,24
735,1286,4.05,243,100,33,0,0,0,0,0,0,0,0,27
736,1492,4.35484,270,100,32,0,0,0,0,0,0,0,0,30
737,1428,4.09091,270,100,36,0,0,0,0,0,0,0,0,30
738,1516,4.27869,261,100,32,0,0,0,0,0,0,0,0,29
739,1440,4.42857,279,100,32,0,0,0,0,0,0,0,0,31
740,1854,4.72881,279,100,28,0,0,0,0,0,0,0,0,31
741,1488,4.25455,234,100,29,0,0,0,0,0,0,0,0,26
742,1498,3.87931,225,100,33,0,0,0,0,0,0,0,0,25
743,1386,3.45,207,100,37,0,0,0,0,0,0,0,0,23
744,1630,3.50847,207,100,36,0,0,0,0,0,0,0,0,23
745,1492,3.81356,225,100,34,0,0,0,0,0,0,0,0,25
746,1490,3.09836,189,100,40,0,0,0,0,0,0,0,0,21
747,1630,3.87931,225,100,33,0,0,0,0,0,0,0,0,25
748,1440,3.72414,216,100,34,0,0,0,0,0,0,0,0,24
749,1652,4.35938,279,100,33,0,0,0,0,0,0,0,0,31
750,1396,4.72131,288,100,29,0,0,0,0,0,0,0,0,32
751,1538,4.34483,252,100,30,0,0,0,0,0,0,0,0,28
752,1542,4.5,261,100,29,0,0,0,0,0,0,0,0,29
753,1324,3.94915,233,100,33,0,0,0,0,0,0,0,1,25
754,1444,4.78333,287,100,28,0,0,0,0,0,0,0,1,31
755,1448,4.32759,251,100,30,0,0,0,0,0,0,0,1,27
756,1616,4.48276,260,100,29,0,0,0,0,0,0,0,1,28
757,1752,4.24561,242,100,30,0,0,0,0,0,0,0,1,26
758,1570,4.11864,243,100,32,0,0,0,0,0,0,0,0,27
759,1770,3.68852,225,100,36,0,0,0,0,0,0,0,0,25
760,1664,4.18966,243,100,31,0,0,0,0,0,0,0,0,27
761,1662,5.27586,306,100,24,0,0,0,0,0,0,0,0,34
762,1478,4.92453,261,100,24,0,0,0,0,0,0,0,0,29
763,1726,4.18966,243,100,31,0,0,0,0,0,0,0,0,27
764,1906,4.8,288,100,28,0,0,0,0,0,0,0,0,32
765,1792,5.09434,270,100,23,0,0,0,0,0,0,0,0,30
766,1634,5.53846,288,100,20,0,0,0,0,0,0,0,0,32
767,1750,5.94643,333,100,19,0,0,0,0,0,0,0,0,37
768,1350,5.07273,279,100,24,0,0,0,0,0,0,0,0,31
769,1224,4.32692,225,100,27,0,0,0,0,0,0,0,0,25
770,1370,4.93548,306,100,28,0,0,0,0,0,0,0,0,34
771,1408,4.34483,252,100,30,0,0,0,0,0,0,0,0,28
772,1144,3.78947,216,100,33,0,0,0,0,0,0,0,0,24
773,1510,3.85714,243,100,36,0,0,0,0,0,0,0,0,27
774,1412,2.75806,171,100,43,0,0,0,0,0,0,0,0,19
775,1614,3.85714,243,100,36,0,0,0,0,0,0,0,0,27
776,1394,3.39344,207,100,38,0,0,0,0,0,0,0,0,23
777,1554,3.65625,234,100,38,0,0,0,0,0,0,0,0,26
778,1642,3.98361,243,100,34,0,0,0,0,0,0,0,0,27
779,1452,4.94828,287,100,26,0,0,0,0,0,0,0,1,31
780,1376,4.04839,251,100,34,0,0,0,0,0,0,0,1,27
781,1364,4.34375,278,100,33,0,0,0,0,0,0,0,1,30
782,1168,3.81967,233,100,35,0,0,0,0,0,0,0,1,25
783,1550,4.19355,260,100,33,0,0,0,0,0,0,0,1,28
784,1430,4.7193,269,100,27,0,0,0,0,0,0,0,1,29
785,1434,4.40351,251,100,29,0,0,0,0,0,0,0,1,27
786,1366,4,252,100,35,0,0,0,0,0,0,0,0,28
787,1398,3.85714,243,100,36,0,0,0,0,0,0,0,0,27
788,1360,4.27119,252,100,31,0,0,0,0,0,0,0,0,28
789,1448,4.78125,306,100,30,0,0,0,0,0,0,0,0,34
790,1572,5.30357,297,100,23,0,0,0,0,0,0,0,0,33
791,1418,4.92453,261,100,24,0,0,0,0,0,0,0,0,29
792,1580,5.49153,324,100,23,0,0,0,0,0,0,0,0,36
793,1584,5.23636,288,100,23,0,0,0,0,0,0,0,0,32
794,1796,5.5,297,100,21,0,0,0,0,0,0,0,0,33
795,1974,5.89091,324,100,19,0,0,0,0,0,0,0,0,36
796,2060,5.68421,324,100,21,0,0,0,0,0,0,0,0,36
797,2134,4.94118,252,100,23,0,0,0,0,0,0,0,0,28
798,2018,4.41176,225,100,26,0,0,0,0,0,0,0,0,25
799,2116,5.26415,279,100,22,0,0,0,0,0,0,0,0,31
800,2148,5.43396,288,100,21,0,0,0,0,0,0,0,0,32
801,1844,5.30357,297,100,23,0,0,0,0,0,0,0,0,33
802,1596,5.43103,315,100,23,0,0,0,0,0,0,0,0,35
803,1690,5.30357,297,100,23,0,0,0,0,0,0,0,0,33
804,1688,5.11864,302,100,25,0,0,0,0,1,0,0,0,33
805,1504,5.77193,329,100,20,0,0,0,0,1,0,0,0,36
806,1560,5.89655,342,100,20,0,0,0,0,0,0,0,0,38
807,1452,6.16667,333,100,17,0,0,0,0,0,0,0,0,37
808,1526,5.72727,315,100,20,0,0,0,0,0,0,0,0,35
809,1350,6.17647,315,100,16,0,0,0,0,0,0,0,0,35
810,1530,5.68421,324,100,21,0,0,0,0,0,0,0,0,36
811,1364,5.05263,288,100,25,0,0,0,0,0,0,0,0,32
812,1470,5.22581,324,100,26,0,0,0,0,0,0,0,0,36
813,1626,6.05172,351,100,19,0,0,0,0,0,0,0,0,39
814,1300,5.01695,296,100,26,0,0,0,0,0,0,0,1,32
815,1438,4.95,297,100,27,0,0,0,0,0,0,0,0,33
816,1448,4.88136,288,100,27,0,0,0,0,0,0,0,0,32
817,1298,4.50847,266,100,29,0,0,0,0,1,0,0,0,29
818,1476,4.35484,270,100,32,0,0,0,0,0,0,0,0,30
819,1304,4.06452,252,100,34,0,0,0,0,0,0,0,0,28
820,1394,4,252,100,35,0,0,0,0,0,0,0,0,28
821,1200,3.73846,243,100,38,0,0,0,0,0,0,0,0,27
822,1108,3.14286,198,100,41,0,0,0,0,0,0,0,0,22
823,1454,3.33871,207,100,39,0,0,0,0,0,0,0,0,23
824,1500,3.91935,243,100,35,0,0,0,0,0,0,0,0,27
825,1324,3.25862,189,100,37,0,0,0,0,0,0,0,0,21
826,1832,4.96923,323,100,29,0,0,0,0,0,0,0,1,35
827,1516,4.18333,251,100,32,0,0,0,0,0,0,0,1,27
828,1606,3.45,207,100,37,0,0,0,0,0,0,0,0,23
829,1442,2.90323,180,100,42,0,0,0,0,0,0,0,0,20
830,1654,4.06452,252,100,34,0,0,0,0,0,0,0,0,28
831,1416,4.03448,234,100,32,0,0,0,0,0,0,0,0,26
832,1526,4.65517,270,100,28,0,0,0,0,0,0,0,0,30
833,1226,4.11864,243,100,32,0,0,0,0,0,0,0,0,27
834,1574,5.18644,306,100,25,0,0,0,0,0,0,0,0,34
835,1624,4.58491,243,100,26,0,0,0,0,0,0,0,0,27
836,1694,4.88136,288,100,27,0,0,0,0,0,0,0,0,32
837,1638,5.09434,270,100,23,0,0,0,0,0,0,0,0,30
838,2016,5.30357,297,100,23,0,0,0,0,0,0,0,0,33
839,1820,4.90909,270,100,25,0,0,0,0,0,0,0,0,30
840,1352,4.89474,279,100,26,0,0,0,0,0,0,0,0,31
841,1424,4.64516,288,100,30,0,0,0,0,0,0,0,0,32
842,1654,4.36364,288,100,34,0,0,0,0,0,0,0,0,32
843,1250,3.95455,261,100,37,0,0,0,0,0,0,0,0,29
844,1280,4.71429,297,100,30,0,0,0,0,0,0,0,0,33
845,1086,4.14286,261,100,34,0,0,0,0,0,0,0,0,29
846,1428,4.43077,288,100,33,0,0,0,0,0,0,0,0,32
847,1342,4.42623,270,100,31,0,0,0,0,0,0,0,0,30
848,1634,5.33898,315,100,24,0,0,0,0,0,0,0,0,35
849,1714,5.94643,333,100,19,0,0,0,0,0,0,0,0,37
850,1194,4.66667,252,100,26,0,0,0,0,0,0,0,0,28
851,1372,4.57377,279,100,30,0,0,0,0,0,0,0,0,31
852,1346,4.88136,288,100,27,0,0,0,0,0,0,0,0,32
853,1444,5.43103,315,100,23,0,0,0,0,0,0,0,0,35
854,1404,5.77358,306,100,19,0,0,0,0,0,0,0,0,34
855,1320,5.30357,297,100,23,0,0,0,0,0,0,0,0,33
856,1558,5.80645,360,100,22,0,0,0,0,0,0,0,0,40
857,1546,5.08065,315,100,27,0,0,0,0,0,0,0,0,35
858,1804,5.79661,342,100,21,0,0,0,0,0,0,0,0,38
859,2038,5.33898,315,100,24,0,0,0,0,0,0,0,0,35
860,1552,5.5,297,100,21,0,0,0,0,0,0,0,0,33
861,1702,5.58621,324,100,22,0,0,0,0,0,0,0,0,36
862,1692,5.78571,324,100,20,0,0,0,0,0,0,0,0,36
863,1412,4.88136,288,100,27,0,0,0,0,0,0,0,0,32
864,1758,5.36842,306,100,23,0,0,0,0,0,0,0,0,34
865,2040,5.68333,341,100,22,0,0,0,0,0,0,0,1,37
866,2234,5.44643,305,100,22,0,0,0,0,0,0,0,1,33
867,1256,5.33898,315,100,24,0,0,0,0,0,0,0,0,35
868,1330,5.58621,324,100,22,0,0,0,0,0,0,0,0,36
869,1334,4.72881,279,100,28,0,0,0,0,0,0,0,0,31
870,1416,5.68421,324,100,21,0,0,0,0,0,0,0,0,36
871,1412,5.83333,315,100,19,0,0,0,0,0,0,0,0,35
872,1522,5.74138,333,100,21,0,0,0,0,0,0,0,0,37
873,1486,5.43396,288,100,21,0,0,0,0,0,0,0,0,32
874,1326,6.16667,333,100,17,0,0,0,0,0,0,0,0,37
875,1608,6.58929,369,100,15,0,0,0,0,0,0,0,0,41
876,1644,5.83333,315,100,19,0,0,0,0,0,0,0,0,35
877,1264,5.9434,315,100,18,0,0,0,0,0,0,0,0,35
878,1248,5.92453,314,100,18,0,0,0,0,0,0,0,1,34
879,1380,6.23729,368,100,18,0,0,0,0,0,0,0,1,40
880,1218,5.4,297,100,22,0,0,0,0,0,0,0,0,33
881,1224,5.5,297,100,21,0,0,0,0,0,0,0,0,33
882,1332,5.01639,306,100,27,0,0,0,0,0,0,0,0,34
883,1128,4.65,279,100,29,0,0,0,0,0,0,0,0,31
884,1488,4.91935,305,100,28,0,0,0,0,0,0,0,1,33
885,1560,4.5,297,100,33,0,0,0,0,0,0,0,0,33
886,1332,3.81356,225,100,34,0,0,0,0,0,0,0,0,25
887,1626,2.93939,194,100,44,0,0,0,0,1,0,0,0,21
888,1576,2.77941,189,100,47,0,0,0,0,0,0,0,0,21
889,1408,3.62903,225,100,37,0,0,0,0,0,0,0,0,25
890,1704,3.68852,225,100,36,0,0,0,0,0,0,0,0,25
891,1592,4.42105,252,100,29,0,0,0,0,0,0,0,0,28
892,1762,4.27119,252,100,31,0,0,0,0,0,0,0,0,28
893,1748,4.28571,270,100,33,0,0,0,0,0,0,0,0,30
894,1682,3.41379,198,100,36,0,0,0,0,0,0,0,0,22
895,1724,3.72414,216,100,34,0,0,0,0,0,0,0,0,24
896,1552,4.01786,225,100,31,0,0,0,0,0,0,0,0,25
897,1742,3.45,207,100,37,0,0,0,0,0,0,0,0,23
898,1488,3.21429,180,100,36,0,0,0,0,0,0,0,0,20
899,1406,4.2,252,100,32,0,0,0,0,0,0,0,0,28
900,1234,4.65517,270,100,28,0,0,0,0,0,0,0,0,30
901,1368,4.72881,279,100,28,0,0,0,0,0,0,0,0,31
902,1694,5.4,324,100,24,0,0,0,0,0,0,0,0,36
903,1604,4.01786,225,100,31,0,0,0,0,0,0,0,0,25
904,1302,3.9661,234,100,33,0,0,0,0,0,0,0,0,26
905,1340,4.18966,243,100,31,0,0,0,0,0,0,0,0,27
906,1320,4.11864,243,100,32,0,0,0,0,0,0,0,0,27
907,1736,5.05263,288,100,25,0,0,0,0,0,0,0,0,32
908,1646,5.07273,279,100,24,0,0,0,0,0,0,0,0,31
909,1704,5.09434,270,100,23,0,0,0,0,0,0,0,0,30
910,1530,5.11765,261,100,22,0,0,0,0,0,0,0,0,29
911,1576,4.89474,279,100,26,0,0,0,0,0,0,0,0,31
912,1630,4.5,261,100,29,0,0,0,0,0,0,0,0,29
913,1630,4.05,243,100,33,0,0,0,0,0,0,0,0,27
914,1572,4.27119,252,100,31,0,0,0,0,0,0,0,0,28
915,1190,3.85714,216,100,32,0,0,0,0,0,0,0,0,24
916,1660,3.83607,234,100,35,0,0,0,0,0,0,0,0,26
917,1456,3.50847,207,100,36,0,0,0,0,0,0,0,0,23
918,1340,3.87931,225,100,33,0,0,0,0,0,0,0,0,25
919,1424,3.9375,252,100,36,0,0,0,0,0,0,0,0,28
920,1460,4.01786,225,100,31,0,0,0,0,0,0,0,0,25
921,1998,4.86885,297,100,28,0,0,0,0,0,0,0,0,33
922,1714,5.12069,297,100,25,0,0,0,0,0,0,0,0,33
923,1352,4.17857,234,100,30,0,0,0,0,0,0,0,0,26
924,1576,3.85714,216,100,32,0,0,0,0,0,0,0,0,24
925,1552,4.17857,234,100,30,0,0,0,0,0,0,0,0,26
926,1678,2.55,153,100,43,0,0,0,0,0,0,0,0,17
927,2310,3.68852,225,100,36,0,0,0,0,0,0,0,0,25
928,2524,3.77419,234,100,36,0,0,0,0,0,0,0,0,26
929,2670,3.81356,225,100,34,0,0,0,0,0,0,0,0,25
930,2686,4.17857,234,100,30,0,0,0,0,0,0,0,0,26
931,2074,4.26316,243,100,30,0,0,0,0,0,0,0,0,27
932,2134,4.73684,270,100,27,0,0,0,0,0,0,0,0,30
933,2034,4.88136,288,100,27,0,0,0,0,0,0,0,0,32
934,2240,5.23636,288,100,23,0,0,0,0,0,0,0,0,32
935,2344,4.96552,288,100,26,0,0,0,0,0,0,0,0,32
936,1714,3.91935,243,100,35,0,0,0,0,0,0,0,0,27
937,1764,4.65,279,100,29,0,0,0,0,0,0,0,0,31
938,2166,4.96552,288,100,26,0,0,0,0,0,0,0,0,32
939,2108,5.11765,261,100,22,0,0,0,0,0,0,0,0,29
940,2478,5.68421,324,100,21,0,0,0,0,0,0,0,0,36
941,2320,5.68421,324,100,21,0,0,0,0,0,0,0,0,36
942,2424,6.05172,351,100,19,0,0,0,0,0,0,0,0,39
943,2194,6.98276,405,100,13,0,0,0,0,0,0,0,0,45
944,2520,6.91071,387,100,13,0,0,0,0,0,0,0,0,43
945,2112,6.05455,333,100,18,0,0,0,0,0,0,0,0,37
946,2284,5.33898,315,100,24,0,0,0,0,0,0,0,0,35
947,1948,5.0339,297,100,26,0,0,0,0,0,0,0,0,33
948,1454,4.85714,306,100,29,0,0,0,0,0,0,0,0,34
949,1736,4.97015,333,100,30,0,0,0,0,0,0,0,0,37
950,1444,3.85714,243,100,36,0,0,0,0,0,0,0,0,27
951,1578,4.27869,261,100,32,0,0,0,0,0,0,0,0,29
952,1792,4.34483,252,100,30,0,0,0,0,0,0,0,0,28
953,1546,5.33898,315,100,24,0,0,0,0,0,0,0,0,35
954,1360,4.35484,270,100,32,0,0,0,0,0,0,0,0,30
955,1304,4.06452,252,100,34,0,0,0,0,0,0,0,0,28
956,1808,4.43077,288,100,33,0,0,0,0,0,0,0,0,32
957,1644,3.83607,234,100,35,0,0,0,0,0,0,0,0,26
958,1536,4.65517,270,100,28,0,0,0,0,0,0,0,0,30
959,1586,3.65079,230,100,37,0,0,0,0,1,0,0,0,25
960,1490,4.36066,266,100,31,0,0,0,0,1,0,0,0,29
961,1640,4.8,288,100,28,0,0,0,0,0,0,0,0,32
962,1502,3.91935,243,100,35,0,0,0,0,0,0,0,0,27
963,1468,4.27869,261,100,32,0,0,0,0,0,0,0,0,29
964,2004,5.33898,315,100,24,0,0,0,0,0,0,0,0,35
965,1904,5.45614,311,100,22,0,0,0,0,1,0,0,0,34
966,2390,5.14035,293,100,24,0,0,0,0,1,0,0,0,32
967,2686,4.65,279,100,29,0,0,0,0,0,0,0,0,31
968,2302,4.5,252,100,28,0,0,0,0,0,0,0,0,28
969,2792,5.0339,297,100,26,0,0,0,0,0,0,0,0,33
970,2520,5.07273,279,100,24,0,0,0,0,0,0,0,0,31
971,2004,4.18966,243,100,31,0,0,0,0,0,0,0,0,27
972,2284,4.20968,261,100,33,0,0,0,0,0,0,0,0,29
973,2842,5.12069,297,100,25,0,0,0,0,0,0,0,0,33
974,1362,3.03636,167,100,36,0,0,0,0,1,0,0,0,18
975,1848,4.57377,279,100,30,0,0,0,0,0,0,0,0,31
976,1534,4.5,270,100,30,0,0,0,0,0,0,0,0,30
977,1432,4.34483,252,100,30,0,0,0,0,0,0,0,0,28
978,1472,4.90909,270,100,25,0,0,0,0,0,0,0,0,30
979,1616,4.5,261,100,29,0,0,0,0,0,0,0,0,29
980,1208,3.375,189,100,35,0,0,0,0,0,0,0,0,21
981,1412,4.27869,261,100,32,0,0,0,0,0,0,0,0,29
982,1564,4.72881,279,100,28,0,0,0,0,0,0,0,0,31
983,1864,5.31148,324,100,25,0,0,0,0,0,0,0,0,36
984,1396,4.5,252,100,28,0,0,0,0,0,0,0,0,28
985,1644,5,315,100,28,0,0,0,0,0,0,0,0,35
986,1518,4.56923,297,100,32,0,0,0,0,0,0,0,0,33
987,1288,4.57143,288,100,31,0,0,0,0,0,0,0,0,32
988,1416,4.42857,279,100,32,0,0,0,0,0,0,0,0,31
989,1710,5.22581,324,100,26,0,0,0,0,0,0,0,0,36
990,1684,5.33898,315,100,24,0,0,0,0,0,0,0,0,35
991,1626,5.12069,297,100,25,0,0,0,0,0,0,0,0,33
992,1804,5.57143,351,100,24,0,0,0,0,0,0,0,0,39
993,1788,5.7,342,100,22,0,0,0,0,0,0,0,0,38
994,1494,5.94915,351,100,20,0,0,0,0,0,0,0,0,39
995,1344,5.78571,324,100,20,0,0,0,0,0,0,0,0,36
996,1600,6.10714,342,100,18,0,0,0,0,0,0,0,0,38
997,1494,5.89091,324,100,19,0,0,0,0,0,0,0,0,36
998,1596,5.43103,315,100,23,0,0,0,0,0,0,0,0,35
999,1766,5.64407,333,100,22,0,0,0,0,0,0,0,0,37
