update,points,mean_tasks,total_tasks,total_orgs,task_0,task_1,task_2,task_3,task_4,task_5,task_6,task_7,task_8,task_9
0,0,nan,0,10,0,0,0,0,0,0,0,0,0,0
1,6,0,0,10,3,0,0,0,0,0,0,0,0,0
2,58,0,0,10,6,0,0,0,0,0,0,0,0,0
3,16,0,0,10,6,0,0,0,0,0,0,0,0,0
4,64,0,0,11,8,0,0,0,0,0,0,0,0,0
5,30,0,0,11,9,0,0,0,0,0,0,0,0,0
6,64,0.9,9,13,9,0,0,0,0,0,0,0,0,1
7,32,0.818182,9,13,10,0,0,0,0,0,0,0,0,1
8,112,1.8,18,15,8,0,0,0,0,0,0,0,0,2
9,62,1.5,18,16,10,0,0,0,0,0,0,0,0,2
10,100,1.5,18,17,10,0,0,0,0,0,0,0,0,2
11,150,1.92857,27,18,11,0,0,0,0,0,0,0,0,3
12,94,0.642857,9,20,13,0,0,0,0,0,0,0,0,1
13,82,0.5625,9,21,15,0,0,0,0,0,0,0,0,1
14,70,0.5625,9,22,15,0,0,0,0,0,0,0,0,1
15,110,0.473684,9,22,18,0,0,0,0,0,0,0,0,1
16,84,0.473684,9,24,18,0,0,0,0,0,0,0,0,1
17,188,0.818182,18,25,20,0,0,0,0,0,0,0,0,2
18,200,0.857143,18,29,19,0,0,0,0,0,0,0,0,2
19,266,0.75,18,29,22,0,0,0,0,0,0,0,0,2
20,178,0.818182,18,31,20,0,0,0,0,0,0,0,0,2
21,250,0.692308,18,31,24,0,0,0,0,0,0,0,0,2
22,172,0.782609,18,33,21,0,0,0,0,0,0,0,0,2
23,202,0.580645,18,33,29,0,0,0,0,0,0,0,0,2
24,160,0.62069,18,35,27,0,0,0,0,0,0,0,0,2
25,282,0,0,35,33,0,0,0,0,0,0,0,0,0
26,216,0,0,37,31,0,0,0,0,0,0,0,0,0
27,324,0.264706,9,37,33,0,0,0,0,0,0,0,0,1
28,330,0.545455,18,41,31,0,0,0,0,0,0,0,0,2
29,380,0.236842,9,41,37,0,0,0,0,0,0,0,0,1
30,262,0.257143,9,42,34,0,0,0,0,0,0,0,0,1
31,312,0.230769,9,44,38,0,0,0,0,0,0,0,0,1
32,258,0.771429,27,47,32,0,0,0,0,0,0,0,0,3
33,320,0.857143,36,48,38,0,0,0,0,0,0,0,0,4
34,226,0.923077,36,49,35,0,0,0,0,0,0,0,0,4
35,342,0.613636,27,50,41,0,0,0,0,0,0,0,0,3
36,256,0.642857,27,52,39,0,0,0,0,0,0,0,0,3
37,460,1.28571,54,53,36,0,0,0,0,0,0,0,0,6
38,360,1.09756,45,55,36,0,0,0,0,0,0,0,0,5
39,394,0.918367,45,56,44,0,0,0,0,0,0,0,0,5
40,280,0.782609,36,57,42,0,0,0,0,0,0,0,0,4
41,352,0.882353,45,57,46,0,0,0,0,0,0,0,0,5
42,356,1.14894,54,59,41,0,0,0,0,0,0,0,0,6
43,402,1.14545,63,62,48,0,0,0,0,0,0,0,0,7
44,354,1.38462,72,63,44,0,0,0,0,0,0,0,0,8
45,386,0.666667,36,64,50,0,0,0,0,0,0,0,0,4
46,360,0.679245,36,66,49,0,0,0,0,0,0,0,0,4
47,472,0.964286,54,67,50,0,0,0,0,0,0,0,0,6
48,514,1.35849,72,67,45,0,0,0,0,0,0,0,0,8
49,484,1.14545,63,68,48,0,0,0,0,0,0,0,0,7
50,472,1.14545,63,69,48,0,0,0,0,0,0,0,0,7
51,512,1.26316,72,70,49,0,0,0,0,0,0,0,0,8
52,568,1.44643,81,74,47,0,0,0,0,0,0,0,0,9
53,538,1.5,90,76,50,0,0,0,0,0,0,0,0,10
54,478,1.39655,81,77,49,0,0,0,0,0,0,0,0,9
55,544,0.870968,54,78,56,0,0,0,0,0,0,0,0,6
56,592,0.885246,54,79,55,0,0,0,0,0,0,0,0,6
57,702,1.10769,72,80,57,0,0,0,0,0,0,0,0,8
58,744,1.08621,63,80,51,0,0,0,0,0,0,0,0,7
59,566,0.830769,54,81,59,0,0,0,0,0,0,0,0,6
60,542,0.703125,45,83,59,0,0,0,0,0,0,0,0,5
61,598,0.642857,45,83,65,0,0,0,0,0,0,0,0,5
62,514,0.818182,54,84,60,0,0,0,0,0,0,0,0,6
63,522,0.633803,45,85,66,0,0,0,0,0,0,0,0,5
64,512,0.681818,45,86,61,0,0,0,0,0,0,0,0,5
65,706,0.6,45,86,70,0,0,0,0,0,0,0,0,5
66,752,0.926471,63,86,61,0,0,0,0,0,0,0,0,7
67,686,0.75,54,87,66,0,0,0,0,0,0,0,0,6
68,562,0.692308,45,88,60,0,0,0,0,0,0,0,0,5
69,668,0.694444,50,88,66,0,0,0,0,1,0,0,0,5
70,654,0.830986,59,88,64,0,0,0,0,1,0,0,0,6
71,770,0.931507,68,88,65,0,0,0,0,1,0,0,0,7
72,694,0.842857,59,88,63,0,0,0,0,1,0,0,0,6
73,778,0.875,63,88,65,0,0,0,0,0,0,0,0,7
74,694,1.15714,81,88,61,0,0,0,0,0,0,0,0,9
75,722,1.04412,71,88,60,0,0,0,0,0,0,0,1,7
76,704,0.746479,53,90,65,0,0,0,0,0,0,0,1,5
77,770,0.716216,53,90,68,0,0,0,0,0,0,0,1,5
78,706,0.726027,53,90,67,0,0,0,0,0,0,0,1,5
79,774,0.592105,45,91,71,0,0,0,0,0,0,0,0,5
80,816,0.710526,54,91,70,0,0,0,0,0,0,0,0,6
81,758,0.84,63,92,68,0,0,0,0,0,0,0,0,7
82,654,0.625,45,92,67,0,0,0,0,0,0,0,0,5
83,532,0.72973,54,92,68,0,0,0,0,0,0,0,0,6
84,778,0.863014,63,92,66,0,0,0,0,0,0,0,0,7
85,700,0.84,63,92,68,0,0,0,0,0,0,0,0,7
86,764,1.21622,90,92,64,0,0,0,0,0,0,0,0,10
87,842,1.23611,89,92,62,0,0,0,0,0,0,0,1,9
88,608,0.851351,63,92,67,0,0,0,0,0,0,0,0,7
89,746,0.72973,54,92,68,0,0,0,0,0,0,0,0,6
90,782,0.828947,63,92,69,0,0,0,0,0,0,0,0,7
91,664,0.972973,72,94,66,0,0,0,0,0,0,0,0,8
92,784,0.851351,63,94,67,0,0,0,0,0,0,0,0,7
93,692,0.860759,68,94,71,0,0,0,0,1,0,0,0,7
94,726,0.518987,41,94,74,0,0,0,0,1,0,0,0,4
95,690,0.525641,41,95,73,0,0,0,0,1,0,0,0,4
96,726,0.395062,32,95,77,0,0,0,0,1,0,0,0,3
97,856,0.746835,59,96,72,0,0,0,0,1,0,0,0,6
98,756,0.576923,45,96,73,0,0,0,0,0,0,0,0,5
99,756,0.760563,54,96,65,0,0,0,0,0,0,0,0,6
100,820,0.851351,63,96,67,0,0,0,0,0,0,0,0,7
101,906,1.13158,86,96,66,0,0,0,0,1,0,0,0,9
102,1006,0.974684,77,96,70,0,0,0,0,1,0,0,0,8
103,810,0.863014,63,96,66,0,0,0,0,0,0,0,0,7
104,898,0.851351,63,96,67,0,0,0,0,0,0,0,0,7
105,710,0.863014,63,96,66,0,0,0,0,0,0,0,0,7
106,978,1.47945,108,96,61,0,0,0,0,0,0,0,0,12
107,714,1.32,99,96,64,0,0,0,0,0,0,0,0,11
108,744,1.13924,90,96,69,0,0,0,0,0,0,0,0,10
109,808,0.851351,63,97,67,0,0,0,0,0,0,0,0,7
110,714,0.84,63,97,68,0,0,0,0,0,0,0,0,7
111,690,1.18421,90,99,66,0,0,0,0,0,0,0,0,10
112,922,1.44,108,99,63,0,0,0,0,0,0,0,0,12
113,898,1.525,122,99,66,0,0,0,0,1,0,0,0,13
114,854,1.66667,135,99,66,0,0,0,0,0,0,0,0,15
115,860,1.88889,153,99,64,0,0,0,0,0,0,0,0,17
116,698,1.38462,108,99,66,0,0,0,0,0,0,0,0,12
117,868,1.44,108,99,63,0,0,0,0,0,0,0,0,12
118,904,1.53947,117,99,63,0,0,0,0,0,0,0,0,13
119,648,1.36709,108,100,67,0,0,0,0,0,0,0,0,12
120,876,1.82278,144,100,63,0,0,0,0,0,0,0,0,16
121,918,2.25,171,100,57,0,0,0,0,0,0,0,0,19
122,970,2.48684,189,100,55,0,0,0,0,0,0,0,0,21
123,732,2.4,180,100,55,0,0,0,0,0,0,0,0,20
124,928,2.02817,144,100,55,0,0,0,0,0,0,0,0,16
125,912,1.87013,144,100,61,0,0,0,0,0,0,0,0,16
126,918,1.63636,126,100,63,0,0,0,0,0,0,0,0,14
127,888,1.53947,117,100,63,0,0,0,0,0,0,0,0,13
128,932,1.98701,153,100,60,0,0,0,0,0,0,0,0,17
129,840,1.82432,135,100,59,0,0,0,0,0,0,0,0,15
130,778,1.9726,144,100,57,0,0,0,0,0,0,0,0,16
131,982,2.13158,162,100,58,0,0,0,0,0,0,0,0,18
132,768,1.89474,144,100,60,0,0,0,0,0,0,0,0,16
133,894,1.75325,135,100,62,0,0,0,0,0,0,0,0,15
134,980,2.55405,189,100,53,0,0,0,0,0,0,0,0,21
135,992,2.26667,170,100,56,0,0,0,0,0,0,0,1,18
136,1046,2.76471,188,100,47,0,0,0,0,0,0,0,1,20
137,954,2.15493,153,100,54,0,0,0,0,0,0,0,0,17
138,1036,2.35385,153,100,48,0,0,0,0,0,0,0,0,17
139,1026,2.45455,162,100,48,0,0,0,0,0,0,0,0,18
140,940,2.18182,144,100,50,0,0,0,0,0,0,0,0,16
141,1246,2.31818,153,100,49,0,0,0,0,0,0,0,0,17
142,1096,2.45588,167,100,49,0,0,0,0,1,0,0,0,18
143,1168,2.32353,158,100,50,0,0,0,0,1,0,0,0,17
144,1044,2.50794,158,100,45,0,0,0,0,1,0,0,0,17
145,1054,2.22388,149,100,50,0,0,0,0,1,0,0,0,16
146,1244,2.28169,162,100,53,0,0,0,0,0,0,0,0,18
147,948,2.63077,171,100,46,0,0,0,0,0,0,0,0,19
148,784,2.90769,189,100,44,0,0,0,0,0,0,0,0,21
149,876,2.68116,185,100,48,0,0,0,0,1,0,0,0,20
150,778,2.49231,162,100,47,0,0,0,0,0,0,0,0,18
151,950,2.95522,198,100,45,0,0,0,0,0,0,0,0,22
152,1046,3.22388,216,100,43,0,0,0,0,0,0,0,0,24
153,1198,2.89831,171,100,40,0,0,0,0,0,0,0,0,19
154,1132,2.89831,171,100,40,0,0,0,0,0,0,0,0,19
155,826,2.7,162,100,42,0,0,0,0,0,0,0,0,18
156,772,2.05263,117,100,44,0,0,0,0,0,0,0,0,13
157,854,2.21538,144,100,49,0,0,0,0,0,0,0,0,16
158,860,2.80328,171,100,42,0,0,0,0,0,0,0,0,19
159,990,2.25,144,100,48,0,0,0,0,0,0,0,0,16
160,1012,2.42857,153,100,46,0,0,0,0,0,0,0,0,17
161,684,1.98413,125,100,49,0,0,0,0,0,0,0,1,13
162,1332,3.30769,215,100,41,0,0,0,0,0,0,0,1,23
163,1038,2.75385,179,100,45,0,0,0,0,0,0,0,1,19
164,1132,2,134,100,52,0,0,0,0,0,0,0,1,14
165,1220,2.25,153,100,51,0,0,0,0,0,0,0,0,17
166,1184,3.50847,207,100,36,0,0,0,0,0,0,0,0,23
167,1020,3,180,100,40,0,0,0,0,0,0,0,0,20
168,1262,3.33871,207,100,39,0,0,0,0,0,0,0,0,23
169,1268,3.14286,198,100,41,0,0,0,0,0,0,0,0,22
170,1398,4.03448,234,100,32,0,0,0,0,0,0,0,0,26
171,1184,3.76364,207,100,32,0,0,0,0,0,0,0,0,23
172,1236,3.35593,198,100,37,0,0,0,0,0,0,0,0,22
173,1338,3.23438,207,100,41,0,0,0,0,0,0,0,0,23
174,1234,3.09375,198,100,42,0,0,0,0,0,0,0,0,22
175,1466,3.33871,207,100,39,0,0,0,0,0,0,0,0,23
176,1432,3.19355,198,100,40,0,0,0,0,0,0,0,0,22
177,1412,3.54098,216,100,37,0,0,0,0,0,0,0,0,24
178,1516,3.79688,243,100,37,0,0,0,0,0,0,0,0,27
179,1156,3.27273,216,100,42,0,0,0,0,0,0,0,0,24
180,1286,3.33871,207,100,39,0,0,0,0,0,0,0,0,23
181,1118,3.31579,189,100,36,0,0,0,0,0,0,0,0,21
182,1112,2.95082,180,100,41,0,0,0,0,0,0,0,0,20
183,1260,3.31579,189,100,36,0,0,0,0,0,0,0,0,21
184,1388,3.3,198,100,38,0,0,0,0,0,0,0,0,22
185,1346,3.39344,207,100,38,0,0,0,0,0,0,0,0,23
186,1294,3.85714,216,100,32,0,0,0,0,0,0,0,0,24
187,1260,3.87931,225,100,33,0,0,0,0,0,0,0,0,25
188,1276,4.10526,234,100,31,0,0,0,0,0,0,0,0,26
189,1158,4.10526,234,100,31,0,0,0,0,0,0,0,0,26
190,1316,4.11864,243,100,32,0,0,0,0,0,0,0,0,27
191,1378,4.90909,270,100,25,0,0,0,0,0,0,0,0,30
192,1068,3.22642,171,100,34,0,0,0,0,0,0,0,0,19
193,1124,2.83333,153,100,37,0,0,0,0,0,0,0,0,17
194,1092,3.66102,216,100,35,0,0,0,0,0,0,0,0,24
195,950,3.6,216,100,36,0,0,0,0,0,0,0,0,24
196,1214,3.9661,234,100,33,0,0,0,0,0,0,0,0,26
197,1194,4.57895,261,100,28,0,0,0,0,0,0,0,0,29
198,1036,3.68852,225,100,36,0,0,0,0,0,0,0,0,25
199,1092,3.75,225,100,35,0,0,0,0,0,0,0,0,25
200,1206,3.62903,225,100,37,0,0,0,0,0,0,0,0,25
201,1374,4.2,252,100,32,0,0,0,0,0,0,0,0,28
202,1238,3.83607,234,100,35,0,0,0,0,0,0,0,0,26
203,1258,4.73684,270,100,27,0,0,0,0,0,0,0,0,30
204,1110,3.62903,225,100,37,0,0,0,0,0,0,0,0,25
205,1476,4.34483,252,100,30,0,0,0,0,0,0,0,0,28
206,1318,4.83333,261,100,25,0,0,0,0,0,0,0,0,29
207,1254,4.66071,261,100,27,0,0,0,0,0,0,0,0,29
208,1152,3.83607,234,100,35,0,0,0,0,0,0,0,0,26
209,1344,3.85714,243,100,36,0,0,0,0,0,0,0,0,27
210,1322,4.8,288,100,28,0,0,0,0,0,0,0,0,32
211,1470,4.56716,306,100,33,0,0,0,0,0,0,0,0,34
212,1674,5.0339,297,100,26,0,0,0,0,0,0,0,0,33
213,1432,4.8,288,100,28,0,0,0,0,0,0,0,0,32
214,1610,4.2,252,100,32,0,0,0,0,0,0,0,0,28
215,1502,3.89552,261,100,38,0,0,0,0,0,0,0,0,29
216,1520,4.42623,270,100,31,0,0,0,0,0,0,0,0,30
217,1650,4.65517,270,100,28,0,0,0,0,0,0,0,0,30
218,1672,5.51613,342,100,24,0,0,0,0,0,0,0,0,38
219,1546,5.22581,324,100,26,0,0,0,0,0,0,0,0,36
220,1418,5.37097,333,100,25,0,0,0,0,0,0,0,0,37
221,1472,5.4,297,100,22,0,0,0,0,0,0,0,0,33
222,1544,5.45902,333,100,24,0,0,0,0,0,0,0,0,37
223,1410,4.26786,239,100,29,0,0,0,0,1,0,0,0,26
224,1466,3.81356,225,100,34,0,0,0,0,0,0,0,0,25
225,1676,4.5,261,100,29,0,0,0,0,0,0,0,0,29
226,1586,4.88136,288,100,27,0,0,0,0,0,0,0,0,32
227,1030,4,216,100,30,0,0,0,0,0,0,0,0,24
228,1414,4.5,279,100,31,0,0,0,0,0,0,0,0,31
229,1374,4.26316,243,100,30,0,0,0,0,0,0,0,0,27
230,1314,4.57627,270,100,29,0,0,0,0,0,0,0,0,30
231,1554,4.5,261,100,29,0,0,0,0,0,0,0,0,29
232,1290,3.66102,216,100,35,0,0,0,0,0,0,0,0,24
233,1114,3.28571,207,100,40,0,0,0,0,0,0,0,0,23
234,1322,4.14286,261,100,34,0,0,0,0,0,0,0,0,29
235,1172,3.71429,234,100,37,0,0,0,0,0,0,0,0,26
236,1248,3.65625,234,100,38,0,0,0,0,0,0,0,0,26
237,1392,3.97059,270,100,38,0,0,0,0,0,0,0,0,30
238,1002,3.42857,216,100,39,0,0,0,0,0,0,0,0,24
239,1226,3.27273,216,100,42,0,0,0,0,0,0,0,0,24
240,1180,2.95312,189,100,43,0,0,0,0,0,0,0,0,21
241,1182,3.39344,207,100,38,0,0,0,0,0,0,0,0,23
242,1338,4.05,243,100,33,0,0,0,0,0,0,0,0,27
243,1496,3.23438,207,100,41,0,0,0,0,0,0,0,0,23
244,1188,3.56897,207,100,35,0,0,0,0,0,0,0,0,23
245,1468,4.35938,279,100,33,0,0,0,0,0,0,0,0,31
246,1168,3.71429,234,100,37,0,0,0,0,0,0,0,0,26
247,1188,3.35821,225,100,42,0,0,0,0,0,0,0,0,25
248,1378,4.02985,270,100,37,0,0,0,0,0,0,0,0,30
249,1194,3.77419,234,100,36,0,0,0,0,0,0,0,0,26
250,1320,3.62687,243,100,40,0,0,0,0,0,0,0,0,27
251,1272,2.78873,198,100,49,0,0,0,0,0,0,0,0,22
252,1390,3.39344,207,100,38,0,0,0,0,0,0,0,0,23
253,1400,3.83607,234,100,35,0,0,0,0,0,0,0,0,26
254,1468,4.42623,270,100,31,0,0,0,0,0,0,0,0,30
255,1572,3.83607,234,100,35,0,0,0,0,0,0,0,0,26
256,1574,3.49254,234,100,41,0,0,0,0,0,0,0,0,26
257,1400,3.71429,234,100,37,0,0,0,0,0,0,0,0,26
258,1300,3.6,234,100,39,0,0,0,0,0,0,0,0,26
259,1488,3.89552,261,100,38,0,0,0,0,0,0,0,0,29
260,1388,2.77941,189,100,47,0,0,0,0,0,0,0,0,21
261,1110,2.35385,153,100,48,0,0,0,0,0,0,0,0,17
262,1104,2.72727,180,100,46,0,0,0,0,0,0,0,0,20
263,1152,2.38235,162,100,50,0,0,0,0,0,0,0,0,18
264,1126,3.25862,189,100,37,0,0,0,0,0,0,0,0,21
265,1304,3.79688,243,100,37,0,0,0,0,0,0,0,0,27
266,1494,4.07812,261,100,35,0,0,0,0,0,0,0,0,29
267,1316,3.54545,234,100,40,0,0,0,0,0,0,0,0,26
268,1618,4.15385,270,100,35,0,0,0,0,0,0,0,0,30
269,1442,3.73846,243,100,38,0,0,0,0,0,0,0,0,27
270,1262,4.43077,288,100,33,0,0,0,0,0,0,0,0,32
271,1412,4.43077,288,100,33,0,0,0,0,0,0,0,0,32
272,1236,3.48387,216,100,38,0,0,0,0,0,0,0,0,24
273,1434,4.5,288,100,32,0,0,0,0,0,0,0,0,32
274,1238,4.66071,261,100,27,0,0,0,0,0,0,0,0,29
275,1490,5.78571,324,100,20,0,0,0,0,0,0,0,0,36
276,1294,4.10526,234,100,31,0,0,0,0,0,0,0,0,26
277,1388,4.35484,270,100,32,0,0,0,0,0,0,0,0,30
278,1398,4.13115,252,100,33,0,0,0,0,0,0,0,0,28
279,1466,4.81034,279,100,27,0,0,0,0,0,0,0,0,31
280,1372,4.93548,306,100,28,0,0,0,0,0,0,0,0,34
281,1434,4.2,252,100,32,0,0,0,0,0,0,0,0,28
282,1640,3.98361,243,100,34,0,0,0,0,0,0,0,0,27
283,1488,4.27119,252,100,31,0,0,0,0,0,0,0,0,28
284,1622,5.43103,315,100,23,0,0,0,0,0,0,0,0,35
285,1538,5.30357,297,100,23,0,0,0,0,0,0,0,0,33
286,1432,4.5,252,100,28,0,0,0,0,0,0,0,0,28
287,1450,5.64706,288,100,19,0,0,0,0,0,0,0,0,32
288,1534,5.18644,306,100,25,0,0,0,0,0,0,0,0,34
289,1374,4.95,297,100,27,0,0,0,0,0,0,0,0,33
290,1346,4.96552,288,100,26,0,0,0,0,0,0,0,0,32
291,1360,5.52632,315,100,22,0,0,0,0,0,0,0,0,35
292,1434,6.26786,351,100,17,0,0,0,0,0,0,0,0,39
293,1688,6.63934,405,100,16,0,0,0,0,0,0,0,0,45
294,1632,6.75,378,100,14,0,0,0,0,0,0,0,0,42
295,1564,6.05455,333,100,18,0,0,0,0,0,0,0,0,37
296,1852,6.45283,342,100,15,0,0,0,0,0,0,0,0,38
297,2328,6.94737,396,100,13,0,0,0,0,0,0,0,0,44
298,1864,5.78571,324,100,20,0,0,0,0,0,0,0,0,36
299,1610,4.88136,288,100,27,0,0,0,0,0,0,0,0,32
300,1616,5.12069,297,100,25,0,0,0,0,0,0,0,0,33
301,1684,5.01639,306,100,27,0,0,0,0,0,0,0,0,34
302,1774,5.49153,324,100,23,0,0,0,0,0,0,0,0,36
303,1638,5.68333,341,100,22,0,0,0,0,0,0,0,1,37
304,1676,5.04545,333,100,29,0,0,0,0,0,0,0,0,37
305,1328,5.05263,288,100,25,0,0,0,0,0,0,0,0,32
306,1798,4.98462,324,100,29,0,0,0,0,0,0,0,0,36
307,1962,4.64062,297,100,31,0,0,0,0,0,0,0,0,33
308,1584,4.82143,270,100,26,0,0,0,0,0,0,0,0,30
309,1620,4.42373,261,100,30,0,0,0,0,0,0,0,0,29
310,1720,3.98361,243,100,34,0,0,0,0,0,0,0,0,27
311,1268,3.63158,207,100,34,0,0,0,0,0,0,0,0,23
312,1348,3.87931,225,100,33,0,0,0,0,0,0,0,0,25
313,1674,4.03448,234,100,32,0,0,0,0,0,0,0,0,26
314,1608,4.72131,288,100,29,0,0,0,0,0,0,0,0,32
315,1508,3.96552,230,100,32,0,0,0,0,1,0,0,0,25
316,1350,3.85484,239,100,35,0,0,0,0,1,0,0,0,26
317,1558,4,248,100,34,0,0,0,0,1,0,0,0,27
318,1488,3.9661,234,100,33,0,0,0,0,0,0,0,0,26
319,1874,4.64062,297,100,31,0,0,0,0,0,0,0,0,33
320,1682,4.88136,288,100,27,0,0,0,0,0,0,0,0,32
321,1534,4.65,279,100,29,0,0,0,0,0,0,0,0,31
322,1464,4.42373,261,100,30,0,0,0,0,0,0,0,0,29
323,1646,4.95,297,100,27,0,0,0,0,0,0,0,0,33
324,1634,4.73684,270,100,27,0,0,0,0,0,0,0,0,30
325,1692,5.05172,293,100,25,0,0,0,0,1,0,0,0,32
326,1582,5.27586,306,100,24,0,0,0,0,0,0,0,0,34
327,1684,5.89091,324,100,19,0,0,0,0,0,0,0,0,36
328,1530,5.14286,288,100,24,0,0,0,0,0,0,0,0,32
329,1728,5.46429,306,100,22,0,0,0,0,0,0,0,0,34
330,1612,5.56364,306,100,21,0,0,0,0,0,0,0,0,34
331,1824,6.10714,342,100,18,0,0,0,0,0,0,0,0,38
332,1828,5.52632,315,100,22,0,0,0,0,0,0,0,0,35
333,1872,5.94915,351,100,20,0,0,0,0,0,0,0,0,39
334,1696,5.46429,306,100,22,0,0,0,0,0,0,0,0,34
335,1692,4.65,279,100,29,0,0,0,0,0,0,0,0,31
336,1626,5,315,100,28,0,0,0,0,0,0,0,0,35
337,1690,5.55,333,100,23,0,0,0,0,0,0,0,0,37
338,1752,6.4918,396,100,17,0,0,0,0,0,0,0,0,44
339,1428,6.38182,351,100,16,0,0,0,0,0,0,0,0,39
340,1550,5.22581,324,100,26,0,0,0,0,0,0,0,0,36
341,1564,5.26154,342,100,27,0,0,0,0,0,0,0,0,38
342,1656,5.66129,351,100,23,0,0,0,0,0,0,0,0,39
343,1948,5.76562,369,100,23,0,0,0,0,0,0,0,0,41
344,1308,5.96491,340,100,19,0,0,0,0,0,0,0,2,36
345,1620,5.64516,350,100,23,0,0,0,0,0,0,0,1,38
346,1706,5.4,324,100,24,0,0,0,0,0,0,0,0,36
347,1430,4.82143,270,100,26,0,0,0,0,0,0,0,0,30
348,1630,5.16393,315,100,26,0,0,0,0,0,0,0,0,35
349,2000,6.10169,360,100,19,0,0,0,0,0,0,0,0,40
350,1828,4.64516,288,100,30,0,0,0,0,0,0,0,0,32
351,1864,5.23636,288,100,23,0,0,0,0,0,0,0,0,32
352,1874,5.31148,324,100,25,0,0,0,0,0,0,0,0,36
353,1936,5.55,333,100,23,0,0,0,0,0,0,0,0,37
354,1950,5.52632,315,100,22,0,0,0,0,0,0,0,0,35
355,1508,4.82143,270,100,26,0,0,0,0,0,0,0,0,30
356,1482,5.30357,297,100,23,0,0,0,0,0,0,0,0,33
357,2056,5.28571,333,100,26,0,0,0,0,0,0,0,0,37
358,2020,4.8,288,100,28,0,0,0,0,0,0,0,0,32
359,2318,5.64407,333,100,22,0,0,0,0,0,0,0,0,37
360,2354,5.74138,333,100,21,0,0,0,0,0,0,0,0,37
361,2384,5.32727,293,100,22,0,0,0,0,1,0,0,0,32
362,2606,4.43548,275,100,31,0,0,0,0,1,0,0,0,30
363,1954,4.9661,293,100,26,0,0,0,0,1,0,0,0,32
364,1806,5.72881,338,100,21,0,0,0,0,1,0,0,0,37
365,1796,4.58182,252,100,27,0,0,0,0,0,0,0,0,28
366,1622,4.5,252,100,28,0,0,0,0,0,0,0,0,28
367,1900,5.16667,279,100,23,0,0,0,0,0,0,0,0,31
368,2044,4.58182,252,100,27,0,0,0,0,0,0,0,0,28
369,1984,4.5,261,100,29,0,0,0,0,0,0,0,0,29
370,2436,4.83333,261,100,25,0,0,0,0,0,0,0,0,29
371,2272,4.89474,279,100,26,0,0,0,0,0,0,0,0,31
372,1860,4.66667,252,100,26,0,0,0,0,0,0,0,0,28
373,1762,5.21569,266,100,21,0,0,0,0,1,0,0,0,29
374,1804,5.42593,293,100,21,0,0,0,0,1,0,0,0,32
375,1812,4.42308,230,100,26,0,0,0,0,1,0,0,0,25
376,1784,4.74545,261,100,26,0,0,0,0,0,0,0,0,29
377,2110,5.22581,324,100,26,0,0,0,0,0,0,0,0,36
378,1898,4.20968,261,100,33,0,0,0,0,0,0,0,0,29
379,1716,4.57895,261,100,28,0,0,0,0,0,0,0,0,29
380,1492,4.83333,261,100,25,0,0,0,0,0,0,0,0,29
381,1704,4.95,297,100,27,0,0,0,0,0,0,0,0,33
382,1746,4.95,297,100,27,0,0,0,0,0,0,0,0,33
383,1596,5.52632,315,100,22,0,0,0,0,0,0,0,0,35
384,1554,5.01639,306,100,27,0,0,0,0,0,0,0,0,34
385,1448,4.95,297,100,27,0,0,0,0,0,0,0,0,33
386,1496,4.96552,288,100,26,0,0,0,0,0,0,0,0,32
387,2090,5.7,342,100,22,0,0,0,0,0,0,0,0,38
388,1908,5.31148,324,100,25,0,0,0,0,0,0,0,0,36
389,1904,5.74138,333,100,21,0,0,0,0,0,0,0,0,37
390,1692,5.33898,315,100,24,0,0,0,0,0,0,0,0,35
391,1526,5.68421,324,100,21,0,0,0,0,0,0,0,0,36
392,1464,5.12069,297,100,25,0,0,0,0,0,0,0,0,33
393,1232,4.57377,279,100,30,0,0,0,0,0,0,0,0,31
394,1516,4.88136,288,100,27,0,0,0,0,0,0,0,0,32
395,1542,5.08065,315,100,27,0,0,0,0,0,0,0,0,35
396,1412,5.26415,279,100,22,0,0,0,0,0,0,0,0,31
397,1528,5.89091,324,100,19,0,0,0,0,0,0,0,0,36
398,1410,4.95,297,100,27,0,0,0,0,0,0,0,0,33
399,1408,4.5,261,100,29,0,0,0,0,0,0,0,0,29
400,1712,4.90909,270,100,25,0,0,0,0,0,0,0,0,30
401,1520,5.05263,288,100,25,0,0,0,0,0,0,0,0,32
402,1378,4.58182,252,100,27,0,0,0,0,0,0,0,0,28
403,1526,4.42105,252,100,29,0,0,0,0,0,0,0,0,28
404,1598,4.42373,261,100,30,0,0,0,0,0,0,0,0,29
405,1576,4.72131,288,100,29,0,0,0,0,0,0,0,0,32
406,1436,4.35484,270,100,32,0,0,0,0,0,0,0,0,30
407,1352,4.01538,261,100,36,0,0,0,0,0,0,0,0,29
408,1344,4.27119,252,100,31,0,0,0,0,0,0,0,0,28
409,1644,5.33898,315,100,24,0,0,0,0,0,0,0,0,35
410,1444,5.55357,311,100,21,0,0,0,0,1,0,0,0,34
411,1562,5.31667,319,100,24,0,0,0,0,1,0,0,1,34
412,1350,4.09231,266,100,35,0,0,0,0,1,0,0,0,29
413,1510,4.34483,252,100,30,0,0,0,0,0,0,0,0,28
414,1592,5.74138,333,100,21,0,0,0,0,0,0,0,0,37
415,1582,6,324,100,18,0,0,0,0,0,0,0,0,36
416,1486,5.58621,324,100,22,0,0,0,0,0,0,0,0,36
417,1154,4.66071,261,100,27,0,0,0,0,0,0,0,0,29
418,1482,5.85,351,100,21,0,0,0,0,0,0,0,0,39
419,1198,4.8,288,100,28,0,0,0,0,0,0,0,0,32
420,1392,5.1,306,100,26,0,0,0,0,0,0,0,0,34
421,1350,5.58621,324,100,22,0,0,0,0,0,0,0,0,36
422,1414,5.89655,342,100,20,0,0,0,0,0,0,0,0,38
423,1466,5.49153,324,100,23,0,0,0,0,0,0,0,0,36
424,1332,5.43103,315,100,23,0,0,0,0,0,0,0,0,35
425,1428,4.57627,270,100,29,0,0,0,0,0,0,0,0,30
426,1410,4.64516,288,100,30,0,0,0,0,0,0,0,0,32
427,1322,4.35484,270,100,32,0,0,0,0,0,0,0,0,30
428,1414,4.35938,279,100,33,0,0,0,0,0,0,0,0,31
429,1180,3.68852,225,100,36,0,0,0,0,0,0,0,0,25
430,1038,3.51562,225,100,39,0,0,0,0,0,0,0,0,25
431,1264,3.57353,243,100,41,0,0,0,0,0,0,0,0,27
432,1602,4.72131,288,100,29,0,0,0,0,0,0,0,0,32
433,1354,5,315,100,28,0,0,0,0,0,0,0,0,35
434,1342,4.96552,288,100,26,0,0,0,0,0,0,0,0,32
435,1450,4.35938,279,100,33,0,0,0,0,0,0,0,0,31
436,1344,4.71429,297,100,30,0,0,0,0,0,0,0,0,33
437,1336,4.07812,261,100,35,0,0,0,0,0,0,0,0,29
438,1384,4.78125,306,100,30,0,0,0,0,0,0,0,0,34
439,1270,4.42857,279,100,32,0,0,0,0,0,0,0,0,31
440,1268,4.27869,261,100,32,0,0,0,0,0,0,0,0,29
441,1348,4,252,100,35,0,0,0,0,0,0,0,0,28
442,1448,3.85714,243,100,36,0,0,0,0,0,0,0,0,27
443,1208,3.53571,198,100,34,0,0,0,0,0,0,0,0,22
444,1596,3.68852,225,100,36,0,0,0,0,0,0,0,0,25
445,1620,4.17857,234,100,30,0,0,0,0,0,0,0,0,26
446,1698,3.73846,243,100,38,0,0,0,0,0,0,0,0,27
447,1926,3.9375,252,100,36,0,0,0,0,0,0,0,0,28
448,1632,4.06452,252,100,34,0,0,0,0,0,0,0,0,28
449,1658,4.5,279,100,31,0,0,0,0,0,0,0,0,31
450,1656,4.42373,261,100,30,0,0,0,0,0,0,0,0,29
451,1898,4.42623,270,100,31,0,0,0,0,0,0,0,0,30
452,1928,4.17857,234,100,30,0,0,0,0,0,0,0,0,26
453,1818,4.57895,261,100,28,0,0,0,0,0,0,0,0,29
454,1886,5.0339,297,100,26,0,0,0,0,0,0,0,0,33
455,1934,5.08065,315,100,27,0,0,0,0,0,0,0,0,35
456,1910,4.89474,279,100,26,0,0,0,0,0,0,0,0,31
457,1964,5.74138,333,100,21,0,0,0,0,0,0,0,0,37
458,2380,5.49153,324,100,23,0,0,0,0,0,0,0,0,36
459,2288,5.36842,306,100,23,0,0,0,0,0,0,0,0,34
460,2572,5.9434,315,100,18,0,0,0,0,0,0,0,0,35
461,2022,5.56364,306,100,21,0,0,0,0,0,0,0,0,34
462,1780,4.82143,270,100,26,0,0,0,0,0,0,0,0,30
463,1418,4.67308,243,100,25,0,0,0,0,0,0,0,0,27
464,1556,4.8,288,100,28,0,0,0,0,0,0,0,0,32
465,1082,4.32692,225,100,27,0,0,0,0,0,0,0,0,25
466,1292,4.73684,270,100,27,0,0,0,0,0,0,0,0,30
467,1566,5.4,324,100,24,0,0,0,0,0,0,0,0,36
468,1282,4.33333,234,100,28,0,0,0,0,0,0,0,0,26
469,1714,5.12069,297,100,25,0,0,0,0,0,0,0,0,33
470,1622,4.42373,261,100,30,0,0,0,0,0,0,0,0,29
471,1806,5.45902,333,100,24,0,0,0,0,0,0,0,0,37
472,1562,5.36842,306,100,23,0,0,0,0,0,0,0,0,34
473,1356,4.95,297,100,27,0,0,0,0,0,0,0,0,33
474,1094,3.89552,261,100,38,0,0,0,0,0,0,0,0,29
475,1124,4.64062,297,100,31,0,0,0,0,0,0,0,0,33
476,1158,4.63636,306,100,32,0,0,0,0,0,0,0,0,34
477,1296,5.14286,324,100,27,0,0,0,0,0,0,0,0,36
478,1514,4.72131,288,100,29,0,0,0,0,0,0,0,0,32
479,1416,4.27869,261,100,32,0,0,0,0,0,0,0,0,29
480,1504,4.93333,296,100,27,0,0,0,0,0,0,0,1,32
481,1466,4.25424,251,100,31,0,0,0,0,0,0,0,1,27
482,1428,4.34848,287,100,34,0,0,0,0,0,0,0,1,31
483,1604,4.78333,287,100,28,0,0,0,0,0,0,0,1,31
484,1692,5.01695,296,100,26,0,0,0,0,0,0,0,1,32
485,1406,4.77419,296,100,29,0,0,0,0,0,0,0,1,32
486,1262,4.20968,261,100,33,0,0,0,0,0,0,0,0,29
487,1226,3.70588,252,100,40,0,0,0,0,0,0,0,0,28
488,1380,4.36364,288,100,34,0,0,0,0,0,0,0,0,32
489,1302,5.08065,315,100,27,0,0,0,0,0,0,0,0,35
490,1352,4.85714,306,100,29,0,0,0,0,0,0,0,0,34
491,1422,5.18644,306,100,25,0,0,0,0,0,0,0,0,34
492,1336,5.56364,306,100,21,0,0,0,0,0,0,0,0,34
493,1422,5.0339,297,100,26,0,0,0,0,0,0,0,0,33
494,1594,5.25,315,100,25,0,0,0,0,0,0,0,0,35
495,1472,5.4,297,100,22,0,0,0,0,0,0,0,0,33
496,1580,6.23077,324,100,16,0,0,0,0,0,0,0,0,36
497,1584,6.45283,342,100,15,0,0,0,0,0,0,0,0,38
498,1654,5.89655,342,100,20,0,0,0,0,0,0,0,0,38
499,1286,5.14286,288,100,24,0,0,0,0,0,0,0,0,32
500,1376,5.78571,324,100,20,0,0,0,0,0,0,0,0,36
501,1430,5.25,315,100,25,0,0,0,0,0,0,0,0,35
502,1560,5.25,315,100,25,0,0,0,0,0,0,0,0,35
503,1368,5.74138,333,100,21,0,0,0,0,0,0,0,0,37
504,1420,5.16393,315,100,26,0,0,0,0,0,0,0,0,35
505,1314,4.64062,297,100,31,0,0,0,0,0,0,0,0,33
506,1356,5.49153,324,100,23,0,0,0,0,0,0,0,0,36
507,1486,5.01639,306,100,27,0,0,0,0,0,0,0,0,34
508,1354,4.70769,306,100,31,0,0,0,0,0,0,0,0,34
509,1262,4.35938,279,100,33,0,0,0,0,0,0,0,0,31
510,1484,4.78125,306,100,30,0,0,0,0,0,0,0,0,34
511,1622,5.80645,360,100,22,0,0,0,0,0,0,0,0,40
512,1298,5.94643,333,100,19,0,0,0,0,0,0,0,0,37
513,1468,4.90909,324,100,30,0,0,0,0,0,0,0,0,36
514,1304,4.35,261,100,31,0,0,0,0,0,0,0,0,29
515,1394,4.98214,279,100,25,0,0,0,0,0,0,0,0,31
516,1548,5.43103,315,100,23,0,0,0,0,0,0,0,0,35
517,1430,4.96552,288,100,26,0,0,0,0,0,0,0,0,32
518,1496,5.18644,306,100,25,0,0,0,0,0,0,0,0,34
519,1362,4.5,261,100,29,0,0,0,0,0,0,0,0,29
520,1484,5.14286,288,100,24,0,0,0,0,0,0,0,0,32
521,1428,5.0339,297,100,26,0,0,0,0,0,0,0,0,33
522,1356,4.65,279,100,29,0,0,0,0,0,0,0,0,31
523,1680,5.01639,306,100,27,0,0,0,0,0,0,0,0,34
524,1482,5.05263,288,100,25,0,0,0,0,0,0,0,0,32
525,1378,3.77419,234,100,36,0,0,0,0,0,0,0,0,26
526,1588,4.29231,279,100,34,0,0,0,0,0,0,0,0,31
527,1582,4.79032,297,100,29,0,0,0,0,0,0,0,0,33
528,1468,4.35938,279,100,33,0,0,0,0,0,0,0,0,31
529,1430,4.42623,270,100,31,0,0,0,0,0,0,0,0,30
530,1462,4.73684,270,100,27,0,0,0,0,0,0,0,0,30
531,1364,5.21053,297,100,24,0,0,0,0,0,0,0,0,33
532,1400,5.11864,302,100,25,0,0,0,0,1,0,0,0,33
533,1438,5.4,297,100,22,0,0,0,0,0,0,0,0,33
534,1462,5.46429,306,100,22,0,0,0,0,0,0,0,0,34
535,1426,5.64407,333,100,22,0,0,0,0,0,0,0,0,37
536,1510,4.79032,297,100,29,0,0,0,0,0,0,0,0,33
537,1468,5.01639,306,100,27,0,0,0,0,0,0,0,0,34
538,1218,5.12069,297,100,25,0,0,0,0,0,0,0,0,33
539,1258,4.66071,261,100,27,0,0,0,0,0,0,0,0,29
540,1218,4.20968,261,100,33,0,0,0,0,0,0,0,0,29
541,1148,4.65517,270,100,28,0,0,0,0,0,0,0,0,30
542,1208,5.08065,315,100,27,0,0,0,0,0,0,0,0,35
543,1362,5.30357,297,100,23,0,0,0,0,0,0,0,0,33
544,1354,5.18644,306,100,25,0,0,0,0,0,0,0,0,34
545,1414,5.74138,333,100,21,0,0,0,0,0,0,0,0,37
546,1210,5.16667,279,100,23,0,0,0,0,0,0,0,0,31
547,1526,5.52632,315,100,22,0,0,0,0,0,0,0,0,35
548,1556,5.18644,306,100,25,0,0,0,0,0,0,0,0,34
549,1428,4.81034,279,100,27,0,0,0,0,0,0,0,0,31
550,1628,4.65,279,100,29,0,0,0,0,0,0,0,0,31
551,1448,4.18966,243,100,31,0,0,0,0,0,0,0,0,27
552,1232,3.6,216,100,36,0,0,0,0,0,0,0,0,24
553,1414,3.28571,207,100,40,0,0,0,0,0,0,0,0,23
554,1524,3.83607,234,100,35,0,0,0,0,0,0,0,0,26
555,1620,4.13115,252,100,33,0,0,0,0,0,0,0,0,28
556,1678,3.50847,207,100,36,0,0,0,0,0,0,0,0,23
557,1542,4.07547,216,100,29,0,0,0,0,0,0,0,0,24
558,1634,4.42373,261,100,30,0,0,0,0,0,0,0,0,29
559,1628,4.26316,243,100,30,0,0,0,0,0,0,0,0,27
560,1600,4.94118,252,100,23,0,0,0,0,0,0,0,0,28
561,1900,5.18644,306,100,25,0,0,0,0,0,0,0,0,34
562,1516,4.33333,234,100,28,0,0,0,0,0,0,0,0,26
563,1794,4.19298,239,100,30,0,0,0,0,1,0,0,0,26
564,2068,4.05085,239,100,32,0,0,0,0,1,0,0,0,26
565,1664,3.40351,194,100,35,0,0,0,0,1,0,0,0,21
566,1508,4.09259,221,100,29,0,0,0,0,1,0,0,0,24
567,1328,3.94737,225,100,32,0,0,0,0,0,0,0,0,25
568,1430,4.34483,252,100,30,0,0,0,0,0,0,0,0,28
569,1416,4.42105,252,100,29,0,0,0,0,0,0,0,0,28
570,1476,4.57627,270,100,29,0,0,0,0,0,0,0,0,30
571,1680,4.93548,306,100,28,0,0,0,0,0,0,0,0,34
572,1232,4.5,252,100,28,0,0,0,0,0,0,0,0,28
573,1280,3.94737,225,100,32,0,0,0,0,0,0,0,0,25
574,1406,4.65,279,100,29,0,0,0,0,0,0,0,0,31
575,1582,4.57377,279,100,30,0,0,0,0,0,0,0,0,31
576,1708,4.2,252,100,32,0,0,0,0,0,0,0,0,28
577,1862,4.48387,278,100,31,0,0,0,0,0,0,0,1,30
578,2004,4.88136,288,100,27,0,0,0,0,0,0,0,0,32
579,1574,4.59184,225,100,24,0,0,0,0,0,0,0,0,25
580,2070,4.85714,306,100,29,0,0,0,0,0,0,0,0,34
581,1850,4.66071,261,100,27,0,0,0,0,0,0,0,0,29
582,2006,5.07273,279,100,24,0,0,0,0,0,0,0,0,31
583,1740,5.01923,261,100,23,0,0,0,0,0,0,0,0,29
584,1752,4.5,252,100,28,0,0,0,0,0,0,0,0,28
585,1840,4.5,252,100,28,0,0,0,0,0,0,0,0,28
586,1782,4.82143,270,100,26,0,0,0,0,0,0,0,0,30
587,1778,4.64516,288,100,30,0,0,0,0,0,0,0,0,32
588,1802,4.96552,288,100,26,0,0,0,0,0,0,0,0,32
589,1726,5.29825,302,100,23,0,0,0,0,1,0,0,0,33
590,1718,4.29032,266,100,32,0,0,0,0,1,0,0,0,29
591,1610,4.42623,270,100,31,0,0,0,0,0,0,0,0,30
592,1534,4.33333,234,100,28,0,0,0,0,0,0,0,0,26
593,1798,4.57627,270,100,29,0,0,0,0,0,0,0,0,30
594,1780,3.9661,234,100,33,0,0,0,0,0,0,0,0,26
595,1560,4.34483,252,100,30,0,0,0,0,0,0,0,0,28
596,1370,4.18966,243,100,31,0,0,0,0,0,0,0,0,27
597,1496,4.05,243,100,33,0,0,0,0,0,0,0,0,27
598,1638,4.27869,261,100,32,0,0,0,0,0,0,0,0,29
599,1442,4.57895,261,100,28,0,0,0,0,0,0,0,0,29
600,1912,4.78125,306,100,30,0,0,0,0,0,0,0,0,34
601,1738,4.89474,279,100,26,0,0,0,0,0,0,0,0,31
602,1660,4.33929,243,100,29,0,0,0,0,0,0,0,0,27
603,1728,4.81034,279,100,27,0,0,0,0,0,0,0,0,31
604,1652,4.57627,270,100,29,0,0,0,0,0,0,0,0,30
605,1802,4.73684,270,100,27,0,0,0,0,0,0,0,0,30
606,1504,4.88136,288,100,27,0,0,0,0,0,0,0,0,32
607,1708,5.18644,306,100,25,0,0,0,0,0,0,0,0,34
608,1520,4.28571,270,100,33,0,0,0,0,0,0,0,0,30
609,1448,4.81034,279,100,27,0,0,0,0,0,0,0,0,31
610,1602,4.81034,279,100,27,0,0,0,0,0,0,0,0,31
611,1896,4.57377,279,100,30,0,0,0,0,0,0,0,0,31
612,1670,4.5,279,100,31,0,0,0,0,0,0,0,0,31
613,1906,4.65,279,100,29,0,0,0,0,0,0,0,0,31
614,1662,4.35,261,100,31,0,0,0,0,0,0,0,0,29
615,1516,3.66102,216,100,35,0,0,0,0,0,0,0,0,24
616,1428,4.20968,261,100,33,0,0,0,0,0,0,0,0,29
617,1686,3.95455,261,100,37,0,0,0,0,0,0,0,0,29
618,1726,3.68852,225,100,36,0,0,0,0,0,0,0,0,25
619,1888,4.07812,261,100,35,0,0,0,0,0,0,0,0,29
620,1602,3.05085,180,100,39,0,0,0,0,0,0,0,0,20
621,1896,3.87931,225,100,33,0,0,0,0,0,0,0,0,25
622,1976,5.33898,315,100,24,0,0,0,0,0,0,0,0,35
623,1636,4.33929,243,100,29,0,0,0,0,0,0,0,0,27
624,1570,3.47368,198,100,35,0,0,0,0,0,0,0,0,22
625,1952,4.05,243,100,33,0,0,0,0,0,0,0,0,27
626,1840,3.72414,216,100,34,0,0,0,0,0,0,0,0,24
627,2210,4.06452,252,100,34,0,0,0,0,0,0,0,0,28
628,2312,4.06452,252,100,34,0,0,0,0,0,0,0,0,28
629,1980,3.77419,234,100,36,0,0,0,0,0,0,0,0,26
630,1860,3.6,216,100,36,0,0,0,0,0,0,0,0,24
631,1454,3.28571,207,100,40,0,0,0,0,0,0,0,0,23
632,1636,3.375,216,100,40,0,0,0,0,0,0,0,0,24
633,1772,3.57143,225,100,38,0,0,0,0,0,0,0,0,25
634,2038,3.46154,225,100,40,0,0,0,0,0,0,0,0,25
635,2222,3.83607,234,100,35,0,0,0,0,0,0,0,0,26
636,2664,4.21875,270,100,34,0,0,0,0,0,0,0,0,30
637,2676,4,252,100,35,0,0,0,0,0,0,0,0,28
638,2602,4.17857,234,100,30,0,0,0,0,0,0,0,0,26
639,2872,4.72131,288,100,29,0,0,0,0,0,0,0,0,32
640,2944,5.21053,297,100,24,0,0,0,0,0,0,0,0,33
641,2842,4.66071,261,100,27,0,0,0,0,0,0,0,0,29
642,2806,5.78571,324,100,20,0,0,0,0,0,0,0,0,36
643,3028,4.95,297,100,27,0,0,0,0,0,0,0,0,33
644,3404,5.07937,320,100,27,0,0,0,0,1,0,0,0,35
645,3352,5.66129,351,100,23,0,0,0,0,0,0,0,0,39
646,2074,4.86885,297,100,28,0,0,0,0,0,0,0,0,33
647,1858,5.43103,315,100,23,0,0,0,0,0,0,0,0,35
648,1834,5.33333,288,100,22,0,0,0,0,0,0,0,0,32
649,1896,5.18644,306,100,25,0,0,0,0,0,0,0,0,34
650,1986,5.4,324,100,24,0,0,0,0,0,0,0,0,36
651,1658,4.82143,270,100,26,0,0,0,0,0,0,0,0,30
652,1392,4,216,100,30,0,0,0,0,0,0,0,0,24
653,1556,4.82143,270,100,26,0,0,0,0,0,0,0,0,30
654,1562,4.65517,270,100,28,0,0,0,0,0,0,0,0,30
655,1588,5.19231,270,100,22,0,0,0,0,0,0,0,0,30
656,1842,5.43103,315,100,23,0,0,0,0,0,0,0,0,35
657,1684,4.88136,288,100,27,0,0,0,0,0,0,0,0,32
658,1956,5.68421,324,100,21,0,0,0,0,0,0,0,0,36
659,1940,5.18644,306,100,25,0,0,0,0,0,0,0,0,34
660,1996,5.01639,306,100,27,0,0,0,0,0,0,0,0,34
661,1534,4.2,252,100,32,0,0,0,0,0,0,0,0,28
662,1940,5,315,100,28,0,0,0,0,0,0,0,0,35
663,1862,4.66071,261,100,27,0,0,0,0,0,0,0,0,29
664,2024,4.26316,243,100,30,0,0,0,0,0,0,0,0,27
665,2004,4.58929,257,100,27,0,0,0,0,1,0,0,0,28
666,2006,3.5614,203,100,34,0,0,0,0,1,0,0,0,22
667,1978,4.20339,248,100,31,0,0,0,0,1,0,0,0,27
668,1548,3.27419,203,100,39,0,0,0,0,1,0,0,0,22
669,1780,4.29032,266,100,32,0,0,0,0,1,0,0,0,29
670,1744,4.58333,275,100,29,0,0,0,0,1,0,0,0,30
671,1600,5.0339,297,100,26,0,0,0,0,0,0,0,0,33
672,1632,5.0339,297,100,26,0,0,0,0,0,0,0,0,33
673,1386,4.42105,252,100,29,0,0,0,0,0,0,0,0,28
674,1500,4.16667,225,100,29,0,0,0,0,0,0,0,0,25
675,1798,5.36538,279,100,21,0,0,0,0,0,0,0,0,31
676,1732,4.34483,252,100,30,0,0,0,0,0,0,0,0,28
677,1708,4.35,261,100,31,0,0,0,0,0,0,0,0,29
678,1504,4.20968,261,100,33,0,0,0,0,0,0,0,0,29
679,1470,4.2,252,100,32,0,0,0,0,0,0,0,0,28
680,1616,4.93548,306,100,28,0,0,0,0,0,0,0,0,34
681,1428,5.14286,324,100,27,0,0,0,0,0,0,0,0,36
682,1314,5.30357,297,100,23,0,0,0,0,0,0,0,0,33
683,1190,5.74138,333,100,21,0,0,0,0,0,0,0,0,37
684,1384,5.7541,351,100,22,0,0,0,0,0,0,0,0,39
685,1290,6.33333,342,100,16,0,0,0,0,0,0,0,0,38
686,1580,6.13793,356,100,18,0,0,0,0,1,0,0,0,39
687,1512,5.84211,333,100,20,0,0,0,0,0,0,0,0,37
688,1530,5.5,297,100,21,0,0,0,0,0,0,0,0,33
689,1726,5.25,315,100,25,0,0,0,0,0,0,0,0,35
690,1674,5.4,297,100,22,0,0,0,0,0,0,0,0,33
691,1726,5.07273,279,100,24,0,0,0,0,0,0,0,0,31
692,1780,4.72131,288,100,29,0,0,0,0,0,0,0,0,32
693,1768,5.78571,324,100,20,0,0,0,0,0,0,0,0,36
694,1892,5.23636,288,100,23,0,0,0,0,0,0,0,0,32
695,2094,5.74138,333,100,21,0,0,0,0,0,0,0,0,37
696,1822,5.30357,297,100,23,0,0,0,0,0,0,0,0,33
697,1912,4.75472,252,100,25,0,0,0,0,0,0,0,0,28
698,1784,5.23636,288,100,23,0,0,0,0,0,0,0,0,32
699,1676,5.52632,315,100,22,0,0,0,0,0,0,0,0,35
700,1682,4.88136,288,100,27,0,0,0,0,0,0,0,0,32
701,1572,4.74545,261,100,26,0,0,0,0,0,0,0,0,29
702,1660,4.81034,279,100,27,0,0,0,0,0,0,0,0,31
703,1528,4.50909,248,100,27,0,0,0,0,1,0,0,0,27
704,1642,5.4,297,100,22,0,0,0,0,0,0,0,0,33
705,1518,4.33929,243,100,29,0,0,0,0,0,0,0,0,27
706,1318,3.78,189,100,29,0,0,0,0,0,0,0,0,21
707,1684,4.73684,270,100,27,0,0,0,0,0,0,0,0,30
708,1478,4.03448,234,100,32,0,0,0,0,0,0,0,0,26
709,1154,3.45,207,100,37,0,0,0,0,0,0,0,0,23
710,1314,3.91935,243,100,35,0,0,0,0,0,0,0,0,27
711,1350,3.9375,252,100,36,0,0,0,0,0,0,0,0,28
712,1228,3.39344,207,100,38,0,0,0,0,0,0,0,0,23
713,1318,3.83607,234,100,35,0,0,0,0,0,0,0,0,26
714,1110,3.6,234,100,39,0,0,0,0,0,0,0,0,26
715,1476,3.9375,252,100,36,0,0,0,0,0,0,0,0,28
716,1412,3.85714,243,100,36,0,0,0,0,0,0,0,0,27
717,1330,3.33871,207,100,39,0,0,0,0,0,0,0,0,23
718,1544,4.5,279,100,31,0,0,0,0,0,0,0,0,31
719,1704,4.13115,252,100,33,0,0,0,0,0,0,0,0,28
720,1470,4.5,261,100,29,0,0,0,0,0,0,0,0,29
721,1414,4.26316,243,100,30,0,0,0,0,0,0,0,0,27
722,1418,4.10526,234,100,31,0,0,0,0,0,0,0,0,26
723,1464,3.56897,207,100,35,0,0,0,0,0,0,0,0,23
724,1418,3.81356,225,100,34,0,0,0,0,0,0,0,0,25
725,1692,4.43333,266,100,30,0,0,0,0,1,0,0,0,29
726,1392,3.9,234,100,34,0,0,0,0,0,0,0,0,26
727,1466,4.42105,252,100,29,0,0,0,0,0,0,0,0,28
728,1414,3.53571,198,100,34,0,0,0,0,0,0,0,0,22
729,1540,3.6,216,100,36,0,0,0,0,0,0,0,0,24
730,1680,4.57895,261,100,28,0,0,0,0,0,0,0,0,29
731,1596,3.47368,198,100,35,0,0,0,0,0,0,0,0,22
732,1668,3.9661,234,100,33,0,0,0,0,0,0,0,0,26
733,1458,4.72131,288,100,29,0,0,0,0,0,0,0,0,32
734,1514,4.64062,297,100,31,0,0,0,0,0,0,0,0,33
735,1340,3.81356,225,100,34,0,0,0,0,0,0,0,0,25
736,1408,3,180,100,40,0,0,0,0,0,0,0,0,20
737,1686,3.57143,225,100,38,0,0,0,0,0,0,0,0,25
738,1484,3.19355,198,100,40,0,0,0,0,0,0,0,0,22
739,1364,3.81356,225,100,34,0,0,0,0,0,0,0,0,25
740,1698,4.86885,297,100,28,0,0,0,0,0,0,0,0,33
741,1452,3.83607,234,100,35,0,0,0,0,0,0,0,0,26
742,1592,4.5,270,100,30,0,0,0,0,0,0,0,0,30
743,1664,4.86885,297,100,28,0,0,0,0,0,0,0,0,33
744,1414,3.94737,225,100,32,0,0,0,0,0,0,0,0,25
745,1368,3.50847,207,100,36,0,0,0,0,0,0,0,0,23
746,1152,3.88235,198,100,29,0,0,0,0,0,0,0,0,22
747,1230,3.83333,207,100,31,0,0,0,0,0,0,0,0,23
748,1150,3.15789,180,100,37,0,0,0,0,0,0,0,0,20
749,1174,3.45614,197,100,35,0,0,0,0,0,0,0,1,21
750,1484,3.18462,207,100,42,0,0,0,0,0,0,0,0,23
751,1240,3.20339,189,100,38,0,0,0,0,0,0,0,0,21
752,1248,3.3,198,100,38,0,0,0,0,0,0,0,0,22
753,1448,3.57143,225,100,38,0,0,0,0,0,0,0,0,25
754,1586,3.39344,207,100,38,0,0,0,0,0,0,0,0,23
755,1842,4.42623,270,100,31,0,0,0,0,0,0,0,0,30
756,1538,3.56897,207,100,35,0,0,0,0,0,0,0,0,23
757,1634,3.72414,216,100,34,0,0,0,0,0,0,0,0,24
758,1916,4.2,252,100,32,0,0,0,0,0,0,0,0,28
759,1642,4.81034,279,100,27,0,0,0,0,0,0,0,0,31
760,1222,4.33929,243,100,29,0,0,0,0,0,0,0,0,27
761,1358,4.58065,284,100,30,0,0,0,0,1,0,0,0,31
762,1360,4.48148,242,100,27,0,0,0,0,0,0,0,1,26
763,1420,3.79661,224,100,34,0,0,0,0,0,0,0,1,24
764,1510,4.80357,269,100,26,0,0,0,0,0,0,0,1,29
765,1390,4.98148,269,100,24,0,0,0,0,0,0,0,1,29
766,1502,5.03509,287,100,25,0,0,0,0,0,0,0,1,31
767,1300,4.11864,243,100,32,0,0,0,0,0,0,0,0,27
768,1492,3.9661,234,100,33,0,0,0,0,0,0,0,0,26
769,1374,3.78947,216,100,33,0,0,0,0,0,0,0,0,24
770,1334,3.54098,216,100,37,0,0,0,0,0,0,0,0,24
771,1458,4.55932,269,100,29,0,0,0,0,0,0,0,1,29
772,1662,4.34375,278,100,33,0,0,0,0,0,0,0,1,30
773,1582,4.72881,279,100,28,0,0,0,0,0,0,0,0,31
774,1378,3.98361,243,100,34,0,0,0,0,0,0,0,0,27
775,1276,3,198,100,44,0,0,0,0,0,0,0,0,22
776,1296,3.54098,216,100,37,0,0,0,0,0,0,0,0,24
777,1120,2.63077,171,100,46,0,0,0,0,0,0,0,0,19
778,940,2.03226,126,100,48,0,0,0,0,0,0,0,0,14
779,1206,2.72727,180,100,46,0,0,0,0,0,0,0,0,20
780,1188,2.01493,135,100,52,0,0,0,0,0,0,0,0,15
781,1530,2.01493,135,100,52,0,0,0,0,0,0,0,0,15
782,1248,2.28571,144,100,47,0,0,0,0,0,0,0,0,16
783,1174,2.36066,144,100,45,0,0,0,0,0,0,0,0,16
784,1230,2.25,144,100,48,0,0,0,0,0,0,0,0,16
785,1428,2.71429,171,100,44,0,0,0,0,0,0,0,0,19
786,1600,2.6129,162,100,44,0,0,0,0,0,0,0,0,18
787,1732,2.5082,153,100,44,0,0,0,0,0,0,0,0,17
788,1604,2.74576,162,100,41,0,0,0,0,0,0,0,0,18
789,2278,3.09375,198,100,42,0,0,0,0,0,0,0,0,22
790,1612,3.23438,207,100,41,0,0,0,0,0,0,0,0,23
791,1478,3.04839,189,100,41,0,0,0,0,0,0,0,0,21
792,1640,3.10345,180,100,38,0,0,0,0,0,0,0,0,20
793,1838,4.17857,234,100,30,0,0,0,0,0,0,0,0,26
794,1810,3.83607,234,100,35,0,0,0,0,0,0,0,0,26
795,1602,2.90323,180,100,42,0,0,0,0,0,0,0,0,20
796,1442,4.13115,252,100,33,0,0,0,0,0,0,0,0,28
797,1750,4.73684,270,100,27,0,0,0,0,0,0,0,0,30
798,1906,4.5,252,100,28,0,0,0,0,0,0,0,0,28
799,1822,5.52632,315,100,22,0,0,0,0,0,0,0,0,35
800,1538,5.23636,288,100,23,0,0,0,0,0,0,0,0,32
801,1730,4.86885,297,100,28,0,0,0,0,0,0,0,0,33
802,1508,4.5,270,100,30,0,0,0,0,0,0,0,0,30
803,1454,4.42105,252,100,29,0,0,0,0,0,0,0,0,28
804,1710,4.27119,252,100,31,0,0,0,0,0,0,0,0,28
805,1816,4.34483,252,100,30,0,0,0,0,0,0,0,0,28
806,1596,4.20968,261,100,33,0,0,0,0,0,0,0,0,29
807,1528,4.5,279,100,31,0,0,0,0,0,0,0,0,31
808,1366,4.2,252,100,32,0,0,0,0,0,0,0,0,28
809,1612,3.98361,243,100,34,0,0,0,0,0,0,0,0,27
810,1296,5.16667,279,100,23,0,0,0,0,0,0,0,0,31
811,1786,5.7,342,100,22,0,0,0,0,0,0,0,0,38
812,1526,5.16393,315,100,26,0,0,0,0,0,0,0,0,35
813,1578,4.57377,279,100,30,0,0,0,0,0,0,0,0,31
814,1844,4.35938,279,100,33,0,0,0,0,0,0,0,0,31
815,1504,4.35484,270,100,32,0,0,0,0,0,0,0,0,30
816,1750,4.42857,279,100,32,0,0,0,0,0,0,0,0,31
817,1838,4.03448,234,100,32,0,0,0,0,0,0,0,0,26
818,1844,4.92453,261,100,24,0,0,0,0,0,0,0,0,29
819,1496,5.21053,297,100,24,0,0,0,0,0,0,0,0,33
820,1514,4.98214,279,100,25,0,0,0,0,0,0,0,0,31
821,1434,5.45902,333,100,24,0,0,0,0,0,0,0,0,37
822,1136,4.18966,243,100,31,0,0,0,0,0,0,0,0,27
823,1506,5.30357,297,100,23,0,0,0,0,0,0,0,0,33
824,1382,5.71154,297,100,19,0,0,0,0,0,0,0,0,33
825,1486,6.26786,351,100,17,0,0,0,0,0,0,0,0,39
826,1560,5.89091,324,100,19,0,0,0,0,0,0,0,0,36
827,1894,6.04918,369,100,20,0,0,0,0,0,0,0,0,41
828,1656,5.0339,297,100,26,0,0,0,0,0,0,0,0,33
829,1630,4.56923,297,100,32,0,0,0,0,0,0,0,0,33
830,1186,3.83607,234,100,35,0,0,0,0,0,0,0,0,26
831,1228,3.79688,243,100,37,0,0,0,0,0,0,0,0,27
832,1638,5.0339,297,100,26,0,0,0,0,0,0,0,0,33
833,1648,4.78333,287,100,28,0,0,0,0,0,0,0,1,31
834,1602,4.82143,270,100,26,0,0,0,0,0,0,0,0,30
835,1898,5.89091,324,100,19,0,0,0,0,0,0,0,0,36
836,1632,5.60656,342,100,23,0,0,0,0,0,0,0,0,38
837,1606,5.52632,315,100,22,0,0,0,0,0,0,0,0,35
838,1314,5.12069,297,100,25,0,0,0,0,0,0,0,0,33
839,1376,5.08065,315,100,27,0,0,0,0,0,0,0,0,35
840,1420,5.22581,324,100,26,0,0,0,0,0,0,0,0,36
841,1330,4.33929,243,100,29,0,0,0,0,0,0,0,0,27
842,1288,4.89474,279,100,26,0,0,0,0,0,0,0,0,31
843,1566,4.65517,270,100,28,0,0,0,0,0,0,0,0,30
844,1342,3.62903,225,100,37,0,0,0,0,0,0,0,0,25
845,1428,3.54545,234,100,40,0,0,0,0,0,0,0,0,26
846,1522,3.77419,234,100,36,0,0,0,0,0,0,0,0,26
847,1488,3.2459,198,100,39,0,0,0,0,0,0,0,0,22
848,1530,3.71429,234,100,37,0,0,0,0,0,0,0,0,26
849,1812,3.75,225,100,35,0,0,0,0,0,0,0,0,25
850,1520,4.2,252,100,32,0,0,0,0,0,0,0,0,28
851,1482,3.45,207,100,37,0,0,0,0,0,0,0,0,23
852,1618,3.50847,207,100,36,0,0,0,0,0,0,0,0,23
853,1734,3.9661,234,100,33,0,0,0,0,0,0,0,0,26
854,1482,3.6,216,100,36,0,0,0,0,0,0,0,0,24
855,1334,3.25862,189,100,37,0,0,0,0,0,0,0,0,21
856,1758,4.14286,261,100,34,0,0,0,0,0,0,0,0,29
857,1682,3.81356,225,100,34,0,0,0,0,0,0,0,0,25
858,1706,3.62903,225,100,37,0,0,0,0,0,0,0,0,25
859,1602,4.35,261,100,31,0,0,0,0,0,0,0,0,29
860,1690,4.34483,252,100,30,0,0,0,0,0,0,0,0,28
861,2180,4.58333,275,100,29,0,0,0,0,1,0,0,0,30
862,2048,4.66667,266,100,27,0,0,0,0,1,0,0,0,29
863,1846,4.10526,234,100,31,0,0,0,0,0,0,0,0,26
864,1978,4.5,261,100,29,0,0,0,0,0,0,0,0,29
865,2102,4.88136,288,100,27,0,0,0,0,0,0,0,0,32
866,1512,3.87692,252,100,37,0,0,0,0,0,0,0,0,28
867,1618,4.8,288,100,28,0,0,0,0,0,0,0,0,32
868,1436,5.55,333,100,23,0,0,0,0,0,0,0,0,37
869,1436,4.95,297,100,27,0,0,0,0,0,0,0,0,33
870,1362,4.42857,279,100,32,0,0,0,0,0,0,0,0,31
871,1346,5.07273,279,100,24,0,0,0,0,0,0,0,0,31
872,1534,5.27586,306,100,24,0,0,0,0,0,0,0,0,34
873,1234,4.8,288,100,28,0,0,0,0,0,0,0,0,32
874,1090,4.65,279,100,29,0,0,0,0,0,0,0,0,31
875,1364,5.04545,333,100,29,0,0,0,0,0,0,0,0,37
876,1132,5.51613,342,100,24,0,0,0,0,0,0,0,0,38
877,1182,5.83333,315,100,19,0,0,0,0,0,0,0,0,35
878,1158,4.66667,252,100,26,0,0,0,0,0,0,0,0,28
879,1528,5.84211,333,100,20,0,0,0,0,0,0,0,0,37
880,1498,5.78571,324,100,20,0,0,0,0,0,0,0,0,36
881,1176,5.60377,297,100,20,0,0,0,0,0,0,0,0,33
882,1510,6.05172,351,100,19,0,0,0,0,0,0,0,0,39
883,1380,5.58621,324,100,22,0,0,0,0,0,0,0,0,36
884,1676,6.25424,369,100,18,0,0,0,0,0,0,0,0,41
885,1444,6.11321,324,100,17,0,0,0,0,0,0,0,0,36
886,1468,6.2069,360,100,18,0,0,0,0,0,0,0,0,40
887,1802,6.15789,351,100,18,0,0,0,0,0,0,0,0,39
888,1850,6.36207,369,100,17,0,0,0,0,0,0,0,0,41
889,1740,6.63158,378,100,15,0,0,0,0,0,0,0,0,42
890,1526,5.78571,324,100,20,0,0,0,0,0,0,0,0,36
891,1690,5.58621,324,100,22,0,0,0,0,0,0,0,0,36
892,1790,5.27586,306,100,24,0,0,0,0,0,0,0,0,34
893,2112,6,378,100,21,0,0,0,0,0,0,0,0,42
894,1684,5.28571,333,100,26,0,0,0,0,0,0,0,0,37
895,1514,4.98214,279,100,25,0,0,0,0,0,0,0,0,31
896,1520,5.4,324,100,24,0,0,0,0,0,0,0,0,36
897,1540,6.10714,342,100,18,0,0,0,0,0,0,0,0,38
898,1434,5.78571,324,100,20,0,0,0,0,0,0,0,0,36
899,1534,6.25424,369,100,18,0,0,0,0,0,0,0,0,41
900,1330,5.23636,288,100,23,0,0,0,0,0,0,0,0,32
901,1354,4.72881,279,100,28,0,0,0,0,0,0,0,0,31
902,1542,5.49153,324,100,23,0,0,0,0,0,0,0,0,36
903,1278,4.82143,270,100,26,0,0,0,0,0,0,0,0,30
904,1454,4.20968,261,100,33,0,0,0,0,0,0,0,0,29
905,1420,4.35,261,100,31,0,0,0,0,0,0,0,0,29
906,1256,4.05,243,100,33,0,0,0,0,0,0,0,0,27
907,1486,4.43284,297,100,34,0,0,0,0,0,0,0,0,33
908,1360,4.20968,261,100,33,0,0,0,0,0,0,0,0,29
909,1270,4.34483,252,100,30,0,0,0,0,0,0,0,0,28
910,1376,3.66102,216,100,35,0,0,0,0,0,0,0,0,24
911,1400,3.87931,225,100,33,0,0,0,0,0,0,0,0,25
912,1482,3.9661,234,100,33,0,0,0,0,0,0,0,0,26
913,1436,4.92453,261,100,24,0,0,0,0,0,0,0,0,29
914,1414,4.76471,243,100,24,0,0,0,0,0,0,0,0,27
915,1616,4.96552,288,100,26,0,0,0,0,0,0,0,0,32
916,1434,4.2,252,100,32,0,0,0,0,0,0,0,0,28
917,1250,3.57143,225,100,38,0,0,0,0,0,0,0,0,25
918,1352,3.75,225,100,35,0,0,0,0,0,0,0,0,25
919,1220,3,198,100,44,0,0,0,0,0,0,0,0,22
920,1236,2.73913,189,100,48,0,0,0,0,0,0,0,0,21
921,1274,3.27273,216,100,42,0,0,0,0,0,0,0,0,24
922,1478,3.71429,234,100,37,0,0,0,0,0,0,0,0,26
923,1334,3.50847,207,100,36,0,0,0,0,0,0,0,0,23
924,1330,3.72414,216,100,34,0,0,0,0,0,0,0,0,24
925,1442,4.20968,261,100,33,0,0,0,0,0,0,0,0,29
926,1408,4.27119,252,100,31,0,0,0,0,0,0,0,0,28
927,1386,4.73684,270,100,27,0,0,0,0,0,0,0,0,30
928,1386,4.66071,261,100,27,0,0,0,0,0,0,0,0,29
929,1314,4.27869,261,100,32,0,0,0,0,0,0,0,0,29
930,1518,4.5,279,100,31,0,0,0,0,0,0,0,0,31
931,1762,4.5,279,100,31,0,0,0,0,0,0,0,0,31
932,1384,4.83333,261,100,25,0,0,0,0,0,0,0,0,29
933,1392,3.76364,207,100,32,0,0,0,0,0,0,0,0,23
934,1760,5.18644,306,100,25,0,0,0,0,0,0,0,0,34
935,1474,4.06452,252,100,34,0,0,0,0,0,0,0,0,28
936,1302,4.18966,243,100,31,0,0,0,0,0,0,0,0,27
937,1456,4.10526,234,100,31,0,0,0,0,0,0,0,0,26
938,1756,4.95,297,100,27,0,0,0,0,0,0,0,0,33
939,1720,5.89091,324,100,19,0,0,0,0,0,0,0,0,36
940,1600,5.27586,306,100,24,0,0,0,0,0,0,0,0,34
941,1266,4.42105,252,100,29,0,0,0,0,0,0,0,0,28
942,1386,3.85714,216,100,32,0,0,0,0,0,0,0,0,24
943,1394,3.9,234,100,34,0,0,0,0,0,0,0,0,26
944,1544,3.52174,243,100,42,0,0,0,0,0,0,0,0,27
945,1514,3.6,216,100,36,0,0,0,0,0,0,0,0,24
946,1568,3.62903,225,100,37,0,0,0,0,0,0,0,0,25
947,1704,3.57143,225,100,38,0,0,0,0,0,0,0,0,25
948,1726,3.54545,234,100,40,0,0,0,0,0,0,0,0,26
949,1664,3.98361,243,100,34,0,0,0,0,0,0,0,0,27
950,1978,3.89552,261,100,38,0,0,0,0,0,0,0,0,29
951,2046,4.05,243,100,33,0,0,0,0,0,0,0,0,27
952,1808,4.35938,279,100,33,0,0,0,0,0,0,0,0,31
953,1720,3.50847,207,100,36,0,0,0,0,0,0,0,0,23
954,1686,4.27869,261,100,32,0,0,0,0,0,0,0,0,29
955,1670,4.72881,279,100,28,0,0,0,0,0,0,0,0,31
956,1630,4.03448,234,100,32,0,0,0,0,0,0,0,0,26
957,1902,4.42373,261,100,30,0,0,0,0,0,0,0,0,29
958,1776,4.06452,252,100,34,0,0,0,0,0,0,0,0,28
959,1784,4.42373,261,100,30,0,0,0,0,0,0,0,0,29
960,1936,4.29231,279,100,34,0,0,0,0,0,0,0,0,31
961,2228,4.79032,297,100,29,0,0,0,0,0,0,0,0,33
962,1370,4.11864,243,100,32,0,0,0,0,0,0,0,0,27
963,1292,5.07273,279,100,24,0,0,0,0,0,0,0,0,31
964,1476,4.35,261,100,31,0,0,0,0,0,0,0,0,29
965,1400,4.58182,252,100,27,0,0,0,0,0,0,0,0,28
966,1494,4.57895,261,100,28,0,0,0,0,0,0,0,0,29
967,1698,4.95,297,100,27,0,0,0,0,0,0,0,0,33
968,1664,4.5,252,100,28,0,0,0,0,0,0,0,0,28
969,1752,5.36842,306,100,23,0,0,0,0,0,0,0,0,34
970,1738,4.88136,288,100,27,0,0,0,0,0,0,0,0,32
971,1554,5.21053,297,100,24,0,0,0,0,0,0,0,0,33
972,1592,4.57627,270,100,29,0,0,0,0,0,0,0,0,30
973,1686,4.35484,270,100,32,0,0,0,0,0,0,0,0,30
974,1460,4.57377,279,100,30,0,0,0,0,0,0,0,0,31
975,1644,4.88136,288,100,27,0,0,0,0,0,0,0,0,32
976,1456,4.29032,266,100,32,0,0,0,0,1,0,0,0,29
977,1558,4.20968,261,100,33,0,0,0,0,0,0,0,0,29
978,1454,3.68852,225,100,36,0,0,0,0,0,0,0,0,25
979,1752,4.57895,261,100,28,0,0,0,0,0,0,0,0,29
980,1714,4.26316,243,100,30,0,0,0,0,0,0,0,0,27
981,1810,3.9,234,100,34,0,0,0,0,0,0,0,0,26
982,1806,3.87931,225,100,33,0,0,0,0,0,0,0,0,25
983,2014,3,189,100,42,0,0,0,0,0,0,0,0,21
984,1758,2.74576,162,100,41,0,0,0,0,0,0,0,0,18
985,1850,2.8125,180,100,44,0,0,0,0,0,0,0,0,20
986,1330,2.25,144,100,48,0,0,0,0,0,0,0,0,16
987,1374,2.75806,171,100,43,0,0,0,0,0,0,0,0,19
988,1352,2.32258,144,100,46,0,0,0,0,0,0,0,0,16
989,1354,2.74576,162,100,41,0,0,0,0,0,0,0,0,18
990,1250,2.55,153,100,43,0,0,0,0,0,0,0,0,17
991,1518,3.20339,189,100,38,0,0,0,0,0,0,0,0,21
992,1588,3.6,216,100,36,0,0,0,0,0,0,0,0,24
993,1542,3.39344,207,100,38,0,0,0,0,0,0,0,0,23
994,1600,3.15,189,100,39,0,0,0,0,0,0,0,0,21
995,1698,3.48387,216,100,38,0,0,0,0,0,0,0,0,24
996,1722,3,189,100,42,0,0,0,0,0,0,0,0,21
997,2266,4.18966,243,100,31,0,0,0,0,0,0,0,0,27
998,1602,4.03448,234,100,32,0,0,0,0,0,0,0,0,26
999,1426,3.81356,225,100,34,0,0,0,0,0,0,0,0,25
