update,points,mean_tasks,total_tasks,total_orgs,task_0,task_1,task_2,task_3,task_4,task_5,task_6,task_7,task_8,task_9
0,0,nan,0,10,0,0,0,0,0,0,0,0,0,0
1,54,1.8,9,11,4,0,0,0,0,0,0,0,0,1
2,42,1.28571,9,11,6,0,0,0,0,0,0,0,0,1
3,116,2.7,27,14,7,0,0,0,0,0,0,0,0,3
4,168,4.09091,45,18,6,0,0,0,0,0,0,0,0,5
5,260,3.21429,45,21,9,0,0,0,0,0,0,0,0,5
6,188,2.64706,45,23,12,0,0,0,0,0,0,0,0,5
7,214,3,54,26,12,0,0,0,0,0,0,0,0,6
8,342,3.85714,81,30,12,0,0,0,0,0,0,0,0,9
9,382,4.125,99,35,13,0,0,0,0,0,0,0,0,11
10,300,3.24,81,38,16,0,0,0,0,0,0,0,0,9
11,430,4.33333,117,42,14,0,0,0,0,0,0,0,0,13
12,568,3.3,99,47,19,0,0,0,0,0,0,0,0,11
13,542,4.35484,135,53,16,0,0,0,0,0,0,0,0,15
14,862,4.15385,162,56,21,0,0,0,0,0,0,0,0,18
15,914,5.75,207,61,13,0,0,0,0,0,0,0,0,23
16,990,5.83784,216,64,13,0,0,0,0,0,0,0,0,24
17,1134,6.27907,270,68,13,0,0,0,0,0,0,0,0,30
18,1026,5.67391,261,69,17,0,0,0,0,0,0,0,0,29
19,1224,6.5625,315,73,13,0,0,0,0,0,0,0,0,35
20,994,5.55319,261,77,18,0,0,0,0,0,0,0,0,29
21,1240,5.87755,288,80,17,0,0,0,0,0,0,0,0,32
22,1232,5.47059,279,85,20,0,0,0,0,0,0,0,0,31
23,1342,4.42373,261,89,30,0,0,0,0,0,0,0,0,29
24,1238,4.66071,261,90,27,0,0,0,0,0,0,0,0,29
25,1386,5.46429,306,92,22,0,0,0,0,0,0,0,0,34
26,1372,4.98214,279,94,25,0,0,0,0,0,0,0,0,31
27,1374,6.3,315,94,15,0,0,0,0,0,0,0,0,35
28,1480,5.94915,351,96,20,0,0,0,0,0,0,0,0,39
29,1282,5.30357,297,98,23,0,0,0,0,0,0,0,0,33
30,1390,5.1,306,99,26,0,0,0,0,0,0,0,0,34
31,1270,4.8,288,99,28,0,0,0,0,0,0,0,0,32
32,1412,5.64407,333,99,22,0,0,0,0,0,0,0,0,37
33,1510,5.31148,324,99,25,0,0,0,0,0,0,0,0,36
34,1388,5.30357,297,99,23,0,0,0,0,0,0,0,0,33
35,1630,5.55,333,99,23,0,0,0,0,0,0,0,0,37
36,1394,5.60656,342,100,23,0,0,0,0,0,0,0,0,38
37,1436,5.21053,297,100,24,0,0,0,0,0,0,0,0,33
38,1392,4.66071,261,100,27,0,0,0,0,0,0,0,0,29
39,1356,4.20968,261,100,33,0,0,0,0,0,0,0,0,29
40,1598,4.64516,288,100,30,0,0,0,0,0,0,0,0,32
41,1722,4.92188,315,100,29,0,0,0,0,0,0,0,0,35
42,1642,3.98361,243,100,34,0,0,0,0,0,0,0,0,27
43,1504,4.05,243,100,33,0,0,0,0,0,0,0,0,27
44,1294,4.07812,261,100,35,0,0,0,0,0,0,0,0,29
45,1436,4.5,297,100,33,0,0,0,0,0,0,0,0,33
46,1528,4.72131,288,100,29,0,0,0,0,0,0,0,0,32
47,1522,4.14286,261,100,34,0,0,0,0,0,0,0,0,29
48,1528,4.64516,288,100,30,0,0,0,0,0,0,0,0,32
49,1496,5.43103,315,100,23,0,0,0,0,0,0,0,0,35
50,1326,4.98214,279,100,25,0,0,0,0,0,0,0,0,31
51,1202,4.42623,270,100,31,0,0,0,0,0,0,0,0,30
52,1496,5.66667,306,100,20,0,0,0,0,0,0,0,0,34
53,1300,5.14286,288,100,24,0,0,0,0,0,0,0,0,32
54,1416,5.625,315,100,21,0,0,0,0,0,0,0,0,35
55,1306,6.05769,315,100,17,0,0,0,0,0,0,0,0,35
56,1422,5.625,315,100,21,0,0,0,0,0,0,0,0,35
57,1268,4.73684,270,100,27,0,0,0,0,0,0,0,0,30
58,1520,5.1,306,100,26,0,0,0,0,0,0,0,0,34
59,1580,5.52632,315,100,22,0,0,0,0,0,0,0,0,35
60,1146,5.07273,279,100,24,0,0,0,0,0,0,0,0,31
61,1284,5.18644,306,100,25,0,0,0,0,0,0,0,0,34
62,1440,5.4,324,100,24,0,0,0,0,0,0,0,0,36
63,1594,6.10714,342,100,18,0,0,0,0,0,0,0,0,38
64,1294,5.21053,297,100,24,0,0,0,0,0,0,0,0,33
65,1382,4.72881,279,100,28,0,0,0,0,0,0,0,0,31
66,1472,5.16393,315,100,26,0,0,0,0,0,0,0,0,35
67,1296,4.96552,288,100,26,0,0,0,0,0,0,0,0,32
68,1586,5.28571,333,100,26,0,0,0,0,0,0,0,0,37
69,1932,4.63636,306,100,32,0,0,0,0,0,0,0,0,34
70,1910,5.16393,315,100,26,0,0,0,0,0,0,0,0,35
71,2272,5.74138,333,100,21,0,0,0,0,0,0,0,0,37
72,2226,6,360,100,20,0,0,0,0,0,0,0,0,40
73,1580,5.4,324,100,24,0,0,0,0,0,0,0,0,36
74,1724,5.36842,306,100,23,0,0,0,0,0,0,0,0,34
75,1954,5.0339,297,100,26,0,0,0,0,0,0,0,0,33
76,1656,5.58621,324,100,22,0,0,0,0,0,0,0,0,36
77,1650,6.26786,351,100,17,0,0,0,0,0,0,0,0,39
78,1836,5.7,342,100,22,0,0,0,0,0,0,0,0,38
79,1744,5.23636,288,100,23,0,0,0,0,0,0,0,0,32
80,1966,5.18644,306,100,25,0,0,0,0,0,0,0,0,34
81,1752,4.96552,288,100,26,0,0,0,0,0,0,0,0,32
82,1346,4.57377,279,100,30,0,0,0,0,0,0,0,0,31
83,1582,4.72881,279,100,28,0,0,0,0,0,0,0,0,31
84,1532,4.64516,288,100,30,0,0,0,0,0,0,0,0,32
85,1636,4.2,252,100,32,0,0,0,0,0,0,0,0,28
86,1698,5.01639,306,100,27,0,0,0,0,0,0,0,0,34
87,1572,4.26316,243,100,30,0,0,0,0,0,0,0,0,27
88,1540,4.87097,302,100,28,0,0,0,0,1,0,0,0,33
89,1684,4.71212,311,100,31,0,0,0,0,1,0,0,0,34
90,1318,3.5,203,100,35,0,0,0,0,1,0,0,0,22
91,1418,3.875,248,100,36,0,0,0,0,1,0,0,0,27
92,1220,3.32787,203,100,38,0,0,0,0,1,0,0,0,22
93,1432,3.81818,252,100,38,0,0,0,0,0,0,0,0,28
94,1324,3.57143,225,100,38,0,0,0,0,0,0,0,0,25
95,1242,3.23438,207,100,41,0,0,0,0,0,0,0,0,23
96,1336,3.3,198,100,38,0,0,0,0,0,0,0,0,22
97,1430,3.98361,243,100,34,0,0,0,0,0,0,0,0,27
98,1472,3.98361,243,100,34,0,0,0,0,0,0,0,0,27
99,1348,4.88136,288,100,27,0,0,0,0,0,0,0,0,32
100,1392,4.65,279,100,29,0,0,0,0,0,0,0,0,31
101,1370,4.27119,252,100,31,0,0,0,0,0,0,0,0,28
102,1370,4.27869,261,100,32,0,0,0,0,0,0,0,0,29
103,1318,4.88136,288,100,27,0,0,0,0,0,0,0,0,32
104,1402,4.72881,279,100,28,0,0,0,0,0,0,0,0,31
105,1396,5.0339,297,100,26,0,0,0,0,0,0,0,0,33
106,1378,5.66667,306,100,20,0,0,0,0,0,0,0,0,34
107,1420,5.23636,288,100,23,0,0,0,0,0,0,0,0,32
108,1426,4.88136,288,100,27,0,0,0,0,0,0,0,0,32
109,1402,4.81034,279,100,27,0,0,0,0,0,0,0,0,31
110,1324,5.66667,306,100,20,0,0,0,0,0,0,0,0,34
111,1494,5.60656,342,100,23,0,0,0,0,0,0,0,0,38
112,1314,5.23214,293,100,23,0,0,0,0,1,0,0,0,32
113,1558,5.33898,315,100,24,0,0,0,0,0,0,0,0,35
114,1192,5.43396,288,100,21,0,0,0,0,0,0,0,0,32
115,1638,6.05455,333,100,18,0,0,0,0,0,0,0,0,37
116,1340,5.66667,306,100,20,0,0,0,0,0,0,0,0,34
117,1192,5.27586,306,100,24,0,0,0,0,0,0,0,0,34
118,1338,5.45902,333,100,24,0,0,0,0,0,0,0,0,37
119,1344,5.46429,306,100,22,0,0,0,0,0,0,0,0,34
120,1358,5.01639,306,100,27,0,0,0,0,0,0,0,0,34
121,1358,5.58621,324,100,22,0,0,0,0,0,0,0,0,36
122,1508,5.94643,333,100,19,0,0,0,0,0,0,0,0,37
123,1712,6.83333,369,100,13,0,0,0,0,0,0,0,0,41
124,1464,5.07273,279,100,24,0,0,0,0,0,0,0,0,31
125,1388,5.56364,306,100,21,0,0,0,0,0,0,0,0,34
126,1366,4.42105,252,100,29,0,0,0,0,0,0,0,0,28
127,1336,5.07273,279,100,24,0,0,0,0,0,0,0,0,31
128,1320,4.88136,288,100,27,0,0,0,0,0,0,0,0,32
129,1148,4.73684,270,100,27,0,0,0,0,0,0,0,0,30
130,1374,4.63636,306,100,32,0,0,0,0,0,0,0,0,34
131,1182,4.88136,288,100,27,0,0,0,0,0,0,0,0,32
132,1178,4.42857,279,100,32,0,0,0,0,0,0,0,0,31
133,1228,4.72881,279,100,28,0,0,0,0,0,0,0,0,31
134,1492,4.79032,297,100,29,0,0,0,0,0,0,0,0,33
135,1390,4.72881,279,100,28,0,0,0,0,0,0,0,0,31
136,1768,4.35938,279,100,33,0,0,0,0,0,0,0,0,31
137,1550,4.85714,306,100,29,0,0,0,0,0,0,0,0,34
138,1392,4.57627,270,100,29,0,0,0,0,0,0,0,0,30
139,1816,6.38182,351,100,16,0,0,0,0,0,0,0,0,39
140,1846,5.43103,315,100,23,0,0,0,0,0,0,0,0,35
141,1634,4.90909,270,100,25,0,0,0,0,0,0,0,0,30
142,1900,5.10345,296,100,25,0,0,0,0,0,0,0,1,32
143,2012,5.18644,306,100,25,0,0,0,0,0,0,0,0,34
144,1908,5.78571,324,100,20,0,0,0,0,0,0,0,0,36
145,1772,4.81034,279,100,27,0,0,0,0,0,0,0,0,31
146,1836,5.36842,306,100,23,0,0,0,0,0,0,0,0,34
147,2152,5.66667,306,100,20,0,0,0,0,0,0,0,0,34
148,1540,5.29412,270,100,21,0,0,0,0,0,0,0,0,30
149,1756,5.52632,315,100,22,0,0,0,0,0,0,0,0,35
150,1590,4.75472,252,100,25,0,0,0,0,0,0,0,0,28
151,1966,5.16393,315,100,26,0,0,0,0,0,0,0,0,35
152,1862,4.41509,234,100,27,0,0,0,0,0,0,0,0,26
153,1770,4.66667,252,100,26,0,0,0,0,0,0,0,0,28
154,1716,4.34483,252,100,30,0,0,0,0,0,0,0,0,28
155,2076,5.94915,351,100,20,0,0,0,0,0,0,0,0,39
156,1834,5.01639,306,100,27,0,0,0,0,0,0,0,0,34
157,1392,4.88136,288,100,27,0,0,0,0,0,0,0,0,32
158,1440,4.57377,279,100,30,0,0,0,0,0,0,0,0,31
159,1658,5.22581,324,100,26,0,0,0,0,0,0,0,0,36
160,1528,4.35,261,100,31,0,0,0,0,0,0,0,0,29
161,1598,4.2,252,100,32,0,0,0,0,0,0,0,0,28
162,1558,4.20968,261,100,33,0,0,0,0,0,0,0,0,29
163,1366,4.05,243,100,33,0,0,0,0,0,0,0,0,27
164,1630,4.27869,261,100,32,0,0,0,0,0,0,0,0,29
165,1754,4.64062,297,100,31,0,0,0,0,0,0,0,0,33
166,1614,5.18644,306,100,25,0,0,0,0,0,0,0,0,34
167,1658,5.33898,315,100,24,0,0,0,0,0,0,0,0,35
168,1740,6.10169,360,100,19,0,0,0,0,0,0,0,0,40
169,1652,5.74138,333,100,21,0,0,0,0,0,0,0,0,37
170,1356,5.33898,315,100,24,0,0,0,0,0,0,0,0,35
171,1490,5.65455,311,100,20,0,0,0,0,1,0,0,0,34
172,1556,6.13793,356,100,18,0,0,0,0,1,0,0,0,39
173,1578,6.40678,378,100,17,0,0,0,0,0,0,0,0,42
174,1402,5.4,324,100,24,0,0,0,0,0,0,0,0,36
175,1630,6.55932,387,100,16,0,0,0,0,0,0,0,0,43
176,1312,6.05455,333,100,18,0,0,0,0,0,0,0,0,37
177,1608,5.85,351,100,21,0,0,0,0,0,0,0,0,39
178,1618,5.80645,360,100,22,0,0,0,0,0,0,0,0,40
179,1640,6.36207,369,100,17,0,0,0,0,0,0,0,0,41
180,1702,6.51724,378,100,16,0,0,0,0,0,0,0,0,42
181,1954,6.34426,387,100,18,0,0,0,0,0,0,0,0,43
182,1632,6.05172,351,100,19,0,0,0,0,0,0,0,0,39
183,1928,7.03636,387,100,12,0,0,0,0,0,0,0,0,43
184,1928,6.15,369,100,19,0,0,0,0,0,0,0,0,41
185,1582,6.11321,324,100,17,0,0,0,0,0,0,0,0,36
186,1718,5.98276,347,100,19,0,0,0,0,1,0,0,0,38
187,1414,5.18333,311,100,25,0,0,0,0,1,0,0,0,34
188,1606,5.27119,311,100,24,0,0,0,0,1,0,0,0,34
189,1872,4.65079,293,100,30,0,0,0,0,1,0,0,0,32
190,1888,5.03333,302,100,26,0,0,0,0,1,0,0,0,33
191,1696,5.11864,302,100,25,0,0,0,0,1,0,0,0,33
192,1738,4.87097,302,100,28,0,0,0,0,1,0,0,0,33
193,1710,5.75385,374,100,23,0,0,0,0,1,0,0,0,41
194,1478,4.35484,270,100,32,0,0,0,0,0,0,0,0,30
195,1450,4.13115,252,100,33,0,0,0,0,0,0,0,0,28
196,1698,4.85714,306,100,29,0,0,0,0,0,0,0,0,34
197,1542,4.57627,270,100,29,0,0,0,0,0,0,0,0,30
198,1670,5.16667,279,100,23,0,0,0,0,0,0,0,0,31
199,1682,5.30357,297,100,23,0,0,0,0,0,0,0,0,33
200,1644,5.19231,270,100,22,0,0,0,0,0,0,0,0,30
201,1396,5.33333,288,100,22,0,0,0,0,0,0,0,0,32
202,1570,6.57692,342,100,14,0,0,0,0,0,0,0,0,38
203,1436,5.56364,306,100,21,0,0,0,0,0,0,0,0,34
204,1504,5.05263,288,100,25,0,0,0,0,0,0,0,0,32
205,1572,5.25,315,100,25,0,0,0,0,0,0,0,0,35
206,1590,4.95,297,100,27,0,0,0,0,0,0,0,0,33
207,1474,5.43103,315,100,23,0,0,0,0,0,0,0,0,35
208,1290,4.98214,279,100,25,0,0,0,0,0,0,0,0,31
209,1678,5.71429,360,100,23,0,0,0,0,0,0,0,0,40
210,1536,5.14286,324,100,27,0,0,0,0,0,0,0,0,36
211,1384,4.41818,243,100,28,0,0,0,0,0,0,0,0,27
212,1658,5.37097,333,100,25,0,0,0,0,0,0,0,0,37
213,1544,5.78571,324,100,20,0,0,0,0,0,0,0,0,36
214,1506,5.52632,315,100,22,0,0,0,0,0,0,0,0,35
215,1414,5.36842,306,100,23,0,0,0,0,0,0,0,0,34
216,1396,6.28302,333,100,16,0,0,0,0,0,0,0,0,37
217,1742,5.85,351,100,21,0,0,0,0,0,0,0,0,39
218,1956,5.64407,333,100,22,0,0,0,0,0,0,0,0,37
219,1964,6.70909,369,100,14,0,0,0,0,0,0,0,0,41
220,1706,6.05455,333,100,18,0,0,0,0,0,0,0,0,37
221,2036,5.7,342,100,22,0,0,0,0,0,0,0,0,38
222,1930,5.79661,342,100,21,0,0,0,0,0,0,0,0,38
223,1688,5.30357,297,100,23,0,0,0,0,0,0,0,0,33
224,1640,4.8,288,100,28,0,0,0,0,0,0,0,0,32
225,1842,4.56923,297,100,32,0,0,0,0,0,0,0,0,33
226,1706,4.57377,279,100,30,0,0,0,0,0,0,0,0,31
227,1794,4.35484,270,100,32,0,0,0,0,0,0,0,0,30
228,2480,4.97015,333,100,30,0,0,0,0,0,0,0,0,37
229,2476,5.01639,306,100,27,0,0,0,0,0,0,0,0,34
230,2490,4.57143,288,100,31,0,0,0,0,0,0,0,0,32
231,3122,5.31148,324,100,25,0,0,0,0,0,0,0,0,36
232,3354,5.33898,315,100,24,0,0,0,0,0,0,0,0,35
233,1964,5.16393,315,100,26,0,0,0,0,0,0,0,0,35
234,2236,4.64062,297,100,31,0,0,0,0,0,0,0,0,33
235,1932,4.57895,261,100,28,0,0,0,0,0,0,0,0,29
236,1864,4.13115,252,100,33,0,0,0,0,0,0,0,0,28
237,1788,4.65517,270,100,28,0,0,0,0,0,0,0,0,30
238,1638,4.96552,288,100,26,0,0,0,0,0,0,0,0,32
239,1922,5.79661,342,100,21,0,0,0,0,0,0,0,0,38
240,1780,5.1,306,100,26,0,0,0,0,0,0,0,0,34
241,1760,5.14286,288,100,24,0,0,0,0,0,0,0,0,32
242,2034,5.36842,306,100,23,0,0,0,0,0,0,0,0,34
243,2128,4.5,261,100,29,0,0,0,0,0,0,0,0,29
244,2134,5.18644,306,100,25,0,0,0,0,0,0,0,0,34
245,1824,5.05263,288,100,25,0,0,0,0,0,0,0,0,32
246,1978,5.14286,288,100,24,0,0,0,0,0,0,0,0,32
247,2040,5.14286,288,100,24,0,0,0,0,0,0,0,0,32
248,1758,3.78947,216,100,33,0,0,0,0,0,0,0,0,24
249,1726,4.90909,270,100,25,0,0,0,0,0,0,0,0,30
250,1570,5.4,297,100,22,0,0,0,0,0,0,0,0,33
251,1652,4.34483,252,100,30,0,0,0,0,0,0,0,0,28
252,1686,4.98214,279,100,25,0,0,0,0,0,0,0,0,31
253,1280,3.87931,225,100,33,0,0,0,0,0,0,0,0,25
254,1448,4.17857,234,100,30,0,0,0,0,0,0,0,0,26
255,1700,5.05263,288,100,25,0,0,0,0,0,0,0,0,32
256,1466,3.6,198,100,33,0,0,0,0,0,0,0,0,22
257,1856,4.5,252,100,28,0,0,0,0,0,0,0,0,28
258,1400,4.17857,234,100,30,0,0,0,0,0,0,0,0,26
259,1244,3.56604,189,100,32,0,0,0,0,0,0,0,0,21
260,1288,3.19355,198,100,40,0,0,0,0,0,0,0,0,22
261,1394,3.23438,207,100,41,0,0,0,0,0,0,0,0,23
262,1722,3.65625,234,100,38,0,0,0,0,0,0,0,0,26
263,1636,3.45,207,100,37,0,0,0,0,0,0,0,0,23
264,1562,3.87931,225,100,33,0,0,0,0,0,0,0,0,25
265,1756,4.90909,270,100,25,0,0,0,0,0,0,0,0,30
266,1578,4.72881,279,100,28,0,0,0,0,0,0,0,0,31
267,1500,4.66667,252,100,26,0,0,0,0,0,0,0,0,28
268,1748,4.72131,288,100,29,0,0,0,0,0,0,0,0,32
269,1802,5,270,100,24,0,0,0,0,0,0,0,0,30
270,1796,4.88136,288,100,27,0,0,0,0,0,0,0,0,32
271,1620,4.95,297,100,27,0,0,0,0,0,0,0,0,33
272,1800,5.08065,315,100,27,0,0,0,0,0,0,0,0,35
273,1536,4.65517,270,100,28,0,0,0,0,0,0,0,0,30
274,1598,4.06452,252,100,34,0,0,0,0,0,0,0,0,28
275,1358,3.9661,234,100,33,0,0,0,0,0,0,0,0,26
276,1574,4.18966,243,100,31,0,0,0,0,0,0,0,0,27
277,1672,4.5,270,100,30,0,0,0,0,0,0,0,0,30
278,1586,4.11864,243,100,32,0,0,0,0,0,0,0,0,27
279,1792,4.98214,279,100,25,0,0,0,0,0,0,0,0,31
280,1752,4.26316,243,100,30,0,0,0,0,0,0,0,0,27
281,1578,3.94737,225,100,32,0,0,0,0,0,0,0,0,25
282,1596,3.54098,216,100,37,0,0,0,0,0,0,0,0,24
283,1454,3.39344,207,100,38,0,0,0,0,0,0,0,0,23
284,1918,4.72881,279,100,28,0,0,0,0,0,0,0,0,31
285,1890,5.14035,293,100,24,0,0,0,0,1,0,0,0,32
286,2302,5.23214,293,100,23,0,0,0,0,1,0,0,0,32
287,1932,4.50943,239,100,26,0,0,0,0,1,0,0,0,26
288,1982,4.42593,239,100,27,0,0,0,0,1,0,0,0,26
289,1998,4.57895,261,100,28,0,0,0,0,0,0,0,0,29
290,2016,4.25455,234,100,29,0,0,0,0,0,0,0,0,26
291,2020,4.33333,234,100,28,0,0,0,0,0,0,0,0,26
292,1822,4.25455,234,100,29,0,0,0,0,0,0,0,0,26
293,1990,3.50847,207,100,36,0,0,0,0,0,0,0,0,23
294,1978,3.27273,180,100,35,0,0,0,0,0,0,0,0,20
295,2274,4.5,270,100,30,0,0,0,0,0,0,0,0,30
296,1684,3.98361,243,100,34,0,0,0,0,0,0,0,0,27
297,2106,4.05,243,100,33,0,0,0,0,0,0,0,0,27
298,1924,4.25455,234,100,29,0,0,0,0,0,0,0,0,26
299,1738,3.94737,225,100,32,0,0,0,0,0,0,0,0,25
300,1864,4.05,243,100,33,0,0,0,0,0,0,0,0,27
301,1520,3.5,203,100,35,0,0,0,0,1,0,0,0,22
302,1646,3.85714,243,100,36,0,0,0,0,0,0,0,0,27
303,1960,4.72881,279,100,28,0,0,0,0,0,0,0,0,31
304,1470,4.57377,279,100,30,0,0,0,0,0,0,0,0,31
305,1654,3.9,234,100,34,0,0,0,0,0,0,0,0,26
306,1922,5.16393,315,100,26,0,0,0,0,0,0,0,0,35
307,1482,5.68421,324,100,21,0,0,0,0,0,0,0,0,36
308,1702,4.72881,279,100,28,0,0,0,0,0,0,0,0,31
309,1526,4.27586,248,100,30,0,0,0,0,1,0,0,0,27
310,1744,5.1,306,100,26,0,0,0,0,0,0,0,0,34
311,1594,3.98361,243,100,34,0,0,0,0,0,0,0,0,27
312,1824,5.36842,306,100,23,0,0,0,0,0,0,0,0,34
313,1620,4.92453,261,100,24,0,0,0,0,0,0,0,0,29
314,2014,5.89655,342,100,20,0,0,0,0,0,0,0,0,38
315,1662,6.16667,333,100,17,0,0,0,0,0,0,0,0,37
316,1800,5.46429,306,100,22,0,0,0,0,0,0,0,0,34
317,2178,6.63158,378,100,15,0,0,0,0,0,0,0,0,42
318,2008,5.36842,306,100,23,0,0,0,0,0,0,0,0,34
319,2012,6.2069,360,100,18,0,0,0,0,0,0,0,0,40
320,2344,6,342,100,19,0,0,0,0,0,0,0,0,38
321,1954,5.4,297,100,22,0,0,0,0,0,0,0,0,33
322,2438,6.04918,369,100,20,0,0,0,0,0,0,0,0,41
323,1868,5.74138,333,100,21,0,0,0,0,0,0,0,0,37
324,2072,5.56364,306,100,21,0,0,0,0,0,0,0,0,34
325,2124,6,342,100,19,0,0,0,0,0,0,0,0,38
326,2020,5,315,100,28,0,0,0,0,0,0,0,0,35
327,1978,4.85714,306,100,29,0,0,0,0,0,0,0,0,34
328,1984,4.8,288,100,28,0,0,0,0,0,0,0,0,32
329,1454,4.96552,288,100,26,0,0,0,0,0,0,0,0,32
330,1596,5.58621,324,100,22,0,0,0,0,0,0,0,0,36
331,1568,5.18644,306,100,25,0,0,0,0,0,0,0,0,34
332,1504,4.01538,261,100,36,0,0,0,0,0,0,0,0,29
333,1698,4.35,261,100,31,0,0,0,0,0,0,0,0,29
334,1566,4.06452,252,100,34,0,0,0,0,0,0,0,0,28
335,1892,5.83333,315,100,19,0,0,0,0,0,0,0,0,35
336,1724,4.41818,243,100,28,0,0,0,0,0,0,0,0,27
337,1802,3.85714,216,100,32,0,0,0,0,0,0,0,0,24
338,1782,4.20339,248,100,31,0,0,0,0,1,0,0,0,27
339,1882,4.42857,248,100,28,0,0,0,0,1,0,0,0,27
340,1966,4.57627,270,100,29,0,0,0,0,0,0,0,0,30
341,1858,4.89474,279,100,26,0,0,0,0,0,0,0,0,31
342,1872,3.75,225,100,35,0,0,0,0,0,0,0,0,25
343,1816,3.68852,225,100,36,0,0,0,0,0,0,0,0,25
344,1640,3.94737,225,100,32,0,0,0,0,0,0,0,0,25
345,1766,4.67273,257,100,26,0,0,0,0,1,0,0,0,28
346,1820,4.15385,216,100,28,0,0,0,0,0,0,0,0,24
347,1990,3.41379,198,100,36,0,0,0,0,0,0,0,0,22
348,1586,3.70588,189,100,30,0,0,0,0,0,0,0,0,21
349,1590,3.87931,225,100,33,0,0,0,0,0,0,0,0,25
350,1686,3.75,225,100,35,0,0,0,0,0,0,0,0,25
351,1844,3.83333,207,100,31,0,0,0,0,0,0,0,0,23
352,1852,3.6,216,100,36,0,0,0,0,0,0,0,0,24
353,1820,4.42105,252,100,29,0,0,0,0,0,0,0,0,28
354,1770,3.45,207,100,37,0,0,0,0,0,0,0,0,23
355,1656,3.92727,216,100,31,0,0,0,0,0,0,0,0,24
356,1784,3.96,198,100,28,0,0,0,0,0,0,0,0,22
357,1872,3.76364,207,100,32,0,0,0,0,0,0,0,0,23
358,1866,3.9661,234,100,33,0,0,0,0,0,0,0,0,26
359,1832,3.20339,189,100,38,0,0,0,0,0,0,0,0,21
360,1542,2.75806,171,100,43,0,0,0,0,0,0,0,0,19
361,1428,3.15789,180,100,37,0,0,0,0,0,0,0,0,20
362,1848,3.19355,198,100,40,0,0,0,0,0,0,0,0,22
363,1772,3.76364,207,100,32,0,0,0,0,0,0,0,0,23
364,1474,3.21429,180,100,36,0,0,0,0,0,0,0,0,20
365,1458,3.27273,180,100,35,0,0,0,0,0,0,0,0,20
366,1370,3.87931,225,100,33,0,0,0,0,0,0,0,0,25
367,1626,3.28571,207,100,40,0,0,0,0,0,0,0,0,23
368,1496,3.09836,189,100,40,0,0,0,0,0,0,0,0,21
369,1528,3.6,216,100,36,0,0,0,0,0,0,0,0,24
370,1320,3.16667,171,100,35,0,0,0,0,0,0,0,0,19
371,1472,3.94737,225,100,32,0,0,0,0,0,0,0,0,25
372,1394,3.25862,189,100,37,0,0,0,0,0,0,0,0,21
373,1620,3.9661,234,100,33,0,0,0,0,0,0,0,0,26
374,1556,3.31579,189,100,36,0,0,0,0,0,0,0,0,21
375,1668,3.41379,198,100,36,0,0,0,0,0,0,0,0,22
376,1470,3.25862,189,100,37,0,0,0,0,0,0,0,0,21
377,1700,3.50847,207,100,36,0,0,0,0,0,0,0,0,23
378,2084,3.09375,198,100,42,0,0,0,0,0,0,0,0,22
379,1900,3.48387,216,100,38,0,0,0,0,0,0,0,0,24
380,1784,3.28571,207,100,40,0,0,0,0,0,0,0,0,23
381,1630,3.04615,198,100,43,0,0,0,0,0,0,0,0,22
382,2212,3.46154,225,100,40,0,0,0,0,0,0,0,0,25
383,1906,2.90323,180,100,42,0,0,0,0,0,0,0,0,20
384,1384,3.2459,198,100,39,0,0,0,0,0,0,0,0,22
385,1608,3.87931,225,100,33,0,0,0,0,0,0,0,0,25
386,1688,4.10526,234,100,31,0,0,0,0,0,0,0,0,26
387,1432,3,180,100,40,0,0,0,0,0,0,0,0,20
388,1470,2.80328,171,100,42,0,0,0,0,0,0,0,0,19
389,1562,3.15,189,100,39,0,0,0,0,0,0,0,0,21
390,1376,3.77419,234,100,36,0,0,0,0,0,0,0,0,26
391,1506,3.9661,234,100,33,0,0,0,0,0,0,0,0,26
392,1598,4.05,243,100,33,0,0,0,0,0,0,0,0,27
393,1806,4.42105,252,100,29,0,0,0,0,0,0,0,0,28
394,1820,4.13115,252,100,33,0,0,0,0,0,0,0,0,28
395,1500,4.33333,234,100,28,0,0,0,0,0,0,0,0,26
396,1588,3.5,189,100,33,0,0,0,0,0,0,0,0,21
397,1750,4.07547,216,100,29,0,0,0,0,0,0,0,0,24
398,1634,3.27273,180,100,35,0,0,0,0,0,0,0,0,20
399,1648,4.5,252,100,28,0,0,0,0,0,0,0,0,28
400,1574,4.2,252,100,32,0,0,0,0,0,0,0,0,28
401,1684,4.75472,252,100,25,0,0,0,0,0,0,0,0,28
402,1850,5.77358,306,100,19,0,0,0,0,0,0,0,0,34
403,1876,4.74545,261,100,26,0,0,0,0,0,0,0,0,29
404,2172,4.07812,261,100,35,0,0,0,0,0,0,0,0,29
405,1798,3.92727,216,100,31,0,0,0,0,0,0,0,0,24
406,1870,4.65,279,100,29,0,0,0,0,0,0,0,0,31
407,1560,4.24528,225,100,28,0,0,0,0,0,0,0,0,25
408,1546,5.09434,270,100,23,0,0,0,0,0,0,0,0,30
409,1794,5.65455,311,100,20,0,0,0,0,1,0,0,0,34
410,1552,5.92593,320,100,18,0,0,0,0,1,0,0,0,35
411,1424,5.2449,257,100,20,0,0,0,0,1,0,0,0,28
412,1472,4.89655,284,100,26,0,0,0,0,1,0,0,0,31
413,1236,4.92593,266,100,24,0,0,0,0,1,0,0,0,29
414,1796,5.28571,333,100,26,0,0,0,0,0,0,0,0,37
415,1530,4.79032,297,100,29,0,0,0,0,0,0,0,0,33
416,1550,5.43103,315,100,23,0,0,0,0,0,0,0,0,35
417,1516,5.25,315,100,25,0,0,0,0,0,0,0,0,35
418,1534,4.96552,288,100,26,0,0,0,0,0,0,0,0,32
419,1856,4.95,297,100,27,0,0,0,0,0,0,0,0,33
420,1730,4.35484,270,100,32,0,0,0,0,0,0,0,0,30
421,1564,4.5,270,100,30,0,0,0,0,0,0,0,0,30
422,1918,4.88136,288,100,27,0,0,0,0,0,0,0,0,32
423,1946,4.86885,297,100,28,0,0,0,0,0,0,0,0,33
424,2380,5.48438,351,100,25,0,0,0,0,0,0,0,0,39
425,1972,3.91935,243,100,35,0,0,0,0,0,0,0,0,27
426,2104,4.64062,297,100,31,0,0,0,0,0,0,0,0,33
427,1846,4.57895,261,100,28,0,0,0,0,0,0,0,0,29
428,1784,4.25455,234,100,29,0,0,0,0,0,0,0,0,26
429,1716,4.18966,243,100,31,0,0,0,0,0,0,0,0,27
430,1446,3.78947,216,100,33,0,0,0,0,0,0,0,0,24
431,1558,4.16667,225,100,29,0,0,0,0,0,0,0,0,25
432,1794,4.16667,225,100,29,0,0,0,0,0,0,0,0,25
433,1754,2.90323,180,100,42,0,0,0,0,0,0,0,0,20
434,1958,3.68852,225,100,36,0,0,0,0,0,0,0,0,25
435,1852,4.34483,252,100,30,0,0,0,0,0,0,0,0,28
436,2008,4.27869,261,100,32,0,0,0,0,0,0,0,0,29
437,2112,4.66071,261,100,27,0,0,0,0,0,0,0,0,29
438,1558,3.76364,207,100,32,0,0,0,0,0,0,0,0,23
439,1682,3.87931,225,100,33,0,0,0,0,0,0,0,0,25
440,1682,4.06452,252,100,34,0,0,0,0,0,0,0,0,28
441,1784,3.87931,225,100,33,0,0,0,0,0,0,0,0,25
442,1508,2.94828,171,100,39,0,0,0,0,0,0,0,0,19
443,1602,3,171,100,38,0,0,0,0,0,0,0,0,19
444,1364,2.94828,171,100,39,0,0,0,0,0,0,0,0,19
445,1388,3.11538,162,100,34,0,0,0,0,0,0,0,0,18
446,1656,3.47368,198,100,35,0,0,0,0,0,0,0,0,22
447,1500,4.09091,225,100,30,0,0,0,0,0,0,0,0,25
448,1910,4.13115,252,100,33,0,0,0,0,0,0,0,0,28
449,1788,4.57377,279,100,30,0,0,0,0,0,0,0,0,31
450,1532,4.42373,261,100,30,0,0,0,0,0,0,0,0,29
451,1272,3.53571,198,100,34,0,0,0,0,0,0,0,0,22
452,1370,3.56897,207,100,35,0,0,0,0,0,0,0,0,23
453,1532,4.03448,234,100,32,0,0,0,0,0,0,0,0,26
454,1438,2.84211,162,100,39,0,0,0,0,0,0,0,0,18
455,1466,3.6,198,100,33,0,0,0,0,0,0,0,0,22
456,1932,3.77419,234,100,36,0,0,0,0,0,0,0,0,26
457,1516,3.75,225,100,35,0,0,0,0,0,0,0,0,25
458,1502,3.19355,198,100,40,0,0,0,0,0,0,0,0,22
459,1558,3.41379,198,100,36,0,0,0,0,0,0,0,0,22
460,1446,2.80328,171,100,42,0,0,0,0,0,0,0,0,19
461,1706,3.9661,234,100,33,0,0,0,0,0,0,0,0,26
462,1574,3.66102,216,100,35,0,0,0,0,0,0,0,0,24
463,1328,2.84211,162,100,39,0,0,0,0,0,0,0,0,18
464,1494,3.05357,171,100,37,0,0,0,0,0,0,0,0,19
465,1610,3.43636,189,100,34,0,0,0,0,0,0,0,0,21
466,1724,3.73585,198,100,31,0,0,0,0,0,0,0,0,22
467,1804,4.10526,234,100,31,0,0,0,0,0,0,0,0,26
468,1480,3.35593,198,100,37,0,0,0,0,0,0,0,0,22
469,1324,2.85,171,100,41,0,0,0,0,0,0,0,0,19
470,1588,3.22388,216,100,43,0,0,0,0,0,0,0,0,24
471,1388,2.35385,153,100,48,0,0,0,0,0,0,0,0,17
472,1560,3.04615,198,100,43,0,0,0,0,0,0,0,0,22
473,1610,3,207,100,46,0,0,0,0,0,0,0,0,23
474,1576,2.85714,180,100,43,0,0,0,0,0,0,0,0,20
475,1388,2.8209,189,100,46,0,0,0,0,0,0,0,0,21
476,1152,2.53521,180,100,51,0,0,0,0,0,0,0,0,20
477,1334,2.91176,198,100,46,0,0,0,0,0,0,0,0,22
478,1468,3.65217,252,100,41,0,0,0,0,0,0,0,0,28
479,1336,3.08955,207,100,44,0,0,0,0,0,0,0,0,23
480,1366,3.57143,225,100,38,0,0,0,0,0,0,0,0,25
481,1518,3.83607,234,100,35,0,0,0,0,0,0,0,0,26
482,1490,3.98361,243,100,34,0,0,0,0,0,0,0,0,27
483,1166,3.45,207,100,37,0,0,0,0,0,0,0,0,23
484,1222,3.10345,180,100,38,0,0,0,0,0,0,0,0,20
485,1396,3.9661,234,100,33,0,0,0,0,0,0,0,0,26
486,1394,3.69643,207,100,33,0,0,0,0,0,0,0,0,23
487,1244,3.39344,207,100,38,0,0,0,0,0,0,0,0,23
488,1252,2.95312,189,100,43,0,0,0,0,0,0,0,0,21
489,1316,3.9375,252,100,36,0,0,0,0,0,0,0,0,28
490,1432,2.95312,189,100,43,0,0,0,0,0,0,0,0,21
491,1166,2.59091,171,100,47,0,0,0,0,0,0,0,0,19
492,1296,2.57143,162,100,45,0,0,0,0,0,0,0,0,18
493,1532,3.14286,198,100,41,0,0,0,0,0,0,0,0,22
494,1500,3.71429,234,100,37,0,0,0,0,0,0,0,0,26
495,1420,3.25862,189,100,37,0,0,0,0,0,0,0,0,21
496,1506,4.41509,234,100,27,0,0,0,0,0,0,0,0,26
497,1472,4.16667,225,100,29,0,0,0,0,0,0,0,0,25
498,1382,3.10345,180,100,38,0,0,0,0,0,0,0,0,20
499,1462,2.92982,167,100,38,0,0,0,0,1,0,0,0,18
500,1372,2.32759,135,100,43,0,0,0,0,0,0,0,0,15
501,1342,1.96364,108,100,43,0,0,0,0,0,0,0,0,12
502,1516,2.36066,144,100,45,0,0,0,0,0,0,0,0,16
503,1372,1.39655,81,100,49,0,0,0,0,0,0,0,0,9
504,1654,1.77049,108,100,49,0,0,0,0,0,0,0,0,12
505,1410,2.13559,126,100,45,0,0,0,0,0,0,0,0,14
506,1582,2.48276,144,100,42,0,0,0,0,0,0,0,0,16
507,1522,2.63793,153,100,41,0,0,0,0,0,0,0,0,17
508,1368,2.53125,162,100,46,0,0,0,0,0,0,0,0,18
509,1076,2.6129,162,100,44,0,0,0,0,0,0,0,0,18
510,1148,2.21538,144,100,49,0,0,0,0,0,0,0,0,16
511,1394,2.42857,153,100,46,0,0,0,0,0,0,0,0,17
512,1400,2.75806,171,100,43,0,0,0,0,0,0,0,0,19
513,1470,2.89831,171,100,40,0,0,0,0,0,0,0,0,19
514,1440,3.50847,207,100,36,0,0,0,0,0,0,0,0,23
515,1620,4.11864,243,100,32,0,0,0,0,0,0,0,0,27
516,1422,3.76364,207,100,32,0,0,0,0,0,0,0,0,23
517,1390,3.3,198,100,38,0,0,0,0,0,0,0,0,22
518,1490,3.05085,180,100,39,0,0,0,0,0,0,0,0,20
519,1440,3.39344,207,100,38,0,0,0,0,0,0,0,0,23
520,1452,2.90769,189,100,44,0,0,0,0,0,0,0,0,21
521,1188,3.15,189,100,39,0,0,0,0,0,0,0,0,21
522,1244,2.75806,171,100,43,0,0,0,0,0,0,0,0,19
523,1296,2.63793,153,100,41,0,0,0,0,0,0,0,0,17
524,1512,2.44068,144,100,43,0,0,0,0,0,0,0,0,16
525,1428,2.85714,180,100,43,0,0,0,0,0,0,0,0,20
526,1594,2.38235,162,100,50,0,0,0,0,0,0,0,0,18
527,1424,1.82812,117,100,51,0,0,0,0,0,0,0,0,13
528,1606,2.28358,153,100,50,0,0,0,0,0,0,0,0,17
529,1532,2.95082,180,100,41,0,0,0,0,0,0,0,0,20
530,1660,2.75806,171,100,43,0,0,0,0,0,0,0,0,19
531,1542,3.56897,207,100,35,0,0,0,0,0,0,0,0,23
532,1722,3.28571,207,100,40,0,0,0,0,0,0,0,0,23
533,1698,3.33871,207,100,39,0,0,0,0,0,0,0,0,23
534,1480,3.66102,216,100,35,0,0,0,0,0,0,0,0,24
535,1672,4.11864,243,100,32,0,0,0,0,0,0,0,0,27
536,1782,4.57627,270,100,29,0,0,0,0,0,0,0,0,30
537,1878,4.24528,225,100,28,0,0,0,0,0,0,0,0,25
538,2018,4.5,261,100,29,0,0,0,0,0,0,0,0,29
539,1988,4.42593,239,100,27,0,0,0,0,1,0,0,0,26
540,1884,4.5,234,100,26,0,0,0,0,0,0,0,0,26
541,1952,5,270,100,24,0,0,0,0,0,0,0,0,30
542,1840,4.66667,252,100,26,0,0,0,0,0,0,0,0,28
543,2080,3.76364,207,100,32,0,0,0,0,0,0,0,0,23
544,2504,4.66071,261,100,27,0,0,0,0,0,0,0,0,29
545,2366,3.89831,230,100,33,0,0,0,0,1,0,0,0,25
546,1940,4.42857,248,100,28,0,0,0,0,1,0,0,0,27
547,1754,3.78947,216,100,33,0,0,0,0,0,0,0,0,24
548,1706,3.73585,198,100,31,0,0,0,0,0,0,0,0,22
549,2446,4.11864,243,100,32,0,0,0,0,0,0,0,0,27
550,1802,4,216,100,30,0,0,0,0,0,0,0,0,24
551,1466,3.76364,207,100,32,0,0,0,0,0,0,0,0,23
552,2002,4.10526,234,100,31,0,0,0,0,0,0,0,0,26
553,1634,4.24528,225,100,28,0,0,0,0,0,0,0,0,25
554,1874,4.66071,261,100,27,0,0,0,0,0,0,0,0,29
555,1912,4.72881,279,100,28,0,0,0,0,0,0,0,0,31
556,1596,4.57627,270,100,29,0,0,0,0,0,0,0,0,30
557,1450,4.09091,225,100,30,0,0,0,0,0,0,0,0,25
558,1946,5.71429,320,100,20,0,0,0,0,1,0,0,0,35
559,1870,4.90909,270,100,25,0,0,0,0,0,0,0,0,30
560,1862,4.74545,261,100,26,0,0,0,0,0,0,0,0,29
561,1762,4.33333,234,100,28,0,0,0,0,0,0,0,0,26
562,1508,4.5,234,100,26,0,0,0,0,0,0,0,0,26
563,1802,4.42105,252,100,29,0,0,0,0,0,0,0,0,28
564,1816,3.43636,189,100,34,0,0,0,0,0,0,0,0,21
565,1598,3.83333,207,100,31,0,0,0,0,0,0,0,0,23
566,1850,3.85714,216,100,32,0,0,0,0,0,0,0,0,24
567,1852,4.73684,270,100,27,0,0,0,0,0,0,0,0,30
568,1900,4.42373,261,100,30,0,0,0,0,0,0,0,0,29
569,1782,3.72414,216,100,34,0,0,0,0,0,0,0,0,24
570,1856,4.03448,234,100,32,0,0,0,0,0,0,0,0,26
571,1974,4.20968,261,100,33,0,0,0,0,0,0,0,0,29
572,1880,3.6,216,100,36,0,0,0,0,0,0,0,0,24
573,1872,4.01786,225,100,31,0,0,0,0,0,0,0,0,25
574,2224,4.33333,234,100,28,0,0,0,0,0,0,0,0,26
575,1756,4.27119,252,100,31,0,0,0,0,0,0,0,0,28
576,1530,3.27273,180,100,35,0,0,0,0,0,0,0,0,20
577,1630,3.53571,198,100,34,0,0,0,0,0,0,0,0,22
578,1516,3.04839,189,100,41,0,0,0,0,0,0,0,0,21
579,1344,2.44068,144,100,43,0,0,0,0,0,0,0,0,16
580,1494,2.95312,189,100,43,0,0,0,0,0,0,0,0,21
581,1646,3.42857,216,100,39,0,0,0,0,0,0,0,0,24
582,1664,3.3,198,100,38,0,0,0,0,0,0,0,0,22
583,1772,3.68852,225,100,36,0,0,0,0,0,0,0,0,25
584,1746,3,180,100,40,0,0,0,0,0,0,0,0,20
585,1888,3.41379,198,100,36,0,0,0,0,0,0,0,0,22
586,1854,3.63158,207,100,34,0,0,0,0,0,0,0,0,23
587,2026,3.78947,216,100,33,0,0,0,0,0,0,0,0,24
588,1764,4,216,100,30,0,0,0,0,0,0,0,0,24
589,1434,4.07547,216,100,29,0,0,0,0,0,0,0,0,24
590,1488,3.94737,225,100,32,0,0,0,0,0,0,0,0,25
591,1668,3.9,234,100,34,0,0,0,0,0,0,0,0,26
592,1682,3.75,225,100,35,0,0,0,0,0,0,0,0,25
593,1300,3.375,216,100,40,0,0,0,0,0,0,0,0,24
594,1298,3.54545,234,100,40,0,0,0,0,0,0,0,0,26
595,1290,3.54545,234,100,40,0,0,0,0,0,0,0,0,26
596,1422,4.35,261,100,31,0,0,0,0,0,0,0,0,29
597,1350,4.10526,234,100,31,0,0,0,0,0,0,0,0,26
598,1424,3.91935,243,100,35,0,0,0,0,0,0,0,0,27
599,1324,3.50847,207,100,36,0,0,0,0,0,0,0,0,23
600,1386,3.64407,215,100,35,0,0,0,0,0,0,0,1,23
601,1458,3.72414,216,100,34,0,0,0,0,0,0,0,0,24
602,1404,3.41379,198,100,36,0,0,0,0,0,0,0,0,22
603,1430,4.26316,243,100,30,0,0,0,0,0,0,0,0,27
604,1734,4.98214,279,100,25,0,0,0,0,0,0,0,0,31
605,1826,4.85714,306,100,29,0,0,0,0,0,0,0,0,34
606,1506,4.66071,261,100,27,0,0,0,0,0,0,0,0,29
607,1536,4.11864,243,100,32,0,0,0,0,0,0,0,0,27
608,1492,3.63158,207,100,34,0,0,0,0,0,0,0,0,23
609,1346,3.59322,212,100,35,0,0,0,0,1,0,0,0,23
610,1578,4.03448,234,100,32,0,0,0,0,0,0,0,0,26
611,1626,3.28571,207,100,40,0,0,0,0,0,0,0,0,23
612,1618,3.85714,216,100,32,0,0,0,0,0,0,0,0,24
613,1892,4.42105,252,100,29,0,0,0,0,0,0,0,0,28
614,1576,3.69643,207,100,33,0,0,0,0,0,0,0,0,23
615,1592,3.76364,207,100,32,0,0,0,0,0,0,0,0,23
616,1644,3.45,207,100,37,0,0,0,0,0,0,0,0,23
617,1682,4.14516,257,100,33,0,0,0,0,1,0,0,0,28
618,1830,4.58333,275,100,29,0,0,0,0,1,0,0,0,30
619,1498,4.41818,243,100,28,0,0,0,0,0,0,0,0,27
620,1494,3.90566,207,100,30,0,0,0,0,0,0,0,0,23
621,1492,3.94737,225,100,32,0,0,0,0,0,0,0,0,25
622,1680,4.41818,243,100,28,0,0,0,0,0,0,0,0,27
623,2136,4.74545,261,100,26,0,0,0,0,0,0,0,0,29
624,2076,4.90909,270,100,25,0,0,0,0,0,0,0,0,30
625,2422,4.58491,243,100,26,0,0,0,0,0,0,0,0,27
626,1588,4.5,234,100,26,0,0,0,0,0,0,0,0,26
627,1714,5.4,297,100,22,0,0,0,0,0,0,0,0,33
628,1574,4.28571,270,100,33,0,0,0,0,0,0,0,0,30
629,1590,4.57895,261,100,28,0,0,0,0,0,0,0,0,29
630,1614,4.06452,252,100,34,0,0,0,0,0,0,0,0,28
631,1602,3.91935,243,100,35,0,0,0,0,0,0,0,0,27
632,1412,3.77419,234,100,36,0,0,0,0,0,0,0,0,26
633,1878,3.91935,243,100,35,0,0,0,0,0,0,0,0,27
634,1478,3.63158,207,100,34,0,0,0,0,0,0,0,0,23
635,1652,4.17857,234,100,30,0,0,0,0,0,0,0,0,26
636,1612,4.18966,243,100,31,0,0,0,0,0,0,0,0,27
637,1408,3.66102,216,100,35,0,0,0,0,0,0,0,0,24
638,1500,3.35593,198,100,37,0,0,0,0,0,0,0,0,22
639,1430,4.18966,243,100,31,0,0,0,0,0,0,0,0,27
640,1322,3.91935,243,100,35,0,0,0,0,0,0,0,0,27
641,1364,3.19355,198,100,40,0,0,0,0,0,0,0,0,22
642,1252,3.23438,207,100,41,0,0,0,0,0,0,0,0,23
643,968,2.21053,126,100,43,0,0,0,0,0,0,0,0,14
644,1310,2.86364,189,100,45,0,0,0,0,0,0,0,0,21
645,1408,3.42857,216,100,39,0,0,0,0,0,0,0,0,24
646,1412,3.18462,207,100,42,0,0,0,0,0,0,0,0,23
647,1616,3.54098,216,100,37,0,0,0,0,0,0,0,0,24
648,1834,3.50847,207,100,36,0,0,0,0,0,0,0,0,23
649,2090,4.03448,234,100,32,0,0,0,0,0,0,0,0,26
650,2350,5.14286,288,100,24,0,0,0,0,0,0,0,0,32
651,2162,3.85714,216,100,32,0,0,0,0,0,0,0,0,24
652,1628,4.5,270,100,30,0,0,0,0,0,0,0,0,30
653,1440,4.74545,261,100,26,0,0,0,0,0,0,0,0,29
654,1514,5.07273,279,100,24,0,0,0,0,0,0,0,0,31
655,1590,5,275,100,24,0,0,0,0,1,0,0,0,30
656,1714,4.41509,234,100,27,0,0,0,0,0,0,0,0,26
657,1778,4.01786,225,100,31,0,0,0,0,0,0,0,0,25
658,1872,3.98361,243,100,34,0,0,0,0,0,0,0,0,27
659,2194,4.35,261,100,31,0,0,0,0,0,0,0,0,29
660,1354,4.01786,225,100,31,0,0,0,0,0,0,0,0,25
661,1310,3.09375,198,100,42,0,0,0,0,0,0,0,0,22
662,1562,3.04615,198,100,43,0,0,0,0,0,0,0,0,22
663,1656,3,180,100,40,0,0,0,0,0,0,0,0,20
664,1644,3.33871,207,100,39,0,0,0,0,0,0,0,0,23
665,1944,3.54098,216,100,37,0,0,0,0,0,0,0,0,24
666,1520,3.25862,189,100,37,0,0,0,0,0,0,0,0,21
667,1490,2.74576,162,100,41,0,0,0,0,0,0,0,0,18
668,1580,2.44068,144,100,43,0,0,0,0,0,0,0,0,16
669,1392,2.66667,144,100,38,0,0,0,0,0,0,0,0,16
670,1662,3.375,189,100,35,0,0,0,0,0,0,0,0,21
671,1636,2.84211,162,100,39,0,0,0,0,0,0,0,0,18
672,1574,3.15,189,100,39,0,0,0,0,0,0,0,0,21
673,1808,4.28571,270,100,33,0,0,0,0,0,0,0,0,30
674,1610,3.85714,216,100,32,0,0,0,0,0,0,0,0,24
675,1546,4,216,100,30,0,0,0,0,0,0,0,0,24
676,1590,3.3,198,100,38,0,0,0,0,0,0,0,0,22
677,1366,3.66667,198,100,32,0,0,0,0,0,0,0,0,22
678,1544,3.66102,216,100,35,0,0,0,0,0,0,0,0,24
679,1796,3.45,207,100,37,0,0,0,0,0,0,0,0,23
680,1948,4.5,261,100,29,0,0,0,0,0,0,0,0,29
681,1714,3.81356,225,100,34,0,0,0,0,0,0,0,0,25
682,1478,3.78947,216,100,33,0,0,0,0,0,0,0,0,24
683,1282,3.3,198,100,38,0,0,0,0,0,0,0,0,22
684,1486,3.75,225,100,35,0,0,0,0,0,0,0,0,25
685,1672,3.2459,198,100,39,0,0,0,0,0,0,0,0,22
686,1514,4.17857,234,100,30,0,0,0,0,0,0,0,0,26
687,1730,3.87931,225,100,33,0,0,0,0,0,0,0,0,25
688,1584,3.45,207,100,37,0,0,0,0,0,0,0,0,23
689,1546,4.17857,234,100,30,0,0,0,0,0,0,0,0,26
690,1340,4.09091,225,100,30,0,0,0,0,0,0,0,0,25
691,1702,4.18966,243,100,31,0,0,0,0,0,0,0,0,27
692,1532,4.10526,234,100,31,0,0,0,0,0,0,0,0,26
693,1650,4.03448,234,100,32,0,0,0,0,0,0,0,0,26
694,1736,4.35484,270,100,32,0,0,0,0,0,0,0,0,30
695,1480,4.83333,261,100,25,0,0,0,0,0,0,0,0,29
696,1864,4.18966,243,100,31,0,0,0,0,0,0,0,0,27
697,1766,4.5,252,100,28,0,0,0,0,0,0,0,0,28
698,1776,4.90909,270,100,25,0,0,0,0,0,0,0,0,30
699,1380,4.25455,234,100,29,0,0,0,0,0,0,0,0,26
700,1230,3.25862,189,100,37,0,0,0,0,0,0,0,0,21
701,1472,4.34483,252,100,30,0,0,0,0,0,0,0,0,28
702,1142,3.94737,225,100,32,0,0,0,0,0,0,0,0,25
703,1400,4,252,100,35,0,0,0,0,0,0,0,0,28
704,1552,4,252,100,35,0,0,0,0,0,0,0,0,28
705,1434,3.54098,216,100,37,0,0,0,0,0,0,0,0,24
706,1488,3.40909,225,100,41,0,0,0,0,0,0,0,0,25
707,1470,4.01538,261,100,36,0,0,0,0,0,0,0,0,29
708,1700,5.16393,315,100,26,0,0,0,0,0,0,0,0,35
709,1440,4.17857,234,100,30,0,0,0,0,0,0,0,0,26
710,1730,4.42623,270,100,31,0,0,0,0,0,0,0,0,30
711,1696,4.10526,234,100,31,0,0,0,0,0,0,0,0,26
712,1706,3.6,216,100,36,0,0,0,0,0,0,0,0,24
713,2052,3.45,207,100,37,0,0,0,0,0,0,0,0,23
714,1256,3.23438,207,100,41,0,0,0,0,0,0,0,0,23
715,1294,3,180,100,40,0,0,0,0,0,0,0,0,20
716,1416,2.90323,180,100,42,0,0,0,0,0,0,0,0,20
717,1426,3.3,198,100,38,0,0,0,0,0,0,0,0,22
718,1698,3.05085,180,100,39,0,0,0,0,0,0,0,0,20
719,1530,2.74576,162,100,41,0,0,0,0,0,0,0,0,18
720,1736,3.6,198,100,33,0,0,0,0,0,0,0,0,22
721,1348,3.10345,180,100,38,0,0,0,0,0,0,0,0,20
722,1412,4.13115,252,100,33,0,0,0,0,0,0,0,0,28
723,1522,4.17857,234,100,30,0,0,0,0,0,0,0,0,26
724,1560,3.83607,234,100,35,0,0,0,0,0,0,0,0,26
725,1810,4.18966,243,100,31,0,0,0,0,0,0,0,0,27
726,1956,4.03448,234,100,32,0,0,0,0,0,0,0,0,26
727,1454,3,180,100,40,0,0,0,0,0,0,0,0,20
728,1716,3.33871,207,100,39,0,0,0,0,0,0,0,0,23
729,1766,3.32308,216,100,41,0,0,0,0,0,0,0,0,24
730,1898,3.72414,216,100,34,0,0,0,0,0,0,0,0,24
731,1956,3.77419,234,100,36,0,0,0,0,0,0,0,0,26
732,1718,3.85714,243,100,36,0,0,0,0,0,0,0,0,27
733,1544,4.26316,243,100,30,0,0,0,0,0,0,0,0,27
734,2042,3.83607,234,100,35,0,0,0,0,0,0,0,0,26
735,1852,3.19355,198,100,40,0,0,0,0,0,0,0,0,22
736,1694,1.96875,126,100,50,0,0,0,0,0,0,0,0,14
737,2108,2.67188,171,100,45,0,0,0,0,0,0,0,0,19
738,1952,3.57143,225,100,38,0,0,0,0,0,0,0,0,25
739,1718,4.66667,252,100,26,0,0,0,0,0,0,0,0,28
740,2154,4.35938,279,100,33,0,0,0,0,0,0,0,0,31
741,2612,3.65625,234,100,38,0,0,0,0,0,0,0,0,26
742,2468,4.33929,243,100,29,0,0,0,0,0,0,0,0,27
743,1958,4.66071,261,100,27,0,0,0,0,0,0,0,0,29
744,1806,4.42373,261,100,30,0,0,0,0,0,0,0,0,29
745,1774,4.5,261,100,29,0,0,0,0,0,0,0,0,29
746,1854,4.72881,279,100,28,0,0,0,0,0,0,0,0,31
747,1844,4.66071,261,100,27,0,0,0,0,0,0,0,0,29
748,1650,4.73684,270,100,27,0,0,0,0,0,0,0,0,30
749,1732,4.5,270,100,30,0,0,0,0,0,0,0,0,30
750,1958,4.50794,284,100,31,0,0,0,0,1,0,0,0,31
751,1696,4.27869,261,100,32,0,0,0,0,0,0,0,0,29
752,1648,4.5,261,100,29,0,0,0,0,0,0,0,0,29
753,1840,5.14286,288,100,24,0,0,0,0,0,0,0,0,32
754,1542,5.26415,279,100,22,0,0,0,0,0,0,0,0,31
755,1276,5.66667,306,100,20,0,0,0,0,0,0,0,0,34
756,1494,6.05455,333,100,18,0,0,0,0,0,0,0,0,37
757,1432,4.81034,279,100,27,0,0,0,0,0,0,0,0,31
758,1740,5.05263,288,100,25,0,0,0,0,0,0,0,0,32
759,1586,5.33898,315,100,24,0,0,0,0,0,0,0,0,35
760,1690,5.57143,351,100,24,0,0,0,0,0,0,0,0,39
761,1780,5.52632,315,100,22,0,0,0,0,0,0,0,0,35
762,1970,5.14286,288,100,24,0,0,0,0,0,0,0,0,32
763,1750,4.27119,252,100,31,0,0,0,0,0,0,0,0,28
764,1832,4.27119,252,100,31,0,0,0,0,0,0,0,0,28
765,2122,4.11864,243,100,32,0,0,0,0,0,0,0,0,27
766,1640,3.56897,207,100,35,0,0,0,0,0,0,0,0,23
767,1676,3.42857,216,100,39,0,0,0,0,0,0,0,0,24
768,2104,4.57143,288,100,31,0,0,0,0,0,0,0,0,32
769,1866,4.58182,252,100,27,0,0,0,0,0,0,0,0,28
770,1830,4.86885,297,100,28,0,0,0,0,0,0,0,0,33
771,1924,4.89474,279,100,26,0,0,0,0,0,0,0,0,31
772,2038,4.65517,270,100,28,0,0,0,0,0,0,0,0,30
773,2104,5.4,324,100,24,0,0,0,0,0,0,0,0,36
774,1784,5.625,315,100,21,0,0,0,0,0,0,0,0,35
775,1302,4.84615,252,100,24,0,0,0,0,0,0,0,0,28
776,1344,4.41818,243,100,28,0,0,0,0,0,0,0,0,27
777,1632,5.07273,279,100,24,0,0,0,0,0,0,0,0,31
778,1550,4.65517,270,100,28,0,0,0,0,0,0,0,0,30
779,1616,4.5,252,100,28,0,0,0,0,0,0,0,0,28
780,1714,4.82143,270,100,26,0,0,0,0,0,0,0,0,30
781,1884,5.19231,270,100,22,0,0,0,0,0,0,0,0,30
782,1738,4.41176,225,100,26,0,0,0,0,0,0,0,0,25
783,1838,4.83333,261,100,25,0,0,0,0,0,0,0,0,29
784,1890,3.9661,234,100,33,0,0,0,0,0,0,0,0,26
785,1530,3.25862,189,100,37,0,0,0,0,0,0,0,0,21
786,1444,3.19355,198,100,40,0,0,0,0,0,0,0,0,22
787,1680,3.71429,234,100,37,0,0,0,0,0,0,0,0,26
788,1950,4.13115,252,100,33,0,0,0,0,0,0,0,0,28
789,2022,3.81356,225,100,34,0,0,0,0,0,0,0,0,25
790,2092,4.35,261,100,31,0,0,0,0,0,0,0,0,29
791,1736,4.27119,252,100,31,0,0,0,0,0,0,0,0,28
792,1976,5.46429,306,100,22,0,0,0,0,0,0,0,0,34
793,2462,4.5,279,100,31,0,0,0,0,0,0,0,0,31
794,2144,5.27586,306,100,24,0,0,0,0,0,0,0,0,34
795,1644,5.25,315,100,25,0,0,0,0,0,0,0,0,35
796,1862,4.95,297,100,27,0,0,0,0,0,0,0,0,33
797,1882,4.81034,279,100,27,0,0,0,0,0,0,0,0,31
798,2408,4.86885,297,100,28,0,0,0,0,0,0,0,0,33
799,2162,4.57627,270,100,29,0,0,0,0,0,0,0,0,30
800,2144,4.35,261,100,31,0,0,0,0,0,0,0,0,29
801,2080,4.57895,261,100,28,0,0,0,0,0,0,0,0,29
802,1654,5.52632,315,100,22,0,0,0,0,0,0,0,0,35
803,1596,4.42105,252,100,29,0,0,0,0,0,0,0,0,28
804,2018,5.01639,306,100,27,0,0,0,0,0,0,0,0,34
805,2126,4.95,297,100,27,0,0,0,0,0,0,0,0,33
806,1826,4.27119,252,100,31,0,0,0,0,0,0,0,0,28
807,1508,4.18966,243,100,31,0,0,0,0,0,0,0,0,27
808,1678,4.5,279,100,31,0,0,0,0,0,0,0,0,31
809,1998,4.8,288,100,28,0,0,0,0,0,0,0,0,32
810,1674,4.75472,252,100,25,0,0,0,0,0,0,0,0,28
811,1880,5.14286,288,100,24,0,0,0,0,0,0,0,0,32
812,1734,5.4,297,100,22,0,0,0,0,0,0,0,0,33
813,1386,4.77551,234,100,23,0,0,0,0,0,0,0,0,26
814,1364,4.41818,243,100,28,0,0,0,0,0,0,0,0,27
815,1448,3.85714,216,100,32,0,0,0,0,0,0,0,0,24
816,1326,3.87931,225,100,33,0,0,0,0,0,0,0,0,25
817,1364,3.83607,234,100,35,0,0,0,0,0,0,0,0,26
818,1396,3.65625,234,100,38,0,0,0,0,0,0,0,0,26
819,1510,3.71429,234,100,37,0,0,0,0,0,0,0,0,26
820,1262,3.47368,198,100,35,0,0,0,0,0,0,0,0,22
821,1298,3.9661,234,100,33,0,0,0,0,0,0,0,0,26
822,1054,3.375,189,100,35,0,0,0,0,0,0,0,0,21
823,1078,3.39344,207,100,38,0,0,0,0,0,0,0,0,23
824,1126,3.32308,216,100,41,0,0,0,0,0,0,0,0,24
825,1212,3.04839,189,100,41,0,0,0,0,0,0,0,0,21
826,1442,3.48387,216,100,38,0,0,0,0,0,0,0,0,24
827,1420,3.04839,189,100,41,0,0,0,0,0,0,0,0,21
828,1252,2.59322,153,100,42,0,0,0,0,0,0,0,0,17
829,1220,2.48276,144,100,42,0,0,0,0,0,0,0,0,16
830,1338,2.95082,180,100,41,0,0,0,0,0,0,0,0,20
831,1432,3.45,207,100,37,0,0,0,0,0,0,0,0,23
832,1368,3.57143,225,100,38,0,0,0,0,0,0,0,0,25
833,1308,3.15789,180,100,37,0,0,0,0,0,0,0,0,20
834,1020,2.94545,162,100,37,0,0,0,0,0,0,0,0,18
835,1616,4.5,279,100,31,0,0,0,0,0,0,0,0,31
836,1372,3.9,234,100,34,0,0,0,0,0,0,0,0,26
837,1250,3.71429,234,100,37,0,0,0,0,0,0,0,0,26
838,1676,4.22727,279,100,35,0,0,0,0,0,0,0,0,31
839,1528,4.89474,279,100,26,0,0,0,0,0,0,0,0,31
840,1624,5.14286,288,100,24,0,0,0,0,0,0,0,0,32
841,1524,4.88136,288,100,27,0,0,0,0,0,0,0,0,32
842,1584,5.36842,306,100,23,0,0,0,0,0,0,0,0,34
843,1676,5.36842,306,100,23,0,0,0,0,0,0,0,0,34
844,1436,3.83607,234,100,35,0,0,0,0,0,0,0,0,26
845,1556,4.03448,234,100,32,0,0,0,0,0,0,0,0,26
846,1422,3.78947,216,100,33,0,0,0,0,0,0,0,0,24
847,1648,4.5,252,100,28,0,0,0,0,0,0,0,0,28
848,2108,4.26316,243,100,30,0,0,0,0,0,0,0,0,27
849,1698,4.24528,225,100,28,0,0,0,0,0,0,0,0,25
850,1754,4.5,270,100,30,0,0,0,0,0,0,0,0,30
851,1798,4.34545,239,100,28,0,0,0,0,1,0,0,0,26
852,1924,3.625,203,100,33,0,0,0,0,1,0,0,0,22
853,2420,4.28571,270,100,33,0,0,0,0,0,0,0,0,30
854,2210,3.10909,171,100,36,0,0,0,0,0,0,0,0,19
855,2096,3.72414,216,100,34,0,0,0,0,0,0,0,0,24
856,1850,4.10526,234,100,31,0,0,0,0,0,0,0,0,26
857,1896,4.10526,234,100,31,0,0,0,0,0,0,0,0,26
858,2210,5.21053,297,100,24,0,0,0,0,0,0,0,0,33
859,2350,4.5,252,100,28,0,0,0,0,0,0,0,0,28
860,2078,4.16667,225,100,29,0,0,0,0,0,0,0,0,25
861,2008,3.83607,234,100,35,0,0,0,0,0,0,0,0,26
862,1900,3.87931,225,100,33,0,0,0,0,0,0,0,0,25
863,1720,4.57895,261,100,28,0,0,0,0,0,0,0,0,29
864,2034,3.62903,225,100,37,0,0,0,0,0,0,0,0,25
865,2438,3.47368,198,100,35,0,0,0,0,0,0,0,0,22
866,2230,4.01786,225,100,31,0,0,0,0,0,0,0,0,25
867,2154,3.47368,198,100,35,0,0,0,0,0,0,0,0,22
868,2054,3.0566,162,100,35,0,0,0,0,0,0,0,0,18
869,2310,4.01786,225,100,31,0,0,0,0,0,0,0,0,25
870,1558,4.01786,225,100,31,0,0,0,0,0,0,0,0,25
871,1568,4.10526,234,100,31,0,0,0,0,0,0,0,0,26
872,1634,4.09091,225,100,30,0,0,0,0,0,0,0,0,25
873,1886,4.96552,288,100,26,0,0,0,0,0,0,0,0,32
874,1192,4.5,252,100,28,0,0,0,0,0,0,0,0,28
875,1652,4.13115,252,100,33,0,0,0,0,0,0,0,0,28
876,1354,4.09091,225,100,30,0,0,0,0,0,0,0,0,25
877,1524,3.71429,234,100,37,0,0,0,0,0,0,0,0,26
878,1476,3.54098,216,100,37,0,0,0,0,0,0,0,0,24
879,1440,3.15,189,100,39,0,0,0,0,0,0,0,0,21
880,1574,2.46774,153,100,45,0,0,0,0,0,0,0,0,17
881,1736,2.90769,189,100,44,0,0,0,0,0,0,0,0,21
882,1542,2.55,153,100,43,0,0,0,0,0,0,0,0,17
883,1734,3.2459,198,100,39,0,0,0,0,0,0,0,0,22
884,1868,2.13559,126,100,45,0,0,0,0,0,0,0,0,14
885,1548,2.63793,153,100,41,0,0,0,0,0,0,0,0,17
886,1776,2.5082,153,100,44,0,0,0,0,0,0,0,0,17
887,1628,2.32759,135,100,43,0,0,0,0,0,0,0,0,15
888,2052,2.4,144,100,44,0,0,0,0,0,0,0,0,16
889,1992,1.85714,117,100,50,0,0,0,0,0,0,0,0,13
890,1578,1.35,81,100,51,0,0,0,0,0,0,0,0,9
891,1766,1.71429,108,100,51,0,0,0,0,0,0,0,0,12
892,1784,2,126,100,49,0,0,0,0,0,0,0,0,14
893,1602,1.5,99,100,55,0,0,0,0,0,0,0,0,11
894,1970,2.39062,153,100,47,0,0,0,0,0,0,0,0,17
895,1710,2.18182,144,100,50,0,0,0,0,0,0,0,0,16
896,1404,1.93846,126,100,51,0,0,0,0,0,0,0,0,14
897,1408,1.77049,108,100,49,0,0,0,0,0,0,0,0,12
898,1552,2.76923,180,100,45,0,0,0,0,0,0,0,0,20
899,1576,2.49231,162,100,47,0,0,0,0,0,0,0,0,18
900,1312,2.75806,171,100,43,0,0,0,0,0,0,0,0,19
901,1502,2.71212,179,100,46,0,0,0,0,0,0,0,1,19
902,1464,2.90323,180,100,42,0,0,0,0,0,0,0,0,20
903,1570,3.81356,225,100,34,0,0,0,0,0,0,0,0,25
904,1494,3.48387,216,100,38,0,0,0,0,0,0,0,0,24
905,1296,3.41379,198,100,36,0,0,0,0,0,0,0,0,22
906,1446,3.68852,225,100,36,0,0,0,0,0,0,0,0,25
907,1590,3.71429,234,100,37,0,0,0,0,0,0,0,0,26
908,1652,4,252,100,35,0,0,0,0,0,0,0,0,28
909,1248,3.28571,207,100,40,0,0,0,0,0,0,0,0,23
910,1392,3.71429,234,100,37,0,0,0,0,0,0,0,0,26
911,1282,2.77941,189,100,47,0,0,0,0,0,0,0,0,21
912,1256,3.05085,180,100,39,0,0,0,0,0,0,0,0,20
913,1228,3.69643,207,100,33,0,0,0,0,0,0,0,0,23
914,1472,3.48387,216,100,38,0,0,0,0,0,0,0,0,24
915,1664,3.28571,207,100,40,0,0,0,0,0,0,0,0,23
916,1226,2.39062,153,100,47,0,0,0,0,0,0,0,0,17
917,1370,3.26154,212,100,41,0,0,0,0,1,0,0,0,23
918,1722,3.67692,239,100,38,0,0,0,0,1,0,0,0,26
919,1816,2.93651,185,100,42,0,0,0,0,1,0,0,0,20
920,2098,3.6,216,100,36,0,0,0,0,0,0,0,0,24
921,1588,4,252,100,35,0,0,0,0,0,0,0,0,28
922,1854,4.18966,243,100,31,0,0,0,0,0,0,0,0,27
923,1878,4.43103,257,100,29,0,0,0,0,1,0,0,0,28
924,2020,4.27586,248,100,30,0,0,0,0,1,0,0,0,27
925,2188,4.42308,230,100,26,0,0,0,0,1,0,0,0,25
926,2094,5,275,100,24,0,0,0,0,1,0,0,0,30
927,2142,4.67857,262,100,26,0,0,0,0,2,0,0,0,28
928,2414,4.19298,239,100,30,0,0,0,0,1,0,0,0,26
929,2346,3.83333,207,100,31,0,0,0,0,0,0,0,0,23
930,2390,3.47368,198,100,35,0,0,0,0,0,0,0,0,22
931,3000,3.65625,234,100,38,0,0,0,0,0,0,0,0,26
932,2648,3.9661,234,100,33,0,0,0,0,0,0,0,0,26
933,1916,3.3,198,100,38,0,0,0,0,0,0,0,0,22
934,2110,3.45,207,100,37,0,0,0,0,0,0,0,0,23
935,2064,3.33871,207,100,39,0,0,0,0,0,0,0,0,23
936,2522,3.85714,243,100,36,0,0,0,0,0,0,0,0,27
937,2296,3.78947,216,100,33,0,0,0,0,0,0,0,0,24
938,2000,4.83333,261,100,25,0,0,0,0,0,0,0,0,29
939,1710,3.25862,189,100,37,0,0,0,0,0,0,0,0,21
940,1934,4.41818,243,100,28,0,0,0,0,0,0,0,0,27
941,2286,4.35484,270,100,32,0,0,0,0,0,0,0,0,30
942,1958,4.13333,248,100,32,0,0,0,0,1,0,0,0,27
943,2056,4.42373,261,100,30,0,0,0,0,0,0,0,0,29
944,2144,4.5,261,100,29,0,0,0,0,0,0,0,0,29
945,2000,4.41818,243,100,28,0,0,0,0,0,0,0,0,27
946,2072,4.33929,243,100,29,0,0,0,0,0,0,0,0,27
947,1668,3.47368,198,100,35,0,0,0,0,0,0,0,0,22
948,1736,3.10909,171,100,36,0,0,0,0,0,0,0,0,19
949,1582,3.31579,189,100,36,0,0,0,0,0,0,0,0,21
950,1716,2.73214,153,100,39,0,0,0,0,0,0,0,0,17
951,1648,2.41071,135,100,41,0,0,0,0,0,0,0,0,15
952,1682,3,171,100,38,0,0,0,0,0,0,0,0,19
953,1594,2.75806,171,100,43,0,0,0,0,0,0,0,0,19
954,2078,2.90323,180,100,42,0,0,0,0,0,0,0,0,20
955,1894,2.65574,162,100,43,0,0,0,0,0,0,0,0,18
956,1640,3.05085,180,100,39,0,0,0,0,0,0,0,0,20
957,1516,3.20339,189,100,38,0,0,0,0,0,0,0,0,21
958,1456,3.375,189,100,35,0,0,0,0,0,0,0,0,21
959,1430,2.90323,180,100,42,0,0,0,0,0,0,0,0,20
960,1376,2.85,171,100,41,0,0,0,0,0,0,0,0,19
961,1584,3.28571,207,100,40,0,0,0,0,0,0,0,0,23
962,1254,2.12727,117,100,42,0,0,0,0,0,0,0,0,13
963,1594,1.91803,117,100,48,0,0,0,0,0,0,0,0,13
964,1542,1.82812,117,100,51,0,0,0,0,0,0,0,0,13
965,1556,2.68421,153,100,40,0,0,0,0,0,0,0,0,17
966,1604,2.46774,153,100,45,0,0,0,0,0,0,0,0,17
967,1442,2.05263,117,100,44,0,0,0,0,0,0,0,0,13
968,1300,3.22642,171,100,34,0,0,0,0,0,0,0,0,19
969,1512,3,189,100,42,0,0,0,0,0,0,0,0,21
970,1386,3.31579,189,100,36,0,0,0,0,0,0,0,0,21
971,1804,2.89831,171,100,40,0,0,0,0,0,0,0,0,19
972,2074,3.87931,225,100,33,0,0,0,0,0,0,0,0,25
973,1982,3.63158,207,100,34,0,0,0,0,0,0,0,0,23
974,1706,3.87931,225,100,33,0,0,0,0,0,0,0,0,25
975,1724,2.95082,180,100,41,0,0,0,0,0,0,0,0,20
976,1732,3.05357,171,100,37,0,0,0,0,0,0,0,0,19
977,1802,4.10526,234,100,31,0,0,0,0,0,0,0,0,26
978,1934,4.11864,243,100,32,0,0,0,0,0,0,0,0,27
979,1832,4.24528,225,100,28,0,0,0,0,0,0,0,0,25
980,1732,3.98361,243,100,34,0,0,0,0,0,0,0,0,27
981,2272,3.91935,243,100,35,0,0,0,0,0,0,0,0,27
982,2280,4.5,234,100,26,0,0,0,0,0,0,0,0,26
983,2310,3.46154,180,100,32,0,0,0,0,0,0,0,0,20
984,2362,3.43636,189,100,34,0,0,0,0,0,0,0,0,21
985,2162,3.14286,176,100,36,0,0,0,0,1,0,0,0,19
986,2452,3.31579,189,100,36,0,0,0,0,0,0,0,0,21
987,2690,3,198,100,44,0,0,0,0,0,0,0,0,22
988,2822,2.5082,153,100,44,0,0,0,0,0,0,0,0,17
989,2876,2.65574,162,100,43,0,0,0,0,0,0,0,0,18
990,3062,3.21429,180,100,36,0,0,0,0,0,0,0,0,20
991,2842,3.72414,216,100,34,0,0,0,0,0,0,0,0,24
992,2400,3.41379,198,100,36,0,0,0,0,0,0,0,0,22
993,2372,3.375,189,100,35,0,0,0,0,0,0,0,0,21
994,2666,2.16667,117,100,41,0,0,0,0,0,0,0,0,13
995,3148,2.52632,144,100,41,0,0,0,0,0,0,0,0,16
996,2962,1.89474,108,100,45,0,0,0,0,0,0,0,0,12
997,2102,1.83051,108,100,47,0,0,0,0,0,0,0,0,12
998,2242,1.47541,90,100,51,0,0,0,0,0,0,0,0,10
999,2214,1.90909,126,100,52,0,0,0,0,0,0,0,0,14
