update,points,mean_tasks,total_tasks,total_orgs,task_0,task_1,task_2,task_3,task_4,task_5,task_6,task_7,task_8,task_9
0,0,nan,0,8,0,0,0,0,0,0,0,0,0,0
1,10,0,0,8,5,0,0,0,0,0,0,0,0,0
2,58,0,0,9,6,0,0,0,0,0,0,0,0,0
3,44,0,0,10,7,0,0,0,0,0,0,0,0,0
4,78,0,0,11,8,0,0,0,0,0,0,0,0,0
5,66,0,0,12,10,0,0,0,0,0,0,0,0,0
6,146,0.818182,9,14,10,0,0,0,0,0,0,0,0,1
7,122,0.692308,9,16,12,0,0,0,0,0,0,0,0,1
8,134,0.692308,9,17,12,0,0,0,0,0,0,0,0,1
9,126,0.6,9,17,14,0,0,0,0,0,0,0,0,1
10,158,0.5625,9,19,15,0,0,0,0,0,0,0,0,1
11,290,1.125,18,20,14,0,0,0,0,0,0,0,0,2
12,320,1.05882,18,22,15,0,0,0,0,0,0,0,0,2
13,270,1.125,18,23,14,0,0,0,0,0,0,0,0,2
14,270,1,18,26,16,0,0,0,0,0,0,0,0,2
15,364,1.56522,36,29,19,0,0,0,0,0,0,0,0,4
16,614,1.44,36,31,21,0,0,0,0,0,0,0,0,4
17,772,1.08,27,34,22,0,0,0,0,0,0,0,0,3
18,734,1.38462,36,37,22,0,0,0,0,0,0,0,0,4
19,916,1.86207,54,39,23,0,0,0,0,0,0,0,0,6
20,928,1.60714,45,42,23,0,0,0,0,0,0,0,0,5
21,860,2.03226,63,45,24,0,0,0,0,0,0,0,0,7
22,1094,2.64706,90,49,24,0,0,0,0,0,0,0,0,10
23,932,2.31429,81,53,26,0,0,0,0,0,0,0,0,9
24,862,1.575,63,57,33,0,0,0,0,0,0,0,0,7
25,1316,1.88372,81,60,34,0,0,0,0,0,0,0,0,9
26,1328,2.04545,90,65,34,0,0,0,0,0,0,0,0,10
27,1254,1.7234,81,72,38,0,0,0,0,0,0,0,0,9
28,1616,2.11765,108,77,39,0,0,0,0,0,0,0,0,12
29,2062,1.73077,90,82,42,0,0,0,0,0,0,0,0,10
30,1234,1.5,81,86,45,0,0,0,0,0,0,0,0,9
31,1472,1.83051,108,90,47,0,0,0,0,0,0,0,0,12
32,1374,1.42105,81,92,48,0,0,0,0,0,0,0,0,9
33,1618,1.7069,99,94,47,0,0,0,0,0,0,0,0,11
34,1932,2.5082,153,97,44,0,0,0,0,0,0,0,0,17
35,1372,2.7,162,98,42,0,0,0,0,0,0,0,0,18
36,990,2.7931,162,98,40,0,0,0,0,0,0,0,0,18
37,1364,2.90323,180,99,42,0,0,0,0,0,0,0,0,20
38,1590,3.6,198,100,33,0,0,0,0,0,0,0,0,22
39,1330,3.10345,180,100,38,0,0,0,0,0,0,0,0,20
40,1712,4.03448,234,100,32,0,0,0,0,0,0,0,0,26
41,1440,4.09091,225,100,30,0,0,0,0,0,0,0,0,25
42,1454,3.9,234,100,34,0,0,0,0,0,0,0,0,26
43,1120,3.83333,207,100,31,0,0,0,0,0,0,0,0,23
44,1082,3.28846,171,100,33,0,0,0,0,0,0,0,0,19
45,956,2.83333,153,100,37,0,0,0,0,0,0,0,0,17
46,932,3.25862,189,100,37,0,0,0,0,0,0,0,0,21
47,948,3.10909,171,100,36,0,0,0,0,0,0,0,0,19
48,896,2.89831,171,100,40,0,0,0,0,0,0,0,0,19
49,982,2.67188,171,100,45,0,0,0,0,0,0,0,0,19
50,1190,3.48387,216,100,38,0,0,0,0,0,0,0,0,24
51,1086,2.8125,180,100,44,0,0,0,0,0,0,0,0,20
52,1146,3.04615,198,100,43,0,0,0,0,0,0,0,0,22
53,1112,3.26984,206,100,40,0,0,0,0,0,0,0,1,22
54,1132,3.54098,216,100,37,0,0,0,0,0,0,0,0,24
55,1110,3.56897,207,100,35,0,0,0,0,0,0,0,0,23
56,972,3.15,189,100,39,0,0,0,0,0,0,0,0,21
57,1078,3.6,216,100,36,0,0,0,0,0,0,0,0,24
58,1282,3.33871,207,100,39,0,0,0,0,0,0,0,0,23
59,1182,3.35593,198,100,37,0,0,0,0,0,0,0,0,22
60,1398,3.25862,189,100,37,0,0,0,0,0,0,0,0,21
61,1336,3.19355,198,100,40,0,0,0,0,0,0,0,0,22
62,1156,2.67188,171,100,45,0,0,0,0,0,0,0,0,19
63,1190,2.65574,162,100,43,0,0,0,0,0,0,0,0,18
64,1102,2.89831,171,100,40,0,0,0,0,0,0,0,0,19
65,1404,3.83333,207,100,31,0,0,0,0,0,0,0,0,23
66,1728,3.83607,234,100,35,0,0,0,0,0,0,0,0,26
67,1324,3.52941,180,100,31,0,0,0,0,0,0,0,0,20
68,1236,2.7,162,100,42,0,0,0,0,0,0,0,0,18
69,1456,3.45,207,100,37,0,0,0,0,0,0,0,0,23
70,1262,2.42857,153,100,46,0,0,0,0,0,0,0,0,17
71,1640,3.71429,234,100,37,0,0,0,0,0,0,0,0,26
72,1464,2.90323,180,100,42,0,0,0,0,0,0,0,0,20
73,1480,3.39344,207,100,38,0,0,0,0,0,0,0,0,23
74,1454,3.20339,189,100,38,0,0,0,0,0,0,0,0,21
75,1266,3.20339,189,100,38,0,0,0,0,0,0,0,0,21
76,1368,3.51562,225,100,39,0,0,0,0,0,0,0,0,25
77,1610,3.375,216,100,40,0,0,0,0,0,0,0,0,24
78,1228,3.25862,189,100,37,0,0,0,0,0,0,0,0,21
79,1266,2.73214,153,100,39,0,0,0,0,0,0,0,0,17
80,1478,3.3,198,100,38,0,0,0,0,0,0,0,0,22
81,1310,3.66102,216,100,35,0,0,0,0,0,0,0,0,24
82,1176,3.28571,207,100,40,0,0,0,0,0,0,0,0,23
83,1146,3.31579,189,100,36,0,0,0,0,0,0,0,0,21
84,1190,3.66102,216,100,35,0,0,0,0,0,0,0,0,24
85,1410,2.57143,162,100,45,0,0,0,0,0,0,0,0,18
86,1420,2.53125,162,100,46,0,0,0,0,0,0,0,0,18
87,1322,2.46774,153,100,45,0,0,0,0,0,0,0,0,17
88,1576,3.09375,198,100,42,0,0,0,0,0,0,0,0,22
89,1436,2.8125,180,100,44,0,0,0,0,0,0,0,0,20
90,1784,3.35821,225,100,42,0,0,0,0,0,0,0,0,25
91,1930,4.11864,243,100,32,0,0,0,0,0,0,0,0,27
92,1398,3.69643,207,100,33,0,0,0,0,0,0,0,0,23
93,1422,3.10345,180,100,38,0,0,0,0,0,0,0,0,20
94,1550,3.69643,207,100,33,0,0,0,0,0,0,0,0,23
95,1596,4.59259,248,100,26,0,0,0,0,1,0,0,0,27
96,1772,3.22222,203,100,40,0,0,0,0,1,0,0,0,22
97,2040,3.98361,243,100,34,0,0,0,0,0,0,0,0,27
98,2110,4.11864,243,100,32,0,0,0,0,0,0,0,0,27
99,2118,3.63158,207,100,34,0,0,0,0,0,0,0,0,23
100,2322,4.10526,234,100,31,0,0,0,0,0,0,0,0,26
101,2868,5.58491,296,100,20,0,0,0,0,0,0,0,1,32
102,2902,4.66071,261,100,27,0,0,0,0,0,0,0,0,29
103,2882,5.43396,288,100,21,0,0,0,0,0,0,0,0,32
104,2624,5.07018,289,100,24,0,0,0,0,2,0,0,0,31
105,1706,4.51852,244,100,26,0,0,0,0,2,0,0,0,26
106,1656,3.14286,176,100,36,0,0,0,0,1,0,0,0,19
107,2168,4.27119,252,100,31,0,0,0,0,0,0,0,0,28
108,1652,3.55738,217,100,36,0,0,0,0,2,0,0,0,23
109,1328,2.52542,149,100,42,0,0,0,0,1,0,0,0,16
110,1620,3.81356,225,100,34,0,0,0,0,0,0,0,0,25
111,1786,3.48387,216,100,38,0,0,0,0,0,0,0,0,24
112,2134,3.79688,243,100,37,0,0,0,0,0,0,0,0,27
113,2286,3.78947,216,100,33,0,0,0,0,0,0,0,0,24
114,2294,4.5,243,100,27,0,0,0,0,0,0,0,0,27
115,2442,4.26316,243,100,30,0,0,0,0,0,0,0,0,27
116,2454,4.16667,225,100,29,0,0,0,0,0,0,0,0,25
117,2032,5.14286,288,100,24,0,0,0,0,0,0,0,0,32
118,1572,3.76364,207,100,32,0,0,0,0,0,0,0,0,23
119,1740,4.10526,234,100,31,0,0,0,0,0,0,0,0,26
120,1560,3.9,234,100,34,0,0,0,0,0,0,0,0,26
121,1656,4.2,252,100,32,0,0,0,0,0,0,0,0,28
122,1460,4.42105,252,100,29,0,0,0,0,0,0,0,0,28
123,1880,5.33333,288,100,22,0,0,0,0,0,0,0,0,32
124,1904,4.79032,297,100,29,0,0,0,0,0,0,0,0,33
125,2102,4.88136,288,100,27,0,0,0,0,0,0,0,0,32
126,1844,4.64516,288,100,30,0,0,0,0,0,0,0,0,32
127,1830,4.13115,252,100,33,0,0,0,0,0,0,0,0,28
128,1972,4.8,288,100,28,0,0,0,0,0,0,0,0,32
129,2114,4.35938,279,100,33,0,0,0,0,0,0,0,0,31
130,2174,4.35,261,100,31,0,0,0,0,0,0,0,0,29
131,2026,3.9,234,100,34,0,0,0,0,0,0,0,0,26
132,2338,4.5,261,100,29,0,0,0,0,0,0,0,0,29
133,2396,4.13115,252,100,33,0,0,0,0,0,0,0,0,28
134,2850,4.65517,270,100,28,0,0,0,0,0,0,0,0,30
135,2722,3.3,198,100,38,0,0,0,0,0,0,0,0,22
136,1810,3.45,207,100,37,0,0,0,0,0,0,0,0,23
137,2018,3.72414,216,100,34,0,0,0,0,0,0,0,0,24
138,1532,3.94737,225,100,32,0,0,0,0,0,0,0,0,25
139,1562,3.25862,189,100,37,0,0,0,0,0,0,0,0,21
140,1418,3.41379,198,100,36,0,0,0,0,0,0,0,0,22
141,1740,4.65,279,100,29,0,0,0,0,0,0,0,0,31
142,1674,4.5,252,100,28,0,0,0,0,0,0,0,0,28
143,1356,4.25455,234,100,29,0,0,0,0,0,0,0,0,26
144,1350,4.58491,243,100,26,0,0,0,0,0,0,0,0,27
145,1374,4.5,252,100,28,0,0,0,0,0,0,0,0,28
146,1426,4.18966,243,100,31,0,0,0,0,0,0,0,0,27
147,1322,3.50847,207,100,36,0,0,0,0,0,0,0,0,23
148,1120,3.10909,171,100,36,0,0,0,0,0,0,0,0,19
149,1354,3.19355,198,100,40,0,0,0,0,0,0,0,0,22
150,1438,3.62903,225,100,37,0,0,0,0,0,0,0,0,25
151,1312,3.62903,225,100,37,0,0,0,0,0,0,0,0,25
152,1394,4.2,252,100,32,0,0,0,0,0,0,0,0,28
153,1600,4.14286,261,100,34,0,0,0,0,0,0,0,0,29
154,1406,4.89474,279,100,26,0,0,0,0,0,0,0,0,31
155,1228,4.5,261,100,29,0,0,0,0,0,0,0,0,29
156,1362,4.42857,279,100,32,0,0,0,0,0,0,0,0,31
157,1346,4.01538,261,100,36,0,0,0,0,0,0,0,0,29
158,1476,4.35938,279,100,33,0,0,0,0,0,0,0,0,31
159,1386,3.9,234,100,34,0,0,0,0,0,0,0,0,26
160,1670,4.11864,243,100,32,0,0,0,0,0,0,0,0,27
161,1412,3.54098,216,100,37,0,0,0,0,0,0,0,0,24
162,1400,4,216,100,30,0,0,0,0,0,0,0,0,24
163,1592,4.5,243,100,27,0,0,0,0,0,0,0,0,27
164,1500,4.41509,234,100,27,0,0,0,0,0,0,0,0,26
165,1384,5.29412,270,100,21,0,0,0,0,0,0,0,0,30
166,1628,5.21053,297,100,24,0,0,0,0,0,0,0,0,33
167,1598,4.96552,288,100,26,0,0,0,0,0,0,0,0,32
168,1632,5.30357,297,100,23,0,0,0,0,0,0,0,0,33
169,1494,4.5,279,100,31,0,0,0,0,0,0,0,0,31
170,1544,5.33898,315,100,24,0,0,0,0,0,0,0,0,35
171,1274,4.89474,279,100,26,0,0,0,0,0,0,0,0,31
172,1578,4.85714,306,100,29,0,0,0,0,0,0,0,0,34
173,1678,5.85,351,100,21,0,0,0,0,0,0,0,0,39
174,1542,5.4,324,100,24,0,0,0,0,0,0,0,0,36
175,1368,5.55,333,100,23,0,0,0,0,0,0,0,0,37
176,1690,5.86364,387,100,23,0,0,0,0,0,0,0,0,43
177,1530,5.18644,306,100,25,0,0,0,0,0,0,0,0,34
178,1798,4.84615,315,100,30,0,0,0,0,0,0,0,0,35
179,1674,5.7,342,100,22,0,0,0,0,0,0,0,0,38
180,1914,5.20312,333,100,27,0,0,0,0,0,0,0,0,37
181,1736,6,360,100,20,0,0,0,0,0,0,0,0,40
182,1636,6.04688,387,100,21,0,0,0,0,0,0,0,0,43
183,1714,5.80645,360,100,22,0,0,0,0,0,0,0,0,40
184,1698,5.71429,360,100,23,0,0,0,0,0,0,0,0,40
185,1828,5.7541,351,100,22,0,0,0,0,0,0,0,0,39
186,1764,5.58621,324,100,22,0,0,0,0,0,0,0,0,36
187,1806,5.80645,360,100,22,0,0,0,0,0,0,0,0,40
188,1732,5.34375,342,100,26,0,0,0,0,0,0,0,0,38
189,1638,6.40351,365,100,16,0,0,0,0,1,0,0,0,40
190,1412,6.25424,369,100,18,0,0,0,0,0,0,0,0,41
191,1380,6.38182,351,100,16,0,0,0,0,0,0,0,0,39
192,1440,5.57143,351,100,24,0,0,0,0,0,0,0,0,39
193,1122,5.625,315,100,21,0,0,0,0,0,0,0,0,35
194,1170,5.7,342,100,22,0,0,0,0,0,0,0,0,38
195,1304,5.16393,315,100,26,0,0,0,0,0,0,0,0,35
196,1482,5.85714,369,100,22,0,0,0,0,0,0,0,0,41
197,1206,6.38182,351,100,16,0,0,0,0,0,0,0,0,39
198,1372,5.25,315,100,25,0,0,0,0,0,0,0,0,35
199,1360,4.43077,288,100,33,0,0,0,0,0,0,0,0,32
200,1306,4.65517,270,100,28,0,0,0,0,0,0,0,0,30
201,1250,4.26316,243,100,30,0,0,0,0,0,0,0,0,27
202,1374,3.87931,225,100,33,0,0,0,0,0,0,0,0,25
203,1330,4.73684,270,100,27,0,0,0,0,0,0,0,0,30
204,1390,5.94643,333,100,19,0,0,0,0,0,0,0,0,37
205,1360,5.94643,333,100,19,0,0,0,0,0,0,0,0,37
206,1550,5.16393,315,100,26,0,0,0,0,0,0,0,0,35
207,1690,5.33898,315,100,24,0,0,0,0,0,0,0,0,35
208,1690,5.52632,315,100,22,0,0,0,0,0,0,0,0,35
209,1768,5.72727,315,100,20,0,0,0,0,0,0,0,0,35
210,2200,5.625,315,100,21,0,0,0,0,0,0,0,0,35
211,2252,5.28571,333,100,26,0,0,0,0,0,0,0,0,37
212,2360,5.7,342,100,22,0,0,0,0,0,0,0,0,38
213,2014,5.625,315,100,21,0,0,0,0,0,0,0,0,35
214,1962,5.74138,333,100,21,0,0,0,0,0,0,0,0,37
215,2068,5.49153,324,100,23,0,0,0,0,0,0,0,0,36
216,1798,5.36842,306,100,23,0,0,0,0,0,0,0,0,34
217,1758,6.62264,351,100,14,0,0,0,0,0,0,0,0,39
218,1862,6.10714,342,100,18,0,0,0,0,0,0,0,0,38
219,2136,6.82759,396,100,14,0,0,0,0,0,0,0,0,44
220,1938,5.5,297,100,21,0,0,0,0,0,0,0,0,33
221,2054,5.88462,306,100,18,0,0,0,0,0,0,0,0,34
222,2192,6.05455,333,100,18,0,0,0,0,0,0,0,0,37
223,2228,6.3,315,100,15,0,0,0,0,0,0,0,0,35
224,1864,6.48,324,100,14,0,0,0,0,0,0,0,0,36
225,2070,6.58929,369,100,15,0,0,0,0,0,0,0,0,41
226,2292,7.23529,369,100,10,0,0,0,0,0,0,0,0,41
227,1634,6.28302,333,100,16,0,0,0,0,0,0,0,0,37
228,1636,5.33333,288,100,22,0,0,0,0,0,0,0,0,32
229,2070,5.68421,324,100,21,0,0,0,0,0,0,0,0,36
230,2084,5.78571,324,100,20,0,0,0,0,0,0,0,0,36
231,1876,5.33898,315,100,24,0,0,0,0,0,0,0,0,35
232,2022,4.89474,279,100,26,0,0,0,0,0,0,0,0,31
233,1504,5.89655,342,100,20,0,0,0,0,0,0,0,0,38
234,1624,4.92188,315,100,29,0,0,0,0,0,0,0,0,35
235,1658,4.57377,279,100,30,0,0,0,0,0,0,0,0,31
236,1342,4.20968,261,100,33,0,0,0,0,0,0,0,0,29
237,1414,4.14286,261,100,34,0,0,0,0,0,0,0,0,29
238,2044,5.33898,315,100,24,0,0,0,0,0,0,0,0,35
239,1784,5.07273,279,100,24,0,0,0,0,0,0,0,0,31
240,1880,4.66071,261,100,27,0,0,0,0,0,0,0,0,29
241,1920,5.21053,297,100,24,0,0,0,0,0,0,0,0,33
242,1694,4.89474,279,100,26,0,0,0,0,0,0,0,0,31
243,1534,5.30357,297,100,23,0,0,0,0,0,0,0,0,33
244,1380,4.86885,297,100,28,0,0,0,0,0,0,0,0,33
245,1334,5.33898,315,100,24,0,0,0,0,0,0,0,0,35
246,1404,4.57377,279,100,30,0,0,0,0,0,0,0,0,31
247,1402,4.96552,288,100,26,0,0,0,0,0,0,0,0,32
248,1560,5.55,333,100,23,0,0,0,0,0,0,0,0,37
249,1680,5.31148,324,100,25,0,0,0,0,0,0,0,0,36
250,1508,4.8,288,100,28,0,0,0,0,0,0,0,0,32
251,1432,4.5,270,100,30,0,0,0,0,0,0,0,0,30
252,1460,5.05263,288,100,25,0,0,0,0,0,0,0,0,32
253,1468,5.0339,297,100,26,0,0,0,0,0,0,0,0,33
254,1414,4.81034,279,100,27,0,0,0,0,0,0,0,0,31
255,1536,4.73684,270,100,27,0,0,0,0,0,0,0,0,30
256,1628,5.25,315,100,25,0,0,0,0,0,0,0,0,35
257,1610,4.5,279,100,31,0,0,0,0,0,0,0,0,31
258,1736,4.21875,270,100,34,0,0,0,0,0,0,0,0,30
259,1454,4.41818,243,100,28,0,0,0,0,0,0,0,0,27
260,1396,4.5,252,100,28,0,0,0,0,0,0,0,0,28
261,1274,4.10526,234,100,31,0,0,0,0,0,0,0,0,26
262,1284,3.62903,225,100,37,0,0,0,0,0,0,0,0,25
263,1350,4.35,261,100,31,0,0,0,0,0,0,0,0,29
264,1376,4.06452,252,100,34,0,0,0,0,0,0,0,0,28
265,1676,4.86885,297,100,28,0,0,0,0,0,0,0,0,33
266,1550,4.72881,279,100,28,0,0,0,0,0,0,0,0,31
267,1192,4.35,261,100,31,0,0,0,0,0,0,0,0,29
268,1464,4.28571,270,100,33,0,0,0,0,0,0,0,0,30
269,1488,4.01538,261,100,36,0,0,0,0,0,0,0,0,29
270,1494,4.18966,243,100,31,0,0,0,0,0,0,0,0,27
271,1572,5.16393,315,100,26,0,0,0,0,0,0,0,0,35
272,1476,4.8,288,100,28,0,0,0,0,0,0,0,0,32
273,1376,5.36842,306,100,23,0,0,0,0,0,0,0,0,34
274,1446,5.4,351,100,26,0,0,0,0,0,0,0,0,39
275,1236,4.35,261,100,31,0,0,0,0,0,0,0,0,29
276,1260,4.35,261,100,31,0,0,0,0,0,0,0,0,29
277,1218,4.35484,270,100,32,0,0,0,0,0,0,0,0,30
278,1264,4.64062,297,100,31,0,0,0,0,0,0,0,0,33
279,1514,4.64062,297,100,31,0,0,0,0,0,0,0,0,33
280,1416,4.93548,306,100,28,0,0,0,0,0,0,0,0,34
281,1618,5.08065,315,100,27,0,0,0,0,0,0,0,0,35
282,1400,4.07812,261,100,35,0,0,0,0,0,0,0,0,29
283,1500,4.5,288,100,32,0,0,0,0,0,0,0,0,32
284,1314,4.42373,261,100,30,0,0,0,0,0,0,0,0,29
285,1476,5.05263,288,100,25,0,0,0,0,0,0,0,0,32
286,1500,5.74138,333,100,21,0,0,0,0,0,0,0,0,37
287,1584,5.33898,315,100,24,0,0,0,0,0,0,0,0,35
288,1372,4.89474,279,100,26,0,0,0,0,0,0,0,0,31
289,1300,4.83333,261,100,25,0,0,0,0,0,0,0,0,29
290,1222,4.5,261,100,29,0,0,0,0,0,0,0,0,29
291,948,4.03448,234,100,32,0,0,0,0,0,0,0,0,26
292,1250,3.9,234,100,34,0,0,0,0,0,0,0,0,26
293,1128,4.25455,234,100,29,0,0,0,0,0,0,0,0,26
294,1116,4.5,234,100,26,0,0,0,0,0,0,0,0,26
295,1338,4.73684,270,100,27,0,0,0,0,0,0,0,0,30
296,1310,4.5,270,100,30,0,0,0,0,0,0,0,0,30
297,1082,3.81356,225,100,34,0,0,0,0,0,0,0,0,25
298,1220,5.18644,306,100,25,0,0,0,0,0,0,0,0,34
299,1168,4.5,252,100,28,0,0,0,0,0,0,0,0,28
300,1232,4.65517,270,100,28,0,0,0,0,0,0,0,0,30
301,1678,5.51613,342,100,24,0,0,0,0,0,0,0,0,38
302,1444,5.68421,324,100,21,0,0,0,0,0,0,0,0,36
303,1216,5.71154,297,100,19,0,0,0,0,0,0,0,0,33
304,1266,5.53846,288,100,20,0,0,0,0,0,0,0,0,32
305,1218,5.01639,306,100,27,0,0,0,0,0,0,0,0,34
306,1476,5.1,306,100,26,0,0,0,0,0,0,0,0,34
307,1658,5.84211,333,100,20,0,0,0,0,0,0,0,0,37
308,1216,5.29412,270,100,21,0,0,0,0,0,0,0,0,30
309,1530,5.43103,315,100,23,0,0,0,0,0,0,0,0,35
310,1492,5.12069,297,100,25,0,0,0,0,0,0,0,0,33
311,1412,4.90909,270,100,25,0,0,0,0,0,0,0,0,30
312,1766,5.25,315,100,25,0,0,0,0,0,0,0,0,35
313,1510,4.01786,225,100,31,0,0,0,0,0,0,0,0,25
314,1766,5.58621,324,100,22,0,0,0,0,0,0,0,0,36
315,1870,5.36842,306,100,23,0,0,0,0,0,0,0,0,34
316,1806,5.49153,324,100,23,0,0,0,0,0,0,0,0,36
317,1802,5.52632,315,100,22,0,0,0,0,0,0,0,0,35
318,1638,5.22,261,100,21,0,0,0,0,0,0,0,0,29
319,2038,6.11321,324,100,17,0,0,0,0,0,0,0,0,36
320,1776,6.21818,342,100,17,0,0,0,0,0,0,0,0,38
321,1654,5.60377,297,100,20,0,0,0,0,0,0,0,0,33
322,1680,5.77358,306,100,19,0,0,0,0,0,0,0,0,34
323,1624,5.46429,306,100,22,0,0,0,0,0,0,0,0,34
324,1602,4.74545,261,100,26,0,0,0,0,0,0,0,0,29
325,1286,4.90909,270,100,25,0,0,0,0,0,0,0,0,30
326,1320,4,252,100,35,0,0,0,0,0,0,0,0,28
327,1390,4.01538,261,100,36,0,0,0,0,0,0,0,0,29
328,1158,4.58182,252,100,27,0,0,0,0,0,0,0,0,28
329,1440,5.625,315,100,21,0,0,0,0,0,0,0,0,35
330,1290,4.57627,270,100,29,0,0,0,0,0,0,0,0,30
331,1252,4.82143,270,100,26,0,0,0,0,0,0,0,0,30
332,1504,5.58621,324,100,22,0,0,0,0,0,0,0,0,36
333,1510,6.11321,324,100,17,0,0,0,0,0,0,0,0,36
334,1844,5.45902,333,100,24,0,0,0,0,0,0,0,0,37
335,1484,5.25,315,100,25,0,0,0,0,0,0,0,0,35
336,1952,5.94643,333,100,19,0,0,0,0,0,0,0,0,37
337,1918,5.43103,315,100,23,0,0,0,0,0,0,0,0,35
338,1962,5.4,324,100,24,0,0,0,0,0,0,0,0,36
339,1900,5.89655,342,100,20,0,0,0,0,0,0,0,0,38
340,2022,6.10714,342,100,18,0,0,0,0,0,0,0,0,38
341,1596,5.60656,342,100,23,0,0,0,0,0,0,0,0,38
342,1384,4.82143,270,100,26,0,0,0,0,0,0,0,0,30
343,1612,5.53846,288,100,20,0,0,0,0,0,0,0,0,32
344,1862,5.84211,333,100,20,0,0,0,0,0,0,0,0,37
345,1654,5.36538,279,100,21,0,0,0,0,0,0,0,0,31
346,1292,5,270,100,24,0,0,0,0,0,0,0,0,30
347,1310,5.60377,297,100,20,0,0,0,0,0,0,0,0,33
348,1454,5.36842,306,100,23,0,0,0,0,0,0,0,0,34
349,1362,4.5,270,100,30,0,0,0,0,0,0,0,0,30
350,1232,4.74545,261,100,26,0,0,0,0,0,0,0,0,29
351,1332,5.25,315,100,25,0,0,0,0,0,0,0,0,35
352,1314,4.95,297,100,27,0,0,0,0,0,0,0,0,33
353,1462,5.22581,324,100,26,0,0,0,0,0,0,0,0,36
354,1320,3.98361,243,100,34,0,0,0,0,0,0,0,0,27
355,1222,3.85714,243,100,36,0,0,0,0,0,0,0,0,27
356,1330,3.83607,234,100,35,0,0,0,0,0,0,0,0,26
357,1354,4.72881,279,100,28,0,0,0,0,0,0,0,0,31
358,1388,5.14286,288,100,24,0,0,0,0,0,0,0,0,32
359,1376,5.37097,333,100,25,0,0,0,0,0,0,0,0,37
360,1458,5.08065,315,100,27,0,0,0,0,0,0,0,0,35
361,1582,5.60656,342,100,23,0,0,0,0,0,0,0,0,38
362,1582,5.28571,333,100,26,0,0,0,0,0,0,0,0,37
363,1480,4.96552,288,100,26,0,0,0,0,0,0,0,0,32
364,1656,5.1,306,100,26,0,0,0,0,0,0,0,0,34
365,1638,4.95,297,100,27,0,0,0,0,0,0,0,0,33
366,1654,4.98214,279,100,25,0,0,0,0,0,0,0,0,31
367,1752,5.21053,297,100,24,0,0,0,0,0,0,0,0,33
368,2082,5.45902,333,100,24,0,0,0,0,0,0,0,0,37
369,1848,4.65,279,100,29,0,0,0,0,0,0,0,0,31
370,1496,5.12069,297,100,25,0,0,0,0,0,0,0,0,33
371,1484,4,252,100,35,0,0,0,0,0,0,0,0,28
372,1242,4.13115,252,100,33,0,0,0,0,0,0,0,0,28
373,1510,4.64516,288,100,30,0,0,0,0,0,0,0,0,32
374,1522,5.14286,324,100,27,0,0,0,0,0,0,0,0,36
375,1910,5.85,351,100,21,0,0,0,0,0,0,0,0,39
376,1714,5.55,333,100,23,0,0,0,0,0,0,0,0,37
377,1606,4.85714,306,100,29,0,0,0,0,0,0,0,0,34
378,1588,5.08065,315,100,27,0,0,0,0,0,0,0,0,35
379,1824,5.18644,306,100,25,0,0,0,0,0,0,0,0,34
380,1454,5.25,315,100,25,0,0,0,0,0,0,0,0,35
381,1286,4,252,100,35,0,0,0,0,0,0,0,0,28
382,1684,4.70769,306,100,31,0,0,0,0,0,0,0,0,34
383,1386,4.89474,279,100,26,0,0,0,0,0,0,0,0,31
384,1636,5.79661,342,100,21,0,0,0,0,0,0,0,0,38
385,1724,4.70769,306,100,31,0,0,0,0,0,0,0,0,34
386,1496,5.36842,306,100,23,0,0,0,0,0,0,0,0,34
387,1274,4.81034,279,100,27,0,0,0,0,0,0,0,0,31
388,1350,4.78125,306,100,30,0,0,0,0,0,0,0,0,34
389,1336,4.78125,306,100,30,0,0,0,0,0,0,0,0,34
390,1294,4.27869,261,100,32,0,0,0,0,0,0,0,0,29
391,1506,5.39394,356,100,26,0,0,0,0,1,0,0,0,39
392,1434,4.85938,311,100,29,0,0,0,0,1,0,0,0,34
393,1476,5.14286,360,100,30,0,0,0,0,0,0,0,0,40
394,1344,5.28571,333,100,26,0,0,0,0,0,0,0,0,37
395,1262,5.80645,360,100,22,0,0,0,0,0,0,0,0,40
396,1318,4.57377,279,100,30,0,0,0,0,0,0,0,0,31
397,1558,4.42623,270,100,31,0,0,0,0,0,0,0,0,30
398,1434,4.2,252,100,32,0,0,0,0,0,0,0,0,28
399,1522,3.81356,225,100,34,0,0,0,0,0,0,0,0,25
400,1582,3.98361,243,100,34,0,0,0,0,0,0,0,0,27
401,1834,4.16418,279,100,36,0,0,0,0,0,0,0,0,31
402,1488,4.71429,297,100,30,0,0,0,0,0,0,0,0,33
403,1726,4.56923,297,100,32,0,0,0,0,0,0,0,0,33
404,1442,4.85714,306,100,29,0,0,0,0,0,0,0,0,34
405,1210,5.12069,297,100,25,0,0,0,0,0,0,0,0,33
406,1466,5.48438,351,100,25,0,0,0,0,0,0,0,0,39
407,1564,5.20312,333,100,27,0,0,0,0,0,0,0,0,37
408,1430,4.77273,315,100,31,0,0,0,0,0,0,0,0,35
409,1322,5.1,306,100,26,0,0,0,0,0,0,0,0,34
410,1444,4.79032,297,100,29,0,0,0,0,0,0,0,0,33
411,1462,5.16393,315,100,26,0,0,0,0,0,0,0,0,35
412,1586,4.57377,279,100,30,0,0,0,0,0,0,0,0,31
413,1848,4.22727,279,100,35,0,0,0,0,0,0,0,0,31
414,1716,4.35484,270,100,32,0,0,0,0,0,0,0,0,30
415,1556,3.9,234,100,34,0,0,0,0,0,0,0,0,26
416,1954,4.72881,279,100,28,0,0,0,0,0,0,0,0,31
417,1876,5.19231,270,100,22,0,0,0,0,0,0,0,0,30
418,2428,5.16393,315,100,26,0,0,0,0,0,0,0,0,35
419,2392,5.01639,306,100,27,0,0,0,0,0,0,0,0,34
420,1820,4.66071,261,100,27,0,0,0,0,0,0,0,0,29
421,2260,5.84211,333,100,20,0,0,0,0,0,0,0,0,37
422,2362,5.30357,297,100,23,0,0,0,0,0,0,0,0,33
423,2092,5.29412,270,100,21,0,0,0,0,0,0,0,0,30
424,2602,5.14286,288,100,24,0,0,0,0,0,0,0,0,32
425,2430,4.5,261,100,29,0,0,0,0,0,0,0,0,29
426,3114,5.64407,333,100,22,0,0,0,0,0,0,0,0,37
427,2816,5.9434,315,100,18,0,0,0,0,0,0,0,0,35
428,2890,5.94643,333,100,19,0,0,0,0,0,0,0,0,37
429,2458,5.52632,315,100,22,0,0,0,0,0,0,0,0,35
430,2714,5.26415,279,100,22,0,0,0,0,0,0,0,0,31
431,2258,5.22581,324,100,26,0,0,0,0,0,0,0,0,36
432,1958,4.57143,288,100,31,0,0,0,0,0,0,0,0,32
433,1712,5.45902,333,100,24,0,0,0,0,0,0,0,0,37
434,1900,4.93548,306,100,28,0,0,0,0,0,0,0,0,34
435,1734,4.65,279,100,29,0,0,0,0,0,0,0,0,31
436,1964,5.0339,297,100,26,0,0,0,0,0,0,0,0,33
437,1842,5.68421,324,100,21,0,0,0,0,0,0,0,0,36
438,2034,5.89655,342,100,20,0,0,0,0,0,0,0,0,38
439,1696,5.09434,270,100,23,0,0,0,0,0,0,0,0,30
440,1342,4.66071,261,100,27,0,0,0,0,0,0,0,0,29
441,1500,4.71429,297,100,30,0,0,0,0,0,0,0,0,33
442,1608,5.1,306,100,26,0,0,0,0,0,0,0,0,34
443,1376,5.1,306,100,26,0,0,0,0,0,0,0,0,34
444,1706,6,360,100,20,0,0,0,0,0,0,0,0,40
445,1534,5.90164,360,100,21,0,0,0,0,0,0,0,0,40
446,1342,6.26786,351,100,17,0,0,0,0,0,0,0,0,39
447,1510,6.70588,342,100,13,0,0,0,0,0,0,0,0,38
448,1368,5.66667,306,100,20,0,0,0,0,0,0,0,0,34
449,1426,6.26786,351,100,17,0,0,0,0,0,0,0,0,39
450,1502,6.16667,333,100,17,0,0,0,0,0,0,0,0,37
451,1554,5.74138,333,100,21,0,0,0,0,0,0,0,0,37
452,1692,5.625,315,100,21,0,0,0,0,0,0,0,0,35
453,1476,5.83333,315,100,19,0,0,0,0,0,0,0,0,35
454,1232,5.56364,306,100,21,0,0,0,0,0,0,0,0,34
455,1366,5.79661,342,100,21,0,0,0,0,0,0,0,0,38
456,1354,5.74138,333,100,21,0,0,0,0,0,0,0,0,37
457,1488,5.55,333,100,23,0,0,0,0,0,0,0,0,37
458,1530,4.35,261,100,31,0,0,0,0,0,0,0,0,29
459,1008,4.03448,234,100,32,0,0,0,0,0,0,0,0,26
460,1418,4.85714,306,100,29,0,0,0,0,0,0,0,0,34
461,1366,4.81034,279,100,27,0,0,0,0,0,0,0,0,31
462,1198,5.46429,306,100,22,0,0,0,0,0,0,0,0,34
463,1374,5.94915,351,100,20,0,0,0,0,0,0,0,0,39
464,1286,6.10714,342,100,18,0,0,0,0,0,0,0,0,38
465,1514,6.42857,360,100,16,0,0,0,0,0,0,0,0,40
466,1228,6.21818,342,100,17,0,0,0,0,0,0,0,0,38
467,1312,5.46429,306,100,22,0,0,0,0,0,0,0,0,34
468,1618,5.64407,333,100,22,0,0,0,0,0,0,0,0,37
469,1394,5.78571,324,100,20,0,0,0,0,0,0,0,0,36
470,1436,6.31579,360,100,17,0,0,0,0,0,0,0,0,40
471,1442,6.54545,360,100,15,0,0,0,0,0,0,0,0,40
472,1346,6.15789,351,100,18,0,0,0,0,0,0,0,0,39
473,1502,6.51724,378,100,16,0,0,0,0,0,0,0,0,42
474,1480,6.87273,378,100,13,0,0,0,0,0,0,0,0,42
475,1370,6.54545,360,100,15,0,0,0,0,0,0,0,0,40
476,1396,6.70909,369,100,14,0,0,0,0,0,0,0,0,41
477,1448,6.75,378,100,14,0,0,0,0,0,0,0,0,42
478,1320,5.19231,270,100,22,0,0,0,0,0,0,0,0,30
479,1222,5.43396,288,100,21,0,0,0,0,0,0,0,0,32
480,1412,6.25424,369,100,18,0,0,0,0,0,0,0,0,41
481,1620,7.05,423,100,13,0,0,0,0,0,0,0,0,47
482,1542,6.19672,378,100,19,0,0,0,0,0,0,0,0,42
483,1856,6.78947,387,100,14,0,0,0,0,0,0,0,0,43
484,2056,6.15,369,100,19,0,0,0,0,0,0,0,0,41
485,2428,6.15789,351,100,18,0,0,0,0,0,0,0,0,39
486,2730,6.34426,387,100,18,0,0,0,0,0,0,0,0,43
487,2508,5.9434,315,100,18,0,0,0,0,0,0,0,0,35
488,1534,6.11321,324,100,17,0,0,0,0,0,0,0,0,36
489,1384,5.87755,288,100,17,0,0,0,0,0,0,0,0,32
490,1630,6.5,351,100,15,0,0,0,0,0,0,0,0,39
491,1794,6.42857,360,100,16,0,0,0,0,0,0,0,0,40
492,1990,6.42857,360,100,16,0,0,0,0,0,0,0,0,40
493,1878,6.42857,360,100,16,0,0,0,0,0,0,0,0,40
494,1906,6.66,333,100,13,0,0,0,0,0,0,0,0,37
495,2324,6,324,100,18,0,0,0,0,0,0,0,0,36
496,1950,5.47059,279,100,20,0,0,0,0,0,0,0,0,31
497,1972,5.05263,288,100,25,0,0,0,0,0,0,0,0,32
498,1962,5.46429,306,100,22,0,0,0,0,0,0,0,0,34
499,1554,4.42373,261,100,30,0,0,0,0,0,0,0,0,29
500,1494,5.33333,288,100,22,0,0,0,0,0,0,0,0,32
501,1254,5.43396,288,100,21,0,0,0,0,0,0,0,0,32
502,1514,4.8,288,100,28,0,0,0,0,0,0,0,0,32
503,1268,3.79688,243,100,37,0,0,0,0,0,0,0,0,27
504,1264,4.14286,261,100,34,0,0,0,0,0,0,0,0,29
505,1342,3.85714,243,100,36,0,0,0,0,0,0,0,0,27
506,1460,4.35484,270,100,32,0,0,0,0,0,0,0,0,30
507,1288,3.91935,243,100,35,0,0,0,0,0,0,0,0,27
508,1376,3.73846,243,100,38,0,0,0,0,0,0,0,0,27
509,1532,4.42857,279,100,32,0,0,0,0,0,0,0,0,31
510,1654,4.22727,279,100,35,0,0,0,0,0,0,0,0,31
511,1852,5.45455,360,100,26,0,0,0,0,0,0,0,0,40
512,1368,4.10526,234,100,31,0,0,0,0,0,0,0,0,26
513,1636,4.35,261,100,31,0,0,0,0,0,0,0,0,29
514,1652,3.56897,207,100,35,0,0,0,0,0,0,0,0,23
515,1606,3.94737,225,100,32,0,0,0,0,0,0,0,0,25
516,1874,4.82143,270,100,26,0,0,0,0,0,0,0,0,30
517,1786,4.33333,234,100,28,0,0,0,0,0,0,0,0,26
518,1940,4.42105,252,100,29,0,0,0,0,0,0,0,0,28
519,1716,4.65517,270,100,28,0,0,0,0,0,0,0,0,30
520,1576,3.76364,207,100,32,0,0,0,0,0,0,0,0,23
521,1382,4.41818,243,100,28,0,0,0,0,0,0,0,0,27
522,1544,4.5,243,100,27,0,0,0,0,0,0,0,0,27
523,1684,4.88136,288,100,27,0,0,0,0,0,0,0,0,32
524,1656,4.88136,288,100,27,0,0,0,0,0,0,0,0,32
525,1462,4.72881,279,100,28,0,0,0,0,0,0,0,0,31
526,1758,4.96552,288,100,26,0,0,0,0,0,0,0,0,32
527,1614,4.5,261,100,29,0,0,0,0,0,0,0,0,29
528,1722,4.35484,270,100,32,0,0,0,0,0,0,0,0,30
529,1722,4.42857,279,100,32,0,0,0,0,0,0,0,0,31
530,1286,3.76119,252,100,39,0,0,0,0,0,0,0,0,28
531,1286,4.01538,261,100,36,0,0,0,0,0,0,0,0,29
532,1296,3.87692,252,100,37,0,0,0,0,0,0,0,0,28
533,1376,3.87692,252,100,37,0,0,0,0,0,0,0,0,28
534,1216,4.35,261,100,31,0,0,0,0,0,0,0,0,29
535,1456,4.71429,297,100,30,0,0,0,0,0,0,0,0,33
536,1366,4.93548,306,100,28,0,0,0,0,0,0,0,0,34
537,1378,4.78125,306,100,30,0,0,0,0,0,0,0,0,34
538,1350,4.79032,297,100,29,0,0,0,0,0,0,0,0,33
539,1248,4.5,270,100,30,0,0,0,0,0,0,0,0,30
540,1432,3.87692,252,100,37,0,0,0,0,0,0,0,0,28
541,1502,3.9375,252,100,36,0,0,0,0,0,0,0,0,28
542,1566,4.15385,270,100,35,0,0,0,0,0,0,0,0,30
543,1802,3.9,234,100,34,0,0,0,0,0,0,0,0,26
544,1560,4.73684,270,100,27,0,0,0,0,0,0,0,0,30
545,1610,3.66102,216,100,35,0,0,0,0,0,0,0,0,24
546,1600,4.71429,297,100,30,0,0,0,0,0,0,0,0,33
547,2022,5,305,100,27,0,0,0,0,0,0,0,1,33
548,2308,5.44262,332,100,24,0,0,0,0,0,0,0,1,36
549,2196,4.89091,269,100,25,0,0,0,0,0,0,0,1,29
550,2538,5.72727,315,100,20,0,0,0,0,0,0,0,0,35
551,2458,4.5,261,100,29,0,0,0,0,0,0,0,0,29
552,1482,4.57627,270,100,29,0,0,0,0,0,0,0,0,30
553,1432,4.11864,243,100,32,0,0,0,0,0,0,0,0,27
554,1684,4.20968,261,100,33,0,0,0,0,0,0,0,0,29
555,1778,4.06452,252,100,34,0,0,0,0,0,0,0,0,28
556,2026,4.36364,288,100,34,0,0,0,0,0,0,0,0,32
557,1958,4.72881,279,100,28,0,0,0,0,0,0,0,0,31
558,2306,4.64516,288,100,30,0,0,0,0,0,0,0,0,32
559,2000,4.65,279,100,29,0,0,0,0,0,0,0,0,31
560,2184,4.8,288,100,28,0,0,0,0,0,0,0,0,32
561,2382,4.73684,270,100,27,0,0,0,0,0,0,0,0,30
562,2910,5.89655,342,100,20,0,0,0,0,0,0,0,0,38
563,2750,4.5,279,100,31,0,0,0,0,0,0,0,0,31
564,2676,4.42593,239,100,27,0,0,0,0,1,0,0,0,26
565,2158,4.86885,297,100,28,0,0,0,0,0,0,0,0,33
566,2070,5.33898,315,100,24,0,0,0,0,0,0,0,0,35
567,2234,5.33898,315,100,24,0,0,0,0,0,0,0,0,35
568,2028,5.77358,306,100,19,0,0,0,0,0,0,0,0,34
569,2188,5.9434,315,100,18,0,0,0,0,0,0,0,0,35
570,2300,6.26786,351,100,17,0,0,0,0,0,0,0,0,39
571,2334,5.89655,342,100,20,0,0,0,0,0,0,0,0,38
572,1958,5.43103,315,100,23,0,0,0,0,0,0,0,0,35
573,2006,5.58621,324,100,22,0,0,0,0,0,0,0,0,36
574,1474,4.90909,270,100,25,0,0,0,0,0,0,0,0,30
575,1596,4.90909,270,100,25,0,0,0,0,0,0,0,0,30
576,1774,4.81034,279,100,27,0,0,0,0,0,0,0,0,31
577,1412,4.34483,252,100,30,0,0,0,0,0,0,0,0,28
578,1564,4.84615,315,100,30,0,0,0,0,0,0,0,0,35
579,1678,5.1,306,100,26,0,0,0,0,0,0,0,0,34
580,1604,5.34375,342,100,26,0,0,0,0,0,0,0,0,38
581,1858,4.92188,315,100,29,0,0,0,0,0,0,0,0,35
582,1834,5.1,306,100,26,0,0,0,0,0,0,0,0,34
583,1930,5.25,315,100,25,0,0,0,0,0,0,0,0,35
584,2102,5.90164,360,100,21,0,0,0,0,0,0,0,0,40
585,2044,5.16393,315,100,26,0,0,0,0,0,0,0,0,35
586,1696,4.65517,270,100,28,0,0,0,0,0,0,0,0,30
587,1846,5.25,315,100,25,0,0,0,0,0,0,0,0,35
588,1726,4.98214,279,100,25,0,0,0,0,0,0,0,0,31
589,1716,4.81034,279,100,27,0,0,0,0,0,0,0,0,31
590,2328,5.25,315,100,25,0,0,0,0,0,0,0,0,35
591,2204,5.42857,342,100,25,0,0,0,0,0,0,0,0,38
592,2006,5.48438,351,100,25,0,0,0,0,0,0,0,0,39
593,1506,4.79032,297,100,29,0,0,0,0,0,0,0,0,33
594,1742,4.65517,270,100,28,0,0,0,0,0,0,0,0,30
595,1894,4.79032,297,100,29,0,0,0,0,0,0,0,0,33
596,1968,4.11864,243,100,32,0,0,0,0,0,0,0,0,27
597,2274,5.05263,288,100,25,0,0,0,0,0,0,0,0,32
598,1928,4.93548,306,100,28,0,0,0,0,0,0,0,0,34
599,1780,5.43103,315,100,23,0,0,0,0,0,0,0,0,35
600,1708,5.33898,315,100,24,0,0,0,0,0,0,0,0,35
601,1582,4.98462,324,100,29,0,0,0,0,0,0,0,0,36
602,1602,4.56716,306,100,33,0,0,0,0,0,0,0,0,34
603,1620,4.93548,306,100,28,0,0,0,0,0,0,0,0,34
604,1660,4.28571,270,100,33,0,0,0,0,0,0,0,0,30
605,1686,4.09091,270,100,36,0,0,0,0,0,0,0,0,30
606,1662,3.16901,225,100,46,0,0,0,0,0,0,0,0,25
607,1636,3.40909,225,100,41,0,0,0,0,0,0,0,0,25
608,1630,3.98361,243,100,34,0,0,0,0,0,0,0,0,27
609,1752,4.5,252,100,28,0,0,0,0,0,0,0,0,28
610,2344,5.18644,306,100,25,0,0,0,0,0,0,0,0,34
611,1428,4.81034,279,100,27,0,0,0,0,0,0,0,0,31
612,1726,5.7541,351,100,22,0,0,0,0,0,0,0,0,39
613,1878,5.22581,324,100,26,0,0,0,0,0,0,0,0,36
614,1630,4.65517,270,100,28,0,0,0,0,0,0,0,0,30
615,1550,4.64516,288,100,30,0,0,0,0,0,0,0,0,32
616,1828,4.36364,288,100,34,0,0,0,0,0,0,0,0,32
617,1606,4.85714,306,100,29,0,0,0,0,0,0,0,0,34
618,1528,5.14286,324,100,27,0,0,0,0,0,0,0,0,36
619,1704,5,315,100,28,0,0,0,0,0,0,0,0,35
620,1912,4.93548,306,100,28,0,0,0,0,0,0,0,0,34
621,2080,4.35484,270,100,32,0,0,0,0,0,0,0,0,30
622,1944,4.21875,270,100,34,0,0,0,0,0,0,0,0,30
623,2054,4.07812,261,100,35,0,0,0,0,0,0,0,0,29
624,2140,4.06452,252,100,34,0,0,0,0,0,0,0,0,28
625,1926,3.77419,234,100,36,0,0,0,0,0,0,0,0,26
626,2116,3.65625,234,100,38,0,0,0,0,0,0,0,0,26
627,2122,4.64062,297,100,31,0,0,0,0,0,0,0,0,33
628,1828,4.14286,261,100,34,0,0,0,0,0,0,0,0,29
629,1702,4.18966,243,100,31,0,0,0,0,0,0,0,0,27
630,1716,4.88136,288,100,27,0,0,0,0,0,0,0,0,32
631,1750,4.65,279,100,29,0,0,0,0,0,0,0,0,31
632,1948,5.7,342,100,22,0,0,0,0,0,0,0,0,38
633,1720,5.05263,288,100,25,0,0,0,0,0,0,0,0,32
634,2128,5.25,315,100,25,0,0,0,0,0,0,0,0,35
635,2046,5.43396,288,100,21,0,0,0,0,0,0,0,0,32
636,2278,4.17857,234,100,30,0,0,0,0,0,0,0,0,26
637,2522,4.05,243,100,33,0,0,0,0,0,0,0,0,27
638,2100,4.40678,260,100,30,0,0,0,0,0,0,0,1,28
639,2674,4.01538,261,100,36,0,0,0,0,0,0,0,0,29
640,2832,4.95,297,100,27,0,0,0,0,0,0,0,0,33
641,2890,4.88136,288,100,27,0,0,0,0,0,0,0,0,32
642,2672,5.05263,288,100,25,0,0,0,0,0,0,0,0,32
643,2202,5.52632,315,100,22,0,0,0,0,0,0,0,0,35
644,2272,4.65,279,100,29,0,0,0,0,0,0,0,0,31
645,2016,5.46429,306,100,22,0,0,0,0,0,0,0,0,34
646,2300,5.36842,306,100,23,0,0,0,0,0,0,0,0,34
647,2262,6,360,100,20,0,0,0,0,0,0,0,0,40
648,1804,5.625,315,100,21,0,0,0,0,0,0,0,0,35
649,1768,5.46429,306,100,22,0,0,0,0,0,0,0,0,34
650,2138,6,342,100,19,0,0,0,0,0,0,0,0,38
651,1854,5.76,288,100,18,0,0,0,0,0,0,0,0,32
652,1640,4.57627,270,100,29,0,0,0,0,0,0,0,0,30
653,1840,5.55,333,100,23,0,0,0,0,0,0,0,0,37
654,2050,5.84211,333,100,20,0,0,0,0,0,0,0,0,37
655,1740,5.78571,324,100,20,0,0,0,0,0,0,0,0,36
656,1574,6.31579,360,100,17,0,0,0,0,0,0,0,0,40
657,1764,5.18644,306,100,25,0,0,0,0,0,0,0,0,34
658,2006,5.55,333,100,23,0,0,0,0,0,0,0,0,37
659,1958,5.36842,306,100,23,0,0,0,0,0,0,0,0,34
660,1802,5.49153,324,100,23,0,0,0,0,0,0,0,0,36
661,1790,4.11864,243,100,32,0,0,0,0,0,0,0,0,27
662,1544,4.83333,261,100,25,0,0,0,0,0,0,0,0,29
663,1700,5.37097,333,100,25,0,0,0,0,0,0,0,0,37
664,1282,4.92453,261,100,24,0,0,0,0,0,0,0,0,29
665,1450,4.41509,234,100,27,0,0,0,0,0,0,0,0,26
666,1980,5.7,342,100,22,0,0,0,0,0,0,0,0,38
667,1570,5.31148,324,100,25,0,0,0,0,0,0,0,0,36
668,1470,5.625,315,100,21,0,0,0,0,0,0,0,0,35
669,1722,5.49153,324,100,23,0,0,0,0,0,0,0,0,36
670,1850,5.77358,306,100,19,0,0,0,0,0,0,0,0,34
671,1580,6.05455,333,100,18,0,0,0,0,0,0,0,0,37
672,1412,4.98214,279,100,25,0,0,0,0,0,0,0,0,31
673,1518,5.4,324,100,24,0,0,0,0,0,0,0,0,36
674,1538,5.68421,324,100,21,0,0,0,0,0,0,0,0,36
675,1434,5.08065,315,100,27,0,0,0,0,0,0,0,0,35
676,1680,6,360,100,20,0,0,0,0,0,0,0,0,40
677,1580,4.98214,279,100,25,0,0,0,0,0,0,0,0,31
678,1846,5.1,306,100,26,0,0,0,0,0,0,0,0,34
679,1758,4.8,288,100,28,0,0,0,0,0,0,0,0,32
680,1640,5.84211,333,100,20,0,0,0,0,0,0,0,0,37
681,1664,5.64407,333,100,22,0,0,0,0,0,0,0,0,37
682,1788,4.72131,288,100,29,0,0,0,0,0,0,0,0,32
683,1780,5.46429,306,100,22,0,0,0,0,0,0,0,0,34
684,2000,5.33898,315,100,24,0,0,0,0,0,0,0,0,35
685,1998,5.43103,315,100,23,0,0,0,0,0,0,0,0,35
686,1846,5.12069,297,100,25,0,0,0,0,0,0,0,0,33
687,1696,5.01639,306,100,27,0,0,0,0,0,0,0,0,34
688,1792,6.04918,369,100,20,0,0,0,0,0,0,0,0,41
689,1766,5.80645,360,100,22,0,0,0,0,0,0,0,0,40
690,1692,6.09677,378,100,20,0,0,0,0,0,0,0,0,42
691,1800,6.2069,360,100,18,0,0,0,0,0,0,0,0,40
692,1668,5.89091,324,100,19,0,0,0,0,0,0,0,0,36
693,1624,5.18644,306,100,25,0,0,0,0,0,0,0,0,34
694,1604,5.625,315,100,21,0,0,0,0,0,0,0,0,35
695,1760,5.43103,315,100,23,0,0,0,0,0,0,0,0,35
696,1394,4.93548,306,100,28,0,0,0,0,0,0,0,0,34
697,1518,5,315,100,28,0,0,0,0,0,0,0,0,35
698,1524,4.88136,288,100,27,0,0,0,0,0,0,0,0,32
699,1698,6,360,100,20,0,0,0,0,0,0,0,0,40
700,1316,5.1,306,100,26,0,0,0,0,0,0,0,0,34
701,1592,5.66129,351,100,23,0,0,0,0,0,0,0,0,39
702,1264,5.14286,288,100,24,0,0,0,0,0,0,0,0,32
703,1312,5.33333,288,100,22,0,0,0,0,0,0,0,0,32
704,1346,5.16393,315,100,26,0,0,0,0,0,0,0,0,35
705,1296,5.4,324,100,24,0,0,0,0,0,0,0,0,36
706,1468,4.56716,306,100,33,0,0,0,0,0,0,0,0,34
707,1418,4.36364,288,100,34,0,0,0,0,0,0,0,0,32
708,1618,4.04348,279,100,38,0,0,0,0,0,0,0,0,31
709,1612,3.85714,243,100,36,0,0,0,0,0,0,0,0,27
710,1848,3.89552,261,100,38,0,0,0,0,0,0,0,0,29
711,1692,4.42857,279,100,32,0,0,0,0,0,0,0,0,31
712,1972,4.57377,279,100,30,0,0,0,0,0,0,0,0,31
713,1590,4.57143,288,100,31,0,0,0,0,0,0,0,0,32
714,1462,4.03448,234,100,32,0,0,0,0,0,0,0,0,26
715,1914,4.22727,279,100,35,0,0,0,0,0,0,0,0,31
716,1922,4.07812,261,100,35,0,0,0,0,0,0,0,0,29
717,1654,4.42857,279,100,32,0,0,0,0,0,0,0,0,31
718,1428,3.9375,252,100,36,0,0,0,0,0,0,0,0,28
719,1630,4.22727,279,100,35,0,0,0,0,0,0,0,0,31
720,1250,3.87692,252,100,37,0,0,0,0,0,0,0,0,28
721,1190,4.29231,279,100,34,0,0,0,0,0,0,0,0,31
722,1718,4.5,297,100,33,0,0,0,0,0,0,0,0,33
723,1730,4.42623,270,100,31,0,0,0,0,0,0,0,0,30
724,1842,4.26316,243,100,30,0,0,0,0,0,0,0,0,27
725,1542,4.81034,279,100,27,0,0,0,0,0,0,0,0,31
726,1610,4.95,297,100,27,0,0,0,0,0,0,0,0,33
727,1648,5.12069,297,100,25,0,0,0,0,0,0,0,0,33
728,1374,4.09091,225,100,30,0,0,0,0,0,0,0,0,25
729,1156,3.47368,198,100,35,0,0,0,0,0,0,0,0,22
730,1236,3.92727,216,100,31,0,0,0,0,0,0,0,0,24
731,1432,3.83607,234,100,35,0,0,0,0,0,0,0,0,26
732,1684,4.5,279,100,31,0,0,0,0,0,0,0,0,31
733,2020,4.77273,315,100,31,0,0,0,0,0,0,0,0,35
734,1958,5.18644,306,100,25,0,0,0,0,0,0,0,0,34
735,2514,5.55,333,100,23,0,0,0,0,0,0,0,0,37
736,1934,4.66071,261,100,27,0,0,0,0,0,0,0,0,29
737,1996,4.57627,270,100,29,0,0,0,0,0,0,0,0,30
738,2244,5.89091,324,100,19,0,0,0,0,0,0,0,0,36
739,2390,5.14286,288,100,24,0,0,0,0,0,0,0,0,32
740,1864,4.09091,225,100,30,0,0,0,0,0,0,0,0,25
741,2074,5.0339,297,100,26,0,0,0,0,0,0,0,0,33
742,1864,5.12069,297,100,25,0,0,0,0,0,0,0,0,33
743,1632,6.10714,342,100,18,0,0,0,0,0,0,0,0,38
744,1428,5.64706,288,100,19,0,0,0,0,0,0,0,0,32
745,2034,5.60656,342,100,23,0,0,0,0,0,0,0,0,38
746,2096,5.78571,324,100,20,0,0,0,0,0,0,0,0,36
747,2684,5.4,324,100,24,0,0,0,0,0,0,0,0,36
748,2426,6,342,100,19,0,0,0,0,0,0,0,0,38
749,2572,5.94915,351,100,20,0,0,0,0,0,0,0,0,39
750,2492,5.22581,324,100,26,0,0,0,0,0,0,0,0,36
751,2658,5.49153,324,100,23,0,0,0,0,0,0,0,0,36
752,2266,5.57143,351,100,24,0,0,0,0,0,0,0,0,39
753,1854,5.56364,306,100,21,0,0,0,0,0,0,0,0,34
754,2418,6.04918,369,100,20,0,0,0,0,0,0,0,0,41
755,1352,6.23077,324,100,16,0,0,0,0,0,0,0,0,36
756,1650,6.36207,369,100,17,0,0,0,0,0,0,0,0,41
757,1530,5.625,315,100,21,0,0,0,0,0,0,0,0,35
758,1968,6.67241,387,100,15,0,0,0,0,0,0,0,0,43
759,2174,6.15,369,100,19,0,0,0,0,0,0,0,0,41
760,2136,6.31579,360,100,17,0,0,0,0,0,0,0,0,40
761,1668,5.88462,306,100,18,0,0,0,0,0,0,0,0,34
762,1640,5.18644,306,100,25,0,0,0,0,0,0,0,0,34
763,1766,5.25,315,100,25,0,0,0,0,0,0,0,0,35
764,1776,5.07273,279,100,24,0,0,0,0,0,0,0,0,31
765,1798,5.49153,324,100,23,0,0,0,0,0,0,0,0,36
766,1704,4.27119,252,100,31,0,0,0,0,0,0,0,0,28
767,1866,4.95082,302,100,27,0,0,0,0,1,0,0,0,33
768,1868,4.81034,279,100,27,0,0,0,0,0,0,0,0,31
769,2332,5.36842,306,100,23,0,0,0,0,0,0,0,0,34
770,2184,5.30357,297,100,23,0,0,0,0,0,0,0,0,33
771,2230,5.27586,306,100,24,0,0,0,0,0,0,0,0,34
772,2244,5.95161,369,100,21,0,0,0,0,0,0,0,0,41
773,2494,5.31148,324,100,25,0,0,0,0,0,0,0,0,36
774,2646,5.76562,369,100,23,0,0,0,0,0,0,0,0,41
775,2840,6.34426,387,100,18,0,0,0,0,0,0,0,0,43
776,2688,5.25,315,100,25,0,0,0,0,0,0,0,0,35
777,2998,5.58621,324,100,22,0,0,0,0,0,0,0,0,36
778,2264,6.21818,342,100,17,0,0,0,0,0,0,0,0,38
779,2732,6.51724,378,100,16,0,0,0,0,0,0,0,0,42
780,2402,5.43103,315,100,23,0,0,0,0,0,0,0,0,35
781,2468,6.10169,360,100,19,0,0,0,0,0,0,0,0,40
782,2338,6.10714,342,100,18,0,0,0,0,0,0,0,0,38
783,2452,6.05172,351,100,19,0,0,0,0,0,0,0,0,39
784,2642,6.05455,333,100,18,0,0,0,0,0,0,0,0,37
785,2792,5.66129,351,100,23,0,0,0,0,0,0,0,0,39
786,2198,5.53846,288,100,20,0,0,0,0,0,0,0,0,32
787,1908,5.85,351,100,21,0,0,0,0,0,0,0,0,39
788,1318,5.4,297,100,22,0,0,0,0,0,0,0,0,33
789,1544,4.5,279,100,31,0,0,0,0,0,0,0,0,31
790,1606,5.08065,315,100,27,0,0,0,0,0,0,0,0,35
791,1678,3.57143,225,100,38,0,0,0,0,0,0,0,0,25
792,2192,4.86885,297,100,28,0,0,0,0,0,0,0,0,33
793,1980,4.25424,251,100,31,0,0,0,0,0,0,0,1,27
794,2596,4.81034,279,100,27,0,0,0,0,0,0,0,0,31
795,2428,3.9,234,100,34,0,0,0,0,0,0,0,0,26
796,2872,4.06452,252,100,34,0,0,0,0,0,0,0,0,28
797,2448,4.57895,261,100,28,0,0,0,0,0,0,0,0,29
798,2934,5.36842,306,100,23,0,0,0,0,0,0,0,0,34
799,1966,3.9661,234,100,33,0,0,0,0,0,0,0,0,26
800,2240,5.43103,315,100,23,0,0,0,0,0,0,0,0,35
801,2246,5.33333,288,100,22,0,0,0,0,0,0,0,0,32
802,2262,4.66071,261,100,27,0,0,0,0,0,0,0,0,29
803,2520,4.8,288,100,28,0,0,0,0,0,0,0,0,32
804,2824,3.79688,243,100,37,0,0,0,0,0,0,0,0,27
805,1592,3.87692,252,100,37,0,0,0,0,0,0,0,0,28
806,1644,4.43077,288,100,33,0,0,0,0,0,0,0,0,32
807,1866,4.78125,306,100,30,0,0,0,0,0,0,0,0,34
808,1738,4.72881,279,100,28,0,0,0,0,0,0,0,0,31
809,1532,4.35088,248,100,29,0,0,0,0,1,0,0,0,27
810,2152,4.23077,275,100,34,0,0,0,0,1,0,0,0,30
811,1938,4.06557,248,100,33,0,0,0,0,1,0,0,0,27
812,1680,4.83636,266,100,25,0,0,0,0,1,0,0,0,29
813,2012,5.33898,315,100,24,0,0,0,0,0,0,0,0,35
814,1904,4.42857,279,100,32,0,0,0,0,0,0,0,0,31
815,1680,4.33929,243,100,29,0,0,0,0,0,0,0,0,27
816,1992,4.66071,261,100,27,0,0,0,0,0,0,0,0,29
817,2032,4.57627,270,100,29,0,0,0,0,0,0,0,0,30
818,2256,3.76119,252,100,39,0,0,0,0,0,0,0,0,28
819,2474,5.08065,315,100,27,0,0,0,0,0,0,0,0,35
820,1818,4.92453,261,100,24,0,0,0,0,0,0,0,0,29
821,2222,5.52632,315,100,22,0,0,0,0,0,0,0,0,35
822,2134,4.96552,288,100,26,0,0,0,0,0,0,0,0,32
823,2272,5.25,315,100,25,0,0,0,0,0,0,0,0,35
824,2282,5.31148,324,100,25,0,0,0,0,0,0,0,0,36
825,2250,4.57627,270,100,29,0,0,0,0,0,0,0,0,30
826,1478,4.27119,252,100,31,0,0,0,0,0,0,0,0,28
827,1826,4.15385,270,100,35,0,0,0,0,0,0,0,0,30
828,1600,3.71429,234,100,37,0,0,0,0,0,0,0,0,26
829,1824,5.09434,270,100,23,0,0,0,0,0,0,0,0,30
830,1844,4.43333,266,100,30,0,0,0,0,1,0,0,0,29
831,1752,4.73684,270,100,27,0,0,0,0,0,0,0,0,30
832,2324,5.12069,297,100,25,0,0,0,0,0,0,0,0,33
833,2056,4.42857,279,100,32,0,0,0,0,0,0,0,0,31
834,1456,3.20339,189,100,38,0,0,0,0,0,0,0,0,21
835,1686,4.28571,270,100,33,0,0,0,0,0,0,0,0,30
836,1668,4.27869,261,100,32,0,0,0,0,0,0,0,0,29
837,1636,3.87692,252,100,37,0,0,0,0,0,0,0,0,28
838,1604,4.57377,279,100,30,0,0,0,0,0,0,0,0,31
839,1742,4.02985,270,100,37,0,0,0,0,0,0,0,0,30
840,1842,3.83824,261,100,39,0,0,0,0,0,0,0,0,29
841,1624,4.42623,270,100,31,0,0,0,0,0,0,0,0,30
842,1442,3.9661,234,100,33,0,0,0,0,0,0,0,0,26
843,1246,3.73846,243,100,38,0,0,0,0,0,0,0,0,27
844,1370,3.65217,252,100,41,0,0,0,0,0,0,0,0,28
845,1200,3.49254,234,100,41,0,0,0,0,0,0,0,0,26
846,1388,4.16418,279,100,36,0,0,0,0,0,0,0,0,31
847,1552,4.98462,324,100,29,0,0,0,0,0,0,0,0,36
848,1472,4.64062,297,100,31,0,0,0,0,0,0,0,0,33
849,1646,5.34375,342,100,26,0,0,0,0,0,0,0,0,38
850,1628,5.1,306,100,26,0,0,0,0,0,0,0,0,34
851,1424,5.04545,333,100,29,0,0,0,0,0,0,0,0,37
852,1412,5.37097,333,100,25,0,0,0,0,0,0,0,0,37
853,1386,5.0339,297,100,26,0,0,0,0,0,0,0,0,33
854,1512,5.21818,287,100,23,0,0,0,0,0,0,0,1,31
855,1594,5.82456,332,100,20,0,0,0,0,0,0,0,1,36
856,1480,5.53333,332,100,23,0,0,0,0,0,0,0,1,36
857,1386,4.65,279,100,29,0,0,0,0,0,0,0,0,31
858,1712,5.85,351,100,21,0,0,0,0,0,0,0,0,39
859,1688,5.1,306,100,26,0,0,0,0,0,0,0,0,34
860,1900,5.4,324,100,24,0,0,0,0,0,0,0,0,36
861,1524,5.68421,324,100,21,0,0,0,0,0,0,0,0,36
862,1526,5.79661,342,100,21,0,0,0,0,0,0,0,0,38
863,1298,5.31148,324,100,25,0,0,0,0,0,0,0,0,36
864,1450,5.89655,342,100,20,0,0,0,0,0,0,0,0,38
865,1450,5.79661,342,100,21,0,0,0,0,0,0,0,0,38
866,1324,5.68421,324,100,21,0,0,0,0,0,0,0,0,36
867,1310,5.89655,342,100,20,0,0,0,0,0,0,0,0,38
868,1446,5.48438,351,100,25,0,0,0,0,0,0,0,0,39
869,1166,5.4,297,100,22,0,0,0,0,0,0,0,0,33
870,1220,6.05172,351,100,19,0,0,0,0,0,0,0,0,39
871,1302,6.10169,360,100,19,0,0,0,0,0,0,0,0,40
872,1280,5.45902,333,100,24,0,0,0,0,0,0,0,0,37
873,1176,5.28571,333,100,26,0,0,0,0,0,0,0,0,37
874,940,4.15385,270,100,35,0,0,0,0,0,0,0,0,30
875,1012,4.09091,270,100,36,0,0,0,0,0,0,0,0,30
876,1114,4.36765,297,100,35,0,0,0,0,0,0,0,0,33
877,1260,4.24286,297,100,37,0,0,0,0,0,0,0,0,33
878,1124,4.35938,279,100,33,0,0,0,0,0,0,0,0,31
879,1258,4.28571,270,100,33,0,0,0,0,0,0,0,0,30
880,1628,4.36364,288,100,34,0,0,0,0,0,0,0,0,32
881,1784,5,315,100,28,0,0,0,0,0,0,0,0,35
882,1738,4.93548,306,100,28,0,0,0,0,0,0,0,0,34
883,1672,5.48438,351,100,25,0,0,0,0,0,0,0,0,39
884,1546,6,396,100,22,0,0,0,0,0,0,0,0,44
885,1694,6.04918,369,100,20,0,0,0,0,0,0,0,0,41
886,2010,6.25424,369,100,18,0,0,0,0,0,0,0,0,41
887,2194,6.04688,387,100,21,0,0,0,0,0,0,0,0,43
888,2014,6.19672,378,100,19,0,0,0,0,0,0,0,0,42
889,1624,5.0339,297,100,26,0,0,0,0,0,0,0,0,33
890,1708,6,378,100,21,0,0,0,0,0,0,0,0,42
891,1412,4.73684,270,100,27,0,0,0,0,0,0,0,0,30
892,1660,5.94643,333,100,19,0,0,0,0,0,0,0,0,37
893,1690,5.79661,342,100,21,0,0,0,0,0,0,0,0,38
894,1738,5.80645,360,100,22,0,0,0,0,0,0,0,0,40
895,1920,6.36923,414,100,19,0,0,0,0,0,0,0,0,46
896,1734,5.51613,342,100,24,0,0,0,0,0,0,0,0,38
897,1958,5.7541,351,100,22,0,0,0,0,0,0,0,0,39
898,1964,4.95652,342,100,31,0,0,0,0,0,0,0,0,38
899,1818,4.5,288,100,32,0,0,0,0,0,0,0,0,32
900,2120,5.20312,333,100,27,0,0,0,0,0,0,0,0,37
901,1290,4.57377,279,100,30,0,0,0,0,0,0,0,0,31
902,1548,4.57377,279,100,30,0,0,0,0,0,0,0,0,31
903,1566,5.01639,306,100,27,0,0,0,0,0,0,0,0,34
904,1616,4.84615,315,100,30,0,0,0,0,0,0,0,0,35
905,1472,4.20968,261,100,33,0,0,0,0,0,0,0,0,29
906,1270,3.67606,261,100,42,0,0,0,0,0,0,0,0,29
907,1288,3.13636,207,100,43,0,0,0,0,0,0,0,0,23
908,1588,4.28571,270,100,33,0,0,0,0,0,0,0,0,30
909,1798,5.08065,315,100,27,0,0,0,0,0,0,0,0,35
910,1518,4.86885,297,100,28,0,0,0,0,0,0,0,0,33
911,1608,5.18644,306,100,25,0,0,0,0,0,0,0,0,34
912,1636,4.93548,306,100,28,0,0,0,0,0,0,0,0,34
913,1494,4.79032,297,100,29,0,0,0,0,0,0,0,0,33
914,1564,4.65,279,100,29,0,0,0,0,0,0,0,0,31
915,1424,4.16667,225,100,29,0,0,0,0,0,0,0,0,25
916,1610,4.88136,288,100,27,0,0,0,0,0,0,0,0,32
917,1622,5.77358,306,100,19,0,0,0,0,0,0,0,0,34
918,1502,5.12069,297,100,25,0,0,0,0,0,0,0,0,33
919,1252,4.35484,270,100,32,0,0,0,0,0,0,0,0,30
920,1366,5.28571,333,100,26,0,0,0,0,0,0,0,0,37
921,1272,4.95,297,100,27,0,0,0,0,0,0,0,0,33
922,1094,4.42857,279,100,32,0,0,0,0,0,0,0,0,31
923,1250,3.95455,261,100,37,0,0,0,0,0,0,0,0,29
924,1304,4.03448,234,100,32,0,0,0,0,0,0,0,0,26
925,1588,4.93548,306,100,28,0,0,0,0,0,0,0,0,34
926,1952,4.64516,288,100,30,0,0,0,0,0,0,0,0,32
927,1694,4.35484,270,100,32,0,0,0,0,0,0,0,0,30
928,1654,4.65,279,100,29,0,0,0,0,0,0,0,0,31
929,1932,5.66129,351,100,23,0,0,0,0,0,0,0,0,39
930,1654,4.95,297,100,27,0,0,0,0,0,0,0,0,33
931,1580,5.43396,288,100,21,0,0,0,0,0,0,0,0,32
932,1616,4.5,270,100,30,0,0,0,0,0,0,0,0,30
933,1466,5.46429,306,100,22,0,0,0,0,0,0,0,0,34
934,1564,5.1,306,100,26,0,0,0,0,0,0,0,0,34
935,1754,5.625,360,100,24,0,0,0,0,0,0,0,0,40
936,1820,5.58621,324,100,22,0,0,0,0,0,0,0,0,36
937,1970,6.25424,369,100,18,0,0,0,0,0,0,0,0,41
938,1966,6.55932,387,100,16,0,0,0,0,0,0,0,0,43
939,1586,5.36842,306,100,23,0,0,0,0,0,0,0,0,34
940,1538,5.58621,324,100,22,0,0,0,0,0,0,0,0,36
941,1394,5.83333,315,100,19,0,0,0,0,0,0,0,0,35
942,1498,5.43103,315,100,23,0,0,0,0,0,0,0,0,35
943,1724,5.46429,306,100,22,0,0,0,0,0,0,0,0,34
944,1518,5.4,297,100,22,0,0,0,0,0,0,0,0,33
945,1656,6.87273,378,100,13,0,0,0,0,0,0,0,0,42
946,1494,6.79592,333,100,12,0,0,0,0,0,0,0,0,37
947,1518,5.89091,324,100,19,0,0,0,0,0,0,0,0,36
948,1570,5.31148,324,100,25,0,0,0,0,0,0,0,0,36
949,1538,5.16393,315,100,26,0,0,0,0,0,0,0,0,35
950,1484,5.5,297,100,21,0,0,0,0,0,0,0,0,33
951,1478,4.89474,279,100,26,0,0,0,0,0,0,0,0,31
952,1556,5.46429,306,100,22,0,0,0,0,0,0,0,0,34
953,1664,5.01639,306,100,27,0,0,0,0,0,0,0,0,34
954,1762,4.92188,315,100,29,0,0,0,0,0,0,0,0,35
955,1984,5.89655,342,100,20,0,0,0,0,0,0,0,0,38
956,1704,6.36207,369,100,17,0,0,0,0,0,0,0,0,41
957,1492,5.72727,315,100,20,0,0,0,0,0,0,0,0,35
958,1578,5.4,324,100,24,0,0,0,0,0,0,0,0,36
959,1922,6.14286,387,100,20,0,0,0,0,0,0,0,0,43
960,1704,5.1,306,100,26,0,0,0,0,0,0,0,0,34
961,1892,4.93548,306,100,28,0,0,0,0,0,0,0,0,34
962,1972,5.21053,297,100,24,0,0,0,0,0,0,0,0,33
963,1460,5.79661,342,100,21,0,0,0,0,0,0,0,0,38
964,1440,5.25,315,100,25,0,0,0,0,0,0,0,0,35
965,1518,4.57377,279,100,30,0,0,0,0,0,0,0,0,31
966,1340,4.57143,288,100,31,0,0,0,0,0,0,0,0,32
967,1100,4.8,288,100,28,0,0,0,0,0,0,0,0,32
968,1304,4.43077,288,100,33,0,0,0,0,0,0,0,0,32
969,1798,5.12308,333,100,28,0,0,0,0,0,0,0,0,37
970,2064,4.56716,306,100,33,0,0,0,0,0,0,0,0,34
971,1570,4,252,100,35,0,0,0,0,0,0,0,0,28
972,1666,4.35484,270,100,32,0,0,0,0,0,0,0,0,30
973,1670,4.90909,270,100,25,0,0,0,0,0,0,0,0,30
974,1874,5.22581,324,100,26,0,0,0,0,0,0,0,0,36
975,1236,4.57895,261,100,28,0,0,0,0,0,0,0,0,29
976,1730,4.29231,279,100,34,0,0,0,0,0,0,0,0,31
977,1370,4.28571,270,100,33,0,0,0,0,0,0,0,0,30
978,1300,3.54098,216,100,37,0,0,0,0,0,0,0,0,24
979,1298,3.41379,198,100,36,0,0,0,0,0,0,0,0,22
980,1516,3.83607,234,100,35,0,0,0,0,0,0,0,0,26
981,1934,4.95,297,100,27,0,0,0,0,0,0,0,0,33
982,1788,4.35484,270,100,32,0,0,0,0,0,0,0,0,30
983,1576,3.9661,234,100,33,0,0,0,0,0,0,0,0,26
984,2060,4.5082,275,100,30,0,0,0,0,1,0,0,0,30
985,1822,4.66102,275,100,28,0,0,0,0,1,0,0,0,30
986,2238,5.29825,302,100,23,0,0,0,0,1,0,0,0,33
987,1930,4.57143,288,100,31,0,0,0,0,0,0,0,0,32
988,1756,4.57627,270,100,29,0,0,0,0,0,0,0,0,30
989,2034,5.36842,306,100,23,0,0,0,0,0,0,0,0,34
990,2048,5.68421,324,100,21,0,0,0,0,0,0,0,0,36
991,1604,4.71429,297,100,30,0,0,0,0,0,0,0,0,33
992,1760,5,315,100,28,0,0,0,0,0,0,0,0,35
993,1620,4.89474,279,100,26,0,0,0,0,0,0,0,0,31
994,1676,4.64062,297,100,31,0,0,0,0,0,0,0,0,33
995,1414,4.95,297,100,27,0,0,0,0,0,0,0,0,33
996,1402,5.16667,279,100,23,0,0,0,0,0,0,0,0,31
997,1560,5.14286,324,100,27,0,0,0,0,0,0,0,0,36
998,1280,4.28333,257,100,31,0,0,0,0,1,0,0,0,28
999,1404,5.09836,311,100,26,0,0,0,0,1,0,0,0,34
