update,points,mean_tasks,total_tasks,total_orgs,task_0,task_1,task_2,task_3,task_4,task_5,task_6,task_7,task_8,task_9
0,0,nan,0,9,0,0,0,0,0,0,0,0,0,0
1,2,0,0,9,1,0,0,0,0,0,0,0,0,0
2,6,0,0,9,3,0,0,0,0,0,0,0,0,0
3,10,0,0,9,5,0,0,0,0,0,0,0,0,0
4,12,0,0,9,6,0,0,0,0,0,0,0,0,0
5,16,0,0,9,6,0,0,0,0,0,0,0,0,0
6,18,0,0,9,6,0,0,0,0,0,0,0,0,0
7,20,0,0,9,6,0,0,0,0,0,0,0,0,0
8,18,1.5,9,9,5,0,0,0,0,0,0,0,0,1
9,20,1.5,9,9,5,0,0,0,0,0,0,0,0,1
10,22,1.5,9,9,5,0,0,0,0,0,0,0,0,1
11,22,1.5,9,9,5,0,0,0,0,0,0,0,0,1
12,26,0,0,9,6,0,0,0,0,0,0,0,0,0
13,28,0,0,9,6,0,0,0,0,0,0,0,0,0
14,30,0,0,9,6,0,0,0,0,0,0,0,0,0
15,30,0,0,9,6,0,0,0,0,0,0,0,0,0
16,32,0,0,9,6,0,0,0,0,0,0,0,0,0
17,12,0,0,9,5,0,0,0,0,0,0,0,0,0
18,12,0,0,9,5,0,0,0,0,0,0,0,0,0
19,58,1.5,9,10,5,0,0,0,0,0,0,0,0,1
20,18,0,0,10,6,0,0,0,0,0,0,0,0,0
21,22,0,0,10,7,0,0,0,0,0,0,0,0,0
22,68,1.125,9,11,7,0,0,0,0,0,0,0,0,1
23,28,1.125,9,11,7,0,0,0,0,0,0,0,0,1
24,32,1.125,9,11,7,0,0,0,0,0,0,0,0,1
25,32,1.125,9,11,7,0,0,0,0,0,0,0,0,1
26,36,1.125,9,11,7,0,0,0,0,0,0,0,0,1
27,40,1.125,9,11,7,0,0,0,0,0,0,0,0,1
28,42,1.125,9,11,7,0,0,0,0,0,0,0,0,1
29,44,1.125,9,11,7,0,0,0,0,0,0,0,0,1
30,48,1.125,9,11,7,0,0,0,0,0,0,0,0,1
31,14,1.28571,9,11,6,0,0,0,0,0,0,0,0,1
32,14,1.28571,9,11,6,0,0,0,0,0,0,0,0,1
33,16,2.25,18,11,6,0,0,0,0,0,0,0,0,2
34,22,2.25,18,11,6,0,0,0,0,0,0,0,0,2
35,26,2.25,18,11,6,0,0,0,0,0,0,0,0,2
36,28,2.25,18,11,6,0,0,0,0,0,0,0,0,2
37,34,2.25,18,11,6,0,0,0,0,0,0,0,0,2
38,40,2.25,18,11,6,0,0,0,0,0,0,0,0,2
39,40,2.25,18,11,6,0,0,0,0,0,0,0,0,2
40,26,1.28571,9,11,6,0,0,0,0,0,0,0,0,1
41,32,1.28571,9,11,6,0,0,0,0,0,0,0,0,1
42,40,1.125,9,11,7,0,0,0,0,0,0,0,0,1
43,42,1.125,9,11,7,0,0,0,0,0,0,0,0,1
44,48,1.125,9,11,7,0,0,0,0,0,0,0,0,1
45,30,1.28571,9,11,6,0,0,0,0,0,0,0,0,1
46,30,1.28571,9,11,6,0,0,0,0,0,0,0,0,1
47,18,1.125,9,12,7,0,0,0,0,0,0,0,0,1
48,26,1.125,9,12,7,0,0,0,0,0,0,0,0,1
49,36,1,9,12,8,0,0,0,0,0,0,0,0,1
50,40,1,9,12,8,0,0,0,0,0,0,0,0,1
51,48,1,9,12,8,0,0,0,0,0,0,0,0,1
52,56,1,9,12,8,0,0,0,0,0,0,0,0,1
53,60,1,9,12,8,0,0,0,0,0,0,0,0,1
54,50,1,9,13,8,0,0,0,0,0,0,0,0,1
55,58,1,9,13,8,0,0,0,0,0,0,0,0,1
56,64,0.9,9,13,9,0,0,0,0,0,0,0,0,1
57,72,0.9,9,13,9,0,0,0,0,0,0,0,0,1
58,86,0.9,9,13,9,0,0,0,0,0,0,0,0,1
59,60,1,9,13,8,0,0,0,0,0,0,0,0,1
60,64,1,9,13,8,0,0,0,0,0,0,0,0,1
61,52,1,9,14,8,0,0,0,0,0,0,0,0,1
62,62,0.818182,9,14,10,0,0,0,0,0,0,0,0,1
63,30,0.9,9,15,9,0,0,0,0,0,0,0,0,1
64,44,0.818182,9,15,10,0,0,0,0,0,0,0,0,1
65,60,0.75,9,15,11,0,0,0,0,0,0,0,0,1
66,72,0.75,9,15,11,0,0,0,0,0,0,0,0,1
67,82,0.75,9,15,11,0,0,0,0,0,0,0,0,1
68,98,0.75,9,15,11,0,0,0,0,0,0,0,0,1
69,116,1.63636,18,16,9,0,0,0,0,0,0,0,0,2
70,68,1.63636,18,16,9,0,0,0,0,0,0,0,0,2
71,58,1.63636,18,17,9,0,0,0,0,0,0,0,0,2
72,72,1.38462,18,17,11,0,0,0,0,0,0,0,0,2
73,90,1.28571,18,17,12,0,0,0,0,0,0,0,0,2
74,140,1.38462,18,17,11,0,0,0,0,0,0,0,0,2
75,112,1.5,18,17,10,0,0,0,0,0,0,0,0,2
76,62,1.5,18,19,10,0,0,0,0,0,0,0,0,2
77,118,1.92857,27,20,11,0,0,0,0,0,0,0,0,3
78,154,1.38462,18,21,11,0,0,0,0,0,0,0,0,2
79,58,0.75,9,21,11,0,0,0,0,0,0,0,0,1
80,76,0.5625,9,21,15,0,0,0,0,0,0,0,0,1
81,142,1.05882,18,22,15,0,0,0,0,0,0,0,0,2
82,138,0.529412,9,23,16,0,0,0,0,0,0,0,0,1
83,100,0.529412,9,24,16,0,0,0,0,0,0,0,0,1
84,176,1.58824,27,25,14,0,0,0,0,0,0,0,0,3
85,154,1.42105,27,25,16,0,0,0,0,0,0,0,0,3
86,304,1.71429,36,28,17,0,0,0,0,0,0,0,0,4
87,348,1.28571,27,29,18,0,0,0,0,0,0,0,0,3
88,286,0.9,18,30,18,0,0,0,0,0,0,0,0,2
89,242,0.428571,9,30,20,0,0,0,0,0,0,0,0,1
90,416,1.875,45,35,19,0,0,0,0,0,0,0,0,5
91,516,1.38462,36,38,22,0,0,0,0,0,0,0,0,4
92,508,1.63636,36,41,18,0,0,0,0,0,0,0,0,4
93,632,2.25,54,44,18,0,0,0,0,0,0,0,0,6
94,894,2.57143,72,47,20,0,0,0,0,0,0,0,0,8
95,828,1.28571,36,54,24,0,0,0,0,0,0,0,0,4
96,942,2.82857,99,60,24,0,0,0,0,0,0,0,0,11
97,1002,2.60526,99,65,27,0,0,0,0,0,0,0,0,11
98,982,2.76923,108,66,27,0,0,0,0,0,0,0,0,12
99,1060,2.35714,99,68,31,0,0,0,0,0,0,0,0,11
100,920,1.71429,72,71,34,0,0,0,0,0,0,0,0,8
101,1028,1.84091,81,74,35,0,0,0,0,0,0,0,0,9
102,1094,2.0625,99,80,37,0,0,0,0,0,0,0,0,11
103,990,1.875,90,82,38,0,0,0,0,0,0,0,0,10
104,1200,3.28846,171,88,33,0,0,0,0,0,0,0,0,19
105,1288,3.31579,189,91,36,0,0,0,0,0,0,0,0,21
106,1230,2.61818,144,94,39,0,0,0,0,0,0,0,0,16
107,1448,3.39344,207,97,38,0,0,0,0,0,0,0,0,23
108,1198,2.4,144,97,44,0,0,0,0,0,0,0,0,16
109,1328,3.15789,180,97,37,0,0,0,0,0,0,0,0,20
110,1206,3,162,98,36,0,0,0,0,0,0,0,0,18
111,1330,3.6,198,98,33,0,0,0,0,0,0,0,0,22
112,1540,3.87931,225,99,33,0,0,0,0,0,0,0,0,25
113,1244,3.46774,215,100,38,0,0,0,0,0,0,0,1,23
114,1372,3.9,234,100,34,0,0,0,0,0,0,0,0,26
115,1358,4.2,252,100,32,0,0,0,0,0,0,0,0,28
116,1538,4.42373,261,100,30,0,0,0,0,0,0,0,0,29
117,1580,4.42105,252,100,29,0,0,0,0,0,0,0,0,28
118,1406,4.42373,261,100,30,0,0,0,0,0,0,0,0,29
119,1568,4.85714,306,100,29,0,0,0,0,0,0,0,0,34
120,1400,5.08065,315,100,27,0,0,0,0,0,0,0,0,35
121,1470,5,315,100,28,0,0,0,0,0,0,0,0,35
122,1502,4.65517,270,100,28,0,0,0,0,0,0,0,0,30
123,1466,5.16393,315,100,26,0,0,0,0,0,0,0,0,35
124,1234,4.90909,324,100,30,0,0,0,0,0,0,0,0,36
125,1186,5.14286,324,100,27,0,0,0,0,0,0,0,0,36
126,1276,5.50746,369,100,26,0,0,0,0,0,0,0,0,41
127,1368,6.15,369,100,19,0,0,0,0,0,0,0,0,41
128,1380,5.4,324,100,24,0,0,0,0,0,0,0,0,36
129,1328,5.27586,306,100,24,0,0,0,0,0,0,0,0,34
130,1304,4.71429,297,100,30,0,0,0,0,0,0,0,0,33
131,1460,4.83582,324,100,31,0,0,0,0,0,0,0,0,36
132,1288,4.5,279,100,31,0,0,0,0,0,0,0,0,31
133,1414,4.5,270,100,30,0,0,0,0,0,0,0,0,30
134,1580,4.72131,288,100,29,0,0,0,0,0,0,0,0,32
135,1434,4.27869,261,100,32,0,0,0,0,0,0,0,0,29
136,1534,4.71429,297,100,30,0,0,0,0,0,0,0,0,33
137,1618,5.18644,306,100,25,0,0,0,0,0,0,0,0,34
138,1644,5.0339,297,100,26,0,0,0,0,0,0,0,0,33
139,1730,5.33898,315,100,24,0,0,0,0,0,0,0,0,35
140,1800,4.88136,288,100,27,0,0,0,0,0,0,0,0,32
141,1724,5.01639,306,100,27,0,0,0,0,0,0,0,0,34
142,1326,4.5,243,100,27,0,0,0,0,0,0,0,0,27
143,1542,4.72131,288,100,29,0,0,0,0,0,0,0,0,32
144,1462,4.42857,279,100,32,0,0,0,0,0,0,0,0,31
145,1208,4.42105,252,100,29,0,0,0,0,0,0,0,0,28
146,1434,4.83582,324,100,31,0,0,0,0,0,0,0,0,36
147,1310,4.29231,279,100,34,0,0,0,0,0,0,0,0,31
148,1176,4.64516,288,100,30,0,0,0,0,0,0,0,0,32
149,1452,5.26154,342,100,27,0,0,0,0,0,0,0,0,38
150,1248,5.7,342,100,22,0,0,0,0,0,0,0,0,38
151,1234,5.625,360,100,24,0,0,0,0,0,0,0,0,40
152,1390,5.57627,329,100,22,0,0,0,0,1,0,0,0,36
153,1482,5.4,324,100,24,0,0,0,0,0,0,0,0,36
154,1310,5.79661,342,100,21,0,0,0,0,0,0,0,0,38
155,1212,4.73684,270,100,27,0,0,0,0,0,0,0,0,30
156,1398,4.5,270,100,30,0,0,0,0,0,0,0,0,30
157,1316,4.72881,279,100,28,0,0,0,0,0,0,0,0,31
158,1404,3.81356,225,100,34,0,0,0,0,0,0,0,0,25
159,1442,4.03448,234,100,32,0,0,0,0,0,0,0,0,26
160,1210,3.35593,198,100,37,0,0,0,0,0,0,0,0,22
161,1316,3.6,234,100,39,0,0,0,0,0,0,0,0,26
162,1322,4.35,261,100,31,0,0,0,0,0,0,0,0,29
163,1376,5.1,306,100,26,0,0,0,0,0,0,0,0,34
164,1454,5.0339,297,100,26,0,0,0,0,0,0,0,0,33
165,1526,5.55,333,100,23,0,0,0,0,0,0,0,0,37
166,1436,5.21053,297,100,24,0,0,0,0,0,0,0,0,33
167,1424,5.16393,315,100,26,0,0,0,0,0,0,0,0,35
168,1630,5.18644,306,100,25,0,0,0,0,0,0,0,0,34
169,1424,5.27119,311,100,24,0,0,0,0,1,0,0,0,34
170,1412,5.16364,284,100,23,0,0,0,0,1,0,0,0,31
171,1470,5.39286,302,100,22,0,0,0,0,1,0,0,0,33
172,1274,4.67925,248,100,25,0,0,0,0,1,0,0,0,27
173,1688,5.33333,320,100,24,0,0,0,0,1,0,0,0,35
174,1654,5.48438,351,100,25,0,0,0,0,0,0,0,0,39
175,1490,5.18644,306,100,25,0,0,0,0,0,0,0,0,34
176,1708,5.16393,315,100,26,0,0,0,0,0,0,0,0,35
177,1718,4.66071,261,100,27,0,0,0,0,0,0,0,0,29
178,1434,4.41509,234,100,27,0,0,0,0,0,0,0,0,26
179,1784,5.43103,315,100,23,0,0,0,0,0,0,0,0,35
180,1822,6.33333,342,100,16,0,0,0,0,0,0,0,0,38
181,1824,6.10714,342,100,18,0,0,0,0,0,0,0,0,38
182,1854,6,324,100,18,0,0,0,0,0,0,0,0,36
183,1860,5.77358,306,100,19,0,0,0,0,0,0,0,0,34
184,1982,5.9434,315,100,18,0,0,0,0,0,0,0,0,35
185,1672,5.16667,279,100,23,0,0,0,0,0,0,0,0,31
186,1802,4.42623,270,100,31,0,0,0,0,0,0,0,0,30
187,1750,4.09091,225,100,30,0,0,0,0,0,0,0,0,25
188,1636,4.58182,252,100,27,0,0,0,0,0,0,0,0,28
189,1724,4.89474,279,100,26,0,0,0,0,0,0,0,0,31
190,1686,3.78947,216,100,33,0,0,0,0,0,0,0,0,24
191,1740,4.07547,216,100,29,0,0,0,0,0,0,0,0,24
192,1590,4.10526,234,100,31,0,0,0,0,0,0,0,0,26
193,2190,4.57377,279,100,30,0,0,0,0,0,0,0,0,31
194,1778,4.14,207,100,27,0,0,0,0,0,0,0,0,23
195,2114,5.29412,270,100,21,0,0,0,0,0,0,0,0,30
196,2010,4.97872,234,100,21,0,0,0,0,0,0,0,0,26
197,2352,4.58182,252,100,27,0,0,0,0,0,0,0,0,28
198,2124,4.66667,252,100,26,0,0,0,0,0,0,0,0,28
199,2036,5.07273,279,100,24,0,0,0,0,0,0,0,0,31
200,1986,4.41509,234,100,27,0,0,0,0,0,0,0,0,26
201,2220,3.66667,198,100,32,0,0,0,0,0,0,0,0,22
202,1754,4.25455,234,100,29,0,0,0,0,0,0,0,0,26
203,1526,4.26316,243,100,30,0,0,0,0,0,0,0,0,27
204,1690,4.57377,279,100,30,0,0,0,0,0,0,0,0,31
205,1358,3.85714,216,100,32,0,0,0,0,0,0,0,0,24
206,1288,4.11864,243,100,32,0,0,0,0,0,0,0,0,27
207,1426,4.35,261,100,31,0,0,0,0,0,0,0,0,29
208,1466,4.27119,252,100,31,0,0,0,0,0,0,0,0,28
209,1470,4.72881,279,100,28,0,0,0,0,0,0,0,0,31
210,1726,4.78125,306,100,30,0,0,0,0,0,0,0,0,34
211,1432,4.13115,252,100,33,0,0,0,0,0,0,0,0,28
212,1270,4.55556,287,100,31,0,0,0,0,0,0,0,1,31
213,1640,4.64062,297,100,31,0,0,0,0,0,0,0,0,33
214,1650,3.41379,198,100,36,0,0,0,0,0,0,0,0,22
215,2004,4.57627,270,100,29,0,0,0,0,0,0,0,0,30
216,1510,3.43636,189,100,34,0,0,0,0,0,0,0,0,21
217,1636,3.65517,212,100,34,0,0,0,0,1,0,0,0,23
218,1714,4.42105,252,100,29,0,0,0,0,0,0,0,0,28
219,1930,4.42623,270,100,31,0,0,0,0,0,0,0,0,30
220,1636,3.39344,207,100,38,0,0,0,0,0,0,0,0,23
221,1580,3.04615,198,100,43,0,0,0,0,0,0,0,0,22
222,1124,2.53125,162,100,46,0,0,0,0,0,0,0,0,18
223,1122,3.04615,198,100,43,0,0,0,0,0,0,0,0,22
224,1238,3.54545,234,100,40,0,0,0,0,0,0,0,0,26
225,1230,2.64706,180,100,48,0,0,0,0,0,0,0,0,20
226,1144,2.31429,162,100,52,0,0,0,0,0,0,0,0,18
227,1420,2.64,198,100,53,0,0,0,0,0,0,0,0,22
228,1160,2.25,153,100,51,0,0,0,0,0,0,0,0,17
229,1058,2.68657,180,100,47,0,0,0,0,0,0,0,0,20
230,1270,3,189,100,42,0,0,0,0,0,0,0,0,21
231,1294,2.76923,180,100,45,0,0,0,0,0,0,0,0,20
232,1484,4.07812,261,100,35,0,0,0,0,0,0,0,0,29
233,1274,3.62903,225,100,37,0,0,0,0,0,0,0,0,25
234,1264,3.85714,243,100,36,0,0,0,0,0,0,0,0,27
235,1280,3.45,207,100,37,0,0,0,0,0,0,0,0,23
236,1396,4.24528,225,100,28,0,0,0,0,0,0,0,0,25
237,1240,4.09091,225,100,30,0,0,0,0,0,0,0,0,25
238,1280,4.5,252,100,28,0,0,0,0,0,0,0,0,28
239,1130,4.13115,252,100,33,0,0,0,0,0,0,0,0,28
240,1166,3.81356,225,100,34,0,0,0,0,0,0,0,0,25
241,1460,3.85714,243,100,36,0,0,0,0,0,0,0,0,27
242,1466,4.27869,261,100,32,0,0,0,0,0,0,0,0,29
243,1302,3.77419,234,100,36,0,0,0,0,0,0,0,0,26
244,1422,5.16393,315,100,26,0,0,0,0,0,0,0,0,35
245,1292,4.01538,261,100,36,0,0,0,0,0,0,0,0,29
246,1264,4.22727,279,100,35,0,0,0,0,0,0,0,0,31
247,1364,3.76119,252,100,39,0,0,0,0,0,0,0,0,28
248,1258,4.13115,252,100,33,0,0,0,0,0,0,0,0,28
249,1292,4.01538,261,100,36,0,0,0,0,0,0,0,0,29
250,1258,4.50769,293,100,32,0,0,0,0,1,0,0,0,32
251,1224,4.36508,275,100,32,0,0,0,0,1,0,0,0,30
252,1252,3.51562,225,100,39,0,0,0,0,0,0,0,0,25
253,1282,3.75,225,100,35,0,0,0,0,0,0,0,0,25
254,1450,3.11765,212,100,44,0,0,0,0,1,0,0,0,23
255,1262,3.40351,194,100,35,0,0,0,0,1,0,0,0,21
256,1494,3.70968,230,100,36,0,0,0,0,1,0,0,0,25
257,1318,3.98333,239,100,33,0,0,0,0,1,0,0,0,26
258,1274,3.53333,212,100,36,0,0,0,0,1,0,0,0,23
259,1360,3.50794,221,100,38,0,0,0,0,1,0,0,0,24
260,1510,3.53333,212,100,36,0,0,0,0,1,0,0,0,23
261,1720,4.03509,230,100,31,0,0,0,0,1,0,0,0,25
262,1536,3.68333,221,100,35,0,0,0,0,1,0,0,0,24
263,1406,3.98333,239,100,33,0,0,0,0,1,0,0,0,26
264,1388,3.15,189,100,39,0,0,0,0,0,0,0,0,21
265,1476,3.6,216,100,36,0,0,0,0,0,0,0,0,24
266,1450,3.19355,198,100,40,0,0,0,0,0,0,0,0,22
267,1560,4.03448,234,100,32,0,0,0,0,0,0,0,0,26
268,1324,3.375,216,100,40,0,0,0,0,0,0,0,0,24
269,1198,3.39344,207,100,38,0,0,0,0,0,0,0,0,23
270,1238,3.79688,243,100,37,0,0,0,0,0,0,0,0,27
271,1344,4.13115,252,100,33,0,0,0,0,0,0,0,0,28
272,1226,3.51562,225,100,39,0,0,0,0,0,0,0,0,25
273,1090,3.9,234,100,34,0,0,0,0,0,0,0,0,26
274,1092,3.71429,234,100,37,0,0,0,0,0,0,0,0,26
275,1280,4.11864,243,100,32,0,0,0,0,0,0,0,0,27
276,1248,4.03448,234,100,32,0,0,0,0,0,0,0,0,26
277,1322,4.11864,243,100,32,0,0,0,0,0,0,0,0,27
278,1542,4.73684,270,100,27,0,0,0,0,0,0,0,0,30
279,1654,4.13115,252,100,33,0,0,0,0,0,0,0,0,28
280,1250,4.01786,225,100,31,0,0,0,0,0,0,0,0,25
281,1426,5.4,297,100,22,0,0,0,0,0,0,0,0,33
282,1350,3.75,225,100,35,0,0,0,0,0,0,0,0,25
283,1342,4.18966,243,100,31,0,0,0,0,0,0,0,0,27
284,1156,3.85714,216,100,32,0,0,0,0,0,0,0,0,24
285,1064,3.85714,243,100,36,0,0,0,0,0,0,0,0,27
286,1190,3.77419,234,100,36,0,0,0,0,0,0,0,0,26
287,1284,4.35938,279,100,33,0,0,0,0,0,0,0,0,31
288,1312,4.57143,288,100,31,0,0,0,0,0,0,0,0,32
289,1372,4.65,279,100,29,0,0,0,0,0,0,0,0,31
290,1588,4.35484,270,100,32,0,0,0,0,0,0,0,0,30
291,1398,5.0339,297,100,26,0,0,0,0,0,0,0,0,33
292,1408,4.71186,278,100,28,0,0,0,0,0,0,0,1,30
293,1542,4.28571,270,100,33,0,0,0,0,0,0,0,0,30
294,1626,4.50847,266,100,29,0,0,0,0,1,0,0,0,29
295,1842,5,315,100,28,0,0,0,0,0,0,0,0,35
296,1766,4.85714,306,100,29,0,0,0,0,0,0,0,0,34
297,1510,5.43103,315,100,23,0,0,0,0,0,0,0,0,35
298,1548,4.5,243,100,27,0,0,0,0,0,0,0,0,27
299,1372,5.07273,279,100,24,0,0,0,0,0,0,0,0,31
300,1476,4.25455,234,100,29,0,0,0,0,0,0,0,0,26
301,1594,4.96552,288,100,26,0,0,0,0,0,0,0,0,32
302,1724,6.5,351,100,15,0,0,0,0,0,0,0,0,39
303,1570,5.60377,297,100,20,0,0,0,0,0,0,0,0,33
304,1480,6,324,100,18,0,0,0,0,0,0,0,0,36
305,1518,4.65517,270,100,28,0,0,0,0,0,0,0,0,30
306,1532,4.58182,252,100,27,0,0,0,0,0,0,0,0,28
307,1520,3.9,234,100,34,0,0,0,0,0,0,0,0,26
308,1434,4.05,243,100,33,0,0,0,0,0,0,0,0,27
309,1512,4.57627,270,100,29,0,0,0,0,0,0,0,0,30
310,1514,4.81034,279,100,27,0,0,0,0,0,0,0,0,31
311,1642,4.8,288,100,28,0,0,0,0,0,0,0,0,32
312,1590,4,252,100,35,0,0,0,0,0,0,0,0,28
313,1836,4.72131,288,100,29,0,0,0,0,0,0,0,0,32
314,1854,4.98214,279,100,25,0,0,0,0,0,0,0,0,31
315,1482,4.5,243,100,27,0,0,0,0,0,0,0,0,27
316,1728,4.89474,279,100,26,0,0,0,0,0,0,0,0,31
317,1526,6.05455,333,100,18,0,0,0,0,0,0,0,0,37
318,1622,6.26786,351,100,17,0,0,0,0,0,0,0,0,39
319,1416,5.4,297,100,22,0,0,0,0,0,0,0,0,33
320,1446,4.82143,270,100,26,0,0,0,0,0,0,0,0,30
321,1318,4.5,234,100,26,0,0,0,0,0,0,0,0,26
322,1556,4.5,288,100,32,0,0,0,0,0,0,0,0,32
323,1200,4.35,261,100,31,0,0,0,0,0,0,0,0,29
324,1156,4.2,252,100,32,0,0,0,0,0,0,0,0,28
325,1184,4.27119,252,100,31,0,0,0,0,0,0,0,0,28
326,1066,4.03509,230,100,31,0,0,0,0,1,0,0,0,25
327,1460,5,315,100,28,0,0,0,0,0,0,0,0,35
328,1310,4.57377,279,100,30,0,0,0,0,0,0,0,0,31
329,1304,4.2,252,100,32,0,0,0,0,0,0,0,0,28
330,1292,4.65,279,100,29,0,0,0,0,0,0,0,0,31
331,1162,4.2,252,100,32,0,0,0,0,0,0,0,0,28
332,1314,4.64516,288,100,30,0,0,0,0,0,0,0,0,32
333,1184,4.72881,279,100,28,0,0,0,0,0,0,0,0,31
334,1102,4.28571,270,100,33,0,0,0,0,0,0,0,0,30
335,1216,4.64516,288,100,30,0,0,0,0,0,0,0,0,32
336,1254,4.72131,288,100,29,0,0,0,0,0,0,0,0,32
337,1378,5.08065,315,100,27,0,0,0,0,0,0,0,0,35
338,1302,5.01639,306,100,27,0,0,0,0,0,0,0,0,34
339,1214,5.14286,288,100,24,0,0,0,0,0,0,0,0,32
340,1380,4.20968,261,100,33,0,0,0,0,0,0,0,0,29
341,1320,3.53571,198,100,34,0,0,0,0,0,0,0,0,22
342,1494,4.8,288,100,28,0,0,0,0,0,0,0,0,32
343,1244,4.25455,234,100,29,0,0,0,0,0,0,0,0,26
344,1570,3.9,234,100,34,0,0,0,0,0,0,0,0,26
345,1444,4,248,100,34,0,0,0,0,1,0,0,0,27
346,1582,3.09836,189,100,40,0,0,0,0,0,0,0,0,21
347,1426,2.89286,162,100,38,0,0,0,0,0,0,0,0,18
348,1446,3.61404,206,100,34,0,0,0,0,0,0,0,1,22
349,1576,3.77193,215,100,33,0,0,0,0,0,0,0,1,23
350,1276,3.7069,215,100,34,0,0,0,0,0,0,0,1,23
351,1612,3.72414,216,100,34,0,0,0,0,0,0,0,0,24
352,1372,3.78,189,100,29,0,0,0,0,0,0,0,0,21
353,1508,3.94737,225,100,32,0,0,0,0,0,0,0,0,25
354,1312,3.10345,180,100,38,0,0,0,0,0,0,0,0,20
355,1418,3.51562,225,100,39,0,0,0,0,0,0,0,0,25
356,1330,2.95082,180,100,41,0,0,0,0,0,0,0,0,20
357,1424,2.42857,153,100,46,0,0,0,0,0,0,0,0,17
358,1384,3.33871,207,100,39,0,0,0,0,0,0,0,0,23
359,1478,3.75,225,100,35,0,0,0,0,0,0,0,0,25
360,1550,3.6,216,100,36,0,0,0,0,0,0,0,0,24
361,1442,4.15385,270,100,35,0,0,0,0,0,0,0,0,30
362,1592,4.72881,279,100,28,0,0,0,0,0,0,0,0,31
363,1276,3.9,234,100,34,0,0,0,0,0,0,0,0,26
364,1490,3.87931,225,100,33,0,0,0,0,0,0,0,0,25
365,1582,4.34483,252,100,30,0,0,0,0,0,0,0,0,28
366,1360,3.78947,216,100,33,0,0,0,0,0,0,0,0,24
367,1430,4.64516,288,100,30,0,0,0,0,0,0,0,0,32
368,1346,4.66071,261,100,27,0,0,0,0,0,0,0,0,29
369,1400,4.26316,243,100,30,0,0,0,0,0,0,0,0,27
370,1518,4.13115,252,100,33,0,0,0,0,0,0,0,0,28
371,1488,3.98361,243,100,34,0,0,0,0,0,0,0,0,27
372,1584,3.33871,207,100,39,0,0,0,0,0,0,0,0,23
373,1514,3.10345,180,100,38,0,0,0,0,0,0,0,0,20
374,1486,4.05,243,100,33,0,0,0,0,0,0,0,0,27
375,1420,4.18333,251,100,32,0,0,0,0,0,0,0,1,27
376,1478,3.9,234,100,34,0,0,0,0,0,0,0,0,26
377,1518,3.6,234,100,39,0,0,0,0,0,0,0,0,26
378,1468,3.09836,189,100,40,0,0,0,0,0,0,0,0,21
379,1560,4.03448,234,100,32,0,0,0,0,0,0,0,0,26
380,1526,3.2459,198,100,39,0,0,0,0,0,0,0,0,22
381,1450,2.28571,144,100,47,0,0,0,0,0,0,0,0,16
382,1402,1.86207,108,100,46,0,0,0,0,0,0,0,0,12
383,1558,2.36066,144,100,45,0,0,0,0,0,0,0,0,16
384,1532,1.45588,99,100,57,0,0,0,0,0,0,0,0,11
385,1228,1.61194,108,100,55,0,0,0,0,0,0,0,0,12
386,1312,1.66154,108,100,53,0,0,0,0,0,0,0,0,12
387,1446,2.47692,161,100,47,0,0,0,0,0,0,0,1,17
388,1188,2.2,143,100,49,0,0,0,0,0,0,0,1,15
389,1448,2.04545,135,100,51,0,0,0,0,0,0,0,0,15
390,1436,2.46774,153,100,45,0,0,0,0,0,0,0,0,17
391,1384,3.14286,198,100,41,0,0,0,0,0,0,0,0,22
392,1262,2.94828,171,100,39,0,0,0,0,0,0,0,0,19
393,1444,3.03448,176,100,38,0,0,0,0,1,0,0,0,19
394,1486,3.2459,198,100,39,0,0,0,0,0,0,0,0,22
395,1270,2.25,135,100,45,0,0,0,0,0,0,0,0,15
396,1486,3.15,189,100,39,0,0,0,0,0,0,0,0,21
397,1348,2.80328,171,100,42,0,0,0,0,0,0,0,0,19
398,1294,2.7,162,100,42,0,0,0,0,0,0,0,0,18
399,1318,3.39344,207,100,38,0,0,0,0,0,0,0,0,23
400,1338,2.06557,126,100,47,0,0,0,0,0,0,0,0,14
401,1452,3.68852,225,100,36,0,0,0,0,0,0,0,0,25
402,1408,4.27119,252,100,31,0,0,0,0,0,0,0,0,28
403,1378,3.83607,234,100,35,0,0,0,0,0,0,0,0,26
404,1542,3.32308,216,100,41,0,0,0,0,0,0,0,0,24
405,1566,4.5,279,100,31,0,0,0,0,0,0,0,0,31
406,1250,2.7,162,100,42,0,0,0,0,0,0,0,0,18
407,1498,3.39344,207,100,38,0,0,0,0,0,0,0,0,23
408,1450,4.10526,234,100,31,0,0,0,0,0,0,0,0,26
409,1576,4,252,100,35,0,0,0,0,0,0,0,0,28
410,1454,4.65,279,100,29,0,0,0,0,0,0,0,0,31
411,1382,5.16393,315,100,26,0,0,0,0,0,0,0,0,35
412,1580,5.01639,306,100,27,0,0,0,0,0,0,0,0,34
413,1234,4.72881,279,100,28,0,0,0,0,0,0,0,0,31
414,1356,4.26316,243,100,30,0,0,0,0,0,0,0,0,27
415,1536,4.71429,297,100,30,0,0,0,0,0,0,0,0,33
416,1372,4.8,288,100,28,0,0,0,0,0,0,0,0,32
417,1674,4.15625,266,100,34,0,0,0,0,1,0,0,0,29
418,1412,4.14516,257,100,33,0,0,0,0,1,0,0,0,28
419,1352,3.3,198,100,38,0,0,0,0,0,0,0,0,22
420,1366,3.62903,225,100,37,0,0,0,0,0,0,0,0,25
421,1362,4.27119,252,100,31,0,0,0,0,0,0,0,0,28
422,1360,4.73684,270,100,27,0,0,0,0,0,0,0,0,30
423,1432,5.27586,306,100,24,0,0,0,0,0,0,0,0,34
424,1422,5.56364,306,100,21,0,0,0,0,0,0,0,0,34
425,1466,5.27586,306,100,24,0,0,0,0,0,0,0,0,34
426,1504,4.94118,252,100,23,0,0,0,0,0,0,0,0,28
427,1472,5.07273,279,100,24,0,0,0,0,0,0,0,0,31
428,1254,3.21429,180,100,36,0,0,0,0,0,0,0,0,20
429,1532,4.2,252,100,32,0,0,0,0,0,0,0,0,28
430,1410,3.31579,189,100,36,0,0,0,0,0,0,0,0,21
431,1570,3.3,198,100,38,0,0,0,0,0,0,0,0,22
432,1710,3.47368,198,100,35,0,0,0,0,0,0,0,0,22
433,1598,3.50847,207,100,36,0,0,0,0,0,0,0,0,23
434,1800,2.85714,180,100,43,0,0,0,0,0,0,0,0,20
435,1864,3.68852,225,100,36,0,0,0,0,0,0,0,0,25
436,1904,3.81356,225,100,34,0,0,0,0,0,0,0,0,25
437,1674,3.6,216,100,36,0,0,0,0,0,0,0,0,24
438,1484,4.27119,252,100,31,0,0,0,0,0,0,0,0,28
439,1582,3.9,234,100,34,0,0,0,0,0,0,0,0,26
440,1460,3.75,225,100,35,0,0,0,0,0,0,0,0,25
441,1302,3.05357,171,100,37,0,0,0,0,0,0,0,0,19
442,1456,3.66102,216,100,35,0,0,0,0,0,0,0,0,24
443,1452,3.15,189,100,39,0,0,0,0,0,0,0,0,21
444,1676,3.68852,225,100,36,0,0,0,0,0,0,0,0,25
445,1492,2.85,171,100,41,0,0,0,0,0,0,0,0,19
446,1782,3.45,207,100,37,0,0,0,0,0,0,0,0,23
447,1744,3.45,207,100,37,0,0,0,0,0,0,0,0,23
448,1942,3.32308,216,100,41,0,0,0,0,0,0,0,0,24
449,1664,3.39344,207,100,38,0,0,0,0,0,0,0,0,23
450,1866,4.13115,252,100,33,0,0,0,0,0,0,0,0,28
451,1852,3.62903,225,100,37,0,0,0,0,0,0,0,0,25
452,1466,3.69643,207,100,33,0,0,0,0,0,0,0,0,23
453,1890,4.73684,270,100,27,0,0,0,0,0,0,0,0,30
454,1854,4.41818,243,100,28,0,0,0,0,0,0,0,0,27
455,1698,3.69643,207,100,33,0,0,0,0,0,0,0,0,23
456,1670,3.76364,207,100,32,0,0,0,0,0,0,0,0,23
457,1888,2.85714,180,100,43,0,0,0,0,0,0,0,0,20
458,1906,2.90323,180,100,42,0,0,0,0,0,0,0,0,20
459,1564,2.78182,153,100,38,0,0,0,0,0,0,0,0,17
460,1668,3.68852,225,100,36,0,0,0,0,0,0,0,0,25
461,1458,3.20339,189,100,38,0,0,0,0,0,0,0,0,21
462,1628,3.14286,198,100,41,0,0,0,0,0,0,0,0,22
463,1514,2.85714,180,100,43,0,0,0,0,0,0,0,0,20
464,1272,3,189,100,42,0,0,0,0,0,0,0,0,21
465,1444,2.59091,171,100,47,0,0,0,0,0,0,0,0,19
466,1242,2.8125,180,100,44,0,0,0,0,0,0,0,0,20
467,1346,3.10345,180,100,38,0,0,0,0,0,0,0,0,20
468,1442,2.67188,171,100,45,0,0,0,0,0,0,0,0,19
469,1444,2.31818,153,100,49,0,0,0,0,0,0,0,0,17
470,1190,2.89831,171,100,40,0,0,0,0,0,0,0,0,19
471,1314,2.90769,189,100,44,0,0,0,0,0,0,0,0,21
472,1398,2.8125,180,100,44,0,0,0,0,0,0,0,0,20
473,1372,3.3,198,100,38,0,0,0,0,0,0,0,0,22
474,1596,3.51562,225,100,39,0,0,0,0,0,0,0,0,25
475,1476,3.15,189,100,39,0,0,0,0,0,0,0,0,21
476,1558,3.28571,207,100,40,0,0,0,0,0,0,0,0,23
477,1502,3.23438,207,100,41,0,0,0,0,0,0,0,0,23
478,1542,3.67692,239,100,38,0,0,0,0,1,0,0,0,26
479,1614,3.62295,221,100,36,0,0,0,0,1,0,0,0,24
480,1686,3.91935,243,100,35,0,0,0,0,0,0,0,0,27
481,1538,4.42373,261,100,30,0,0,0,0,0,0,0,0,29
482,1736,4.27869,261,100,32,0,0,0,0,0,0,0,0,29
483,1608,3.94737,225,100,32,0,0,0,0,0,0,0,0,25
484,1662,4.27119,252,100,31,0,0,0,0,0,0,0,0,28
485,1680,3.81356,225,100,34,0,0,0,0,0,0,0,0,25
486,1668,4.72131,288,100,29,0,0,0,0,0,0,0,0,32
487,1440,3.77419,234,100,36,0,0,0,0,0,0,0,0,26
488,1256,3.45,207,100,37,0,0,0,0,0,0,0,0,23
489,1326,3.22388,216,100,43,0,0,0,0,0,0,0,0,24
490,1404,3.23438,207,100,41,0,0,0,0,0,0,0,0,23
491,1858,3.09375,198,100,42,0,0,0,0,0,0,0,0,22
492,1750,3.05085,180,100,39,0,0,0,0,0,0,0,0,20
493,1536,3.33871,207,100,39,0,0,0,0,0,0,0,0,23
494,1790,3.66102,216,100,35,0,0,0,0,0,0,0,0,24
495,1706,3.72414,216,100,34,0,0,0,0,0,0,0,0,24
496,1494,3.375,189,100,35,0,0,0,0,0,0,0,0,21
497,1534,2.66667,152,100,40,0,0,0,0,0,0,0,1,16
498,1352,2.65574,162,100,43,0,0,0,0,0,0,0,0,18
499,1350,3.45,207,100,37,0,0,0,0,0,0,0,0,23
500,1318,3.71429,234,100,37,0,0,0,0,0,0,0,0,26
501,1572,4.88136,288,100,27,0,0,0,0,0,0,0,0,32
502,1444,4.22727,279,100,35,0,0,0,0,0,0,0,0,31
503,1738,4.43077,288,100,33,0,0,0,0,0,0,0,0,32
504,1808,4.72881,279,100,28,0,0,0,0,0,0,0,0,31
505,1644,5.0339,297,100,26,0,0,0,0,0,0,0,0,33
506,1652,4.82143,270,100,26,0,0,0,0,0,0,0,0,30
507,1428,3.90566,207,100,30,0,0,0,0,0,0,0,0,23
508,1804,5.46429,306,100,22,0,0,0,0,0,0,0,0,34
509,1512,4.89474,279,100,26,0,0,0,0,0,0,0,0,31
510,1790,4.72881,279,100,28,0,0,0,0,0,0,0,0,31
511,1394,4.11864,243,100,32,0,0,0,0,0,0,0,0,27
512,1158,5.07273,279,100,24,0,0,0,0,0,0,0,0,31
513,1326,5.74138,333,100,21,0,0,0,0,0,0,0,0,37
514,1472,6.10169,360,100,19,0,0,0,0,0,0,0,0,40
515,1380,5.08065,315,100,27,0,0,0,0,0,0,0,0,35
516,1630,4.65517,270,100,28,0,0,0,0,0,0,0,0,30
517,1760,5.0339,297,100,26,0,0,0,0,0,0,0,0,33
518,1842,5.08065,315,100,27,0,0,0,0,0,0,0,0,35
519,1460,4.26316,243,100,30,0,0,0,0,0,0,0,0,27
520,1622,4.72131,288,100,29,0,0,0,0,0,0,0,0,32
521,1614,4.64516,288,100,30,0,0,0,0,0,0,0,0,32
522,1526,5.25,315,100,25,0,0,0,0,0,0,0,0,35
523,1678,5.58621,324,100,22,0,0,0,0,0,0,0,0,36
524,1522,5.74138,333,100,21,0,0,0,0,0,0,0,0,37
525,1704,5.89655,342,100,20,0,0,0,0,0,0,0,0,38
526,1838,5.49153,324,100,23,0,0,0,0,0,0,0,0,36
527,1874,5.79661,342,100,21,0,0,0,0,0,0,0,0,38
528,1332,5.27586,306,100,24,0,0,0,0,0,0,0,0,34
529,1388,5.33333,288,100,22,0,0,0,0,0,0,0,0,32
530,1580,4.89474,279,100,26,0,0,0,0,0,0,0,0,31
531,1564,4.67308,243,100,25,0,0,0,0,0,0,0,0,27
532,1624,5.16667,279,100,23,0,0,0,0,0,0,0,0,31
533,1398,4.84615,252,100,24,0,0,0,0,0,0,0,0,28
534,1254,4.33929,243,100,29,0,0,0,0,0,0,0,0,27
535,1438,4.21875,270,100,34,0,0,0,0,0,0,0,0,30
536,1176,3.18462,207,100,42,0,0,0,0,0,0,0,0,23
537,1164,3.91935,243,100,35,0,0,0,0,0,0,0,0,27
538,1140,3.62687,243,100,40,0,0,0,0,0,0,0,0,27
539,1068,3.57143,225,100,38,0,0,0,0,0,0,0,0,25
540,1186,3.62903,225,100,37,0,0,0,0,0,0,0,0,25
541,1188,4.10526,234,100,31,0,0,0,0,0,0,0,0,26
542,1236,3.57143,225,100,38,0,0,0,0,0,0,0,0,25
543,1260,3.71429,234,100,37,0,0,0,0,0,0,0,0,26
544,1252,3.68182,243,100,39,0,0,0,0,0,0,0,0,27
545,1284,3.03125,194,100,42,0,0,0,0,1,0,0,0,21
546,1174,3.39344,207,100,38,0,0,0,0,0,0,0,0,23
547,1216,3.42857,216,100,39,0,0,0,0,0,0,0,0,24
548,1206,3.375,216,100,40,0,0,0,0,0,0,0,0,24
549,1226,3.3,198,100,38,0,0,0,0,0,0,0,0,22
550,1266,2.84211,162,100,39,0,0,0,0,0,0,0,0,18
551,1350,3.09836,189,100,40,0,0,0,0,0,0,0,0,21
552,1140,3.22642,171,100,34,0,0,0,0,0,0,0,0,19
553,1422,3.25862,189,100,37,0,0,0,0,0,0,0,0,21
554,1126,3.15789,180,100,37,0,0,0,0,0,0,0,0,20
555,1196,3,198,100,44,0,0,0,0,0,0,0,0,22
556,1318,3.39344,207,100,38,0,0,0,0,0,0,0,0,23
557,1434,4.14286,261,100,34,0,0,0,0,0,0,0,0,29
558,1390,3.48387,216,100,38,0,0,0,0,0,0,0,0,24
559,1370,4.73684,270,100,27,0,0,0,0,0,0,0,0,30
560,1510,4.82143,270,100,26,0,0,0,0,0,0,0,0,30
561,1556,4.5,261,100,29,0,0,0,0,0,0,0,0,29
562,1390,3.87931,225,100,33,0,0,0,0,0,0,0,0,25
563,1310,3.9661,234,100,33,0,0,0,0,0,0,0,0,26
564,1426,3.83607,234,100,35,0,0,0,0,0,0,0,0,26
565,1588,4.5,252,100,28,0,0,0,0,0,0,0,0,28
566,1716,5.42857,342,100,25,0,0,0,0,0,0,0,0,38
567,1646,6.10169,360,100,19,0,0,0,0,0,0,0,0,40
568,1632,5.14286,288,100,24,0,0,0,0,0,0,0,0,32
569,1544,4.8,288,100,28,0,0,0,0,0,0,0,0,32
570,1614,5,315,100,28,0,0,0,0,0,0,0,0,35
571,1348,4.57895,261,100,28,0,0,0,0,0,0,0,0,29
572,1442,4.88136,288,100,27,0,0,0,0,0,0,0,0,32
573,1538,4.89474,279,100,26,0,0,0,0,0,0,0,0,31
574,1406,4.42105,252,100,29,0,0,0,0,0,0,0,0,28
575,1450,4.5,261,100,29,0,0,0,0,0,0,0,0,29
576,1522,4.81034,279,100,27,0,0,0,0,0,0,0,0,31
577,1592,5.16667,279,100,23,0,0,0,0,0,0,0,0,31
578,1698,4.84615,252,100,24,0,0,0,0,0,0,0,0,28
579,1852,4.74545,261,100,26,0,0,0,0,0,0,0,0,29
580,1628,4.95918,243,100,22,0,0,0,0,0,0,0,0,27
581,2052,4.98214,279,100,25,0,0,0,0,0,0,0,0,31
582,1648,4.41818,243,100,28,0,0,0,0,0,0,0,0,27
583,1554,3.55556,224,100,38,0,0,0,0,0,0,0,1,24
584,1458,3.37705,206,100,38,0,0,0,0,0,0,0,1,22
585,1604,4.25424,251,100,31,0,0,0,0,0,0,0,1,27
586,1792,4.11864,243,100,32,0,0,0,0,0,0,0,0,27
587,1762,4.42373,261,100,30,0,0,0,0,0,0,0,0,29
588,1662,4.96552,288,100,26,0,0,0,0,0,0,0,0,32
589,1766,4.26316,243,100,30,0,0,0,0,0,0,0,0,27
590,1500,4.09091,225,100,30,0,0,0,0,0,0,0,0,25
591,1428,4.89474,279,100,26,0,0,0,0,0,0,0,0,31
592,1624,3.83607,234,100,35,0,0,0,0,0,0,0,0,26
593,1326,3.63158,207,100,34,0,0,0,0,0,0,0,0,23
594,1510,3.79688,243,100,37,0,0,0,0,0,0,0,0,27
595,1574,3.85714,243,100,36,0,0,0,0,0,0,0,0,27
596,1530,4.65517,270,100,28,0,0,0,0,0,0,0,0,30
597,1542,4.35484,270,100,32,0,0,0,0,0,0,0,0,30
598,1544,4.42623,270,100,31,0,0,0,0,0,0,0,0,30
599,1298,4.14286,261,100,34,0,0,0,0,0,0,0,0,29
600,1382,3.9,234,100,34,0,0,0,0,0,0,0,0,26
601,1224,3.43636,189,100,34,0,0,0,0,0,0,0,0,21
602,1374,3.81356,225,100,34,0,0,0,0,0,0,0,0,25
603,1246,2.80328,171,100,42,0,0,0,0,0,0,0,0,19
604,1598,3.81356,225,100,34,0,0,0,0,0,0,0,0,25
605,1492,3.50847,207,100,36,0,0,0,0,0,0,0,0,23
606,1468,3.87931,225,100,33,0,0,0,0,0,0,0,0,25
607,1474,4.01786,225,100,31,0,0,0,0,0,0,0,0,25
608,1450,4.41818,243,100,28,0,0,0,0,0,0,0,0,27
609,1624,4.42105,252,100,29,0,0,0,0,0,0,0,0,28
610,1510,3.78947,216,100,33,0,0,0,0,0,0,0,0,24
611,1466,3.48387,216,100,38,0,0,0,0,0,0,0,0,24
612,1262,2.41791,162,100,49,0,0,0,0,0,0,0,0,18
613,1448,2.90323,180,100,42,0,0,0,0,0,0,0,0,20
614,1522,3.47368,198,100,35,0,0,0,0,0,0,0,0,22
615,1556,3.9,234,100,34,0,0,0,0,0,0,0,0,26
616,1478,3.72414,216,100,34,0,0,0,0,0,0,0,0,24
617,1466,3.39344,207,100,38,0,0,0,0,0,0,0,0,23
618,1334,4.05,243,100,33,0,0,0,0,0,0,0,0,27
619,1220,3.9,234,100,34,0,0,0,0,0,0,0,0,26
620,1408,4.34483,252,100,30,0,0,0,0,0,0,0,0,28
621,1562,4.27869,261,100,32,0,0,0,0,0,0,0,0,29
622,1356,4.18966,243,100,31,0,0,0,0,0,0,0,0,27
623,1522,4.20968,261,100,33,0,0,0,0,0,0,0,0,29
624,1634,3.72308,242,100,38,0,0,0,0,0,0,0,1,26
625,1478,3.75,225,100,35,0,0,0,0,0,0,0,0,25
626,1728,3.83607,234,100,35,0,0,0,0,0,0,0,0,26
627,1720,3.25862,189,100,37,0,0,0,0,0,0,0,0,21
628,1640,3.66102,216,100,35,0,0,0,0,0,0,0,0,24
629,1248,3.66102,216,100,35,0,0,0,0,0,0,0,0,24
630,1286,3.48387,216,100,38,0,0,0,0,0,0,0,0,24
631,1528,3.77419,234,100,36,0,0,0,0,0,0,0,0,26
632,1430,4.13115,252,100,33,0,0,0,0,0,0,0,0,28
633,1398,4.64516,288,100,30,0,0,0,0,0,0,0,0,32
634,1294,4.65,279,100,29,0,0,0,0,0,0,0,0,31
635,1268,4.7931,278,100,27,0,0,0,0,0,0,0,1,30
636,1414,4.33333,260,100,31,0,0,0,0,0,0,0,1,28
637,1324,4.41818,243,100,28,0,0,0,0,0,0,0,0,27
638,1444,3.35593,198,100,37,0,0,0,0,0,0,0,0,22
639,1288,3.87931,225,100,33,0,0,0,0,0,0,0,0,25
640,1496,4.05,243,100,33,0,0,0,0,0,0,0,0,27
641,1520,4.5,243,100,27,0,0,0,0,0,0,0,0,27
642,1574,4.81034,279,100,27,0,0,0,0,0,0,0,0,31
643,1468,3.87931,225,100,33,0,0,0,0,0,0,0,0,25
644,1532,4.11864,243,100,32,0,0,0,0,0,0,0,0,27
645,1466,3.75,225,100,35,0,0,0,0,0,0,0,0,25
646,1562,4.65,279,100,29,0,0,0,0,0,0,0,0,31
647,1438,3.75,225,100,35,0,0,0,0,0,0,0,0,25
648,1678,4.57627,270,100,29,0,0,0,0,0,0,0,0,30
649,1402,3.6,216,100,36,0,0,0,0,0,0,0,0,24
650,1316,2.75806,171,100,43,0,0,0,0,0,0,0,0,19
651,1630,3.40909,225,100,41,0,0,0,0,0,0,0,0,25
652,1480,2.95312,189,100,43,0,0,0,0,0,0,0,0,21
653,1512,3.38333,203,100,37,0,0,0,0,1,0,0,0,22
654,1366,3.24561,185,100,36,0,0,0,0,1,0,0,0,20
655,1686,4,248,100,34,0,0,0,0,1,0,0,0,27
656,1550,3.9,234,100,34,0,0,0,0,0,0,0,0,26
657,1806,3.71429,234,100,37,0,0,0,0,0,0,0,0,26
658,1650,3.75,225,100,35,0,0,0,0,0,0,0,0,25
659,1302,3.09375,198,100,42,0,0,0,0,0,0,0,0,22
660,1298,3.09836,189,100,40,0,0,0,0,0,0,0,0,21
661,1106,2.85,171,100,41,0,0,0,0,0,0,0,0,19
662,1440,2.85714,180,100,43,0,0,0,0,0,0,0,0,20
663,1058,2.46774,153,100,45,0,0,0,0,0,0,0,0,17
664,1238,2.95312,189,100,43,0,0,0,0,0,0,0,0,21
665,1480,3.57143,225,100,38,0,0,0,0,0,0,0,0,25
666,1280,3.50847,207,100,36,0,0,0,0,0,0,0,0,23
667,1318,3.66102,216,100,35,0,0,0,0,0,0,0,0,24
668,1456,4.42623,270,100,31,0,0,0,0,0,0,0,0,30
669,1690,3.9661,234,100,33,0,0,0,0,0,0,0,0,26
670,1486,3.66102,216,100,35,0,0,0,0,0,0,0,0,24
671,1508,3.20339,189,100,38,0,0,0,0,0,0,0,0,21
672,1534,3.35593,198,100,37,0,0,0,0,0,0,0,0,22
673,1434,3.33871,207,100,39,0,0,0,0,0,0,0,0,23
674,1394,3.78947,216,100,33,0,0,0,0,0,0,0,0,24
675,1552,3.56897,207,100,35,0,0,0,0,0,0,0,0,23
676,1532,3.56897,207,100,35,0,0,0,0,0,0,0,0,23
677,1358,3.25862,189,100,37,0,0,0,0,0,0,0,0,21
678,1324,3.375,189,100,35,0,0,0,0,0,0,0,0,21
679,1592,2.85,171,100,41,0,0,0,0,0,0,0,0,19
680,1440,3.31579,189,100,36,0,0,0,0,0,0,0,0,21
681,1402,3.63158,207,100,34,0,0,0,0,0,0,0,0,23
682,1442,3.56897,207,100,35,0,0,0,0,0,0,0,0,23
683,1424,2.90323,180,100,42,0,0,0,0,0,0,0,0,20
684,992,2.63333,158,100,42,0,0,0,0,1,0,0,0,17
685,1260,2.14754,131,100,46,0,0,0,0,1,0,0,0,14
686,1440,2.40323,149,100,45,0,0,0,0,1,0,0,0,16
687,1342,2.87931,167,100,39,0,0,0,0,1,0,0,0,18
688,1708,3.75806,233,100,36,0,0,0,0,0,0,0,1,25
689,1562,3.57812,229,100,38,0,0,0,0,1,0,0,1,24
690,1768,3.70588,252,100,40,0,0,0,0,0,0,0,0,28
691,1778,3.73846,243,100,38,0,0,0,0,0,0,0,0,27
692,1892,4.93548,306,100,28,0,0,0,0,0,0,0,0,34
693,1442,4.42623,270,100,31,0,0,0,0,0,0,0,0,30
694,1354,3.85714,243,100,36,0,0,0,0,0,0,0,0,27
695,1184,3.31579,189,100,36,0,0,0,0,0,0,0,0,21
696,1528,3.375,216,100,40,0,0,0,0,0,0,0,0,24
697,1270,2.67188,171,100,45,0,0,0,0,0,0,0,0,19
698,1356,3.81356,225,100,34,0,0,0,0,0,0,0,0,25
699,1728,3.32308,216,100,41,0,0,0,0,0,0,0,0,24
700,1630,3.56897,207,100,35,0,0,0,0,0,0,0,0,23
701,1420,3.9,234,100,34,0,0,0,0,0,0,0,0,26
702,1656,4.43077,288,100,33,0,0,0,0,0,0,0,0,32
703,1572,4.66071,261,100,27,0,0,0,0,0,0,0,0,29
704,1534,4.82143,270,100,26,0,0,0,0,0,0,0,0,30
705,1472,4.66071,261,100,27,0,0,0,0,0,0,0,0,29
706,1750,4.66667,252,100,26,0,0,0,0,0,0,0,0,28
707,2074,5.09836,311,100,26,0,0,0,0,1,0,0,0,34
708,1380,3.92727,216,100,31,0,0,0,0,0,0,0,0,24
709,1554,3.75,225,100,35,0,0,0,0,0,0,0,0,25
710,1474,3.72414,216,100,34,0,0,0,0,0,0,0,0,24
711,1534,4.57143,288,100,31,0,0,0,0,0,0,0,0,32
712,1852,4.57377,279,100,30,0,0,0,0,0,0,0,0,31
713,1850,4.79032,297,100,29,0,0,0,0,0,0,0,0,33
714,1630,4.66071,261,100,27,0,0,0,0,0,0,0,0,29
715,1668,3.6,198,100,33,0,0,0,0,0,0,0,0,22
716,1664,4.18966,243,100,31,0,0,0,0,0,0,0,0,27
717,1422,4.33929,243,100,29,0,0,0,0,0,0,0,0,27
718,1274,3.15,189,100,39,0,0,0,0,0,0,0,0,21
719,1688,4.5,288,100,32,0,0,0,0,0,0,0,0,32
720,1388,4.27119,252,100,31,0,0,0,0,0,0,0,0,28
721,1646,4.79032,297,100,29,0,0,0,0,0,0,0,0,33
722,1320,4.64516,288,100,30,0,0,0,0,0,0,0,0,32
723,1498,4.29231,279,100,34,0,0,0,0,0,0,0,0,31
724,1552,4.2,252,100,32,0,0,0,0,0,0,0,0,28
725,1234,3.35593,198,100,37,0,0,0,0,0,0,0,0,22
726,1470,3.45,207,100,37,0,0,0,0,0,0,0,0,23
727,1616,3.40909,225,100,41,0,0,0,0,0,0,0,0,25
728,1352,3.05085,180,100,39,0,0,0,0,0,0,0,0,20
729,1478,4.42105,252,100,29,0,0,0,0,0,0,0,0,28
730,1354,3.90566,207,100,30,0,0,0,0,0,0,0,0,23
731,1654,4.14286,261,100,34,0,0,0,0,0,0,0,0,29
732,1658,4.28571,270,100,33,0,0,0,0,0,0,0,0,30
733,1920,4.88136,288,100,27,0,0,0,0,0,0,0,0,32
734,1790,4.5,270,100,30,0,0,0,0,0,0,0,0,30
735,1770,3.94737,225,100,32,0,0,0,0,0,0,0,0,25
736,1664,4.33929,243,100,29,0,0,0,0,0,0,0,0,27
737,2160,5.64407,333,100,22,0,0,0,0,0,0,0,0,37
738,1798,4.5,252,100,28,0,0,0,0,0,0,0,0,28
739,1826,5.43396,288,100,21,0,0,0,0,0,0,0,0,32
740,2182,4.74138,275,100,27,0,0,0,0,1,0,0,0,30
741,2110,4.34483,252,100,30,0,0,0,0,0,0,0,0,28
742,2060,5.26415,279,100,22,0,0,0,0,0,0,0,0,31
743,2224,5.21053,297,100,24,0,0,0,0,0,0,0,0,33
744,2422,5.01639,306,100,27,0,0,0,0,0,0,0,0,34
745,2416,4.71429,297,100,30,0,0,0,0,0,0,0,0,33
746,1232,4.28571,270,100,33,0,0,0,0,0,0,0,0,30
747,1122,4.27869,261,100,32,0,0,0,0,0,0,0,0,29
748,1098,4.57377,279,100,30,0,0,0,0,0,0,0,0,31
749,1348,4.64062,297,100,31,0,0,0,0,0,0,0,0,33
750,1298,5.0625,324,100,28,0,0,0,0,0,0,0,0,36
751,1236,4.5,279,100,31,0,0,0,0,0,0,0,0,31
752,1198,4.11864,243,100,32,0,0,0,0,0,0,0,0,27
753,1410,4.5,261,100,29,0,0,0,0,0,0,0,0,29
754,1294,3.71429,234,100,37,0,0,0,0,0,0,0,0,26
755,1372,4.2,252,100,32,0,0,0,0,0,0,0,0,28
756,1336,3.77419,234,100,36,0,0,0,0,0,0,0,0,26
757,1394,3.81356,225,100,34,0,0,0,0,0,0,0,0,25
758,1520,4.11864,243,100,32,0,0,0,0,0,0,0,0,27
759,1608,3.68852,225,100,36,0,0,0,0,0,0,0,0,25
760,1338,2.8125,180,100,44,0,0,0,0,0,0,0,0,20
761,1438,3,171,100,38,0,0,0,0,0,0,0,0,19
762,1368,3.375,189,100,35,0,0,0,0,0,0,0,0,21
763,1352,2.32759,135,100,43,0,0,0,0,0,0,0,0,15
764,1354,2.57143,162,100,45,0,0,0,0,0,0,0,0,18
765,1234,2.21538,144,100,49,0,0,0,0,0,0,0,0,16
766,1276,2,126,100,49,0,0,0,0,0,0,0,0,14
767,1392,2.59322,153,100,42,0,0,0,0,0,0,0,0,17
768,1432,2.48276,144,100,42,0,0,0,0,0,0,0,0,16
769,1132,2.68421,153,100,40,0,0,0,0,0,0,0,0,17
770,1164,2.8125,180,100,44,0,0,0,0,0,0,0,0,20
771,1346,3,189,100,42,0,0,0,0,0,0,0,0,21
772,1322,3.20339,189,100,38,0,0,0,0,0,0,0,0,21
773,1288,2.75806,171,100,43,0,0,0,0,0,0,0,0,19
774,1208,2.4,144,100,44,0,0,0,0,0,0,0,0,16
775,1700,3.19355,198,100,40,0,0,0,0,0,0,0,0,22
776,1390,2.28814,135,100,44,0,0,0,0,0,0,0,0,15
777,1570,3.66102,216,100,35,0,0,0,0,0,0,0,0,24
778,1460,3.21429,180,100,36,0,0,0,0,0,0,0,0,20
779,1594,2.95082,180,100,41,0,0,0,0,0,0,0,0,20
780,1924,2.85,171,100,41,0,0,0,0,0,0,0,0,19
781,1942,3.21429,180,100,36,0,0,0,0,0,0,0,0,20
782,1936,3.10909,171,100,36,0,0,0,0,0,0,0,0,19
783,1944,3.69643,207,100,33,0,0,0,0,0,0,0,0,23
784,1956,3,171,100,38,0,0,0,0,0,0,0,0,19
785,1730,2.36842,135,100,42,0,0,0,0,0,0,0,0,15
786,1856,2.90323,180,100,42,0,0,0,0,0,0,0,0,20
787,1660,2.63793,153,100,41,0,0,0,0,0,0,0,0,17
788,1510,2.84211,162,100,39,0,0,0,0,0,0,0,0,18
789,1474,2.7,162,100,42,0,0,0,0,0,0,0,0,18
790,1962,3.09375,198,100,42,0,0,0,0,0,0,0,0,22
791,1840,3.20339,189,100,38,0,0,0,0,0,0,0,0,21
792,1652,3.12903,194,100,40,0,0,0,0,1,0,0,0,21
793,2030,3.95455,261,100,37,0,0,0,0,0,0,0,0,29
794,1296,3.15789,180,100,37,0,0,0,0,0,0,0,0,20
795,1186,3.04839,189,100,41,0,0,0,0,0,0,0,0,21
796,1194,2.1,126,100,46,0,0,0,0,0,0,0,0,14
797,1436,2.76923,180,100,45,0,0,0,0,0,0,0,0,20
798,1468,2.08696,144,100,53,0,0,0,0,0,0,0,0,16
799,1450,2.04545,135,100,51,0,0,0,0,0,0,0,0,15
800,1668,2.8125,180,100,44,0,0,0,0,0,0,0,0,20
801,1324,2.01724,117,100,45,0,0,0,0,0,0,0,0,13
802,1564,2.94828,171,100,39,0,0,0,0,0,0,0,0,19
803,1862,3.04839,189,100,41,0,0,0,0,0,0,0,0,21
804,1692,3.39344,207,100,38,0,0,0,0,0,0,0,0,23
805,1760,3.03226,188,100,41,0,0,0,0,0,0,0,1,20
806,1710,3.33871,207,100,39,0,0,0,0,0,0,0,0,23
807,1702,3.78947,216,100,33,0,0,0,0,0,0,0,0,24
808,1614,4.57895,261,100,28,0,0,0,0,0,0,0,0,29
809,1606,4.05,243,100,33,0,0,0,0,0,0,0,0,27
810,1514,3.75,225,100,35,0,0,0,0,0,0,0,0,25
811,1396,3.48387,216,100,38,0,0,0,0,0,0,0,0,24
812,1380,3.42857,216,100,39,0,0,0,0,0,0,0,0,24
813,1470,3.9375,252,100,36,0,0,0,0,0,0,0,0,28
814,1696,4.57143,288,100,31,0,0,0,0,0,0,0,0,32
815,1900,4.5,297,100,33,0,0,0,0,0,0,0,0,33
816,2064,4.72581,293,100,29,0,0,0,0,1,0,0,0,32
817,2240,5.09836,311,100,26,0,0,0,0,1,0,0,0,34
818,2036,4.05,243,100,33,0,0,0,0,0,0,0,0,27
819,1934,4.57143,288,100,31,0,0,0,0,0,0,0,0,32
820,1934,4.5614,260,100,28,0,0,0,0,0,0,0,1,28
821,2330,5.03333,302,100,26,0,0,0,0,1,0,0,0,33
822,1974,4.16981,221,100,28,0,0,0,0,1,0,0,0,24
823,2226,4.5,288,100,32,0,0,0,0,0,0,0,0,32
824,2590,5.89655,342,100,20,0,0,0,0,0,0,0,0,38
825,2622,4.95,297,100,27,0,0,0,0,0,0,0,0,33
826,2776,4.42857,279,100,32,0,0,0,0,0,0,0,0,31
827,3096,4.71429,297,100,30,0,0,0,0,0,0,0,0,33
828,2918,4.27869,261,100,32,0,0,0,0,0,0,0,0,29
829,2548,2.59322,153,100,42,0,0,0,0,0,0,0,0,17
830,1558,3.10345,180,100,38,0,0,0,0,0,0,0,0,20
831,1506,3.20339,189,100,38,0,0,0,0,0,0,0,0,21
832,1446,2.85,171,100,41,0,0,0,0,0,0,0,0,19
833,1406,2.59322,153,100,42,0,0,0,0,0,0,0,0,17
834,1488,2.7,162,100,42,0,0,0,0,0,0,0,0,18
835,1628,2.90323,180,100,42,0,0,0,0,0,0,0,0,20
836,1420,2.36842,135,100,42,0,0,0,0,0,0,0,0,15
837,1920,3.39344,207,100,38,0,0,0,0,0,0,0,0,23
838,1776,3.10345,180,100,38,0,0,0,0,0,0,0,0,20
839,1762,3.28571,207,100,40,0,0,0,0,0,0,0,0,23
840,1840,3.2459,198,100,39,0,0,0,0,0,0,0,0,22
841,1972,3.48387,216,100,38,0,0,0,0,0,0,0,0,24
842,2472,4.30435,297,100,36,0,0,0,0,0,0,0,0,33
843,2684,3.87692,252,100,37,0,0,0,0,0,0,0,0,28
844,2790,3.48387,216,100,38,0,0,0,0,0,0,0,0,24
845,2538,4.13115,252,100,33,0,0,0,0,0,0,0,0,28
846,1882,4.5,288,100,32,0,0,0,0,0,0,0,0,32
847,2244,4.88136,288,100,27,0,0,0,0,0,0,0,0,32
848,2100,5.43396,288,100,21,0,0,0,0,0,0,0,0,32
849,1992,5.71429,320,100,20,0,0,0,0,1,0,0,0,35
850,2114,5.98182,329,100,18,0,0,0,0,1,0,0,0,36
851,1914,5,270,100,24,0,0,0,0,0,0,0,0,30
852,2102,5.52632,315,100,22,0,0,0,0,0,0,0,0,35
853,2284,5.43103,315,100,23,0,0,0,0,0,0,0,0,35
854,2790,5.89091,324,100,19,0,0,0,0,0,0,0,0,36
855,2150,4.58182,252,100,27,0,0,0,0,0,0,0,0,28
856,2298,5.43103,315,100,23,0,0,0,0,0,0,0,0,35
857,2288,4.90909,270,100,25,0,0,0,0,0,0,0,0,30
858,1912,5.16667,279,100,23,0,0,0,0,0,0,0,0,31
859,2086,5.5,297,100,21,0,0,0,0,0,0,0,0,33
860,1794,5.05263,288,100,25,0,0,0,0,0,0,0,0,32
861,1812,4.88136,288,100,27,0,0,0,0,0,0,0,0,32
862,1654,4.18966,243,100,31,0,0,0,0,0,0,0,0,27
863,1908,3.3,198,100,38,0,0,0,0,0,0,0,0,22
864,1930,3.68852,225,100,36,0,0,0,0,0,0,0,0,25
865,1440,3.09836,189,100,40,0,0,0,0,0,0,0,0,21
866,1322,2.67188,171,100,45,0,0,0,0,0,0,0,0,19
867,1704,3.65625,234,100,38,0,0,0,0,0,0,0,0,26
868,1496,3.22388,216,100,43,0,0,0,0,0,0,0,0,24
869,1616,4.09091,270,100,36,0,0,0,0,0,0,0,0,30
870,1700,4.42373,261,100,30,0,0,0,0,0,0,0,0,29
871,1814,3.79688,243,100,37,0,0,0,0,0,0,0,0,27
872,2064,4.28571,270,100,33,0,0,0,0,0,0,0,0,30
873,2328,3.62903,225,100,37,0,0,0,0,0,0,0,0,25
874,2354,3.20339,189,100,38,0,0,0,0,0,0,0,0,21
875,2390,3.72414,216,100,34,0,0,0,0,0,0,0,0,24
876,2766,4.11864,243,100,32,0,0,0,0,0,0,0,0,27
877,2238,4.41509,234,100,27,0,0,0,0,0,0,0,0,26
878,2840,4.73684,270,100,27,0,0,0,0,0,0,0,0,30
879,2868,4.65517,270,100,28,0,0,0,0,0,0,0,0,30
880,2734,4.81034,279,100,27,0,0,0,0,0,0,0,0,31
881,1858,4.07547,216,100,29,0,0,0,0,0,0,0,0,24
882,1370,4.24528,225,100,28,0,0,0,0,0,0,0,0,25
883,1428,4.33929,243,100,29,0,0,0,0,0,0,0,0,27
884,1882,4.73684,270,100,27,0,0,0,0,0,0,0,0,30
885,1620,4.58182,252,100,27,0,0,0,0,0,0,0,0,28
886,1542,3.33333,180,100,34,0,0,0,0,0,0,0,0,20
887,1562,4.5,261,100,29,0,0,0,0,0,0,0,0,29
888,1602,3.81356,225,100,34,0,0,0,0,0,0,0,0,25
889,1570,3.39623,180,100,33,0,0,0,0,0,0,0,0,20
890,1662,3.375,189,100,35,0,0,0,0,0,0,0,0,21
891,1786,4.66071,261,100,27,0,0,0,0,0,0,0,0,29
892,1740,4.5614,260,100,28,0,0,0,0,0,0,0,1,28
893,1736,3.78947,216,100,33,0,0,0,0,0,0,0,0,24
894,1460,3.69643,207,100,33,0,0,0,0,0,0,0,0,23
895,1668,4.10526,234,100,31,0,0,0,0,0,0,0,0,26
896,1768,3.21429,180,100,36,0,0,0,0,0,0,0,0,20
897,1540,3.39623,180,100,33,0,0,0,0,0,0,0,0,20
898,1596,4.15385,216,100,28,0,0,0,0,0,0,0,0,24
899,2018,3.5,189,100,33,0,0,0,0,0,0,0,0,21
900,1718,3,153,100,34,0,0,0,0,0,0,0,0,17
901,1652,3.85714,189,100,28,0,0,0,0,0,0,0,0,21
902,1816,3.17647,162,100,33,0,0,0,0,0,0,0,0,18
903,1812,3.24,162,100,32,0,0,0,0,0,0,0,0,18
904,1546,1.96364,108,100,43,0,0,0,0,0,0,0,0,12
905,1768,2.48276,144,100,42,0,0,0,0,0,0,0,0,16
906,1692,1.89474,108,100,45,0,0,0,0,0,0,0,0,12
907,1450,2.45455,135,100,40,0,0,0,0,0,0,0,0,15
908,1620,2.94828,171,100,39,0,0,0,0,0,0,0,0,19
909,1600,4,216,100,30,0,0,0,0,0,0,0,0,24
910,1436,4.32,216,100,26,0,0,0,0,0,0,0,0,24
911,1556,4.09091,225,100,30,0,0,0,0,0,0,0,0,25
912,1638,4.17857,234,100,30,0,0,0,0,0,0,0,0,26
913,1508,3.78947,216,100,33,0,0,0,0,0,0,0,0,24
914,1404,3.25862,189,100,37,0,0,0,0,0,0,0,0,21
915,1522,3.50847,207,100,36,0,0,0,0,0,0,0,0,23
916,1442,4.58182,252,100,27,0,0,0,0,0,0,0,0,28
917,1350,3.47368,198,100,35,0,0,0,0,0,0,0,0,22
918,1310,3.85714,216,100,32,0,0,0,0,0,0,0,0,24
919,1434,4.58182,252,100,27,0,0,0,0,0,0,0,0,28
920,1598,5.09259,275,100,23,0,0,0,0,1,0,0,0,30
921,1854,5.07143,284,100,24,0,0,0,0,1,0,0,0,31
922,1766,5.16667,279,100,23,0,0,0,0,0,0,0,0,31
923,1570,4.3125,207,100,25,0,0,0,0,0,0,0,0,23
924,1350,4.32,216,100,26,0,0,0,0,0,0,0,0,24
925,1444,4.16667,225,100,29,0,0,0,0,0,0,0,0,25
926,1614,4.18966,243,100,31,0,0,0,0,0,0,0,0,27
927,1612,4.11864,243,100,32,0,0,0,0,0,0,0,0,27
928,1952,4.27869,261,100,32,0,0,0,0,0,0,0,0,29
929,1692,3.6,198,100,33,0,0,0,0,0,0,0,0,22
930,1856,4.24528,225,100,28,0,0,0,0,0,0,0,0,25
931,2280,4.13115,252,100,33,0,0,0,0,0,0,0,0,28
932,2204,4.92453,261,100,24,0,0,0,0,0,0,0,0,29
933,2214,4.72881,279,100,28,0,0,0,0,0,0,0,0,31
934,1724,4.58491,243,100,26,0,0,0,0,0,0,0,0,27
935,1956,5.16667,279,100,23,0,0,0,0,0,0,0,0,31
936,2262,5.72727,315,100,20,0,0,0,0,0,0,0,0,35
937,1690,5.36538,279,100,21,0,0,0,0,0,0,0,0,31
938,1478,5.36538,279,100,21,0,0,0,0,0,0,0,0,31
939,1542,5.43396,288,100,21,0,0,0,0,0,0,0,0,32
940,1666,5.53846,288,100,20,0,0,0,0,0,0,0,0,32
941,1654,6.10714,342,100,18,0,0,0,0,0,0,0,0,38
942,1702,6.42857,360,100,16,0,0,0,0,0,0,0,0,40
943,1904,5.625,315,100,21,0,0,0,0,0,0,0,0,35
944,1822,4.57895,261,100,28,0,0,0,0,0,0,0,0,29
945,1708,4.17857,234,100,30,0,0,0,0,0,0,0,0,26
946,1754,3.92727,216,100,31,0,0,0,0,0,0,0,0,24
947,1982,4.10526,234,100,31,0,0,0,0,0,0,0,0,26
948,1850,4.01786,225,100,31,0,0,0,0,0,0,0,0,25
949,2004,4.90909,270,100,25,0,0,0,0,0,0,0,0,30
950,1890,4.91071,275,100,25,0,0,0,0,1,0,0,0,30
951,1714,4.89474,279,100,26,0,0,0,0,0,0,0,0,31
952,1760,4.57627,270,100,29,0,0,0,0,0,0,0,0,30
953,1844,5.21053,297,100,24,0,0,0,0,0,0,0,0,33
954,1850,4.82143,270,100,26,0,0,0,0,0,0,0,0,30
955,2030,5.60656,342,100,23,0,0,0,0,0,0,0,0,38
956,1680,4.72881,279,100,28,0,0,0,0,0,0,0,0,31
957,1964,4.42623,270,100,31,0,0,0,0,0,0,0,0,30
958,1800,3.91935,243,100,35,0,0,0,0,0,0,0,0,27
959,1856,4.13115,252,100,33,0,0,0,0,0,0,0,0,28
960,1704,4.33929,243,100,29,0,0,0,0,0,0,0,0,27
961,1568,4.33929,243,100,29,0,0,0,0,0,0,0,0,27
962,1730,4.34483,252,100,30,0,0,0,0,0,0,0,0,28
963,1670,4.81034,279,100,27,0,0,0,0,0,0,0,0,31
964,1478,5.09434,270,100,23,0,0,0,0,0,0,0,0,30
965,1588,4.94118,252,100,23,0,0,0,0,0,0,0,0,28
966,1416,4.27119,252,100,31,0,0,0,0,0,0,0,0,28
967,1366,4.34483,252,100,30,0,0,0,0,0,0,0,0,28
968,1384,4.73684,270,100,27,0,0,0,0,0,0,0,0,30
969,1172,4.41818,243,100,28,0,0,0,0,0,0,0,0,27
970,1648,4.42105,252,100,29,0,0,0,0,0,0,0,0,28
971,1694,4.42623,270,100,31,0,0,0,0,0,0,0,0,30
972,1358,3.94737,225,100,32,0,0,0,0,0,0,0,0,25
973,1294,3.35593,198,100,37,0,0,0,0,0,0,0,0,22
974,1286,4.50877,257,100,28,0,0,0,0,1,0,0,0,28
975,1328,4.58065,284,100,30,0,0,0,0,1,0,0,0,31
976,1266,4.05,243,100,33,0,0,0,0,0,0,0,0,27
977,1318,4.17857,234,100,30,0,0,0,0,0,0,0,0,26
978,1258,3.72414,216,100,34,0,0,0,0,0,0,0,0,24
979,1464,4.5,288,100,32,0,0,0,0,0,0,0,0,32
980,1348,4.57627,270,100,29,0,0,0,0,0,0,0,0,30
981,1590,4.35484,270,100,32,0,0,0,0,0,0,0,0,30
982,1598,4.18966,243,100,31,0,0,0,0,0,0,0,0,27
983,1874,5.4,297,100,22,0,0,0,0,0,0,0,0,33
984,1906,5.25,315,100,25,0,0,0,0,0,0,0,0,35
985,1648,5.78571,324,100,20,0,0,0,0,0,0,0,0,36
986,1818,5.12069,297,100,25,0,0,0,0,0,0,0,0,33
987,1372,4.90909,270,100,25,0,0,0,0,0,0,0,0,30
988,1494,4.5,261,100,29,0,0,0,0,0,0,0,0,29
989,1328,3.21429,180,100,36,0,0,0,0,0,0,0,0,20
990,1184,3.56897,207,100,35,0,0,0,0,0,0,0,0,23
991,1290,4.5,252,100,28,0,0,0,0,0,0,0,0,28
992,1258,4.5,234,100,26,0,0,0,0,0,0,0,0,26
993,1350,3.94737,225,100,32,0,0,0,0,0,0,0,0,25
994,1382,4.42373,261,100,30,0,0,0,0,0,0,0,0,29
995,1186,4.18966,243,100,31,0,0,0,0,0,0,0,0,27
996,1460,4.20968,261,100,33,0,0,0,0,0,0,0,0,29
997,1404,4.5,261,100,29,0,0,0,0,0,0,0,0,29
998,1510,4.14516,257,100,33,0,0,0,0,1,0,0,0,28
999,1662,3.03125,194,100,42,0,0,0,0,1,0,0,0,21
