update,points,mean_tasks,total_tasks,total_orgs,task_0,task_1,task_2,task_3,task_4,task_5,task_6,task_7,task_8,task_9
0,0,nan,0,10,0,0,0,0,0,0,0,0,0,0
1,8,0,0,10,4,0,0,0,0,0,0,0,0,0
2,14,0,0,10,5,0,0,0,0,0,0,0,0,0
3,16,0,0,10,5,0,0,0,0,0,0,0,0,0
4,18,0,0,10,6,0,0,0,0,0,0,0,0,0
5,24,0,0,10,6,0,0,0,0,0,0,0,0,0
6,24,0,0,10,6,0,0,0,0,0,0,0,0,0
7,26,0,0,10,6,0,0,0,0,0,0,0,0,0
8,28,0,0,10,6,0,0,0,0,0,0,0,0,0
9,34,0,0,10,7,0,0,0,0,0,0,0,0,0
10,34,0,0,10,7,0,0,0,0,0,0,0,0,0
11,36,0,0,10,7,0,0,0,0,0,0,0,0,0
12,40,0,0,10,7,0,0,0,0,0,0,0,0,0
13,44,0,0,10,7,0,0,0,0,0,0,0,0,0
14,44,0,0,10,7,0,0,0,0,0,0,0,0,0
15,48,0,0,10,7,0,0,0,0,0,0,0,0,0
16,48,0,0,10,7,0,0,0,0,0,0,0,0,0
17,50,0,0,10,7,0,0,0,0,0,0,0,0,0
18,56,0,0,10,7,0,0,0,0,0,0,0,0,0
19,56,0,0,10,7,0,0,0,0,0,0,0,0,0
20,40,0,0,11,7,0,0,0,0,0,0,0,0,0
21,42,0,0,11,8,0,0,0,0,0,0,0,0,0
22,50,0,0,11,8,0,0,0,0,0,0,0,0,0
23,52,0,0,11,8,0,0,0,0,0,0,0,0,0
24,54,0,0,11,8,0,0,0,0,0,0,0,0,0
25,58,0,0,11,8,0,0,0,0,0,0,0,0,0
26,62,0,0,11,8,0,0,0,0,0,0,0,0,0
27,64,0,0,11,8,0,0,0,0,0,0,0,0,0
28,66,0,0,11,8,0,0,0,0,0,0,0,0,0
29,70,0,0,11,8,0,0,0,0,0,0,0,0,0
30,74,0,0,11,8,0,0,0,0,0,0,0,0,0
31,78,0,0,11,8,0,0,0,0,0,0,0,0,0
32,82,0,0,11,8,0,0,0,0,0,0,0,0,0
33,84,0,0,11,8,0,0,0,0,0,0,0,0,0
34,86,0,0,11,8,0,0,0,0,0,0,0,0,0
35,72,0,0,12,8,0,0,0,0,0,0,0,0,0
36,74,0,0,12,8,0,0,0,0,0,0,0,0,0
37,80,0,0,12,9,0,0,0,0,0,0,0,0,0
38,84,0,0,12,9,0,0,0,0,0,0,0,0,0
39,70,0,0,13,9,0,0,0,0,0,0,0,0,0
40,58,0,0,14,10,0,0,0,0,0,0,0,0,0
41,64,0,0,14,11,0,0,0,0,0,0,0,0,0
42,70,0,0,14,11,0,0,0,0,0,0,0,0,0
43,56,0,0,15,11,0,0,0,0,0,0,0,0,0
44,58,0,0,15,11,0,0,0,0,0,0,0,0,0
45,70,0,0,15,12,0,0,0,0,0,0,0,0,0
46,76,0,0,15,12,0,0,0,0,0,0,0,0,0
47,80,0,0,15,12,0,0,0,0,0,0,0,0,0
48,88,0,0,15,12,0,0,0,0,0,0,0,0,0
49,92,0,0,15,12,0,0,0,0,0,0,0,0,0
50,100,0,0,15,12,0,0,0,0,0,0,0,0,0
51,104,0,0,15,12,0,0,0,0,0,0,0,0,0
52,92,0,0,16,12,0,0,0,0,0,0,0,0,0
53,100,0,0,16,13,0,0,0,0,0,0,0,0,0
54,104,0,0,16,13,0,0,0,0,0,0,0,0,0
55,110,0,0,16,13,0,0,0,0,0,0,0,0,0
56,118,0,0,16,13,0,0,0,0,0,0,0,0,0
57,124,0,0,16,13,0,0,0,0,0,0,0,0,0
58,104,0,0,16,12,0,0,0,0,0,0,0,0,0
59,78,0,0,16,12,0,0,0,0,0,0,0,0,0
60,88,0,0,16,13,0,0,0,0,0,0,0,0,0
61,92,0,0,16,13,0,0,0,0,0,0,0,0,0
62,96,0,0,16,13,0,0,0,0,0,0,0,0,0
63,102,0,0,16,13,0,0,0,0,0,0,0,0,0
64,108,0,0,16,13,0,0,0,0,0,0,0,0,0
65,112,0,0,16,13,0,0,0,0,0,0,0,0,0
66,120,0,0,16,13,0,0,0,0,0,0,0,0,0
67,122,0,0,16,13,0,0,0,0,0,0,0,0,0
68,126,0,0,16,13,0,0,0,0,0,0,0,0,0
69,84,0,0,17,12,0,0,0,0,0,0,0,0,0
70,86,0,0,17,12,0,0,0,0,0,0,0,0,0
71,96,0,0,17,14,0,0,0,0,0,0,0,0,0
72,102,0,0,17,14,0,0,0,0,0,0,0,0,0
73,108,0,0,17,14,0,0,0,0,0,0,0,0,0
74,114,0,0,17,14,0,0,0,0,0,0,0,0,0
75,120,0,0,17,14,0,0,0,0,0,0,0,0,0
76,126,0,0,17,14,0,0,0,0,0,0,0,0,0
77,106,0,0,17,13,0,0,0,0,0,0,0,0,0
78,96,0,0,18,14,0,0,0,0,0,0,0,0,0
79,102,0,0,18,15,0,0,0,0,0,0,0,0,0
80,112,0,0,18,15,0,0,0,0,0,0,0,0,0
81,118,0,0,18,15,0,0,0,0,0,0,0,0,0
82,124,0,0,18,15,0,0,0,0,0,0,0,0,0
83,132,0,0,18,15,0,0,0,0,0,0,0,0,0
84,136,0,0,18,15,0,0,0,0,0,0,0,0,0
85,140,0,0,18,15,0,0,0,0,0,0,0,0,0
86,118,0,0,18,14,0,0,0,0,0,0,0,0,0
87,122,0,0,18,14,0,0,0,0,0,0,0,0,0
88,130,0,0,18,15,0,0,0,0,0,0,0,0,0
89,114,0,0,19,15,0,0,0,0,0,0,0,0,0
90,124,0,0,19,15,0,0,0,0,0,0,0,0,0
91,128,0,0,19,16,0,0,0,0,0,0,0,0,0
92,136,0,0,19,16,0,0,0,0,0,0,0,0,0
93,142,0,0,19,16,0,0,0,0,0,0,0,0,0
94,150,0,0,19,16,0,0,0,0,0,0,0,0,0
95,138,0,0,20,16,0,0,0,0,0,0,0,0,0
96,122,0,0,21,16,0,0,0,0,0,0,0,0,0
97,112,0,0,21,17,0,0,0,0,0,0,0,0,0
98,124,0,0,21,18,0,0,0,0,0,0,0,0,0
99,130,0,0,21,18,0,0,0,0,0,0,0,0,0
100,140,0,0,21,18,0,0,0,0,0,0,0,0,0
101,112,0,0,21,17,0,0,0,0,0,0,0,0,0
102,116,0,0,21,17,0,0,0,0,0,0,0,0,0
103,102,0,0,21,17,0,0,0,0,0,0,0,0,0
104,112,0,0,21,18,0,0,0,0,0,0,0,0,0
105,116,0,0,21,18,0,0,0,0,0,0,0,0,0
106,120,0,0,21,18,0,0,0,0,0,0,0,0,0
107,130,0,0,21,18,0,0,0,0,0,0,0,0,0
108,136,0,0,21,18,0,0,0,0,0,0,0,0,0
109,142,0,0,21,18,0,0,0,0,0,0,0,0,0
110,128,0,0,21,18,0,0,0,0,0,0,0,0,0
111,116,0,0,22,18,0,0,0,0,0,0,0,0,0
112,120,0,0,22,18,0,0,0,0,0,0,0,0,0
113,130,0,0,22,19,0,0,0,0,0,0,0,0,0
114,136,0,0,22,19,0,0,0,0,0,0,0,0,0
115,112,0,0,22,18,0,0,0,0,0,0,0,0,0
116,96,0,0,22,18,0,0,0,0,0,0,0,0,0
117,104,0,0,22,19,0,0,0,0,0,0,0,0,0
118,108,0,0,22,19,0,0,0,0,0,0,0,0,0
119,112,0,0,22,19,0,0,0,0,0,0,0,0,0
120,118,0,0,22,19,0,0,0,0,0,0,0,0,0
121,122,0,0,22,19,0,0,0,0,0,0,0,0,0
122,128,0,0,22,19,0,0,0,0,0,0,0,0,0
123,128,0,0,22,19,0,0,0,0,0,0,0,0,0
124,132,0,0,22,19,0,0,0,0,0,0,0,0,0
125,100,0,0,22,18,0,0,0,0,0,0,0,0,0
126,102,0,0,22,18,0,0,0,0,0,0,0,0,0
127,120,0.263158,5,22,18,0,0,0,0,1,0,0,0,0
128,114,0.263158,5,23,18,0,0,0,0,1,0,0,0,0
129,116,0.263158,5,23,18,0,0,0,0,1,0,0,0,0
130,122,0.25,5,23,19,0,0,0,0,1,0,0,0,0
131,128,0.25,5,23,19,0,0,0,0,1,0,0,0,0
132,134,0.25,5,23,19,0,0,0,0,1,0,0,0,0
133,136,0.25,5,23,19,0,0,0,0,1,0,0,0,0
134,140,0.25,5,23,19,0,0,0,0,1,0,0,0,0
135,126,0.25,5,24,19,0,0,0,0,1,0,0,0,0
136,128,0.238095,5,24,20,0,0,0,0,1,0,0,0,0
137,116,0.238095,5,25,20,0,0,0,0,1,0,0,0,0
138,100,0.238095,5,25,20,0,0,0,0,1,0,0,0,0
139,102,0.238095,5,25,20,0,0,0,0,1,0,0,0,0
140,108,0.227273,5,25,21,0,0,0,0,1,0,0,0,0
141,110,0.227273,5,25,21,0,0,0,0,1,0,0,0,0
142,118,0.227273,5,25,21,0,0,0,0,1,0,0,0,0
143,120,0.227273,5,25,21,0,0,0,0,1,0,0,0,0
144,122,0.227273,5,25,21,0,0,0,0,1,0,0,0,0
145,130,0.227273,5,25,21,0,0,0,0,1,0,0,0,0
146,134,0.227273,5,25,21,0,0,0,0,1,0,0,0,0
147,134,0.227273,5,25,21,0,0,0,0,1,0,0,0,0
148,112,0.238095,5,25,20,0,0,0,0,1,0,0,0,0
149,120,0.227273,5,25,21,0,0,0,0,1,0,0,0,0
150,122,0.227273,5,25,21,0,0,0,0,1,0,0,0,0
151,126,0.227273,5,25,21,0,0,0,0,1,0,0,0,0
152,134,0.227273,5,25,21,0,0,0,0,1,0,0,0,0
153,134,0.227273,5,25,21,0,0,0,0,1,0,0,0,0
154,136,0.227273,5,25,21,0,0,0,0,1,0,0,0,0
155,124,0.227273,5,26,21,0,0,0,0,1,0,0,0,0
156,124,0.227273,5,26,21,0,0,0,0,1,0,0,0,0
157,126,0.217391,5,26,22,0,0,0,0,1,0,0,0,0
158,178,0.608696,14,27,21,0,0,0,0,1,0,0,0,1
159,156,0.608696,14,27,21,0,0,0,0,1,0,0,0,1
160,140,0.583333,14,28,22,0,0,0,0,1,0,0,0,1
161,148,0.56,14,28,23,0,0,0,0,1,0,0,0,1
162,154,0.56,14,28,23,0,0,0,0,1,0,0,0,1
163,158,0.56,14,28,23,0,0,0,0,1,0,0,0,1
164,160,0.56,14,28,23,0,0,0,0,1,0,0,0,1
165,164,0.56,14,28,23,0,0,0,0,1,0,0,0,1
166,168,0.56,14,28,23,0,0,0,0,1,0,0,0,1
167,172,0.56,14,28,23,0,0,0,0,1,0,0,0,1
168,174,0.56,14,28,23,0,0,0,0,1,0,0,0,1
169,180,0.56,14,28,23,0,0,0,0,1,0,0,0,1
170,184,0.56,14,28,23,0,0,0,0,1,0,0,0,1
171,158,0.583333,14,28,22,0,0,0,0,1,0,0,0,1
172,118,0.608696,14,29,21,0,0,0,0,1,0,0,0,1
173,124,0.56,14,29,23,0,0,0,0,1,0,0,0,1
174,130,0.538462,14,29,24,0,0,0,0,1,0,0,0,1
175,132,0.538462,14,29,24,0,0,0,0,1,0,0,0,1
176,140,0.538462,14,29,24,0,0,0,0,1,0,0,0,1
177,142,0.538462,14,29,24,0,0,0,0,1,0,0,0,1
178,146,0.538462,14,29,24,0,0,0,0,1,0,0,0,1
179,152,0.538462,14,29,24,0,0,0,0,1,0,0,0,1
180,156,0.538462,14,29,24,0,0,0,0,1,0,0,0,1
181,156,0.538462,14,29,24,0,0,0,0,1,0,0,0,1
182,162,0.538462,14,29,24,0,0,0,0,1,0,0,0,1
183,166,0.538462,14,29,24,0,0,0,0,1,0,0,0,1
184,172,0.538462,14,29,24,0,0,0,0,1,0,0,0,1
185,156,0.538462,14,30,24,0,0,0,0,1,0,0,0,1
186,166,0.518519,14,30,25,0,0,0,0,1,0,0,0,1
187,170,0.518519,14,30,25,0,0,0,0,1,0,0,0,1
188,176,0.518519,14,30,25,0,0,0,0,1,0,0,0,1
189,182,0.518519,14,30,25,0,0,0,0,1,0,0,0,1
190,186,0.518519,14,30,25,0,0,0,0,1,0,0,0,1
191,190,0.518519,14,30,25,0,0,0,0,1,0,0,0,1
192,192,0.518519,14,30,25,0,0,0,0,1,0,0,0,1
193,198,0.518519,14,30,25,0,0,0,0,1,0,0,0,1
194,202,0.518519,14,30,25,0,0,0,0,1,0,0,0,1
195,206,0.518519,14,30,25,0,0,0,0,1,0,0,0,1
196,210,0.518519,14,30,25,0,0,0,0,1,0,0,0,1
197,214,0.518519,14,30,25,0,0,0,0,1,0,0,0,1
198,214,0.518519,14,30,25,0,0,0,0,1,0,0,0,1
199,196,0.538462,14,30,24,0,0,0,0,1,0,0,0,1
200,206,0.518519,14,30,25,0,0,0,0,1,0,0,0,1
201,212,0.518519,14,30,25,0,0,0,0,1,0,0,0,1
202,216,0.518519,14,30,25,0,0,0,0,1,0,0,0,1
203,222,0.518519,14,30,25,0,0,0,0,1,0,0,0,1
204,228,0.518519,14,30,25,0,0,0,0,1,0,0,0,1
205,190,0.538462,14,30,24,0,0,0,0,1,0,0,0,1
206,176,0.538462,14,31,24,0,0,0,0,1,0,0,0,1
207,158,0.538462,14,32,24,0,0,0,0,1,0,0,0,1
208,166,0.482759,14,32,27,0,0,0,0,1,0,0,0,1
209,174,0.482759,14,32,27,0,0,0,0,1,0,0,0,1
210,182,0.482759,14,32,27,0,0,0,0,1,0,0,0,1
211,186,0.482759,14,32,27,0,0,0,0,1,0,0,0,1
212,230,0.821429,23,32,25,0,0,0,0,1,0,0,0,2
213,188,0.5,14,32,26,0,0,0,0,1,0,0,0,1
214,192,0.482759,14,32,27,0,0,0,0,1,0,0,0,1
215,176,0.321429,9,32,27,0,0,0,0,0,0,0,0,1
216,176,0.321429,9,32,27,0,0,0,0,0,0,0,0,1
217,186,0.310345,9,32,28,0,0,0,0,0,0,0,0,1
218,236,0.310345,9,33,28,0,0,0,0,0,0,0,0,1
219,216,0.321429,9,33,27,0,0,0,0,0,0,0,0,1
220,172,0.310345,9,33,28,0,0,0,0,0,0,0,0,1
221,202,0.310345,9,34,28,0,0,0,0,0,0,0,0,1
222,274,0.6,18,35,28,0,0,0,0,0,0,0,0,2
223,194,0.310345,9,36,28,0,0,0,0,0,0,0,0,1
224,184,0.272727,9,36,32,0,0,0,0,0,0,0,0,1
225,196,0.272727,9,36,32,0,0,0,0,0,0,0,0,1
226,290,0.545455,18,38,31,0,0,0,0,0,0,0,0,2
227,266,0.545455,18,38,31,0,0,0,0,0,0,0,0,2
228,276,0.794118,27,40,31,0,0,0,0,0,0,0,0,3
229,288,0.794118,27,41,31,0,0,0,0,0,0,0,0,3
230,300,0.5,18,42,34,0,0,0,0,0,0,0,0,2
231,378,0.486486,18,44,35,0,0,0,0,0,0,0,0,2
232,320,0.486486,18,45,35,0,0,0,0,0,0,0,0,2
233,352,0.972973,36,46,33,0,0,0,0,0,0,0,0,4
234,346,0.675,27,48,37,0,0,0,0,0,0,0,0,3
235,442,0.230769,9,48,38,0,0,0,0,0,0,0,0,1
236,456,0.236842,9,50,37,0,0,0,0,0,0,0,0,1
237,424,0.219512,9,53,40,0,0,0,0,0,0,0,0,1
238,452,0.209302,9,54,42,0,0,0,0,0,0,0,0,1
239,560,0.613636,27,55,41,0,0,0,0,0,0,0,0,3
240,760,0.627907,27,57,40,0,0,0,0,0,0,0,0,3
241,534,0.375,18,60,46,0,0,0,0,0,0,0,0,2
242,602,1.4,63,61,38,0,0,0,0,0,0,0,0,7
243,712,0.765957,36,62,43,0,0,0,0,0,0,0,0,4
244,548,0.529412,27,64,48,0,0,0,0,0,0,0,0,3
245,698,1.03846,54,64,46,0,0,0,0,0,0,0,0,6
246,516,0.692308,36,66,48,0,0,0,0,0,0,0,0,4
247,688,0.642857,36,69,52,0,0,0,0,0,0,0,0,4
248,656,0.642857,36,71,52,0,0,0,0,0,0,0,0,4
249,702,1.125,63,71,49,0,0,0,0,0,0,0,0,7
250,776,0.803571,45,71,51,0,0,0,0,0,0,0,0,5
251,670,0.803571,45,71,51,0,0,0,0,0,0,0,0,5
252,662,0.473684,27,72,54,0,0,0,0,0,0,0,0,3
253,550,0.457627,27,73,56,0,0,0,0,0,0,0,0,3
254,592,0.642857,36,73,52,0,0,0,0,0,0,0,0,4
255,536,0.155172,9,75,57,0,0,0,0,0,0,0,0,1
256,624,0.473684,27,75,54,0,0,0,0,0,0,0,0,3
257,768,0.610169,36,76,55,0,0,0,0,0,0,0,0,4
258,700,0.435484,27,77,59,0,0,0,0,0,0,0,0,3
259,714,0.435484,27,78,59,0,0,0,0,0,0,0,0,3
260,816,0.359375,23,80,61,0,0,0,0,1,0,0,0,2
261,726,0.5625,36,81,60,0,0,0,0,0,0,0,0,4
262,690,0.385714,27,83,67,0,0,0,0,0,0,0,0,3
263,808,0.642857,45,84,65,0,0,0,0,0,0,0,0,5
264,804,0.514286,36,84,66,0,0,0,0,0,0,0,0,4
265,772,0.514286,36,84,66,0,0,0,0,0,0,0,0,4
266,726,0.739726,54,85,67,0,0,0,0,0,0,0,0,6
267,792,0.493151,36,85,69,0,0,0,0,0,0,0,0,4
268,732,0.257143,18,85,68,0,0,0,0,0,0,0,0,2
269,732,0.507042,36,87,67,0,0,0,0,0,0,0,0,4
270,756,0.561644,41,87,68,0,0,0,0,1,0,0,0,4
271,880,0.75,54,87,66,0,0,0,0,0,0,0,0,6
272,880,0.507042,36,88,67,0,0,0,0,0,0,0,0,4
273,842,0.608108,45,90,69,0,0,0,0,0,0,0,0,5
274,948,0.760563,54,90,65,0,0,0,0,0,0,0,0,6
275,790,0.529412,36,90,64,0,0,0,0,0,0,0,0,4
276,792,0.608108,45,92,69,0,0,0,0,0,0,0,0,5
277,920,0.710526,54,92,70,0,0,0,0,0,0,0,0,6
278,884,0.72973,54,92,68,0,0,0,0,0,0,0,0,6
279,772,0.84,63,92,68,0,0,0,0,0,0,0,0,7
280,930,1.23288,90,92,63,0,0,0,0,0,0,0,0,10
281,778,0.616438,45,92,68,0,0,0,0,0,0,0,0,5
282,776,0.96,72,93,67,0,0,0,0,0,0,0,0,8
283,772,0.96,72,93,67,0,0,0,0,0,0,0,0,8
284,698,0.701299,54,93,71,0,0,0,0,0,0,0,0,6
285,968,1.32,99,93,64,0,0,0,0,0,0,0,0,11
286,822,1.05195,81,93,68,0,0,0,0,0,0,0,0,9
287,690,0.828947,63,93,69,0,0,0,0,0,0,0,0,7
288,984,1.30263,99,93,65,0,0,0,0,0,0,0,0,11
289,934,1.06579,81,93,67,0,0,0,0,0,0,0,0,9
290,1118,1.16883,90,94,67,0,0,0,0,0,0,0,0,10
291,1032,0.56962,45,95,74,0,0,0,0,0,0,0,0,5
292,1178,1.05195,81,96,68,0,0,0,0,0,0,0,0,9
293,966,1.02532,81,97,70,0,0,0,0,0,0,0,0,9
294,1202,1.13924,90,97,69,0,0,0,0,0,0,0,0,10
295,1170,1.02532,81,97,70,0,0,0,0,0,0,0,0,9
296,986,0.768293,63,98,75,0,0,0,0,0,0,0,0,7
297,1230,1.27059,108,98,73,0,0,0,0,0,0,0,0,12
298,1248,1.48101,117,99,66,0,0,0,0,0,0,0,0,13
299,1150,1.28571,99,99,66,0,0,0,0,0,0,0,0,11
300,1352,1.89474,144,100,60,0,0,0,0,0,0,0,0,16
301,1224,1.2,90,100,65,0,0,0,0,0,0,0,0,10
302,1276,1.36709,108,100,67,0,0,0,0,0,0,0,0,12
303,1156,1.2375,99,100,69,0,0,0,0,0,0,0,0,11
304,1282,1.77632,135,100,61,0,0,0,0,0,0,0,0,15
305,1266,1.9125,153,100,63,0,0,0,0,0,0,0,0,17
306,1276,1.8,144,100,64,0,0,0,0,0,0,0,0,16
307,1274,1.8,144,100,64,0,0,0,0,0,0,0,0,16
308,1278,1.73077,135,100,63,0,0,0,0,0,0,0,0,15
309,1580,2.33766,180,100,57,0,0,0,0,0,0,0,0,20
310,1376,1.73077,135,100,63,0,0,0,0,0,0,0,0,15
311,1380,2.01316,153,100,59,0,0,0,0,0,0,0,0,17
312,1532,1.93671,153,100,62,0,0,0,0,0,0,0,0,17
313,1514,1.75325,135,100,62,0,0,0,0,0,0,0,0,15
314,1614,1.79487,140,100,62,0,0,0,0,1,0,0,0,15
315,1736,1.64865,122,100,60,0,0,0,0,1,0,0,0,13
316,1208,2,144,100,56,0,0,0,0,0,0,0,0,16
317,960,1.45588,99,100,57,0,0,0,0,0,0,0,0,11
318,1156,1.89474,144,100,60,0,0,0,0,0,0,0,0,16
319,1156,1.33784,99,100,63,0,0,0,0,0,0,0,0,11
320,1164,1.44,108,100,63,0,0,0,0,0,0,0,0,12
321,1352,1.39437,99,100,60,0,0,0,0,0,0,0,0,11
322,1214,0.972973,72,100,66,0,0,0,0,0,0,0,0,8
323,1040,0.851351,63,100,67,0,0,0,0,0,0,0,0,7
324,988,0.96,72,100,67,0,0,0,0,0,0,0,0,8
325,1002,1.01408,72,100,63,0,0,0,0,0,0,0,0,8
326,1164,0.923077,72,100,70,0,0,0,0,0,0,0,0,8
327,1116,1.25,90,100,62,0,0,0,0,0,0,0,0,10
328,1394,1.26761,90,100,61,0,0,0,0,0,0,0,0,10
329,1074,1,72,100,64,0,0,0,0,0,0,0,0,8
330,1494,1.35616,99,100,62,0,0,0,0,0,0,0,0,11
331,918,0.72973,54,100,68,0,0,0,0,0,0,0,0,6
332,1060,1.25,90,100,62,0,0,0,0,0,0,0,0,10
333,1042,1.26761,90,100,61,0,0,0,0,0,0,0,0,10
334,1074,1.23288,90,100,63,0,0,0,0,0,0,0,0,10
335,1346,1.375,99,100,61,0,0,0,0,0,0,0,0,11
336,1380,1.02857,72,100,62,0,0,0,0,0,0,0,0,8
337,1402,1.58824,108,100,56,0,0,0,0,0,0,0,0,12
338,1250,0.72973,54,100,68,0,0,0,0,0,0,0,0,6
339,1096,1.26761,90,100,61,0,0,0,0,0,0,0,0,10
340,1200,1.43478,99,100,58,0,0,0,0,0,0,0,0,11
341,1346,1.54286,108,100,58,0,0,0,0,0,0,0,0,12
342,1068,1.36364,90,100,56,0,0,0,0,0,0,0,0,10
343,1116,1.52113,108,100,59,0,0,0,0,0,0,0,0,12
344,1042,2.02817,144,100,55,0,0,0,0,0,0,0,0,16
345,916,1.39437,99,100,60,0,0,0,0,0,0,0,0,11
346,880,1.82812,117,100,51,0,0,0,0,0,0,0,0,13
347,900,1.43478,99,100,58,0,0,0,0,0,0,0,0,11
348,956,1.72059,117,100,55,0,0,0,0,0,0,0,0,13
349,1200,2.47826,171,100,50,0,0,0,0,0,0,0,0,19
350,1102,2.31818,153,100,49,0,0,0,0,0,0,0,0,17
351,1170,2.21538,144,100,49,0,0,0,0,0,0,0,0,16
352,1046,1.52113,108,100,59,0,0,0,0,0,0,0,0,12
353,1060,1.82609,126,100,55,0,0,0,0,0,0,0,0,14
354,1302,2.38235,162,100,50,0,0,0,0,0,0,0,0,18
355,1252,2.10294,143,100,52,0,0,0,0,0,0,0,1,15
356,1340,1.95652,135,100,54,0,0,0,0,0,0,0,0,15
357,1378,2.42857,170,100,51,0,0,0,0,0,0,0,1,18
358,1598,2.38235,162,100,50,0,0,0,0,0,0,0,0,18
359,1620,2.90323,180,100,42,0,0,0,0,0,0,0,0,20
360,1652,2.45455,162,100,48,0,0,0,0,0,0,0,0,18
361,1404,2.46774,153,100,45,0,0,0,0,0,0,0,0,17
362,1530,2.34783,162,100,51,0,0,0,0,0,0,0,0,18
363,1676,2.41791,162,100,49,0,0,0,0,0,0,0,0,18
364,1604,2.55224,171,100,48,0,0,0,0,0,0,0,0,19
365,1676,1.72059,117,100,55,0,0,0,0,0,0,0,0,13
366,1564,1.63636,108,100,54,0,0,0,0,0,0,0,0,12
367,1992,1.95652,135,100,54,0,0,0,0,0,0,0,0,15
368,1950,2.11765,144,100,52,0,0,0,0,0,0,0,0,16
369,2168,2.21538,144,100,49,0,0,0,0,0,0,0,0,16
370,2320,2.65574,162,100,43,0,0,0,0,0,0,0,0,18
371,2126,1.73684,99,100,46,0,0,0,0,0,0,0,0,11
372,2366,1.95,117,100,47,0,0,0,0,0,0,0,0,13
373,1366,2.44068,144,100,43,0,0,0,0,0,0,0,0,16
374,1274,1.95,117,100,47,0,0,0,0,0,0,0,0,13
375,1282,1.8,117,100,52,0,0,0,0,0,0,0,0,13
376,1374,1.77049,108,100,49,0,0,0,0,0,0,0,0,12
377,1528,2.57143,162,100,45,0,0,0,0,0,0,0,0,18
378,1426,2.28571,144,100,47,0,0,0,0,0,0,0,0,16
379,1398,2.06557,126,100,47,0,0,0,0,0,0,0,0,14
380,1568,2.35385,153,100,48,0,0,0,0,0,0,0,0,17
381,1490,1.93846,126,100,51,0,0,0,0,0,0,0,0,14
382,1772,2.06557,126,100,47,0,0,0,0,0,0,0,0,14
383,1622,2.17742,135,100,47,0,0,0,0,0,0,0,0,15
384,1662,2.5082,153,100,44,0,0,0,0,0,0,0,0,17
385,1742,2.59322,153,100,42,0,0,0,0,0,0,0,0,17
386,1876,2.89286,162,100,38,0,0,0,0,0,0,0,0,18
387,1932,2.94545,162,100,37,0,0,0,0,0,0,0,0,18
388,1854,2.14286,135,100,48,0,0,0,0,0,0,0,0,15
389,1874,2.54717,135,100,38,0,0,0,0,0,0,0,0,15
390,1966,2,126,100,49,0,0,0,0,0,0,0,0,14
391,2014,2.6129,162,100,44,0,0,0,0,0,0,0,0,18
392,1838,1.92857,108,100,44,0,0,0,0,0,0,0,0,12
393,2268,3,180,100,40,0,0,0,0,0,0,0,0,20
394,2168,2.44068,144,100,43,0,0,0,0,0,0,0,0,16
395,1844,2.84211,162,100,39,0,0,0,0,0,0,0,0,18
396,1702,2.75806,171,100,43,0,0,0,0,0,0,0,0,19
397,996,2.80328,171,100,42,0,0,0,0,0,0,0,0,19
398,1068,2.25,144,100,48,0,0,0,0,0,0,0,0,16
399,1014,2.64706,180,100,48,0,0,0,0,0,0,0,0,20
400,976,2.40845,171,100,52,0,0,0,0,0,0,0,0,19
401,1092,2.41791,162,100,49,0,0,0,0,0,0,0,0,18
402,992,2.47826,171,100,50,0,0,0,0,0,0,0,0,19
403,1084,2.41791,162,100,49,0,0,0,0,0,0,0,0,18
404,1058,2.59091,171,100,47,0,0,0,0,0,0,0,0,19
405,1036,2.375,171,100,53,0,0,0,0,0,0,0,0,19
406,1288,3,207,100,46,0,0,0,0,0,0,0,0,23
407,1164,2.55224,171,100,48,0,0,0,0,0,0,0,0,19
408,1244,3.14286,198,100,41,0,0,0,0,0,0,0,0,22
409,1346,2.8209,189,100,46,0,0,0,0,0,0,0,0,21
410,1288,2.68657,180,100,47,0,0,0,0,0,0,0,0,20
411,1192,3.18462,207,100,42,0,0,0,0,0,0,0,0,23
412,1120,3.40909,225,100,41,0,0,0,0,0,0,0,0,25
413,1410,3.76119,252,100,39,0,0,0,0,0,0,0,0,28
414,1246,2.95522,198,100,45,0,0,0,0,0,0,0,0,22
415,1146,2.8209,189,100,46,0,0,0,0,0,0,0,0,21
416,1238,3.40909,225,100,41,0,0,0,0,0,0,0,0,25
417,1062,2.95522,198,100,45,0,0,0,0,0,0,0,0,22
418,1136,3.04412,207,100,45,0,0,0,0,0,0,0,0,23
419,1082,2.68657,180,100,47,0,0,0,0,0,0,0,0,20
420,1378,3.32877,243,100,46,0,0,0,0,0,0,0,0,27
421,1212,3.22388,216,100,43,0,0,0,0,0,0,0,0,24
422,1120,3.08955,207,100,44,0,0,0,0,0,0,0,0,23
423,1390,3.9375,252,100,36,0,0,0,0,0,0,0,0,28
424,1246,3.19355,198,100,40,0,0,0,0,0,0,0,0,22
425,1260,3.27273,216,100,42,0,0,0,0,0,0,0,0,24
426,1046,3.13636,207,100,43,0,0,0,0,0,0,0,0,23
427,1186,3.33871,207,100,39,0,0,0,0,0,0,0,0,23
428,1266,3.97059,270,100,38,0,0,0,0,0,0,0,0,30
429,888,3.28571,207,100,40,0,0,0,0,0,0,0,0,23
430,1338,4.21875,270,100,34,0,0,0,0,0,0,0,0,30
431,1270,4.11475,251,100,33,0,0,0,0,0,0,0,1,27
432,1188,4.05,243,100,33,0,0,0,0,0,0,0,0,27
433,1400,4.28571,270,100,33,0,0,0,0,0,0,0,0,30
434,1396,3.75,225,100,35,0,0,0,0,0,0,0,0,25
435,1450,3.62903,225,100,37,0,0,0,0,0,0,0,0,25
436,1576,3.91935,243,100,35,0,0,0,0,0,0,0,0,27
437,1094,3.63158,207,100,34,0,0,0,0,0,0,0,0,23
438,1294,4.57627,270,100,29,0,0,0,0,0,0,0,0,30
439,1168,4.27869,261,100,32,0,0,0,0,0,0,0,0,29
440,1202,3.54098,216,100,37,0,0,0,0,0,0,0,0,24
441,1206,2.95082,180,100,41,0,0,0,0,0,0,0,0,20
442,1162,3.28571,207,100,40,0,0,0,0,0,0,0,0,23
443,996,3,171,100,38,0,0,0,0,0,0,0,0,19
444,1076,2.5082,153,100,44,0,0,0,0,0,0,0,0,17
445,1208,3.04839,189,100,41,0,0,0,0,0,0,0,0,21
446,1168,3.6,216,100,36,0,0,0,0,0,0,0,0,24
447,1424,3.91935,243,100,35,0,0,0,0,0,0,0,0,27
448,1294,3.32787,203,100,38,0,0,0,0,1,0,0,0,22
449,1490,3.85484,239,100,35,0,0,0,0,1,0,0,0,26
450,1584,4.4375,284,100,32,0,0,0,0,1,0,0,0,31
451,1412,3.95455,261,100,37,0,0,0,0,0,0,0,0,29
452,1578,3.93651,248,100,35,0,0,0,0,1,0,0,0,27
453,1426,3.57143,225,100,38,0,0,0,0,0,0,0,0,25
454,1502,3.68852,225,100,36,0,0,0,0,0,0,0,0,25
455,1422,3.79688,243,100,37,0,0,0,0,0,0,0,0,27
456,1642,4.27692,278,100,34,0,0,0,0,0,0,0,1,30
457,1604,4.27869,261,100,32,0,0,0,0,0,0,0,0,29
458,1590,3.9375,252,100,36,0,0,0,0,0,0,0,0,28
459,1576,3.65625,234,100,38,0,0,0,0,0,0,0,0,26
460,1624,3.62903,225,100,37,0,0,0,0,0,0,0,0,25
461,1524,4.0303,266,100,36,0,0,0,0,1,0,0,0,29
462,1126,4.14516,257,100,33,0,0,0,0,1,0,0,0,28
463,1382,4.22222,266,100,33,0,0,0,0,1,0,0,0,29
464,1492,5.09836,311,100,26,0,0,0,0,1,0,0,0,34
465,1408,4.05,243,100,33,0,0,0,0,0,0,0,0,27
466,1606,4.35938,279,100,33,0,0,0,0,0,0,0,0,31
467,1698,4.21875,270,100,34,0,0,0,0,0,0,0,0,30
468,1332,3.48387,216,100,38,0,0,0,0,0,0,0,0,24
469,1322,4.71429,297,100,30,0,0,0,0,0,0,0,0,33
470,1262,4.21875,270,100,34,0,0,0,0,0,0,0,0,30
471,1304,3.87692,252,100,37,0,0,0,0,0,0,0,0,28
472,1330,5,315,100,28,0,0,0,0,0,0,0,0,35
473,1374,5.04545,333,100,29,0,0,0,0,0,0,0,0,37
474,1266,4.84615,315,100,30,0,0,0,0,0,0,0,0,35
475,1202,3.95455,261,100,37,0,0,0,0,0,0,0,0,29
476,1616,5.0625,324,100,28,0,0,0,0,0,0,0,0,36
477,1486,5.0339,297,100,26,0,0,0,0,0,0,0,0,33
478,1554,4.72131,288,100,29,0,0,0,0,0,0,0,0,32
479,1498,5.42857,342,100,25,0,0,0,0,0,0,0,0,38
480,1336,4.65517,270,100,28,0,0,0,0,0,0,0,0,30
481,1256,4.5,279,100,31,0,0,0,0,0,0,0,0,31
482,1140,4.5,279,100,31,0,0,0,0,0,0,0,0,31
483,1414,4.63636,306,100,32,0,0,0,0,0,0,0,0,34
484,1320,4.79032,297,100,29,0,0,0,0,0,0,0,0,33
485,1262,5.12069,297,100,25,0,0,0,0,0,0,0,0,33
486,1330,5.37097,333,100,25,0,0,0,0,0,0,0,0,37
487,1298,4.95,297,100,27,0,0,0,0,0,0,0,0,33
488,1480,5.48438,351,100,25,0,0,0,0,0,0,0,0,39
489,1404,4.79032,297,100,29,0,0,0,0,0,0,0,0,33
490,1296,4.93548,306,100,28,0,0,0,0,0,0,0,0,34
491,1330,4.79032,297,100,29,0,0,0,0,0,0,0,0,33
492,1540,5.31818,351,100,27,0,0,0,0,0,0,0,0,39
493,1312,4.95,297,100,27,0,0,0,0,0,0,0,0,33
494,1430,5.4,351,100,26,0,0,0,0,0,0,0,0,39
495,1358,6,378,100,21,0,0,0,0,0,0,0,0,42
496,1260,5.67692,369,100,24,0,0,0,0,0,0,0,0,41
497,1352,5.37313,360,100,27,0,0,0,0,0,0,0,0,40
498,1198,5.01639,306,100,27,0,0,0,0,0,0,0,0,34
499,1490,5.60656,342,100,23,0,0,0,0,0,0,0,0,38
500,1350,6.05172,351,100,19,0,0,0,0,0,0,0,0,39
501,1342,5.80645,360,100,22,0,0,0,0,0,0,0,0,40
502,1226,5.52632,315,100,22,0,0,0,0,0,0,0,0,35
503,1132,5.18644,306,100,25,0,0,0,0,0,0,0,0,34
504,1138,5.43103,315,100,23,0,0,0,0,0,0,0,0,35
505,1360,5.55,333,100,23,0,0,0,0,0,0,0,0,37
506,1508,4.57143,288,100,31,0,0,0,0,0,0,0,0,32
507,1300,4.01538,261,100,36,0,0,0,0,0,0,0,0,29
508,1086,3.81538,248,100,37,0,0,0,0,1,0,0,0,27
509,1262,3.62295,221,100,36,0,0,0,0,1,0,0,0,24
510,1228,3.42857,216,100,39,0,0,0,0,0,0,0,0,24
511,1458,3.35821,225,100,42,0,0,0,0,0,0,0,0,25
512,1370,2.72727,180,100,46,0,0,0,0,0,0,0,0,20
513,1202,3.22388,216,100,43,0,0,0,0,0,0,0,0,24
514,1456,4.06452,252,100,34,0,0,0,0,0,0,0,0,28
515,1450,3.91935,243,100,35,0,0,0,0,0,0,0,0,27
516,1300,4.35484,270,100,32,0,0,0,0,0,0,0,0,30
517,1590,4.71429,297,100,30,0,0,0,0,0,0,0,0,33
518,1440,3.9661,234,100,33,0,0,0,0,0,0,0,0,26
519,1386,3.75,225,100,35,0,0,0,0,0,0,0,0,25
520,1764,4.85714,306,100,29,0,0,0,0,0,0,0,0,34
521,1540,3.62903,225,100,37,0,0,0,0,0,0,0,0,25
522,1510,4.72881,279,100,28,0,0,0,0,0,0,0,0,31
523,1546,4.72131,288,100,29,0,0,0,0,0,0,0,0,32
524,1416,4.06452,252,100,34,0,0,0,0,0,0,0,0,28
525,1594,3.91935,243,100,35,0,0,0,0,0,0,0,0,27
526,1488,3.6,216,100,36,0,0,0,0,0,0,0,0,24
527,1508,3.63158,207,100,34,0,0,0,0,0,0,0,0,23
528,1460,3.98361,243,100,34,0,0,0,0,0,0,0,0,27
529,1382,3.46154,225,100,40,0,0,0,0,0,0,0,0,25
530,1408,3.62903,225,100,37,0,0,0,0,0,0,0,0,25
531,1300,3.48387,216,100,38,0,0,0,0,0,0,0,0,24
532,1386,4.20968,261,100,33,0,0,0,0,0,0,0,0,29
533,1510,3.71429,234,100,37,0,0,0,0,0,0,0,0,26
534,1206,2.90769,189,100,44,0,0,0,0,0,0,0,0,21
535,1174,3.32308,216,100,41,0,0,0,0,0,0,0,0,24
536,1578,3.83607,234,100,35,0,0,0,0,0,0,0,0,26
537,1448,3.2459,198,100,39,0,0,0,0,0,0,0,0,22
538,1234,3.9661,234,100,33,0,0,0,0,0,0,0,0,26
539,1524,5.09836,311,100,26,0,0,0,0,1,0,0,0,34
540,1186,4.57627,270,100,29,0,0,0,0,0,0,0,0,30
541,1308,4.78333,287,100,28,0,0,0,0,0,0,0,1,31
542,1490,5.14754,314,100,26,0,0,0,0,0,0,0,1,34
543,1448,5.01695,296,100,26,0,0,0,0,0,0,0,1,32
544,1544,4.81034,279,100,27,0,0,0,0,0,0,0,0,31
545,1688,4.65,279,100,29,0,0,0,0,0,0,0,0,31
546,1758,4.65517,270,100,28,0,0,0,0,0,0,0,0,30
547,1968,4.11864,243,100,32,0,0,0,0,0,0,0,0,27
548,1736,2.95082,180,100,41,0,0,0,0,0,0,0,0,20
549,1490,2.90323,180,100,42,0,0,0,0,0,0,0,0,20
550,1692,3.91935,243,100,35,0,0,0,0,0,0,0,0,27
551,1756,4.20968,261,100,33,0,0,0,0,0,0,0,0,29
552,1436,3.79688,243,100,37,0,0,0,0,0,0,0,0,27
553,1372,3.33871,207,100,39,0,0,0,0,0,0,0,0,23
554,1514,4.02985,270,100,37,0,0,0,0,0,0,0,0,30
555,1246,3,207,100,46,0,0,0,0,0,0,0,0,23
556,1186,3.6,216,100,36,0,0,0,0,0,0,0,0,24
557,1552,3.81356,225,100,34,0,0,0,0,0,0,0,0,25
558,1818,4.65,279,100,29,0,0,0,0,0,0,0,0,31
559,1692,4.41818,243,100,28,0,0,0,0,0,0,0,0,27
560,1518,4.18966,243,100,31,0,0,0,0,0,0,0,0,27
561,1630,4.5,261,100,29,0,0,0,0,0,0,0,0,29
562,1538,4.42623,270,100,31,0,0,0,0,0,0,0,0,30
563,1604,4.05,243,100,33,0,0,0,0,0,0,0,0,27
564,1420,4.27869,261,100,32,0,0,0,0,0,0,0,0,29
565,1352,3.75,225,100,35,0,0,0,0,0,0,0,0,25
566,1612,5.27586,306,100,24,0,0,0,0,0,0,0,0,34
567,2072,5.52632,315,100,22,0,0,0,0,0,0,0,0,35
568,2006,5.23636,288,100,23,0,0,0,0,0,0,0,0,32
569,1890,5.43103,315,100,23,0,0,0,0,0,0,0,0,35
570,1858,4.42373,261,100,30,0,0,0,0,0,0,0,0,29
571,1930,4.81034,279,100,27,0,0,0,0,0,0,0,0,31
572,2074,5.1,306,100,26,0,0,0,0,0,0,0,0,34
573,1884,4.66071,261,100,27,0,0,0,0,0,0,0,0,29
574,1414,4.09091,225,100,30,0,0,0,0,0,0,0,0,25
575,1516,4.5,261,100,29,0,0,0,0,0,0,0,0,29
576,1480,3.91935,243,100,35,0,0,0,0,0,0,0,0,27
577,1466,3.91935,243,100,35,0,0,0,0,0,0,0,0,27
578,1494,4.42105,252,100,29,0,0,0,0,0,0,0,0,28
579,1472,4.17857,234,100,30,0,0,0,0,0,0,0,0,26
580,1578,3.94737,225,100,32,0,0,0,0,0,0,0,0,25
581,1506,4.92453,261,100,24,0,0,0,0,0,0,0,0,29
582,1814,5.49153,324,100,23,0,0,0,0,0,0,0,0,36
583,1746,4.98246,284,100,25,0,0,0,0,1,0,0,0,31
584,1306,4.58929,257,100,27,0,0,0,0,1,0,0,0,28
585,1210,3.44068,203,100,36,0,0,0,0,1,0,0,0,22
586,1468,3.75,225,100,35,0,0,0,0,0,0,0,0,25
587,1698,3.73846,243,100,38,0,0,0,0,0,0,0,0,27
588,1600,4.13115,252,100,33,0,0,0,0,0,0,0,0,28
589,1624,4.10526,234,100,31,0,0,0,0,0,0,0,0,26
590,1628,3.50847,207,100,36,0,0,0,0,0,0,0,0,23
591,1616,2.95082,180,100,41,0,0,0,0,0,0,0,0,20
592,1738,3.6,216,100,36,0,0,0,0,0,0,0,0,24
593,1720,3.87931,225,100,33,0,0,0,0,0,0,0,0,25
594,1246,4.23529,216,100,27,0,0,0,0,0,0,0,0,24
595,1534,3.3,198,100,38,0,0,0,0,0,0,0,0,22
596,1610,3.87931,225,100,33,0,0,0,0,0,0,0,0,25
597,1434,3.72414,216,100,34,0,0,0,0,0,0,0,0,24
598,1284,3.63158,207,100,34,0,0,0,0,0,0,0,0,23
599,1532,2.90323,180,100,42,0,0,0,0,0,0,0,0,20
600,1448,2.73214,153,100,39,0,0,0,0,0,0,0,0,17
601,1590,4,216,100,30,0,0,0,0,0,0,0,0,24
602,1432,2.37736,126,100,39,0,0,0,0,0,0,0,0,14
603,1144,2.4,144,100,44,0,0,0,0,0,0,0,0,16
604,1414,2.95082,180,100,41,0,0,0,0,0,0,0,0,20
605,1680,3.04615,198,100,43,0,0,0,0,0,0,0,0,22
606,1686,3,180,100,40,0,0,0,0,0,0,0,0,20
607,1530,2.90323,180,100,42,0,0,0,0,0,0,0,0,20
608,1628,3.53571,198,100,34,0,0,0,0,0,0,0,0,22
609,1944,3.50847,207,100,36,0,0,0,0,0,0,0,0,23
610,1824,3.83333,207,100,31,0,0,0,0,0,0,0,0,23
611,1802,3.69091,203,100,32,0,0,0,0,1,0,0,0,22
612,1774,3.90566,207,100,30,0,0,0,0,0,0,0,0,23
613,1706,3.52727,194,100,33,0,0,0,0,1,0,0,0,21
614,1808,3.5614,203,100,34,0,0,0,0,1,0,0,0,22
615,1856,3,162,100,36,0,0,0,0,0,0,0,0,18
616,1570,2.76923,144,100,36,0,0,0,0,0,0,0,0,16
617,1622,3,162,100,36,0,0,0,0,0,0,0,0,18
618,1804,3.21429,180,100,36,0,0,0,0,0,0,0,0,20
619,1840,3.66667,198,100,32,0,0,0,0,0,0,0,0,22
620,1906,3.31579,189,100,36,0,0,0,0,0,0,0,0,21
621,2200,3.10909,171,100,36,0,0,0,0,0,0,0,0,19
622,2096,3.10345,180,100,38,0,0,0,0,0,0,0,0,20
623,2240,3.66102,216,100,35,0,0,0,0,0,0,0,0,24
624,2072,3.63158,207,100,34,0,0,0,0,0,0,0,0,23
625,1634,2.68421,153,100,40,0,0,0,0,0,0,0,0,17
626,1664,2.45455,135,100,40,0,0,0,0,0,0,0,0,15
627,1950,3,171,100,38,0,0,0,0,0,0,0,0,19
628,1444,2.68421,153,100,40,0,0,0,0,0,0,0,0,17
629,1834,3.15,189,100,39,0,0,0,0,0,0,0,0,21
630,1550,2.74576,162,100,41,0,0,0,0,0,0,0,0,18
631,1910,3.39344,207,100,38,0,0,0,0,0,0,0,0,23
632,1842,3.15,189,100,39,0,0,0,0,0,0,0,0,21
633,1840,3.72414,216,100,34,0,0,0,0,0,0,0,0,24
634,1898,2.7931,162,100,40,0,0,0,0,0,0,0,0,18
635,1846,3.15789,180,100,37,0,0,0,0,0,0,0,0,20
636,1804,4.07547,216,100,29,0,0,0,0,0,0,0,0,24
637,1806,3.41379,198,100,36,0,0,0,0,0,0,0,0,22
638,1666,2.74576,162,100,41,0,0,0,0,0,0,0,0,18
639,1480,2.05263,117,100,44,0,0,0,0,0,0,0,0,13
640,1518,2.28814,135,100,44,0,0,0,0,0,0,0,0,15
641,1708,2.85,171,100,41,0,0,0,0,0,0,0,0,19
642,1702,3.04839,189,100,41,0,0,0,0,0,0,0,0,21
643,1628,2.25,126,100,42,0,0,0,0,0,0,0,0,14
644,1720,3.05357,171,100,37,0,0,0,0,0,0,0,0,19
645,1456,4.10526,234,100,31,0,0,0,0,0,0,0,0,26
646,1400,3.6,198,100,33,0,0,0,0,0,0,0,0,22
647,1620,4.2,252,100,32,0,0,0,0,0,0,0,0,28
648,1598,4.18966,243,100,31,0,0,0,0,0,0,0,0,27
649,1276,3.54098,216,100,37,0,0,0,0,0,0,0,0,24
650,1194,3.69643,207,100,33,0,0,0,0,0,0,0,0,23
651,1374,3.375,216,100,40,0,0,0,0,0,0,0,0,24
652,1546,4.71429,297,100,30,0,0,0,0,0,0,0,0,33
653,1370,4.72131,288,100,29,0,0,0,0,0,0,0,0,32
654,1538,4.65,279,100,29,0,0,0,0,0,0,0,0,31
655,1338,5.0339,297,100,26,0,0,0,0,0,0,0,0,33
656,1312,4.57895,261,100,28,0,0,0,0,0,0,0,0,29
657,1400,4.57895,261,100,28,0,0,0,0,0,0,0,0,29
658,1322,4.27869,261,100,32,0,0,0,0,0,0,0,0,29
659,1436,3.9,234,100,34,0,0,0,0,0,0,0,0,26
660,1304,3.45,207,100,37,0,0,0,0,0,0,0,0,23
661,1514,3.87692,252,100,37,0,0,0,0,0,0,0,0,28
662,1474,4.22727,279,100,35,0,0,0,0,0,0,0,0,31
663,1332,3.39344,207,100,38,0,0,0,0,0,0,0,0,23
664,1276,3.42857,216,100,39,0,0,0,0,0,0,0,0,24
665,1422,5.08065,315,100,27,0,0,0,0,0,0,0,0,35
666,1596,5.55,333,100,23,0,0,0,0,0,0,0,0,37
667,1588,5.60656,342,100,23,0,0,0,0,0,0,0,0,38
668,1716,6.36207,369,100,17,0,0,0,0,0,0,0,0,41
669,1420,6.04918,369,100,20,0,0,0,0,0,0,0,0,41
670,1532,5.49153,324,100,23,0,0,0,0,0,0,0,0,36
671,1554,5.76562,369,100,23,0,0,0,0,0,0,0,0,41
672,1590,5.08065,315,100,27,0,0,0,0,0,0,0,0,35
673,1550,4.5,270,100,30,0,0,0,0,0,0,0,0,30
674,1848,4.93548,306,100,28,0,0,0,0,0,0,0,0,34
675,1826,4.21875,270,100,34,0,0,0,0,0,0,0,0,30
676,1564,5.27586,306,100,24,0,0,0,0,0,0,0,0,34
677,1546,4.77273,315,100,31,0,0,0,0,0,0,0,0,35
678,1414,4.16418,279,100,36,0,0,0,0,0,0,0,0,31
679,1384,3.87692,252,100,37,0,0,0,0,0,0,0,0,28
680,1572,4.5,279,100,31,0,0,0,0,0,0,0,0,31
681,1592,4.11864,243,100,32,0,0,0,0,0,0,0,0,27
682,1554,4.13115,252,100,33,0,0,0,0,0,0,0,0,28
683,1764,4.56923,297,100,32,0,0,0,0,0,0,0,0,33
684,1724,4.21875,270,100,34,0,0,0,0,0,0,0,0,30
685,1828,4.11864,243,100,32,0,0,0,0,0,0,0,0,27
686,2094,4.58182,252,100,27,0,0,0,0,0,0,0,0,28
687,2348,4.96552,288,100,26,0,0,0,0,0,0,0,0,32
688,2084,4.96552,288,100,26,0,0,0,0,0,0,0,0,32
689,2068,5.0339,297,100,26,0,0,0,0,0,0,0,0,33
690,2372,5.4,324,100,24,0,0,0,0,0,0,0,0,36
691,1864,5.0625,324,100,28,0,0,0,0,0,0,0,0,36
692,1804,5.34375,342,100,26,0,0,0,0,0,0,0,0,38
693,2112,6.19672,378,100,19,0,0,0,0,0,0,0,0,42
694,1888,5.14286,288,100,24,0,0,0,0,0,0,0,0,32
695,1262,4.25455,234,100,29,0,0,0,0,0,0,0,0,26
696,1636,4.35484,270,100,32,0,0,0,0,0,0,0,0,30
697,1634,3.69643,207,100,33,0,0,0,0,0,0,0,0,23
698,1662,4.98214,279,100,25,0,0,0,0,0,0,0,0,31
699,1618,3.81356,225,100,34,0,0,0,0,0,0,0,0,25
700,1692,3.98361,243,100,34,0,0,0,0,0,0,0,0,27
701,1332,3.98361,243,100,34,0,0,0,0,0,0,0,0,27
702,1414,4.2,252,100,32,0,0,0,0,0,0,0,0,28
703,1436,4.06452,252,100,34,0,0,0,0,0,0,0,0,28
704,1404,3.65625,234,100,38,0,0,0,0,0,0,0,0,26
705,1554,4.20968,261,100,33,0,0,0,0,0,0,0,0,29
706,1312,4.35,261,100,31,0,0,0,0,0,0,0,0,29
707,1270,4.98214,279,100,25,0,0,0,0,0,0,0,0,31
708,1372,4.09091,270,100,36,0,0,0,0,0,0,0,0,30
709,1304,4.35,261,100,31,0,0,0,0,0,0,0,0,29
710,1574,4.5,279,100,31,0,0,0,0,0,0,0,0,31
711,1542,4.13115,252,100,33,0,0,0,0,0,0,0,0,28
712,1614,3.6,234,100,39,0,0,0,0,0,0,0,0,26
713,1402,3.68182,243,100,39,0,0,0,0,0,0,0,0,27
714,1760,3.87692,252,100,37,0,0,0,0,0,0,0,0,28
715,1352,3.23438,207,100,41,0,0,0,0,0,0,0,0,23
716,1482,4.42857,279,100,32,0,0,0,0,0,0,0,0,31
717,1454,4.72881,279,100,28,0,0,0,0,0,0,0,0,31
718,1556,4.5,252,100,28,0,0,0,0,0,0,0,0,28
719,1582,5.05263,288,100,25,0,0,0,0,0,0,0,0,32
720,1450,4.72881,279,100,28,0,0,0,0,0,0,0,0,31
721,1536,5.55,333,100,23,0,0,0,0,0,0,0,0,37
722,1364,5.14286,288,100,24,0,0,0,0,0,0,0,0,32
723,1174,5.14286,288,100,24,0,0,0,0,0,0,0,0,32
724,1218,5.0339,297,100,26,0,0,0,0,0,0,0,0,33
725,1378,5.12069,297,100,25,0,0,0,0,0,0,0,0,33
726,1330,4.5,252,100,28,0,0,0,0,0,0,0,0,28
727,1278,5.23214,293,100,23,0,0,0,0,1,0,0,0,32
728,1554,3.91935,243,100,35,0,0,0,0,0,0,0,0,27
729,1770,4.65517,270,100,28,0,0,0,0,0,0,0,0,30
730,1582,3.9661,234,100,33,0,0,0,0,0,0,0,0,26
731,1612,3.71429,234,100,37,0,0,0,0,0,0,0,0,26
732,1712,3.32308,216,100,41,0,0,0,0,0,0,0,0,24
733,1600,4.21875,270,100,34,0,0,0,0,0,0,0,0,30
734,1552,3.9375,252,100,36,0,0,0,0,0,0,0,0,28
735,1620,4.27119,252,100,31,0,0,0,0,0,0,0,0,28
736,1442,3.28571,207,100,40,0,0,0,0,0,0,0,0,23
737,1468,3.48387,216,100,38,0,0,0,0,0,0,0,0,24
738,1680,3.27273,216,100,42,0,0,0,0,0,0,0,0,24
739,1544,3.48387,216,100,38,0,0,0,0,0,0,0,0,24
740,1614,3.2459,198,100,39,0,0,0,0,0,0,0,0,22
741,1686,4.2,252,100,32,0,0,0,0,0,0,0,0,28
742,1398,3.75,225,100,35,0,0,0,0,0,0,0,0,25
743,1518,4.20968,261,100,33,0,0,0,0,0,0,0,0,29
744,1424,4.5,261,100,29,0,0,0,0,0,0,0,0,29
745,1570,4.20968,261,100,33,0,0,0,0,0,0,0,0,29
746,1428,4.14286,261,100,34,0,0,0,0,0,0,0,0,29
747,1504,4.18966,243,100,31,0,0,0,0,0,0,0,0,27
748,1470,3.71429,234,100,37,0,0,0,0,0,0,0,0,26
749,1472,3.57353,243,100,41,0,0,0,0,0,0,0,0,27
750,1358,3.95455,261,100,37,0,0,0,0,0,0,0,0,29
751,1696,4.5,297,100,33,0,0,0,0,0,0,0,0,33
752,1588,4.2,252,100,32,0,0,0,0,0,0,0,0,28
753,1110,3.81356,225,100,34,0,0,0,0,0,0,0,0,25
754,1234,4.72881,279,100,28,0,0,0,0,0,0,0,0,31
755,1262,5.1,306,100,26,0,0,0,0,0,0,0,0,34
756,1306,4.82143,270,100,26,0,0,0,0,0,0,0,0,30
757,1604,5.14286,324,100,27,0,0,0,0,0,0,0,0,36
758,1296,4.07812,261,100,35,0,0,0,0,0,0,0,0,29
759,1348,4.05,243,100,33,0,0,0,0,0,0,0,0,27
760,1508,4.20968,261,100,33,0,0,0,0,0,0,0,0,29
761,1348,4.05,243,100,33,0,0,0,0,0,0,0,0,27
762,1200,3.68852,225,100,36,0,0,0,0,0,0,0,0,25
763,1606,4.35484,270,100,32,0,0,0,0,0,0,0,0,30
764,1356,3.65625,234,100,38,0,0,0,0,0,0,0,0,26
765,1246,3.85714,216,100,32,0,0,0,0,0,0,0,0,24
766,1232,3.47368,198,100,35,0,0,0,0,0,0,0,0,22
767,1306,3.92982,224,100,32,0,0,0,0,0,0,0,1,24
768,1486,3.54545,234,100,40,0,0,0,0,0,0,0,0,26
769,1332,3.83607,234,100,35,0,0,0,0,0,0,0,0,26
770,1466,3.6,216,100,36,0,0,0,0,0,0,0,0,24
771,1378,3.53333,212,100,36,0,0,0,0,1,0,0,0,23
772,1630,3.98361,243,100,34,0,0,0,0,0,0,0,0,27
773,1412,3.81356,225,100,34,0,0,0,0,0,0,0,0,25
774,1802,4.2,252,100,32,0,0,0,0,0,0,0,0,28
775,1516,3.9,234,100,34,0,0,0,0,0,0,0,0,26
776,1500,4.20968,261,100,33,0,0,0,0,0,0,0,0,29
777,1450,3.71429,234,100,37,0,0,0,0,0,0,0,0,26
778,1454,4.27119,252,100,31,0,0,0,0,0,0,0,0,28
779,1546,4.35484,270,100,32,0,0,0,0,0,0,0,0,30
780,1708,4.96552,288,100,26,0,0,0,0,0,0,0,0,32
781,1662,4.96552,288,100,26,0,0,0,0,0,0,0,0,32
782,1614,4.65517,270,100,28,0,0,0,0,0,0,0,0,30
783,1726,5.0339,297,100,26,0,0,0,0,0,0,0,0,33
784,1880,5.45902,333,100,24,0,0,0,0,0,0,0,0,37
785,1692,4.66071,261,100,27,0,0,0,0,0,0,0,0,29
786,1518,4.94118,252,100,23,0,0,0,0,0,0,0,0,28
787,2216,5.10169,301,100,25,0,0,0,0,1,0,0,1,32
788,2058,4.80702,274,100,26,0,0,0,0,1,0,0,1,29
789,2014,5.81818,320,100,19,0,0,0,0,1,0,0,0,35
790,1826,4.42857,248,100,28,0,0,0,0,1,0,0,0,27
791,2072,5.31148,324,100,25,0,0,0,0,0,0,0,0,36
792,2034,4.89474,279,100,26,0,0,0,0,0,0,0,0,31
793,1958,4.92453,261,100,24,0,0,0,0,0,0,0,0,29
794,1726,4.96552,288,100,26,0,0,0,0,0,0,0,0,32
795,1602,5.49091,302,100,21,0,0,0,0,1,0,0,0,33
796,1580,4.84906,257,100,24,0,0,0,0,1,0,0,0,28
797,1786,3.87719,221,100,32,0,0,0,0,1,0,0,0,24
798,1884,4.26316,243,100,30,0,0,0,0,0,0,0,0,27
799,2022,5,270,100,24,0,0,0,0,0,0,0,0,30
800,1874,4.83333,261,100,25,0,0,0,0,0,0,0,0,29
801,2148,5.46429,306,100,22,0,0,0,0,0,0,0,0,34
802,2442,5.56364,306,100,21,0,0,0,0,0,0,0,0,34
803,2586,5.33333,288,100,22,0,0,0,0,0,0,0,0,32
804,2054,5.14286,288,100,24,0,0,0,0,0,0,0,0,32
805,1708,5.11538,266,100,22,0,0,0,0,1,0,0,0,29
806,1894,5.29825,302,100,23,0,0,0,0,1,0,0,0,33
807,2142,5.2069,302,100,24,0,0,0,0,1,0,0,0,33
808,1948,4.5,243,100,27,0,0,0,0,0,0,0,0,27
809,2012,4.83333,261,100,25,0,0,0,0,0,0,0,0,29
810,1692,4.10526,234,100,31,0,0,0,0,0,0,0,0,26
811,2024,4.34483,252,100,30,0,0,0,0,0,0,0,0,28
812,2174,4.83333,261,100,25,0,0,0,0,0,0,0,0,29
813,2520,5.46429,306,100,22,0,0,0,0,0,0,0,0,34
814,1914,4.07547,216,100,29,0,0,0,0,0,0,0,0,24
815,2110,4.26786,239,100,29,0,0,0,0,1,0,0,0,26
816,2026,4.83636,266,100,25,0,0,0,0,1,0,0,0,29
817,2702,5.7,342,100,22,0,0,0,0,0,0,0,0,38
818,2096,4.75472,252,100,25,0,0,0,0,0,0,0,0,28
819,2212,4.5,270,100,30,0,0,0,0,0,0,0,0,30
820,2118,4.42623,270,100,31,0,0,0,0,0,0,0,0,30
821,1860,4.96552,288,100,26,0,0,0,0,0,0,0,0,32
822,1986,5.27586,306,100,24,0,0,0,0,0,0,0,0,34
823,1738,4.2,252,100,32,0,0,0,0,0,0,0,0,28
824,2236,4.29231,279,100,34,0,0,0,0,0,0,0,0,31
825,2162,3.92727,216,100,31,0,0,0,0,0,0,0,0,24
826,2528,4.98214,279,100,25,0,0,0,0,0,0,0,0,31
827,2830,4.27119,252,100,31,0,0,0,0,0,0,0,0,28
828,2502,5.27586,306,100,24,0,0,0,0,0,0,0,0,34
829,1932,5.22581,324,100,26,0,0,0,0,0,0,0,0,36
830,1672,4.74545,261,100,26,0,0,0,0,0,0,0,0,29
831,1712,4.88136,288,100,27,0,0,0,0,0,0,0,0,32
832,1790,4.11864,243,100,32,0,0,0,0,0,0,0,0,27
833,1386,4.11864,243,100,32,0,0,0,0,0,0,0,0,27
834,1502,4.88136,288,100,27,0,0,0,0,0,0,0,0,32
835,1580,4.81034,279,100,27,0,0,0,0,0,0,0,0,31
836,1782,5.14286,288,100,24,0,0,0,0,0,0,0,0,32
837,1914,4.88136,288,100,27,0,0,0,0,0,0,0,0,32
838,1626,4.96552,288,100,26,0,0,0,0,0,0,0,0,32
839,1564,4.73684,270,100,27,0,0,0,0,0,0,0,0,30
840,1432,4.90909,270,100,25,0,0,0,0,0,0,0,0,30
841,1380,4.01786,225,100,31,0,0,0,0,0,0,0,0,25
842,1452,3.75,225,100,35,0,0,0,0,0,0,0,0,25
843,1498,3.3,198,100,38,0,0,0,0,0,0,0,0,22
844,1620,4.10526,234,100,31,0,0,0,0,0,0,0,0,26
845,1724,3.47368,198,100,35,0,0,0,0,0,0,0,0,22
846,1538,2.95312,189,100,43,0,0,0,0,0,0,0,0,21
847,1970,3.83333,230,100,34,0,0,0,0,1,0,0,0,25
848,1860,3.79365,239,100,36,0,0,0,0,1,0,0,0,26
849,1706,3.81356,225,100,34,0,0,0,0,0,0,0,0,25
850,1676,3.47368,198,100,35,0,0,0,0,0,0,0,0,22
851,1858,4.73684,270,100,27,0,0,0,0,0,0,0,0,30
852,1820,4.42105,252,100,29,0,0,0,0,0,0,0,0,28
853,1668,5.23636,288,100,23,0,0,0,0,0,0,0,0,32
854,1850,5.30357,297,100,23,0,0,0,0,0,0,0,0,33
855,1672,4.16667,225,100,29,0,0,0,0,0,0,0,0,25
856,2050,5.56364,306,100,21,0,0,0,0,0,0,0,0,34
857,1864,4.89474,279,100,26,0,0,0,0,0,0,0,0,31
858,1786,4.42623,270,100,31,0,0,0,0,0,0,0,0,30
859,1524,5.14286,288,100,24,0,0,0,0,0,0,0,0,32
860,1542,4.5,270,100,30,0,0,0,0,0,0,0,0,30
861,1590,4.73684,270,100,27,0,0,0,0,0,0,0,0,30
862,1490,4.57895,261,100,28,0,0,0,0,0,0,0,0,29
863,1606,3.87931,225,100,33,0,0,0,0,0,0,0,0,25
864,1346,4.67308,243,100,25,0,0,0,0,0,0,0,0,27
865,1560,4.5,261,100,29,0,0,0,0,0,0,0,0,29
866,1724,4.27869,261,100,32,0,0,0,0,0,0,0,0,29
867,1752,5.64407,333,100,22,0,0,0,0,0,0,0,0,37
868,1696,5.28571,333,100,26,0,0,0,0,0,0,0,0,37
869,1604,4.57627,270,100,29,0,0,0,0,0,0,0,0,30
870,1760,4.27119,252,100,31,0,0,0,0,0,0,0,0,28
871,1426,4.27869,261,100,32,0,0,0,0,0,0,0,0,29
872,1456,4.57627,270,100,29,0,0,0,0,0,0,0,0,30
873,1416,5.83333,315,100,19,0,0,0,0,0,0,0,0,35
874,1628,5.37097,333,100,25,0,0,0,0,0,0,0,0,37
875,1348,5.68421,324,100,21,0,0,0,0,0,0,0,0,36
876,1616,4.85714,306,100,29,0,0,0,0,0,0,0,0,34
877,1696,5.43103,315,100,23,0,0,0,0,0,0,0,0,35
878,1582,5.21053,297,100,24,0,0,0,0,0,0,0,0,33
879,1606,4.57627,270,100,29,0,0,0,0,0,0,0,0,30
880,1800,4.20968,261,100,33,0,0,0,0,0,0,0,0,29
881,1808,4.98214,279,100,25,0,0,0,0,0,0,0,0,31
882,1528,4.2,252,100,32,0,0,0,0,0,0,0,0,28
883,1898,5.1,306,100,26,0,0,0,0,0,0,0,0,34
884,1504,3.85714,243,100,36,0,0,0,0,0,0,0,0,27
885,1568,3.87692,252,100,37,0,0,0,0,0,0,0,0,28
886,1584,3.91935,243,100,35,0,0,0,0,0,0,0,0,27
887,1696,4.81034,279,100,27,0,0,0,0,0,0,0,0,31
888,2022,4.20968,261,100,33,0,0,0,0,0,0,0,0,29
889,1724,3.15,189,100,39,0,0,0,0,0,0,0,0,21
890,1536,4.35,261,100,31,0,0,0,0,0,0,0,0,29
891,1326,3.13636,207,100,43,0,0,0,0,0,0,0,0,23
892,1158,3.28571,207,100,40,0,0,0,0,0,0,0,0,23
893,1222,3.40909,225,100,41,0,0,0,0,0,0,0,0,25
894,1322,3.375,216,100,40,0,0,0,0,0,0,0,0,24
895,1454,3.75,225,100,35,0,0,0,0,0,0,0,0,25
896,1752,4.13115,252,100,33,0,0,0,0,0,0,0,0,28
897,1560,4.66071,261,100,27,0,0,0,0,0,0,0,0,29
898,1816,4.42373,261,100,30,0,0,0,0,0,0,0,0,29
899,1548,5.12069,297,100,25,0,0,0,0,0,0,0,0,33
900,1606,4.96552,288,100,26,0,0,0,0,0,0,0,0,32
901,1624,4.41818,243,100,28,0,0,0,0,0,0,0,0,27
902,1624,4.98214,279,100,25,0,0,0,0,0,0,0,0,31
903,1758,5.43396,288,100,21,0,0,0,0,0,0,0,0,32
904,1546,4.82143,270,100,26,0,0,0,0,0,0,0,0,30
905,1478,4.34483,252,100,30,0,0,0,0,0,0,0,0,28
906,1306,4.24528,225,100,28,0,0,0,0,0,0,0,0,25
907,1342,3.9,234,100,34,0,0,0,0,0,0,0,0,26
908,1266,4.11864,243,100,32,0,0,0,0,0,0,0,0,27
909,1580,5.45902,333,100,24,0,0,0,0,0,0,0,0,37
910,1458,5.80645,360,100,22,0,0,0,0,0,0,0,0,40
911,1446,5.46429,306,100,22,0,0,0,0,0,0,0,0,34
912,1622,5.01639,306,100,27,0,0,0,0,0,0,0,0,34
913,1208,4.33929,243,100,29,0,0,0,0,0,0,0,0,27
914,1376,4.59259,248,100,26,0,0,0,0,1,0,0,0,27
915,1192,3.83333,207,100,31,0,0,0,0,0,0,0,0,23
916,1162,3.83607,234,100,35,0,0,0,0,0,0,0,0,26
917,1290,4.09091,270,100,36,0,0,0,0,0,0,0,0,30
918,1328,4.20968,261,100,33,0,0,0,0,0,0,0,0,29
919,1296,4.2,252,100,32,0,0,0,0,0,0,0,0,28
920,1402,3.87692,252,100,37,0,0,0,0,0,0,0,0,28
921,1404,3.57143,225,100,38,0,0,0,0,0,0,0,0,25
922,1422,4.5,279,100,31,0,0,0,0,0,0,0,0,31
923,1422,4.05,243,100,33,0,0,0,0,0,0,0,0,27
924,1214,4.41818,243,100,28,0,0,0,0,0,0,0,0,27
925,1700,4.8,288,100,28,0,0,0,0,0,0,0,0,32
926,1940,5.36842,306,100,23,0,0,0,0,0,0,0,0,34
927,1932,4.25455,234,100,29,0,0,0,0,0,0,0,0,26
928,1712,4.17857,234,100,30,0,0,0,0,0,0,0,0,26
929,1986,4.82143,270,100,26,0,0,0,0,0,0,0,0,30
930,2188,5.82759,338,100,20,0,0,0,0,1,0,0,0,37
931,1728,4.93651,311,100,28,0,0,0,0,1,0,0,0,34
932,1558,5.09434,270,100,23,0,0,0,0,0,0,0,0,30
933,1838,5.27586,306,100,24,0,0,0,0,0,0,0,0,34
934,1446,4.89474,279,100,26,0,0,0,0,0,0,0,0,31
935,1430,6,342,100,19,0,0,0,0,0,0,0,0,38
936,1392,5.33333,288,100,22,0,0,0,0,0,0,0,0,32
937,1520,4.82143,270,100,26,0,0,0,0,0,0,0,0,30
938,1292,4.96552,288,100,26,0,0,0,0,0,0,0,0,32
939,1098,4.65517,270,100,28,0,0,0,0,0,0,0,0,30
940,1166,4.06452,252,100,34,0,0,0,0,0,0,0,0,28
941,1234,4.2,252,100,32,0,0,0,0,0,0,0,0,28
942,1244,4.13115,252,100,33,0,0,0,0,0,0,0,0,28
943,1298,4.18966,243,100,31,0,0,0,0,0,0,0,0,27
944,1498,4.42623,270,100,31,0,0,0,0,0,0,0,0,30
945,1336,3.85714,216,100,32,0,0,0,0,0,0,0,0,24
946,1442,4.5,252,100,28,0,0,0,0,0,0,0,0,28
947,1462,4.5,288,100,32,0,0,0,0,0,0,0,0,32
948,1476,4.14286,261,100,34,0,0,0,0,0,0,0,0,29
949,1402,4.07812,261,100,35,0,0,0,0,0,0,0,0,29
950,1562,4.64062,297,100,31,0,0,0,0,0,0,0,0,33
951,1420,3.50847,207,100,36,0,0,0,0,0,0,0,0,23
952,1538,3.98361,243,100,34,0,0,0,0,0,0,0,0,27
953,1270,3.66102,216,100,35,0,0,0,0,0,0,0,0,24
954,1400,3.68852,225,100,36,0,0,0,0,0,0,0,0,25
955,1224,3.87931,225,100,33,0,0,0,0,0,0,0,0,25
956,1398,4.07812,261,100,35,0,0,0,0,0,0,0,0,29
957,1368,4.42373,261,100,30,0,0,0,0,0,0,0,0,29
958,1288,4.34483,252,100,30,0,0,0,0,0,0,0,0,28
959,1562,4.93548,306,100,28,0,0,0,0,0,0,0,0,34
960,1326,3.56897,207,100,35,0,0,0,0,0,0,0,0,23
961,1332,4.42623,270,100,31,0,0,0,0,0,0,0,0,30
962,1288,3.91935,243,100,35,0,0,0,0,0,0,0,0,27
963,1220,3.81818,252,100,38,0,0,0,0,0,0,0,0,28
964,1396,4.42623,270,100,31,0,0,0,0,0,0,0,0,30
965,1464,5.72727,315,100,20,0,0,0,0,0,0,0,0,35
966,1262,4.57377,279,100,30,0,0,0,0,0,0,0,0,31
967,1218,4.35,261,100,31,0,0,0,0,0,0,0,0,29
968,1214,4.42623,270,100,31,0,0,0,0,0,0,0,0,30
969,1026,4.25455,234,100,29,0,0,0,0,0,0,0,0,26
970,1152,4.90909,270,100,25,0,0,0,0,0,0,0,0,30
971,1132,3.78947,216,100,33,0,0,0,0,0,0,0,0,24
972,1178,4.17857,234,100,30,0,0,0,0,0,0,0,0,26
973,1500,4.98214,279,100,25,0,0,0,0,0,0,0,0,31
974,1454,4.09091,225,100,30,0,0,0,0,0,0,0,0,25
975,1362,4.57895,261,100,28,0,0,0,0,0,0,0,0,29
976,1238,4.36066,266,100,31,0,0,0,0,1,0,0,0,29
977,1240,3.54098,216,100,37,0,0,0,0,0,0,0,0,24
978,1488,4.21311,257,100,32,0,0,0,0,1,0,0,0,28
979,1590,4.28333,257,100,31,0,0,0,0,1,0,0,0,28
980,1870,4.81034,279,100,27,0,0,0,0,0,0,0,0,31
981,1814,3.9661,234,100,33,0,0,0,0,0,0,0,0,26
982,1762,3.73333,224,100,35,0,0,0,0,0,0,0,1,24
983,2138,4.28571,270,100,33,0,0,0,0,0,0,0,0,30
984,2230,3.68333,221,100,35,0,0,0,0,1,0,0,0,24
985,2392,3.83607,234,100,35,0,0,0,0,0,0,0,0,26
986,1672,3.50847,207,100,36,0,0,0,0,0,0,0,0,23
987,1614,3.83333,207,100,31,0,0,0,0,0,0,0,0,23
988,1652,3.53571,198,100,34,0,0,0,0,0,0,0,0,22
989,1612,3.9,234,100,34,0,0,0,0,0,0,0,0,26
990,1852,4.5,270,100,30,0,0,0,0,0,0,0,0,30
991,1424,3.27273,180,100,35,0,0,0,0,0,0,0,0,20
992,1550,4.10714,230,100,30,0,0,0,0,1,0,0,0,25
993,1918,4.96552,288,100,26,0,0,0,0,0,0,0,0,32
994,2056,5.16393,315,100,26,0,0,0,0,0,0,0,0,35
995,1884,5.26415,279,100,22,0,0,0,0,0,0,0,0,31
996,1928,5.19231,270,100,22,0,0,0,0,0,0,0,0,30
997,1752,4.86,243,100,23,0,0,0,0,0,0,0,0,27
998,2068,4.74545,261,100,26,0,0,0,0,0,0,0,0,29
999,1674,4.5,243,100,27,0,0,0,0,0,0,0,0,27
