update,points,mean_tasks,total_tasks,total_orgs,task_0,task_1,task_2,task_3,task_4,task_5,task_6,task_7,task_8,task_9
0,0,nan,0,9,0,0,0,0,0,0,0,0,0,0
1,4,0,0,9,2,0,0,0,0,0,0,0,0,0
2,6,0,0,9,3,0,0,0,0,0,0,0,0,0
3,12,0,0,9,4,0,0,0,0,0,0,0,0,0
4,14,0,0,9,4,0,0,0,0,0,0,0,0,0
5,18,0,0,9,4,0,0,0,0,0,0,0,0,0
6,24,0,0,9,5,0,0,0,0,0,0,0,0,0
7,26,0,0,9,5,0,0,0,0,0,0,0,0,0
8,34,0,0,9,5,0,0,0,0,0,0,0,0,0
9,34,0,0,9,5,0,0,0,0,0,0,0,0,0
10,36,0,0,9,5,0,0,0,0,0,0,0,0,0
11,42,0,0,9,5,0,0,0,0,0,0,0,0,0
12,42,0,0,9,5,0,0,0,0,0,0,0,0,0
13,46,0,0,9,5,0,0,0,0,0,0,0,0,0
14,54,0,0,9,5,0,0,0,0,0,0,0,0,0
15,56,0,0,9,5,0,0,0,0,0,0,0,0,0
16,36,0,0,9,5,0,0,0,0,0,0,0,0,0
17,38,0,0,9,5,0,0,0,0,0,0,0,0,0
18,42,0,0,9,5,0,0,0,0,0,0,0,0,0
19,48,0,0,9,5,0,0,0,0,0,0,0,0,0
20,50,0,0,9,5,0,0,0,0,0,0,0,0,0
21,52,0,0,9,5,0,0,0,0,0,0,0,0,0
22,38,0,0,10,5,0,0,0,0,0,0,0,0,0
23,42,0,0,10,6,0,0,0,0,0,0,0,0,0
24,48,0,0,10,6,0,0,0,0,0,0,0,0,0
25,52,0,0,10,6,0,0,0,0,0,0,0,0,0
26,54,0,0,10,6,0,0,0,0,0,0,0,0,0
27,60,0,0,10,6,0,0,0,0,0,0,0,0,0
28,60,0,0,10,6,0,0,0,0,0,0,0,0,0
29,60,0,0,10,6,0,0,0,0,0,0,0,0,0
30,34,0,0,12,6,0,0,0,0,0,0,0,0,0
31,40,0,0,12,7,0,0,0,0,0,0,0,0,0
32,42,0,0,12,7,0,0,0,0,0,0,0,0,0
33,50,0,0,12,8,0,0,0,0,0,0,0,0,0
34,52,0,0,12,8,0,0,0,0,0,0,0,0,0
35,62,0,0,12,8,0,0,0,0,0,0,0,0,0
36,64,0,0,12,8,0,0,0,0,0,0,0,0,0
37,68,0,0,12,8,0,0,0,0,0,0,0,0,0
38,82,0,0,12,8,0,0,0,0,0,0,0,0,0
39,84,0,0,12,8,0,0,0,0,0,0,0,0,0
40,86,0,0,12,8,0,0,0,0,0,0,0,0,0
41,76,0,0,13,8,0,0,0,0,0,0,0,0,0
42,80,0,0,13,8,0,0,0,0,0,0,0,0,0
43,90,0,0,13,9,0,0,0,0,0,0,0,0,0
44,74,0,0,14,9,0,0,0,0,0,0,0,0,0
45,80,0,0,14,9,0,0,0,0,0,0,0,0,0
46,66,0,0,14,9,0,0,0,0,0,0,0,0,0
47,80,0,0,14,10,0,0,0,0,0,0,0,0,0
48,86,0,0,14,10,0,0,0,0,0,0,0,0,0
49,100,0,0,14,10,0,0,0,0,0,0,0,0,0
50,104,0,0,14,10,0,0,0,0,0,0,0,0,0
51,110,0,0,14,10,0,0,0,0,0,0,0,0,0
52,122,0,0,14,10,0,0,0,0,0,0,0,0,0
53,128,0,0,14,10,0,0,0,0,0,0,0,0,0
54,140,0,0,14,10,0,0,0,0,0,0,0,0,0
55,150,0,0,14,10,0,0,0,0,0,0,0,0,0
56,132,0,0,15,10,0,0,0,0,0,0,0,0,0
57,108,0,0,15,9,0,0,0,0,0,0,0,0,0
58,76,0,0,16,10,0,0,0,0,0,0,0,0,0
59,84,0,0,16,11,0,0,0,0,0,0,0,0,0
60,72,0.818182,9,16,10,0,0,0,0,0,0,0,0,1
61,50,0.9,9,16,9,0,0,0,0,0,0,0,0,1
62,100,0.9,9,17,9,0,0,0,0,0,0,0,0,1
63,74,0.75,9,17,11,0,0,0,0,0,0,0,0,1
64,80,0.75,9,17,11,0,0,0,0,0,0,0,0,1
65,98,1.38462,18,17,11,0,0,0,0,0,0,0,0,2
66,106,1.38462,18,17,11,0,0,0,0,0,0,0,0,2
67,158,1.38462,18,18,11,0,0,0,0,0,0,0,0,2
68,128,1.38462,18,18,11,0,0,0,0,0,0,0,0,2
69,116,1.38462,18,18,11,0,0,0,0,0,0,0,0,2
70,170,1.92857,27,19,11,0,0,0,0,0,0,0,0,3
71,124,1.92857,27,20,11,0,0,0,0,0,0,0,0,3
72,174,1.38462,18,20,11,0,0,0,0,0,0,0,0,2
73,148,1.125,18,20,14,0,0,0,0,0,0,0,0,2
74,122,1.125,18,22,14,0,0,0,0,0,0,0,0,2
75,180,1.2,18,22,13,0,0,0,0,0,0,0,0,2
76,128,0.5625,9,22,15,0,0,0,0,0,0,0,0,1
77,192,1.05882,18,23,15,0,0,0,0,0,0,0,0,2
78,156,1.05882,18,23,15,0,0,0,0,0,0,0,0,2
79,178,0.529412,9,23,16,0,0,0,0,0,0,0,0,1
80,156,1.125,18,23,14,0,0,0,0,0,0,0,0,2
81,170,0.5625,9,23,15,0,0,0,0,0,0,0,0,1
82,232,1,18,24,16,0,0,0,0,0,0,0,0,2
83,222,1.58824,27,27,14,0,0,0,0,0,0,0,0,3
84,140,1.05882,18,28,15,0,0,0,0,0,0,0,0,2
85,186,1.42105,27,28,16,0,0,0,0,0,0,0,0,3
86,196,1.8,36,28,16,0,0,0,0,0,0,0,0,4
87,168,1.63636,36,32,18,0,0,0,0,0,0,0,0,4
88,250,2.34783,54,35,17,0,0,0,0,0,0,0,0,6
89,186,1.44,36,35,21,0,0,0,0,0,0,0,0,4
90,144,1.08,27,35,22,0,0,0,0,0,0,0,0,3
91,230,2.25,63,37,21,0,0,0,0,0,0,0,0,7
92,216,1.55172,45,38,24,0,0,0,0,0,0,0,0,5
93,340,2.25,63,41,21,0,0,0,0,0,0,0,0,7
94,236,2.1,63,41,23,0,0,0,0,0,0,0,0,7
95,322,1.86207,54,42,23,0,0,0,0,0,0,0,0,6
96,464,2.4,72,45,22,0,0,0,0,0,0,0,0,8
97,424,2.31429,81,45,26,0,0,0,0,0,0,0,0,9
98,400,2,72,45,28,0,0,0,0,0,0,0,0,8
99,256,2.13158,81,46,29,0,0,0,0,0,0,0,0,9
100,458,2.38235,81,47,25,0,0,0,0,0,0,0,0,9
101,342,1.65789,63,49,31,0,0,0,0,0,0,0,0,7
102,448,2.07692,81,52,30,0,0,0,0,0,0,0,0,9
103,352,1.7561,72,53,33,0,0,0,0,0,0,0,0,8
104,370,1.84091,81,54,35,0,0,0,0,0,0,0,0,9
105,332,1.81818,80,54,35,0,0,0,0,0,0,0,1,8
106,466,2.06977,89,55,33,0,0,0,0,0,0,0,1,9
107,544,1.92857,81,57,33,0,0,0,0,0,0,0,0,9
108,440,1.34043,63,59,40,0,0,0,0,0,0,0,0,7
109,616,2.29787,108,62,35,0,0,0,0,0,0,0,0,12
110,650,1.5,72,63,40,0,0,0,0,0,0,0,0,8
111,596,1.58824,81,64,42,0,0,0,0,0,0,0,0,9
112,698,2.07692,108,66,40,0,0,0,0,0,0,0,0,12
113,636,1.21154,63,66,45,0,0,0,0,0,0,0,0,7
114,584,1.41176,72,67,43,0,0,0,0,0,0,0,0,8
115,826,1.58824,81,67,42,0,0,0,0,0,0,0,0,9
116,972,1.69811,90,68,43,0,0,0,0,0,0,0,0,10
117,1042,1.33333,72,68,46,0,0,0,0,0,0,0,0,8
118,868,1.65306,81,68,40,0,0,0,0,0,0,0,0,9
119,848,1.65306,81,70,40,0,0,0,0,0,0,0,0,9
120,980,1.69811,90,71,43,0,0,0,0,0,0,0,0,10
121,1226,2.07692,108,72,40,0,0,0,0,0,0,0,0,12
122,1280,2.25,126,73,42,0,0,0,0,0,0,0,0,14
123,864,1.96364,108,74,43,0,0,0,0,0,0,0,0,12
124,826,2.16667,117,75,41,0,0,0,0,0,0,0,0,13
125,822,2.42308,126,75,38,0,0,0,0,0,0,0,0,14
126,1054,2.7,135,78,35,0,0,0,0,0,0,0,0,15
127,1190,3.24,162,79,32,0,0,0,0,0,0,0,0,18
128,1416,2.82353,144,80,35,0,0,0,0,0,0,0,0,16
129,1722,3.9375,189,83,27,0,0,0,0,0,0,0,0,21
130,1556,3.35294,171,85,32,0,0,0,0,0,0,0,0,19
131,1390,3.03774,161,89,35,0,0,0,0,0,0,0,1,17
132,1490,3.67857,206,91,33,0,0,0,0,0,0,0,1,22
133,1484,3.49153,206,93,36,0,0,0,0,0,0,0,1,22
134,1712,3.81356,225,93,34,0,0,0,0,0,0,0,0,25
135,1956,4.2623,260,93,32,0,0,0,0,0,0,0,1,28
136,1128,3.29825,188,94,36,0,0,0,0,0,0,0,1,20
137,1454,4.42373,261,95,30,0,0,0,0,0,0,0,0,29
138,1630,4.42373,261,98,30,0,0,0,0,0,0,0,0,29
139,1544,4.27869,261,99,32,0,0,0,0,0,0,0,0,29
140,1350,3.6,216,99,36,0,0,0,0,0,0,0,0,24
141,1416,3.98361,243,99,34,0,0,0,0,0,0,0,0,27
142,1608,4.01538,261,100,36,0,0,0,0,0,0,0,0,29
143,1632,4.81034,279,100,27,0,0,0,0,0,0,0,0,31
144,1832,4.42857,279,100,32,0,0,0,0,0,0,0,0,31
145,1622,5.4,324,100,24,0,0,0,0,0,0,0,0,36
146,1704,4.5,279,100,31,0,0,0,0,0,0,0,0,31
147,1710,4.70149,315,100,32,0,0,0,0,0,0,0,0,35
148,1322,4.35484,270,100,32,0,0,0,0,0,0,0,0,30
149,1496,4.34483,252,100,30,0,0,0,0,0,0,0,0,28
150,1428,3.98361,243,100,34,0,0,0,0,0,0,0,0,27
151,1314,3.63158,207,100,34,0,0,0,0,0,0,0,0,23
152,1278,3.63158,207,100,34,0,0,0,0,0,0,0,0,23
153,1540,4.74545,261,100,26,0,0,0,0,0,0,0,0,29
154,1462,3.75806,233,100,36,0,0,0,0,0,0,0,1,25
155,1586,4.11475,251,100,33,0,0,0,0,0,0,0,1,27
156,1714,3.9,234,100,34,0,0,0,0,0,0,0,0,26
157,1810,4,252,100,35,0,0,0,0,0,0,0,0,28
158,1686,4.01786,225,100,31,0,0,0,0,0,0,0,0,25
159,1762,3.65625,234,100,38,0,0,0,0,0,0,0,0,26
160,1526,4.5,279,100,31,0,0,0,0,0,0,0,0,31
161,1778,5.31148,324,100,25,0,0,0,0,0,0,0,0,36
162,1568,5.12069,297,100,25,0,0,0,0,0,0,0,0,33
163,1512,4.34483,252,100,30,0,0,0,0,0,0,0,0,28
164,1646,4.72881,279,100,28,0,0,0,0,0,0,0,0,31
165,1518,4.5,261,100,29,0,0,0,0,0,0,0,0,29
166,1224,3.91935,243,100,35,0,0,0,0,0,0,0,0,27
167,1406,4.22727,279,100,35,0,0,0,0,0,0,0,0,31
168,1414,4.21875,270,100,34,0,0,0,0,0,0,0,0,30
169,1408,4.42373,261,100,30,0,0,0,0,0,0,0,0,29
170,1400,5.01639,306,100,27,0,0,0,0,0,0,0,0,34
171,1536,4.57377,279,100,30,0,0,0,0,0,0,0,0,31
172,1380,4.13115,252,100,33,0,0,0,0,0,0,0,0,28
173,1736,5.0339,297,100,26,0,0,0,0,0,0,0,0,33
174,1666,4.8,288,100,28,0,0,0,0,0,0,0,0,32
175,1738,4.64516,288,100,30,0,0,0,0,0,0,0,0,32
176,1722,4.07812,261,100,35,0,0,0,0,0,0,0,0,29
177,1380,4.27869,261,100,32,0,0,0,0,0,0,0,0,29
178,1402,4.5,261,100,29,0,0,0,0,0,0,0,0,29
179,1410,4.35484,270,100,32,0,0,0,0,0,0,0,0,30
180,1450,4.27119,252,100,31,0,0,0,0,0,0,0,0,28
181,1580,3.57143,225,100,38,0,0,0,0,0,0,0,0,25
182,1636,3.92727,216,100,31,0,0,0,0,0,0,0,0,24
183,1682,4.27869,261,100,32,0,0,0,0,0,0,0,0,29
184,1732,4.34483,252,100,30,0,0,0,0,0,0,0,0,28
185,1446,4.28571,270,100,33,0,0,0,0,0,0,0,0,30
186,1360,3.28571,207,100,40,0,0,0,0,0,0,0,0,23
187,1856,4.5,306,100,34,0,0,0,0,0,0,0,0,34
188,1446,4.82143,270,100,26,0,0,0,0,0,0,0,0,30
189,1698,5.74138,333,100,21,0,0,0,0,0,0,0,0,37
190,1358,4.42105,252,100,29,0,0,0,0,0,0,0,0,28
191,1516,4.64516,288,100,30,0,0,0,0,0,0,0,0,32
192,1576,5.7541,351,100,22,0,0,0,0,0,0,0,0,39
193,1566,6,324,100,18,0,0,0,0,0,0,0,0,36
194,1218,4.92453,261,100,24,0,0,0,0,0,0,0,0,29
195,1752,5.57143,351,100,24,0,0,0,0,0,0,0,0,39
196,1648,5.0339,297,100,26,0,0,0,0,0,0,0,0,33
197,1308,4.84615,252,100,24,0,0,0,0,0,0,0,0,28
198,1422,4.14286,261,100,34,0,0,0,0,0,0,0,0,29
199,1638,4,252,100,35,0,0,0,0,0,0,0,0,28
200,1582,4.65,279,100,29,0,0,0,0,0,0,0,0,31
201,1340,3.39344,207,100,38,0,0,0,0,0,0,0,0,23
202,1448,4.14286,261,100,34,0,0,0,0,0,0,0,0,29
203,1400,4.27119,252,100,31,0,0,0,0,0,0,0,0,28
204,1704,4.57143,288,100,31,0,0,0,0,0,0,0,0,32
205,1900,4.72881,279,100,28,0,0,0,0,0,0,0,0,31
206,1688,4.74545,261,100,26,0,0,0,0,0,0,0,0,29
207,1644,4.41509,234,100,27,0,0,0,0,0,0,0,0,26
208,1742,4.26316,243,100,30,0,0,0,0,0,0,0,0,27
209,1596,3.76364,207,100,32,0,0,0,0,0,0,0,0,23
210,1744,4.5,243,100,27,0,0,0,0,0,0,0,0,27
211,1778,3.3,198,100,38,0,0,0,0,0,0,0,0,22
212,2044,4.5,279,100,31,0,0,0,0,0,0,0,0,31
213,1714,4.57627,270,100,29,0,0,0,0,0,0,0,0,30
214,1652,4.72131,288,100,29,0,0,0,0,0,0,0,0,32
215,1606,4.5,252,100,28,0,0,0,0,0,0,0,0,28
216,1858,4.93548,306,100,28,0,0,0,0,0,0,0,0,34
217,1758,4.29231,279,100,34,0,0,0,0,0,0,0,0,31
218,2012,4.86885,297,100,28,0,0,0,0,0,0,0,0,33
219,1926,5.1,306,100,26,0,0,0,0,0,0,0,0,34
220,2006,4.42373,261,100,30,0,0,0,0,0,0,0,0,29
221,2156,4.21875,270,100,34,0,0,0,0,0,0,0,0,30
222,2020,4.5,279,100,31,0,0,0,0,0,0,0,0,31
223,2010,4.20968,261,100,33,0,0,0,0,0,0,0,0,29
224,1474,3.94737,225,100,32,0,0,0,0,0,0,0,0,25
225,1786,4.27119,252,100,31,0,0,0,0,0,0,0,0,28
226,1756,3.90566,207,100,30,0,0,0,0,0,0,0,0,23
227,1842,4.2,252,100,32,0,0,0,0,0,0,0,0,28
228,1598,3.56897,207,100,35,0,0,0,0,0,0,0,0,23
229,1600,3.9661,234,100,33,0,0,0,0,0,0,0,0,26
230,1660,4.18966,243,100,31,0,0,0,0,0,0,0,0,27
231,1378,4.18966,243,100,31,0,0,0,0,0,0,0,0,27
232,1646,3.93651,248,100,35,0,0,0,0,1,0,0,0,27
233,1204,3.15,189,100,39,0,0,0,0,0,0,0,0,21
234,1664,3.91935,243,100,35,0,0,0,0,0,0,0,0,27
235,1554,3.77419,234,100,36,0,0,0,0,0,0,0,0,26
236,1354,4.96552,288,100,26,0,0,0,0,0,0,0,0,32
237,1356,3.56897,207,100,35,0,0,0,0,0,0,0,0,23
238,1470,4.83333,261,100,25,0,0,0,0,0,0,0,0,29
239,1586,5.49153,324,100,23,0,0,0,0,0,0,0,0,36
240,1318,5.43396,288,100,21,0,0,0,0,0,0,0,0,32
241,1408,4.86885,297,100,28,0,0,0,0,0,0,0,0,33
242,1620,5.52632,315,100,22,0,0,0,0,0,0,0,0,35
243,1432,5.625,315,100,21,0,0,0,0,0,0,0,0,35
244,1712,5.68421,324,100,21,0,0,0,0,0,0,0,0,36
245,1506,6.45283,342,100,15,0,0,0,0,0,0,0,0,38
246,1494,6.57692,342,100,14,0,0,0,0,0,0,0,0,38
247,1562,5.23636,288,100,23,0,0,0,0,0,0,0,0,32
248,1960,6.40678,378,100,17,0,0,0,0,0,0,0,0,42
249,1586,5.23636,288,100,23,0,0,0,0,0,0,0,0,32
250,1306,5.33333,288,100,22,0,0,0,0,0,0,0,0,32
251,1592,5.7,342,100,22,0,0,0,0,0,0,0,0,38
252,1560,5.14286,288,100,24,0,0,0,0,0,0,0,0,32
253,1576,4.66071,261,100,27,0,0,0,0,0,0,0,0,29
254,1466,5.4,297,100,22,0,0,0,0,0,0,0,0,33
255,1486,4.64062,297,100,31,0,0,0,0,0,0,0,0,33
256,1394,5.08065,315,100,27,0,0,0,0,0,0,0,0,35
257,1310,5.58621,324,100,22,0,0,0,0,0,0,0,0,36
258,1476,5.64407,333,100,22,0,0,0,0,0,0,0,0,37
259,1776,6.09677,378,100,20,0,0,0,0,0,0,0,0,42
260,1456,5.29412,270,100,21,0,0,0,0,0,0,0,0,30
261,1686,5.83333,315,100,19,0,0,0,0,0,0,0,0,35
262,1736,5,315,100,28,0,0,0,0,0,0,0,0,35
263,1580,5.21053,297,100,24,0,0,0,0,0,0,0,0,33
264,1384,5.33898,315,100,24,0,0,0,0,0,0,0,0,35
265,1398,4,252,100,35,0,0,0,0,0,0,0,0,28
266,1060,3.66102,216,100,35,0,0,0,0,0,0,0,0,24
267,1330,4.29231,279,100,34,0,0,0,0,0,0,0,0,31
268,1416,4.5,279,100,31,0,0,0,0,0,0,0,0,31
269,1426,4.35938,279,100,33,0,0,0,0,0,0,0,0,31
270,1480,4.21875,270,100,34,0,0,0,0,0,0,0,0,30
271,1198,4.64062,297,100,31,0,0,0,0,0,0,0,0,33
272,1292,4.43077,288,100,33,0,0,0,0,0,0,0,0,32
273,1230,4.71429,297,100,30,0,0,0,0,0,0,0,0,33
274,1302,5.51613,342,100,24,0,0,0,0,0,0,0,0,38
275,1300,5.31148,324,100,25,0,0,0,0,0,0,0,0,36
276,1302,5.20312,333,100,27,0,0,0,0,0,0,0,0,37
277,1184,4.88333,293,100,27,0,0,0,0,1,0,0,0,32
278,1426,4.87097,302,100,28,0,0,0,0,1,0,0,0,33
279,1448,5.03333,302,100,26,0,0,0,0,1,0,0,0,33
280,1232,5.0339,297,100,26,0,0,0,0,0,0,0,0,33
281,1248,4.5,279,100,31,0,0,0,0,0,0,0,0,31
282,1386,5.53846,288,100,20,0,0,0,0,0,0,0,0,32
283,1256,5.30357,297,100,23,0,0,0,0,0,0,0,0,33
284,1354,4.57377,279,100,30,0,0,0,0,0,0,0,0,31
285,1288,5.16393,315,100,26,0,0,0,0,0,0,0,0,35
286,1254,5.68421,324,100,21,0,0,0,0,0,0,0,0,36
287,1482,5.31148,324,100,25,0,0,0,0,0,0,0,0,36
288,1306,5.43103,315,100,23,0,0,0,0,0,0,0,0,35
289,1446,4.85714,306,100,29,0,0,0,0,0,0,0,0,34
290,1310,4.64062,297,100,31,0,0,0,0,0,0,0,0,33
291,1306,4.27119,252,100,31,0,0,0,0,0,0,0,0,28
292,1430,4.5,270,100,30,0,0,0,0,0,0,0,0,30
293,1566,4.71429,297,100,30,0,0,0,0,0,0,0,0,33
294,1268,5.1,306,100,26,0,0,0,0,0,0,0,0,34
295,1210,5.66667,306,100,20,0,0,0,0,0,0,0,0,34
296,1454,6.10169,360,100,19,0,0,0,0,0,0,0,0,40
297,1418,5.4,324,100,24,0,0,0,0,0,0,0,0,36
298,1384,5.49153,324,100,23,0,0,0,0,0,0,0,0,36
299,1286,5.16667,279,100,23,0,0,0,0,0,0,0,0,31
300,1360,5.56364,306,100,21,0,0,0,0,0,0,0,0,34
301,1532,6.2069,360,100,18,0,0,0,0,0,0,0,0,40
302,1260,6.16667,333,100,17,0,0,0,0,0,0,0,0,37
303,1360,6.79245,360,100,13,0,0,0,0,0,0,0,0,40
304,1508,6.45283,342,100,15,0,0,0,0,0,0,0,0,38
305,1210,4.88136,288,100,27,0,0,0,0,0,0,0,0,32
306,1398,5.68421,324,100,21,0,0,0,0,0,0,0,0,36
307,1396,5.78571,324,100,20,0,0,0,0,0,0,0,0,36
308,1344,5.68421,324,100,21,0,0,0,0,0,0,0,0,36
309,1552,5.01639,306,100,27,0,0,0,0,0,0,0,0,34
310,1524,4.64516,288,100,30,0,0,0,0,0,0,0,0,32
311,1318,4.57627,270,100,29,0,0,0,0,0,0,0,0,30
312,1278,4.03448,234,100,32,0,0,0,0,0,0,0,0,26
313,1620,4.20968,261,100,33,0,0,0,0,0,0,0,0,29
314,1240,4.42105,252,100,29,0,0,0,0,0,0,0,0,28
315,1346,3.9,234,100,34,0,0,0,0,0,0,0,0,26
316,1318,3.98361,243,100,34,0,0,0,0,0,0,0,0,27
317,1664,5.34375,342,100,26,0,0,0,0,0,0,0,0,38
318,1440,4.27119,252,100,31,0,0,0,0,0,0,0,0,28
319,1418,4.98214,279,100,25,0,0,0,0,0,0,0,0,31
320,1624,5.33333,288,100,22,0,0,0,0,0,0,0,0,32
321,1384,5.625,315,100,21,0,0,0,0,0,0,0,0,35
322,1698,5.94643,333,100,19,0,0,0,0,0,0,0,0,37
323,1614,4.96552,288,100,26,0,0,0,0,0,0,0,0,32
324,1604,5.05263,288,100,25,0,0,0,0,0,0,0,0,32
325,1290,4.83333,261,100,25,0,0,0,0,0,0,0,0,29
326,1380,5.23636,288,100,23,0,0,0,0,0,0,0,0,32
327,1384,4.83333,261,100,25,0,0,0,0,0,0,0,0,29
328,1176,5.04,252,100,22,0,0,0,0,0,0,0,0,28
329,1326,4.88136,288,100,27,0,0,0,0,0,0,0,0,32
330,1276,4.41818,243,100,28,0,0,0,0,0,0,0,0,27
331,1324,4.57627,270,100,29,0,0,0,0,0,0,0,0,30
332,1270,3.87931,225,100,33,0,0,0,0,0,0,0,0,25
333,1272,3.9375,252,100,36,0,0,0,0,0,0,0,0,28
334,1130,3.42857,216,100,39,0,0,0,0,0,0,0,0,24
335,1558,3.71429,234,100,37,0,0,0,0,0,0,0,0,26
336,1736,4.64062,297,100,31,0,0,0,0,0,0,0,0,33
337,1648,4.72131,288,100,29,0,0,0,0,0,0,0,0,32
338,2138,5.64407,333,100,22,0,0,0,0,0,0,0,0,37
339,1732,5.46429,306,100,22,0,0,0,0,0,0,0,0,34
340,1854,5.37097,333,100,25,0,0,0,0,0,0,0,0,37
341,1560,6.15789,351,100,18,0,0,0,0,0,0,0,0,39
342,1296,5.52632,315,100,22,0,0,0,0,0,0,0,0,35
343,2008,6.05172,351,100,19,0,0,0,0,0,0,0,0,39
344,1984,5.90164,360,100,21,0,0,0,0,0,0,0,0,40
345,1380,5.36842,306,100,23,0,0,0,0,0,0,0,0,34
346,1616,5.01639,306,100,27,0,0,0,0,0,0,0,0,34
347,1798,4.88136,288,100,27,0,0,0,0,0,0,0,0,32
348,1844,3.98361,243,100,34,0,0,0,0,0,0,0,0,27
349,1724,4.20968,261,100,33,0,0,0,0,0,0,0,0,29
350,1798,4.35,261,100,31,0,0,0,0,0,0,0,0,29
351,2044,3.48387,216,100,38,0,0,0,0,0,0,0,0,24
352,1326,4.29231,279,100,34,0,0,0,0,0,0,0,0,31
353,1544,4.28571,270,100,33,0,0,0,0,0,0,0,0,30
354,1290,4.03448,234,100,32,0,0,0,0,0,0,0,0,26
355,1274,4.41509,234,100,27,0,0,0,0,0,0,0,0,26
356,1654,4.10526,234,100,31,0,0,0,0,0,0,0,0,26
357,1668,4.17857,234,100,30,0,0,0,0,0,0,0,0,26
358,1594,3.2459,198,100,39,0,0,0,0,0,0,0,0,22
359,1540,3.54098,216,100,37,0,0,0,0,0,0,0,0,24
360,1418,2.57143,162,100,45,0,0,0,0,0,0,0,0,18
361,1682,2.63077,171,100,46,0,0,0,0,0,0,0,0,19
362,2120,3.46154,225,100,40,0,0,0,0,0,0,0,0,25
363,1912,3.54098,216,100,37,0,0,0,0,0,0,0,0,24
364,1906,4.35,261,100,31,0,0,0,0,0,0,0,0,29
365,1718,4.20968,261,100,33,0,0,0,0,0,0,0,0,29
366,1692,3.75,225,100,35,0,0,0,0,0,0,0,0,25
367,2078,4.05,243,100,33,0,0,0,0,0,0,0,0,27
368,2140,3.25862,189,100,37,0,0,0,0,0,0,0,0,21
369,1936,3.41379,198,100,36,0,0,0,0,0,0,0,0,22
370,2260,3.39344,207,100,38,0,0,0,0,0,0,0,0,23
371,2738,4.5,261,100,29,0,0,0,0,0,0,0,0,29
372,2660,4.24528,225,100,28,0,0,0,0,0,0,0,0,25
373,2332,3.92727,216,100,31,0,0,0,0,0,0,0,0,24
374,2582,4.17857,234,100,30,0,0,0,0,0,0,0,0,26
375,2570,3.72414,216,100,34,0,0,0,0,0,0,0,0,24
376,1530,3.94737,225,100,32,0,0,0,0,0,0,0,0,25
377,1904,5.23636,288,100,23,0,0,0,0,0,0,0,0,32
378,2018,5.07273,279,100,24,0,0,0,0,0,0,0,0,31
379,1574,4.58182,252,100,27,0,0,0,0,0,0,0,0,28
380,1592,4.27119,252,100,31,0,0,0,0,0,0,0,0,28
381,1342,4.06452,252,100,34,0,0,0,0,0,0,0,0,28
382,1610,4.27119,252,100,31,0,0,0,0,0,0,0,0,28
383,1266,3.85714,216,100,32,0,0,0,0,0,0,0,0,24
384,1300,3.33333,180,100,34,0,0,0,0,0,0,0,0,20
385,1450,2.68657,180,100,47,0,0,0,0,0,0,0,0,20
386,1570,3.75,225,100,35,0,0,0,0,0,0,0,0,25
387,1654,3.77419,234,100,36,0,0,0,0,0,0,0,0,26
388,1426,4,216,100,30,0,0,0,0,0,0,0,0,24
389,1204,3.20339,189,100,38,0,0,0,0,0,0,0,0,21
390,1436,3.95455,261,100,37,0,0,0,0,0,0,0,0,29
391,1444,3.3,198,100,38,0,0,0,0,0,0,0,0,22
392,1470,4.03448,234,100,32,0,0,0,0,0,0,0,0,26
393,1400,3.45,207,100,37,0,0,0,0,0,0,0,0,23
394,1644,3.56897,207,100,35,0,0,0,0,0,0,0,0,23
395,1534,3.73585,198,100,31,0,0,0,0,0,0,0,0,22
396,1362,4.27119,252,100,31,0,0,0,0,0,0,0,0,28
397,1604,4.26316,243,100,30,0,0,0,0,0,0,0,0,27
398,1602,3.56604,189,100,32,0,0,0,0,0,0,0,0,21
399,1762,4.25424,251,100,31,0,0,0,0,0,0,0,1,27
400,1816,3.87931,225,100,33,0,0,0,0,0,0,0,0,25
401,1534,3.45,207,100,37,0,0,0,0,0,0,0,0,23
402,1482,2.89831,171,100,40,0,0,0,0,0,0,0,0,19
403,1404,2.89831,171,100,40,0,0,0,0,0,0,0,0,19
404,1422,3.12308,203,100,42,0,0,0,0,1,0,0,0,22
405,1262,2.98462,194,100,43,0,0,0,0,1,0,0,0,21
406,1146,2.15385,140,100,49,0,0,0,0,1,0,0,0,15
407,1358,3.18462,207,100,42,0,0,0,0,0,0,0,0,23
408,1270,3.33871,207,100,39,0,0,0,0,0,0,0,0,23
409,1516,3.9375,252,100,36,0,0,0,0,0,0,0,0,28
410,1358,3.46154,225,100,40,0,0,0,0,0,0,0,0,25
411,1598,4.06452,252,100,34,0,0,0,0,0,0,0,0,28
412,1654,4.77273,315,100,31,0,0,0,0,0,0,0,0,35
413,1562,4.92188,315,100,29,0,0,0,0,0,0,0,0,35
414,1414,5.19231,270,100,22,0,0,0,0,0,0,0,0,30
415,1526,4.42105,252,100,29,0,0,0,0,0,0,0,0,28
416,1648,5.30357,297,100,23,0,0,0,0,0,0,0,0,33
417,1644,4.9661,293,100,26,0,0,0,0,1,0,0,0,32
418,1692,5.48333,329,100,23,0,0,0,0,1,0,0,0,36
419,1830,4.65574,284,100,29,0,0,0,0,1,0,0,0,31
420,1588,4.18966,243,100,31,0,0,0,0,0,0,0,0,27
421,1684,4.79032,297,100,29,0,0,0,0,0,0,0,0,33
422,1388,5.21053,297,100,24,0,0,0,0,0,0,0,0,33
423,1512,5.49091,302,100,21,0,0,0,0,1,0,0,0,33
424,1976,5.85,351,100,21,0,0,0,0,0,0,0,0,39
425,1718,4.65517,270,100,28,0,0,0,0,0,0,0,0,30
426,1860,4.85714,306,100,29,0,0,0,0,0,0,0,0,34
427,2082,4.35938,279,100,33,0,0,0,0,0,0,0,0,31
428,2324,5.25,315,100,25,0,0,0,0,0,0,0,0,35
429,2288,4.42373,261,100,30,0,0,0,0,0,0,0,0,29
430,2362,5.4,324,100,24,0,0,0,0,0,0,0,0,36
431,1732,5.01923,261,100,23,0,0,0,0,0,0,0,0,29
432,2048,5.21053,297,100,24,0,0,0,0,0,0,0,0,33
433,1786,4.74545,261,100,26,0,0,0,0,0,0,0,0,29
434,1588,6.17647,315,100,16,0,0,0,0,0,0,0,0,35
435,1558,5.30357,297,100,23,0,0,0,0,0,0,0,0,33
436,1456,3.87931,225,100,33,0,0,0,0,0,0,0,0,25
437,1694,4.36508,275,100,32,0,0,0,0,1,0,0,0,30
438,1980,3.73438,239,100,37,0,0,0,0,1,0,0,0,26
439,1948,4.27869,261,100,32,0,0,0,0,0,0,0,0,29
440,1824,4.07812,261,100,35,0,0,0,0,0,0,0,0,29
441,1930,4.86885,297,100,28,0,0,0,0,0,0,0,0,33
442,2232,5.12069,297,100,25,0,0,0,0,0,0,0,0,33
443,2514,5.58621,324,100,22,0,0,0,0,0,0,0,0,36
444,1982,6.10714,342,100,18,0,0,0,0,0,0,0,0,38
445,1720,4.57895,261,100,28,0,0,0,0,0,0,0,0,29
446,1934,5.625,315,100,21,0,0,0,0,0,0,0,0,35
447,1658,5.71154,297,100,19,0,0,0,0,0,0,0,0,33
448,1590,4.73684,270,100,27,0,0,0,0,0,0,0,0,30
449,1684,4.65517,270,100,28,0,0,0,0,0,0,0,0,30
450,1658,4.35,261,100,31,0,0,0,0,0,0,0,0,29
451,1412,4.67308,243,100,25,0,0,0,0,0,0,0,0,27
452,1692,5.33333,288,100,22,0,0,0,0,0,0,0,0,32
453,1820,4.98214,279,100,25,0,0,0,0,0,0,0,0,31
454,1672,4.41176,225,100,26,0,0,0,0,0,0,0,0,25
455,1476,4.5,252,100,28,0,0,0,0,0,0,0,0,28
456,1646,5.14286,288,100,24,0,0,0,0,0,0,0,0,32
457,1452,5.05263,288,100,25,0,0,0,0,0,0,0,0,32
458,1306,5.27586,306,100,24,0,0,0,0,0,0,0,0,34
459,1412,5.4,297,100,22,0,0,0,0,0,0,0,0,33
460,1508,4.90909,270,100,25,0,0,0,0,0,0,0,0,30
461,1704,5.47059,279,100,20,0,0,0,0,0,0,0,0,31
462,1684,5.14286,288,100,24,0,0,0,0,0,0,0,0,32
463,1674,5.1,306,100,26,0,0,0,0,0,0,0,0,34
464,1624,5.37097,333,100,25,0,0,0,0,0,0,0,0,37
465,1384,5.18644,306,100,25,0,0,0,0,0,0,0,0,34
466,1554,4.81034,279,100,27,0,0,0,0,0,0,0,0,31
467,1600,4.5,270,100,30,0,0,0,0,0,0,0,0,30
468,1456,3.56897,207,100,35,0,0,0,0,0,0,0,0,23
469,1616,4.06452,252,100,34,0,0,0,0,0,0,0,0,28
470,1696,5.02941,342,100,30,0,0,0,0,0,0,0,0,38
471,1342,4.8,288,100,28,0,0,0,0,0,0,0,0,32
472,1298,4.57627,270,100,29,0,0,0,0,0,0,0,0,30
473,1458,4.88136,288,100,27,0,0,0,0,0,0,0,0,32
474,1476,4.65517,270,100,28,0,0,0,0,0,0,0,0,30
475,1444,4.5,261,100,29,0,0,0,0,0,0,0,0,29
476,1440,4.27869,261,100,32,0,0,0,0,0,0,0,0,29
477,1590,3.77419,234,100,36,0,0,0,0,0,0,0,0,26
478,1528,4.64062,297,100,31,0,0,0,0,0,0,0,0,33
479,1484,4.81034,279,100,27,0,0,0,0,0,0,0,0,31
480,1372,4.57627,270,100,29,0,0,0,0,0,0,0,0,30
481,1274,4.83333,261,100,25,0,0,0,0,0,0,0,0,29
482,1336,4.5,270,100,30,0,0,0,0,0,0,0,0,30
483,1356,4.95,297,100,27,0,0,0,0,0,0,0,0,33
484,1388,4.57377,279,100,30,0,0,0,0,0,0,0,0,31
485,1376,4.86885,297,100,28,0,0,0,0,0,0,0,0,33
486,1164,4.20968,261,100,33,0,0,0,0,0,0,0,0,29
487,1464,4.72131,288,100,29,0,0,0,0,0,0,0,0,32
488,1434,4.89474,279,100,26,0,0,0,0,0,0,0,0,31
489,1378,5.5,297,100,21,0,0,0,0,0,0,0,0,33
490,1868,6.2069,360,100,18,0,0,0,0,0,0,0,0,40
491,1532,6,324,100,18,0,0,0,0,0,0,0,0,36
492,1368,5.36538,279,100,21,0,0,0,0,0,0,0,0,31
493,1526,5.43103,315,100,23,0,0,0,0,0,0,0,0,35
494,1530,5.625,315,100,21,0,0,0,0,0,0,0,0,35
495,1466,5.26415,279,100,22,0,0,0,0,0,0,0,0,31
496,1544,6,324,100,18,0,0,0,0,0,0,0,0,36
497,1622,5.27586,306,100,24,0,0,0,0,0,0,0,0,34
498,1380,4.90909,270,100,25,0,0,0,0,0,0,0,0,30
499,1616,5.30357,297,100,23,0,0,0,0,0,0,0,0,33
500,1580,5.56364,306,100,21,0,0,0,0,0,0,0,0,34
501,1726,5.68421,324,100,21,0,0,0,0,0,0,0,0,36
502,1540,5.43396,288,100,21,0,0,0,0,0,0,0,0,32
503,1832,5.79661,342,100,21,0,0,0,0,0,0,0,0,38
504,1842,5.78571,324,100,20,0,0,0,0,0,0,0,0,36
505,1556,4.98214,279,100,25,0,0,0,0,0,0,0,0,31
506,1418,4.96552,288,100,26,0,0,0,0,0,0,0,0,32
507,1618,4.71429,297,100,30,0,0,0,0,0,0,0,0,33
508,1700,4.85714,306,100,29,0,0,0,0,0,0,0,0,34
509,1812,4.92188,315,100,29,0,0,0,0,0,0,0,0,35
510,1642,3.9661,234,100,33,0,0,0,0,0,0,0,0,26
511,1706,4,252,100,35,0,0,0,0,0,0,0,0,28
512,1674,4.42623,270,100,31,0,0,0,0,0,0,0,0,30
513,1732,4.8,288,100,28,0,0,0,0,0,0,0,0,32
514,1480,5.4,297,100,22,0,0,0,0,0,0,0,0,33
515,1560,4.57895,261,100,28,0,0,0,0,0,0,0,0,29
516,1504,4.34483,252,100,30,0,0,0,0,0,0,0,0,28
517,1576,4.05,243,100,33,0,0,0,0,0,0,0,0,27
518,1582,4.64516,288,100,30,0,0,0,0,0,0,0,0,32
519,1664,5.0339,297,100,26,0,0,0,0,0,0,0,0,33
520,1456,4.20968,261,100,33,0,0,0,0,0,0,0,0,29
521,1444,4.33929,243,100,29,0,0,0,0,0,0,0,0,27
522,1506,4.27119,252,100,31,0,0,0,0,0,0,0,0,28
523,1622,3.94737,225,100,32,0,0,0,0,0,0,0,0,25
524,1582,4.82456,275,100,26,0,0,0,0,1,0,0,0,30
525,1476,4.5,270,100,30,0,0,0,0,0,0,0,0,30
526,1384,4.16667,225,100,29,0,0,0,0,0,0,0,0,25
527,1508,4.88136,288,100,27,0,0,0,0,0,0,0,0,32
528,1614,4.89474,279,100,26,0,0,0,0,0,0,0,0,31
529,1564,4.2,252,100,32,0,0,0,0,0,0,0,0,28
530,1478,4.34483,252,100,30,0,0,0,0,0,0,0,0,28
531,1664,5.05263,288,100,25,0,0,0,0,0,0,0,0,32
532,1452,4.34483,252,100,30,0,0,0,0,0,0,0,0,28
533,1454,4.65,279,100,29,0,0,0,0,0,0,0,0,31
534,1488,5.21053,297,100,24,0,0,0,0,0,0,0,0,33
535,1476,5.43103,315,100,23,0,0,0,0,0,0,0,0,35
536,1312,4.25455,234,100,29,0,0,0,0,0,0,0,0,26
537,1440,4.73684,270,100,27,0,0,0,0,0,0,0,0,30
538,1328,4.65517,270,100,28,0,0,0,0,0,0,0,0,30
539,1394,3.95455,261,100,37,0,0,0,0,0,0,0,0,29
540,1354,3.39344,207,100,38,0,0,0,0,0,0,0,0,23
541,1648,4.57627,270,100,29,0,0,0,0,0,0,0,0,30
542,1594,3.65625,234,100,38,0,0,0,0,0,0,0,0,26
543,1800,4.5,270,100,30,0,0,0,0,0,0,0,0,30
544,1648,4.5,279,100,31,0,0,0,0,0,0,0,0,31
545,1622,4.2,252,100,32,0,0,0,0,0,0,0,0,28
546,1742,4.18966,243,100,31,0,0,0,0,0,0,0,0,27
547,1574,4.10526,234,100,31,0,0,0,0,0,0,0,0,26
548,1476,2.94828,171,100,39,0,0,0,0,0,0,0,0,19
549,1338,3.22642,171,100,34,0,0,0,0,0,0,0,0,19
550,1554,4.27119,252,100,31,0,0,0,0,0,0,0,0,28
551,1606,4.66071,261,100,27,0,0,0,0,0,0,0,0,29
552,1794,5.68421,324,100,21,0,0,0,0,0,0,0,0,36
553,1420,5.23636,288,100,23,0,0,0,0,0,0,0,0,32
554,1538,5.12069,297,100,25,0,0,0,0,0,0,0,0,33
555,1650,5.68421,324,100,21,0,0,0,0,0,0,0,0,36
556,1364,4.98214,279,100,25,0,0,0,0,0,0,0,0,31
557,1442,3.62295,221,100,36,0,0,0,0,1,0,0,0,24
558,1522,3.68333,221,100,35,0,0,0,0,1,0,0,0,24
559,1302,3.74576,221,100,34,0,0,0,0,1,0,0,0,24
560,1476,3.6,234,100,39,0,0,0,0,0,0,0,0,26
561,1452,3.83607,234,100,35,0,0,0,0,0,0,0,0,26
562,1406,3.33333,180,100,34,0,0,0,0,0,0,0,0,20
563,1442,3.39623,180,100,33,0,0,0,0,0,0,0,0,20
564,1680,4.67308,243,100,25,0,0,0,0,0,0,0,0,27
565,1532,4.5,243,100,27,0,0,0,0,0,0,0,0,27
566,1732,5.01639,306,100,27,0,0,0,0,0,0,0,0,34
567,1534,4.05,243,100,33,0,0,0,0,0,0,0,0,27
568,1612,4.57895,261,100,28,0,0,0,0,0,0,0,0,29
569,1710,3.83607,234,100,35,0,0,0,0,0,0,0,0,26
570,1486,4.18966,243,100,31,0,0,0,0,0,0,0,0,27
571,1534,5.22581,324,100,26,0,0,0,0,0,0,0,0,36
572,1178,4.63333,278,100,29,0,0,0,0,0,0,0,1,30
573,1276,4.4127,278,100,32,0,0,0,0,0,0,0,1,30
574,1508,5.59016,341,100,23,0,0,0,0,0,0,0,1,37
575,1326,5.36842,306,100,23,0,0,0,0,0,0,0,0,34
576,1468,5.625,315,100,21,0,0,0,0,0,0,0,0,35
577,1720,5.7,342,100,22,0,0,0,0,0,0,0,0,38
578,1580,6,360,100,20,0,0,0,0,0,0,0,0,40
579,1400,6,306,100,17,0,0,0,0,0,0,0,0,34
580,1698,5.66667,306,100,20,0,0,0,0,0,0,0,0,34
581,1576,5.52632,315,100,22,0,0,0,0,0,0,0,0,35
582,1362,4.5,252,100,28,0,0,0,0,0,0,0,0,28
583,1622,5.5,297,100,21,0,0,0,0,0,0,0,0,33
584,1432,4.66667,252,100,26,0,0,0,0,0,0,0,0,28
585,1232,4.58182,252,100,27,0,0,0,0,0,0,0,0,28
586,1414,4.43077,288,100,33,0,0,0,0,0,0,0,0,32
587,1286,4.95,297,100,27,0,0,0,0,0,0,0,0,33
588,1366,4.64516,288,100,30,0,0,0,0,0,0,0,0,32
589,1302,4.14286,261,100,34,0,0,0,0,0,0,0,0,29
590,1484,4.42857,279,100,32,0,0,0,0,0,0,0,0,31
591,1348,3.13636,207,100,43,0,0,0,0,0,0,0,0,23
592,1280,3.28571,207,100,40,0,0,0,0,0,0,0,0,23
593,1152,2.73913,189,100,48,0,0,0,0,0,0,0,0,21
594,1254,2.18182,144,100,50,0,0,0,0,0,0,0,0,16
595,1460,3.09375,198,100,42,0,0,0,0,0,0,0,0,22
596,1562,3.08955,207,100,44,0,0,0,0,0,0,0,0,23
597,1500,2.63077,171,100,46,0,0,0,0,0,0,0,0,19
598,1542,3.27273,216,100,42,0,0,0,0,0,0,0,0,24
599,1554,3.19355,198,100,40,0,0,0,0,0,0,0,0,22
600,1270,2.25,144,100,48,0,0,0,0,0,0,0,0,16
601,1640,2.95082,180,100,41,0,0,0,0,0,0,0,0,20
602,1328,2.75806,171,100,43,0,0,0,0,0,0,0,0,19
603,1378,3.09375,198,100,42,0,0,0,0,0,0,0,0,22
604,1452,3.68852,225,100,36,0,0,0,0,0,0,0,0,25
605,1560,3.39344,207,100,38,0,0,0,0,0,0,0,0,23
606,1516,3.50847,207,100,36,0,0,0,0,0,0,0,0,23
607,1518,3.63158,207,100,34,0,0,0,0,0,0,0,0,23
608,1800,4.11864,243,100,32,0,0,0,0,0,0,0,0,27
609,1680,3.20339,189,100,38,0,0,0,0,0,0,0,0,21
610,1556,3.41379,198,100,36,0,0,0,0,0,0,0,0,22
611,1382,3.42857,216,100,39,0,0,0,0,0,0,0,0,24
612,1636,3.68852,225,100,36,0,0,0,0,0,0,0,0,25
613,1816,3.98361,243,100,34,0,0,0,0,0,0,0,0,27
614,1424,2.74576,162,100,41,0,0,0,0,0,0,0,0,18
615,1538,3.42857,216,100,39,0,0,0,0,0,0,0,0,24
616,1546,3.81818,252,100,38,0,0,0,0,0,0,0,0,28
617,1084,3.62903,225,100,37,0,0,0,0,0,0,0,0,25
618,1350,3.68852,225,100,36,0,0,0,0,0,0,0,0,25
619,1438,4.42373,261,100,30,0,0,0,0,0,0,0,0,29
620,1330,3.98361,243,100,34,0,0,0,0,0,0,0,0,27
621,1580,4.35,261,100,31,0,0,0,0,0,0,0,0,29
622,1470,4.17857,234,100,30,0,0,0,0,0,0,0,0,26
623,1760,3.77419,234,100,36,0,0,0,0,0,0,0,0,26
624,1642,4.15873,262,100,33,0,0,0,0,2,0,0,0,28
625,1522,3.56061,235,100,39,0,0,0,0,2,0,0,0,25
626,1482,3.65517,212,100,34,0,0,0,0,1,0,0,0,23
627,1726,3.51562,225,100,39,0,0,0,0,0,0,0,0,25
628,1846,3.98361,243,100,34,0,0,0,0,0,0,0,0,27
629,1694,2.94545,162,100,37,0,0,0,0,0,0,0,0,18
630,1936,4.03448,234,100,32,0,0,0,0,0,0,0,0,26
631,1450,3.54098,216,100,37,0,0,0,0,0,0,0,0,24
632,1282,3.62903,225,100,37,0,0,0,0,0,0,0,0,25
633,1486,3.50847,207,100,36,0,0,0,0,0,0,0,0,23
634,1638,3.9,234,100,34,0,0,0,0,0,0,0,0,26
635,1390,3.39344,207,100,38,0,0,0,0,0,0,0,0,23
636,1380,3.68852,225,100,36,0,0,0,0,0,0,0,0,25
637,1400,4.11864,243,100,32,0,0,0,0,0,0,0,0,27
638,1584,4.89474,279,100,26,0,0,0,0,0,0,0,0,31
639,1550,5.16667,279,100,23,0,0,0,0,0,0,0,0,31
640,1714,5.05263,288,100,25,0,0,0,0,0,0,0,0,32
641,1776,4.57895,261,100,28,0,0,0,0,0,0,0,0,29
642,1910,5.30357,297,100,23,0,0,0,0,0,0,0,0,33
643,1990,4.82143,270,100,26,0,0,0,0,0,0,0,0,30
644,1528,4.20968,261,100,33,0,0,0,0,0,0,0,0,29
645,1652,4.35,261,100,31,0,0,0,0,0,0,0,0,29
646,1638,5.30357,297,100,23,0,0,0,0,0,0,0,0,33
647,1836,4.88136,288,100,27,0,0,0,0,0,0,0,0,32
648,1606,5.7,342,100,22,0,0,0,0,0,0,0,0,38
649,1436,4.98214,279,100,25,0,0,0,0,0,0,0,0,31
650,1378,5.05263,288,100,25,0,0,0,0,0,0,0,0,32
651,1560,4.95,297,100,27,0,0,0,0,0,0,0,0,33
652,1154,4.10526,234,100,31,0,0,0,0,0,0,0,0,26
653,1448,5.1,306,100,26,0,0,0,0,0,0,0,0,34
654,1380,4.73684,270,100,27,0,0,0,0,0,0,0,0,30
655,1478,4.86,243,100,23,0,0,0,0,0,0,0,0,27
656,1156,4.15385,216,100,28,0,0,0,0,0,0,0,0,24
657,1110,3.39623,180,100,33,0,0,0,0,0,0,0,0,20
658,1356,4.27869,261,100,32,0,0,0,0,0,0,0,0,29
659,1076,3.91935,243,100,35,0,0,0,0,0,0,0,0,27
660,1294,3.68852,225,100,36,0,0,0,0,0,0,0,0,25
661,1362,4.35,261,100,31,0,0,0,0,0,0,0,0,29
662,1262,3.87931,225,100,33,0,0,0,0,0,0,0,0,25
663,1310,3.81356,225,100,34,0,0,0,0,0,0,0,0,25
664,1290,4.17857,234,100,30,0,0,0,0,0,0,0,0,26
665,1478,4.65517,270,100,28,0,0,0,0,0,0,0,0,30
666,1226,4.03448,234,100,32,0,0,0,0,0,0,0,0,26
667,1324,4.96552,288,100,26,0,0,0,0,0,0,0,0,32
668,1284,4.27869,261,100,32,0,0,0,0,0,0,0,0,29
669,1440,4.89474,279,100,26,0,0,0,0,0,0,0,0,31
670,1404,4.5,252,100,28,0,0,0,0,0,0,0,0,28
671,1390,4.41818,243,100,28,0,0,0,0,0,0,0,0,27
672,1326,4.34483,252,100,30,0,0,0,0,0,0,0,0,28
673,1476,4.26316,243,100,30,0,0,0,0,0,0,0,0,27
674,1524,4.27119,252,100,31,0,0,0,0,0,0,0,0,28
675,1286,4.83333,261,100,25,0,0,0,0,0,0,0,0,29
676,1372,4.2,252,100,32,0,0,0,0,0,0,0,0,28
677,1434,4.42105,252,100,29,0,0,0,0,0,0,0,0,28
678,1432,3.72414,216,100,34,0,0,0,0,0,0,0,0,24
679,1426,4.58491,243,100,26,0,0,0,0,0,0,0,0,27
680,1256,3.94737,225,100,32,0,0,0,0,0,0,0,0,25
681,1332,3.27273,180,100,35,0,0,0,0,0,0,0,0,20
682,1298,3.72414,216,100,34,0,0,0,0,0,0,0,0,24
683,1472,4.65,279,100,29,0,0,0,0,0,0,0,0,31
684,1606,5.09434,270,100,23,0,0,0,0,0,0,0,0,30
685,1552,5.30357,297,100,23,0,0,0,0,0,0,0,0,33
686,1640,5.30357,297,100,23,0,0,0,0,0,0,0,0,33
687,1710,5.25,315,100,25,0,0,0,0,0,0,0,0,35
688,1450,4.18966,243,100,31,0,0,0,0,0,0,0,0,27
689,1706,4.57627,270,100,29,0,0,0,0,0,0,0,0,30
690,1670,4.26316,243,100,30,0,0,0,0,0,0,0,0,27
691,1514,4.73333,284,100,28,0,0,0,0,1,0,0,0,31
692,1660,4.2,252,100,32,0,0,0,0,0,0,0,0,28
693,1570,4.90909,270,100,25,0,0,0,0,0,0,0,0,30
694,1694,4.4,242,100,28,0,0,0,0,0,0,0,1,26
695,1780,4.78333,287,100,28,0,0,0,0,0,0,0,1,31
696,1602,4.18966,243,100,31,0,0,0,0,0,0,0,0,27
697,1516,4.33333,234,100,28,0,0,0,0,0,0,0,0,26
698,1736,4.13115,252,100,33,0,0,0,0,0,0,0,0,28
699,1800,5.14286,288,100,24,0,0,0,0,0,0,0,0,32
700,1784,4.42373,261,100,30,0,0,0,0,0,0,0,0,29
701,1440,4.01538,261,100,36,0,0,0,0,0,0,0,0,29
702,1590,4.43333,266,100,30,0,0,0,0,1,0,0,0,29
703,1342,4.13333,248,100,32,0,0,0,0,1,0,0,0,27
704,1440,3.83333,230,100,34,0,0,0,0,1,0,0,0,25
705,1578,3.34483,194,100,36,0,0,0,0,1,0,0,0,21
706,1452,3.21429,180,100,36,0,0,0,0,0,0,0,0,20
707,1810,3.66102,216,100,35,0,0,0,0,0,0,0,0,24
708,1640,4.5,261,100,29,0,0,0,0,0,0,0,0,29
709,1460,4.25455,234,100,29,0,0,0,0,0,0,0,0,26
710,1406,4.27869,261,100,32,0,0,0,0,0,0,0,0,29
711,1414,4.42373,261,100,30,0,0,0,0,0,0,0,0,29
712,1640,4.72131,288,100,29,0,0,0,0,0,0,0,0,32
713,1594,5.64407,333,100,22,0,0,0,0,0,0,0,0,37
714,1502,5.72881,338,100,21,0,0,0,0,1,0,0,0,37
715,1138,5.12069,297,100,25,0,0,0,0,0,0,0,0,33
716,1552,5.01639,306,100,27,0,0,0,0,0,0,0,0,34
717,1364,4.2,252,100,32,0,0,0,0,0,0,0,0,28
718,1132,4.74545,261,100,26,0,0,0,0,0,0,0,0,29
719,1566,4.95,297,100,27,0,0,0,0,0,0,0,0,33
720,1416,4.82143,270,100,26,0,0,0,0,0,0,0,0,30
721,1378,4.28571,270,100,33,0,0,0,0,0,0,0,0,30
722,1452,4.35484,270,100,32,0,0,0,0,0,0,0,0,30
723,1516,3.50847,207,100,36,0,0,0,0,0,0,0,0,23
724,1546,3.40909,225,100,41,0,0,0,0,0,0,0,0,25
725,1600,3.54098,216,100,37,0,0,0,0,0,0,0,0,24
726,1412,3.81356,225,100,34,0,0,0,0,0,0,0,0,25
727,1426,3.91935,243,100,35,0,0,0,0,0,0,0,0,27
728,1492,3.57143,225,100,38,0,0,0,0,0,0,0,0,25
729,1242,3.48387,216,100,38,0,0,0,0,0,0,0,0,24
730,1414,3.19355,198,100,40,0,0,0,0,0,0,0,0,22
731,1518,3.39344,207,100,38,0,0,0,0,0,0,0,0,23
732,1416,3.15,189,100,39,0,0,0,0,0,0,0,0,21
733,1432,3.2459,198,100,39,0,0,0,0,0,0,0,0,22
734,1458,3.68852,225,100,36,0,0,0,0,0,0,0,0,25
735,1554,4,216,100,30,0,0,0,0,0,0,0,0,24
736,1738,4.73684,270,100,27,0,0,0,0,0,0,0,0,30
737,1620,4.10526,234,100,31,0,0,0,0,0,0,0,0,26
738,1422,4.5,261,100,29,0,0,0,0,0,0,0,0,29
739,1568,4.72881,279,100,28,0,0,0,0,0,0,0,0,31
740,1518,4.42105,252,100,29,0,0,0,0,0,0,0,0,28
741,1414,4.42105,252,100,29,0,0,0,0,0,0,0,0,28
742,1414,5.33333,288,100,22,0,0,0,0,0,0,0,0,32
743,1436,4.72881,279,100,28,0,0,0,0,0,0,0,0,31
744,1474,4.58182,252,100,27,0,0,0,0,0,0,0,0,28
745,1642,5.19231,270,100,22,0,0,0,0,0,0,0,0,30
746,1782,4.5,270,100,30,0,0,0,0,0,0,0,0,30
747,1606,4.2,252,100,32,0,0,0,0,0,0,0,0,28
748,1380,4.41818,243,100,28,0,0,0,0,0,0,0,0,27
749,1300,4.22727,279,100,35,0,0,0,0,0,0,0,0,31
750,1252,3.54545,234,100,40,0,0,0,0,0,0,0,0,26
751,1172,3,180,100,40,0,0,0,0,0,0,0,0,20
752,1256,3.9,234,100,34,0,0,0,0,0,0,0,0,26
753,1334,3.15,189,100,39,0,0,0,0,0,0,0,0,21
754,1542,3.32308,216,100,41,0,0,0,0,0,0,0,0,24
755,1304,3.20339,189,100,38,0,0,0,0,0,0,0,0,21
756,1554,3.66102,216,100,35,0,0,0,0,0,0,0,0,24
757,1404,3.05085,180,100,39,0,0,0,0,0,0,0,0,20
758,1388,3.54098,216,100,37,0,0,0,0,0,0,0,0,24
759,1524,4.42105,252,100,29,0,0,0,0,0,0,0,0,28
760,1316,4.42373,261,100,30,0,0,0,0,0,0,0,0,29
761,1488,4.95,297,100,27,0,0,0,0,0,0,0,0,33
762,1390,4.57627,270,100,29,0,0,0,0,0,0,0,0,30
763,1288,4.81034,279,100,27,0,0,0,0,0,0,0,0,31
764,1576,5.0339,297,100,26,0,0,0,0,0,0,0,0,33
765,1718,5.25,315,100,25,0,0,0,0,0,0,0,0,35
766,1568,4.42373,261,100,30,0,0,0,0,0,0,0,0,29
767,1664,4.96552,288,100,26,0,0,0,0,0,0,0,0,32
768,1796,5.89655,342,100,20,0,0,0,0,0,0,0,0,38
769,1870,5.52632,315,100,22,0,0,0,0,0,0,0,0,35
770,1774,4.10526,234,100,31,0,0,0,0,0,0,0,0,26
771,1808,4.05,243,100,33,0,0,0,0,0,0,0,0,27
772,2148,4.5,279,100,31,0,0,0,0,0,0,0,0,31
773,1624,4.81034,279,100,27,0,0,0,0,0,0,0,0,31
774,1738,3.54098,216,100,37,0,0,0,0,0,0,0,0,24
775,1464,3.72414,216,100,34,0,0,0,0,0,0,0,0,24
776,1798,4,252,100,35,0,0,0,0,0,0,0,0,28
777,1740,3.10345,180,100,38,0,0,0,0,0,0,0,0,20
778,1822,3.56897,207,100,35,0,0,0,0,0,0,0,0,23
779,1946,3.9661,234,100,33,0,0,0,0,0,0,0,0,26
780,2152,3,207,100,46,0,0,0,0,0,0,0,0,23
781,1838,3.14286,198,100,41,0,0,0,0,0,0,0,0,22
782,2108,3.91304,270,100,39,0,0,0,0,0,0,0,0,30
783,1786,3.09836,189,100,40,0,0,0,0,0,0,0,0,21
784,1768,3.56897,207,100,35,0,0,0,0,0,0,0,0,23
785,2238,4.65,279,100,29,0,0,0,0,0,0,0,0,31
786,2106,4.09091,225,100,30,0,0,0,0,0,0,0,0,25
787,2056,3.73585,198,100,31,0,0,0,0,0,0,0,0,22
788,2028,4.24528,225,100,28,0,0,0,0,0,0,0,0,25
789,1954,4.65517,270,100,28,0,0,0,0,0,0,0,0,30
790,2246,4.96552,288,100,26,0,0,0,0,0,0,0,0,32
791,1562,4.57895,261,100,28,0,0,0,0,0,0,0,0,29
792,1718,3.69643,207,100,33,0,0,0,0,0,0,0,0,23
793,1934,4.41818,243,100,28,0,0,0,0,0,0,0,0,27
794,1672,4.33929,243,100,29,0,0,0,0,0,0,0,0,27
795,1918,3.6,216,100,36,0,0,0,0,0,0,0,0,24
796,1952,4.81034,279,100,27,0,0,0,0,0,0,0,0,31
797,2202,4.18966,243,100,31,0,0,0,0,0,0,0,0,27
798,1970,4.15385,216,100,28,0,0,0,0,0,0,0,0,24
799,2094,3.63158,207,100,34,0,0,0,0,0,0,0,0,23
800,2280,3.72414,216,100,34,0,0,0,0,0,0,0,0,24
801,1800,4.33333,234,100,28,0,0,0,0,0,0,0,0,26
802,1944,5.0339,297,100,26,0,0,0,0,0,0,0,0,33
803,1832,5,270,100,24,0,0,0,0,0,0,0,0,30
804,1810,4.57627,270,100,29,0,0,0,0,0,0,0,0,30
805,1928,4.57627,270,100,29,0,0,0,0,0,0,0,0,30
806,1796,4.5,261,100,29,0,0,0,0,0,0,0,0,29
807,1648,4.09091,225,100,30,0,0,0,0,0,0,0,0,25
808,1610,4.10526,234,100,31,0,0,0,0,0,0,0,0,26
809,1414,3.75,225,100,35,0,0,0,0,0,0,0,0,25
810,1584,4.26316,243,100,30,0,0,0,0,0,0,0,0,27
811,1698,4.2,252,100,32,0,0,0,0,0,0,0,0,28
812,1640,3.47368,198,100,35,0,0,0,0,0,0,0,0,22
813,1594,3.83333,207,100,31,0,0,0,0,0,0,0,0,23
814,1468,3.6,216,100,36,0,0,0,0,0,0,0,0,24
815,1514,3.92727,216,100,31,0,0,0,0,0,0,0,0,24
816,1650,3.87931,225,100,33,0,0,0,0,0,0,0,0,25
817,1712,4.5,252,100,28,0,0,0,0,0,0,0,0,28
818,1544,4.58491,243,100,26,0,0,0,0,0,0,0,0,27
819,1720,4.03448,234,100,32,0,0,0,0,0,0,0,0,26
820,1450,4.17857,234,100,30,0,0,0,0,0,0,0,0,26
821,1288,2.89831,171,100,40,0,0,0,0,0,0,0,0,19
822,1316,3.15,189,100,39,0,0,0,0,0,0,0,0,21
823,1290,4.05,243,100,33,0,0,0,0,0,0,0,0,27
824,1306,3.78947,216,100,33,0,0,0,0,0,0,0,0,24
825,1570,4.57895,261,100,28,0,0,0,0,0,0,0,0,29
826,1416,3.20339,189,100,38,0,0,0,0,0,0,0,0,21
827,1444,3.39344,207,100,38,0,0,0,0,0,0,0,0,23
828,1640,3.81356,225,100,34,0,0,0,0,0,0,0,0,25
829,1602,3.39344,207,100,38,0,0,0,0,0,0,0,0,23
830,1468,3.31579,189,100,36,0,0,0,0,0,0,0,0,21
831,1662,3.69643,207,100,33,0,0,0,0,0,0,0,0,23
832,1570,3.56897,207,100,35,0,0,0,0,0,0,0,0,23
833,1556,3.10345,180,100,38,0,0,0,0,0,0,0,0,20
834,1536,3.63158,207,100,34,0,0,0,0,0,0,0,0,23
835,1686,4.57627,270,100,29,0,0,0,0,0,0,0,0,30
836,1856,5.12069,297,100,25,0,0,0,0,0,0,0,0,33
837,1452,4.07547,216,100,29,0,0,0,0,0,0,0,0,24
838,1250,4.41818,243,100,28,0,0,0,0,0,0,0,0,27
839,1576,4.50794,284,100,31,0,0,0,0,1,0,0,0,31
840,1370,3.91935,243,100,35,0,0,0,0,0,0,0,0,27
841,1478,4.11475,251,100,33,0,0,0,0,0,0,0,1,27
842,1642,3.96721,242,100,34,0,0,0,0,0,0,0,1,26
843,1654,3.81356,225,100,34,0,0,0,0,0,0,0,0,25
844,2118,3.81356,225,100,34,0,0,0,0,0,0,0,0,25
845,1884,3.63158,207,100,34,0,0,0,0,0,0,0,0,23
846,2050,3.15789,180,100,37,0,0,0,0,0,0,0,0,20
847,1612,3.09836,189,100,40,0,0,0,0,0,0,0,0,21
848,1682,2.86957,198,100,47,0,0,0,0,0,0,0,0,22
849,1650,3.04839,189,100,41,0,0,0,0,0,0,0,0,21
850,1958,3,189,100,42,0,0,0,0,0,0,0,0,21
851,2072,3.73846,243,100,38,0,0,0,0,0,0,0,0,27
852,1568,4.27869,261,100,32,0,0,0,0,0,0,0,0,29
853,1438,3.75,225,100,35,0,0,0,0,0,0,0,0,25
854,1360,3.6,216,100,36,0,0,0,0,0,0,0,0,24
855,1556,4.5,252,100,28,0,0,0,0,0,0,0,0,28
856,1370,3.72414,216,100,34,0,0,0,0,0,0,0,0,24
857,1544,3.9,234,100,34,0,0,0,0,0,0,0,0,26
858,1496,4.42373,261,100,30,0,0,0,0,0,0,0,0,29
859,1546,3.71429,234,100,37,0,0,0,0,0,0,0,0,26
860,1374,4,252,100,35,0,0,0,0,0,0,0,0,28
861,1458,3.9375,252,100,36,0,0,0,0,0,0,0,0,28
862,1728,4.29231,279,100,34,0,0,0,0,0,0,0,0,31
863,1402,4.12069,239,100,31,0,0,0,0,1,0,0,0,26
864,1460,4.13115,252,100,33,0,0,0,0,0,0,0,0,28
865,1318,3.2459,198,100,39,0,0,0,0,0,0,0,0,22
866,1488,2.90323,180,100,42,0,0,0,0,0,0,0,0,20
867,1464,2.90769,189,100,44,0,0,0,0,0,0,0,0,21
868,1736,3.54098,216,100,37,0,0,0,0,0,0,0,0,24
869,1244,3.04839,189,100,41,0,0,0,0,0,0,0,0,21
870,1556,2.90769,189,100,44,0,0,0,0,0,0,0,0,21
871,1656,3.62903,225,100,37,0,0,0,0,0,0,0,0,25
872,1700,3.54098,216,100,37,0,0,0,0,0,0,0,0,24
873,1370,3.15,189,100,39,0,0,0,0,0,0,0,0,21
874,1468,3.19355,198,100,40,0,0,0,0,0,0,0,0,22
875,1502,3.68852,225,100,36,0,0,0,0,0,0,0,0,25
876,1420,2.38235,162,100,50,0,0,0,0,0,0,0,0,18
877,1470,2.61538,170,100,46,0,0,0,0,0,0,0,1,18
878,1582,2.36066,144,100,45,0,0,0,0,0,0,0,0,16
879,1626,3.14286,198,100,41,0,0,0,0,0,0,0,0,22
880,1628,2.74576,162,100,41,0,0,0,0,0,0,0,0,18
881,1958,3.9,234,100,34,0,0,0,0,0,0,0,0,26
882,1806,4.42105,252,100,29,0,0,0,0,0,0,0,0,28
883,1490,3.83333,207,100,31,0,0,0,0,0,0,0,0,23
884,1816,4.33929,243,100,29,0,0,0,0,0,0,0,0,27
885,2040,4.25455,234,100,29,0,0,0,0,0,0,0,0,26
886,1770,4.01786,225,100,31,0,0,0,0,0,0,0,0,25
887,2092,4.58182,252,100,27,0,0,0,0,0,0,0,0,28
888,2054,4.64516,288,100,30,0,0,0,0,0,0,0,0,32
889,1418,4.27119,252,100,31,0,0,0,0,0,0,0,0,28
890,1606,3.23438,207,100,41,0,0,0,0,0,0,0,0,23
891,1474,3.75,225,100,35,0,0,0,0,0,0,0,0,25
892,1646,4.42373,261,100,30,0,0,0,0,0,0,0,0,29
893,1742,4.03448,234,100,32,0,0,0,0,0,0,0,0,26
894,1822,4.35,261,100,31,0,0,0,0,0,0,0,0,29
895,1430,3.19355,198,100,40,0,0,0,0,0,0,0,0,22
896,1490,4.05,243,100,33,0,0,0,0,0,0,0,0,27
897,1644,3.87692,252,100,37,0,0,0,0,0,0,0,0,28
898,1392,3.71429,234,100,37,0,0,0,0,0,0,0,0,26
899,1440,3.87931,225,100,33,0,0,0,0,0,0,0,0,25
900,1400,3.41379,198,100,36,0,0,0,0,0,0,0,0,22
901,1582,3.50847,207,100,36,0,0,0,0,0,0,0,0,23
902,1460,3.87931,225,100,33,0,0,0,0,0,0,0,0,25
903,1388,3.05085,180,100,39,0,0,0,0,0,0,0,0,20
904,1446,3,180,100,40,0,0,0,0,0,0,0,0,20
905,1624,2.75806,171,100,43,0,0,0,0,0,0,0,0,19
906,1470,3.21429,180,100,36,0,0,0,0,0,0,0,0,20
907,1664,4.18966,243,100,31,0,0,0,0,0,0,0,0,27
908,1442,3.98077,207,100,29,0,0,0,0,0,0,0,0,23
909,1586,4.42373,261,100,30,0,0,0,0,0,0,0,0,29
910,1492,4.42373,261,100,30,0,0,0,0,0,0,0,0,29
911,1536,3.91935,243,100,35,0,0,0,0,0,0,0,0,27
912,1480,4.2,252,100,32,0,0,0,0,0,0,0,0,28
913,1440,3.79688,243,100,37,0,0,0,0,0,0,0,0,27
914,1772,3.57143,225,100,38,0,0,0,0,0,0,0,0,25
915,1676,4.05,243,100,33,0,0,0,0,0,0,0,0,27
916,1978,4.06452,252,100,34,0,0,0,0,0,0,0,0,28
917,2230,3.95455,261,100,37,0,0,0,0,0,0,0,0,29
918,2380,4.28571,270,100,33,0,0,0,0,0,0,0,0,30
919,2034,3.23438,207,100,41,0,0,0,0,0,0,0,0,23
920,2420,4.42373,261,100,30,0,0,0,0,0,0,0,0,29
921,1824,4.11864,243,100,32,0,0,0,0,0,0,0,0,27
922,1852,4.90909,270,100,25,0,0,0,0,0,0,0,0,30
923,2020,5.43103,315,100,23,0,0,0,0,0,0,0,0,35
924,2146,4.35,261,100,31,0,0,0,0,0,0,0,0,29
925,2198,4.69231,305,100,31,0,0,0,0,0,0,0,1,33
926,2416,5.08065,315,100,27,0,0,0,0,0,0,0,0,35
927,2164,4.96552,288,100,26,0,0,0,0,0,0,0,0,32
928,1564,5.0339,297,100,26,0,0,0,0,0,0,0,0,33
929,1564,4.5,270,100,30,0,0,0,0,0,0,0,0,30
930,1680,4.82143,270,100,26,0,0,0,0,0,0,0,0,30
931,1346,4.17857,234,100,30,0,0,0,0,0,0,0,0,26
932,1464,5.43396,288,100,21,0,0,0,0,0,0,0,0,32
933,1558,5.07273,279,100,24,0,0,0,0,0,0,0,0,31
934,1452,4.95,297,100,27,0,0,0,0,0,0,0,0,33
935,1302,5.05263,288,100,25,0,0,0,0,0,0,0,0,32
936,1270,4.88136,288,100,27,0,0,0,0,0,0,0,0,32
937,1296,5.29825,302,100,23,0,0,0,0,1,0,0,0,33
938,1406,4.71186,278,100,28,0,0,0,0,0,0,0,1,30
939,1472,4.06452,252,100,34,0,0,0,0,0,0,0,0,28
940,1260,3.94737,225,100,32,0,0,0,0,0,0,0,0,25
941,1324,4.5,261,100,29,0,0,0,0,0,0,0,0,29
942,1470,4.35938,279,100,33,0,0,0,0,0,0,0,0,31
943,1366,4.88136,288,100,27,0,0,0,0,0,0,0,0,32
944,1378,4.5,261,100,29,0,0,0,0,0,0,0,0,29
945,1590,5.60656,342,100,23,0,0,0,0,0,0,0,0,38
946,1272,5.05263,288,100,25,0,0,0,0,0,0,0,0,32
947,1618,5,315,100,28,0,0,0,0,0,0,0,0,35
948,1480,5.14286,288,100,24,0,0,0,0,0,0,0,0,32
949,1266,4.10526,234,100,31,0,0,0,0,0,0,0,0,26
950,1346,4.72881,279,100,28,0,0,0,0,0,0,0,0,31
951,1142,3.76364,207,100,32,0,0,0,0,0,0,0,0,23
952,1298,4.5,270,100,30,0,0,0,0,0,0,0,0,30
953,1382,4.20968,261,100,33,0,0,0,0,0,0,0,0,29
954,1222,4.98214,279,100,25,0,0,0,0,0,0,0,0,31
955,1220,5.89091,324,100,19,0,0,0,0,0,0,0,0,36
956,1186,4.98214,279,100,25,0,0,0,0,0,0,0,0,31
957,1228,4.72131,288,100,29,0,0,0,0,0,0,0,0,32
958,1318,4.72131,288,100,29,0,0,0,0,0,0,0,0,32
959,1292,4.57627,270,100,29,0,0,0,0,0,0,0,0,30
960,1192,4.82143,270,100,26,0,0,0,0,0,0,0,0,30
961,1204,4.89474,279,100,26,0,0,0,0,0,0,0,0,31
962,1438,5.01639,306,100,27,0,0,0,0,0,0,0,0,34
963,1466,5.4,297,100,22,0,0,0,0,0,0,0,0,33
964,1360,5.05263,288,100,25,0,0,0,0,0,0,0,0,32
965,1336,4.65517,270,100,28,0,0,0,0,0,0,0,0,30
966,1438,4.11864,243,100,32,0,0,0,0,0,0,0,0,27
967,1506,4.17857,234,100,30,0,0,0,0,0,0,0,0,26
968,1250,4.03448,234,100,32,0,0,0,0,0,0,0,0,26
969,1254,3.79688,243,100,37,0,0,0,0,0,0,0,0,27
970,1226,3.66102,216,100,35,0,0,0,0,0,0,0,0,24
971,1536,4.09091,270,100,36,0,0,0,0,0,0,0,0,30
972,1434,4.21875,270,100,34,0,0,0,0,0,0,0,0,30
973,1588,4.42857,279,100,32,0,0,0,0,0,0,0,0,31
974,1650,4.72131,288,100,29,0,0,0,0,0,0,0,0,32
975,1460,4.81034,279,100,27,0,0,0,0,0,0,0,0,31
976,1252,3.94737,225,100,32,0,0,0,0,0,0,0,0,25
977,1386,4.27869,261,100,32,0,0,0,0,0,0,0,0,29
978,1534,4.26316,243,100,30,0,0,0,0,0,0,0,0,27
979,1360,3.94737,225,100,32,0,0,0,0,0,0,0,0,25
980,1834,4.96552,288,100,26,0,0,0,0,0,0,0,0,32
981,1362,3.53571,198,100,34,0,0,0,0,0,0,0,0,22
982,1350,3.9661,234,100,33,0,0,0,0,0,0,0,0,26
983,1504,4.20968,261,100,33,0,0,0,0,0,0,0,0,29
984,1122,2.85,171,100,41,0,0,0,0,0,0,0,0,19
985,1228,3.51562,225,100,39,0,0,0,0,0,0,0,0,25
986,1384,2.86364,189,100,45,0,0,0,0,0,0,0,0,21
987,1304,3.45,207,100,37,0,0,0,0,0,0,0,0,23
988,1270,2.90323,180,100,42,0,0,0,0,0,0,0,0,20
989,1204,3,189,100,42,0,0,0,0,0,0,0,0,21
990,1326,3.75,225,100,35,0,0,0,0,0,0,0,0,25
991,1332,3.2459,198,100,39,0,0,0,0,0,0,0,0,22
992,1090,2.57143,162,100,45,0,0,0,0,0,0,0,0,18
993,1224,2.95082,180,100,41,0,0,0,0,0,0,0,0,20
994,1384,3.35821,225,100,42,0,0,0,0,0,0,0,0,25
995,1124,3,162,100,36,0,0,0,0,0,0,0,0,18
996,1532,4.75,266,100,26,0,0,0,0,1,0,0,0,29
997,1360,4.05,243,100,33,0,0,0,0,0,0,0,0,27
998,1170,4.03448,234,100,32,0,0,0,0,0,0,0,0,26
999,1228,3.68182,243,100,39,0,0,0,0,0,0,0,0,27
