update,points,mean_tasks,total_tasks,total_orgs,task_0,task_1,task_2,task_3,task_4,task_5,task_6,task_7,task_8,task_9
0,0,nan,0,10,0,0,0,0,0,0,0,0,0,0
1,20,3.25,13,12,2,0,0,0,0,1,0,0,1,0
2,32,1,8,12,7,0,0,0,0,0,0,0,1,0
3,34,1,8,12,7,0,0,0,0,0,0,0,1,0
4,34,1,8,12,7,0,0,0,0,0,0,0,1,0
5,42,0,0,12,8,0,0,0,0,0,0,0,0,0
6,50,0,0,12,8,0,0,0,0,0,0,0,0,0
7,54,0,0,12,8,0,0,0,0,0,0,0,0,0
8,102,1.125,9,13,7,0,0,0,0,0,0,0,0,1
9,54,1,9,13,8,0,0,0,0,0,0,0,0,1
10,58,1,9,13,8,0,0,0,0,0,0,0,0,1
11,60,1,9,13,8,0,0,0,0,0,0,0,0,1
12,62,1,9,13,8,0,0,0,0,0,0,0,0,1
13,108,2,18,14,7,0,0,0,0,0,0,0,0,2
14,64,1.8,18,14,8,0,0,0,0,0,0,0,0,2
15,42,2,18,14,7,0,0,0,0,0,0,0,0,2
16,46,2,18,14,7,0,0,0,0,0,0,0,0,2
17,46,2,18,14,7,0,0,0,0,0,0,0,0,2
18,48,2,18,14,7,0,0,0,0,0,0,0,0,2
19,48,2,18,14,7,0,0,0,0,0,0,0,0,2
20,54,1.8,18,14,8,0,0,0,0,0,0,0,0,2
21,56,1.8,18,14,8,0,0,0,0,0,0,0,0,2
22,60,1.8,18,14,8,0,0,0,0,0,0,0,0,2
23,60,1.8,18,14,8,0,0,0,0,0,0,0,0,2
24,64,1.8,18,14,8,0,0,0,0,0,0,0,0,2
25,66,1.8,18,14,8,0,0,0,0,0,0,0,0,2
26,70,1.8,18,14,8,0,0,0,0,0,0,0,0,2
27,70,1.8,18,14,8,0,0,0,0,0,0,0,0,2
28,70,1.8,18,14,8,0,0,0,0,0,0,0,0,2
29,54,1.8,18,15,8,0,0,0,0,0,0,0,0,2
30,56,1.8,18,15,8,0,0,0,0,0,0,0,0,2
31,58,1.63636,18,15,9,0,0,0,0,0,0,0,0,2
32,62,1.63636,18,15,9,0,0,0,0,0,0,0,0,2
33,62,1.63636,18,15,9,0,0,0,0,0,0,0,0,2
34,68,1.63636,18,15,9,0,0,0,0,0,0,0,0,2
35,70,1.63636,18,15,9,0,0,0,0,0,0,0,0,2
36,72,1.63636,18,15,9,0,0,0,0,0,0,0,0,2
37,76,1.63636,18,15,9,0,0,0,0,0,0,0,0,2
38,76,1.63636,18,15,9,0,0,0,0,0,0,0,0,2
39,84,1.63636,18,15,9,0,0,0,0,0,0,0,0,2
40,84,1.63636,18,15,9,0,0,0,0,0,0,0,0,2
41,84,1.63636,18,15,9,0,0,0,0,0,0,0,0,2
42,90,1.63636,18,15,9,0,0,0,0,0,0,0,0,2
43,90,1.63636,18,15,9,0,0,0,0,0,0,0,0,2
44,94,1.63636,18,15,9,0,0,0,0,0,0,0,0,2
45,98,1.63636,18,15,9,0,0,0,0,0,0,0,0,2
46,100,1.63636,18,15,9,0,0,0,0,0,0,0,0,2
47,102,1.63636,18,15,9,0,0,0,0,0,0,0,0,2
48,104,1.63636,18,15,9,0,0,0,0,0,0,0,0,2
49,108,1.63636,18,15,9,0,0,0,0,0,0,0,0,2
50,112,1.63636,18,15,9,0,0,0,0,0,0,0,0,2
51,112,1.63636,18,15,9,0,0,0,0,0,0,0,0,2
52,114,1.63636,18,15,9,0,0,0,0,0,0,0,0,2
53,118,1.63636,18,15,9,0,0,0,0,0,0,0,0,2
54,122,1.63636,18,15,9,0,0,0,0,0,0,0,0,2
55,106,1.63636,18,16,9,0,0,0,0,0,0,0,0,2
56,86,1.63636,18,16,9,0,0,0,0,0,0,0,0,2
57,88,1.5,18,16,10,0,0,0,0,0,0,0,0,2
58,72,1.5,18,17,10,0,0,0,0,0,0,0,0,2
59,54,1.63636,18,17,9,0,0,0,0,0,0,0,0,2
60,56,1.5,18,17,10,0,0,0,0,0,0,0,0,2
61,60,1.5,18,17,10,0,0,0,0,0,0,0,0,2
62,62,1.5,18,17,10,0,0,0,0,0,0,0,0,2
63,66,1.5,18,17,10,0,0,0,0,0,0,0,0,2
64,54,0.75,9,17,11,0,0,0,0,0,0,0,0,1
65,56,0.692308,9,17,12,0,0,0,0,0,0,0,0,1
66,64,0.692308,9,17,12,0,0,0,0,0,0,0,0,1
67,64,0.692308,9,17,12,0,0,0,0,0,0,0,0,1
68,66,0.692308,9,17,12,0,0,0,0,0,0,0,0,1
69,78,0.692308,9,17,12,0,0,0,0,0,0,0,0,1
70,78,0.692308,9,17,12,0,0,0,0,0,0,0,0,1
71,84,0.692308,9,17,12,0,0,0,0,0,0,0,0,1
72,86,0.692308,9,17,12,0,0,0,0,0,0,0,0,1
73,88,0.692308,9,17,12,0,0,0,0,0,0,0,0,1
74,98,0.692308,9,17,12,0,0,0,0,0,0,0,0,1
75,98,0.692308,9,17,12,0,0,0,0,0,0,0,0,1
76,100,0.692308,9,17,12,0,0,0,0,0,0,0,0,1
77,104,0.692308,9,17,12,0,0,0,0,0,0,0,0,1
78,106,0.692308,9,17,12,0,0,0,0,0,0,0,0,1
79,116,0.692308,9,17,12,0,0,0,0,0,0,0,0,1
80,116,0.692308,9,17,12,0,0,0,0,0,0,0,0,1
81,116,0.692308,9,17,12,0,0,0,0,0,0,0,0,1
82,102,0.692308,9,18,12,0,0,0,0,0,0,0,0,1
83,106,0.692308,9,18,12,0,0,0,0,0,0,0,0,1
84,92,0.692308,9,18,12,0,0,0,0,0,0,0,0,1
85,92,0.692308,9,18,12,0,0,0,0,0,0,0,0,1
86,98,0.642857,9,18,13,0,0,0,0,0,0,0,0,1
87,102,0.642857,9,18,13,0,0,0,0,0,0,0,0,1
88,110,0.642857,9,18,13,0,0,0,0,0,0,0,0,1
89,114,0.642857,9,18,13,0,0,0,0,0,0,0,0,1
90,118,0.642857,9,18,13,0,0,0,0,0,0,0,0,1
91,118,0.642857,9,18,13,0,0,0,0,0,0,0,0,1
92,128,0.642857,9,18,13,0,0,0,0,0,0,0,0,1
93,136,0.642857,9,18,13,0,0,0,0,0,0,0,0,1
94,136,0.642857,9,18,13,0,0,0,0,0,0,0,0,1
95,140,0.642857,9,18,13,0,0,0,0,0,0,0,0,1
96,146,0.642857,9,18,13,0,0,0,0,0,0,0,0,1
97,146,0.642857,9,18,13,0,0,0,0,0,0,0,0,1
98,158,0.642857,9,18,13,0,0,0,0,0,0,0,0,1
99,162,0.642857,9,18,13,0,0,0,0,0,0,0,0,1
100,166,0.642857,9,18,13,0,0,0,0,0,0,0,0,1
101,166,0.642857,9,18,13,0,0,0,0,0,0,0,0,1
102,152,0.642857,9,19,13,0,0,0,0,0,0,0,0,1
103,124,0.642857,9,20,13,0,0,0,0,0,0,0,0,1
104,128,0.5625,9,20,15,0,0,0,0,0,0,0,0,1
105,134,0.5625,9,20,15,0,0,0,0,0,0,0,0,1
106,142,0.5625,9,20,15,0,0,0,0,0,0,0,0,1
107,144,0.5625,9,20,15,0,0,0,0,0,0,0,0,1
108,132,0.6,9,20,14,0,0,0,0,0,0,0,0,1
109,136,0.6,9,20,14,0,0,0,0,0,0,0,0,1
110,136,0.6,9,20,14,0,0,0,0,0,0,0,0,1
111,98,0.642857,9,20,13,0,0,0,0,0,0,0,0,1
112,84,0.642857,9,21,13,0,0,0,0,0,0,0,0,1
113,72,0.6,9,22,14,0,0,0,0,0,0,0,0,1
114,80,0.5625,9,22,15,0,0,0,0,0,0,0,0,1
115,86,0.5625,9,22,15,0,0,0,0,0,0,0,0,1
116,92,0.5625,9,22,15,0,0,0,0,0,0,0,0,1
117,92,0.5625,9,22,15,0,0,0,0,0,0,0,0,1
118,98,1.125,18,22,14,0,0,0,0,0,0,0,0,2
119,78,1.2,18,22,13,0,0,0,0,0,0,0,0,2
120,80,1.2,18,22,13,0,0,0,0,0,0,0,0,2
121,84,1.125,18,22,14,0,0,0,0,0,0,0,0,2
122,92,1.125,18,22,14,0,0,0,0,0,0,0,0,2
123,102,0.5625,9,22,15,0,0,0,0,0,0,0,0,1
124,104,0.5625,9,22,15,0,0,0,0,0,0,0,0,1
125,112,0.5625,9,22,15,0,0,0,0,0,0,0,0,1
126,114,0.5625,9,22,15,0,0,0,0,0,0,0,0,1
127,120,0.5625,9,22,15,0,0,0,0,0,0,0,0,1
128,126,0.5625,9,22,15,0,0,0,0,0,0,0,0,1
129,132,0.5625,9,22,15,0,0,0,0,0,0,0,0,1
130,134,0.5625,9,22,15,0,0,0,0,0,0,0,0,1
131,136,0.5625,9,22,15,0,0,0,0,0,0,0,0,1
132,150,0.5625,9,22,15,0,0,0,0,0,0,0,0,1
133,154,0.5625,9,22,15,0,0,0,0,0,0,0,0,1
134,156,0.5625,9,22,15,0,0,0,0,0,0,0,0,1
135,142,0.6,9,22,14,0,0,0,0,0,0,0,0,1
136,146,0.6,9,22,14,0,0,0,0,0,0,0,0,1
137,138,0.6,9,22,14,0,0,0,0,0,0,0,0,1
138,142,0.6,9,22,14,0,0,0,0,0,0,0,0,1
139,146,0.5625,9,22,15,0,0,0,0,0,0,0,0,1
140,152,0.5625,9,22,15,0,0,0,0,0,0,0,0,1
141,152,0.5625,9,22,15,0,0,0,0,0,0,0,0,1
142,148,0.5625,9,23,15,0,0,0,0,0,0,0,0,1
143,152,0.5625,9,23,15,0,0,0,0,0,0,0,0,1
144,156,0.529412,9,23,16,0,0,0,0,0,0,0,0,1
145,164,0.529412,9,23,16,0,0,0,0,0,0,0,0,1
146,170,0.529412,9,23,16,0,0,0,0,0,0,0,0,1
147,180,0.529412,9,23,16,0,0,0,0,0,0,0,0,1
148,190,0.529412,9,23,16,0,0,0,0,0,0,0,0,1
149,190,0.529412,9,23,16,0,0,0,0,0,0,0,0,1
150,196,0.529412,9,23,16,0,0,0,0,0,0,0,0,1
151,198,0.529412,9,23,16,0,0,0,0,0,0,0,0,1
152,156,0.529412,9,25,16,0,0,0,0,0,0,0,0,1
153,162,0.5,9,25,17,0,0,0,0,0,0,0,0,1
154,166,0.473684,9,25,18,0,0,0,0,0,0,0,0,1
155,174,0.473684,9,25,18,0,0,0,0,0,0,0,0,1
156,180,0.473684,9,25,18,0,0,0,0,0,0,0,0,1
157,180,0.45,9,26,19,0,0,0,0,0,0,0,0,1
158,188,0.428571,9,26,20,0,0,0,0,0,0,0,0,1
159,198,0.428571,9,26,20,0,0,0,0,0,0,0,0,1
160,204,0.428571,9,26,20,0,0,0,0,0,0,0,0,1
161,210,0.428571,9,26,20,0,0,0,0,0,0,0,0,1
162,186,0.45,9,27,19,0,0,0,0,0,0,0,0,1
163,160,0.45,9,27,19,0,0,0,0,0,0,0,0,1
164,132,0.45,9,27,19,0,0,0,0,0,0,0,0,1
165,110,0.45,9,27,19,0,0,0,0,0,0,0,0,1
166,118,0.45,9,27,19,0,0,0,0,0,0,0,0,1
167,136,0.428571,9,27,20,0,0,0,0,0,0,0,0,1
168,140,0.428571,9,27,20,0,0,0,0,0,0,0,0,1
169,148,0.428571,9,27,20,0,0,0,0,0,0,0,0,1
170,152,0.428571,9,27,20,0,0,0,0,0,0,0,0,1
171,160,0.428571,9,27,20,0,0,0,0,0,0,0,0,1
172,174,0.428571,9,27,20,0,0,0,0,0,0,0,0,1
173,182,0.428571,9,27,20,0,0,0,0,0,0,0,0,1
174,158,0.45,9,27,19,0,0,0,0,0,0,0,0,1
175,164,0.428571,9,27,20,0,0,0,0,0,0,0,0,1
176,176,0.428571,9,27,20,0,0,0,0,0,0,0,0,1
177,184,0.428571,9,27,20,0,0,0,0,0,0,0,0,1
178,190,0.428571,9,27,20,0,0,0,0,0,0,0,0,1
179,192,0.428571,9,27,20,0,0,0,0,0,0,0,0,1
180,176,0.45,9,27,19,0,0,0,0,0,0,0,0,1
181,186,0.428571,9,27,20,0,0,0,0,0,0,0,0,1
182,200,0.428571,9,27,20,0,0,0,0,0,0,0,0,1
183,202,0.428571,9,27,20,0,0,0,0,0,0,0,0,1
184,184,0.45,9,27,19,0,0,0,0,0,0,0,0,1
185,188,0.45,9,27,19,0,0,0,0,0,0,0,0,1
186,208,0.428571,9,27,20,0,0,0,0,0,0,0,0,1
187,208,0.428571,9,27,20,0,0,0,0,0,0,0,0,1
188,200,0.428571,9,28,20,0,0,0,0,0,0,0,0,1
189,200,0.428571,9,28,20,0,0,0,0,0,0,0,0,1
190,190,0.45,9,28,19,0,0,0,0,0,0,0,0,1
191,180,0.428571,9,29,20,0,0,0,0,0,0,0,0,1
192,194,0.409091,9,29,21,0,0,0,0,0,0,0,0,1
193,198,0.409091,9,29,21,0,0,0,0,0,0,0,0,1
194,210,0.409091,9,29,21,0,0,0,0,0,0,0,0,1
195,192,0.409091,9,29,21,0,0,0,0,0,0,0,0,1
196,218,0.409091,9,29,21,0,0,0,0,0,0,0,0,1
197,224,0.409091,9,29,21,0,0,0,0,0,0,0,0,1
198,230,0.409091,9,29,21,0,0,0,0,0,0,0,0,1
199,236,0.409091,9,29,21,0,0,0,0,0,0,0,0,1
200,224,0.409091,9,29,21,0,0,0,0,0,0,0,0,1
201,196,0.409091,9,30,21,0,0,0,0,0,0,0,0,1
202,208,0.391304,9,30,22,0,0,0,0,0,0,0,0,1
203,220,0.391304,9,30,22,0,0,0,0,0,0,0,0,1
204,234,0.375,9,30,23,0,0,0,0,0,0,0,0,1
205,224,0.375,9,31,23,0,0,0,0,0,0,0,0,1
206,228,0.375,9,32,23,0,0,0,0,0,0,0,0,1
207,216,0.375,9,32,23,0,0,0,0,0,0,0,0,1
208,224,0.36,9,32,24,0,0,0,0,0,0,0,0,1
209,262,0.72,18,32,23,0,0,0,0,0,0,0,0,2
210,222,0.72,18,32,23,0,0,0,0,0,0,0,0,2
211,216,0.72,18,32,23,0,0,0,0,0,0,0,0,2
212,184,0.72,18,33,23,0,0,0,0,0,0,0,0,2
213,192,0.72,18,33,23,0,0,0,0,0,0,0,0,2
214,244,0.692308,18,33,24,0,0,0,0,0,0,0,0,2
215,210,0.692308,18,33,24,0,0,0,0,0,0,0,0,2
216,232,0.666667,18,33,25,0,0,0,0,0,0,0,0,2
217,236,1.08,27,33,22,0,0,0,0,0,0,0,0,3
218,192,1.44,36,33,21,0,0,0,0,0,0,0,0,4
219,244,1.33333,36,34,23,0,0,0,0,0,0,0,0,4
220,188,1.33333,36,34,23,0,0,0,0,0,0,0,0,4
221,178,1.33333,36,34,23,0,0,0,0,0,0,0,0,4
222,282,1.73077,45,35,21,0,0,0,0,0,0,0,0,5
223,192,1.66667,45,35,22,0,0,0,0,0,0,0,0,5
224,250,1.66667,45,35,22,0,0,0,0,0,0,0,0,5
225,260,1.73077,45,35,21,0,0,0,0,0,0,0,0,5
226,230,1.66667,45,35,22,0,0,0,0,0,0,0,0,5
227,368,2,54,36,21,0,0,0,0,0,0,0,0,6
228,184,2.25,54,36,18,0,0,0,0,0,0,0,0,6
229,144,1.8,45,36,20,0,0,0,0,0,0,0,0,5
230,282,2.34783,54,36,17,0,0,0,0,0,0,0,0,6
231,180,1.8,45,36,20,0,0,0,0,0,0,0,0,5
232,250,2.07692,54,37,20,0,0,0,0,0,0,0,0,6
233,224,1.73077,45,37,21,0,0,0,0,0,0,0,0,5
234,220,1.28571,36,37,24,0,0,0,0,0,0,0,0,4
235,336,1.73077,45,38,21,0,0,0,0,0,0,0,0,5
236,272,2.42308,63,38,19,0,0,0,0,0,0,0,0,7
237,322,1.73077,45,39,21,0,0,0,0,0,0,0,0,5
238,274,2.07692,54,40,20,0,0,0,0,0,0,0,0,6
239,242,2.03226,63,41,24,0,0,0,0,0,0,0,0,7
240,404,1.92857,54,41,22,0,0,0,0,0,0,0,0,6
241,286,2.4,72,42,22,0,0,0,0,0,0,0,0,8
242,242,1.6875,54,42,26,0,0,0,0,0,0,0,0,6
243,428,2.03226,63,44,24,0,0,0,0,0,0,0,0,7
244,406,1.63636,54,44,27,0,0,0,0,0,0,0,0,6
245,520,2.53125,81,48,23,0,0,0,0,0,0,0,0,9
246,562,2.72727,90,49,23,0,0,0,0,0,0,0,0,10
247,552,1.58824,54,50,28,0,0,0,0,0,0,0,0,6
248,546,1.65789,63,52,31,0,0,0,0,0,0,0,0,7
249,488,1.94595,72,55,29,0,0,0,0,0,0,0,0,8
250,606,2.475,99,58,29,0,0,0,0,0,0,0,0,11
251,576,2.025,81,59,31,0,0,0,0,0,0,0,0,9
252,504,2.14286,90,61,32,0,0,0,0,0,0,0,0,10
253,646,2.76923,108,66,27,0,0,0,0,0,0,0,0,12
254,546,2.14286,90,66,32,0,0,0,0,0,0,0,0,10
255,588,1.8,81,68,36,0,0,0,0,0,0,0,0,9
256,658,2.10638,99,70,36,0,0,0,0,0,0,0,0,11
257,696,2.47059,126,72,37,0,0,0,0,0,0,0,0,14
258,808,3.06,153,73,33,0,0,0,0,0,0,0,0,17
259,794,2.7551,135,75,34,0,0,0,0,0,0,0,0,15
260,738,3.13953,135,77,28,0,0,0,0,0,0,0,0,15
261,700,2.8125,135,80,33,0,0,0,0,0,0,0,0,15
262,690,2.4375,117,82,35,0,0,0,0,0,0,0,0,13
263,730,2.48936,117,83,34,0,0,0,0,0,0,0,0,13
264,1024,3.22642,171,87,34,0,0,0,0,0,0,0,0,19
265,748,2.47059,126,88,37,0,0,0,0,0,0,0,0,14
266,746,2.57143,144,90,40,0,0,0,0,0,0,0,0,16
267,940,2.74576,162,92,41,0,0,0,0,0,0,0,0,18
268,1002,3.25862,189,96,37,0,0,0,0,0,0,0,0,21
269,980,2.89831,171,96,40,0,0,0,0,0,0,0,0,19
270,966,2.75806,171,97,43,0,0,0,0,0,0,0,0,19
271,1016,2.03226,126,98,48,0,0,0,0,0,0,0,0,14
272,1238,2.49231,162,99,47,0,0,0,0,0,0,0,0,18
273,1084,2.03226,126,100,48,0,0,0,0,0,0,0,0,14
274,1462,2.89552,194,100,45,0,0,0,0,1,0,0,0,21
275,1222,1.85714,117,100,50,0,0,0,0,0,0,0,0,13
276,1244,2.28571,144,100,47,0,0,0,0,0,0,0,0,16
277,1514,3.15,189,100,39,0,0,0,0,0,0,0,0,21
278,1466,2.89831,171,100,40,0,0,0,0,0,0,0,0,19
279,1490,3.72414,216,100,34,0,0,0,0,0,0,0,0,24
280,1594,3.73585,198,100,31,0,0,0,0,0,0,0,0,22
281,1524,3.66667,198,100,32,0,0,0,0,0,0,0,0,22
282,1452,3.92727,216,100,31,0,0,0,0,0,0,0,0,24
283,1816,3.94737,225,100,32,0,0,0,0,0,0,0,0,25
284,1726,3.72414,216,100,34,0,0,0,0,0,0,0,0,24
285,1832,3.68852,225,100,36,0,0,0,0,0,0,0,0,25
286,1766,3.21429,180,100,36,0,0,0,0,0,0,0,0,20
287,1380,2.90323,180,100,42,0,0,0,0,0,0,0,0,20
288,1288,3.21429,180,100,36,0,0,0,0,0,0,0,0,20
289,1260,2.66071,149,100,39,0,0,0,0,1,0,0,0,16
290,1424,3.62295,221,100,36,0,0,0,0,1,0,0,0,24
291,1322,3.38333,203,100,37,0,0,0,0,1,0,0,0,22
292,1200,3.81034,221,100,33,0,0,0,0,1,0,0,0,24
293,1358,4.66102,275,100,28,0,0,0,0,1,0,0,0,30
294,1206,4.33929,243,100,29,0,0,0,0,0,0,0,0,27
295,1048,3.71429,234,100,37,0,0,0,0,0,0,0,0,26
296,982,3.6,216,100,36,0,0,0,0,0,0,0,0,24
297,1032,3.375,216,100,40,0,0,0,0,0,0,0,0,24
298,972,3.46154,225,100,40,0,0,0,0,0,0,0,0,25
299,1150,2.95082,180,100,41,0,0,0,0,0,0,0,0,20
300,1458,4.57143,288,100,31,0,0,0,0,0,0,0,0,32
301,1414,4.13115,252,100,33,0,0,0,0,0,0,0,0,28
302,1344,3.9661,234,100,33,0,0,0,0,0,0,0,0,26
303,1224,3.78947,216,100,33,0,0,0,0,0,0,0,0,24
304,1222,3.54098,216,100,37,0,0,0,0,0,0,0,0,24
305,1298,3.21429,180,100,36,0,0,0,0,0,0,0,0,20
306,1356,3.47368,198,100,35,0,0,0,0,0,0,0,0,22
307,1692,4,216,100,30,0,0,0,0,0,0,0,0,24
308,1886,3.77419,234,100,36,0,0,0,0,0,0,0,0,26
309,1562,3.85714,216,100,32,0,0,0,0,0,0,0,0,24
310,1438,4.01786,225,100,31,0,0,0,0,0,0,0,0,25
311,1266,3.43636,189,100,34,0,0,0,0,0,0,0,0,21
312,1318,2.71429,171,100,44,0,0,0,0,0,0,0,0,19
313,1260,2.76923,180,100,45,0,0,0,0,0,0,0,0,20
314,1458,3.18462,207,100,42,0,0,0,0,0,0,0,0,23
315,1498,2.95312,189,100,43,0,0,0,0,0,0,0,0,21
316,1570,3.05085,180,100,39,0,0,0,0,0,0,0,0,20
317,1390,2.78182,153,100,38,0,0,0,0,0,0,0,0,17
318,1540,2.7931,162,100,40,0,0,0,0,0,0,0,0,18
319,1706,2.49231,162,100,47,0,0,0,0,0,0,0,0,18
320,1046,1.77049,108,100,49,0,0,0,0,0,0,0,0,12
321,1616,3,189,100,42,0,0,0,0,0,0,0,0,21
322,1528,3.03226,188,100,41,0,0,0,0,0,0,0,1,20
323,1498,3.90566,207,100,30,0,0,0,0,0,0,0,0,23
324,1426,3.05085,180,100,39,0,0,0,0,0,0,0,0,20
325,1606,2.65574,162,100,43,0,0,0,0,0,0,0,0,18
326,1716,2.63077,171,100,46,0,0,0,0,0,0,0,0,19
327,1952,3.25862,189,100,37,0,0,0,0,0,0,0,0,21
328,2164,3.39344,207,100,38,0,0,0,0,0,0,0,0,23
329,2112,3.73585,198,100,31,0,0,0,0,0,0,0,0,22
330,2146,3.15789,180,100,37,0,0,0,0,0,0,0,0,20
331,2052,3.10909,171,100,36,0,0,0,0,0,0,0,0,19
332,2104,2.68421,153,100,40,0,0,0,0,0,0,0,0,17
333,2470,3.41379,198,100,36,0,0,0,0,0,0,0,0,22
334,1484,3.46154,180,100,32,0,0,0,0,0,0,0,0,20
335,1734,2.74576,162,100,41,0,0,0,0,0,0,0,0,18
336,1832,3.41379,198,100,36,0,0,0,0,0,0,0,0,22
337,2060,3.72414,216,100,34,0,0,0,0,0,0,0,0,24
338,2282,3.19355,198,100,40,0,0,0,0,0,0,0,0,22
339,1994,2.67188,171,100,45,0,0,0,0,0,0,0,0,19
340,2128,3.50847,207,100,36,0,0,0,0,0,0,0,0,23
341,2304,3.9661,234,100,33,0,0,0,0,0,0,0,0,26
342,2552,3.81356,225,100,34,0,0,0,0,0,0,0,0,25
343,2172,3.78947,216,100,33,0,0,0,0,0,0,0,0,24
344,2124,3.66102,216,100,35,0,0,0,0,0,0,0,0,24
345,1560,2.80328,171,100,42,0,0,0,0,0,0,0,0,19
346,1502,3.83607,234,100,35,0,0,0,0,0,0,0,0,26
347,1574,3.66102,216,100,35,0,0,0,0,0,0,0,0,24
348,1650,4.09091,225,100,30,0,0,0,0,0,0,0,0,25
349,1552,4,216,100,30,0,0,0,0,0,0,0,0,24
350,1534,3.9661,234,100,33,0,0,0,0,0,0,0,0,26
351,1644,4.20968,261,100,33,0,0,0,0,0,0,0,0,29
352,1608,4.5,261,100,29,0,0,0,0,0,0,0,0,29
353,1648,4.25455,234,100,29,0,0,0,0,0,0,0,0,26
354,1152,3.06,153,100,33,0,0,0,0,0,0,0,0,17
355,1532,3.72414,216,100,34,0,0,0,0,0,0,0,0,24
356,1524,4.28571,270,100,33,0,0,0,0,0,0,0,0,30
357,1680,3.81356,225,100,34,0,0,0,0,0,0,0,0,25
358,2084,4.64516,288,100,30,0,0,0,0,0,0,0,0,32
359,1692,4.41818,243,100,28,0,0,0,0,0,0,0,0,27
360,1828,4.66071,261,100,27,0,0,0,0,0,0,0,0,29
361,1438,4.17857,234,100,30,0,0,0,0,0,0,0,0,26
362,1516,4.98214,279,100,25,0,0,0,0,0,0,0,0,31
363,1674,5.33333,288,100,22,0,0,0,0,0,0,0,0,32
364,1686,4.74545,261,100,26,0,0,0,0,0,0,0,0,29
365,1402,5.17308,269,100,22,0,0,0,0,0,0,0,1,29
366,1504,4.96429,278,100,25,0,0,0,0,0,0,0,1,30
367,1394,4.65517,270,100,28,0,0,0,0,0,0,0,0,30
368,1576,4.43284,297,100,34,0,0,0,0,0,0,0,0,33
369,1742,4.07812,261,100,35,0,0,0,0,0,0,0,0,29
370,1712,5.08696,351,100,30,0,0,0,0,0,0,0,0,39
371,1830,5.12069,297,100,25,0,0,0,0,0,0,0,0,33
372,1728,4.72881,279,100,28,0,0,0,0,0,0,0,0,31
373,1748,5.0339,297,100,26,0,0,0,0,0,0,0,0,33
374,1738,4.98462,324,100,29,0,0,0,0,0,0,0,0,36
375,2086,4.64062,297,100,31,0,0,0,0,0,0,0,0,33
376,2112,3.75,225,100,35,0,0,0,0,0,0,0,0,25
377,2260,4.35,261,100,31,0,0,0,0,0,0,0,0,29
378,2320,3.57143,225,100,38,0,0,0,0,0,0,0,0,25
379,2402,4.48276,260,100,29,0,0,0,0,0,0,0,1,28
380,2184,5.05263,288,100,25,0,0,0,0,0,0,0,0,32
381,1630,3.91935,243,100,35,0,0,0,0,0,0,0,0,27
382,1836,4.72881,279,100,28,0,0,0,0,0,0,0,0,31
383,1556,5,315,100,28,0,0,0,0,0,0,0,0,35
384,1782,5.4,297,100,22,0,0,0,0,0,0,0,0,33
385,1884,4.86885,297,100,28,0,0,0,0,0,0,0,0,33
386,2030,4.98214,279,100,25,0,0,0,0,0,0,0,0,31
387,1902,5.43396,288,100,21,0,0,0,0,0,0,0,0,32
388,2086,5.60377,297,100,20,0,0,0,0,0,0,0,0,33
389,2268,6.10714,342,100,18,0,0,0,0,0,0,0,0,38
390,2274,5.14286,288,100,24,0,0,0,0,0,0,0,0,32
391,2734,5.7,342,100,22,0,0,0,0,0,0,0,0,38
392,2432,5.94915,351,100,20,0,0,0,0,0,0,0,0,39
393,1868,5.33333,288,100,22,0,0,0,0,0,0,0,0,32
394,1906,6.35294,324,100,15,0,0,0,0,0,0,0,0,36
395,1810,5.5,297,100,21,0,0,0,0,0,0,0,0,33
396,1808,5.09434,270,100,23,0,0,0,0,0,0,0,0,30
397,2086,4.89474,279,100,26,0,0,0,0,0,0,0,0,31
398,2124,5.0339,297,100,26,0,0,0,0,0,0,0,0,33
399,2452,4.88136,288,100,27,0,0,0,0,0,0,0,0,32
400,2304,4.82143,270,100,26,0,0,0,0,0,0,0,0,30
401,2038,4.81034,279,100,27,0,0,0,0,0,0,0,0,31
402,2424,4.5,279,100,31,0,0,0,0,0,0,0,0,31
403,2468,4.57377,279,100,30,0,0,0,0,0,0,0,0,31
404,1648,3.87931,225,100,33,0,0,0,0,0,0,0,0,25
405,1414,3.72414,216,100,34,0,0,0,0,0,0,0,0,24
406,1680,3.81818,252,100,38,0,0,0,0,0,0,0,0,28
407,1660,4.42623,270,100,31,0,0,0,0,0,0,0,0,30
408,1328,4.57627,270,100,29,0,0,0,0,0,0,0,0,30
409,1454,4.09091,270,100,36,0,0,0,0,0,0,0,0,30
410,1380,3.68182,243,100,39,0,0,0,0,0,0,0,0,27
411,1552,4.04348,279,100,38,0,0,0,0,0,0,0,0,31
412,1240,4.43077,288,100,33,0,0,0,0,0,0,0,0,32
413,1558,5.31148,324,100,25,0,0,0,0,0,0,0,0,36
414,1414,5.79661,342,100,21,0,0,0,0,0,0,0,0,38
415,1704,5.55,333,100,23,0,0,0,0,0,0,0,0,37
416,1396,4.89474,279,100,26,0,0,0,0,0,0,0,0,31
417,1526,4.65,279,100,29,0,0,0,0,0,0,0,0,31
418,1542,5.31148,324,100,25,0,0,0,0,0,0,0,0,36
419,1258,5.18644,306,100,25,0,0,0,0,0,0,0,0,34
420,1612,4.71429,297,100,30,0,0,0,0,0,0,0,0,33
421,1442,5.16393,315,100,26,0,0,0,0,0,0,0,0,35
422,1520,5.18644,306,100,25,0,0,0,0,0,0,0,0,34
423,1294,3.9375,252,100,36,0,0,0,0,0,0,0,0,28
424,1462,4.85714,306,100,29,0,0,0,0,0,0,0,0,34
425,1528,5.7541,351,100,22,0,0,0,0,0,0,0,0,39
426,1612,5.94915,351,100,20,0,0,0,0,0,0,0,0,39
427,1776,6.3871,396,100,18,0,0,0,0,0,0,0,0,44
428,1618,5.58621,324,100,22,0,0,0,0,0,0,0,0,36
429,1632,5.52632,315,100,22,0,0,0,0,0,0,0,0,35
430,1884,5.45902,333,100,24,0,0,0,0,0,0,0,0,37
431,1722,5.21053,297,100,24,0,0,0,0,0,0,0,0,33
432,1874,5.36842,306,100,23,0,0,0,0,0,0,0,0,34
433,1680,5.55,333,100,23,0,0,0,0,0,0,0,0,37
434,1758,5.37097,333,100,25,0,0,0,0,0,0,0,0,37
435,1498,4.27869,261,100,32,0,0,0,0,0,0,0,0,29
436,1562,4.57377,279,100,30,0,0,0,0,0,0,0,0,31
437,1684,4.28571,270,100,33,0,0,0,0,0,0,0,0,30
438,1728,4.98462,324,100,29,0,0,0,0,0,0,0,0,36
439,1420,3.71429,234,100,37,0,0,0,0,0,0,0,0,26
440,1300,3.51562,225,100,39,0,0,0,0,0,0,0,0,25
441,1582,4.15385,270,100,35,0,0,0,0,0,0,0,0,30
442,1490,3.9,234,100,34,0,0,0,0,0,0,0,0,26
443,1302,3.20339,189,100,38,0,0,0,0,0,0,0,0,21
444,1190,2.8871,179,100,42,0,0,0,0,0,0,0,1,19
445,1208,2.55385,166,100,46,0,0,0,0,1,0,0,1,17
446,1244,2.8125,180,100,44,0,0,0,0,0,0,0,0,20
447,1498,2.91176,198,100,46,0,0,0,0,0,0,0,0,22
448,1334,3.04839,189,100,41,0,0,0,0,0,0,0,0,21
449,1534,4.06452,252,100,34,0,0,0,0,0,0,0,0,28
450,1442,3.35593,198,100,37,0,0,0,0,0,0,0,0,22
451,1712,3,189,100,42,0,0,0,0,0,0,0,0,21
452,1790,3.28571,207,100,40,0,0,0,0,0,0,0,0,23
453,1718,4.10526,234,100,31,0,0,0,0,0,0,0,0,26
454,2042,3.98361,243,100,34,0,0,0,0,0,0,0,0,27
455,2040,4.42105,252,100,29,0,0,0,0,0,0,0,0,28
456,1998,3.31579,189,100,36,0,0,0,0,0,0,0,0,21
457,2070,3.47368,198,100,35,0,0,0,0,0,0,0,0,22
458,2000,3.25926,176,100,34,0,0,0,0,1,0,0,0,19
459,2222,3.5614,203,100,34,0,0,0,0,1,0,0,0,22
460,2374,4.05085,239,100,32,0,0,0,0,1,0,0,0,26
461,1958,5.16667,279,100,23,0,0,0,0,0,0,0,0,31
462,1688,5.58621,324,100,22,0,0,0,0,0,0,0,0,36
463,1720,5.05263,288,100,25,0,0,0,0,0,0,0,0,32
464,1546,3.6,216,100,36,0,0,0,0,0,0,0,0,24
465,1842,4.25455,234,100,29,0,0,0,0,0,0,0,0,26
466,2080,4.72881,279,100,28,0,0,0,0,0,0,0,0,31
467,1958,4.5,261,100,29,0,0,0,0,0,0,0,0,29
468,1558,4.42105,252,100,29,0,0,0,0,0,0,0,0,28
469,2076,4.55932,269,100,29,0,0,0,0,0,0,0,1,29
470,2102,4.18966,243,100,31,0,0,0,0,0,0,0,0,27
471,1960,5.33333,288,100,22,0,0,0,0,0,0,0,0,32
472,1848,5.22,261,100,21,0,0,0,0,0,0,0,0,29
473,2068,4.5,243,100,27,0,0,0,0,0,0,0,0,27
474,2410,4.64062,297,100,31,0,0,0,0,0,0,0,0,33
475,1940,4.81034,279,100,27,0,0,0,0,0,0,0,0,31
476,1812,4.65517,270,100,28,0,0,0,0,0,0,0,0,30
477,1868,4.81034,279,100,27,0,0,0,0,0,0,0,0,31
478,1560,4.27119,252,100,31,0,0,0,0,0,0,0,0,28
479,1790,5.27586,306,100,24,0,0,0,0,0,0,0,0,34
480,1676,3.9661,234,100,33,0,0,0,0,0,0,0,0,26
481,1980,4.20968,261,100,33,0,0,0,0,0,0,0,0,29
482,2098,4.81034,279,100,27,0,0,0,0,0,0,0,0,31
483,2136,4.74545,261,100,26,0,0,0,0,0,0,0,0,29
484,2436,5.52632,315,100,22,0,0,0,0,0,0,0,0,35
485,1788,4.42373,261,100,30,0,0,0,0,0,0,0,0,29
486,1786,4.35,261,100,31,0,0,0,0,0,0,0,0,29
487,1734,5.79661,342,100,21,0,0,0,0,0,0,0,0,38
488,1972,5.74138,333,100,21,0,0,0,0,0,0,0,0,37
489,1772,4.83333,261,100,25,0,0,0,0,0,0,0,0,29
490,2114,4.73684,270,100,27,0,0,0,0,0,0,0,0,30
491,1724,3.66102,216,100,35,0,0,0,0,0,0,0,0,24
492,1656,4.01786,225,100,31,0,0,0,0,0,0,0,0,25
493,1658,4.20968,261,100,33,0,0,0,0,0,0,0,0,29
494,1684,5.16393,315,100,26,0,0,0,0,0,0,0,0,35
495,1550,4.89474,279,100,26,0,0,0,0,0,0,0,0,31
496,1754,4.66071,261,100,27,0,0,0,0,0,0,0,0,29
497,1758,3.75,225,100,35,0,0,0,0,0,0,0,0,25
498,1490,3.90566,207,100,30,0,0,0,0,0,0,0,0,23
499,1566,4.42105,252,100,29,0,0,0,0,0,0,0,0,28
500,1822,4,248,100,34,0,0,0,0,1,0,0,0,27
501,1638,3.44068,203,100,36,0,0,0,0,1,0,0,0,22
502,1646,2.89286,162,100,38,0,0,0,0,0,0,0,0,18
503,1856,3.19355,198,100,40,0,0,0,0,0,0,0,0,22
504,1644,3.05085,180,100,39,0,0,0,0,0,0,0,0,20
505,1614,3.62903,225,100,37,0,0,0,0,0,0,0,0,25
506,1446,4.5,243,100,27,0,0,0,0,0,0,0,0,27
507,1690,4.8,288,100,28,0,0,0,0,0,0,0,0,32
508,1524,3.85714,243,100,36,0,0,0,0,0,0,0,0,27
509,1654,4.35484,270,100,32,0,0,0,0,0,0,0,0,30
510,1496,3.87931,225,100,33,0,0,0,0,0,0,0,0,25
511,2006,4.42373,261,100,30,0,0,0,0,0,0,0,0,29
512,1462,4.66071,261,100,27,0,0,0,0,0,0,0,0,29
513,1730,4.41818,243,100,28,0,0,0,0,0,0,0,0,27
514,1664,4.86885,297,100,28,0,0,0,0,0,0,0,0,33
515,1552,4.72881,279,100,28,0,0,0,0,0,0,0,0,31
516,1648,4.8,288,100,28,0,0,0,0,0,0,0,0,32
517,1574,4.5,270,100,30,0,0,0,0,0,0,0,0,30
518,1376,4.35484,270,100,32,0,0,0,0,0,0,0,0,30
519,1712,4.57143,288,100,31,0,0,0,0,0,0,0,0,32
520,1600,5.12069,297,100,25,0,0,0,0,0,0,0,0,33
521,2016,4.72131,288,100,29,0,0,0,0,0,0,0,0,32
522,1458,4.73684,270,100,27,0,0,0,0,0,0,0,0,30
523,1496,4.57895,261,100,28,0,0,0,0,0,0,0,0,29
524,1558,4.42623,270,100,31,0,0,0,0,0,0,0,0,30
525,1582,4.65,279,100,29,0,0,0,0,0,0,0,0,31
526,1442,3.87692,252,100,37,0,0,0,0,0,0,0,0,28
527,1564,3.95455,261,100,37,0,0,0,0,0,0,0,0,29
528,1324,3.98361,243,100,34,0,0,0,0,0,0,0,0,27
529,1410,4.5,261,100,29,0,0,0,0,0,0,0,0,29
530,1498,4.57143,288,100,31,0,0,0,0,0,0,0,0,32
531,1376,3.45,207,100,37,0,0,0,0,0,0,0,0,23
532,1382,3.91935,243,100,35,0,0,0,0,0,0,0,0,27
533,1496,4.42623,270,100,31,0,0,0,0,0,0,0,0,30
534,1500,4.20968,261,100,33,0,0,0,0,0,0,0,0,29
535,1490,3.94915,233,100,33,0,0,0,0,0,0,0,1,25
536,1442,4.03448,234,100,32,0,0,0,0,0,0,0,0,26
537,1596,3.81356,225,100,34,0,0,0,0,0,0,0,0,25
538,1478,3.6,216,100,36,0,0,0,0,0,0,0,0,24
539,1560,3.77419,234,100,36,0,0,0,0,0,0,0,0,26
540,1648,4.07812,261,100,35,0,0,0,0,0,0,0,0,29
541,1720,4.42373,261,100,30,0,0,0,0,0,0,0,0,29
542,1710,3.81356,225,100,34,0,0,0,0,0,0,0,0,25
543,1586,3.78947,216,100,33,0,0,0,0,0,0,0,0,24
544,1538,4.03448,234,100,32,0,0,0,0,0,0,0,0,26
545,1500,4.34483,252,100,30,0,0,0,0,0,0,0,0,28
546,1362,4.98214,279,100,25,0,0,0,0,0,0,0,0,31
547,1454,4.65517,270,100,28,0,0,0,0,0,0,0,0,30
548,1362,5.23636,288,100,23,0,0,0,0,0,0,0,0,32
549,1368,4.58824,234,100,25,0,0,0,0,0,0,0,0,26
550,1524,5.09434,270,100,23,0,0,0,0,0,0,0,0,30
551,1876,5.74138,333,100,21,0,0,0,0,0,0,0,0,37
552,1874,5.44262,332,100,24,0,0,0,0,0,0,0,1,36
553,1578,4.86885,297,100,28,0,0,0,0,0,0,0,0,33
554,1418,4.8,288,100,28,0,0,0,0,0,0,0,0,32
555,1622,5.34375,342,100,26,0,0,0,0,0,0,0,0,38
556,1586,5.09434,270,100,23,0,0,0,0,0,0,0,0,30
557,1782,5.36842,306,100,23,0,0,0,0,0,0,0,0,34
558,1484,5.1,306,100,26,0,0,0,0,0,0,0,0,34
559,1538,5.64407,333,100,22,0,0,0,0,0,0,0,0,37
560,1522,5.05263,288,100,25,0,0,0,0,0,0,0,0,32
561,1604,5.36842,306,100,23,0,0,0,0,0,0,0,0,34
562,1682,4.57627,270,100,29,0,0,0,0,0,0,0,0,30
563,1786,4.81034,279,100,27,0,0,0,0,0,0,0,0,31
564,1796,5.18644,306,100,25,0,0,0,0,0,0,0,0,34
565,1504,4.64516,288,100,30,0,0,0,0,0,0,0,0,32
566,1558,5.51613,342,100,24,0,0,0,0,0,0,0,0,38
567,1658,5,315,100,28,0,0,0,0,0,0,0,0,35
568,1730,4.57627,270,100,29,0,0,0,0,0,0,0,0,30
569,1478,4.42373,261,100,30,0,0,0,0,0,0,0,0,29
570,1762,5.14286,324,100,27,0,0,0,0,0,0,0,0,36
571,1642,5.53846,288,100,20,0,0,0,0,0,0,0,0,32
572,1758,5.14286,288,100,24,0,0,0,0,0,0,0,0,32
573,1256,4.83333,261,100,25,0,0,0,0,0,0,0,0,29
574,1370,5.12069,297,100,25,0,0,0,0,0,0,0,0,33
575,1280,5.25,315,100,25,0,0,0,0,0,0,0,0,35
576,1118,4.35,261,100,31,0,0,0,0,0,0,0,0,29
577,1296,4.5,288,100,32,0,0,0,0,0,0,0,0,32
578,1268,5.27586,306,100,24,0,0,0,0,0,0,0,0,34
579,1434,5.43103,315,100,23,0,0,0,0,0,0,0,0,35
580,1486,5.36842,306,100,23,0,0,0,0,0,0,0,0,34
581,1438,5.77358,306,100,19,0,0,0,0,0,0,0,0,34
582,1380,5.23636,288,100,23,0,0,0,0,0,0,0,0,32
583,1800,5.14286,324,100,27,0,0,0,0,0,0,0,0,36
584,1550,4.5,297,100,33,0,0,0,0,0,0,0,0,33
585,1686,5.1,306,100,26,0,0,0,0,0,0,0,0,34
586,1664,5.18644,306,100,25,0,0,0,0,0,0,0,0,34
587,1640,5.0339,297,100,26,0,0,0,0,0,0,0,0,33
588,1546,5.37097,333,100,25,0,0,0,0,0,0,0,0,37
589,1688,5.85,351,100,21,0,0,0,0,0,0,0,0,39
590,1618,4.71429,297,100,30,0,0,0,0,0,0,0,0,33
591,1342,4.73684,270,100,27,0,0,0,0,0,0,0,0,30
592,1612,5.27586,306,100,24,0,0,0,0,0,0,0,0,34
593,1754,5.625,360,100,24,0,0,0,0,0,0,0,0,40
594,2042,5.7541,351,100,22,0,0,0,0,0,0,0,0,39
595,1764,5.94915,351,100,20,0,0,0,0,0,0,0,0,39
596,1472,5.08065,315,100,27,0,0,0,0,0,0,0,0,35
597,1478,5.83607,356,100,21,0,0,0,0,1,0,0,0,39
598,1402,5.4,351,100,26,0,0,0,0,0,0,0,0,39
599,1366,5.4,324,100,24,0,0,0,0,0,0,0,0,36
600,1426,4.92188,315,100,29,0,0,0,0,0,0,0,0,35
601,1348,4.28571,270,100,33,0,0,0,0,0,0,0,0,30
602,1472,3.78261,261,100,40,0,0,0,0,0,0,0,0,29
603,1526,4.21875,270,100,34,0,0,0,0,0,0,0,0,30
604,1784,4.07812,261,100,35,0,0,0,0,0,0,0,0,29
605,1700,4.07812,261,100,35,0,0,0,0,0,0,0,0,29
606,1618,4.73684,270,100,27,0,0,0,0,0,0,0,0,30
607,1782,5.25,315,100,25,0,0,0,0,0,0,0,0,35
608,1448,4.42105,252,100,29,0,0,0,0,0,0,0,0,28
609,1682,4.96552,288,100,26,0,0,0,0,0,0,0,0,32
610,1546,4.5,270,100,30,0,0,0,0,0,0,0,0,30
611,1942,3.95455,261,100,37,0,0,0,0,0,0,0,0,29
612,1546,3.66102,216,100,35,0,0,0,0,0,0,0,0,24
613,1620,4.5,261,100,29,0,0,0,0,0,0,0,0,29
614,1732,4.82143,270,100,26,0,0,0,0,0,0,0,0,30
615,1808,4.33929,243,100,29,0,0,0,0,0,0,0,0,27
616,1824,3.94737,225,100,32,0,0,0,0,0,0,0,0,25
617,1984,4.96552,288,100,26,0,0,0,0,0,0,0,0,32
618,1504,4,216,100,30,0,0,0,0,0,0,0,0,24
619,1540,3.63158,207,100,34,0,0,0,0,0,0,0,0,23
620,1700,4.58621,266,100,28,0,0,0,0,1,0,0,0,29
621,1556,3.95385,257,100,36,0,0,0,0,1,0,0,0,28
622,1446,4.19298,239,100,30,0,0,0,0,1,0,0,0,26
623,1530,3.98361,243,100,34,0,0,0,0,0,0,0,0,27
624,1728,3.2459,198,100,39,0,0,0,0,0,0,0,0,22
625,1392,3.78947,216,100,33,0,0,0,0,0,0,0,0,24
626,1508,4.41509,234,100,27,0,0,0,0,0,0,0,0,26
627,1458,2.80328,171,100,42,0,0,0,0,0,0,0,0,19
628,1510,3.81356,225,100,34,0,0,0,0,0,0,0,0,25
629,1364,3.53571,198,100,34,0,0,0,0,0,0,0,0,22
630,1778,4.11864,243,100,32,0,0,0,0,0,0,0,0,27
631,1410,3.69643,207,100,33,0,0,0,0,0,0,0,0,23
632,1190,2.89831,171,100,40,0,0,0,0,0,0,0,0,19
633,1658,3.71429,234,100,37,0,0,0,0,0,0,0,0,26
634,1452,3.41379,198,100,36,0,0,0,0,0,0,0,0,22
635,1490,3.65625,234,100,38,0,0,0,0,0,0,0,0,26
636,1432,3.9375,252,100,36,0,0,0,0,0,0,0,0,28
637,1438,4.42857,279,100,32,0,0,0,0,0,0,0,0,31
638,1226,4.29231,279,100,34,0,0,0,0,0,0,0,0,31
639,1328,3.68852,225,100,36,0,0,0,0,0,0,0,0,25
640,1298,4.13115,252,100,33,0,0,0,0,0,0,0,0,28
641,1518,4.57627,270,100,29,0,0,0,0,0,0,0,0,30
642,1680,4.65517,270,100,28,0,0,0,0,0,0,0,0,30
643,1472,4.79032,297,100,29,0,0,0,0,0,0,0,0,33
644,1552,5.30357,297,100,23,0,0,0,0,0,0,0,0,33
645,1690,5.36842,306,100,23,0,0,0,0,0,0,0,0,34
646,1464,5.33333,288,100,22,0,0,0,0,0,0,0,0,32
647,1256,4.94118,252,100,23,0,0,0,0,0,0,0,0,28
648,1716,5.12069,297,100,25,0,0,0,0,0,0,0,0,33
649,1366,4.57895,261,100,28,0,0,0,0,0,0,0,0,29
650,1254,3.94737,225,100,32,0,0,0,0,0,0,0,0,25
651,1328,3.2459,198,100,39,0,0,0,0,0,0,0,0,22
652,1502,3.83607,234,100,35,0,0,0,0,0,0,0,0,26
653,1488,3.79688,243,100,37,0,0,0,0,0,0,0,0,27
654,1624,4.88136,288,100,27,0,0,0,0,0,0,0,0,32
655,1812,5.25,315,100,25,0,0,0,0,0,0,0,0,35
656,1932,6.16667,333,100,17,0,0,0,0,0,0,0,0,37
657,2040,5.94915,351,100,20,0,0,0,0,0,0,0,0,39
658,1416,4.88136,288,100,27,0,0,0,0,0,0,0,0,32
659,1550,5.42857,342,100,25,0,0,0,0,0,0,0,0,38
660,1144,4.65517,270,100,28,0,0,0,0,0,0,0,0,30
661,1324,4.2,252,100,32,0,0,0,0,0,0,0,0,28
662,1348,4.72881,279,100,28,0,0,0,0,0,0,0,0,31
663,1426,3.9375,252,100,36,0,0,0,0,0,0,0,0,28
664,1316,4.5,279,100,31,0,0,0,0,0,0,0,0,31
665,1420,4.95,297,100,27,0,0,0,0,0,0,0,0,33
666,1518,4.5,297,100,33,0,0,0,0,0,0,0,0,33
667,1496,4.5,288,100,32,0,0,0,0,0,0,0,0,32
668,1290,3.9375,252,100,36,0,0,0,0,0,0,0,0,28
669,1454,4.57143,288,100,31,0,0,0,0,0,0,0,0,32
670,1650,4.27869,261,100,32,0,0,0,0,0,0,0,0,29
671,1242,4.35484,270,100,32,0,0,0,0,0,0,0,0,30
672,1206,4.35,261,100,31,0,0,0,0,0,0,0,0,29
673,1372,5.1,306,100,26,0,0,0,0,0,0,0,0,34
674,1232,4.65517,270,100,28,0,0,0,0,0,0,0,0,30
675,1424,5.52632,315,100,22,0,0,0,0,0,0,0,0,35
676,1482,5.23636,288,100,23,0,0,0,0,0,0,0,0,32
677,1538,5.84211,333,100,20,0,0,0,0,0,0,0,0,37
678,1260,3.98361,243,100,34,0,0,0,0,0,0,0,0,27
679,1174,3.54545,234,100,40,0,0,0,0,0,0,0,0,26
680,1336,3.6,234,100,39,0,0,0,0,0,0,0,0,26
681,1420,4.57627,270,100,29,0,0,0,0,0,0,0,0,30
682,1446,4.5,279,100,31,0,0,0,0,0,0,0,0,31
683,1404,5.33333,288,100,22,0,0,0,0,0,0,0,0,32
684,1484,4.96552,288,100,26,0,0,0,0,0,0,0,0,32
685,1262,4.35484,270,100,32,0,0,0,0,0,0,0,0,30
686,1246,3.66102,216,100,35,0,0,0,0,0,0,0,0,24
687,1472,4.14286,261,100,34,0,0,0,0,0,0,0,0,29
688,1424,4.21875,270,100,34,0,0,0,0,0,0,0,0,30
689,1354,3.6,216,100,36,0,0,0,0,0,0,0,0,24
690,1278,3.57143,225,100,38,0,0,0,0,0,0,0,0,25
691,1594,4.09091,270,100,36,0,0,0,0,0,0,0,0,30
692,1276,4.05,243,100,33,0,0,0,0,0,0,0,0,27
693,1318,4.35,261,100,31,0,0,0,0,0,0,0,0,29
694,1442,4.42623,270,100,31,0,0,0,0,0,0,0,0,30
695,1408,4.34483,252,100,30,0,0,0,0,0,0,0,0,28
696,1416,4.57143,288,100,31,0,0,0,0,0,0,0,0,32
697,1398,4.27119,252,100,31,0,0,0,0,0,0,0,0,28
698,1518,4.27869,261,100,32,0,0,0,0,0,0,0,0,29
699,1422,3.91935,243,100,35,0,0,0,0,0,0,0,0,27
700,1486,4.20968,261,100,33,0,0,0,0,0,0,0,0,29
701,1500,3.3,198,100,38,0,0,0,0,0,0,0,0,22
702,1486,3.45312,221,100,39,0,0,0,0,1,0,0,0,24
703,1468,3.77049,230,100,35,0,0,0,0,1,0,0,0,25
704,1540,3.54098,216,100,37,0,0,0,0,0,0,0,0,24
705,1530,3.14286,198,100,41,0,0,0,0,0,0,0,0,22
706,1410,3.72414,216,100,34,0,0,0,0,0,0,0,0,24
707,1374,3.87719,221,100,32,0,0,0,0,1,0,0,0,24
708,1424,4.10714,230,100,30,0,0,0,0,1,0,0,0,25
709,1298,3.20339,189,100,38,0,0,0,0,0,0,0,0,21
710,1330,3.75,225,100,35,0,0,0,0,0,0,0,0,25
711,1264,2.95312,189,100,43,0,0,0,0,0,0,0,0,21
712,1302,2.17241,126,100,44,0,0,0,0,0,0,0,0,14
713,1502,3.65625,234,100,38,0,0,0,0,0,0,0,0,26
714,1198,2.31818,153,100,49,0,0,0,0,0,0,0,0,17
715,1290,2.63077,171,100,46,0,0,0,0,0,0,0,0,19
716,1302,2.46774,153,100,45,0,0,0,0,0,0,0,0,17
717,1242,1.95,117,100,47,0,0,0,0,0,0,0,0,13
718,1326,2.10938,135,100,49,0,0,0,0,0,0,0,0,15
719,1438,2.25,144,100,48,0,0,0,0,0,0,0,0,16
720,1222,1.86207,108,100,46,0,0,0,0,0,0,0,0,12
721,1474,2.03226,126,100,48,0,0,0,0,0,0,0,0,14
722,1420,2.21538,144,100,49,0,0,0,0,0,0,0,0,16
723,1402,1.96875,126,100,50,0,0,0,0,0,0,0,0,14
724,1474,2.71429,171,100,44,0,0,0,0,0,0,0,0,19
725,1458,2.59322,153,100,42,0,0,0,0,0,0,0,0,17
726,1632,2.35385,153,100,48,0,0,0,0,0,0,0,0,17
727,1340,3,171,100,38,0,0,0,0,0,0,0,0,19
728,1378,3.2459,198,100,39,0,0,0,0,0,0,0,0,22
729,1422,3.63158,207,100,34,0,0,0,0,0,0,0,0,23
730,1404,3.31579,189,100,36,0,0,0,0,0,0,0,0,21
731,1444,4,216,100,30,0,0,0,0,0,0,0,0,24
732,1470,3.50847,207,100,36,0,0,0,0,0,0,0,0,23
733,1206,3.05085,180,100,39,0,0,0,0,0,0,0,0,20
734,1724,3.65625,234,100,38,0,0,0,0,0,0,0,0,26
735,1650,3.09836,189,100,40,0,0,0,0,0,0,0,0,21
736,1518,4.10526,234,100,31,0,0,0,0,0,0,0,0,26
737,1934,4.79032,297,100,29,0,0,0,0,0,0,0,0,33
738,1516,4.95,297,100,27,0,0,0,0,0,0,0,0,33
739,1476,4.03448,234,100,32,0,0,0,0,0,0,0,0,26
740,1352,4.05,243,100,33,0,0,0,0,0,0,0,0,27
741,1568,5.14286,324,100,27,0,0,0,0,0,0,0,0,36
742,1218,3.91935,243,100,35,0,0,0,0,0,0,0,0,27
743,1618,5.18182,342,100,28,0,0,0,0,0,0,0,0,38
744,1642,5.0625,324,100,28,0,0,0,0,0,0,0,0,36
745,1498,4.35484,270,100,32,0,0,0,0,0,0,0,0,30
746,1972,4.57143,288,100,31,0,0,0,0,0,0,0,0,32
747,1946,5.45902,333,100,24,0,0,0,0,0,0,0,0,37
748,1280,4.34483,252,100,30,0,0,0,0,0,0,0,0,28
749,1418,5.16393,315,100,26,0,0,0,0,0,0,0,0,35
750,1306,4.8,288,100,28,0,0,0,0,0,0,0,0,32
751,1260,4.71429,297,100,30,0,0,0,0,0,0,0,0,33
752,1316,4.72131,288,100,29,0,0,0,0,0,0,0,0,32
753,1174,4.35938,279,100,33,0,0,0,0,0,0,0,0,31
754,1136,3.71429,234,100,37,0,0,0,0,0,0,0,0,26
755,1354,4.02985,270,100,37,0,0,0,0,0,0,0,0,30
756,1470,4.28571,270,100,33,0,0,0,0,0,0,0,0,30
757,1532,3.33871,207,100,39,0,0,0,0,0,0,0,0,23
758,1624,3.57143,225,100,38,0,0,0,0,0,0,0,0,25
759,1480,3.9,234,100,34,0,0,0,0,0,0,0,0,26
760,1398,4.11864,243,100,32,0,0,0,0,0,0,0,0,27
761,1318,4.05,243,100,33,0,0,0,0,0,0,0,0,27
762,1448,4.5,288,100,32,0,0,0,0,0,0,0,0,32
763,1462,5.14286,324,100,27,0,0,0,0,0,0,0,0,36
764,1426,4.11864,243,100,32,0,0,0,0,0,0,0,0,27
765,1426,3.9,234,100,34,0,0,0,0,0,0,0,0,26
766,1622,4.20968,261,100,33,0,0,0,0,0,0,0,0,29
767,1464,3.57143,225,100,38,0,0,0,0,0,0,0,0,25
768,1390,2.84211,162,100,39,0,0,0,0,0,0,0,0,18
769,2076,4.13115,252,100,33,0,0,0,0,0,0,0,0,28
770,1446,3.62903,225,100,37,0,0,0,0,0,0,0,0,25
771,1512,4.06452,252,100,34,0,0,0,0,0,0,0,0,28
772,1388,3.57143,225,100,38,0,0,0,0,0,0,0,0,25
773,1580,3.66102,216,100,35,0,0,0,0,0,0,0,0,24
774,1728,4.03448,234,100,32,0,0,0,0,0,0,0,0,26
775,1598,3.85714,216,100,32,0,0,0,0,0,0,0,0,24
776,1486,3.81356,225,100,34,0,0,0,0,0,0,0,0,25
777,1314,4.27119,252,100,31,0,0,0,0,0,0,0,0,28
778,1438,4.27119,252,100,31,0,0,0,0,0,0,0,0,28
779,1560,3.25862,189,100,37,0,0,0,0,0,0,0,0,21
780,1506,3.66667,198,100,32,0,0,0,0,0,0,0,0,22
781,1802,4.03448,234,100,32,0,0,0,0,0,0,0,0,26
782,1880,3.53571,198,100,34,0,0,0,0,0,0,0,0,22
783,1794,3.71429,234,100,37,0,0,0,0,0,0,0,0,26
784,1572,3.56897,207,100,35,0,0,0,0,0,0,0,0,23
785,1466,3,171,100,38,0,0,0,0,0,0,0,0,19
786,1502,3.41379,198,100,36,0,0,0,0,0,0,0,0,22
787,1798,4.42857,279,100,32,0,0,0,0,0,0,0,0,31
788,1568,3.68852,225,100,36,0,0,0,0,0,0,0,0,25
789,1300,4.13115,252,100,33,0,0,0,0,0,0,0,0,28
790,1588,5.01639,306,100,27,0,0,0,0,0,0,0,0,34
791,1410,4.2,252,100,32,0,0,0,0,0,0,0,0,28
792,1646,5.12069,297,100,25,0,0,0,0,0,0,0,0,33
793,1592,5.12069,297,100,25,0,0,0,0,0,0,0,0,33
794,1602,4.42373,261,100,30,0,0,0,0,0,0,0,0,29
795,1664,3.83607,234,100,35,0,0,0,0,0,0,0,0,26
796,1898,3.85714,243,100,36,0,0,0,0,0,0,0,0,27
797,1380,3.63158,207,100,34,0,0,0,0,0,0,0,0,23
798,1346,4.07692,212,100,28,0,0,0,0,1,0,0,0,23
799,1476,5.14286,288,100,24,0,0,0,0,0,0,0,0,32
800,1510,4.90909,270,100,25,0,0,0,0,0,0,0,0,30
801,1550,5.68421,324,100,21,0,0,0,0,0,0,0,0,36
802,1474,5.1,306,100,26,0,0,0,0,0,0,0,0,34
803,1318,4.5,252,100,28,0,0,0,0,0,0,0,0,28
804,1104,4.23529,216,100,27,0,0,0,0,0,0,0,0,24
805,1836,5.89655,342,100,20,0,0,0,0,0,0,0,0,38
806,1606,4.98214,279,100,25,0,0,0,0,0,0,0,0,31
807,1580,5.33898,315,100,24,0,0,0,0,0,0,0,0,35
808,1440,4.41818,243,100,28,0,0,0,0,0,0,0,0,27
809,1620,4.15385,270,100,35,0,0,0,0,0,0,0,0,30
810,1656,5.0339,297,100,26,0,0,0,0,0,0,0,0,33
811,1596,5.77358,306,100,19,0,0,0,0,0,0,0,0,34
812,1470,4.82143,270,100,26,0,0,0,0,0,0,0,0,30
813,1630,5.32727,293,100,22,0,0,0,0,1,0,0,0,32
814,1600,4.18966,243,100,31,0,0,0,0,0,0,0,0,27
815,1856,5.34375,342,100,26,0,0,0,0,0,0,0,0,38
816,1550,4.98462,324,100,29,0,0,0,0,0,0,0,0,36
817,1428,4.05,243,100,33,0,0,0,0,0,0,0,0,27
818,1254,3.35593,198,100,37,0,0,0,0,0,0,0,0,22
819,1484,3.65625,234,100,38,0,0,0,0,0,0,0,0,26
820,1780,4.06452,252,100,34,0,0,0,0,0,0,0,0,28
821,1946,4.73684,270,100,27,0,0,0,0,0,0,0,0,30
822,1646,4.84906,257,100,24,0,0,0,0,1,0,0,0,28
823,1898,4.75472,252,100,25,0,0,0,0,0,0,0,0,28
824,1712,3.83333,207,100,31,0,0,0,0,0,0,0,0,23
825,1760,3.78947,216,100,33,0,0,0,0,0,0,0,0,24
826,2008,3.90566,207,100,30,0,0,0,0,0,0,0,0,23
827,1868,4.17857,234,100,30,0,0,0,0,0,0,0,0,26
828,1550,5.11765,261,100,22,0,0,0,0,0,0,0,0,29
829,1704,4.23529,216,100,27,0,0,0,0,0,0,0,0,24
830,1672,3.6,216,100,36,0,0,0,0,0,0,0,0,24
831,1646,3.25862,189,100,37,0,0,0,0,0,0,0,0,21
832,1792,3.63158,207,100,34,0,0,0,0,0,0,0,0,23
833,1502,4.32692,225,100,27,0,0,0,0,0,0,0,0,25
834,1402,3.85714,189,100,28,0,0,0,0,0,0,0,0,21
835,1624,4.09091,225,100,30,0,0,0,0,0,0,0,0,25
836,1504,4.27119,252,100,31,0,0,0,0,0,0,0,0,28
837,1410,4.01786,225,100,31,0,0,0,0,0,0,0,0,25
838,1506,4.16667,225,100,29,0,0,0,0,0,0,0,0,25
839,1540,4.65,279,100,29,0,0,0,0,0,0,0,0,31
840,1410,3.63158,207,100,34,0,0,0,0,0,0,0,0,23
841,1562,3.68852,225,100,36,0,0,0,0,0,0,0,0,25
842,1518,3.78947,216,100,33,0,0,0,0,0,0,0,0,24
843,1512,3.43636,189,100,34,0,0,0,0,0,0,0,0,21
844,1484,4.03448,234,100,32,0,0,0,0,0,0,0,0,26
845,1644,3.45,207,100,37,0,0,0,0,0,0,0,0,23
846,1600,3.9,234,100,34,0,0,0,0,0,0,0,0,26
847,1756,3.98361,243,100,34,0,0,0,0,0,0,0,0,27
848,1594,3.75,225,100,35,0,0,0,0,0,0,0,0,25
849,1302,3.54098,216,100,37,0,0,0,0,0,0,0,0,24
850,1284,4.11864,243,100,32,0,0,0,0,0,0,0,0,27
851,1542,4.14286,261,100,34,0,0,0,0,0,0,0,0,29
852,1406,4.13115,252,100,33,0,0,0,0,0,0,0,0,28
853,1292,4.70769,306,100,31,0,0,0,0,0,0,0,0,34
854,1308,4.42857,279,100,32,0,0,0,0,0,0,0,0,31
855,1434,4.06452,252,100,34,0,0,0,0,0,0,0,0,28
856,1680,4.15385,270,100,35,0,0,0,0,0,0,0,0,30
857,1372,4.58182,252,100,27,0,0,0,0,0,0,0,0,28
858,1428,4.43103,257,100,29,0,0,0,0,1,0,0,0,28
859,1476,4.18966,243,100,31,0,0,0,0,0,0,0,0,27
860,1574,5.1,306,100,26,0,0,0,0,0,0,0,0,34
861,1388,3.77419,234,100,36,0,0,0,0,0,0,0,0,26
862,1388,4.88136,288,100,27,0,0,0,0,0,0,0,0,32
863,1414,3.68852,225,100,36,0,0,0,0,0,0,0,0,25
864,1250,3.49254,234,100,41,0,0,0,0,0,0,0,0,26
865,1296,3.51562,225,100,39,0,0,0,0,0,0,0,0,25
866,1290,3.79688,243,100,37,0,0,0,0,0,0,0,0,27
867,1576,4.56923,297,100,32,0,0,0,0,0,0,0,0,33
868,1412,5.08065,315,100,27,0,0,0,0,0,0,0,0,35
869,1592,4.95,297,100,27,0,0,0,0,0,0,0,0,33
870,1372,4.09091,270,100,36,0,0,0,0,0,0,0,0,30
871,1442,4.07812,261,100,35,0,0,0,0,0,0,0,0,29
872,1538,4.35938,279,100,33,0,0,0,0,0,0,0,0,31
873,1422,4.65,279,100,29,0,0,0,0,0,0,0,0,31
874,1416,4.66667,266,100,27,0,0,0,0,1,0,0,0,29
875,1554,5.16364,284,100,23,0,0,0,0,1,0,0,0,31
876,1508,5.43396,288,100,21,0,0,0,0,0,0,0,0,32
877,1560,5.33898,315,100,24,0,0,0,0,0,0,0,0,35
878,1660,5.25,315,100,25,0,0,0,0,0,0,0,0,35
879,1678,5.56897,323,100,22,0,0,0,0,0,0,0,1,35
880,1382,4.72881,279,100,28,0,0,0,0,0,0,0,0,31
881,1530,4.42373,261,100,30,0,0,0,0,0,0,0,0,29
882,1336,5.36538,279,100,21,0,0,0,0,0,0,0,0,31
883,1230,5.16667,279,100,23,0,0,0,0,0,0,0,0,31
884,1350,5.21053,297,100,24,0,0,0,0,0,0,0,0,33
885,1322,4.57895,261,100,28,0,0,0,0,0,0,0,0,29
886,1242,5.07273,279,100,24,0,0,0,0,0,0,0,0,31
887,1034,4.96552,288,100,26,0,0,0,0,0,0,0,0,32
888,1432,4.64062,297,100,31,0,0,0,0,0,0,0,0,33
889,1472,4.93548,306,100,28,0,0,0,0,0,0,0,0,34
890,1344,5.33898,315,100,24,0,0,0,0,0,0,0,0,35
891,1476,5.30645,329,100,25,0,0,0,0,1,0,0,0,36
892,1416,5.33846,347,100,26,0,0,0,0,1,0,0,0,38
893,1392,4.36066,266,100,31,0,0,0,0,1,0,0,0,29
894,1284,5.18644,306,100,25,0,0,0,0,0,0,0,0,34
895,1386,4.95,297,100,27,0,0,0,0,0,0,0,0,33
896,1274,4.96552,288,100,26,0,0,0,0,0,0,0,0,32
897,1160,5.27586,306,100,24,0,0,0,0,0,0,0,0,34
898,1466,5.34375,342,100,26,0,0,0,0,0,0,0,0,38
899,1302,5.08065,315,100,27,0,0,0,0,0,0,0,0,35
900,1370,4.57143,288,100,31,0,0,0,0,0,0,0,0,32
901,1426,5.42857,342,100,25,0,0,0,0,0,0,0,0,38
902,1218,5.45902,333,100,24,0,0,0,0,0,0,0,0,37
903,1224,5.1,306,100,26,0,0,0,0,0,0,0,0,34
904,1242,5.14286,324,100,27,0,0,0,0,0,0,0,0,36
905,1118,4.79032,297,100,29,0,0,0,0,0,0,0,0,33
906,1162,4.88136,288,100,27,0,0,0,0,0,0,0,0,32
907,1348,4.86885,297,100,28,0,0,0,0,0,0,0,0,33
908,1198,4.96552,288,100,26,0,0,0,0,0,0,0,0,32
909,1346,5.46429,306,100,22,0,0,0,0,0,0,0,0,34
910,1550,5.4,297,100,22,0,0,0,0,0,0,0,0,33
911,1608,5.72727,315,100,20,0,0,0,0,0,0,0,0,35
912,1324,4.5,243,100,27,0,0,0,0,0,0,0,0,27
913,1638,4.96552,288,100,26,0,0,0,0,0,0,0,0,32
914,1366,4.41509,234,100,27,0,0,0,0,0,0,0,0,26
915,1202,4.33929,243,100,29,0,0,0,0,0,0,0,0,27
916,1260,3.69643,207,100,33,0,0,0,0,0,0,0,0,23
917,1558,4.98214,279,100,25,0,0,0,0,0,0,0,0,31
918,1434,5.36842,306,100,23,0,0,0,0,0,0,0,0,34
919,1194,3.94737,225,100,32,0,0,0,0,0,0,0,0,25
920,1276,4.11864,243,100,32,0,0,0,0,0,0,0,0,27
921,1334,4.33929,243,100,29,0,0,0,0,0,0,0,0,27
922,1246,4.26316,243,100,30,0,0,0,0,0,0,0,0,27
923,1134,4.26316,243,100,30,0,0,0,0,0,0,0,0,27
924,1276,4.35,261,100,31,0,0,0,0,0,0,0,0,29
925,1282,5.36842,306,100,23,0,0,0,0,0,0,0,0,34
926,1216,4.96552,288,100,26,0,0,0,0,0,0,0,0,32
927,1330,4.65,279,100,29,0,0,0,0,0,0,0,0,31
928,1196,5.05263,288,100,25,0,0,0,0,0,0,0,0,32
929,1236,4.42857,279,100,32,0,0,0,0,0,0,0,0,31
930,1142,4.57377,279,100,30,0,0,0,0,0,0,0,0,31
931,1034,4.5,261,100,29,0,0,0,0,0,0,0,0,29
932,1410,4.81034,279,100,27,0,0,0,0,0,0,0,0,31
933,1336,4.73684,270,100,27,0,0,0,0,0,0,0,0,30
934,1438,4.95,297,100,27,0,0,0,0,0,0,0,0,33
935,1368,4.27119,252,100,31,0,0,0,0,0,0,0,0,28
936,1366,4.95,297,100,27,0,0,0,0,0,0,0,0,33
937,1424,5.64407,333,100,22,0,0,0,0,0,0,0,0,37
938,1214,4.95,297,100,27,0,0,0,0,0,0,0,0,33
939,1274,5.68421,324,100,21,0,0,0,0,0,0,0,0,36
940,1202,5.78571,324,100,20,0,0,0,0,0,0,0,0,36
941,1418,5.74138,333,100,21,0,0,0,0,0,0,0,0,37
942,1278,5.74138,333,100,21,0,0,0,0,0,0,0,0,37
943,1290,6.31579,360,100,17,0,0,0,0,0,0,0,0,40
944,1236,5.71429,320,100,20,0,0,0,0,1,0,0,0,35
945,1516,7.69091,423,100,8,0,0,0,0,0,0,0,0,47
946,1504,7.33333,396,100,10,0,0,0,0,0,0,0,0,44
947,1352,7.26923,378,100,10,0,0,0,0,0,0,0,0,42
948,1534,6.22581,386,100,19,0,0,0,0,0,0,0,1,42
949,1192,5.7,342,100,22,0,0,0,0,0,0,0,0,38
950,1280,5.60656,342,100,23,0,0,0,0,0,0,0,0,38
951,1260,5.14286,288,100,24,0,0,0,0,0,0,0,0,32
952,1592,5.85,351,100,21,0,0,0,0,0,0,0,0,39
953,1194,6,342,100,19,0,0,0,0,0,0,0,0,38
954,1430,6.6,396,100,16,0,0,0,0,0,0,0,0,44
955,1344,5.85,351,100,21,0,0,0,0,0,0,0,0,39
956,1224,5.31148,324,100,25,0,0,0,0,0,0,0,0,36
957,1534,5.60656,342,100,23,0,0,0,0,0,0,0,0,38
958,1248,5.08065,315,100,27,0,0,0,0,0,0,0,0,35
959,1020,4.06452,252,100,34,0,0,0,0,0,0,0,0,28
960,1380,4.43284,297,100,34,0,0,0,0,0,0,0,0,33
961,1252,4.21875,270,100,34,0,0,0,0,0,0,0,0,30
962,1176,4.10294,279,100,37,0,0,0,0,0,0,0,0,31
963,1322,4.86885,297,100,28,0,0,0,0,0,0,0,0,33
964,1042,4.05,243,100,33,0,0,0,0,0,0,0,0,27
965,1370,5.12308,333,100,28,0,0,0,0,0,0,0,0,37
966,1188,4.07812,261,100,35,0,0,0,0,0,0,0,0,29
967,1386,4.85714,306,100,29,0,0,0,0,0,0,0,0,34
968,1346,4.78125,306,100,30,0,0,0,0,0,0,0,0,34
969,1326,4.57377,279,100,30,0,0,0,0,0,0,0,0,31
970,1420,4.64516,288,100,30,0,0,0,0,0,0,0,0,32
971,1318,5.51613,342,100,24,0,0,0,0,0,0,0,0,38
972,1622,5.16393,315,100,26,0,0,0,0,0,0,0,0,35
973,1414,4.81034,279,100,27,0,0,0,0,0,0,0,0,31
974,1482,5.64407,333,100,22,0,0,0,0,0,0,0,0,37
975,1240,4.5,270,100,30,0,0,0,0,0,0,0,0,30
976,1138,4.98214,279,100,25,0,0,0,0,0,0,0,0,31
977,1344,4.8,288,100,28,0,0,0,0,0,0,0,0,32
978,1344,4.71429,297,100,30,0,0,0,0,0,0,0,0,33
979,1272,4.72131,288,100,29,0,0,0,0,0,0,0,0,32
980,1176,5.0339,297,100,26,0,0,0,0,0,0,0,0,33
981,1340,4.85714,306,100,29,0,0,0,0,0,0,0,0,34
982,1290,4.86885,297,100,28,0,0,0,0,0,0,0,0,33
983,1124,4.72131,288,100,29,0,0,0,0,0,0,0,0,32
984,1270,4.35,261,100,31,0,0,0,0,0,0,0,0,29
985,1134,3.96721,242,100,34,0,0,0,0,0,0,0,1,26
986,1384,5.12069,297,100,25,0,0,0,0,0,0,0,0,33
987,1382,5.55,333,100,23,0,0,0,0,0,0,0,0,37
988,1380,6.10714,342,100,18,0,0,0,0,0,0,0,0,38
989,1390,5.1,306,100,26,0,0,0,0,0,0,0,0,34
990,1406,5.31148,324,100,25,0,0,0,0,0,0,0,0,36
991,1388,4.64062,297,100,31,0,0,0,0,0,0,0,0,33
992,1174,3.98361,243,100,34,0,0,0,0,0,0,0,0,27
993,1274,4.06452,252,100,34,0,0,0,0,0,0,0,0,28
994,1138,3.39344,207,100,38,0,0,0,0,0,0,0,0,23
995,1388,3.91935,243,100,35,0,0,0,0,0,0,0,0,27
996,1436,3.71429,234,100,37,0,0,0,0,0,0,0,0,26
997,1440,3.9,234,100,34,0,0,0,0,0,0,0,0,26
998,1336,4.57627,270,100,29,0,0,0,0,0,0,0,0,30
999,1234,4.27869,261,100,32,0,0,0,0,0,0,0,0,29
