update,points,mean_tasks,total_tasks,total_orgs,task_0,task_1,task_2,task_3,task_4,task_5,task_6,task_7,task_8,task_9
0,0,nan,0,9,0,0,0,0,0,0,0,0,0,0
1,4,0,0,9,1,0,0,0,0,0,0,0,0,0
2,50,3,9,10,2,0,0,0,0,0,0,0,0,1
3,52,6,18,11,1,0,0,0,0,0,0,0,0,2
4,70,9,27,11,0,0,0,0,0,0,0,0,0,3
5,44,9,27,12,0,0,0,0,0,0,0,0,0,3
6,46,7.2,36,12,1,0,0,0,0,0,0,0,0,4
7,48,7.2,36,12,1,0,0,0,0,0,0,0,0,4
8,4,7.2,36,12,1,0,0,0,0,0,0,0,0,4
9,92,7.2,36,13,1,0,0,0,0,0,0,0,0,4
10,4,7.2,36,13,1,0,0,0,0,0,0,0,0,4
11,92,7.5,45,14,1,0,0,0,0,0,0,0,0,5
12,4,7.5,45,14,1,0,0,0,0,0,0,0,0,5
13,6,6.75,54,14,2,0,0,0,0,0,0,0,0,6
14,10,4.5,36,14,4,0,0,0,0,0,0,0,0,4
15,10,4.5,36,14,4,0,0,0,0,0,0,0,0,4
16,54,4.5,36,14,4,0,0,0,0,0,0,0,0,4
17,32,5.14286,36,14,3,0,0,0,0,0,0,0,0,4
18,56,5.625,45,15,3,0,0,0,0,0,0,0,0,5
19,58,5.4,54,15,4,0,0,0,0,0,0,0,0,6
20,102,6.54545,72,17,3,0,0,0,0,0,0,0,0,8
21,60,5.53846,72,18,5,0,0,0,0,0,0,0,0,8
22,58,6.75,81,18,3,0,0,0,0,0,0,0,0,9
23,96,6.54545,72,18,3,0,0,0,0,0,0,0,0,8
24,124,6,72,19,4,0,0,0,0,0,0,0,0,8
25,124,6.3,63,20,3,0,0,0,0,0,0,0,0,7
26,172,7.2,72,20,2,0,0,0,0,0,0,0,0,8
27,108,6.23077,81,22,4,0,0,0,0,0,0,0,0,9
28,110,6.23077,81,22,4,0,0,0,0,0,0,0,0,9
29,152,6,72,23,4,0,0,0,0,0,0,0,0,8
30,76,4.8,72,24,7,0,0,0,0,0,0,0,0,8
31,78,4.76471,81,24,8,0,0,0,0,0,0,0,0,9
32,146,5.0625,81,25,7,0,0,0,0,0,0,0,0,9
33,170,5.5,99,28,7,0,0,0,0,0,0,0,0,11
34,154,5.82353,99,29,6,0,0,0,0,0,0,0,0,11
35,138,5.21053,99,29,8,0,0,0,0,0,0,0,0,11
36,230,5.85,117,30,7,0,0,0,0,0,0,0,0,13
37,232,5.57143,117,32,8,0,0,0,0,0,0,0,0,13
38,244,4.69565,108,34,11,0,0,0,0,0,0,0,0,12
39,288,5.31818,117,35,9,0,0,0,0,0,0,0,0,13
40,262,5.72727,126,37,8,0,0,0,0,0,0,0,0,14
41,268,5.47826,126,38,9,0,0,0,0,0,0,0,0,14
42,342,5.08696,117,39,10,0,0,0,0,0,0,0,0,13
43,436,4.82143,135,43,13,0,0,0,0,0,0,0,0,15
44,482,5.78571,162,44,10,0,0,0,0,0,0,0,0,18
45,562,4.5,135,46,15,0,0,0,0,0,0,0,0,15
46,422,4.06452,126,48,17,0,0,0,0,0,0,0,0,14
47,724,4.63636,153,49,16,0,0,0,0,0,0,0,0,17
48,652,4.88571,171,52,16,0,0,0,0,0,0,0,0,19
49,758,4.725,189,56,19,0,0,0,0,0,0,0,0,21
50,858,3.92308,153,60,22,0,0,0,0,0,0,0,0,17
51,888,4.84615,189,63,18,0,0,0,0,0,0,0,0,21
52,818,4.5,180,65,20,0,0,0,0,0,0,0,0,20
53,1098,5.04878,207,69,18,0,0,0,0,0,0,0,0,23
54,898,4.09091,180,71,24,0,0,0,0,0,0,0,0,20
55,852,3.91304,180,74,26,0,0,0,0,0,0,0,0,20
56,1248,5.2,234,76,19,0,0,0,0,0,0,0,0,26
57,1350,5.14286,252,83,21,0,0,0,0,0,0,0,0,28
58,1292,4.24528,225,88,28,0,0,0,0,0,0,0,0,25
59,1392,4.5,261,92,29,0,0,0,0,0,0,0,0,29
60,1296,4.10526,234,94,31,0,0,0,0,0,0,0,0,26
61,1614,5.27586,306,96,24,0,0,0,0,0,0,0,0,34
62,1824,4.98214,279,96,25,0,0,0,0,0,0,0,0,31
63,1726,4.66667,252,96,26,0,0,0,0,0,0,0,0,28
64,1754,4.18966,243,97,31,0,0,0,0,0,0,0,0,27
65,1522,4.10526,234,98,31,0,0,0,0,0,0,0,0,26
66,1632,5.07273,279,98,24,0,0,0,0,0,0,0,0,31
67,1836,4.5,243,98,27,0,0,0,0,0,0,0,0,27
68,2118,4.79032,297,99,29,0,0,0,0,0,0,0,0,33
69,2252,5.01639,306,99,27,0,0,0,0,0,0,0,0,34
70,2130,4.82143,270,100,26,0,0,0,0,0,0,0,0,30
71,1798,4.88136,288,100,27,0,0,0,0,0,0,0,0,32
72,1648,5.05263,288,100,25,0,0,0,0,0,0,0,0,32
73,1546,4.5,252,100,28,0,0,0,0,0,0,0,0,28
74,2010,5.25,315,100,25,0,0,0,0,0,0,0,0,35
75,2034,4.89474,279,100,26,0,0,0,0,0,0,0,0,31
76,2352,5.72727,315,100,20,0,0,0,0,0,0,0,0,35
77,2172,5.4,297,100,22,0,0,0,0,0,0,0,0,33
78,2048,5.4,297,100,22,0,0,0,0,0,0,0,0,33
79,2460,5.22581,324,100,26,0,0,0,0,0,0,0,0,36
80,2142,6.05172,351,100,19,0,0,0,0,0,0,0,0,39
81,2252,5.52632,315,100,22,0,0,0,0,0,0,0,0,35
82,2606,5.60656,342,100,23,0,0,0,0,0,0,0,0,38
83,2292,5.85,351,100,21,0,0,0,0,0,0,0,0,39
84,2210,6.10169,360,100,19,0,0,0,0,0,0,0,0,40
85,2882,5.66129,351,100,23,0,0,0,0,0,0,0,0,39
86,2284,5.14286,288,100,24,0,0,0,0,0,0,0,0,32
87,2532,4.95,297,100,27,0,0,0,0,0,0,0,0,33
88,2396,4.74545,261,100,26,0,0,0,0,0,0,0,0,29
89,2182,4.73684,270,100,27,0,0,0,0,0,0,0,0,30
90,2110,4.93548,306,100,28,0,0,0,0,0,0,0,0,34
91,2312,5.52632,315,100,22,0,0,0,0,0,0,0,0,35
92,2082,4.18966,243,100,31,0,0,0,0,0,0,0,0,27
93,2228,4.50877,257,100,28,0,0,0,0,1,0,0,0,28
94,2182,5.07143,284,100,24,0,0,0,0,1,0,0,0,31
95,2504,5.0339,297,100,26,0,0,0,0,0,0,0,0,33
96,2698,5.36842,306,100,23,0,0,0,0,0,0,0,0,34
97,2346,5.7541,351,100,22,0,0,0,0,0,0,0,0,39
98,2828,5.84211,333,100,20,0,0,0,0,0,0,0,0,37
99,2326,4.58182,252,100,27,0,0,0,0,0,0,0,0,28
100,2168,4.34483,252,100,30,0,0,0,0,0,0,0,0,28
101,1640,4.74545,261,100,26,0,0,0,0,0,0,0,0,29
102,1634,4.58182,252,100,27,0,0,0,0,0,0,0,0,28
103,1874,4.42857,279,100,32,0,0,0,0,0,0,0,0,31
104,1810,4.01538,261,100,36,0,0,0,0,0,0,0,0,29
105,1922,4.5,261,100,29,0,0,0,0,0,0,0,0,29
106,1870,4.65,279,100,29,0,0,0,0,0,0,0,0,31
107,2082,5.27586,306,100,24,0,0,0,0,0,0,0,0,34
108,2198,6.15789,351,100,18,0,0,0,0,0,0,0,0,39
109,1756,4.98214,279,100,25,0,0,0,0,0,0,0,0,31
110,1724,5.12069,297,100,25,0,0,0,0,0,0,0,0,33
111,1660,5.01639,306,100,27,0,0,0,0,0,0,0,0,34
112,1616,4.88136,288,100,27,0,0,0,0,0,0,0,0,32
113,1558,4.5,261,100,29,0,0,0,0,0,0,0,0,29
114,1734,5.1,306,100,26,0,0,0,0,0,0,0,0,34
115,1368,4.10526,234,100,31,0,0,0,0,0,0,0,0,26
116,1506,4.2,252,100,32,0,0,0,0,0,0,0,0,28
117,1656,4.5,261,100,29,0,0,0,0,0,0,0,0,29
118,1852,4.81034,279,100,27,0,0,0,0,0,0,0,0,31
119,1860,4.86885,297,100,28,0,0,0,0,0,0,0,0,33
120,1604,4.64516,288,100,30,0,0,0,0,0,0,0,0,32
121,1402,4.14286,261,100,34,0,0,0,0,0,0,0,0,29
122,1512,4.27869,261,100,32,0,0,0,0,0,0,0,0,29
123,1776,4.95,297,100,27,0,0,0,0,0,0,0,0,33
124,1632,4.89474,279,100,26,0,0,0,0,0,0,0,0,31
125,1652,4.96552,288,100,26,0,0,0,0,0,0,0,0,32
126,1616,6.16667,333,100,17,0,0,0,0,0,0,0,0,37
127,1512,5.52632,315,100,22,0,0,0,0,0,0,0,0,35
128,1454,4.88136,288,100,27,0,0,0,0,0,0,0,0,32
129,1560,5.72727,315,100,20,0,0,0,0,0,0,0,0,35
130,1452,6.2069,360,100,18,0,0,0,0,0,0,0,0,40
131,1378,6.10714,342,100,18,0,0,0,0,0,0,0,0,38
132,1668,5.71429,360,100,23,0,0,0,0,0,0,0,0,40
133,1442,5.84211,333,100,20,0,0,0,0,0,0,0,0,37
134,1464,5.84211,333,100,20,0,0,0,0,0,0,0,0,37
135,1662,6.57692,342,100,14,0,0,0,0,0,0,0,0,38
136,1724,5.51613,342,100,24,0,0,0,0,0,0,0,0,38
137,1792,5.78571,324,100,20,0,0,0,0,0,0,0,0,36
138,1880,5.68421,324,100,21,0,0,0,0,0,0,0,0,36
139,2310,5.7541,351,100,22,0,0,0,0,0,0,0,0,39
140,1876,5.1,306,100,26,0,0,0,0,0,0,0,0,34
141,2140,5.22581,324,100,26,0,0,0,0,0,0,0,0,36
142,1882,5.23636,288,100,23,0,0,0,0,0,0,0,0,32
143,1628,4.57627,270,100,29,0,0,0,0,0,0,0,0,30
144,1458,5.30357,297,100,23,0,0,0,0,0,0,0,0,33
145,1380,4.66071,261,100,27,0,0,0,0,0,0,0,0,29
146,1382,4.98214,279,100,25,0,0,0,0,0,0,0,0,31
147,1654,5.84211,333,100,20,0,0,0,0,0,0,0,0,37
148,1574,5.72727,315,100,20,0,0,0,0,0,0,0,0,35
149,1418,4.76471,243,100,24,0,0,0,0,0,0,0,0,27
150,1530,3.83607,234,100,35,0,0,0,0,0,0,0,0,26
151,1576,4.57895,261,100,28,0,0,0,0,0,0,0,0,29
152,1620,4.2,252,100,32,0,0,0,0,0,0,0,0,28
153,1714,5.66129,351,100,23,0,0,0,0,0,0,0,0,39
154,1554,5.60656,342,100,23,0,0,0,0,0,0,0,0,38
155,1252,4.96552,288,100,26,0,0,0,0,0,0,0,0,32
156,1546,5.51613,342,100,24,0,0,0,0,0,0,0,0,38
157,1500,5.08065,315,100,27,0,0,0,0,0,0,0,0,35
158,1654,4.95652,342,100,31,0,0,0,0,0,0,0,0,38
159,1380,4.77273,315,100,31,0,0,0,0,0,0,0,0,35
160,1522,5.90164,360,100,21,0,0,0,0,0,0,0,0,40
161,1304,5.31148,324,100,25,0,0,0,0,0,0,0,0,36
162,1228,5.51613,342,100,24,0,0,0,0,0,0,0,0,38
163,1558,5.0625,324,100,28,0,0,0,0,0,0,0,0,36
164,1164,4.27119,252,100,31,0,0,0,0,0,0,0,0,28
165,1364,4.64516,288,100,30,0,0,0,0,0,0,0,0,32
166,1462,4.86885,297,100,28,0,0,0,0,0,0,0,0,33
167,1392,5.72727,315,100,20,0,0,0,0,0,0,0,0,35
168,1564,6.16667,333,100,17,0,0,0,0,0,0,0,0,37
169,1442,5.83333,315,100,19,0,0,0,0,0,0,0,0,35
170,1318,5.16667,279,100,23,0,0,0,0,0,0,0,0,31
171,1720,5.60656,342,100,23,0,0,0,0,0,0,0,0,38
172,1436,4.95,297,100,27,0,0,0,0,0,0,0,0,33
173,1884,5.37097,333,100,25,0,0,0,0,0,0,0,0,37
174,1722,5,270,100,24,0,0,0,0,0,0,0,0,30
175,1626,5.38182,296,100,22,0,0,0,0,0,0,0,1,32
176,1640,5.28571,333,100,26,0,0,0,0,0,0,0,0,37
177,1296,4.57377,279,100,30,0,0,0,0,0,0,0,0,31
178,1324,4.13115,252,100,33,0,0,0,0,0,0,0,0,28
179,1306,3.87692,252,100,37,0,0,0,0,0,0,0,0,28
180,1244,4.58065,284,100,30,0,0,0,0,1,0,0,0,31
181,1226,5.72727,315,100,20,0,0,0,0,0,0,0,0,35
182,1344,5.66667,306,100,20,0,0,0,0,0,0,0,0,34
183,1506,5.94915,351,100,20,0,0,0,0,0,0,0,0,39
184,1288,5.85,351,100,21,0,0,0,0,0,0,0,0,39
185,1370,5.79661,342,100,21,0,0,0,0,0,0,0,0,38
186,1388,5.78571,324,100,20,0,0,0,0,0,0,0,0,36
187,1406,6.10169,360,100,19,0,0,0,0,0,0,0,0,40
188,1404,5.7,342,100,22,0,0,0,0,0,0,0,0,38
189,1424,5.94643,333,100,19,0,0,0,0,0,0,0,0,37
190,1414,5.64407,333,100,22,0,0,0,0,0,0,0,0,37
191,1166,5.05263,288,100,25,0,0,0,0,0,0,0,0,32
192,1450,4.84615,315,100,30,0,0,0,0,0,0,0,0,35
193,1410,4.21875,270,100,34,0,0,0,0,0,0,0,0,30
194,1156,4,252,100,35,0,0,0,0,0,0,0,0,28
195,1420,4.43284,297,100,34,0,0,0,0,0,0,0,0,33
196,1522,5.1,306,100,26,0,0,0,0,0,0,0,0,34
197,1452,5.14286,324,100,27,0,0,0,0,0,0,0,0,36
198,1512,5.10448,342,100,29,0,0,0,0,0,0,0,0,38
199,1560,5.23881,351,100,28,0,0,0,0,0,0,0,0,39
200,1450,5.04545,333,100,29,0,0,0,0,0,0,0,0,37
201,1298,4.16418,279,100,36,0,0,0,0,0,0,0,0,31
202,1416,3.68182,243,100,39,0,0,0,0,0,0,0,0,27
203,1408,4.79032,297,100,29,0,0,0,0,0,0,0,0,33
204,1486,5.68421,324,100,21,0,0,0,0,0,0,0,0,36
205,1392,5.46429,306,100,22,0,0,0,0,0,0,0,0,34
206,1564,4.90909,324,100,30,0,0,0,0,0,0,0,0,36
207,1320,3.9375,252,100,36,0,0,0,0,0,0,0,0,28
208,1628,5.01639,306,100,27,0,0,0,0,0,0,0,0,34
209,1488,4.57895,261,100,28,0,0,0,0,0,0,0,0,29
210,1694,5.14286,324,100,27,0,0,0,0,0,0,0,0,36
211,1550,4.86885,297,100,28,0,0,0,0,0,0,0,0,33
212,1630,5.74138,333,100,21,0,0,0,0,0,0,0,0,37
213,1646,5.33898,315,100,24,0,0,0,0,0,0,0,0,35
214,1602,4.57377,279,100,30,0,0,0,0,0,0,0,0,31
215,1332,4.79365,302,100,29,0,0,0,0,1,0,0,0,33
216,1344,4.87097,302,100,28,0,0,0,0,1,0,0,0,33
217,1736,4.64516,288,100,30,0,0,0,0,0,0,0,0,32
218,1676,5.4,324,100,24,0,0,0,0,0,0,0,0,36
219,1616,5.43103,315,100,23,0,0,0,0,0,0,0,0,35
220,1804,5.89091,324,100,19,0,0,0,0,0,0,0,0,36
221,1614,5.85,351,100,21,0,0,0,0,0,0,0,0,39
222,1420,6.25424,369,100,18,0,0,0,0,0,0,0,0,41
223,1448,6.36207,369,100,17,0,0,0,0,0,0,0,0,41
224,1630,6.24194,387,100,19,0,0,0,0,0,0,0,0,43
225,1166,6.04918,369,100,20,0,0,0,0,0,0,0,0,41
226,1324,6.24194,387,100,19,0,0,0,0,0,0,0,0,43
227,1474,5.16393,315,100,26,0,0,0,0,0,0,0,0,35
228,1226,4.57895,261,100,28,0,0,0,0,0,0,0,0,29
229,1356,5.4,324,100,24,0,0,0,0,0,0,0,0,36
230,1498,5.45902,333,100,24,0,0,0,0,0,0,0,0,37
231,1604,5.26154,342,100,27,0,0,0,0,0,0,0,0,38
232,1330,4.8,288,100,28,0,0,0,0,0,0,0,0,32
233,1402,5.49153,324,100,23,0,0,0,0,0,0,0,0,36
234,1254,4.79032,297,100,29,0,0,0,0,0,0,0,0,33
235,1480,4.70769,306,100,31,0,0,0,0,0,0,0,0,34
236,1518,5.28571,333,100,26,0,0,0,0,0,0,0,0,37
237,1932,5.85714,369,100,22,0,0,0,0,0,0,0,0,41
238,1406,5.55,333,100,23,0,0,0,0,0,0,0,0,37
239,1776,5.42647,369,100,27,0,0,0,0,0,0,0,0,41
240,1408,5.20312,333,100,27,0,0,0,0,0,0,0,0,37
241,1582,4.92188,315,100,29,0,0,0,0,0,0,0,0,35
242,1610,4.86885,297,100,28,0,0,0,0,0,0,0,0,33
243,1354,4.57627,270,100,29,0,0,0,0,0,0,0,0,30
244,1670,4.57377,279,100,30,0,0,0,0,0,0,0,0,31
245,1414,3.50847,207,100,36,0,0,0,0,0,0,0,0,23
246,1378,3.62903,225,100,37,0,0,0,0,0,0,0,0,25
247,1470,3.9,234,100,34,0,0,0,0,0,0,0,0,26
248,1518,3.93651,248,100,35,0,0,0,0,1,0,0,0,27
249,1492,4.5,270,100,30,0,0,0,0,0,0,0,0,30
250,1248,3.72414,216,100,34,0,0,0,0,0,0,0,0,24
251,1570,3.9375,252,100,36,0,0,0,0,0,0,0,0,28
252,1496,3.27273,180,100,35,0,0,0,0,0,0,0,0,20
253,1554,4.5,252,100,28,0,0,0,0,0,0,0,0,28
254,1704,4.42623,270,100,31,0,0,0,0,0,0,0,0,30
255,1472,4.29032,266,100,32,0,0,0,0,1,0,0,0,29
256,1362,4.27869,261,100,32,0,0,0,0,0,0,0,0,29
257,1264,4.14286,261,100,34,0,0,0,0,0,0,0,0,29
258,1494,4.35938,279,100,33,0,0,0,0,0,0,0,0,31
259,1352,4.33333,260,100,31,0,0,0,0,0,0,0,1,28
260,1406,4,252,100,35,0,0,0,0,0,0,0,0,28
261,1402,4.13115,252,100,33,0,0,0,0,0,0,0,0,28
262,1392,4.06452,252,100,34,0,0,0,0,0,0,0,0,28
263,1394,4.35938,279,100,33,0,0,0,0,0,0,0,0,31
264,1358,4.01538,261,100,36,0,0,0,0,0,0,0,0,29
265,1366,4.20968,261,100,33,0,0,0,0,0,0,0,0,29
266,1306,4.5,270,100,30,0,0,0,0,0,0,0,0,30
267,1468,4.96552,288,100,26,0,0,0,0,0,0,0,0,32
268,1310,4.11475,251,100,33,0,0,0,0,0,0,0,1,27
269,1618,5.46429,306,100,22,0,0,0,0,0,0,0,0,34
270,1412,4.81034,279,100,27,0,0,0,0,0,0,0,0,31
271,1434,4.64062,297,100,31,0,0,0,0,0,0,0,0,33
272,1394,4,252,100,35,0,0,0,0,0,0,0,0,28
273,1436,4.14286,261,100,34,0,0,0,0,0,0,0,0,29
274,1250,4.01538,261,100,36,0,0,0,0,0,0,0,0,29
275,1234,4.27869,261,100,32,0,0,0,0,0,0,0,0,29
276,1410,4.21875,270,100,34,0,0,0,0,0,0,0,0,30
277,1484,4.42623,270,100,31,0,0,0,0,0,0,0,0,30
278,1508,4.42105,252,100,29,0,0,0,0,0,0,0,0,28
279,1534,4.86885,297,100,28,0,0,0,0,0,0,0,0,33
280,1726,4.35,261,100,31,0,0,0,0,0,0,0,0,29
281,1782,4.42373,261,100,30,0,0,0,0,0,0,0,0,29
282,1642,4.66071,261,100,27,0,0,0,0,0,0,0,0,29
283,1656,4.42623,270,100,31,0,0,0,0,0,0,0,0,30
284,1844,4.13115,252,100,33,0,0,0,0,0,0,0,0,28
285,1868,4.35,261,100,31,0,0,0,0,0,0,0,0,29
286,1850,4.5,270,100,30,0,0,0,0,0,0,0,0,30
287,2008,4.58065,284,100,30,0,0,0,0,1,0,0,0,31
288,1928,4.43103,257,100,29,0,0,0,0,1,0,0,0,28
289,1558,5.46154,284,100,20,0,0,0,0,1,0,0,0,31
290,1528,4.41818,243,100,28,0,0,0,0,0,0,0,0,27
291,1706,5.21053,297,100,24,0,0,0,0,0,0,0,0,33
292,1850,5.625,315,100,21,0,0,0,0,0,0,0,0,35
293,1682,4.58824,234,100,25,0,0,0,0,0,0,0,0,26
294,2070,4.72881,279,100,28,0,0,0,0,0,0,0,0,31
295,2292,4.42373,261,100,30,0,0,0,0,0,0,0,0,29
296,2218,4.57627,270,100,29,0,0,0,0,0,0,0,0,30
297,2542,4.42857,279,100,32,0,0,0,0,0,0,0,0,31
298,1792,4.35,261,100,31,0,0,0,0,0,0,0,0,29
299,1686,3.72414,216,100,34,0,0,0,0,0,0,0,0,24
300,1708,3.66102,216,100,35,0,0,0,0,0,0,0,0,24
301,1600,4.5,270,100,30,0,0,0,0,0,0,0,0,30
302,1730,4.5,252,100,28,0,0,0,0,0,0,0,0,28
303,1882,4.81034,279,100,27,0,0,0,0,0,0,0,0,31
304,1190,4.33333,234,100,28,0,0,0,0,0,0,0,0,26
305,1484,4.01786,225,100,31,0,0,0,0,0,0,0,0,25
306,1514,5.0339,297,100,26,0,0,0,0,0,0,0,0,33
307,1394,4.57377,279,100,30,0,0,0,0,0,0,0,0,31
308,1544,4.57143,288,100,31,0,0,0,0,0,0,0,0,32
309,1476,4.98246,284,100,25,0,0,0,0,1,0,0,0,31
310,1632,4.81034,279,100,27,0,0,0,0,0,0,0,0,31
311,1818,5.46429,306,100,22,0,0,0,0,0,0,0,0,34
312,1802,5.14286,288,100,24,0,0,0,0,0,0,0,0,32
313,1814,4.73684,270,100,27,0,0,0,0,0,0,0,0,30
314,1692,5.29412,270,100,21,0,0,0,0,0,0,0,0,30
315,1680,5.07273,279,100,24,0,0,0,0,0,0,0,0,31
316,1644,5.12069,297,100,25,0,0,0,0,0,0,0,0,33
317,1086,3.98361,243,100,34,0,0,0,0,0,0,0,0,27
318,1094,2.90323,180,100,42,0,0,0,0,0,0,0,0,20
319,1224,3.65625,234,100,38,0,0,0,0,0,0,0,0,26
320,1282,3.08955,207,100,44,0,0,0,0,0,0,0,0,23
321,1328,3.76119,252,100,39,0,0,0,0,0,0,0,0,28
322,1414,4.5,288,100,32,0,0,0,0,0,0,0,0,32
323,1464,5.16393,315,100,26,0,0,0,0,0,0,0,0,35
324,1208,4.57377,279,100,30,0,0,0,0,0,0,0,0,31
325,1386,5.18182,342,100,28,0,0,0,0,0,0,0,0,38
326,1316,5.45455,360,100,26,0,0,0,0,0,0,0,0,40
327,1218,4.77273,315,100,31,0,0,0,0,0,0,0,0,35
328,1110,4.92188,315,100,29,0,0,0,0,0,0,0,0,35
329,1190,4.11429,288,100,38,0,0,0,0,0,0,0,0,32
330,1110,4.15385,270,100,35,0,0,0,0,0,0,0,0,30
331,1166,4.11429,288,100,38,0,0,0,0,0,0,0,0,32
332,1262,3.98361,243,100,34,0,0,0,0,0,0,0,0,27
333,1408,4.5,270,100,30,0,0,0,0,0,0,0,0,30
334,1402,5.45902,333,100,24,0,0,0,0,0,0,0,0,37
335,1302,5.14286,288,100,24,0,0,0,0,0,0,0,0,32
336,1622,5.85,351,100,21,0,0,0,0,0,0,0,0,39
337,1372,5.58621,324,100,22,0,0,0,0,0,0,0,0,36
338,1446,4.79032,297,100,29,0,0,0,0,0,0,0,0,33
339,1270,5.18644,306,100,25,0,0,0,0,0,0,0,0,34
340,1426,5.27586,306,100,24,0,0,0,0,0,0,0,0,34
341,1410,5.01639,306,100,27,0,0,0,0,0,0,0,0,34
342,1488,5.21053,297,100,24,0,0,0,0,0,0,0,0,33
343,1684,5.58621,324,100,22,0,0,0,0,0,0,0,0,36
344,1442,5.58621,324,100,22,0,0,0,0,0,0,0,0,36
345,1524,4.72881,279,100,28,0,0,0,0,0,0,0,0,31
346,1266,4.42857,279,100,32,0,0,0,0,0,0,0,0,31
347,1248,4.63636,306,100,32,0,0,0,0,0,0,0,0,34
348,1318,4.43077,288,100,33,0,0,0,0,0,0,0,0,32
349,1056,4.42623,270,100,31,0,0,0,0,0,0,0,0,30
350,982,4.64062,297,100,31,0,0,0,0,0,0,0,0,33
351,860,3.51562,225,100,39,0,0,0,0,0,0,0,0,25
352,1112,3.89552,261,100,38,0,0,0,0,0,0,0,0,29
353,1112,3.73846,243,100,38,0,0,0,0,0,0,0,0,27
354,1058,3.79688,243,100,37,0,0,0,0,0,0,0,0,27
355,1132,4,252,100,35,0,0,0,0,0,0,0,0,28
356,1316,4.35484,270,100,32,0,0,0,0,0,0,0,0,30
357,1828,4.66071,261,100,27,0,0,0,0,0,0,0,0,29
358,1648,4.58929,257,100,27,0,0,0,0,1,0,0,0,28
359,1808,5.51724,320,100,22,0,0,0,0,1,0,0,0,35
360,2084,4.98246,284,100,25,0,0,0,0,1,0,0,0,31
361,1478,5.36538,279,100,21,0,0,0,0,0,0,0,0,31
362,1562,5.82353,297,100,18,0,0,0,0,0,0,0,0,33
363,2066,5.56364,306,100,21,0,0,0,0,0,0,0,0,34
364,2318,5.4,297,100,22,0,0,0,0,0,0,0,0,33
365,2440,5.16667,279,100,23,0,0,0,0,0,0,0,0,31
366,2140,5.52632,315,100,22,0,0,0,0,0,0,0,0,35
367,2448,5.68421,324,100,21,0,0,0,0,0,0,0,0,36
368,1870,5.18644,306,100,25,0,0,0,0,0,0,0,0,34
369,2520,5.60656,342,100,23,0,0,0,0,0,0,0,0,38
370,2604,5.12069,297,100,25,0,0,0,0,0,0,0,0,33
371,2636,5.68421,324,100,21,0,0,0,0,0,0,0,0,36
372,1680,5.33333,288,100,22,0,0,0,0,0,0,0,0,32
373,1478,5.9434,315,100,18,0,0,0,0,0,0,0,0,35
374,1226,5.77358,306,100,19,0,0,0,0,0,0,0,0,34
375,1102,4.98214,279,100,25,0,0,0,0,0,0,0,0,31
376,1304,4.64516,288,100,30,0,0,0,0,0,0,0,0,32
377,1542,5.33898,315,100,24,0,0,0,0,0,0,0,0,35
378,1448,4.5,252,100,28,0,0,0,0,0,0,0,0,28
379,1686,4.95,297,100,27,0,0,0,0,0,0,0,0,33
380,1442,5.65455,311,100,20,0,0,0,0,1,0,0,0,34
381,1476,5.98182,329,100,18,0,0,0,0,1,0,0,0,36
382,1708,5.625,315,100,21,0,0,0,0,0,0,0,0,35
383,1498,4.81034,279,100,27,0,0,0,0,0,0,0,0,31
384,1646,4.81034,279,100,27,0,0,0,0,0,0,0,0,31
385,1432,4.81034,279,100,27,0,0,0,0,0,0,0,0,31
386,1326,5.21053,297,100,24,0,0,0,0,0,0,0,0,33
387,1604,5.14286,324,100,27,0,0,0,0,0,0,0,0,36
388,1304,4.93548,306,100,28,0,0,0,0,0,0,0,0,34
389,1590,5.08065,315,100,27,0,0,0,0,0,0,0,0,35
390,1268,4.42105,252,100,29,0,0,0,0,0,0,0,0,28
391,1386,4.92188,315,100,29,0,0,0,0,0,0,0,0,35
392,1672,5.12308,333,100,28,0,0,0,0,0,0,0,0,37
393,1764,5.0625,324,100,28,0,0,0,0,0,0,0,0,36
394,1588,4.95,297,100,27,0,0,0,0,0,0,0,0,33
395,1614,6,342,100,19,0,0,0,0,0,0,0,0,38
396,1312,4.5,270,100,30,0,0,0,0,0,0,0,0,30
397,1334,5.12069,297,100,25,0,0,0,0,0,0,0,0,33
398,1610,5.7541,351,100,22,0,0,0,0,0,0,0,0,39
399,1538,4.57377,279,100,30,0,0,0,0,0,0,0,0,31
400,1678,4.42373,261,100,30,0,0,0,0,0,0,0,0,29
401,1218,4.42373,261,100,30,0,0,0,0,0,0,0,0,29
402,1168,4.2,252,100,32,0,0,0,0,0,0,0,0,28
403,1208,3.66102,216,100,35,0,0,0,0,0,0,0,0,24
404,1262,3.9661,234,100,33,0,0,0,0,0,0,0,0,26
405,1484,5.12069,297,100,25,0,0,0,0,0,0,0,0,33
406,1376,4.73684,270,100,27,0,0,0,0,0,0,0,0,30
407,1218,4.98214,279,100,25,0,0,0,0,0,0,0,0,31
408,1408,5.58621,324,100,22,0,0,0,0,0,0,0,0,36
409,1554,5.16393,315,100,26,0,0,0,0,0,0,0,0,35
410,1440,4.96552,288,100,26,0,0,0,0,0,0,0,0,32
411,1566,5.7541,351,100,22,0,0,0,0,0,0,0,0,39
412,1398,5.18644,306,100,25,0,0,0,0,0,0,0,0,34
413,1416,4.82143,270,100,26,0,0,0,0,0,0,0,0,30
414,1628,5.12069,297,100,25,0,0,0,0,0,0,0,0,33
415,1468,5.12069,297,100,25,0,0,0,0,0,0,0,0,33
416,1288,4.26316,243,100,30,0,0,0,0,0,0,0,0,27
417,1284,4.07273,224,100,30,0,0,0,0,0,0,0,1,24
418,1344,4.24528,225,100,28,0,0,0,0,0,0,0,0,25
419,1444,4.5,270,100,30,0,0,0,0,0,0,0,0,30
420,1248,3.66102,216,100,35,0,0,0,0,0,0,0,0,24
421,1116,3.65625,234,100,38,0,0,0,0,0,0,0,0,26
422,1264,3.91935,243,100,35,0,0,0,0,0,0,0,0,27
423,1250,3.79688,243,100,37,0,0,0,0,0,0,0,0,27
424,1402,3.79688,243,100,37,0,0,0,0,0,0,0,0,27
425,1136,3.85484,239,100,35,0,0,0,0,1,0,0,0,26
426,1154,3.67188,235,100,37,0,0,0,0,2,0,0,0,25
427,1154,3.83333,230,100,34,0,0,0,0,1,0,0,0,25
428,1256,4.06557,248,100,33,0,0,0,0,1,0,0,0,27
429,1118,3.23333,194,100,38,0,0,0,0,1,0,0,0,21
430,1196,3.38333,203,100,37,0,0,0,0,1,0,0,0,22
431,1360,3.89831,230,100,33,0,0,0,0,1,0,0,0,25
432,1510,4.27869,261,100,32,0,0,0,0,0,0,0,0,29
433,1356,4.34483,252,100,30,0,0,0,0,0,0,0,0,28
434,1364,5.21053,297,100,24,0,0,0,0,0,0,0,0,33
435,1202,4.41818,243,100,28,0,0,0,0,0,0,0,0,27
436,1304,5.4,297,100,22,0,0,0,0,0,0,0,0,33
437,1304,5.71429,320,100,20,0,0,0,0,1,0,0,0,35
438,1282,5.60377,297,100,20,0,0,0,0,0,0,0,0,33
439,1516,5.53333,332,100,23,0,0,0,0,0,0,0,1,36
440,1370,4.40678,260,100,30,0,0,0,0,0,0,0,1,28
441,1448,4.63333,278,100,29,0,0,0,0,0,0,0,1,30
442,1274,4.32143,242,100,29,0,0,0,0,0,0,0,1,26
443,1404,5.56897,323,100,22,0,0,0,0,0,0,0,1,35
444,1596,4.18966,243,100,31,0,0,0,0,0,0,0,0,27
445,1526,4.25455,234,100,29,0,0,0,0,0,0,0,0,26
446,1368,5.30357,297,100,23,0,0,0,0,0,0,0,0,33
447,1388,4.58182,252,100,27,0,0,0,0,0,0,0,0,28
448,1250,4.73684,270,100,27,0,0,0,0,0,0,0,0,30
449,1398,5.05263,288,100,25,0,0,0,0,0,0,0,0,32
450,1440,5.18644,306,100,25,0,0,0,0,0,0,0,0,34
451,1366,4.75472,252,100,25,0,0,0,0,0,0,0,0,28
452,1432,4.72881,279,100,28,0,0,0,0,0,0,0,0,31
453,1318,5.09434,270,100,23,0,0,0,0,0,0,0,0,30
454,1712,5.84211,333,100,20,0,0,0,0,0,0,0,0,37
455,1632,6.05455,333,100,18,0,0,0,0,0,0,0,0,37
456,1552,5.72727,315,100,20,0,0,0,0,0,0,0,0,35
457,1356,5.43396,288,100,21,0,0,0,0,0,0,0,0,32
458,1542,4.79032,297,100,29,0,0,0,0,0,0,0,0,33
459,1562,5.64407,333,100,22,0,0,0,0,0,0,0,0,37
460,1616,5.52632,315,100,22,0,0,0,0,0,0,0,0,35
461,1464,6.10714,342,100,18,0,0,0,0,0,0,0,0,38
462,1378,5.83333,315,100,19,0,0,0,0,0,0,0,0,35
463,1764,6.58929,369,100,15,0,0,0,0,0,0,0,0,41
464,1638,6.3,315,100,15,0,0,0,0,0,0,0,0,35
465,1596,6.11321,324,100,17,0,0,0,0,0,0,0,0,36
466,1542,5.4,297,100,22,0,0,0,0,0,0,0,0,33
467,1834,5.45902,333,100,24,0,0,0,0,0,0,0,0,37
468,1738,4.8,288,100,28,0,0,0,0,0,0,0,0,32
469,1684,4.71429,297,100,30,0,0,0,0,0,0,0,0,33
470,1550,4.89474,279,100,26,0,0,0,0,0,0,0,0,31
471,1238,4.98214,279,100,25,0,0,0,0,0,0,0,0,31
472,1628,5.27586,306,100,24,0,0,0,0,0,0,0,0,34
473,1418,5.36842,306,100,23,0,0,0,0,0,0,0,0,34
474,1568,5.84211,333,100,20,0,0,0,0,0,0,0,0,37
475,1406,4.72881,279,100,28,0,0,0,0,0,0,0,0,31
476,1682,4.64516,288,100,30,0,0,0,0,0,0,0,0,32
477,1660,4.24561,242,100,30,0,0,0,0,0,0,0,1,26
478,2050,5.85,351,100,21,0,0,0,0,0,0,0,0,39
479,1682,6.36207,369,100,17,0,0,0,0,0,0,0,0,41
480,1650,5.52632,315,100,22,0,0,0,0,0,0,0,0,35
481,1314,5.26415,279,100,22,0,0,0,0,0,0,0,0,31
482,1416,5.52632,315,100,22,0,0,0,0,0,0,0,0,35
483,1424,5.45902,333,100,24,0,0,0,0,0,0,0,0,37
484,1142,4.27869,261,100,32,0,0,0,0,0,0,0,0,29
485,1156,4.8,288,100,28,0,0,0,0,0,0,0,0,32
486,1298,5.01639,306,100,27,0,0,0,0,0,0,0,0,34
487,1258,5.05263,288,100,25,0,0,0,0,0,0,0,0,32
488,1332,5.1,306,100,26,0,0,0,0,0,0,0,0,34
489,1214,5.64407,333,100,22,0,0,0,0,0,0,0,0,37
490,1436,5.64407,333,100,22,0,0,0,0,0,0,0,0,37
491,1420,5.625,315,100,21,0,0,0,0,0,0,0,0,35
492,1602,6.05172,351,100,19,0,0,0,0,0,0,0,0,39
493,1660,6,342,100,19,0,0,0,0,0,0,0,0,38
494,1172,5.07273,279,100,24,0,0,0,0,0,0,0,0,31
495,1362,4.5,279,100,31,0,0,0,0,0,0,0,0,31
496,1210,4.5,261,100,29,0,0,0,0,0,0,0,0,29
497,1372,4.72881,279,100,28,0,0,0,0,0,0,0,0,31
498,1156,3.9661,234,100,33,0,0,0,0,0,0,0,0,26
499,1510,5.0339,297,100,26,0,0,0,0,0,0,0,0,33
500,1302,5.56364,306,100,21,0,0,0,0,0,0,0,0,34
501,1266,4.66071,261,100,27,0,0,0,0,0,0,0,0,29
502,1342,5.07273,279,100,24,0,0,0,0,0,0,0,0,31
503,1332,4.5,252,100,28,0,0,0,0,0,0,0,0,28
504,1550,5.64407,333,100,22,0,0,0,0,0,0,0,0,37
505,1296,4.58182,252,100,27,0,0,0,0,0,0,0,0,28
506,1508,5.56364,306,100,21,0,0,0,0,0,0,0,0,34
507,1456,4.84615,252,100,24,0,0,0,0,0,0,0,0,28
508,1462,5.94,297,100,17,0,0,0,0,0,0,0,0,33
509,1250,5.26415,279,100,22,0,0,0,0,0,0,0,0,31
510,1150,4.57895,261,100,28,0,0,0,0,0,0,0,0,29
511,1438,5.49153,324,100,23,0,0,0,0,0,0,0,0,36
512,1178,5.30357,297,100,23,0,0,0,0,0,0,0,0,33
513,1368,5.66667,306,100,20,0,0,0,0,0,0,0,0,34
514,1388,4.98214,279,100,25,0,0,0,0,0,0,0,0,31
515,1452,5.27586,306,100,24,0,0,0,0,0,0,0,0,34
516,1340,4.42373,261,100,30,0,0,0,0,0,0,0,0,29
517,1252,5.14286,288,100,24,0,0,0,0,0,0,0,0,32
518,1516,5.43103,315,100,23,0,0,0,0,0,0,0,0,35
519,1392,5.01639,306,100,27,0,0,0,0,0,0,0,0,34
520,1618,4.93548,306,100,28,0,0,0,0,0,0,0,0,34
521,1784,5.01639,306,100,27,0,0,0,0,0,0,0,0,34
522,1944,5.12069,297,100,25,0,0,0,0,0,0,0,0,33
523,1710,5.27586,306,100,24,0,0,0,0,0,0,0,0,34
524,1516,4.73684,270,100,27,0,0,0,0,0,0,0,0,30
525,1648,6.21818,342,100,17,0,0,0,0,0,0,0,0,38
526,1532,4.34483,252,100,30,0,0,0,0,0,0,0,0,28
527,1586,5.12069,297,100,25,0,0,0,0,0,0,0,0,33
528,1280,4.81034,279,100,27,0,0,0,0,0,0,0,0,31
529,1348,4.74545,261,100,26,0,0,0,0,0,0,0,0,29
530,1440,5.30357,297,100,23,0,0,0,0,0,0,0,0,33
531,1418,5.27586,306,100,24,0,0,0,0,0,0,0,0,34
532,1456,4.89474,279,100,26,0,0,0,0,0,0,0,0,31
533,1380,5.1,306,100,26,0,0,0,0,0,0,0,0,34
534,1140,3.65625,234,100,38,0,0,0,0,0,0,0,0,26
535,1270,4.88136,288,100,27,0,0,0,0,0,0,0,0,32
536,1242,3.48387,216,100,38,0,0,0,0,0,0,0,0,24
537,1270,4.2,252,100,32,0,0,0,0,0,0,0,0,28
538,1182,4.13115,252,100,33,0,0,0,0,0,0,0,0,28
539,1366,4.78125,306,100,30,0,0,0,0,0,0,0,0,34
540,1328,3.85714,243,100,36,0,0,0,0,0,0,0,0,27
541,1418,4.15385,270,100,35,0,0,0,0,0,0,0,0,30
542,1268,4.72881,279,100,28,0,0,0,0,0,0,0,0,31
543,1454,5.0625,324,100,28,0,0,0,0,0,0,0,0,36
544,1194,4.40678,260,100,30,0,0,0,0,0,0,0,1,28
545,1532,4.48529,305,100,34,0,0,0,0,0,0,0,1,33
546,1442,3.89552,261,100,38,0,0,0,0,0,0,0,0,29
547,1184,4,252,100,35,0,0,0,0,0,0,0,0,28
548,1294,4.21875,270,100,34,0,0,0,0,0,0,0,0,30
549,1336,3.89552,261,100,38,0,0,0,0,0,0,0,0,29
550,1412,4.43077,288,100,33,0,0,0,0,0,0,0,0,32
551,1384,4.16418,279,100,36,0,0,0,0,0,0,0,0,31
552,1352,4.42857,279,100,32,0,0,0,0,0,0,0,0,31
553,1470,3.44118,234,100,42,0,0,0,0,0,0,0,0,26
554,1872,4.70769,306,100,31,0,0,0,0,0,0,0,0,34
555,2226,4.35484,270,100,32,0,0,0,0,0,0,0,0,30
556,2060,4.05,243,100,33,0,0,0,0,0,0,0,0,27
557,2392,4.42373,261,100,30,0,0,0,0,0,0,0,0,29
558,2274,5,315,100,28,0,0,0,0,0,0,0,0,35
559,1346,4.2,252,100,32,0,0,0,0,0,0,0,0,28
560,1628,5.12069,297,100,25,0,0,0,0,0,0,0,0,33
561,1596,5.05263,288,100,25,0,0,0,0,0,0,0,0,32
562,1846,4.26316,243,100,30,0,0,0,0,0,0,0,0,27
563,2220,5.84211,333,100,20,0,0,0,0,0,0,0,0,37
564,1220,5.01923,261,100,23,0,0,0,0,0,0,0,0,29
565,1430,5.14286,288,100,24,0,0,0,0,0,0,0,0,32
566,1716,5.52632,315,100,22,0,0,0,0,0,0,0,0,35
567,1428,4.57627,270,100,29,0,0,0,0,0,0,0,0,30
568,1446,4.72881,279,100,28,0,0,0,0,0,0,0,0,31
569,1612,4.5,261,100,29,0,0,0,0,0,0,0,0,29
570,1388,4.72881,279,100,28,0,0,0,0,0,0,0,0,31
571,1610,5.33898,315,100,24,0,0,0,0,0,0,0,0,35
572,1642,4.65,279,100,29,0,0,0,0,0,0,0,0,31
573,1812,4.64615,302,100,31,0,0,0,0,1,0,0,0,33
574,1420,4.86885,297,100,28,0,0,0,0,0,0,0,0,33
575,1434,5.25,315,100,25,0,0,0,0,0,0,0,0,35
576,1228,4.88136,288,100,27,0,0,0,0,0,0,0,0,32
577,1388,5.27586,306,100,24,0,0,0,0,0,0,0,0,34
578,1214,5.64407,333,100,22,0,0,0,0,0,0,0,0,37
579,934,4.92453,261,100,24,0,0,0,0,0,0,0,0,29
580,946,4.74545,261,100,26,0,0,0,0,0,0,0,0,29
581,1316,5.18644,306,100,25,0,0,0,0,0,0,0,0,34
582,1290,5.625,315,100,21,0,0,0,0,0,0,0,0,35
583,1146,5.94643,333,100,19,0,0,0,0,0,0,0,0,37
584,1144,5.1,306,100,26,0,0,0,0,0,0,0,0,34
585,1450,5.94915,351,100,20,0,0,0,0,0,0,0,0,39
586,1312,4.5,288,100,32,0,0,0,0,0,0,0,0,32
587,1434,4.64062,297,100,31,0,0,0,0,0,0,0,0,33
588,1204,5.01639,306,100,27,0,0,0,0,0,0,0,0,34
589,1376,4.72131,288,100,29,0,0,0,0,0,0,0,0,32
590,1288,4.34483,252,100,30,0,0,0,0,0,0,0,0,28
591,1378,4.96552,288,100,26,0,0,0,0,0,0,0,0,32
592,1452,4.42373,261,100,30,0,0,0,0,0,0,0,0,29
593,1770,6,342,100,19,0,0,0,0,0,0,0,0,38
594,1714,5.79661,342,100,21,0,0,0,0,0,0,0,0,38
595,1828,5.625,315,100,21,0,0,0,0,0,0,0,0,35
596,1892,5.36842,306,100,23,0,0,0,0,0,0,0,0,34
597,2040,5.36842,306,100,23,0,0,0,0,0,0,0,0,34
598,1954,5.43103,315,100,23,0,0,0,0,0,0,0,0,35
599,1584,5.25,315,100,25,0,0,0,0,0,0,0,0,35
600,1488,4.73684,270,100,27,0,0,0,0,0,0,0,0,30
601,1488,4.72881,279,100,28,0,0,0,0,0,0,0,0,31
602,1282,4.35,261,100,31,0,0,0,0,0,0,0,0,29
603,1466,4.70149,315,100,32,0,0,0,0,0,0,0,0,35
604,1128,4.93548,306,100,28,0,0,0,0,0,0,0,0,34
605,1288,5.12308,333,100,28,0,0,0,0,0,0,0,0,37
606,1398,5.28571,333,100,26,0,0,0,0,0,0,0,0,37
607,1168,4.13115,252,100,33,0,0,0,0,0,0,0,0,28
608,1102,3.9661,234,100,33,0,0,0,0,0,0,0,0,26
609,1294,4.26316,243,100,30,0,0,0,0,0,0,0,0,27
610,1410,4.35,261,100,31,0,0,0,0,0,0,0,0,29
611,1560,4.96552,288,100,26,0,0,0,0,0,0,0,0,32
612,1804,4.85714,306,100,29,0,0,0,0,0,0,0,0,34
613,1702,5.1,306,100,26,0,0,0,0,0,0,0,0,34
614,1776,5.21053,297,100,24,0,0,0,0,0,0,0,0,33
615,1622,5.29412,270,100,21,0,0,0,0,0,0,0,0,30
616,1442,4.98214,279,100,25,0,0,0,0,0,0,0,0,31
617,1678,5.58621,324,100,22,0,0,0,0,0,0,0,0,36
618,1360,5.05263,288,100,25,0,0,0,0,0,0,0,0,32
619,1608,5.43103,315,100,23,0,0,0,0,0,0,0,0,35
620,1556,5.30357,297,100,23,0,0,0,0,0,0,0,0,33
621,1824,4.86885,297,100,28,0,0,0,0,0,0,0,0,33
622,1362,4.96552,288,100,26,0,0,0,0,0,0,0,0,32
623,1364,4.90909,270,100,25,0,0,0,0,0,0,0,0,30
624,1656,5.31148,324,100,25,0,0,0,0,0,0,0,0,36
625,1824,5.64407,333,100,22,0,0,0,0,0,0,0,0,37
626,1618,5.94643,333,100,19,0,0,0,0,0,0,0,0,37
627,1630,5.89655,342,100,20,0,0,0,0,0,0,0,0,38
628,1096,4.90909,270,100,25,0,0,0,0,0,0,0,0,30
629,1636,6.1875,396,100,20,0,0,0,0,0,0,0,0,44
630,1342,5.0339,297,100,26,0,0,0,0,0,0,0,0,33
631,1422,5.23636,288,100,23,0,0,0,0,0,0,0,0,32
632,1238,5.0339,297,100,26,0,0,0,0,0,0,0,0,33
633,1402,4.86885,297,100,28,0,0,0,0,0,0,0,0,33
634,1486,5.0339,297,100,26,0,0,0,0,0,0,0,0,33
635,1456,4.88136,288,100,27,0,0,0,0,0,0,0,0,32
636,1526,4.79032,297,100,29,0,0,0,0,0,0,0,0,33
637,1566,4.72131,288,100,29,0,0,0,0,0,0,0,0,32
638,1596,5.27586,306,100,24,0,0,0,0,0,0,0,0,34
639,1324,4.96552,288,100,26,0,0,0,0,0,0,0,0,32
640,1798,5.33898,315,100,24,0,0,0,0,0,0,0,0,35
641,1508,4.89474,279,100,26,0,0,0,0,0,0,0,0,31
642,1394,4.79032,297,100,29,0,0,0,0,0,0,0,0,33
643,1710,5.68852,347,100,22,0,0,0,0,1,0,0,0,38
644,1654,4.5,297,100,33,0,0,0,0,0,0,0,0,33
645,1808,4.64516,288,100,30,0,0,0,0,0,0,0,0,32
646,1580,4.98214,279,100,25,0,0,0,0,0,0,0,0,31
647,1958,5,315,100,28,0,0,0,0,0,0,0,0,35
648,1786,3.75,225,100,35,0,0,0,0,0,0,0,0,25
649,1898,5.01639,306,100,27,0,0,0,0,0,0,0,0,34
650,1944,4.64062,297,100,31,0,0,0,0,0,0,0,0,33
651,1806,4.96552,288,100,26,0,0,0,0,0,0,0,0,32
652,1698,5.66667,306,100,20,0,0,0,0,0,0,0,0,34
653,1742,4.92453,261,100,24,0,0,0,0,0,0,0,0,29
654,1746,5.89091,324,100,19,0,0,0,0,0,0,0,0,36
655,1764,5.74138,333,100,21,0,0,0,0,0,0,0,0,37
656,1888,6.2069,360,100,18,0,0,0,0,0,0,0,0,40
657,1846,4.98214,279,100,25,0,0,0,0,0,0,0,0,31
658,1814,4.65,279,100,29,0,0,0,0,0,0,0,0,31
659,1998,4.89474,279,100,26,0,0,0,0,0,0,0,0,31
660,2206,5.21053,297,100,24,0,0,0,0,0,0,0,0,33
661,2232,5.77358,306,100,19,0,0,0,0,0,0,0,0,34
662,2292,6,342,100,19,0,0,0,0,0,0,0,0,38
663,2232,5.71154,297,100,19,0,0,0,0,0,0,0,0,33
664,2548,5.84211,333,100,20,0,0,0,0,0,0,0,0,37
665,1930,4.72131,288,100,29,0,0,0,0,0,0,0,0,32
666,2030,5,315,100,28,0,0,0,0,0,0,0,0,35
667,2218,5.45902,333,100,24,0,0,0,0,0,0,0,0,37
668,1372,4.5,306,100,34,0,0,0,0,0,0,0,0,34
669,1676,4.64062,297,100,31,0,0,0,0,0,0,0,0,33
670,2012,5.0625,324,100,28,0,0,0,0,0,0,0,0,36
671,2030,5.28571,333,100,26,0,0,0,0,0,0,0,0,37
672,1940,5.0339,297,100,26,0,0,0,0,0,0,0,0,33
673,1850,4.88136,288,100,27,0,0,0,0,0,0,0,0,32
674,1692,4.2,252,100,32,0,0,0,0,0,0,0,0,28
675,1912,4,252,100,35,0,0,0,0,0,0,0,0,28
676,2312,4.35,261,100,31,0,0,0,0,0,0,0,0,29
677,2534,4.27119,252,100,31,0,0,0,0,0,0,0,0,28
678,2414,4.5,261,100,29,0,0,0,0,0,0,0,0,29
679,2110,4.01786,225,100,31,0,0,0,0,0,0,0,0,25
680,1814,4.5,252,100,28,0,0,0,0,0,0,0,0,28
681,1486,4.57627,270,100,29,0,0,0,0,0,0,0,0,30
682,1650,4.35,261,100,31,0,0,0,0,0,0,0,0,29
683,2020,4.57627,270,100,29,0,0,0,0,0,0,0,0,30
684,2298,4.72881,279,100,28,0,0,0,0,0,0,0,0,31
685,2404,5.58621,324,100,22,0,0,0,0,0,0,0,0,36
686,2562,5.43103,315,100,23,0,0,0,0,0,0,0,0,35
687,1866,5.21053,297,100,24,0,0,0,0,0,0,0,0,33
688,1676,5.72727,315,100,20,0,0,0,0,0,0,0,0,35
689,1900,6.54545,360,100,15,0,0,0,0,0,0,0,0,40
690,2140,6.26786,351,100,17,0,0,0,0,0,0,0,0,39
691,2500,6.04688,387,100,21,0,0,0,0,0,0,0,0,43
692,2238,5.89091,324,100,19,0,0,0,0,0,0,0,0,36
693,1950,6.47368,369,100,16,0,0,0,0,0,0,0,0,41
694,2292,5.94643,333,100,19,0,0,0,0,0,0,0,0,37
695,2678,5.64407,333,100,22,0,0,0,0,0,0,0,0,37
696,3296,6.45283,342,100,15,0,0,0,0,0,0,0,0,38
697,3308,5.78571,324,100,20,0,0,0,0,0,0,0,0,36
698,3796,5.81481,314,100,19,0,0,0,0,0,0,0,1,34
699,3768,5.54545,305,100,21,0,0,0,0,0,0,0,1,33
700,3368,6.21818,342,100,17,0,0,0,0,0,0,0,0,38
701,2790,6,342,100,19,0,0,0,0,0,0,0,0,38
702,2908,5.43103,315,100,23,0,0,0,0,0,0,0,0,35
703,2686,5.84211,333,100,20,0,0,0,0,0,0,0,0,37
704,3190,5.46429,306,100,22,0,0,0,0,0,0,0,0,34
705,3592,5.89655,342,100,20,0,0,0,0,0,0,0,0,38
706,2716,5.27586,306,100,24,0,0,0,0,0,0,0,0,34
707,2900,5.5,297,100,21,0,0,0,0,0,0,0,0,33
708,2606,5.64407,333,100,22,0,0,0,0,0,0,0,0,37
709,3158,5.27586,306,100,24,0,0,0,0,0,0,0,0,34
710,2494,5.88462,306,100,18,0,0,0,0,0,0,0,0,34
711,2596,6.42857,360,100,16,0,0,0,0,0,0,0,0,40
712,3032,5.43103,315,100,23,0,0,0,0,0,0,0,0,35
713,2328,4.84615,252,100,24,0,0,0,0,0,0,0,0,28
714,2740,5.43103,315,100,23,0,0,0,0,0,0,0,0,35
715,2986,5.5,341,100,24,0,0,0,0,0,0,0,1,37
716,2720,4.25455,234,100,29,0,0,0,0,0,0,0,0,26
717,2370,5.85714,369,100,22,0,0,0,0,0,0,0,0,41
718,2314,4.72881,279,100,28,0,0,0,0,0,0,0,0,31
719,2222,4.5,261,100,29,0,0,0,0,0,0,0,0,29
720,2704,4.93548,306,100,28,0,0,0,0,0,0,0,0,34
721,2726,5.66667,306,100,20,0,0,0,0,0,0,0,0,34
722,1656,4.82143,270,100,26,0,0,0,0,0,0,0,0,30
723,1652,5.12069,297,100,25,0,0,0,0,0,0,0,0,33
724,1752,4.70769,306,100,31,0,0,0,0,0,0,0,0,34
725,1740,4.65517,270,100,28,0,0,0,0,0,0,0,0,30
726,2024,6.05172,351,100,19,0,0,0,0,0,0,0,0,39
727,2366,6.04918,369,100,20,0,0,0,0,0,0,0,0,41
728,2408,5.12069,297,100,25,0,0,0,0,0,0,0,0,33
729,2110,4.65,279,100,29,0,0,0,0,0,0,0,0,31
730,1842,5.30357,297,100,23,0,0,0,0,0,0,0,0,33
731,1664,5.4,297,100,22,0,0,0,0,0,0,0,0,33
732,1704,4.90909,270,100,25,0,0,0,0,0,0,0,0,30
733,1814,5.25,315,100,25,0,0,0,0,0,0,0,0,35
734,1800,5.12069,297,100,25,0,0,0,0,0,0,0,0,33
735,2184,5.27586,306,100,24,0,0,0,0,0,0,0,0,34
736,2604,5.27586,306,100,24,0,0,0,0,0,0,0,0,34
737,2716,5.85,351,100,21,0,0,0,0,0,0,0,0,39
738,2260,4.66071,261,100,27,0,0,0,0,0,0,0,0,29
739,2468,5.05263,288,100,25,0,0,0,0,0,0,0,0,32
740,2560,4.81034,279,100,27,0,0,0,0,0,0,0,0,31
741,2726,5.79661,342,100,21,0,0,0,0,0,0,0,0,38
742,2852,5.23636,288,100,23,0,0,0,0,0,0,0,0,32
743,2926,5.52632,315,100,22,0,0,0,0,0,0,0,0,35
744,3228,5.01923,261,100,23,0,0,0,0,0,0,0,0,29
745,3680,5.07273,279,100,24,0,0,0,0,0,0,0,0,31
746,3092,5.16667,279,100,23,0,0,0,0,0,0,0,0,31
747,2802,5.36538,279,100,21,0,0,0,0,0,0,0,0,31
748,3316,5.72727,315,100,20,0,0,0,0,0,0,0,0,35
749,2324,5.68421,324,100,21,0,0,0,0,0,0,0,0,36
750,2156,4.72131,288,100,29,0,0,0,0,0,0,0,0,32
751,1846,4.16667,225,100,29,0,0,0,0,0,0,0,0,25
752,2090,4.5,288,100,32,0,0,0,0,0,0,0,0,32
753,2310,4.81034,279,100,27,0,0,0,0,0,0,0,0,31
754,2382,4.41818,243,100,28,0,0,0,0,0,0,0,0,27
755,3032,5.18644,306,100,25,0,0,0,0,0,0,0,0,34
756,2312,4.73684,270,100,27,0,0,0,0,0,0,0,0,30
757,2434,4.73684,270,100,27,0,0,0,0,0,0,0,0,30
758,2588,5.01639,306,100,27,0,0,0,0,0,0,0,0,34
759,2876,4.88136,288,100,27,0,0,0,0,0,0,0,0,32
760,3238,5.43103,315,100,23,0,0,0,0,0,0,0,0,35
761,2208,4.98214,279,100,25,0,0,0,0,0,0,0,0,31
762,2346,5.79661,342,100,21,0,0,0,0,0,0,0,0,38
763,2194,5.55,333,100,23,0,0,0,0,0,0,0,0,37
764,2352,5.33898,315,100,24,0,0,0,0,0,0,0,0,35
765,1590,4.33929,243,100,29,0,0,0,0,0,0,0,0,27
766,1670,4.34483,252,100,30,0,0,0,0,0,0,0,0,28
767,1744,3.77419,234,100,36,0,0,0,0,0,0,0,0,26
768,2056,4.42373,261,100,30,0,0,0,0,0,0,0,0,29
769,2568,4.42623,270,100,31,0,0,0,0,0,0,0,0,30
770,2932,5.34375,342,100,26,0,0,0,0,0,0,0,0,38
771,2666,4.90909,270,100,25,0,0,0,0,0,0,0,0,30
772,1744,5.05263,288,100,25,0,0,0,0,0,0,0,0,32
773,2090,5.58621,324,100,22,0,0,0,0,0,0,0,0,36
774,2518,6.62264,351,100,14,0,0,0,0,0,0,0,0,39
775,2454,5.23636,288,100,23,0,0,0,0,0,0,0,0,32
776,2082,4.81034,279,100,27,0,0,0,0,0,0,0,0,31
777,2478,4.96552,288,100,26,0,0,0,0,0,0,0,0,32
778,2792,4.77273,315,100,31,0,0,0,0,0,0,0,0,35
779,1856,4.71429,297,100,30,0,0,0,0,0,0,0,0,33
780,1958,4.90909,324,100,30,0,0,0,0,0,0,0,0,36
781,1950,4.81034,279,100,27,0,0,0,0,0,0,0,0,31
782,2006,5.1,306,100,26,0,0,0,0,0,0,0,0,34
783,2064,5.43396,288,100,21,0,0,0,0,0,0,0,0,32
784,1728,5.64407,333,100,22,0,0,0,0,0,0,0,0,37
785,1600,4.81034,279,100,27,0,0,0,0,0,0,0,0,31
786,1782,5.23636,288,100,23,0,0,0,0,0,0,0,0,32
787,1980,5.78571,324,100,20,0,0,0,0,0,0,0,0,36
788,1972,5.68421,324,100,21,0,0,0,0,0,0,0,0,36
789,1550,5.43103,315,100,23,0,0,0,0,0,0,0,0,35
790,1870,4.19355,260,100,33,0,0,0,0,0,0,0,1,28
791,2036,4.89394,323,100,30,0,0,0,0,0,0,0,1,35
792,1592,4.11864,243,100,32,0,0,0,0,0,0,0,0,27
793,1542,4.2,252,100,32,0,0,0,0,0,0,0,0,28
794,1652,3.46154,225,100,40,0,0,0,0,0,0,0,0,25
795,1440,4.42373,261,100,30,0,0,0,0,0,0,0,0,29
796,1760,4.56716,306,100,33,0,0,0,0,0,0,0,0,34
797,1622,4.81034,279,100,27,0,0,0,0,0,0,0,0,31
798,1782,5.05263,288,100,25,0,0,0,0,0,0,0,0,32
799,1650,5.80357,325,100,19,0,0,0,0,2,0,0,0,35
800,1870,5.31148,324,100,25,0,0,0,0,0,0,0,0,36
801,1882,5.7541,351,100,22,0,0,0,0,0,0,0,0,39
802,1820,5.12069,297,100,25,0,0,0,0,0,0,0,0,33
803,1812,5.80645,360,100,22,0,0,0,0,0,0,0,0,40
804,1762,5.80645,360,100,22,0,0,0,0,0,0,0,0,40
805,1810,5.64407,333,100,22,0,0,0,0,0,0,0,0,37
806,1716,5.48333,329,100,23,0,0,0,0,1,0,0,0,36
807,1530,5.48438,351,100,25,0,0,0,0,0,0,0,0,39
808,1578,5.28571,333,100,26,0,0,0,0,0,0,0,0,37
809,1646,5.16393,315,100,26,0,0,0,0,0,0,0,0,35
810,1784,5.4,324,100,24,0,0,0,0,0,0,0,0,36
811,1360,5.30357,297,100,23,0,0,0,0,0,0,0,0,33
812,1682,5.89091,324,100,19,0,0,0,0,0,0,0,0,36
813,1552,5.0339,297,100,26,0,0,0,0,0,0,0,0,33
814,1524,5.12069,297,100,25,0,0,0,0,0,0,0,0,33
815,1562,5.18644,306,100,25,0,0,0,0,0,0,0,0,34
816,1690,5.66667,306,100,20,0,0,0,0,0,0,0,0,34
817,1688,5.18644,306,100,25,0,0,0,0,0,0,0,0,34
818,1710,4.98214,279,100,25,0,0,0,0,0,0,0,0,31
819,1758,4.17857,234,100,30,0,0,0,0,0,0,0,0,26
820,1760,4.8,288,100,28,0,0,0,0,0,0,0,0,32
821,1726,4.42105,252,100,29,0,0,0,0,0,0,0,0,28
822,1822,4.92453,261,100,24,0,0,0,0,0,0,0,0,29
823,1948,4.82143,270,100,26,0,0,0,0,0,0,0,0,30
824,2084,5.27586,306,100,24,0,0,0,0,0,0,0,0,34
825,1898,5.5,297,100,21,0,0,0,0,0,0,0,0,33
826,1540,5.16949,305,100,25,0,0,0,0,0,0,0,1,33
827,1666,5.28571,333,100,26,0,0,0,0,0,0,0,0,37
828,1488,4.35484,270,100,32,0,0,0,0,0,0,0,0,30
829,1464,4.21875,270,100,34,0,0,0,0,0,0,0,0,30
830,1606,4.93333,296,100,27,0,0,0,0,0,0,0,1,32
831,1374,5.25862,305,100,24,0,0,0,0,0,0,0,1,33
832,1450,5.68421,324,100,21,0,0,0,0,0,0,0,0,36
833,1404,5.5,297,100,21,0,0,0,0,0,0,0,0,33
834,1632,6.10169,360,100,19,0,0,0,0,0,0,0,0,40
835,1340,5.625,315,100,21,0,0,0,0,0,0,0,0,35
836,1464,4.90909,270,100,25,0,0,0,0,0,0,0,0,30
837,1500,4.90909,270,100,25,0,0,0,0,0,0,0,0,30
838,1466,4.8,288,100,28,0,0,0,0,0,0,0,0,32
839,1752,5.94915,351,100,20,0,0,0,0,0,0,0,0,39
840,1516,4.73684,270,100,27,0,0,0,0,0,0,0,0,30
841,1530,4.79032,297,100,29,0,0,0,0,0,0,0,0,33
842,1742,4.96552,288,100,26,0,0,0,0,0,0,0,0,32
843,1544,4.84615,252,100,24,0,0,0,0,0,0,0,0,28
844,1600,5.07273,279,100,24,0,0,0,0,0,0,0,0,31
845,1154,4.83333,261,100,25,0,0,0,0,0,0,0,0,29
846,1534,4.42857,279,100,32,0,0,0,0,0,0,0,0,31
847,1456,4.26786,239,100,29,0,0,0,0,1,0,0,0,26
848,1492,4.57627,270,100,29,0,0,0,0,0,0,0,0,30
849,1572,5.0339,297,100,26,0,0,0,0,0,0,0,0,33
850,1362,4.90909,270,100,25,0,0,0,0,0,0,0,0,30
851,1416,5.07273,279,100,24,0,0,0,0,0,0,0,0,31
852,1330,4.8,288,100,28,0,0,0,0,0,0,0,0,32
853,1328,4.57895,261,100,28,0,0,0,0,0,0,0,0,29
854,1330,4.73684,270,100,27,0,0,0,0,0,0,0,0,30
855,1424,5.12069,297,100,25,0,0,0,0,0,0,0,0,33
856,1178,3.83607,234,100,35,0,0,0,0,0,0,0,0,26
857,1296,4.65517,270,100,28,0,0,0,0,0,0,0,0,30
858,1482,4.85714,306,100,29,0,0,0,0,0,0,0,0,34
859,1664,4.72131,288,100,29,0,0,0,0,0,0,0,0,32
860,1496,4.90909,270,100,25,0,0,0,0,0,0,0,0,30
861,1414,4.17857,234,100,30,0,0,0,0,0,0,0,0,26
862,1516,4.28571,270,100,33,0,0,0,0,0,0,0,0,30
863,1478,4.95,297,100,27,0,0,0,0,0,0,0,0,33
864,1498,5.625,315,100,21,0,0,0,0,0,0,0,0,35
865,1492,5.36842,306,100,23,0,0,0,0,0,0,0,0,34
866,1732,5.33333,288,100,22,0,0,0,0,0,0,0,0,32
867,1594,4.35484,270,100,32,0,0,0,0,0,0,0,0,30
868,1684,4.89474,279,100,26,0,0,0,0,0,0,0,0,31
869,1686,4.5,288,100,32,0,0,0,0,0,0,0,0,32
870,1542,4.93548,306,100,28,0,0,0,0,0,0,0,0,34
871,1272,4.2,252,100,32,0,0,0,0,0,0,0,0,28
872,1500,4.80328,293,100,28,0,0,0,0,1,0,0,0,32
873,1578,4.5,279,100,31,0,0,0,0,0,0,0,0,31
874,1328,4.90909,270,100,25,0,0,0,0,0,0,0,0,30
875,1278,4.06452,252,100,34,0,0,0,0,0,0,0,0,28
876,1286,4.65,279,100,29,0,0,0,0,0,0,0,0,31
877,1544,4.86885,297,100,28,0,0,0,0,0,0,0,0,33
878,1612,4.65,279,100,29,0,0,0,0,0,0,0,0,31
879,1444,4.96552,288,100,26,0,0,0,0,0,0,0,0,32
880,1524,4.91071,275,100,25,0,0,0,0,1,0,0,0,30
881,1686,5.27119,311,100,24,0,0,0,0,1,0,0,0,34
882,1726,5.83333,315,100,19,0,0,0,0,0,0,0,0,35
883,1666,5.27586,306,100,24,0,0,0,0,0,0,0,0,34
884,1804,4.98214,279,100,25,0,0,0,0,0,0,0,0,31
885,2006,4.74545,261,100,26,0,0,0,0,0,0,0,0,29
886,2026,4.74545,261,100,26,0,0,0,0,0,0,0,0,29
887,1998,5.55,333,100,23,0,0,0,0,0,0,0,0,37
888,2092,5.5,297,100,21,0,0,0,0,0,0,0,0,33
889,2516,6.05455,333,100,18,0,0,0,0,0,0,0,0,37
890,1974,5.78571,324,100,20,0,0,0,0,0,0,0,0,36
891,2094,6.26786,351,100,17,0,0,0,0,0,0,0,0,39
892,1896,5.4,297,100,22,0,0,0,0,0,0,0,0,33
893,2100,6.34426,387,100,18,0,0,0,0,0,0,0,0,43
894,1908,6.05172,351,100,19,0,0,0,0,0,0,0,0,39
895,2130,5.71429,360,100,23,0,0,0,0,0,0,0,0,40
896,2208,5.12069,297,100,25,0,0,0,0,0,0,0,0,33
897,2392,5.1,306,100,26,0,0,0,0,0,0,0,0,34
898,2278,5.37097,333,100,25,0,0,0,0,0,0,0,0,37
899,2188,5.1,306,100,26,0,0,0,0,0,0,0,0,34
900,2024,4.35,261,100,31,0,0,0,0,0,0,0,0,29
901,2336,5.55,333,100,23,0,0,0,0,0,0,0,0,37
902,2020,5.18644,306,100,25,0,0,0,0,0,0,0,0,34
903,2150,4.96552,288,100,26,0,0,0,0,0,0,0,0,32
904,2374,5.1,306,100,26,0,0,0,0,0,0,0,0,34
905,1906,4.72131,288,100,29,0,0,0,0,0,0,0,0,32
906,1562,5.05263,288,100,25,0,0,0,0,0,0,0,0,32
907,1504,4.34483,252,100,30,0,0,0,0,0,0,0,0,28
908,1764,4.14286,261,100,34,0,0,0,0,0,0,0,0,29
909,2148,4.20968,261,100,33,0,0,0,0,0,0,0,0,29
910,2334,4.21875,270,100,34,0,0,0,0,0,0,0,0,30
911,1940,4,252,100,35,0,0,0,0,0,0,0,0,28
912,2226,3.57143,225,100,38,0,0,0,0,0,0,0,0,25
913,1942,4.27119,252,100,31,0,0,0,0,0,0,0,0,28
914,2194,4.27869,261,100,32,0,0,0,0,0,0,0,0,29
915,2730,5.08065,315,100,27,0,0,0,0,0,0,0,0,35
916,2390,4.72881,279,100,28,0,0,0,0,0,0,0,0,31
917,2760,5.0339,297,100,26,0,0,0,0,0,0,0,0,33
918,2604,5.72727,315,100,20,0,0,0,0,0,0,0,0,35
919,2104,5.30357,297,100,23,0,0,0,0,0,0,0,0,33
920,1976,4.88136,288,100,27,0,0,0,0,0,0,0,0,32
921,1560,4.13333,248,100,32,0,0,0,0,1,0,0,0,27
922,1942,4.58621,266,100,28,0,0,0,0,1,0,0,0,29
923,1996,4.65574,284,100,29,0,0,0,0,1,0,0,0,31
924,2290,5.2459,320,100,25,0,0,0,0,1,0,0,0,35
925,1902,4.57627,270,100,29,0,0,0,0,0,0,0,0,30
926,1784,4.65517,270,100,28,0,0,0,0,0,0,0,0,30
927,1726,3.91935,243,100,35,0,0,0,0,0,0,0,0,27
928,1508,3.45,207,100,37,0,0,0,0,0,0,0,0,23
929,1590,3.85714,243,100,36,0,0,0,0,0,0,0,0,27
930,1856,3.83607,234,100,35,0,0,0,0,0,0,0,0,26
931,1632,3.91935,243,100,35,0,0,0,0,0,0,0,0,27
932,1726,4.27869,261,100,32,0,0,0,0,0,0,0,0,29
933,1712,3.9661,234,100,33,0,0,0,0,0,0,0,0,26
934,1766,3.85714,216,100,32,0,0,0,0,0,0,0,0,24
935,1596,5,270,100,24,0,0,0,0,0,0,0,0,30
936,1922,5.30357,297,100,23,0,0,0,0,0,0,0,0,33
937,1988,4.66667,252,100,26,0,0,0,0,0,0,0,0,28
938,2058,4.01786,225,100,31,0,0,0,0,0,0,0,0,25
939,2184,4.03448,234,100,32,0,0,0,0,0,0,0,0,26
940,1746,5.22,261,100,21,0,0,0,0,0,0,0,0,29
941,2036,5.07273,279,100,24,0,0,0,0,0,0,0,0,31
942,2254,4.5,261,100,29,0,0,0,0,0,0,0,0,29
943,1932,4.5,243,100,27,0,0,0,0,0,0,0,0,27
944,1904,5.14286,288,100,24,0,0,0,0,0,0,0,0,32
945,1996,5.09434,270,100,23,0,0,0,0,0,0,0,0,30
946,2416,5.33898,315,100,24,0,0,0,0,0,0,0,0,35
947,2446,4.5,252,100,28,0,0,0,0,0,0,0,0,28
948,2042,3.81356,225,100,34,0,0,0,0,0,0,0,0,25
949,1682,3.47368,198,100,35,0,0,0,0,0,0,0,0,22
950,2032,4.35,261,100,31,0,0,0,0,0,0,0,0,29
951,1894,4.33333,234,100,28,0,0,0,0,0,0,0,0,26
952,1876,4.17857,234,100,30,0,0,0,0,0,0,0,0,26
953,1826,5.05263,288,100,25,0,0,0,0,0,0,0,0,32
954,1562,4.34483,252,100,30,0,0,0,0,0,0,0,0,28
955,1744,4.95,297,100,27,0,0,0,0,0,0,0,0,33
956,1520,4.07547,216,100,29,0,0,0,0,0,0,0,0,24
957,1744,4.88136,288,100,27,0,0,0,0,0,0,0,0,32
958,1610,4.27869,261,100,32,0,0,0,0,0,0,0,0,29
959,1776,4.86885,297,100,28,0,0,0,0,0,0,0,0,33
960,1406,4.28571,270,100,33,0,0,0,0,0,0,0,0,30
961,1364,4.81034,279,100,27,0,0,0,0,0,0,0,0,31
962,1992,5.90164,360,100,21,0,0,0,0,0,0,0,0,40
963,1940,5.14286,324,100,27,0,0,0,0,0,0,0,0,36
964,2038,5.0339,297,100,26,0,0,0,0,0,0,0,0,33
965,1864,4.98214,279,100,25,0,0,0,0,0,0,0,0,31
966,2182,4.65079,293,100,30,0,0,0,0,1,0,0,0,32
967,2424,5,315,100,28,0,0,0,0,0,0,0,0,35
968,2688,5.56364,306,100,21,0,0,0,0,0,0,0,0,34
969,1890,5.0339,297,100,26,0,0,0,0,0,0,0,0,33
970,1466,4.73684,270,100,27,0,0,0,0,0,0,0,0,30
971,1646,5.36508,338,100,25,0,0,0,0,1,0,0,0,37
972,1386,4.87097,302,100,28,0,0,0,0,1,0,0,0,33
973,1112,4.57627,270,100,29,0,0,0,0,0,0,0,0,30
974,1590,5.26154,342,100,27,0,0,0,0,0,0,0,0,38
975,1770,5.4,351,100,26,0,0,0,0,0,0,0,0,39
976,1548,5.01639,306,100,27,0,0,0,0,0,0,0,0,34
977,1500,4.72881,279,100,28,0,0,0,0,0,0,0,0,31
978,1480,5.33898,315,100,24,0,0,0,0,0,0,0,0,35
979,1622,5.12069,297,100,25,0,0,0,0,0,0,0,0,33
980,1622,6.35294,324,100,15,0,0,0,0,0,0,0,0,36
981,1720,5.76,288,100,18,0,0,0,0,0,0,0,0,32
982,1744,6.375,306,100,14,0,0,0,0,0,0,0,0,34
983,1756,5.71154,297,100,19,0,0,0,0,0,0,0,0,33
984,2092,5.78571,324,100,20,0,0,0,0,0,0,0,0,36
985,2148,5.46429,306,100,22,0,0,0,0,0,0,0,0,34
986,1966,6.10714,342,100,18,0,0,0,0,0,0,0,0,38
987,1838,5.07273,279,100,24,0,0,0,0,0,0,0,0,31
988,1702,5.78571,324,100,20,0,0,0,0,0,0,0,0,36
989,1626,6.28302,333,100,16,0,0,0,0,0,0,0,0,37
990,1692,5.52632,315,100,22,0,0,0,0,0,0,0,0,35
991,1730,5.66667,306,100,20,0,0,0,0,0,0,0,0,34
992,1960,5.68421,324,100,21,0,0,0,0,0,0,0,0,36
993,1864,5.625,315,100,21,0,0,0,0,0,0,0,0,35
994,1868,5.68421,324,100,21,0,0,0,0,0,0,0,0,36
995,2002,6.47368,369,100,16,0,0,0,0,0,0,0,0,41
996,2152,6.42857,360,100,16,0,0,0,0,0,0,0,0,40
997,1748,5.87755,288,100,17,0,0,0,0,0,0,0,0,32
998,1434,6.05769,315,100,17,0,0,0,0,0,0,0,0,35
999,1838,6.2069,360,100,18,0,0,0,0,0,0,0,0,40
