update,points,mean_tasks,total_tasks,total_orgs,task_0,task_1,task_2,task_3,task_4,task_5,task_6,task_7,task_8,task_9
0,0,nan,0,10,0,0,0,0,0,0,0,0,0,0
1,8,0,0,10,4,0,0,0,0,0,0,0,0,0
2,12,0,0,10,5,0,0,0,0,0,0,0,0,0
3,64,1.5,9,11,5,0,0,0,0,0,0,0,0,1
4,48,1.28571,9,12,6,0,0,0,0,0,0,0,0,1
5,32,0,0,13,7,0,0,0,0,0,0,0,0,0
6,126,1.8,18,14,8,0,0,0,0,0,0,0,0,2
7,92,1.8,18,15,8,0,0,0,0,0,0,0,0,2
8,92,1,9,15,8,0,0,0,0,0,0,0,0,1
9,76,0.9,9,16,9,0,0,0,0,0,0,0,0,1
10,58,0.9,9,16,9,0,0,0,0,0,0,0,0,1
11,108,1.5,18,16,10,0,0,0,0,0,0,0,0,2
12,126,1.8,18,16,8,0,0,0,0,0,0,0,0,2
13,92,0.75,9,18,11,0,0,0,0,0,0,0,0,1
14,112,1.63636,18,18,9,0,0,0,0,0,0,0,0,2
15,184,3,36,19,8,0,0,0,0,0,0,0,0,4
16,134,2.4,36,22,11,0,0,0,0,0,0,0,0,4
17,150,2.11765,36,24,13,0,0,0,0,0,0,0,0,4
18,268,3.5,63,25,11,0,0,0,0,0,0,0,0,7
19,196,3.15,63,28,13,0,0,0,0,0,0,0,0,7
20,178,2.57143,54,28,15,0,0,0,0,0,0,0,0,6
21,244,2.7,54,28,14,0,0,0,0,0,0,0,0,6
22,208,2.25,45,31,15,0,0,0,0,0,0,0,0,5
23,182,2.34783,54,34,17,0,0,0,0,0,0,0,0,6
24,272,3.13043,72,34,15,0,0,0,0,0,0,0,0,8
25,286,2.88,72,36,17,0,0,0,0,0,0,0,0,8
26,334,3.21429,90,38,18,0,0,0,0,0,0,0,0,10
27,370,3.66667,99,40,16,0,0,0,0,0,0,0,0,11
28,360,3.6,90,41,15,0,0,0,0,0,0,0,0,10
29,264,2.89286,81,41,19,0,0,0,0,0,0,0,0,9
30,414,3.66667,99,41,16,0,0,0,0,0,0,0,0,11
31,292,3,90,41,20,0,0,0,0,0,0,0,0,10
32,256,2.38235,81,44,25,0,0,0,0,0,0,0,0,9
33,384,3,108,44,24,0,0,0,0,0,0,0,0,12
34,484,3.44118,117,45,21,0,0,0,0,0,0,0,0,13
35,370,2.72727,90,46,23,0,0,0,0,0,0,0,0,10
36,332,2.31429,81,48,26,0,0,0,0,0,0,0,0,9
37,524,2.57143,90,50,25,0,0,0,0,0,0,0,0,10
38,500,2.25,81,51,27,0,0,0,0,0,0,0,0,9
39,468,2.11765,72,51,26,0,0,0,0,0,0,0,0,8
40,556,2.31429,81,55,26,0,0,0,0,0,0,0,0,9
41,436,1.8,72,57,32,0,0,0,0,0,0,0,0,8
42,442,1.5,63,58,35,0,0,0,0,0,0,0,0,7
43,366,1.4,63,60,38,0,0,0,0,0,0,0,0,7
44,402,1.6,72,61,37,0,0,0,0,0,0,0,0,8
45,332,1.4,63,61,38,0,0,0,0,0,0,0,0,7
46,418,1.28571,63,62,42,0,0,0,0,0,0,0,0,7
47,500,2.29787,108,64,35,0,0,0,0,0,0,0,0,12
48,450,2.34783,108,67,34,0,0,0,0,0,0,0,0,12
49,534,2.0625,99,70,37,0,0,0,0,0,0,0,0,11
50,632,2.36735,116,73,36,0,0,0,0,0,0,0,1,12
51,644,2,108,75,42,0,0,0,0,0,0,0,0,12
52,534,1.8,99,76,44,0,0,0,0,0,0,0,0,11
53,710,1.86207,108,78,46,0,0,0,0,0,0,0,0,12
54,896,2.29091,126,78,41,0,0,0,0,0,0,0,0,14
55,726,1.7069,99,81,47,0,0,0,0,0,0,0,0,11
56,1184,2.4,144,85,44,0,0,0,0,0,0,0,0,16
57,1194,2.21053,126,86,43,0,0,0,0,0,0,0,0,14
58,1274,2.03226,126,88,48,0,0,0,0,0,0,0,0,14
59,1270,2.32258,144,91,46,0,0,0,0,0,0,0,0,16
60,1152,2.28571,144,92,47,0,0,0,0,0,0,0,0,16
61,1020,2.53125,162,92,46,0,0,0,0,0,0,0,0,18
62,1046,2.11765,144,93,52,0,0,0,0,0,0,0,0,16
63,1184,2.72727,180,94,46,0,0,0,0,0,0,0,0,20
64,912,1.8,126,94,56,0,0,0,0,0,0,0,0,14
65,1184,1.95652,135,94,54,0,0,0,0,0,0,0,0,15
66,942,2.25,153,95,51,0,0,0,0,0,0,0,0,17
67,898,2.42857,153,95,46,0,0,0,0,0,0,0,0,17
68,770,2.25,153,96,51,0,0,0,0,0,0,0,0,17
69,710,1.72603,126,97,59,0,0,0,0,0,0,0,0,14
70,978,2.22667,167,97,56,0,0,0,0,1,0,0,0,18
71,862,1.94444,140,97,56,0,0,0,0,1,0,0,0,15
72,814,1.36842,104,98,64,0,0,0,0,1,0,0,0,11
73,800,1.16216,86,98,64,0,0,0,0,1,0,0,0,9
74,876,1.94444,140,98,56,0,0,0,0,1,0,0,0,15
75,804,1.86301,136,98,57,0,0,0,0,2,0,0,0,14
76,790,1.76389,127,99,57,0,0,0,0,2,0,0,0,13
77,766,1.52703,113,99,61,0,0,0,0,1,0,0,0,12
78,940,1.77632,135,99,61,0,0,0,0,0,0,0,0,15
79,1018,1.92,144,99,59,0,0,0,0,0,0,0,0,16
80,944,2.41791,162,99,49,0,0,0,0,0,0,0,0,18
81,784,1.74627,117,99,54,0,0,0,0,0,0,0,0,13
82,934,2.21918,162,99,55,0,0,0,0,0,0,0,0,18
83,958,2.09589,153,99,56,0,0,0,0,0,0,0,0,17
84,1066,2.09589,153,99,56,0,0,0,0,0,0,0,0,17
85,1020,2.41791,162,99,49,0,0,0,0,0,0,0,0,18
86,916,2.35385,153,99,48,0,0,0,0,0,0,0,0,17
87,888,2.76923,180,99,45,0,0,0,0,0,0,0,0,20
88,1096,3.16901,225,99,46,0,0,0,0,0,0,0,0,25
89,910,3,198,99,44,0,0,0,0,0,0,0,0,22
90,894,2.66197,189,99,50,0,0,0,0,0,0,0,0,21
91,878,2.86957,198,99,47,0,0,0,0,0,0,0,0,22
92,1126,3.27273,216,99,42,0,0,0,0,0,0,0,0,24
93,1102,3.48485,230,99,40,0,0,0,0,1,0,0,0,25
94,958,3.3913,234,99,43,0,0,0,0,0,0,0,0,26
95,964,2.43243,180,99,54,0,0,0,0,0,0,0,0,20
96,1036,2.75,198,100,50,0,0,0,0,0,0,0,0,22
97,1154,2.83562,207,100,50,0,0,0,0,0,0,0,0,23
98,1120,2.53521,180,100,51,0,0,0,0,0,0,0,0,20
99,948,2.7,189,100,49,0,0,0,0,0,0,0,0,21
100,978,2.9589,216,100,49,0,0,0,0,0,0,0,0,24
101,1044,2.67568,198,100,52,0,0,0,0,0,0,0,0,22
102,1066,2.68657,180,100,47,0,0,0,0,0,0,0,0,20
103,1158,2.18919,162,100,56,0,0,0,0,0,0,0,0,18
104,892,2.02667,152,100,58,0,0,0,0,0,0,0,1,16
105,1060,2.16,162,100,57,0,0,0,0,0,0,0,0,18
106,1180,2.73913,189,100,48,0,0,0,0,0,0,0,0,21
107,884,2.28358,153,100,50,0,0,0,0,0,0,0,0,17
108,1058,2.11765,144,100,52,0,0,0,0,0,0,0,0,16
109,1044,2.47826,171,100,50,0,0,0,0,0,0,0,0,19
110,946,2.05714,144,100,54,0,0,0,0,0,0,0,0,16
111,1030,2.5,180,100,52,0,0,0,0,0,0,0,0,20
112,950,2.64706,180,100,48,0,0,0,0,0,0,0,0,20
113,980,2.625,189,100,51,0,0,0,0,0,0,0,0,21
114,1132,3.16901,225,100,46,0,0,0,0,0,0,0,0,25
115,936,3.08955,207,100,44,0,0,0,0,0,0,0,0,23
116,1118,3.49254,234,100,41,0,0,0,0,0,0,0,0,26
117,1070,3.85714,243,100,36,0,0,0,0,0,0,0,0,27
118,772,2.55,153,100,43,0,0,0,0,0,0,0,0,17
119,1078,2.90769,189,100,44,0,0,0,0,0,0,0,0,21
120,1234,3.91935,243,100,35,0,0,0,0,0,0,0,0,27
121,958,2.45455,162,100,48,0,0,0,0,0,0,0,0,18
122,986,3.13636,207,100,43,0,0,0,0,0,0,0,0,23
123,932,3.29577,234,100,45,0,0,0,0,0,0,0,0,26
124,870,3.17647,216,100,44,0,0,0,0,0,0,0,0,24
125,854,2.73913,189,100,48,0,0,0,0,0,0,0,0,21
126,980,2.15493,153,100,54,0,0,0,0,0,0,0,0,17
127,976,2.05714,144,100,54,0,0,0,0,0,0,0,0,16
128,942,2.25,153,100,51,0,0,0,0,0,0,0,0,17
129,942,2.41791,162,100,49,0,0,0,0,0,0,0,0,18
130,1010,2.44286,171,100,51,0,0,0,0,0,0,0,0,19
131,1040,2.13158,162,100,58,0,0,0,0,0,0,0,0,18
132,1070,2,144,100,56,0,0,0,0,0,0,0,0,16
133,982,2.01316,153,100,59,0,0,0,0,0,0,0,0,17
134,1138,2.57143,180,100,50,0,0,0,0,0,0,0,0,20
135,786,1.75,126,100,58,0,0,0,0,0,0,0,0,14
136,1104,2.73913,189,100,48,0,0,0,0,0,0,0,0,21
137,926,2.28169,162,100,53,0,0,0,0,0,0,0,0,18
138,1294,3,207,100,46,0,0,0,0,0,0,0,0,23
139,1034,2.6087,180,100,49,0,0,0,0,0,0,0,0,20
140,1010,2.02817,144,100,55,0,0,0,0,0,0,0,0,16
141,1014,1.8,126,100,56,0,0,0,0,0,0,0,0,14
142,1294,2.8125,180,100,44,0,0,0,0,0,0,0,0,20
143,990,2.21538,144,100,49,0,0,0,0,0,0,0,0,16
144,1096,2.90323,180,100,42,0,0,0,0,0,0,0,0,20
145,1096,2.18571,153,100,53,0,0,0,0,0,0,0,0,17
146,1200,2.86364,189,100,45,0,0,0,0,0,0,0,0,21
147,1244,2.75,198,100,50,0,0,0,0,0,0,0,0,22
148,1112,2.63077,171,100,46,0,0,0,0,0,0,0,0,19
149,1188,2.51471,171,100,49,0,0,0,0,0,0,0,0,19
150,1148,2.25,153,100,51,0,0,0,0,0,0,0,0,17
151,1132,2.90323,180,100,42,0,0,0,0,0,0,0,0,20
152,1136,3.13636,207,100,43,0,0,0,0,0,0,0,0,23
153,1254,3.34848,221,100,41,0,0,0,0,1,0,0,0,24
154,1226,3.34286,234,100,44,0,0,0,0,0,0,0,0,26
155,1198,2.95312,189,100,43,0,0,0,0,0,0,0,0,21
156,1506,2.95082,180,100,41,0,0,0,0,0,0,0,0,20
157,1372,2.5082,153,100,44,0,0,0,0,0,0,0,0,17
158,1210,3.09836,189,100,40,0,0,0,0,0,0,0,0,21
159,1112,2.14286,135,100,48,0,0,0,0,0,0,0,0,15
160,1122,1.61194,108,100,55,0,0,0,0,0,0,0,0,12
161,1300,2.55224,171,100,48,0,0,0,0,0,0,0,0,19
162,1172,2.53125,162,100,46,0,0,0,0,0,0,0,0,18
163,1392,2,126,100,49,0,0,0,0,0,0,0,0,14
164,1224,2.06557,126,100,47,0,0,0,0,0,0,0,0,14
165,1204,2.32759,135,100,43,0,0,0,0,0,0,0,0,15
166,1636,2.85714,180,100,43,0,0,0,0,0,0,0,0,20
167,1478,3.31579,189,100,36,0,0,0,0,0,0,0,0,21
168,1540,3,171,100,38,0,0,0,0,0,0,0,0,19
169,1190,2.78182,153,100,38,0,0,0,0,0,0,0,0,17
170,1442,2.73214,153,100,39,0,0,0,0,0,0,0,0,17
171,1216,2.78182,153,100,38,0,0,0,0,0,0,0,0,17
172,1308,3.41379,198,100,36,0,0,0,0,0,0,0,0,22
173,1544,3.28571,207,100,40,0,0,0,0,0,0,0,0,23
174,1622,3.15,189,100,39,0,0,0,0,0,0,0,0,21
175,1354,2.85,171,100,41,0,0,0,0,0,0,0,0,19
176,1576,3.19355,198,100,40,0,0,0,0,0,0,0,0,22
177,1392,3.3,198,100,38,0,0,0,0,0,0,0,0,22
178,1288,2.17742,135,100,47,0,0,0,0,0,0,0,0,15
179,1542,2.80328,171,100,42,0,0,0,0,0,0,0,0,19
180,1588,2.65574,162,100,43,0,0,0,0,0,0,0,0,18
181,1700,2.67188,171,100,45,0,0,0,0,0,0,0,0,19
182,1582,2.95082,180,100,41,0,0,0,0,0,0,0,0,20
183,1474,3.33871,207,100,39,0,0,0,0,0,0,0,0,23
184,1542,3.09375,198,100,42,0,0,0,0,0,0,0,0,22
185,1394,3.25,234,100,46,0,0,0,0,0,0,0,0,26
186,1194,2.76923,180,100,45,0,0,0,0,0,0,0,0,20
187,1380,2.95714,207,100,47,0,0,0,0,0,0,0,0,23
188,1508,3.54545,234,100,40,0,0,0,0,0,0,0,0,26
189,1484,2.86364,189,100,45,0,0,0,0,0,0,0,0,21
190,1550,3.04839,189,100,41,0,0,0,0,0,0,0,0,21
191,1616,3.375,216,100,40,0,0,0,0,0,0,0,0,24
192,1746,4.63636,306,100,32,0,0,0,0,0,0,0,0,34
193,1764,2.90769,189,100,44,0,0,0,0,0,0,0,0,21
194,1804,3.04839,189,100,41,0,0,0,0,0,0,0,0,21
195,1860,3.52174,243,100,42,0,0,0,0,0,0,0,0,27
196,1662,3.13636,207,100,43,0,0,0,0,0,0,0,0,23
197,1412,2.17742,135,100,47,0,0,0,0,0,0,0,0,15
198,1714,2.21538,144,100,49,0,0,0,0,0,0,0,0,16
199,1846,2.80328,171,100,42,0,0,0,0,0,0,0,0,19
200,1216,2.11765,144,100,52,0,0,0,0,0,0,0,0,16
201,1250,2.11765,144,100,52,0,0,0,0,0,0,0,0,16
202,1342,1.96875,126,100,50,0,0,0,0,0,0,0,0,14
203,1718,2.85,171,100,41,0,0,0,0,0,0,0,0,19
204,1486,2.95082,180,100,41,0,0,0,0,0,0,0,0,20
205,1314,2.49231,162,100,47,0,0,0,0,0,0,0,0,18
206,1288,2.14925,144,100,51,0,0,0,0,0,0,0,0,16
207,1354,2.77941,189,100,47,0,0,0,0,0,0,0,0,21
208,1318,2.41791,162,100,49,0,0,0,0,0,0,0,0,18
209,1606,2.86957,198,100,47,0,0,0,0,0,0,0,0,22
210,1478,3,189,100,42,0,0,0,0,0,0,0,0,21
211,1214,2.6129,162,100,44,0,0,0,0,0,0,0,0,18
212,1314,2.63077,171,100,46,0,0,0,0,0,0,0,0,19
213,1332,3.04412,207,100,45,0,0,0,0,0,0,0,0,23
214,1612,3.19355,198,100,40,0,0,0,0,0,0,0,0,22
215,1532,3.94737,225,100,32,0,0,0,0,0,0,0,0,25
216,1236,3.375,216,100,40,0,0,0,0,0,0,0,0,24
217,1954,4.07812,261,100,35,0,0,0,0,0,0,0,0,29
218,1698,3.81818,252,100,38,0,0,0,0,0,0,0,0,28
219,1530,3.98361,243,100,34,0,0,0,0,0,0,0,0,27
220,1414,3.14286,198,100,41,0,0,0,0,0,0,0,0,22
221,1314,3.46154,225,100,40,0,0,0,0,0,0,0,0,25
222,1250,3.91935,243,100,35,0,0,0,0,0,0,0,0,27
223,1380,4.57627,270,100,29,0,0,0,0,0,0,0,0,30
224,1504,4.17857,234,100,30,0,0,0,0,0,0,0,0,26
225,1294,3.35593,198,100,37,0,0,0,0,0,0,0,0,22
226,1298,3.65625,234,100,38,0,0,0,0,0,0,0,0,26
227,1602,3.67692,239,100,38,0,0,0,0,1,0,0,0,26
228,1302,3.50847,207,100,36,0,0,0,0,0,0,0,0,23
229,1730,3.77419,234,100,36,0,0,0,0,0,0,0,0,26
230,1202,3.6,216,100,36,0,0,0,0,0,0,0,0,24
231,1436,4.57895,261,100,28,0,0,0,0,0,0,0,0,29
232,1166,3.81356,225,100,34,0,0,0,0,0,0,0,0,25
233,1188,3.41379,198,100,36,0,0,0,0,0,0,0,0,22
234,1298,4.32,216,100,26,0,0,0,0,0,0,0,0,24
235,1276,4.125,198,100,26,0,0,0,0,0,0,0,0,22
236,1186,3.70588,189,100,30,0,0,0,0,0,0,0,0,21
237,1224,3.80769,198,100,30,0,0,0,0,0,0,0,0,22
238,1304,3.33333,180,100,34,0,0,0,0,0,0,0,0,20
239,1170,3.16667,171,100,35,0,0,0,0,0,0,0,0,19
240,1324,4.875,234,100,22,0,0,0,0,0,0,0,0,26
241,1334,4.40816,216,100,25,0,0,0,0,0,0,0,0,24
242,1396,4.5,243,100,27,0,0,0,0,0,0,0,0,27
243,1542,3.66667,198,100,32,0,0,0,0,0,0,0,0,22
244,1870,4.68,234,100,24,0,0,0,0,0,0,0,0,26
245,1780,4.32692,225,100,27,0,0,0,0,0,0,0,0,25
246,1460,4.15385,216,100,28,0,0,0,0,0,0,0,0,24
247,1398,5.14286,252,100,21,0,0,0,0,0,0,0,0,28
248,1678,5.8125,279,100,17,0,0,0,0,0,0,0,0,31
249,1606,4.89474,279,100,26,0,0,0,0,0,0,0,0,31
250,1458,4.92453,261,100,24,0,0,0,0,0,0,0,0,29
251,1316,3.83333,207,100,31,0,0,0,0,0,0,0,0,23
252,1536,4.89091,269,100,25,0,0,0,0,0,0,0,1,29
253,1134,4.56604,242,100,26,0,0,0,0,0,0,0,1,26
254,1128,3.7069,215,100,34,0,0,0,0,0,0,0,1,23
255,1504,4.10169,242,100,32,0,0,0,0,0,0,0,1,26
256,1758,3.92188,251,100,36,0,0,0,0,0,0,0,1,27
257,1242,3.03226,188,100,41,0,0,0,0,0,0,0,1,20
258,1362,3.4127,215,100,39,0,0,0,0,0,0,0,1,23
259,1724,3.86207,224,100,33,0,0,0,0,0,0,0,1,24
260,1430,3.19643,179,100,36,0,0,0,0,0,0,0,1,19
261,1656,4.72727,260,100,26,0,0,0,0,0,0,0,1,28
262,1824,4.98148,269,100,24,0,0,0,0,0,0,0,1,29
263,1756,5.17308,269,100,22,0,0,0,0,0,0,0,1,29
264,1562,4.84,242,100,23,0,0,0,0,0,0,0,1,26
265,1852,3.73585,198,100,31,0,0,0,0,0,0,0,0,22
266,1316,3.42,171,100,31,0,0,0,0,0,0,0,0,19
267,1572,3.83333,207,100,31,0,0,0,0,0,0,0,0,23
268,1568,3.43636,189,100,34,0,0,0,0,0,0,0,0,21
269,1692,3.15789,180,100,37,0,0,0,0,0,0,0,0,20
270,1708,3,171,100,38,0,0,0,0,0,0,0,0,19
271,1750,2.78182,153,100,38,0,0,0,0,0,0,0,0,17
272,1740,2.7,162,100,42,0,0,0,0,0,0,0,0,18
273,1762,3.27273,180,100,35,0,0,0,0,0,0,0,0,20
274,1852,3.45,207,100,37,0,0,0,0,0,0,0,0,23
275,1384,2.89831,171,100,40,0,0,0,0,0,0,0,0,19
276,1456,2.52632,144,100,41,0,0,0,0,0,0,0,0,16
277,1412,2.41071,135,100,41,0,0,0,0,0,0,0,0,15
278,1534,2.875,161,100,38,0,0,0,0,0,0,0,1,17
279,1592,1.89474,108,100,45,0,0,0,0,0,0,0,0,12
280,1484,2.5,135,100,39,0,0,0,0,0,0,0,0,15
281,1784,1.96364,108,100,43,0,0,0,0,0,0,0,0,12
282,1494,1.8871,117,100,49,0,0,0,0,0,0,0,0,13
283,1644,2.13559,126,100,45,0,0,0,0,0,0,0,0,14
284,1600,1.8,108,100,48,0,0,0,0,0,0,0,0,12
285,1944,1.37288,81,100,50,0,0,0,0,0,0,0,0,9
286,2224,2.13559,126,100,45,0,0,0,0,0,0,0,0,14
287,1866,2.08929,117,100,43,0,0,0,0,0,0,0,0,13
288,1804,2.08929,117,100,43,0,0,0,0,0,0,0,0,13
289,1858,2.41071,135,100,41,0,0,0,0,0,0,0,0,15
290,1860,3.04839,189,100,41,0,0,0,0,0,0,0,0,21
291,1716,2.95082,180,100,41,0,0,0,0,0,0,0,0,20
292,1792,3.05357,171,100,37,0,0,0,0,0,0,0,0,19
293,2140,2.01724,117,100,45,0,0,0,0,0,0,0,0,13
294,2056,3.20339,189,100,38,0,0,0,0,0,0,0,0,21
295,1820,3.375,189,100,35,0,0,0,0,0,0,0,0,21
296,1962,3.72414,216,100,34,0,0,0,0,0,0,0,0,24
297,1668,3.75,225,100,35,0,0,0,0,0,0,0,0,25
298,1796,4.42623,270,100,31,0,0,0,0,0,0,0,0,30
299,1926,3.73846,243,100,38,0,0,0,0,0,0,0,0,27
300,1638,3,180,100,40,0,0,0,0,0,0,0,0,20
301,1558,2.74576,162,100,41,0,0,0,0,0,0,0,0,18
302,1724,3.72414,216,100,34,0,0,0,0,0,0,0,0,24
303,1824,3.53571,198,100,34,0,0,0,0,0,0,0,0,22
304,2290,4.26316,243,100,30,0,0,0,0,0,0,0,0,27
305,1686,3.53571,198,100,34,0,0,0,0,0,0,0,0,22
306,2070,4.03448,234,100,32,0,0,0,0,0,0,0,0,26
307,1780,3.43636,189,100,34,0,0,0,0,0,0,0,0,21
308,2000,3.45,207,100,37,0,0,0,0,0,0,0,0,23
309,1938,3.79688,243,100,37,0,0,0,0,0,0,0,0,27
310,1754,3.47368,198,100,35,0,0,0,0,0,0,0,0,22
311,1706,3.87931,225,100,33,0,0,0,0,0,0,0,0,25
312,1758,4.29032,266,100,32,0,0,0,0,1,0,0,0,29
313,1692,5.05263,288,100,25,0,0,0,0,0,0,0,0,32
314,1688,4.98246,284,100,25,0,0,0,0,1,0,0,0,31
315,1474,4.20339,248,100,31,0,0,0,0,1,0,0,0,27
316,1788,3.9661,234,100,33,0,0,0,0,0,0,0,0,26
317,2042,4.26316,243,100,30,0,0,0,0,0,0,0,0,27
318,1938,3.85714,216,100,32,0,0,0,0,0,0,0,0,24
319,2018,4.18966,243,100,31,0,0,0,0,0,0,0,0,27
320,1488,4.17857,234,100,30,0,0,0,0,0,0,0,0,26
321,1472,3.83333,207,100,31,0,0,0,0,0,0,0,0,23
322,1756,3.72414,216,100,34,0,0,0,0,0,0,0,0,24
323,1638,3.87719,221,100,32,0,0,0,0,1,0,0,0,24
324,1302,3.55769,185,100,31,0,0,0,0,1,0,0,0,20
325,1842,4.42373,261,100,30,0,0,0,0,0,0,0,0,29
326,1786,4.33929,243,100,29,0,0,0,0,0,0,0,0,27
327,1234,3.6,198,100,33,0,0,0,0,0,0,0,0,22
328,1444,4.5,252,100,28,0,0,0,0,0,0,0,0,28
329,1618,3.25862,189,100,37,0,0,0,0,0,0,0,0,21
330,1524,3.83333,207,100,31,0,0,0,0,0,0,0,0,23
331,1938,4.82456,275,100,26,0,0,0,0,1,0,0,0,30
332,1748,3.81538,248,100,37,0,0,0,0,1,0,0,0,27
333,1908,3.73846,243,100,38,0,0,0,0,0,0,0,0,27
334,1682,3.79688,243,100,37,0,0,0,0,0,0,0,0,27
335,1690,3.46154,225,100,40,0,0,0,0,0,0,0,0,25
336,1352,3.57143,225,100,38,0,0,0,0,0,0,0,0,25
337,1450,3.6,234,100,39,0,0,0,0,0,0,0,0,26
338,1496,4.5,270,100,30,0,0,0,0,0,0,0,0,30
339,1452,4.01538,261,100,36,0,0,0,0,0,0,0,0,29
340,1270,3.73846,243,100,38,0,0,0,0,0,0,0,0,27
341,1232,3.33871,207,100,39,0,0,0,0,0,0,0,0,23
342,1316,3.09836,189,100,40,0,0,0,0,0,0,0,0,21
343,1704,4.42623,270,100,31,0,0,0,0,0,0,0,0,30
344,1520,3.73846,243,100,38,0,0,0,0,0,0,0,0,27
345,1504,4.5,288,100,32,0,0,0,0,0,0,0,0,32
346,1360,4.27119,252,100,31,0,0,0,0,0,0,0,0,28
347,1388,4.03448,234,100,32,0,0,0,0,0,0,0,0,26
348,1628,4.27869,261,100,32,0,0,0,0,0,0,0,0,29
349,1624,4.57627,270,100,29,0,0,0,0,0,0,0,0,30
350,1466,4.27869,261,100,32,0,0,0,0,0,0,0,0,29
351,1308,3.9,234,100,34,0,0,0,0,0,0,0,0,26
352,1352,4.42373,261,100,30,0,0,0,0,0,0,0,0,29
353,1426,4.65517,270,100,28,0,0,0,0,0,0,0,0,30
354,1544,4.90909,324,100,30,0,0,0,0,0,0,0,0,36
355,1476,4.64062,297,100,31,0,0,0,0,0,0,0,0,33
356,1352,4.65,279,100,29,0,0,0,0,0,0,0,0,31
357,1284,4.13115,252,100,33,0,0,0,0,0,0,0,0,28
358,1284,4.11864,243,100,32,0,0,0,0,0,0,0,0,27
359,1298,3,189,100,42,0,0,0,0,0,0,0,0,21
360,1202,3,189,100,42,0,0,0,0,0,0,0,0,21
361,1342,3.49254,234,100,41,0,0,0,0,0,0,0,0,26
362,1608,4.5,279,100,31,0,0,0,0,0,0,0,0,31
363,1540,3.86154,251,100,37,0,0,0,0,0,0,0,1,27
364,1494,3.8806,260,100,38,0,0,0,0,0,0,0,1,28
365,1526,3.46154,225,100,40,0,0,0,0,0,0,0,0,25
366,1802,3.9375,252,100,36,0,0,0,0,0,0,0,0,28
367,1348,3.35593,198,100,37,0,0,0,0,0,0,0,0,22
368,1320,2.67188,171,100,45,0,0,0,0,0,0,0,0,19
369,1312,2.36066,144,100,45,0,0,0,0,0,0,0,0,16
370,1208,3.10345,180,100,38,0,0,0,0,0,0,0,0,20
371,1568,4.21875,270,100,34,0,0,0,0,0,0,0,0,30
372,1630,3.75,225,100,35,0,0,0,0,0,0,0,0,25
373,1610,4.33929,243,100,29,0,0,0,0,0,0,0,0,27
374,1458,4.5,243,100,27,0,0,0,0,0,0,0,0,27
375,1512,4.25455,234,100,29,0,0,0,0,0,0,0,0,26
376,1648,4.89474,279,100,26,0,0,0,0,0,0,0,0,31
377,1404,3.41379,198,100,36,0,0,0,0,0,0,0,0,22
378,1500,3.77419,234,100,36,0,0,0,0,0,0,0,0,26
379,1382,3.15,189,100,39,0,0,0,0,0,0,0,0,21
380,1434,4.2,252,100,32,0,0,0,0,0,0,0,0,28
381,1490,4.86885,297,100,28,0,0,0,0,0,0,0,0,33
382,1368,4.13115,252,100,33,0,0,0,0,0,0,0,0,28
383,1570,4.93548,306,100,28,0,0,0,0,0,0,0,0,34
384,1210,4.33929,243,100,29,0,0,0,0,0,0,0,0,27
385,1496,4.15385,270,100,35,0,0,0,0,0,0,0,0,30
386,1570,4.65,279,100,29,0,0,0,0,0,0,0,0,31
387,1428,4.65,279,100,29,0,0,0,0,0,0,0,0,31
388,1614,4.78125,306,100,30,0,0,0,0,0,0,0,0,34
389,1592,4.89474,279,100,26,0,0,0,0,0,0,0,0,31
390,1542,4.95,297,100,27,0,0,0,0,0,0,0,0,33
391,1574,4.29231,279,100,34,0,0,0,0,0,0,0,0,31
392,1668,4.57143,288,100,31,0,0,0,0,0,0,0,0,32
393,1668,4.74545,261,100,26,0,0,0,0,0,0,0,0,29
394,1686,3.94737,225,100,32,0,0,0,0,0,0,0,0,25
395,1964,5.05263,288,100,25,0,0,0,0,0,0,0,0,32
396,1760,4.32692,225,100,27,0,0,0,0,0,0,0,0,25
397,1638,3.57143,225,100,38,0,0,0,0,0,0,0,0,25
398,1850,4.34483,252,100,30,0,0,0,0,0,0,0,0,28
399,1900,4.73684,270,100,27,0,0,0,0,0,0,0,0,30
400,1642,3.72414,216,100,34,0,0,0,0,0,0,0,0,24
401,1734,4.8,288,100,28,0,0,0,0,0,0,0,0,32
402,1914,4.88136,288,100,27,0,0,0,0,0,0,0,0,32
403,1458,4.42105,252,100,29,0,0,0,0,0,0,0,0,28
404,1300,4.42623,270,100,31,0,0,0,0,0,0,0,0,30
405,1310,3.53846,230,100,39,0,0,0,0,1,0,0,0,25
406,1406,4.28571,270,100,33,0,0,0,0,0,0,0,0,30
407,1442,3.28571,207,100,40,0,0,0,0,0,0,0,0,23
408,1512,4.35938,279,100,33,0,0,0,0,0,0,0,0,31
409,1142,3.47368,198,100,35,0,0,0,0,0,0,0,0,22
410,1546,3.57143,225,100,38,0,0,0,0,0,0,0,0,25
411,1510,3.50847,207,100,36,0,0,0,0,0,0,0,0,23
412,1744,4.42373,261,100,30,0,0,0,0,0,0,0,0,29
413,1690,4.11864,243,100,32,0,0,0,0,0,0,0,0,27
414,1514,4.05,243,100,33,0,0,0,0,0,0,0,0,27
415,1652,3.6,234,100,39,0,0,0,0,0,0,0,0,26
416,1480,3.45,207,100,37,0,0,0,0,0,0,0,0,23
417,1308,2.72727,180,100,46,0,0,0,0,0,0,0,0,20
418,1492,3.28571,207,100,40,0,0,0,0,0,0,0,0,23
419,1432,3.2459,198,100,39,0,0,0,0,0,0,0,0,22
420,1594,3.83607,234,100,35,0,0,0,0,0,0,0,0,26
421,1662,4.58182,252,100,27,0,0,0,0,0,0,0,0,28
422,1512,3.10345,180,100,38,0,0,0,0,0,0,0,0,20
423,1490,3.66102,216,100,35,0,0,0,0,0,0,0,0,24
424,1648,3,189,100,42,0,0,0,0,0,0,0,0,21
425,1640,3.14286,198,100,41,0,0,0,0,0,0,0,0,22
426,1590,3.54098,216,100,37,0,0,0,0,0,0,0,0,24
427,1532,3.72414,216,100,34,0,0,0,0,0,0,0,0,24
428,1530,3.9,234,100,34,0,0,0,0,0,0,0,0,26
429,1686,4.58491,243,100,26,0,0,0,0,0,0,0,0,27
430,1500,3.94737,225,100,32,0,0,0,0,0,0,0,0,25
431,1770,4.25455,234,100,29,0,0,0,0,0,0,0,0,26
432,1962,3.92727,216,100,31,0,0,0,0,0,0,0,0,24
433,1936,3.47368,198,100,35,0,0,0,0,0,0,0,0,22
434,1828,3.45,207,100,37,0,0,0,0,0,0,0,0,23
435,1942,2.63793,153,100,41,0,0,0,0,0,0,0,0,17
436,2082,3.53571,198,100,34,0,0,0,0,0,0,0,0,22
437,1542,4.2,252,100,32,0,0,0,0,0,0,0,0,28
438,1448,3.51562,225,100,39,0,0,0,0,0,0,0,0,25
439,1466,3.81356,225,100,34,0,0,0,0,0,0,0,0,25
440,1714,4.35,261,100,31,0,0,0,0,0,0,0,0,29
441,1298,3.72414,216,100,34,0,0,0,0,0,0,0,0,24
442,1514,3.68852,225,100,36,0,0,0,0,0,0,0,0,25
443,1702,4.35,261,100,31,0,0,0,0,0,0,0,0,29
444,1828,4.64516,288,100,30,0,0,0,0,0,0,0,0,32
445,1764,3.81356,225,100,34,0,0,0,0,0,0,0,0,25
446,1728,4.06452,252,100,34,0,0,0,0,0,0,0,0,28
447,2370,4.64062,297,100,31,0,0,0,0,0,0,0,0,33
448,1696,3.9661,234,100,33,0,0,0,0,0,0,0,0,26
449,2060,4.27869,261,100,32,0,0,0,0,0,0,0,0,29
450,1874,4.27119,252,100,31,0,0,0,0,0,0,0,0,28
451,1666,4.01786,225,100,31,0,0,0,0,0,0,0,0,25
452,1976,4.5,279,100,31,0,0,0,0,0,0,0,0,31
453,2006,4.85714,306,100,29,0,0,0,0,0,0,0,0,34
454,1676,5.1,306,100,26,0,0,0,0,0,0,0,0,34
455,1508,4.5,261,100,29,0,0,0,0,0,0,0,0,29
456,1582,3.87931,225,100,33,0,0,0,0,0,0,0,0,25
457,1580,3.9661,234,100,33,0,0,0,0,0,0,0,0,26
458,1476,3.6,216,100,36,0,0,0,0,0,0,0,0,24
459,1468,3.98361,243,100,34,0,0,0,0,0,0,0,0,27
460,1440,4.2,252,100,32,0,0,0,0,0,0,0,0,28
461,1556,3.76119,252,100,39,0,0,0,0,0,0,0,0,28
462,1424,3.42857,216,100,39,0,0,0,0,0,0,0,0,24
463,1386,3.51562,225,100,39,0,0,0,0,0,0,0,0,25
464,1562,4.14286,261,100,34,0,0,0,0,0,0,0,0,29
465,1664,4.72131,288,100,29,0,0,0,0,0,0,0,0,32
466,1604,4.57627,270,100,29,0,0,0,0,0,0,0,0,30
467,1776,4.35,261,100,31,0,0,0,0,0,0,0,0,29
468,1294,3.98361,243,100,34,0,0,0,0,0,0,0,0,27
469,1302,3.65625,234,100,38,0,0,0,0,0,0,0,0,26
470,1496,4.36508,275,100,32,0,0,0,0,1,0,0,0,30
471,1558,4.2,252,100,32,0,0,0,0,0,0,0,0,28
472,1728,5.01639,306,100,27,0,0,0,0,0,0,0,0,34
473,1690,4.57377,279,100,30,0,0,0,0,0,0,0,0,31
474,1354,4.98214,279,100,25,0,0,0,0,0,0,0,0,31
475,1482,4.81034,279,100,27,0,0,0,0,0,0,0,0,31
476,1512,4.64516,288,100,30,0,0,0,0,0,0,0,0,32
477,1522,4.5,270,100,30,0,0,0,0,0,0,0,0,30
478,1482,4.42105,252,100,29,0,0,0,0,0,0,0,0,28
479,1680,4.72131,288,100,29,0,0,0,0,0,0,0,0,32
480,1546,4.42105,252,100,29,0,0,0,0,0,0,0,0,28
481,1906,6.16667,333,100,17,0,0,0,0,0,0,0,0,37
482,2382,5.42857,342,100,25,0,0,0,0,0,0,0,0,38
483,1874,4.57895,261,100,28,0,0,0,0,0,0,0,0,29
484,1820,4.57895,261,100,28,0,0,0,0,0,0,0,0,29
485,2052,4.33333,234,100,28,0,0,0,0,0,0,0,0,26
486,2002,3.83607,234,100,35,0,0,0,0,0,0,0,0,26
487,1810,3.71429,234,100,37,0,0,0,0,0,0,0,0,26
488,1642,4.42373,261,100,30,0,0,0,0,0,0,0,0,29
489,1498,4.81034,279,100,27,0,0,0,0,0,0,0,0,31
490,1220,4.17857,234,100,30,0,0,0,0,0,0,0,0,26
491,1494,4.81034,279,100,27,0,0,0,0,0,0,0,0,31
492,1366,3.69643,207,100,33,0,0,0,0,0,0,0,0,23
493,1928,4.65,279,100,29,0,0,0,0,0,0,0,0,31
494,2018,4.35484,270,100,32,0,0,0,0,0,0,0,0,30
495,2068,4.65,279,100,29,0,0,0,0,0,0,0,0,31
496,2196,4.42373,261,100,30,0,0,0,0,0,0,0,0,29
497,1848,3.85484,239,100,35,0,0,0,0,1,0,0,0,26
498,1678,4.59259,248,100,26,0,0,0,0,1,0,0,0,27
499,1758,4.5,252,100,28,0,0,0,0,0,0,0,0,28
500,1706,4.26316,243,100,30,0,0,0,0,0,0,0,0,27
501,2134,5.4,324,100,24,0,0,0,0,0,0,0,0,36
502,2182,5.4,324,100,24,0,0,0,0,0,0,0,0,36
503,1598,4.66071,261,100,27,0,0,0,0,0,0,0,0,29
504,1648,4.05,243,100,33,0,0,0,0,0,0,0,0,27
505,1716,4.2,252,100,32,0,0,0,0,0,0,0,0,28
506,2016,4.86885,297,100,28,0,0,0,0,0,0,0,0,33
507,1716,4.01538,261,100,36,0,0,0,0,0,0,0,0,29
508,1382,4.72881,279,100,28,0,0,0,0,0,0,0,0,31
509,1520,4.85714,306,100,29,0,0,0,0,0,0,0,0,34
510,1750,5.37097,333,100,25,0,0,0,0,0,0,0,0,37
511,1522,5.14286,288,100,24,0,0,0,0,0,0,0,0,32
512,1500,5.46429,306,100,22,0,0,0,0,0,0,0,0,34
513,1434,5.68421,324,100,21,0,0,0,0,0,0,0,0,36
514,1384,5.69388,279,100,18,0,0,0,0,0,0,0,0,31
515,1398,4.91071,275,100,25,0,0,0,0,1,0,0,0,30
516,1606,5.2069,302,100,24,0,0,0,0,1,0,0,0,33
517,1692,5.35849,284,100,21,0,0,0,0,1,0,0,0,31
518,1706,5.92982,338,100,19,0,0,0,0,1,0,0,0,37
519,1590,5.48333,329,100,23,0,0,0,0,1,0,0,0,36
520,1782,5.1,306,100,26,0,0,0,0,0,0,0,0,34
521,1796,5.7,342,100,22,0,0,0,0,0,0,0,0,38
522,1620,5.25,315,100,25,0,0,0,0,0,0,0,0,35
523,1410,5.21053,297,100,24,0,0,0,0,0,0,0,0,33
524,1250,5.45902,333,100,24,0,0,0,0,0,0,0,0,37
525,1310,5.0339,297,100,26,0,0,0,0,0,0,0,0,33
526,1578,4.65,279,100,29,0,0,0,0,0,0,0,0,31
527,1944,5.53846,360,100,25,0,0,0,0,0,0,0,0,40
528,2322,5.31148,324,100,25,0,0,0,0,0,0,0,0,36
529,2132,5.16393,315,100,26,0,0,0,0,0,0,0,0,35
530,2264,4.86885,297,100,28,0,0,0,0,0,0,0,0,33
531,2730,5.34375,342,100,26,0,0,0,0,0,0,0,0,38
532,3156,5.45902,333,100,24,0,0,0,0,0,0,0,0,37
533,2800,5.94643,333,100,19,0,0,0,0,0,0,0,0,37
534,2884,5.46429,306,100,22,0,0,0,0,0,0,0,0,34
535,3064,5.79661,342,100,21,0,0,0,0,0,0,0,0,38
536,1874,4.90909,324,100,30,0,0,0,0,0,0,0,0,36
537,1370,5.4,351,100,26,0,0,0,0,0,0,0,0,39
538,1504,5.37313,360,100,27,0,0,0,0,0,0,0,0,40
539,1246,4.73684,270,100,27,0,0,0,0,0,0,0,0,30
540,1300,5.45902,333,100,24,0,0,0,0,0,0,0,0,37
541,1286,5.22581,324,100,26,0,0,0,0,0,0,0,0,36
542,1632,5.55,333,100,23,0,0,0,0,0,0,0,0,37
543,1470,5.79661,342,100,21,0,0,0,0,0,0,0,0,38
544,1404,5.7,342,100,22,0,0,0,0,0,0,0,0,38
545,1524,5.85,351,100,21,0,0,0,0,0,0,0,0,39
546,1420,5.84211,333,100,20,0,0,0,0,0,0,0,0,37
547,1524,5.74138,333,100,21,0,0,0,0,0,0,0,0,37
548,1934,5.94915,351,100,20,0,0,0,0,0,0,0,0,39
549,1684,5.43103,315,100,23,0,0,0,0,0,0,0,0,35
550,2030,6.31579,360,100,17,0,0,0,0,0,0,0,0,40
551,1772,5.33898,315,100,24,0,0,0,0,0,0,0,0,35
552,2132,5,315,100,28,0,0,0,0,0,0,0,0,35
553,2438,5.28571,333,100,26,0,0,0,0,0,0,0,0,37
554,2892,6.14286,387,100,20,0,0,0,0,0,0,0,0,43
555,1730,5.66667,306,100,20,0,0,0,0,0,0,0,0,34
556,1618,6.63158,378,100,15,0,0,0,0,0,0,0,0,42
557,1918,6.96226,369,100,12,0,0,0,0,0,0,0,0,41
558,1700,6.58929,369,100,15,0,0,0,0,0,0,0,0,41
559,1478,6.05455,333,100,18,0,0,0,0,0,0,0,0,37
560,1414,5.88462,306,100,18,0,0,0,0,0,0,0,0,34
561,1702,6.42857,315,100,14,0,0,0,0,0,0,0,0,35
562,1380,5.60377,297,100,20,0,0,0,0,0,0,0,0,33
563,1196,5,270,100,24,0,0,0,0,0,0,0,0,30
564,1420,5.33898,315,100,24,0,0,0,0,0,0,0,0,35
565,1374,4.88136,288,100,27,0,0,0,0,0,0,0,0,32
566,1574,5.07273,279,100,24,0,0,0,0,0,0,0,0,31
567,1742,4.95,297,100,27,0,0,0,0,0,0,0,0,33
568,1886,4.92188,315,100,29,0,0,0,0,0,0,0,0,35
569,2002,5.42857,342,100,25,0,0,0,0,0,0,0,0,38
570,1804,5.16393,315,100,26,0,0,0,0,0,0,0,0,35
571,1702,4.42373,261,100,30,0,0,0,0,0,0,0,0,29
572,2042,4.86885,297,100,28,0,0,0,0,0,0,0,0,33
573,2222,4.5,252,100,28,0,0,0,0,0,0,0,0,28
574,1644,3.81356,225,100,34,0,0,0,0,0,0,0,0,25
575,1574,3.62903,225,100,37,0,0,0,0,0,0,0,0,25
576,1082,3.05085,180,100,39,0,0,0,0,0,0,0,0,20
577,1572,4.5,279,100,31,0,0,0,0,0,0,0,0,31
578,1630,4.5,270,100,30,0,0,0,0,0,0,0,0,30
579,2000,4.06452,252,100,34,0,0,0,0,0,0,0,0,28
580,2172,4.93548,306,100,28,0,0,0,0,0,0,0,0,34
581,2738,5.12308,333,100,28,0,0,0,0,0,0,0,0,37
582,2580,5.52632,315,100,22,0,0,0,0,0,0,0,0,35
583,2754,5.66667,306,100,20,0,0,0,0,0,0,0,0,34
584,3072,5.21053,297,100,24,0,0,0,0,0,0,0,0,33
585,3274,5.36842,306,100,23,0,0,0,0,0,0,0,0,34
586,3668,4.98214,279,100,25,0,0,0,0,0,0,0,0,31
587,3940,4.83333,261,100,25,0,0,0,0,0,0,0,0,29
588,3204,6.05172,351,100,19,0,0,0,0,0,0,0,0,39
589,3110,5.66667,306,100,20,0,0,0,0,0,0,0,0,34
590,2776,5.51613,342,100,24,0,0,0,0,0,0,0,0,38
591,1694,4.79032,297,100,29,0,0,0,0,0,0,0,0,33
592,1766,5.84211,333,100,20,0,0,0,0,0,0,0,0,37
593,1918,5.64407,333,100,22,0,0,0,0,0,0,0,0,37
594,1928,5.89091,324,100,19,0,0,0,0,0,0,0,0,36
595,1756,5.78571,324,100,20,0,0,0,0,0,0,0,0,36
596,1644,4.95,297,100,27,0,0,0,0,0,0,0,0,33
597,1440,4.81034,279,100,27,0,0,0,0,0,0,0,0,31
598,1422,5.25,315,100,25,0,0,0,0,0,0,0,0,35
599,1538,4.95,297,100,27,0,0,0,0,0,0,0,0,33
600,1538,4.57627,270,100,29,0,0,0,0,0,0,0,0,30
601,1892,5.2069,302,100,24,0,0,0,0,1,0,0,0,33
602,2042,4.9661,293,100,26,0,0,0,0,1,0,0,0,32
603,2062,3.91803,239,100,34,0,0,0,0,1,0,0,0,26
604,2326,4.70769,306,100,31,0,0,0,0,0,0,0,0,34
605,2140,4.57377,279,100,30,0,0,0,0,0,0,0,0,31
606,2148,4.57627,270,100,29,0,0,0,0,0,0,0,0,30
607,2946,4.79032,297,100,29,0,0,0,0,0,0,0,0,33
608,1704,4.82143,270,100,26,0,0,0,0,0,0,0,0,30
609,1942,5.60377,297,100,20,0,0,0,0,0,0,0,0,33
610,2200,5.14286,324,100,27,0,0,0,0,0,0,0,0,36
611,2322,4.93548,306,100,28,0,0,0,0,0,0,0,0,34
612,2414,4.13115,252,100,33,0,0,0,0,0,0,0,0,28
613,2094,4.72131,288,100,29,0,0,0,0,0,0,0,0,32
614,2108,5.22581,324,100,26,0,0,0,0,0,0,0,0,36
615,1554,4.90909,270,100,25,0,0,0,0,0,0,0,0,30
616,2158,5.4,297,100,22,0,0,0,0,0,0,0,0,33
617,1852,5.4,297,100,22,0,0,0,0,0,0,0,0,33
618,1948,5.72727,315,100,20,0,0,0,0,0,0,0,0,35
619,1860,4.89474,279,100,26,0,0,0,0,0,0,0,0,31
620,2170,4.78125,306,100,30,0,0,0,0,0,0,0,0,34
621,2154,5.01639,306,100,27,0,0,0,0,0,0,0,0,34
622,1958,3.9375,252,100,36,0,0,0,0,0,0,0,0,28
623,2106,4.06452,252,100,34,0,0,0,0,0,0,0,0,28
624,2094,4.34483,252,100,30,0,0,0,0,0,0,0,0,28
625,2074,4.28571,270,100,33,0,0,0,0,0,0,0,0,30
626,2220,4.57627,270,100,29,0,0,0,0,0,0,0,0,30
627,2560,5.16393,315,100,26,0,0,0,0,0,0,0,0,35
628,1822,4.35484,270,100,32,0,0,0,0,0,0,0,0,30
629,1576,4.27869,261,100,32,0,0,0,0,0,0,0,0,29
630,1614,4.35,261,100,31,0,0,0,0,0,0,0,0,29
631,2038,4.90625,314,100,29,0,0,0,0,0,0,0,1,34
632,1902,4.56667,274,100,29,0,0,0,0,1,0,0,1,29
633,1798,4.20968,261,100,33,0,0,0,0,0,0,0,0,29
634,1856,3.78947,216,100,33,0,0,0,0,0,0,0,0,24
635,1800,4.25455,234,100,29,0,0,0,0,0,0,0,0,26
636,1796,3.66102,216,100,35,0,0,0,0,0,0,0,0,24
637,1660,4.41818,243,100,28,0,0,0,0,0,0,0,0,27
638,2208,4.65,279,100,29,0,0,0,0,0,0,0,0,31
639,2130,4.57895,261,100,28,0,0,0,0,0,0,0,0,29
640,2164,4.81034,279,100,27,0,0,0,0,0,0,0,0,31
641,1598,4.81034,279,100,27,0,0,0,0,0,0,0,0,31
642,1754,4.95,297,100,27,0,0,0,0,0,0,0,0,33
643,1572,4.96552,288,100,26,0,0,0,0,0,0,0,0,32
644,1426,4.72881,279,100,28,0,0,0,0,0,0,0,0,31
645,1580,5.01639,306,100,27,0,0,0,0,0,0,0,0,34
646,1742,4.20968,261,100,33,0,0,0,0,0,0,0,0,29
647,1744,4.8,288,100,28,0,0,0,0,0,0,0,0,32
648,1616,4.5,261,100,29,0,0,0,0,0,0,0,0,29
649,1578,4.98214,279,100,25,0,0,0,0,0,0,0,0,31
650,1708,5.36842,306,100,23,0,0,0,0,0,0,0,0,34
651,1832,4.26316,243,100,30,0,0,0,0,0,0,0,0,27
652,1874,4.74545,261,100,26,0,0,0,0,0,0,0,0,29
653,1524,4.40816,216,100,25,0,0,0,0,0,0,0,0,24
654,1762,4.74545,261,100,26,0,0,0,0,0,0,0,0,29
655,1894,4.8,288,100,28,0,0,0,0,0,0,0,0,32
656,1678,5.77358,306,100,19,0,0,0,0,0,0,0,0,34
657,1632,4.95,297,100,27,0,0,0,0,0,0,0,0,33
658,1586,3.83607,234,100,35,0,0,0,0,0,0,0,0,26
659,1442,3.56897,207,100,35,0,0,0,0,0,0,0,0,23
660,1800,4.09091,270,100,36,0,0,0,0,0,0,0,0,30
661,1824,3.98361,243,100,34,0,0,0,0,0,0,0,0,27
662,1348,3.42857,216,100,39,0,0,0,0,0,0,0,0,24
663,1690,4.34483,252,100,30,0,0,0,0,0,0,0,0,28
664,1562,3.9661,234,100,33,0,0,0,0,0,0,0,0,26
665,1854,4.27869,261,100,32,0,0,0,0,0,0,0,0,29
666,1796,4.5,243,100,27,0,0,0,0,0,0,0,0,27
667,1338,4.5,252,100,28,0,0,0,0,0,0,0,0,28
668,1414,5.05455,278,100,24,0,0,0,0,0,0,0,1,30
669,1614,4.58182,252,100,27,0,0,0,0,0,0,0,0,28
670,2074,4.89474,279,100,26,0,0,0,0,0,0,0,0,31
671,1822,4.5,243,100,27,0,0,0,0,0,0,0,0,27
672,1628,4.11864,243,100,32,0,0,0,0,0,0,0,0,27
673,1328,3.9661,234,100,33,0,0,0,0,0,0,0,0,26
674,1638,3.87931,225,100,33,0,0,0,0,0,0,0,0,25
675,1760,4.26316,243,100,30,0,0,0,0,0,0,0,0,27
676,1852,4.35,261,100,31,0,0,0,0,0,0,0,0,29
677,1860,4.86441,287,100,27,0,0,0,0,0,0,0,1,31
678,1672,3.94737,225,100,32,0,0,0,0,0,0,0,0,25
679,1452,3.81356,225,100,34,0,0,0,0,0,0,0,0,25
680,1292,3.72414,216,100,34,0,0,0,0,0,0,0,0,24
681,1732,3.81356,225,100,34,0,0,0,0,0,0,0,0,25
682,1930,4.11864,243,100,32,0,0,0,0,0,0,0,0,27
683,1768,2.94828,171,100,39,0,0,0,0,0,0,0,0,19
684,1974,4.11864,243,100,32,0,0,0,0,0,0,0,0,27
685,1784,3.25862,189,100,37,0,0,0,0,0,0,0,0,21
686,1622,3.56604,189,100,32,0,0,0,0,0,0,0,0,21
687,1700,4.5,270,100,30,0,0,0,0,0,0,0,0,30
688,1154,3.56897,207,100,35,0,0,0,0,0,0,0,0,23
689,1526,4.57627,270,100,29,0,0,0,0,0,0,0,0,30
690,1480,3.56897,207,100,35,0,0,0,0,0,0,0,0,23
691,1848,4.65517,270,100,28,0,0,0,0,0,0,0,0,30
692,1974,4.35938,279,100,33,0,0,0,0,0,0,0,0,31
693,1900,3.71429,234,100,37,0,0,0,0,0,0,0,0,26
694,1680,4.26316,243,100,30,0,0,0,0,0,0,0,0,27
695,2440,4.93548,306,100,28,0,0,0,0,0,0,0,0,34
696,2378,4.5,270,100,30,0,0,0,0,0,0,0,0,30
697,1980,4.64516,288,100,30,0,0,0,0,0,0,0,0,32
698,2388,4.71429,297,100,30,0,0,0,0,0,0,0,0,33
699,2062,4.06452,252,100,34,0,0,0,0,0,0,0,0,28
700,2516,4.57627,270,100,29,0,0,0,0,0,0,0,0,30
701,2914,4.79032,297,100,29,0,0,0,0,0,0,0,0,33
702,2554,5.12069,297,100,25,0,0,0,0,0,0,0,0,33
703,2492,4.79032,297,100,29,0,0,0,0,0,0,0,0,33
704,1666,4.57895,261,100,28,0,0,0,0,0,0,0,0,29
705,1698,4.57627,270,100,29,0,0,0,0,0,0,0,0,30
706,1780,4.73684,270,100,27,0,0,0,0,0,0,0,0,30
707,1544,4.27869,261,100,32,0,0,0,0,0,0,0,0,29
708,1488,4.95,297,100,27,0,0,0,0,0,0,0,0,33
709,1464,4.50909,248,100,27,0,0,0,0,1,0,0,0,27
710,1458,4.57377,279,100,30,0,0,0,0,0,0,0,0,31
711,1586,4.71429,297,100,30,0,0,0,0,0,0,0,0,33
712,1576,4.5,252,100,28,0,0,0,0,0,0,0,0,28
713,1682,4.03448,234,100,32,0,0,0,0,0,0,0,0,26
714,1866,4.5,270,100,30,0,0,0,0,0,0,0,0,30
715,1790,4.01786,225,100,31,0,0,0,0,0,0,0,0,25
716,1864,3.6,234,100,39,0,0,0,0,0,0,0,0,26
717,2070,3.51562,225,100,39,0,0,0,0,0,0,0,0,25
718,1846,3.75,225,100,35,0,0,0,0,0,0,0,0,25
719,2126,4.07812,261,100,35,0,0,0,0,0,0,0,0,29
720,2016,4.27869,261,100,32,0,0,0,0,0,0,0,0,29
721,1950,3.33871,207,100,39,0,0,0,0,0,0,0,0,23
722,2384,3.54098,216,100,37,0,0,0,0,0,0,0,0,24
723,2320,4.65517,270,100,28,0,0,0,0,0,0,0,0,30
724,1992,5.0339,297,100,26,0,0,0,0,0,0,0,0,33
725,1956,4.65,279,100,29,0,0,0,0,0,0,0,0,31
726,1898,5.56364,306,100,21,0,0,0,0,0,0,0,0,34
727,1484,4.65,279,100,29,0,0,0,0,0,0,0,0,31
728,1614,5.12069,297,100,25,0,0,0,0,0,0,0,0,33
729,1502,5.18644,306,100,25,0,0,0,0,0,0,0,0,34
730,1712,5.55,333,100,23,0,0,0,0,0,0,0,0,37
731,1798,5.74138,333,100,21,0,0,0,0,0,0,0,0,37
732,1900,5.60656,342,100,23,0,0,0,0,0,0,0,0,38
733,2358,5.0339,297,100,26,0,0,0,0,0,0,0,0,33
734,2318,5.08065,315,100,27,0,0,0,0,0,0,0,0,35
735,2204,5.43103,315,100,23,0,0,0,0,0,0,0,0,35
736,1954,4.28571,270,100,33,0,0,0,0,0,0,0,0,30
737,2206,4.65517,270,100,28,0,0,0,0,0,0,0,0,30
738,2054,5.33898,315,100,24,0,0,0,0,0,0,0,0,35
739,1550,5.19231,270,100,22,0,0,0,0,0,0,0,0,30
740,2104,4.65517,270,100,28,0,0,0,0,0,0,0,0,30
741,2024,4.98214,279,100,25,0,0,0,0,0,0,0,0,31
742,2038,5.14286,288,100,24,0,0,0,0,0,0,0,0,32
743,1964,4.41818,243,100,28,0,0,0,0,0,0,0,0,27
744,2154,4.82143,270,100,26,0,0,0,0,0,0,0,0,30
745,2726,5.12069,297,100,25,0,0,0,0,0,0,0,0,33
746,2498,4.90909,270,100,25,0,0,0,0,0,0,0,0,30
747,2234,4.58182,252,100,27,0,0,0,0,0,0,0,0,28
748,2286,4.75472,252,100,25,0,0,0,0,0,0,0,0,28
749,2524,5.7,342,100,22,0,0,0,0,0,0,0,0,38
750,2416,5.43103,315,100,23,0,0,0,0,0,0,0,0,35
751,2356,4.89474,279,100,26,0,0,0,0,0,0,0,0,31
752,2412,5.30357,297,100,23,0,0,0,0,0,0,0,0,33
753,2718,5.47059,279,100,20,0,0,0,0,0,0,0,0,31
754,3736,6.47368,369,100,16,0,0,0,0,0,0,0,0,41
755,3080,6.11321,324,100,17,0,0,0,0,0,0,0,0,36
756,3814,6.21818,342,100,17,0,0,0,0,0,0,0,0,38
757,3336,6.06122,297,100,16,0,0,0,0,0,0,0,0,33
758,3728,5.5,297,100,21,0,0,0,0,0,0,0,0,33
759,3560,4.34483,252,100,30,0,0,0,0,0,0,0,0,28
760,3696,4.09091,225,100,30,0,0,0,0,0,0,0,0,25
761,3006,3.76364,207,100,32,0,0,0,0,0,0,0,0,23
762,2822,4.32143,242,100,29,0,0,0,0,0,0,0,1,26
763,3296,4.48214,251,100,28,0,0,0,0,0,0,0,1,27
764,2566,4.24561,242,100,30,0,0,0,0,0,0,0,1,26
765,2558,4.73684,270,100,27,0,0,0,0,0,0,0,0,30
766,2702,5.43396,288,100,21,0,0,0,0,0,0,0,0,32
767,3290,4.82143,270,100,26,0,0,0,0,0,0,0,0,30
768,3448,5.43103,315,100,23,0,0,0,0,0,0,0,0,35
769,4026,4.86885,297,100,28,0,0,0,0,0,0,0,0,33
770,3896,4.93548,306,100,28,0,0,0,0,0,0,0,0,34
771,3650,5.14286,288,100,24,0,0,0,0,0,0,0,0,32
772,3948,4.09091,225,100,30,0,0,0,0,0,0,0,0,25
773,4082,4.42105,252,100,29,0,0,0,0,0,0,0,0,28
774,4328,4.10526,234,100,31,0,0,0,0,0,0,0,0,26
775,3536,4.41818,243,100,28,0,0,0,0,0,0,0,0,27
776,3994,3.66102,216,100,35,0,0,0,0,0,0,0,0,24
777,3590,4.11864,243,100,32,0,0,0,0,0,0,0,0,27
778,2682,4.20968,261,100,33,0,0,0,0,0,0,0,0,29
779,3244,3.33871,207,100,39,0,0,0,0,0,0,0,0,23
780,3242,3.63158,207,100,34,0,0,0,0,0,0,0,0,23
781,2546,3.2459,198,100,39,0,0,0,0,0,0,0,0,22
782,2796,3.66102,216,100,35,0,0,0,0,0,0,0,0,24
783,2922,3.45,207,100,37,0,0,0,0,0,0,0,0,23
784,3690,4.5,279,100,31,0,0,0,0,0,0,0,0,31
785,4004,4.2,252,100,32,0,0,0,0,0,0,0,0,28
786,4330,4.27119,252,100,31,0,0,0,0,0,0,0,0,28
787,2802,3.5,189,100,33,0,0,0,0,0,0,0,0,21
788,2152,3.10909,171,100,36,0,0,0,0,0,0,0,0,19
789,2224,3,171,100,38,0,0,0,0,0,0,0,0,19
790,2518,3.27273,180,100,35,0,0,0,0,0,0,0,0,20
791,2310,3.31579,189,100,36,0,0,0,0,0,0,0,0,21
792,1900,2.80328,171,100,42,0,0,0,0,0,0,0,0,19
793,1536,2.73214,153,100,39,0,0,0,0,0,0,0,0,17
794,1596,3.31579,189,100,36,0,0,0,0,0,0,0,0,21
795,1892,3.56897,207,100,35,0,0,0,0,0,0,0,0,23
796,1616,3.375,189,100,35,0,0,0,0,0,0,0,0,21
797,1596,3.05357,171,100,37,0,0,0,0,0,0,0,0,19
798,1714,3.53571,198,100,34,0,0,0,0,0,0,0,0,22
799,2146,4.01786,225,100,31,0,0,0,0,0,0,0,0,25
800,2236,3.39623,180,100,33,0,0,0,0,0,0,0,0,20
801,2616,3.5,189,100,33,0,0,0,0,0,0,0,0,21
802,2572,3.66667,198,100,32,0,0,0,0,0,0,0,0,22
803,2288,3.10345,180,100,38,0,0,0,0,0,0,0,0,20
804,2178,3.87931,225,100,33,0,0,0,0,0,0,0,0,25
805,1972,3.46154,225,100,40,0,0,0,0,0,0,0,0,25
806,2084,4.35,261,100,31,0,0,0,0,0,0,0,0,29
807,1946,4.01786,225,100,31,0,0,0,0,0,0,0,0,25
808,2058,4.41509,234,100,27,0,0,0,0,0,0,0,0,26
809,2138,4.03448,234,100,32,0,0,0,0,0,0,0,0,26
810,1820,4.5,252,100,28,0,0,0,0,0,0,0,0,28
811,1574,4.35,261,100,31,0,0,0,0,0,0,0,0,29
812,1660,3.81356,225,100,34,0,0,0,0,0,0,0,0,25
813,1748,3.18462,207,100,42,0,0,0,0,0,0,0,0,23
814,1416,2.74576,162,100,41,0,0,0,0,0,0,0,0,18
815,1700,2.95082,180,100,41,0,0,0,0,0,0,0,0,20
816,1556,2.90769,189,100,44,0,0,0,0,0,0,0,0,21
817,1364,3.21429,180,100,36,0,0,0,0,0,0,0,0,20
818,1224,3.63158,207,100,34,0,0,0,0,0,0,0,0,23
819,1418,3.98361,243,100,34,0,0,0,0,0,0,0,0,27
820,1790,3.54545,234,100,40,0,0,0,0,0,0,0,0,26
821,1556,4.01786,225,100,31,0,0,0,0,0,0,0,0,25
822,1696,4.10526,234,100,31,0,0,0,0,0,0,0,0,26
823,1816,3.66667,198,100,32,0,0,0,0,0,0,0,0,22
824,1660,3.70588,189,100,30,0,0,0,0,0,0,0,0,21
825,1682,4.10526,234,100,31,0,0,0,0,0,0,0,0,26
826,1488,2.94545,162,100,37,0,0,0,0,0,0,0,0,18
827,1516,2.90769,189,100,44,0,0,0,0,0,0,0,0,21
828,1564,2.63077,171,100,46,0,0,0,0,0,0,0,0,19
829,1982,3.20339,189,100,38,0,0,0,0,0,0,0,0,21
830,1612,2.48276,144,100,42,0,0,0,0,0,0,0,0,16
831,2216,2.18182,144,100,50,0,0,0,0,0,0,0,0,16
832,2744,2.53125,162,100,46,0,0,0,0,0,0,0,0,18
833,2500,2.63793,153,100,41,0,0,0,0,0,0,0,0,17
834,2756,2.90323,180,100,42,0,0,0,0,0,0,0,0,20
835,1714,3.56897,207,100,35,0,0,0,0,0,0,0,0,23
836,2324,3.72414,216,100,34,0,0,0,0,0,0,0,0,24
837,2568,3.39623,180,100,33,0,0,0,0,0,0,0,0,20
838,2860,3.22642,171,100,34,0,0,0,0,0,0,0,0,19
839,2254,3.56604,189,100,32,0,0,0,0,0,0,0,0,21
840,2634,3.80769,198,100,30,0,0,0,0,0,0,0,0,22
841,2152,3.31579,189,100,36,0,0,0,0,0,0,0,0,21
842,2352,3.35593,198,100,37,0,0,0,0,0,0,0,0,22
843,2666,3.39344,207,100,38,0,0,0,0,0,0,0,0,23
844,1490,3.45,207,100,37,0,0,0,0,0,0,0,0,23
845,1446,3.05085,180,100,39,0,0,0,0,0,0,0,0,20
846,1498,3.45,207,100,37,0,0,0,0,0,0,0,0,23
847,1448,3.72414,216,100,34,0,0,0,0,0,0,0,0,24
848,1292,3.76364,207,100,32,0,0,0,0,0,0,0,0,23
849,1582,3.9661,234,100,33,0,0,0,0,0,0,0,0,26
850,1568,3.72414,216,100,34,0,0,0,0,0,0,0,0,24
851,2088,3.92727,216,100,31,0,0,0,0,0,0,0,0,24
852,1666,4.5,234,100,26,0,0,0,0,0,0,0,0,26
853,1778,4.67308,243,100,25,0,0,0,0,0,0,0,0,27
854,1990,4.16667,225,100,29,0,0,0,0,0,0,0,0,25
855,2430,3.63158,207,100,34,0,0,0,0,0,0,0,0,23
856,2548,3.71429,234,100,37,0,0,0,0,0,0,0,0,26
857,2724,3.50847,207,100,36,0,0,0,0,0,0,0,0,23
858,3230,2.89831,171,100,40,0,0,0,0,0,0,0,0,19
859,3352,3.54098,216,100,37,0,0,0,0,0,0,0,0,24
860,3750,3.6,216,100,36,0,0,0,0,0,0,0,0,24
861,2424,3.6,216,100,36,0,0,0,0,0,0,0,0,24
862,1850,4.01786,225,100,31,0,0,0,0,0,0,0,0,25
863,2890,4.82143,270,100,26,0,0,0,0,0,0,0,0,30
864,2912,4.5,252,100,28,0,0,0,0,0,0,0,0,28
865,2488,4.74545,261,100,26,0,0,0,0,0,0,0,0,29
866,2454,3.47368,198,100,35,0,0,0,0,0,0,0,0,22
867,1876,4.14286,261,100,34,0,0,0,0,0,0,0,0,29
868,2164,3.54098,216,100,37,0,0,0,0,0,0,0,0,24
869,2812,4.07812,261,100,35,0,0,0,0,0,0,0,0,29
870,2374,4.89474,279,100,26,0,0,0,0,0,0,0,0,31
871,2396,4.5,252,100,28,0,0,0,0,0,0,0,0,28
872,2212,4.48276,260,100,29,0,0,0,0,0,0,0,1,28
873,2418,4.63793,269,100,28,0,0,0,0,0,0,0,1,29
874,2656,4.89091,269,100,25,0,0,0,0,0,0,0,1,29
875,2500,3.79661,224,100,34,0,0,0,0,0,0,0,1,24
876,2190,4.5,261,100,29,0,0,0,0,0,0,0,0,29
877,2086,4.5,252,100,28,0,0,0,0,0,0,0,0,28
878,2198,3.73585,198,100,31,0,0,0,0,0,0,0,0,22
879,2734,4.09091,225,100,30,0,0,0,0,0,0,0,0,25
880,3212,4.05,243,100,33,0,0,0,0,0,0,0,0,27
881,3716,4.34483,252,100,30,0,0,0,0,0,0,0,0,28
882,4268,4.58182,252,100,27,0,0,0,0,0,0,0,0,28
883,3606,3.25862,189,100,37,0,0,0,0,0,0,0,0,21
884,4474,4.82143,270,100,26,0,0,0,0,0,0,0,0,30
885,3382,4.25455,234,100,29,0,0,0,0,0,0,0,0,26
886,3250,3.375,216,100,40,0,0,0,0,0,0,0,0,24
887,2484,3.62903,225,100,37,0,0,0,0,0,0,0,0,25
888,2350,3.28571,207,100,40,0,0,0,0,0,0,0,0,23
889,2312,3.03226,188,100,41,0,0,0,0,0,0,0,1,20
890,2684,3.5,224,100,39,0,0,0,0,0,0,0,1,24
891,3242,3.84127,242,100,36,0,0,0,0,0,0,0,1,26
892,3370,3.64407,215,100,35,0,0,0,0,0,0,0,1,23
893,3796,4.34483,252,100,30,0,0,0,0,0,0,0,0,28
894,2618,3.87931,225,100,33,0,0,0,0,0,0,0,0,25
895,2742,3.04615,198,100,43,0,0,0,0,0,0,0,0,22
896,3228,2.75806,171,100,43,0,0,0,0,0,0,0,0,19
897,4142,4.42373,261,100,30,0,0,0,0,0,0,0,0,29
898,3154,4.16667,225,100,29,0,0,0,0,0,0,0,0,25
899,3790,4.42373,261,100,30,0,0,0,0,0,0,0,0,29
900,3092,4.57895,261,100,28,0,0,0,0,0,0,0,0,29
901,2906,4.01538,261,100,36,0,0,0,0,0,0,0,0,29
902,3832,4.96552,288,100,26,0,0,0,0,0,0,0,0,32
903,2314,4.27869,261,100,32,0,0,0,0,0,0,0,0,29
904,2692,3.75,225,100,35,0,0,0,0,0,0,0,0,25
905,3310,4.11864,243,100,32,0,0,0,0,0,0,0,0,27
906,3904,4.5,270,100,30,0,0,0,0,0,0,0,0,30
907,2872,4.89474,279,100,26,0,0,0,0,0,0,0,0,31
908,3036,4.89474,279,100,26,0,0,0,0,0,0,0,0,31
909,2540,4.65517,270,100,28,0,0,0,0,0,0,0,0,30
910,2778,5.43396,288,100,21,0,0,0,0,0,0,0,0,32
911,3340,4.33929,243,100,29,0,0,0,0,0,0,0,0,27
912,2580,3.98148,215,100,30,0,0,0,0,0,0,0,1,23
913,3296,4.5,252,100,28,0,0,0,0,0,0,0,0,28
914,2964,4.01786,225,100,31,0,0,0,0,0,0,0,0,25
915,2890,3.69643,207,100,33,0,0,0,0,0,0,0,0,23
916,3476,4.8,288,100,28,0,0,0,0,0,0,0,0,32
917,3394,4.81034,279,100,27,0,0,0,0,0,0,0,0,31
918,3390,4.34483,252,100,30,0,0,0,0,0,0,0,0,28
919,2610,3.50847,207,100,36,0,0,0,0,0,0,0,0,23
920,2308,4.09259,221,100,29,0,0,0,0,1,0,0,0,24
921,2274,3.75,225,100,35,0,0,0,0,0,0,0,0,25
922,2396,3.83607,234,100,35,0,0,0,0,0,0,0,0,26
923,2260,4.33929,243,100,29,0,0,0,0,0,0,0,0,27
924,2042,3.56897,207,100,35,0,0,0,0,0,0,0,0,23
925,2062,3.91935,243,100,35,0,0,0,0,0,0,0,0,27
926,2124,3.71429,234,100,37,0,0,0,0,0,0,0,0,26
927,2228,3.57143,225,100,38,0,0,0,0,0,0,0,0,25
928,2636,3.63158,207,100,34,0,0,0,0,0,0,0,0,23
929,2656,3.73585,198,100,31,0,0,0,0,0,0,0,0,22
930,2828,4,216,100,30,0,0,0,0,0,0,0,0,24
931,2100,4.66667,252,100,26,0,0,0,0,0,0,0,0,28
932,2320,4.27119,252,100,31,0,0,0,0,0,0,0,0,28
933,2702,3.76364,207,100,32,0,0,0,0,0,0,0,0,23
934,1906,3.35294,171,100,32,0,0,0,0,0,0,0,0,19
935,2174,4.42105,252,100,29,0,0,0,0,0,0,0,0,28
936,2622,5.36842,306,100,23,0,0,0,0,0,0,0,0,34
937,2220,4,216,100,30,0,0,0,0,0,0,0,0,24
938,2188,4.57627,270,100,29,0,0,0,0,0,0,0,0,30
939,2434,4.42105,252,100,29,0,0,0,0,0,0,0,0,28
940,2360,4.42373,261,100,30,0,0,0,0,0,0,0,0,29
941,1916,4.5,261,100,29,0,0,0,0,0,0,0,0,29
942,1664,4.73684,270,100,27,0,0,0,0,0,0,0,0,30
943,2152,4.86885,297,100,28,0,0,0,0,0,0,0,0,33
944,2310,4.5,261,100,29,0,0,0,0,0,0,0,0,29
945,1900,4.64516,288,100,30,0,0,0,0,0,0,0,0,32
946,1612,4.25455,234,100,29,0,0,0,0,0,0,0,0,26
947,1868,4.57895,261,100,28,0,0,0,0,0,0,0,0,29
948,1814,5.66667,306,100,20,0,0,0,0,0,0,0,0,34
949,1756,5.07273,279,100,24,0,0,0,0,0,0,0,0,31
950,2024,4.88136,288,100,27,0,0,0,0,0,0,0,0,32
951,1772,4.86885,297,100,28,0,0,0,0,0,0,0,0,33
952,1732,4.57627,270,100,29,0,0,0,0,0,0,0,0,30
953,1888,4.42105,252,100,29,0,0,0,0,0,0,0,0,28
954,2348,3.92982,224,100,32,0,0,0,0,0,0,0,1,24
955,2778,4.18966,243,100,31,0,0,0,0,0,0,0,0,27
956,1868,3.31579,189,100,36,0,0,0,0,0,0,0,0,21
957,2380,4.11864,243,100,32,0,0,0,0,0,0,0,0,27
958,1410,2.89831,171,100,40,0,0,0,0,0,0,0,0,19
959,1746,3.14286,198,100,41,0,0,0,0,0,0,0,0,22
960,1578,3.66102,216,100,35,0,0,0,0,0,0,0,0,24
961,1694,3.54098,216,100,37,0,0,0,0,0,0,0,0,24
962,1704,3.46154,225,100,40,0,0,0,0,0,0,0,0,25
963,2466,4.15385,270,100,35,0,0,0,0,0,0,0,0,30
964,1970,3.72414,216,100,34,0,0,0,0,0,0,0,0,24
965,2002,3.68852,225,100,36,0,0,0,0,0,0,0,0,25
966,1494,3.375,216,100,40,0,0,0,0,0,0,0,0,24
967,1914,3.87692,252,100,37,0,0,0,0,0,0,0,0,28
968,1514,3.68852,225,100,36,0,0,0,0,0,0,0,0,25
969,1842,4.5,279,100,31,0,0,0,0,0,0,0,0,31
970,2428,4.70769,306,100,31,0,0,0,0,0,0,0,0,34
971,2248,5.1,306,100,26,0,0,0,0,0,0,0,0,34
972,2354,4.13115,252,100,33,0,0,0,0,0,0,0,0,28
973,2846,5.18644,306,100,25,0,0,0,0,0,0,0,0,34
974,2906,4.34483,252,100,30,0,0,0,0,0,0,0,0,28
975,3232,4.58491,243,100,26,0,0,0,0,0,0,0,0,27
976,3298,4.96552,288,100,26,0,0,0,0,0,0,0,0,32
977,3562,4.82143,270,100,26,0,0,0,0,0,0,0,0,30
978,3700,4.8,288,100,28,0,0,0,0,0,0,0,0,32
979,2376,5.05263,288,100,25,0,0,0,0,0,0,0,0,32
980,2960,4.89474,279,100,26,0,0,0,0,0,0,0,0,31
981,3172,4.5,252,100,28,0,0,0,0,0,0,0,0,28
982,3530,4.5,261,100,29,0,0,0,0,0,0,0,0,29
983,2374,4.58182,252,100,27,0,0,0,0,0,0,0,0,28
984,2886,4.74545,261,100,26,0,0,0,0,0,0,0,0,29
985,2812,4.90909,270,100,25,0,0,0,0,0,0,0,0,30
986,2934,4.72881,279,100,28,0,0,0,0,0,0,0,0,31
987,2130,4.89474,279,100,26,0,0,0,0,0,0,0,0,31
988,1980,4.27869,261,100,32,0,0,0,0,0,0,0,0,29
989,2732,5.0339,297,100,26,0,0,0,0,0,0,0,0,33
990,2906,5.33898,315,100,24,0,0,0,0,0,0,0,0,35
991,2448,4.90909,270,100,25,0,0,0,0,0,0,0,0,30
992,2010,4.73684,270,100,27,0,0,0,0,0,0,0,0,30
993,2064,3.87931,225,100,33,0,0,0,0,0,0,0,0,25
994,2026,3.76364,207,100,32,0,0,0,0,0,0,0,0,23
995,2090,4.01786,225,100,31,0,0,0,0,0,0,0,0,25
996,1684,3.375,189,100,35,0,0,0,0,0,0,0,0,21
997,1772,3.78947,216,100,33,0,0,0,0,0,0,0,0,24
998,2184,4.72131,288,100,29,0,0,0,0,0,0,0,0,32
999,2072,4.06452,252,100,34,0,0,0,0,0,0,0,0,28
