update,points,mean_tasks,total_tasks,total_orgs,task_0,task_1,task_2,task_3,task_4,task_5,task_6,task_7,task_8,task_9
0,0,nan,0,10,0,0,0,0,0,0,0,0,0,0
1,12,0,0,10,4,0,0,0,0,0,0,0,0,0
2,18,0,0,10,5,0,0,0,0,0,0,0,0,0
3,26,0,0,10,6,0,0,0,0,0,0,0,0,0
4,30,0,0,10,6,0,0,0,0,0,0,0,0,0
5,24,0,0,11,6,0,0,0,0,0,0,0,0,0
6,42,0,0,11,7,0,0,0,0,0,0,0,0,0
7,52,0,0,11,7,0,0,0,0,0,0,0,0,0
8,62,0,0,11,7,0,0,0,0,0,0,0,0,0
9,52,0,0,12,7,0,0,0,0,0,0,0,0,0
10,46,0,0,13,8,0,0,0,0,0,0,0,0,0
11,64,0,0,13,9,0,0,0,0,0,0,0,0,0
12,78,0,0,13,9,0,0,0,0,0,0,0,0,0
13,78,0,0,14,9,0,0,0,0,0,0,0,0,0
14,64,0,0,14,9,0,0,0,0,0,0,0,0,0
15,88,0,0,14,10,0,0,0,0,0,0,0,0,0
16,110,0,0,14,10,0,0,0,0,0,0,0,0,0
17,90,0,0,14,9,0,0,0,0,0,0,0,0,0
18,74,0,0,14,8,0,0,0,0,0,0,0,0,0
19,110,1,9,15,8,0,0,0,0,0,0,0,0,1
20,88,0.9,9,15,9,0,0,0,0,0,0,0,0,1
21,130,1,9,15,8,0,0,0,0,0,0,0,0,1
22,156,1.8,18,17,8,0,0,0,0,0,0,0,0,2
23,180,1.63636,18,18,9,0,0,0,0,0,0,0,0,2
24,176,1.63636,18,19,9,0,0,0,0,0,0,0,0,2
25,140,1.5,18,21,10,0,0,0,0,0,0,0,0,2
26,280,2.07692,27,22,10,0,0,0,0,0,0,0,0,3
27,218,2.25,27,23,9,0,0,0,0,0,0,0,0,3
28,342,2.07692,27,24,10,0,0,0,0,0,0,0,0,3
29,218,1.92857,27,26,11,0,0,0,0,0,0,0,0,3
30,298,1.6875,27,27,13,0,0,0,0,0,0,0,0,3
31,398,2.36842,45,29,14,0,0,0,0,0,0,0,0,5
32,410,2.64706,45,31,12,0,0,0,0,0,0,0,0,5
33,418,3.17647,54,32,11,0,0,0,0,0,0,0,0,6
34,434,3.70588,63,32,10,0,0,0,0,0,0,0,0,7
35,546,4,72,33,10,0,0,0,0,0,0,0,0,8
36,462,3.17647,54,35,11,0,0,0,0,0,0,0,0,6
37,666,3.78947,72,37,11,0,0,0,0,0,0,0,0,8
38,598,2.57143,54,38,15,0,0,0,0,0,0,0,0,6
39,724,2.34783,54,40,17,0,0,0,0,0,0,0,0,6
40,632,2.42308,63,42,19,0,0,0,0,0,0,0,0,7
41,654,2.88,72,42,17,0,0,0,0,0,0,0,0,8
42,768,3.66667,99,45,16,0,0,0,0,0,0,0,0,11
43,812,4,108,48,15,0,0,0,0,0,0,0,0,12
44,1006,3.85714,108,51,16,0,0,0,0,0,0,0,0,12
45,488,3.3,99,56,19,0,0,0,0,0,0,0,0,11
46,678,3.48387,108,58,19,0,0,0,0,0,0,0,0,12
47,694,3.44118,117,62,21,0,0,0,0,0,0,0,0,13
48,950,3.89189,144,64,21,0,0,0,0,0,0,0,0,16
49,910,4.15385,162,69,21,0,0,0,0,0,0,0,0,18
50,1114,3.95122,162,71,23,0,0,0,0,0,0,0,0,18
51,840,4.86486,180,74,17,0,0,0,0,0,0,0,0,20
52,934,4.5,198,78,22,0,0,0,0,0,0,0,0,22
53,912,4.5,207,79,23,0,0,0,0,0,0,0,0,23
54,1082,4.02128,189,81,26,0,0,0,0,0,0,0,0,21
55,1260,4.05882,207,86,28,0,0,0,0,0,0,0,0,23
56,1272,3.63462,189,90,31,0,0,0,0,0,0,0,0,21
57,1462,4.83333,261,94,25,0,0,0,0,0,0,0,0,29
58,1522,5.83333,315,94,19,0,0,0,0,0,0,0,0,35
59,1316,5.33333,288,97,22,0,0,0,0,0,0,0,0,32
60,1220,5.66667,306,98,20,0,0,0,0,0,0,0,0,34
61,1196,5.68421,324,98,21,0,0,0,0,0,0,0,0,36
62,1424,5.05263,288,98,25,0,0,0,0,0,0,0,0,32
63,1294,5.21053,297,98,24,0,0,0,0,0,0,0,0,33
64,1498,4.72131,288,98,29,0,0,0,0,0,0,0,0,32
65,1426,5.25,315,99,25,0,0,0,0,0,0,0,0,35
66,1450,5.49153,324,100,23,0,0,0,0,0,0,0,0,36
67,1470,5.05263,288,100,25,0,0,0,0,0,0,0,0,32
68,1420,5.36842,306,100,23,0,0,0,0,0,0,0,0,34
69,1454,5.14286,288,100,24,0,0,0,0,0,0,0,0,32
70,1504,5.23636,288,100,23,0,0,0,0,0,0,0,0,32
71,1278,5.4,324,100,24,0,0,0,0,0,0,0,0,36
72,1404,6,342,100,19,0,0,0,0,0,0,0,0,38
73,1340,6.15789,351,100,18,0,0,0,0,0,0,0,0,39
74,1250,5.94643,333,100,19,0,0,0,0,0,0,0,0,37
75,1380,4.96552,288,100,26,0,0,0,0,0,0,0,0,32
76,1160,4.79032,297,100,29,0,0,0,0,0,0,0,0,33
77,1128,4.86885,297,100,28,0,0,0,0,0,0,0,0,33
78,1248,5.36842,306,100,23,0,0,0,0,0,0,0,0,34
79,1448,5.51613,342,100,24,0,0,0,0,0,0,0,0,38
80,1356,5.27586,306,100,24,0,0,0,0,0,0,0,0,34
81,1522,5.56364,306,100,21,0,0,0,0,0,0,0,0,34
82,1746,5.43103,315,100,23,0,0,0,0,0,0,0,0,35
83,1412,5.30357,297,100,23,0,0,0,0,0,0,0,0,33
84,1472,6,360,100,20,0,0,0,0,0,0,0,0,40
85,1388,5.27586,306,100,24,0,0,0,0,0,0,0,0,34
86,1530,5.94915,351,100,20,0,0,0,0,0,0,0,0,39
87,1510,5.4,324,100,24,0,0,0,0,0,0,0,0,36
88,1176,5.71154,297,100,19,0,0,0,0,0,0,0,0,33
89,1304,5.20312,333,100,27,0,0,0,0,0,0,0,0,37
90,1292,4.97015,333,100,30,0,0,0,0,0,0,0,0,37
91,1288,4.70769,306,100,31,0,0,0,0,0,0,0,0,34
92,1490,4.90909,324,100,30,0,0,0,0,0,0,0,0,36
93,1384,4.98214,279,100,25,0,0,0,0,0,0,0,0,31
94,1430,5.21053,297,100,24,0,0,0,0,0,0,0,0,33
95,1504,4.85714,306,100,29,0,0,0,0,0,0,0,0,34
96,1378,4.98462,324,100,29,0,0,0,0,0,0,0,0,36
97,1388,5.20312,333,100,27,0,0,0,0,0,0,0,0,37
98,1300,5.14286,324,100,27,0,0,0,0,0,0,0,0,36
99,1132,4.79032,297,100,29,0,0,0,0,0,0,0,0,33
100,1288,4.42857,279,100,32,0,0,0,0,0,0,0,0,31
101,1356,4.57895,261,100,28,0,0,0,0,0,0,0,0,29
102,1514,3.98361,243,100,34,0,0,0,0,0,0,0,0,27
103,1526,5.23636,288,100,23,0,0,0,0,0,0,0,0,32
104,1878,4.72131,288,100,29,0,0,0,0,0,0,0,0,32
105,1812,4.42623,270,100,31,0,0,0,0,0,0,0,0,30
106,1546,4.41818,243,100,28,0,0,0,0,0,0,0,0,27
107,1572,4.74545,261,100,26,0,0,0,0,0,0,0,0,29
108,1170,4.66667,252,100,26,0,0,0,0,0,0,0,0,28
109,1370,5.36538,279,100,21,0,0,0,0,0,0,0,0,31
110,1642,4.8,288,100,28,0,0,0,0,0,0,0,0,32
111,1514,5.05263,288,100,25,0,0,0,0,0,0,0,0,32
112,1470,4.88136,288,100,27,0,0,0,0,0,0,0,0,32
113,1744,5.01639,306,100,27,0,0,0,0,0,0,0,0,34
114,1488,5.0339,297,100,26,0,0,0,0,0,0,0,0,33
115,1562,4.72131,288,100,29,0,0,0,0,0,0,0,0,32
116,1650,3.79688,243,100,37,0,0,0,0,0,0,0,0,27
117,1272,3.83607,234,100,35,0,0,0,0,0,0,0,0,26
118,1408,4.96552,288,100,26,0,0,0,0,0,0,0,0,32
119,1596,5.46429,306,100,22,0,0,0,0,0,0,0,0,34
120,1428,6.10714,342,100,18,0,0,0,0,0,0,0,0,38
121,1316,4.83333,261,100,25,0,0,0,0,0,0,0,0,29
122,1176,4.66667,252,100,26,0,0,0,0,0,0,0,0,28
123,1766,5.79661,342,100,21,0,0,0,0,0,0,0,0,38
124,1628,5.88462,306,100,18,0,0,0,0,0,0,0,0,34
125,1364,5.16667,279,100,23,0,0,0,0,0,0,0,0,31
126,1366,5.85,351,100,21,0,0,0,0,0,0,0,0,39
127,1390,5.14286,288,100,24,0,0,0,0,0,0,0,0,32
128,1310,5.60656,342,100,23,0,0,0,0,0,0,0,0,38
129,1314,5.43103,315,100,23,0,0,0,0,0,0,0,0,35
130,1254,5.25,315,100,25,0,0,0,0,0,0,0,0,35
131,1124,5.79661,342,100,21,0,0,0,0,0,0,0,0,38
132,1410,5.34375,342,100,26,0,0,0,0,0,0,0,0,38
133,1244,4.85714,306,100,29,0,0,0,0,0,0,0,0,34
134,1152,4.73684,270,100,27,0,0,0,0,0,0,0,0,30
135,1436,4.73333,284,100,28,0,0,0,0,1,0,0,0,31
136,1464,4.13333,248,100,32,0,0,0,0,1,0,0,0,27
137,1372,4.65574,284,100,29,0,0,0,0,1,0,0,0,31
138,1562,3.78261,261,100,40,0,0,0,0,0,0,0,0,29
139,1484,3.89552,261,100,38,0,0,0,0,0,0,0,0,29
140,1444,4.15385,270,100,35,0,0,0,0,0,0,0,0,30
141,1298,3.39344,207,100,38,0,0,0,0,0,0,0,0,23
142,1666,4.56923,297,100,32,0,0,0,0,0,0,0,0,33
143,1360,4.34483,252,100,30,0,0,0,0,0,0,0,0,28
144,1694,4.71429,297,100,30,0,0,0,0,0,0,0,0,33
145,2014,5.14286,324,100,27,0,0,0,0,0,0,0,0,36
146,1570,5.49153,324,100,23,0,0,0,0,0,0,0,0,36
147,1564,4.90909,324,100,30,0,0,0,0,0,0,0,0,36
148,1662,4.84615,315,100,30,0,0,0,0,0,0,0,0,35
149,1628,5.08065,315,100,27,0,0,0,0,0,0,0,0,35
150,1422,4.26316,243,100,30,0,0,0,0,0,0,0,0,27
151,1368,4.10526,234,100,31,0,0,0,0,0,0,0,0,26
152,1546,5.12069,297,100,25,0,0,0,0,0,0,0,0,33
153,1606,4.5,279,100,31,0,0,0,0,0,0,0,0,31
154,1610,5.14286,288,100,24,0,0,0,0,0,0,0,0,32
155,1698,4.96552,288,100,26,0,0,0,0,0,0,0,0,32
156,1742,5.83333,315,100,19,0,0,0,0,0,0,0,0,35
157,1514,4.26316,243,100,30,0,0,0,0,0,0,0,0,27
158,1434,4.66071,261,100,27,0,0,0,0,0,0,0,0,29
159,1724,4.42373,261,100,30,0,0,0,0,0,0,0,0,29
160,1750,4.73684,270,100,27,0,0,0,0,0,0,0,0,30
161,1404,4.57895,261,100,28,0,0,0,0,0,0,0,0,29
162,1382,5.07273,279,100,24,0,0,0,0,0,0,0,0,31
163,1774,4.93548,306,100,28,0,0,0,0,0,0,0,0,34
164,1620,5.18644,306,100,25,0,0,0,0,0,0,0,0,34
165,1662,5.85,351,100,21,0,0,0,0,0,0,0,0,39
166,1860,5.66129,351,100,23,0,0,0,0,0,0,0,0,39
167,1674,5.36842,306,100,23,0,0,0,0,0,0,0,0,34
168,1862,5.45902,333,100,24,0,0,0,0,0,0,0,0,37
169,2168,5.18644,306,100,25,0,0,0,0,0,0,0,0,34
170,1666,5.64407,333,100,22,0,0,0,0,0,0,0,0,37
171,1650,5.58621,324,100,22,0,0,0,0,0,0,0,0,36
172,1768,5.25,315,100,25,0,0,0,0,0,0,0,0,35
173,1630,4.96552,288,100,26,0,0,0,0,0,0,0,0,32
174,1554,4.90909,270,100,25,0,0,0,0,0,0,0,0,30
175,1642,4.8,288,100,28,0,0,0,0,0,0,0,0,32
176,1560,5.31148,324,100,25,0,0,0,0,0,0,0,0,36
177,1362,4.57377,279,100,30,0,0,0,0,0,0,0,0,31
178,1300,4.65,279,100,29,0,0,0,0,0,0,0,0,31
179,1416,6,324,100,18,0,0,0,0,0,0,0,0,36
180,1438,5.09434,270,100,23,0,0,0,0,0,0,0,0,30
181,1698,5.52632,315,100,22,0,0,0,0,0,0,0,0,35
182,1692,4.20968,261,100,33,0,0,0,0,0,0,0,0,29
183,1462,4.57143,288,100,31,0,0,0,0,0,0,0,0,32
184,1278,5.23636,288,100,23,0,0,0,0,0,0,0,0,32
185,1396,5.36842,306,100,23,0,0,0,0,0,0,0,0,34
186,1394,6.38182,351,100,16,0,0,0,0,0,0,0,0,39
187,1398,5.94643,333,100,19,0,0,0,0,0,0,0,0,37
188,1478,5.72727,315,100,20,0,0,0,0,0,0,0,0,35
189,1374,4.86885,297,100,28,0,0,0,0,0,0,0,0,33
190,1396,4.57627,270,100,29,0,0,0,0,0,0,0,0,30
191,1698,5.25,315,100,25,0,0,0,0,0,0,0,0,35
192,1772,4.82143,270,100,26,0,0,0,0,0,0,0,0,30
193,1996,4.57895,261,100,28,0,0,0,0,0,0,0,0,29
194,1646,4.8,288,100,28,0,0,0,0,0,0,0,0,32
195,1962,5.74138,333,100,21,0,0,0,0,0,0,0,0,37
196,1922,5.89655,342,100,20,0,0,0,0,0,0,0,0,38
197,1522,4.72131,288,100,29,0,0,0,0,0,0,0,0,32
198,1512,4.65,279,100,29,0,0,0,0,0,0,0,0,31
199,1478,3.45,207,100,37,0,0,0,0,0,0,0,0,23
200,1578,4.5,252,100,28,0,0,0,0,0,0,0,0,28
201,1760,4.65,279,100,29,0,0,0,0,0,0,0,0,31
202,1860,4.72881,279,100,28,0,0,0,0,0,0,0,0,31
203,1592,4.25455,234,100,29,0,0,0,0,0,0,0,0,26
204,1874,5.52632,315,100,22,0,0,0,0,0,0,0,0,35
205,1754,5.53846,288,100,20,0,0,0,0,0,0,0,0,32
206,1938,5.07273,279,100,24,0,0,0,0,0,0,0,0,31
207,1752,4.88136,288,100,27,0,0,0,0,0,0,0,0,32
208,1738,5.07273,279,100,24,0,0,0,0,0,0,0,0,31
209,1530,3.91935,243,100,35,0,0,0,0,0,0,0,0,27
210,1754,4.35,261,100,31,0,0,0,0,0,0,0,0,29
211,1858,4.96552,288,100,26,0,0,0,0,0,0,0,0,32
212,1632,4.98214,279,100,25,0,0,0,0,0,0,0,0,31
213,1296,4.98214,279,100,25,0,0,0,0,0,0,0,0,31
214,1382,5.22581,324,100,26,0,0,0,0,0,0,0,0,36
215,1308,4.89474,279,100,26,0,0,0,0,0,0,0,0,31
216,1422,5.30357,297,100,23,0,0,0,0,0,0,0,0,33
217,1550,5.64407,333,100,22,0,0,0,0,0,0,0,0,37
218,1500,5.4,297,100,22,0,0,0,0,0,0,0,0,33
219,1352,4.32692,225,100,27,0,0,0,0,0,0,0,0,25
220,1346,3.20339,189,100,38,0,0,0,0,0,0,0,0,21
221,1560,3.81356,225,100,34,0,0,0,0,0,0,0,0,25
222,1608,3.62903,225,100,37,0,0,0,0,0,0,0,0,25
223,1346,3.15,189,100,39,0,0,0,0,0,0,0,0,21
224,1436,2.89831,171,100,40,0,0,0,0,0,0,0,0,19
225,1666,3.75,225,100,35,0,0,0,0,0,0,0,0,25
226,1368,4.09091,225,100,30,0,0,0,0,0,0,0,0,25
227,1426,3.66102,216,100,35,0,0,0,0,0,0,0,0,24
228,1518,2.85714,180,100,43,0,0,0,0,0,0,0,0,20
229,1646,3.23438,207,100,41,0,0,0,0,0,0,0,0,23
230,1618,4.05,243,100,33,0,0,0,0,0,0,0,0,27
231,1840,3.91935,243,100,35,0,0,0,0,0,0,0,0,27
232,1776,4.35,261,100,31,0,0,0,0,0,0,0,0,29
233,1800,4.5,279,100,31,0,0,0,0,0,0,0,0,31
234,1724,4.58182,252,100,27,0,0,0,0,0,0,0,0,28
235,1680,4.5,252,100,28,0,0,0,0,0,0,0,0,28
236,1494,4.28571,270,100,33,0,0,0,0,0,0,0,0,30
237,1772,4.57627,270,100,29,0,0,0,0,0,0,0,0,30
238,1734,4.26316,243,100,30,0,0,0,0,0,0,0,0,27
239,1786,3.75,225,100,35,0,0,0,0,0,0,0,0,25
240,1686,3.75,225,100,35,0,0,0,0,0,0,0,0,25
241,1572,4.2,252,100,32,0,0,0,0,0,0,0,0,28
242,1432,4.03448,234,100,32,0,0,0,0,0,0,0,0,26
243,1470,3.6,216,100,36,0,0,0,0,0,0,0,0,24
244,1588,3.77049,230,100,35,0,0,0,0,1,0,0,0,25
245,1628,3.21212,212,100,42,0,0,0,0,1,0,0,0,23
246,1592,4.14516,257,100,33,0,0,0,0,1,0,0,0,28
247,1378,4.57627,270,100,29,0,0,0,0,0,0,0,0,30
248,1508,4.2,252,100,32,0,0,0,0,0,0,0,0,28
249,1476,4.11864,243,100,32,0,0,0,0,0,0,0,0,27
250,1466,4.24528,225,100,28,0,0,0,0,0,0,0,0,25
251,1534,4.66071,261,100,27,0,0,0,0,0,0,0,0,29
252,1658,4.57143,288,100,31,0,0,0,0,0,0,0,0,32
253,1688,4.72881,279,100,28,0,0,0,0,0,0,0,0,31
254,1680,4.73684,270,100,27,0,0,0,0,0,0,0,0,30
255,1564,5.05263,288,100,25,0,0,0,0,0,0,0,0,32
256,1488,4.2,252,100,32,0,0,0,0,0,0,0,0,28
257,1306,3.78947,216,100,33,0,0,0,0,0,0,0,0,24
258,1574,4.34483,252,100,30,0,0,0,0,0,0,0,0,28
259,1530,4.05,243,100,33,0,0,0,0,0,0,0,0,27
260,1468,3.9661,234,100,33,0,0,0,0,0,0,0,0,26
261,1686,3.98361,243,100,34,0,0,0,0,0,0,0,0,27
262,1656,3.31579,189,100,36,0,0,0,0,0,0,0,0,21
263,1626,2.94545,162,100,37,0,0,0,0,0,0,0,0,18
264,1836,3.3,198,100,38,0,0,0,0,0,0,0,0,22
265,2006,3.9,234,100,34,0,0,0,0,0,0,0,0,26
266,1920,3.35593,198,100,37,0,0,0,0,0,0,0,0,22
267,1732,3.48387,216,100,38,0,0,0,0,0,0,0,0,24
268,1548,3.54098,216,100,37,0,0,0,0,0,0,0,0,24
269,1370,4.14286,261,100,34,0,0,0,0,0,0,0,0,29
270,1390,4.79032,297,100,29,0,0,0,0,0,0,0,0,33
271,1474,4.5,270,100,30,0,0,0,0,0,0,0,0,30
272,1254,4.41818,243,100,28,0,0,0,0,0,0,0,0,27
273,1484,4.86885,297,100,28,0,0,0,0,0,0,0,0,33
274,1600,5.25,315,100,25,0,0,0,0,0,0,0,0,35
275,1254,4.82143,270,100,26,0,0,0,0,0,0,0,0,30
276,1378,4.03448,234,100,32,0,0,0,0,0,0,0,0,26
277,1326,4.57627,270,100,29,0,0,0,0,0,0,0,0,30
278,1384,3.42857,216,100,39,0,0,0,0,0,0,0,0,24
279,1414,3.85714,243,100,36,0,0,0,0,0,0,0,0,27
280,1426,4.42373,261,100,30,0,0,0,0,0,0,0,0,29
281,1380,3.9,234,100,34,0,0,0,0,0,0,0,0,26
282,1340,3.83607,234,100,35,0,0,0,0,0,0,0,0,26
283,1416,4,252,100,35,0,0,0,0,0,0,0,0,28
284,1280,4.42105,252,100,29,0,0,0,0,0,0,0,0,28
285,1202,4.01538,261,100,36,0,0,0,0,0,0,0,0,29
286,1334,4.95,297,100,27,0,0,0,0,0,0,0,0,33
287,1434,4.71429,297,100,30,0,0,0,0,0,0,0,0,33
288,1470,4.78125,306,100,30,0,0,0,0,0,0,0,0,34
289,1394,4.5,270,100,30,0,0,0,0,0,0,0,0,30
290,1306,4.86885,297,100,28,0,0,0,0,0,0,0,0,33
291,1706,5.79661,342,100,21,0,0,0,0,0,0,0,0,38
292,1674,4.98214,279,100,25,0,0,0,0,0,0,0,0,31
293,1724,4.65517,270,100,28,0,0,0,0,0,0,0,0,30
294,1818,4.72131,288,100,29,0,0,0,0,0,0,0,0,32
295,1456,4.35,261,100,31,0,0,0,0,0,0,0,0,29
296,1430,4.8,288,100,28,0,0,0,0,0,0,0,0,32
297,1140,4.14286,261,100,34,0,0,0,0,0,0,0,0,29
298,1228,5.16393,315,100,26,0,0,0,0,0,0,0,0,35
299,1332,4.72881,279,100,28,0,0,0,0,0,0,0,0,31
300,1482,5.0339,297,100,26,0,0,0,0,0,0,0,0,33
301,1322,5.4,324,100,24,0,0,0,0,0,0,0,0,36
302,1210,4.73684,270,100,27,0,0,0,0,0,0,0,0,30
303,1338,5.22581,324,100,26,0,0,0,0,0,0,0,0,36
304,1300,4.5,270,100,30,0,0,0,0,0,0,0,0,30
305,1362,4.85714,306,100,29,0,0,0,0,0,0,0,0,34
306,1458,5.55,333,100,23,0,0,0,0,0,0,0,0,37
307,1214,4.98214,279,100,25,0,0,0,0,0,0,0,0,31
308,1270,4.18966,243,100,31,0,0,0,0,0,0,0,0,27
309,1746,4.86885,297,100,28,0,0,0,0,0,0,0,0,33
310,1270,4.03448,234,100,32,0,0,0,0,0,0,0,0,26
311,1356,3.83607,234,100,35,0,0,0,0,0,0,0,0,26
312,1334,4.18966,243,100,31,0,0,0,0,0,0,0,0,27
313,1256,3.78947,216,100,33,0,0,0,0,0,0,0,0,24
314,1576,5.12069,297,100,25,0,0,0,0,0,0,0,0,33
315,1450,4.81034,279,100,27,0,0,0,0,0,0,0,0,31
316,1492,4.34483,252,100,30,0,0,0,0,0,0,0,0,28
317,1606,4.90909,270,100,25,0,0,0,0,0,0,0,0,30
318,1640,4.5,288,100,32,0,0,0,0,0,0,0,0,32
319,1436,4,252,100,35,0,0,0,0,0,0,0,0,28
320,1378,3.87692,252,100,37,0,0,0,0,0,0,0,0,28
321,1478,3.68182,243,100,39,0,0,0,0,0,0,0,0,27
322,1634,4.22727,279,100,35,0,0,0,0,0,0,0,0,31
323,1546,3.79688,243,100,37,0,0,0,0,0,0,0,0,27
324,1888,3.68852,225,100,36,0,0,0,0,0,0,0,0,25
325,1678,3.10345,180,100,38,0,0,0,0,0,0,0,0,20
326,1664,3.87931,225,100,33,0,0,0,0,0,0,0,0,25
327,1622,3.36364,185,100,34,0,0,0,0,1,0,0,0,20
328,1536,3.66102,216,100,35,0,0,0,0,0,0,0,0,24
329,1510,2.95312,189,100,43,0,0,0,0,0,0,0,0,21
330,1666,3.15,189,100,39,0,0,0,0,0,0,0,0,21
331,1498,3.05085,180,100,39,0,0,0,0,0,0,0,0,20
332,1384,3.10345,180,100,38,0,0,0,0,0,0,0,0,20
333,1516,2.32759,135,100,43,0,0,0,0,0,0,0,0,15
334,1726,2.74576,162,100,41,0,0,0,0,0,0,0,0,18
335,1752,3.04839,189,100,41,0,0,0,0,0,0,0,0,21
336,1852,2.77193,158,100,39,0,0,0,0,1,0,0,0,17
337,1894,3.39344,207,100,38,0,0,0,0,0,0,0,0,23
338,1894,3.83333,207,100,31,0,0,0,0,0,0,0,0,23
339,2130,2.95082,180,100,41,0,0,0,0,0,0,0,0,20
340,1738,3.50847,207,100,36,0,0,0,0,0,0,0,0,23
341,1690,3.77419,234,100,36,0,0,0,0,0,0,0,0,26
342,1918,4.17857,234,100,30,0,0,0,0,0,0,0,0,26
343,1866,4.58182,252,100,27,0,0,0,0,0,0,0,0,28
344,1846,4.25455,234,100,29,0,0,0,0,0,0,0,0,26
345,2082,5.26415,279,100,22,0,0,0,0,0,0,0,0,31
346,1794,4.90909,270,100,25,0,0,0,0,0,0,0,0,30
347,1848,4.57895,261,100,28,0,0,0,0,0,0,0,0,29
348,1910,4.03448,234,100,32,0,0,0,0,0,0,0,0,26
349,2110,5.49153,324,100,23,0,0,0,0,0,0,0,0,36
350,1888,4.8,288,100,28,0,0,0,0,0,0,0,0,32
351,1572,4.25455,234,100,29,0,0,0,0,0,0,0,0,26
352,1684,4.5,261,100,29,0,0,0,0,0,0,0,0,29
353,1810,3.50847,207,100,36,0,0,0,0,0,0,0,0,23
354,1816,3.69643,207,100,33,0,0,0,0,0,0,0,0,23
355,1670,4.5,252,100,28,0,0,0,0,0,0,0,0,28
356,1488,4.13115,252,100,33,0,0,0,0,0,0,0,0,28
357,1410,3.39344,207,100,38,0,0,0,0,0,0,0,0,23
358,1592,3.83607,234,100,35,0,0,0,0,0,0,0,0,26
359,1562,3.98361,243,100,34,0,0,0,0,0,0,0,0,27
360,1338,3.91935,243,100,35,0,0,0,0,0,0,0,0,27
361,1472,4.5,252,100,28,0,0,0,0,0,0,0,0,28
362,1324,3.68852,225,100,36,0,0,0,0,0,0,0,0,25
363,1464,5.27586,306,100,24,0,0,0,0,0,0,0,0,34
364,1198,4.90909,270,100,25,0,0,0,0,0,0,0,0,30
365,1372,4.65517,270,100,28,0,0,0,0,0,0,0,0,30
366,1274,4.05,243,100,33,0,0,0,0,0,0,0,0,27
367,1514,4.81034,279,100,27,0,0,0,0,0,0,0,0,31
368,1248,3.33871,207,100,39,0,0,0,0,0,0,0,0,23
369,1762,5.64407,333,100,22,0,0,0,0,0,0,0,0,37
370,1584,5.25,315,100,25,0,0,0,0,0,0,0,0,35
371,1388,4.27869,261,100,32,0,0,0,0,0,0,0,0,29
372,1802,5.22581,324,100,26,0,0,0,0,0,0,0,0,36
373,1782,4.93548,306,100,28,0,0,0,0,0,0,0,0,34
374,1534,4.90909,270,100,25,0,0,0,0,0,0,0,0,30
375,1336,4.05,243,100,33,0,0,0,0,0,0,0,0,27
376,1470,4.21875,270,100,34,0,0,0,0,0,0,0,0,30
377,1558,4.65517,270,100,28,0,0,0,0,0,0,0,0,30
378,1688,5.09836,311,100,26,0,0,0,0,1,0,0,0,34
379,1352,3.28571,207,100,40,0,0,0,0,0,0,0,0,23
380,1300,3.32308,216,100,41,0,0,0,0,0,0,0,0,24
381,1564,3.87692,252,100,37,0,0,0,0,0,0,0,0,28
382,1508,3.62903,225,100,37,0,0,0,0,0,0,0,0,25
383,1674,4.72881,279,100,28,0,0,0,0,0,0,0,0,31
384,1482,3.65625,234,100,38,0,0,0,0,0,0,0,0,26
385,1530,4.16418,279,100,36,0,0,0,0,0,0,0,0,31
386,1634,3.54545,234,100,40,0,0,0,0,0,0,0,0,26
387,1388,3.91935,243,100,35,0,0,0,0,0,0,0,0,27
388,1676,4.42373,261,100,30,0,0,0,0,0,0,0,0,29
389,1502,4.64516,288,100,30,0,0,0,0,0,0,0,0,32
390,1422,3.47368,198,100,35,0,0,0,0,0,0,0,0,22
391,1510,3.48387,216,100,38,0,0,0,0,0,0,0,0,24
392,1430,3.42857,216,100,39,0,0,0,0,0,0,0,0,24
393,1508,3.73846,243,100,38,0,0,0,0,0,0,0,0,27
394,1432,3,198,100,44,0,0,0,0,0,0,0,0,22
395,1688,4.09091,270,100,36,0,0,0,0,0,0,0,0,30
396,1768,4.12069,239,100,31,0,0,0,0,1,0,0,0,26
397,2010,4.5,288,100,32,0,0,0,0,0,0,0,0,32
398,1826,4.27119,252,100,31,0,0,0,0,0,0,0,0,28
399,1854,4.82143,270,100,26,0,0,0,0,0,0,0,0,30
400,1812,4.13115,252,100,33,0,0,0,0,0,0,0,0,28
401,1534,4.01786,225,100,31,0,0,0,0,0,0,0,0,25
402,1524,4.19298,239,100,30,0,0,0,0,1,0,0,0,26
403,1646,4.78462,311,100,30,0,0,0,0,1,0,0,0,34
404,1602,4.01562,257,100,35,0,0,0,0,1,0,0,0,28
405,1554,4.13333,248,100,32,0,0,0,0,1,0,0,0,27
406,1632,4.13333,248,100,32,0,0,0,0,1,0,0,0,27
407,1340,4.35088,248,100,29,0,0,0,0,1,0,0,0,27
408,1400,3.83333,230,100,34,0,0,0,0,1,0,0,0,25
409,1452,4.04918,247,100,33,0,0,0,0,1,0,0,1,26
410,1458,4.26667,256,100,31,0,0,0,0,1,0,0,1,27
411,1676,4.85246,296,100,28,0,0,0,0,0,0,0,1,32
412,1656,4.40351,251,100,29,0,0,0,0,0,0,0,1,27
413,2000,5.18644,306,100,25,0,0,0,0,0,0,0,0,34
414,1664,4.01786,225,100,31,0,0,0,0,0,0,0,0,25
415,1612,3.83333,207,100,31,0,0,0,0,0,0,0,0,23
416,1634,4.2,252,100,32,0,0,0,0,0,0,0,0,28
417,1712,4.13115,252,100,33,0,0,0,0,0,0,0,0,28
418,1746,4.5,261,100,29,0,0,0,0,0,0,0,0,29
419,1776,4.17857,234,100,30,0,0,0,0,0,0,0,0,26
420,1836,4.89474,279,100,26,0,0,0,0,0,0,0,0,31
421,1700,3.91935,243,100,35,0,0,0,0,0,0,0,0,27
422,1488,4.01786,225,100,31,0,0,0,0,0,0,0,0,25
423,1746,3.98361,243,100,34,0,0,0,0,0,0,0,0,27
424,1704,3.19355,198,100,40,0,0,0,0,0,0,0,0,22
425,1296,2.75806,171,100,43,0,0,0,0,0,0,0,0,19
426,1470,3.57143,225,100,38,0,0,0,0,0,0,0,0,25
427,1476,3.375,216,100,40,0,0,0,0,0,0,0,0,24
428,1358,4.07812,261,100,35,0,0,0,0,0,0,0,0,29
429,1440,3.22222,203,100,40,0,0,0,0,1,0,0,0,22
430,1400,3.91935,243,100,35,0,0,0,0,0,0,0,0,27
431,1240,3.39344,207,100,38,0,0,0,0,0,0,0,0,23
432,1398,3.46154,225,100,40,0,0,0,0,0,0,0,0,25
433,1138,3.33871,207,100,39,0,0,0,0,0,0,0,0,23
434,1122,3.57143,225,100,38,0,0,0,0,0,0,0,0,25
435,1486,3.89552,261,100,38,0,0,0,0,0,0,0,0,29
436,1278,4.2,252,100,32,0,0,0,0,0,0,0,0,28
437,1382,4.20968,261,100,33,0,0,0,0,0,0,0,0,29
438,1528,3.91935,243,100,35,0,0,0,0,0,0,0,0,27
439,1460,4.20968,261,100,33,0,0,0,0,0,0,0,0,29
440,1512,4.01538,261,100,36,0,0,0,0,0,0,0,0,29
441,1456,4.06452,252,100,34,0,0,0,0,0,0,0,0,28
442,1522,4.64062,297,100,31,0,0,0,0,0,0,0,0,33
443,1372,4.27119,252,100,31,0,0,0,0,0,0,0,0,28
444,1634,5.01639,306,100,27,0,0,0,0,0,0,0,0,34
445,1498,4.57377,279,100,30,0,0,0,0,0,0,0,0,31
446,1270,4.18966,243,100,31,0,0,0,0,0,0,0,0,27
447,1614,3.68852,225,100,36,0,0,0,0,0,0,0,0,25
448,1520,3.75,225,100,35,0,0,0,0,0,0,0,0,25
449,1780,4.26316,243,100,30,0,0,0,0,0,0,0,0,27
450,1752,3.47368,198,100,35,0,0,0,0,0,0,0,0,22
451,1948,3.77419,234,100,36,0,0,0,0,0,0,0,0,26
452,1944,3.53846,230,100,39,0,0,0,0,1,0,0,0,25
453,2010,4.11864,243,100,32,0,0,0,0,0,0,0,0,27
454,1954,3.63158,207,100,34,0,0,0,0,0,0,0,0,23
455,2252,4.82143,270,100,26,0,0,0,0,0,0,0,0,30
456,1976,4.82143,270,100,26,0,0,0,0,0,0,0,0,30
457,1952,5.05263,288,100,25,0,0,0,0,0,0,0,0,32
458,2036,4.5,261,100,29,0,0,0,0,0,0,0,0,29
459,1752,3.87931,225,100,33,0,0,0,0,0,0,0,0,25
460,1670,4.42623,270,100,31,0,0,0,0,0,0,0,0,30
461,1872,4.86885,297,100,28,0,0,0,0,0,0,0,0,33
462,1750,4.57377,279,100,30,0,0,0,0,0,0,0,0,31
463,1466,4.65517,270,100,28,0,0,0,0,0,0,0,0,30
464,1460,5.36842,306,100,23,0,0,0,0,0,0,0,0,34
465,1706,5.46429,306,100,22,0,0,0,0,0,0,0,0,34
466,1740,4.73684,270,100,27,0,0,0,0,0,0,0,0,30
467,1432,4.41818,243,100,28,0,0,0,0,0,0,0,0,27
468,1548,4.26316,243,100,30,0,0,0,0,0,0,0,0,27
469,1776,4.65,279,100,29,0,0,0,0,0,0,0,0,31
470,1520,5.14035,293,100,24,0,0,0,0,1,0,0,0,32
471,1698,5.05172,293,100,25,0,0,0,0,1,0,0,0,32
472,1604,3.87931,225,100,33,0,0,0,0,0,0,0,0,25
473,1762,4.89474,279,100,26,0,0,0,0,0,0,0,0,31
474,1912,4.17857,234,100,30,0,0,0,0,0,0,0,0,26
475,1714,3.33333,180,100,34,0,0,0,0,0,0,0,0,20
476,1506,4.41818,243,100,28,0,0,0,0,0,0,0,0,27
477,1684,3.56897,207,100,35,0,0,0,0,0,0,0,0,23
478,1672,3.68852,225,100,36,0,0,0,0,0,0,0,0,25
479,1538,3,162,100,36,0,0,0,0,0,0,0,0,18
480,1966,3,180,100,40,0,0,0,0,0,0,0,0,20
481,1610,3.75,225,100,35,0,0,0,0,0,0,0,0,25
482,1552,3.33871,207,100,39,0,0,0,0,0,0,0,0,23
483,1538,3.9,234,100,34,0,0,0,0,0,0,0,0,26
484,1614,3.76364,207,100,32,0,0,0,0,0,0,0,0,23
485,1634,3.56897,207,100,35,0,0,0,0,0,0,0,0,23
486,1674,3.91935,243,100,35,0,0,0,0,0,0,0,0,27
487,1594,4.10526,234,100,31,0,0,0,0,0,0,0,0,26
488,1694,4.79032,297,100,29,0,0,0,0,0,0,0,0,33
489,1570,4.81034,279,100,27,0,0,0,0,0,0,0,0,31
490,1456,4.96552,288,100,26,0,0,0,0,0,0,0,0,32
491,1416,4.81034,279,100,27,0,0,0,0,0,0,0,0,31
492,1566,5.07273,279,100,24,0,0,0,0,0,0,0,0,31
493,1690,4.57627,270,100,29,0,0,0,0,0,0,0,0,30
494,1552,5.30357,297,100,23,0,0,0,0,0,0,0,0,33
495,1736,5.74138,333,100,21,0,0,0,0,0,0,0,0,37
496,1550,6.38182,351,100,16,0,0,0,0,0,0,0,0,39
497,1402,6,342,100,19,0,0,0,0,0,0,0,0,38
498,1372,6.16667,333,100,17,0,0,0,0,0,0,0,0,37
499,1498,6.31579,360,100,17,0,0,0,0,0,0,0,0,40
500,1374,5.78571,324,100,20,0,0,0,0,0,0,0,0,36
501,1528,6.10714,342,100,18,0,0,0,0,0,0,0,0,38
502,1254,5.36842,306,100,23,0,0,0,0,0,0,0,0,34
503,1526,5.7,342,100,22,0,0,0,0,0,0,0,0,38
504,1402,5.94915,351,100,20,0,0,0,0,0,0,0,0,39
505,1294,5.68421,324,100,21,0,0,0,0,0,0,0,0,36
506,1492,6.2069,360,100,18,0,0,0,0,0,0,0,0,40
507,1502,5.71429,360,100,23,0,0,0,0,0,0,0,0,40
508,1308,6,342,100,19,0,0,0,0,0,0,0,0,38
509,1262,5.89091,324,100,19,0,0,0,0,0,0,0,0,36
510,1112,5.09434,270,100,23,0,0,0,0,0,0,0,0,30
511,992,4.5,252,100,28,0,0,0,0,0,0,0,0,28
512,1114,5.23636,288,100,23,0,0,0,0,0,0,0,0,32
513,1240,5.21053,297,100,24,0,0,0,0,0,0,0,0,33
514,1396,5.66667,306,100,20,0,0,0,0,0,0,0,0,34
515,1336,6.21818,342,100,17,0,0,0,0,0,0,0,0,38
516,1650,5.52632,315,100,22,0,0,0,0,0,0,0,0,35
517,1268,4.5,261,100,29,0,0,0,0,0,0,0,0,29
518,1356,4.98214,279,100,25,0,0,0,0,0,0,0,0,31
519,1134,4.72881,279,100,28,0,0,0,0,0,0,0,0,31
520,1358,4.5,261,100,29,0,0,0,0,0,0,0,0,29
521,1464,4.85714,306,100,29,0,0,0,0,0,0,0,0,34
522,1288,4.57143,288,100,31,0,0,0,0,0,0,0,0,32
523,1174,3.65217,252,100,41,0,0,0,0,0,0,0,0,28
524,1246,3.62687,243,100,40,0,0,0,0,0,0,0,0,27
525,1062,3.68852,225,100,36,0,0,0,0,0,0,0,0,25
526,1252,3.9375,252,100,36,0,0,0,0,0,0,0,0,28
527,1208,4.06452,252,100,34,0,0,0,0,0,0,0,0,28
528,1188,4.72131,288,100,29,0,0,0,0,0,0,0,0,32
529,1140,3.76364,207,100,32,0,0,0,0,0,0,0,0,23
530,1366,4.64062,297,100,31,0,0,0,0,0,0,0,0,33
531,1498,4.72881,279,100,28,0,0,0,0,0,0,0,0,31
532,1356,4.81034,279,100,27,0,0,0,0,0,0,0,0,31
533,1442,5.01639,306,100,27,0,0,0,0,0,0,0,0,34
534,1634,5.1,306,100,26,0,0,0,0,0,0,0,0,34
535,1438,4.82143,270,100,26,0,0,0,0,0,0,0,0,30
536,1372,4.5,252,100,28,0,0,0,0,0,0,0,0,28
537,1538,5.1,306,100,26,0,0,0,0,0,0,0,0,34
538,1384,5.05263,288,100,25,0,0,0,0,0,0,0,0,32
539,1412,4.5,261,100,29,0,0,0,0,0,0,0,0,29
540,1456,5.43103,315,100,23,0,0,0,0,0,0,0,0,35
541,1302,4.13115,252,100,33,0,0,0,0,0,0,0,0,28
542,1534,4.20968,261,100,33,0,0,0,0,0,0,0,0,29
543,1704,4.88136,288,100,27,0,0,0,0,0,0,0,0,32
544,1398,4.33333,234,100,28,0,0,0,0,0,0,0,0,26
545,1430,5.23636,288,100,23,0,0,0,0,0,0,0,0,32
546,1674,5.0339,297,100,26,0,0,0,0,0,0,0,0,33
547,1426,5.14286,288,100,24,0,0,0,0,0,0,0,0,32
548,1756,5.33898,315,100,24,0,0,0,0,0,0,0,0,35
549,1872,4.79032,297,100,29,0,0,0,0,0,0,0,0,33
550,1808,4.85714,306,100,29,0,0,0,0,0,0,0,0,34
551,1718,5.74138,333,100,21,0,0,0,0,0,0,0,0,37
552,1606,4.95,297,100,27,0,0,0,0,0,0,0,0,33
553,2152,5.66129,351,100,23,0,0,0,0,0,0,0,0,39
554,1862,4.73684,270,100,27,0,0,0,0,0,0,0,0,30
555,1580,4.88136,288,100,27,0,0,0,0,0,0,0,0,32
556,1468,3.91304,270,100,39,0,0,0,0,0,0,0,0,30
557,1424,4.10294,279,100,37,0,0,0,0,0,0,0,0,31
558,1512,4.5,297,100,33,0,0,0,0,0,0,0,0,33
559,1746,4.95,297,100,27,0,0,0,0,0,0,0,0,33
560,1946,4.43077,288,100,33,0,0,0,0,0,0,0,0,32
561,1662,4.5,261,100,29,0,0,0,0,0,0,0,0,29
562,2048,5.05263,288,100,25,0,0,0,0,0,0,0,0,32
563,1772,4.25455,234,100,29,0,0,0,0,0,0,0,0,26
564,1806,3.66102,216,100,35,0,0,0,0,0,0,0,0,24
565,2176,4.5,288,100,32,0,0,0,0,0,0,0,0,32
566,1244,4.05,243,100,33,0,0,0,0,0,0,0,0,27
567,1212,4.64516,288,100,30,0,0,0,0,0,0,0,0,32
568,1560,5.48438,351,100,25,0,0,0,0,0,0,0,0,39
569,1544,3.97059,270,100,38,0,0,0,0,0,0,0,0,30
570,1402,4.36364,288,100,34,0,0,0,0,0,0,0,0,32
571,1530,4.92188,315,100,29,0,0,0,0,0,0,0,0,35
572,1850,4.57627,270,100,29,0,0,0,0,0,0,0,0,30
573,1672,3.77419,234,100,36,0,0,0,0,0,0,0,0,26
574,1754,3.98361,243,100,34,0,0,0,0,0,0,0,0,27
575,1902,4.11864,243,100,32,0,0,0,0,0,0,0,0,27
576,1970,4.13115,252,100,33,0,0,0,0,0,0,0,0,28
577,2142,4.7193,269,100,27,0,0,0,0,0,0,0,1,29
578,2266,3.7069,215,100,34,0,0,0,0,0,0,0,1,23
579,1726,3.41379,198,100,36,0,0,0,0,0,0,0,0,22
580,1402,3.78947,216,100,33,0,0,0,0,0,0,0,0,24
581,1596,4.03448,234,100,32,0,0,0,0,0,0,0,0,26
582,1690,3.75,225,100,35,0,0,0,0,0,0,0,0,25
583,1430,2.84211,162,100,39,0,0,0,0,0,0,0,0,18
584,2050,3.75,225,100,35,0,0,0,0,0,0,0,0,25
585,2224,3.94737,225,100,32,0,0,0,0,0,0,0,0,25
586,2044,4.16667,225,100,29,0,0,0,0,0,0,0,0,25
587,1998,4.33333,234,100,28,0,0,0,0,0,0,0,0,26
588,1628,3.27273,180,100,35,0,0,0,0,0,0,0,0,20
589,1860,4.5,243,100,27,0,0,0,0,0,0,0,0,27
590,1568,2.6129,162,100,44,0,0,0,0,0,0,0,0,18
591,1808,2.95082,180,100,41,0,0,0,0,0,0,0,0,20
592,1480,2.68421,153,100,40,0,0,0,0,0,0,0,0,17
593,1536,3.45,207,100,37,0,0,0,0,0,0,0,0,23
594,1892,3.375,216,100,40,0,0,0,0,0,0,0,0,24
595,1554,3.41379,198,100,36,0,0,0,0,0,0,0,0,22
596,1966,4.26316,243,100,30,0,0,0,0,0,0,0,0,27
597,2078,4.17857,234,100,30,0,0,0,0,0,0,0,0,26
598,2146,4.26316,243,100,30,0,0,0,0,0,0,0,0,27
599,2264,3.87931,225,100,33,0,0,0,0,0,0,0,0,25
600,2440,4.20968,261,100,33,0,0,0,0,0,0,0,0,29
601,1858,3.53571,198,100,34,0,0,0,0,0,0,0,0,22
602,2104,4.57627,270,100,29,0,0,0,0,0,0,0,0,30
603,1656,3.73585,198,100,31,0,0,0,0,0,0,0,0,22
604,1908,3.81356,225,100,34,0,0,0,0,0,0,0,0,25
605,1970,3.54098,216,100,37,0,0,0,0,0,0,0,0,24
606,2162,3.33333,180,100,34,0,0,0,0,0,0,0,0,20
607,2144,3.25862,189,100,37,0,0,0,0,0,0,0,0,21
608,1922,3.76364,207,100,32,0,0,0,0,0,0,0,0,23
609,2370,3.72414,216,100,34,0,0,0,0,0,0,0,0,24
610,1972,3.76364,207,100,32,0,0,0,0,0,0,0,0,23
611,1790,3.48387,216,100,38,0,0,0,0,0,0,0,0,24
612,1418,2.46774,153,100,45,0,0,0,0,0,0,0,0,17
613,1852,3,198,100,44,0,0,0,0,0,0,0,0,22
614,1684,2.85714,180,100,43,0,0,0,0,0,0,0,0,20
615,1678,3.27273,180,100,35,0,0,0,0,0,0,0,0,20
616,1586,3.21429,180,100,36,0,0,0,0,0,0,0,0,20
617,1672,2.80328,171,100,42,0,0,0,0,0,0,0,0,19
618,1680,3,189,100,42,0,0,0,0,0,0,0,0,21
619,1870,3.50847,207,100,36,0,0,0,0,0,0,0,0,23
620,1740,4.17857,234,100,30,0,0,0,0,0,0,0,0,26
621,1766,3.72414,216,100,34,0,0,0,0,0,0,0,0,24
622,2140,3.50847,207,100,36,0,0,0,0,0,0,0,0,23
623,1674,3.15789,180,100,37,0,0,0,0,0,0,0,0,20
624,1772,4.10526,234,100,31,0,0,0,0,0,0,0,0,26
625,1748,4.03448,234,100,32,0,0,0,0,0,0,0,0,26
626,1846,3.10909,171,100,36,0,0,0,0,0,0,0,0,19
627,2208,3.63158,207,100,34,0,0,0,0,0,0,0,0,23
628,2056,3.2459,198,100,39,0,0,0,0,0,0,0,0,22
629,1764,3.35593,198,100,37,0,0,0,0,0,0,0,0,22
630,1954,3.56897,207,100,35,0,0,0,0,0,0,0,0,23
631,2006,3.72414,216,100,34,0,0,0,0,0,0,0,0,24
632,2284,4.32692,225,100,27,0,0,0,0,0,0,0,0,25
633,2958,5.27586,306,100,24,0,0,0,0,0,0,0,0,34
634,2568,5.23636,288,100,23,0,0,0,0,0,0,0,0,32
635,3250,5.64407,333,100,22,0,0,0,0,0,0,0,0,37
636,3564,4.93548,306,100,28,0,0,0,0,0,0,0,0,34
637,3422,5.12069,297,100,25,0,0,0,0,0,0,0,0,33
638,4114,4.93548,306,100,28,0,0,0,0,0,0,0,0,34
639,2594,4.5,234,100,26,0,0,0,0,0,0,0,0,26
640,2676,4.5,243,100,27,0,0,0,0,0,0,0,0,27
641,2858,5.77358,306,100,19,0,0,0,0,0,0,0,0,34
642,3018,5.12069,297,100,25,0,0,0,0,0,0,0,0,33
643,3312,4.33333,234,100,28,0,0,0,0,0,0,0,0,26
644,3222,5.0339,297,100,26,0,0,0,0,0,0,0,0,33
645,4196,5.37097,333,100,25,0,0,0,0,0,0,0,0,37
646,3708,4.92453,261,100,24,0,0,0,0,0,0,0,0,29
647,2580,4,216,100,30,0,0,0,0,0,0,0,0,24
648,2826,5.625,315,100,21,0,0,0,0,0,0,0,0,35
649,2496,4.83333,261,100,25,0,0,0,0,0,0,0,0,29
650,3008,4.33333,234,100,28,0,0,0,0,0,0,0,0,26
651,3406,4.98214,279,100,25,0,0,0,0,0,0,0,0,31
652,3240,4.5,243,100,27,0,0,0,0,0,0,0,0,27
653,2932,4.57895,261,100,28,0,0,0,0,0,0,0,0,29
654,3388,3.81356,225,100,34,0,0,0,0,0,0,0,0,25
655,2710,4.05,243,100,33,0,0,0,0,0,0,0,0,27
656,1720,4.48214,251,100,28,0,0,0,0,0,0,0,1,27
657,1400,3.71698,197,100,31,0,0,0,0,0,0,0,1,21
658,1678,3.90566,207,100,30,0,0,0,0,0,0,0,0,23
659,1836,4.17857,234,100,30,0,0,0,0,0,0,0,0,26
660,1666,3.2459,198,100,39,0,0,0,0,0,0,0,0,22
661,1908,3.41379,198,100,36,0,0,0,0,0,0,0,0,22
662,2260,3.9661,234,100,33,0,0,0,0,0,0,0,0,26
663,2642,4.81034,279,100,27,0,0,0,0,0,0,0,0,31
664,2754,5.07273,279,100,24,0,0,0,0,0,0,0,0,31
665,2510,4.74545,261,100,26,0,0,0,0,0,0,0,0,29
666,2818,4.74545,261,100,26,0,0,0,0,0,0,0,0,29
667,1814,4.41818,243,100,28,0,0,0,0,0,0,0,0,27
668,1706,4.26316,243,100,30,0,0,0,0,0,0,0,0,27
669,1238,3.5,189,100,33,0,0,0,0,0,0,0,0,21
670,1738,3.9,234,100,34,0,0,0,0,0,0,0,0,26
671,1742,4.41509,234,100,27,0,0,0,0,0,0,0,0,26
672,1998,3.72414,216,100,34,0,0,0,0,0,0,0,0,24
673,1954,4.09091,225,100,30,0,0,0,0,0,0,0,0,25
674,1974,3.53571,198,100,34,0,0,0,0,0,0,0,0,22
675,1560,3.94737,225,100,32,0,0,0,0,0,0,0,0,25
676,1422,4.66071,261,100,27,0,0,0,0,0,0,0,0,29
677,1548,4.57627,270,100,29,0,0,0,0,0,0,0,0,30
678,1546,4.5,261,100,29,0,0,0,0,0,0,0,0,29
679,1796,4.73684,270,100,27,0,0,0,0,0,0,0,0,30
680,1450,4.67308,243,100,25,0,0,0,0,0,0,0,0,27
681,1674,4.66071,261,100,27,0,0,0,0,0,0,0,0,29
682,1840,4.65517,270,100,28,0,0,0,0,0,0,0,0,30
683,2074,4.5,243,100,27,0,0,0,0,0,0,0,0,27
684,2908,5.72727,315,100,20,0,0,0,0,0,0,0,0,35
685,2878,4.96552,288,100,26,0,0,0,0,0,0,0,0,32
686,3416,5.05172,293,100,25,0,0,0,0,1,0,0,0,32
687,4246,4.58182,252,100,27,0,0,0,0,0,0,0,0,28
688,3684,4.73684,270,100,27,0,0,0,0,0,0,0,0,30
689,2934,3.85714,216,100,32,0,0,0,0,0,0,0,0,24
690,3720,4.17857,234,100,30,0,0,0,0,0,0,0,0,26
691,3204,5.5,297,100,21,0,0,0,0,0,0,0,0,33
692,2602,4.5,225,100,25,0,0,0,0,0,0,0,0,25
693,2304,4.41509,234,100,27,0,0,0,0,0,0,0,0,26
694,2694,4.35,261,100,31,0,0,0,0,0,0,0,0,29
695,3386,4.35484,270,100,32,0,0,0,0,0,0,0,0,30
696,3140,4.42623,270,100,31,0,0,0,0,0,0,0,0,30
697,3392,5.18644,306,100,25,0,0,0,0,0,0,0,0,34
698,2738,5.14286,288,100,24,0,0,0,0,0,0,0,0,32
699,2604,4.5,270,100,30,0,0,0,0,0,0,0,0,30
700,2550,4.5,270,100,30,0,0,0,0,0,0,0,0,30
701,2162,4.2,252,100,32,0,0,0,0,0,0,0,0,28
702,1650,4.41509,234,100,27,0,0,0,0,0,0,0,0,26
703,1630,4.75472,252,100,25,0,0,0,0,0,0,0,0,28
704,1394,4.89474,279,100,26,0,0,0,0,0,0,0,0,31
705,1506,5.08065,315,100,27,0,0,0,0,0,0,0,0,35
706,1336,4.09091,225,100,30,0,0,0,0,0,0,0,0,25
707,1442,3.66102,216,100,35,0,0,0,0,0,0,0,0,24
708,1524,3.98361,243,100,34,0,0,0,0,0,0,0,0,27
709,1304,3.6,198,100,33,0,0,0,0,0,0,0,0,22
710,1328,3.56604,189,100,32,0,0,0,0,0,0,0,0,21
711,1520,3.81356,225,100,34,0,0,0,0,0,0,0,0,25
712,1220,3.35593,198,100,37,0,0,0,0,0,0,0,0,22
713,1562,4.57627,270,100,29,0,0,0,0,0,0,0,0,30
714,1478,4.73684,270,100,27,0,0,0,0,0,0,0,0,30
715,1670,4.42373,261,100,30,0,0,0,0,0,0,0,0,29
716,1724,4.58182,252,100,27,0,0,0,0,0,0,0,0,28
717,1560,4.18966,243,100,31,0,0,0,0,0,0,0,0,27
718,1650,3.87719,221,100,32,0,0,0,0,1,0,0,0,24
719,1608,3.79365,239,100,36,0,0,0,0,1,0,0,0,26
720,1324,3.3,198,100,38,0,0,0,0,0,0,0,0,22
721,1608,3.33871,207,100,39,0,0,0,0,0,0,0,0,23
722,1882,3.23438,207,100,41,0,0,0,0,0,0,0,0,23
723,1994,3.2459,198,100,39,0,0,0,0,0,0,0,0,22
724,2044,2.8125,180,100,44,0,0,0,0,0,0,0,0,20
725,2376,2.65574,162,100,43,0,0,0,0,0,0,0,0,18
726,2288,2.63793,153,100,41,0,0,0,0,0,0,0,0,17
727,2244,2.90323,180,100,42,0,0,0,0,0,0,0,0,20
728,2264,2.90323,180,100,42,0,0,0,0,0,0,0,0,20
729,2780,3.68852,225,100,36,0,0,0,0,0,0,0,0,25
730,2166,3.63158,207,100,34,0,0,0,0,0,0,0,0,23
731,2034,2.90323,180,100,42,0,0,0,0,0,0,0,0,20
732,2386,3.19355,198,100,40,0,0,0,0,0,0,0,0,22
733,2312,3,171,100,38,0,0,0,0,0,0,0,0,19
734,2600,3.20339,189,100,38,0,0,0,0,0,0,0,0,21
735,1484,3.20339,189,100,38,0,0,0,0,0,0,0,0,21
736,1776,3.9,234,100,34,0,0,0,0,0,0,0,0,26
737,1570,3.32787,203,100,38,0,0,0,0,1,0,0,0,22
738,1518,3.05085,180,100,39,0,0,0,0,0,0,0,0,20
739,1872,3,180,100,40,0,0,0,0,0,0,0,0,20
740,1640,2.85714,180,100,43,0,0,0,0,0,0,0,0,20
741,1232,2.89286,162,100,38,0,0,0,0,0,0,0,0,18
742,1540,3.13559,185,100,38,0,0,0,0,1,0,0,0,20
743,1610,4.03448,234,100,32,0,0,0,0,0,0,0,0,26
744,1752,3.9375,252,100,36,0,0,0,0,0,0,0,0,28
745,1502,4.06557,248,100,33,0,0,0,0,1,0,0,0,27
746,1710,3.65079,230,100,37,0,0,0,0,1,0,0,0,25
747,1750,4.12069,239,100,31,0,0,0,0,1,0,0,0,26
748,1830,3.56452,221,100,37,0,0,0,0,1,0,0,0,24
749,2096,4.01562,257,100,35,0,0,0,0,1,0,0,0,28
750,2480,3.48387,216,100,38,0,0,0,0,0,0,0,0,24
751,2428,3.09836,189,100,40,0,0,0,0,0,0,0,0,21
752,1932,3.42857,216,100,39,0,0,0,0,0,0,0,0,24
753,1374,2.80328,171,100,42,0,0,0,0,0,0,0,0,19
754,1638,2.71429,171,100,44,0,0,0,0,0,0,0,0,19
755,1924,3.42857,216,100,39,0,0,0,0,0,0,0,0,24
756,1604,4,216,100,30,0,0,0,0,0,0,0,0,24
757,1468,3.13559,185,100,38,0,0,0,0,1,0,0,0,20
758,1474,2.59322,153,100,42,0,0,0,0,0,0,0,0,17
759,1410,2.74576,162,100,41,0,0,0,0,0,0,0,0,18
760,1370,2.25,135,100,45,0,0,0,0,0,0,0,0,15
761,1474,2.63077,171,100,46,0,0,0,0,0,0,0,0,19
762,1506,3.28571,207,100,40,0,0,0,0,0,0,0,0,23
763,1316,3.21429,180,100,36,0,0,0,0,0,0,0,0,20
764,1250,3,180,100,40,0,0,0,0,0,0,0,0,20
765,1408,3.41379,198,100,36,0,0,0,0,0,0,0,0,22
766,1314,3.3,198,100,38,0,0,0,0,0,0,0,0,22
767,1320,3.21429,180,100,36,0,0,0,0,0,0,0,0,20
768,1708,3.94737,225,100,32,0,0,0,0,0,0,0,0,25
769,1444,3.375,189,100,35,0,0,0,0,0,0,0,0,21
770,1352,3.78947,216,100,33,0,0,0,0,0,0,0,0,24
771,1322,2.28571,144,100,47,0,0,0,0,0,0,0,0,16
772,1256,2.90323,180,100,42,0,0,0,0,0,0,0,0,20
773,1560,2.85714,180,100,43,0,0,0,0,0,0,0,0,20
774,1436,3.85714,216,100,32,0,0,0,0,0,0,0,0,24
775,1554,3.27273,180,100,35,0,0,0,0,0,0,0,0,20
776,1854,4.01786,225,100,31,0,0,0,0,0,0,0,0,25
777,1926,4.83333,261,100,25,0,0,0,0,0,0,0,0,29
778,2016,4.41509,234,100,27,0,0,0,0,0,0,0,0,26
779,2176,4.34483,252,100,30,0,0,0,0,0,0,0,0,28
780,2050,4.96552,288,100,26,0,0,0,0,0,0,0,0,32
781,2200,5.14286,288,100,24,0,0,0,0,0,0,0,0,32
782,2346,5.09434,270,100,23,0,0,0,0,0,0,0,0,30
783,2250,4.5,225,100,25,0,0,0,0,0,0,0,0,25
784,2232,4.92453,261,100,24,0,0,0,0,0,0,0,0,29
785,1774,4.66667,252,100,26,0,0,0,0,0,0,0,0,28
786,1584,4,216,100,30,0,0,0,0,0,0,0,0,24
787,1842,4.64062,297,100,31,0,0,0,0,0,0,0,0,33
788,1844,4.57627,270,100,29,0,0,0,0,0,0,0,0,30
789,1884,4.98214,279,100,25,0,0,0,0,0,0,0,0,31
790,2350,5.64407,333,100,22,0,0,0,0,0,0,0,0,37
791,1742,5.625,315,100,21,0,0,0,0,0,0,0,0,35
792,2110,5.94915,351,100,20,0,0,0,0,0,0,0,0,39
793,2224,5.58621,324,100,22,0,0,0,0,0,0,0,0,36
794,2124,4.79032,297,100,29,0,0,0,0,0,0,0,0,33
795,1766,5.625,315,100,21,0,0,0,0,0,0,0,0,35
796,1834,5.78571,324,100,20,0,0,0,0,0,0,0,0,36
797,1518,4.88136,288,100,27,0,0,0,0,0,0,0,0,32
798,1788,5.01639,306,100,27,0,0,0,0,0,0,0,0,34
799,1500,5.30357,297,100,23,0,0,0,0,0,0,0,0,33
800,1630,5.0339,297,100,26,0,0,0,0,0,0,0,0,33
801,1574,5.33898,315,100,24,0,0,0,0,0,0,0,0,35
802,1552,4.83333,261,100,25,0,0,0,0,0,0,0,0,29
803,1674,4.90909,270,100,25,0,0,0,0,0,0,0,0,30
804,1788,5.05263,288,100,25,0,0,0,0,0,0,0,0,32
805,1846,5.83333,315,100,19,0,0,0,0,0,0,0,0,35
806,2118,5.83333,315,100,19,0,0,0,0,0,0,0,0,35
807,1964,4.83333,261,100,25,0,0,0,0,0,0,0,0,29
808,1948,5,270,100,24,0,0,0,0,0,0,0,0,30
809,2004,4.82143,270,100,26,0,0,0,0,0,0,0,0,30
810,1808,4.03448,234,100,32,0,0,0,0,0,0,0,0,26
811,1732,4.10526,234,100,31,0,0,0,0,0,0,0,0,26
812,1604,5.27586,306,100,24,0,0,0,0,0,0,0,0,34
813,1476,4.72131,288,100,29,0,0,0,0,0,0,0,0,32
814,1608,4.42857,279,100,32,0,0,0,0,0,0,0,0,31
815,1688,4.71429,297,100,30,0,0,0,0,0,0,0,0,33
816,1870,5.49153,324,100,23,0,0,0,0,0,0,0,0,36
817,1388,5.21053,297,100,24,0,0,0,0,0,0,0,0,33
818,1310,4.57377,279,100,30,0,0,0,0,0,0,0,0,31
819,1674,4.8,288,100,28,0,0,0,0,0,0,0,0,32
820,1492,5.12069,297,100,25,0,0,0,0,0,0,0,0,33
821,1658,4.2,252,100,32,0,0,0,0,0,0,0,0,28
822,1492,4.65517,270,100,28,0,0,0,0,0,0,0,0,30
823,1822,5.49153,324,100,23,0,0,0,0,0,0,0,0,36
824,1904,4.88136,288,100,27,0,0,0,0,0,0,0,0,32
825,1734,4.71429,297,100,30,0,0,0,0,0,0,0,0,33
826,1710,4.11864,243,100,32,0,0,0,0,0,0,0,0,27
827,1612,3.54098,216,100,37,0,0,0,0,0,0,0,0,24
828,1426,4.2,252,100,32,0,0,0,0,0,0,0,0,28
829,1604,4.35484,270,100,32,0,0,0,0,0,0,0,0,30
830,1022,4.5,252,100,28,0,0,0,0,0,0,0,0,28
831,1400,4,252,100,35,0,0,0,0,0,0,0,0,28
832,1460,4.20968,261,100,33,0,0,0,0,0,0,0,0,29
833,1876,4.42623,270,100,31,0,0,0,0,0,0,0,0,30
834,1726,4.42857,279,100,32,0,0,0,0,0,0,0,0,31
835,1762,4.8,288,100,28,0,0,0,0,0,0,0,0,32
836,1716,4.81034,279,100,27,0,0,0,0,0,0,0,0,31
837,1900,4.03448,234,100,32,0,0,0,0,0,0,0,0,26
838,1782,4.58182,252,100,27,0,0,0,0,0,0,0,0,28
839,1946,4.42623,270,100,31,0,0,0,0,0,0,0,0,30
840,1912,3.75,225,100,35,0,0,0,0,0,0,0,0,25
841,1880,3.75,225,100,35,0,0,0,0,0,0,0,0,25
842,2304,4.20968,261,100,33,0,0,0,0,0,0,0,0,29
843,2268,4.27869,261,100,32,0,0,0,0,0,0,0,0,29
844,1630,3.94737,225,100,32,0,0,0,0,0,0,0,0,25
845,1838,4.24528,225,100,28,0,0,0,0,0,0,0,0,25
846,2046,4.67308,243,100,25,0,0,0,0,0,0,0,0,27
847,1890,4.18966,243,100,31,0,0,0,0,0,0,0,0,27
848,2046,3.53571,198,100,34,0,0,0,0,0,0,0,0,22
849,1984,4.03448,234,100,32,0,0,0,0,0,0,0,0,26
850,2234,4.34483,252,100,30,0,0,0,0,0,0,0,0,28
851,2208,3.9661,234,100,33,0,0,0,0,0,0,0,0,26
852,2600,4.11864,243,100,32,0,0,0,0,0,0,0,0,27
853,2736,4.41818,243,100,28,0,0,0,0,0,0,0,0,27
854,2414,3.73585,198,100,31,0,0,0,0,0,0,0,0,22
855,2572,4.76923,248,100,24,0,0,0,0,1,0,0,0,27
856,2502,4.57895,261,100,28,0,0,0,0,0,0,0,0,29
857,2316,4.57895,261,100,28,0,0,0,0,0,0,0,0,29
858,2464,4.82143,270,100,26,0,0,0,0,0,0,0,0,30
859,2638,5.18644,306,100,25,0,0,0,0,0,0,0,0,34
860,1798,4.57895,261,100,28,0,0,0,0,0,0,0,0,29
861,2018,5.21053,297,100,24,0,0,0,0,0,0,0,0,33
862,1590,4.96552,288,100,26,0,0,0,0,0,0,0,0,32
863,1820,6.3,378,100,18,0,0,0,0,0,0,0,0,42
864,2056,5.90164,360,100,21,0,0,0,0,0,0,0,0,40
865,1908,5.89091,324,100,19,0,0,0,0,0,0,0,0,36
866,1830,6,342,100,19,0,0,0,0,0,0,0,0,38
867,2002,5.4,324,100,24,0,0,0,0,0,0,0,0,36
868,2050,5.45455,360,100,26,0,0,0,0,0,0,0,0,40
869,2280,5.64407,333,100,22,0,0,0,0,0,0,0,0,37
870,2032,5.79661,342,100,21,0,0,0,0,0,0,0,0,38
871,1616,4.42857,279,100,32,0,0,0,0,0,0,0,0,31
872,1874,4.09091,270,100,36,0,0,0,0,0,0,0,0,30
873,1452,3.9,234,100,34,0,0,0,0,0,0,0,0,26
874,1730,3.9375,252,100,36,0,0,0,0,0,0,0,0,28
875,2124,4.07812,261,100,35,0,0,0,0,0,0,0,0,29
876,1988,4.18966,243,100,31,0,0,0,0,0,0,0,0,27
877,1890,3.98148,215,100,30,0,0,0,0,0,0,0,1,23
878,1596,3.54098,216,100,37,0,0,0,0,0,0,0,0,24
879,1512,3.68852,225,100,36,0,0,0,0,0,0,0,0,25
880,1470,3.68852,225,100,36,0,0,0,0,0,0,0,0,25
881,1626,3.09836,189,100,40,0,0,0,0,0,0,0,0,21
882,1340,2.74576,162,100,41,0,0,0,0,0,0,0,0,18
883,1294,2.89286,162,100,38,0,0,0,0,0,0,0,0,18
884,1874,3.66102,216,100,35,0,0,0,0,0,0,0,0,24
885,2154,3.39344,207,100,38,0,0,0,0,0,0,0,0,23
886,2514,3.72414,216,100,34,0,0,0,0,0,0,0,0,24
887,2408,4.26316,243,100,30,0,0,0,0,0,0,0,0,27
888,2010,2.94828,171,100,39,0,0,0,0,0,0,0,0,19
889,2642,4.29231,279,100,34,0,0,0,0,0,0,0,0,31
890,2526,5.12069,297,100,25,0,0,0,0,0,0,0,0,33
891,2388,5.49153,324,100,23,0,0,0,0,0,0,0,0,36
892,1942,4.83333,261,100,25,0,0,0,0,0,0,0,0,29
893,1794,5.01923,261,100,23,0,0,0,0,0,0,0,0,29
894,1686,5.14286,288,100,24,0,0,0,0,0,0,0,0,32
895,2130,5.33898,315,100,24,0,0,0,0,0,0,0,0,35
896,2322,5.66667,306,100,20,0,0,0,0,0,0,0,0,34
897,2422,5.46429,306,100,22,0,0,0,0,0,0,0,0,34
898,1952,5.19231,270,100,22,0,0,0,0,0,0,0,0,30
899,1542,4.5,243,100,27,0,0,0,0,0,0,0,0,27
900,1710,4.81034,279,100,27,0,0,0,0,0,0,0,0,31
901,1670,4.34483,252,100,30,0,0,0,0,0,0,0,0,28
902,1864,3.73333,224,100,35,0,0,0,0,0,0,0,1,24
903,1908,3.43333,206,100,37,0,0,0,0,0,0,0,1,22
904,1996,3.86207,224,100,33,0,0,0,0,0,0,0,1,24
905,1216,2.94828,171,100,39,0,0,0,0,0,0,0,0,19
906,1504,3.66102,216,100,35,0,0,0,0,0,0,0,0,24
907,1420,3.47368,198,100,35,0,0,0,0,0,0,0,0,22
908,1768,3.62903,225,100,37,0,0,0,0,0,0,0,0,25
909,1408,3.81356,225,100,34,0,0,0,0,0,0,0,0,25
910,1494,4.24528,225,100,28,0,0,0,0,0,0,0,0,25
911,1528,4.67308,243,100,25,0,0,0,0,0,0,0,0,27
912,1620,4.10526,234,100,31,0,0,0,0,0,0,0,0,26
913,1366,4,216,100,30,0,0,0,0,0,0,0,0,24
914,1468,4.18966,243,100,31,0,0,0,0,0,0,0,0,27
915,1454,4.5,252,100,28,0,0,0,0,0,0,0,0,28
916,1800,5.21053,297,100,24,0,0,0,0,0,0,0,0,33
917,1814,4.86885,297,100,28,0,0,0,0,0,0,0,0,33
918,1570,4.42857,279,100,32,0,0,0,0,0,0,0,0,31
919,1538,4.35,261,100,31,0,0,0,0,0,0,0,0,29
920,1288,4.27869,261,100,32,0,0,0,0,0,0,0,0,29
921,1426,5.18644,306,100,25,0,0,0,0,0,0,0,0,34
922,1338,4.20968,261,100,33,0,0,0,0,0,0,0,0,29
923,1248,4.34483,252,100,30,0,0,0,0,0,0,0,0,28
924,1566,4.42373,261,100,30,0,0,0,0,0,0,0,0,29
925,1654,4.26316,243,100,30,0,0,0,0,0,0,0,0,27
926,1564,4.65517,270,100,28,0,0,0,0,0,0,0,0,30
927,1580,4.57627,270,100,29,0,0,0,0,0,0,0,0,30
928,1930,4.83582,324,100,31,0,0,0,0,0,0,0,0,36
929,1540,4.5,261,100,29,0,0,0,0,0,0,0,0,29
930,1586,3.78947,216,100,33,0,0,0,0,0,0,0,0,24
931,1696,3.94737,225,100,32,0,0,0,0,0,0,0,0,25
932,1590,3.56897,207,100,35,0,0,0,0,0,0,0,0,23
933,1572,3.45,207,100,37,0,0,0,0,0,0,0,0,23
934,1534,2.76923,180,100,45,0,0,0,0,0,0,0,0,20
935,1766,2.10938,135,100,49,0,0,0,0,0,0,0,0,15
936,1292,2.17241,126,100,44,0,0,0,0,0,0,0,0,14
937,1626,2.80328,171,100,42,0,0,0,0,0,0,0,0,19
938,1874,2.74576,162,100,41,0,0,0,0,0,0,0,0,18
939,1978,2.5082,153,100,44,0,0,0,0,0,0,0,0,17
940,2276,2.74576,162,100,41,0,0,0,0,0,0,0,0,18
941,2420,2.36066,144,100,45,0,0,0,0,0,0,0,0,16
942,2490,3.19355,198,100,40,0,0,0,0,0,0,0,0,22
943,2788,3.32308,216,100,41,0,0,0,0,0,0,0,0,24
944,2632,3.50847,207,100,36,0,0,0,0,0,0,0,0,23
945,2694,3.19355,198,100,40,0,0,0,0,0,0,0,0,22
946,2546,3.76364,207,100,32,0,0,0,0,0,0,0,0,23
947,2484,3.94737,225,100,32,0,0,0,0,0,0,0,0,25
948,2546,3.9,234,100,34,0,0,0,0,0,0,0,0,26
949,2336,3.66102,216,100,35,0,0,0,0,0,0,0,0,24
950,2558,3.47368,198,100,35,0,0,0,0,0,0,0,0,22
951,1822,3.43636,189,100,34,0,0,0,0,0,0,0,0,21
952,1966,5.09259,275,100,23,0,0,0,0,1,0,0,0,30
953,2016,4.24528,225,100,28,0,0,0,0,0,0,0,0,25
954,2230,4,216,100,30,0,0,0,0,0,0,0,0,24
955,2340,3.56604,189,100,32,0,0,0,0,0,0,0,0,21
956,2296,5.14286,288,100,24,0,0,0,0,0,0,0,0,32
957,2114,2.85,171,100,41,0,0,0,0,0,0,0,0,19
958,1882,2.84211,162,100,39,0,0,0,0,0,0,0,0,18
959,1794,3.77419,234,100,36,0,0,0,0,0,0,0,0,26
960,1636,3.77419,234,100,36,0,0,0,0,0,0,0,0,26
961,1604,4.05,243,100,33,0,0,0,0,0,0,0,0,27
962,1678,3.75,225,100,35,0,0,0,0,0,0,0,0,25
963,1778,4.11864,243,100,32,0,0,0,0,0,0,0,0,27
964,1720,3.10909,171,100,36,0,0,0,0,0,0,0,0,19
965,1710,3.10345,180,100,38,0,0,0,0,0,0,0,0,20
966,1650,3.5,189,100,33,0,0,0,0,0,0,0,0,21
967,1618,3.66102,216,100,35,0,0,0,0,0,0,0,0,24
968,1416,3.41379,198,100,36,0,0,0,0,0,0,0,0,22
969,1566,3.19355,198,100,40,0,0,0,0,0,0,0,0,22
970,1814,3.41379,198,100,36,0,0,0,0,0,0,0,0,22
971,1672,2.89831,171,100,40,0,0,0,0,0,0,0,0,19
972,1662,2.74576,162,100,41,0,0,0,0,0,0,0,0,18
973,1910,3.20339,189,100,38,0,0,0,0,0,0,0,0,21
974,1800,3.35593,198,100,37,0,0,0,0,0,0,0,0,22
975,1660,3.45,207,100,37,0,0,0,0,0,0,0,0,23
976,1478,3.04839,189,100,41,0,0,0,0,0,0,0,0,21
977,1766,3.39344,207,100,38,0,0,0,0,0,0,0,0,23
978,1502,2.77193,158,100,39,0,0,0,0,1,0,0,0,17
979,1688,2.63077,171,100,46,0,0,0,0,0,0,0,0,19
980,1698,2.95312,189,100,43,0,0,0,0,0,0,0,0,21
981,1524,3.54098,216,100,37,0,0,0,0,0,0,0,0,24
982,1332,3,180,100,40,0,0,0,0,0,0,0,0,20
983,1488,3.94737,225,100,32,0,0,0,0,0,0,0,0,25
984,1782,3.83607,234,100,35,0,0,0,0,0,0,0,0,26
985,1870,3.83824,261,100,39,0,0,0,0,0,0,0,0,29
986,1668,3.9,234,100,34,0,0,0,0,0,0,0,0,26
987,1650,3.9375,252,100,36,0,0,0,0,0,0,0,0,28
988,1760,3.45,207,100,37,0,0,0,0,0,0,0,0,23
989,1348,5.27586,306,100,24,0,0,0,0,0,0,0,0,34
990,1294,4.82143,270,100,26,0,0,0,0,0,0,0,0,30
991,1288,3.72414,216,100,34,0,0,0,0,0,0,0,0,24
992,1452,4.57377,279,100,30,0,0,0,0,0,0,0,0,31
993,1470,5.37097,333,100,25,0,0,0,0,0,0,0,0,37
994,1168,4.57627,270,100,29,0,0,0,0,0,0,0,0,30
995,1262,4.13115,252,100,33,0,0,0,0,0,0,0,0,28
996,1274,3.66102,216,100,35,0,0,0,0,0,0,0,0,24
997,1296,3.87692,252,100,37,0,0,0,0,0,0,0,0,28
998,1198,3.87692,252,100,37,0,0,0,0,0,0,0,0,28
999,1294,4.57377,279,100,30,0,0,0,0,0,0,0,0,31
