update,points,mean_tasks,total_tasks,total_orgs,task_0,task_1,task_2,task_3,task_4,task_5,task_6,task_7,task_8,task_9
0,0,nan,0,9,0,0,0,0,0,0,0,0,0,0
1,0,nan,0,9,0,0,0,0,0,0,0,0,0,0
2,2,0,0,9,1,0,0,0,0,0,0,0,0,0
3,6,0,0,9,2,0,0,0,0,0,0,0,0,0
4,6,0,0,9,2,0,0,0,0,0,0,0,0,0
5,10,0,0,9,4,0,0,0,0,0,0,0,0,0
6,20,0,0,9,5,0,0,0,0,0,0,0,0,0
7,20,0,0,9,5,0,0,0,0,0,0,0,0,0
8,22,0,0,9,6,0,0,0,0,0,0,0,0,0
9,28,0,0,9,6,0,0,0,0,0,0,0,0,0
10,74,0,0,10,6,0,0,0,0,0,0,0,0,0
11,120,1.5,9,11,5,0,0,0,0,0,0,0,0,1
12,104,1.5,9,12,5,0,0,0,0,0,0,0,0,1
13,34,1.5,9,12,5,0,0,0,0,0,0,0,0,1
14,38,1.5,9,12,5,0,0,0,0,0,0,0,0,1
15,46,1.28571,9,12,6,0,0,0,0,0,0,0,0,1
16,92,1.28571,9,13,6,0,0,0,0,0,0,0,0,1
17,66,1.28571,9,13,6,0,0,0,0,0,0,0,0,1
18,28,1.28571,9,14,6,0,0,0,0,0,0,0,0,1
19,32,0,0,14,7,0,0,0,0,0,0,0,0,0
20,40,0,0,14,9,0,0,0,0,0,0,0,0,0
21,134,1.125,9,15,7,0,0,0,0,0,0,0,0,1
22,122,2.25,18,17,6,0,0,0,0,0,0,0,0,2
23,86,2,18,17,7,0,0,0,0,0,0,0,0,2
24,136,3,36,18,8,0,0,0,0,0,0,0,0,4
25,118,2.25,27,19,9,0,0,0,0,0,0,0,0,3
26,120,2.25,27,19,9,0,0,0,0,0,0,0,0,3
27,112,2.76923,36,20,9,0,0,0,0,0,0,0,0,4
28,182,2.76923,36,21,9,0,0,0,0,0,0,0,0,4
29,174,2.4,36,22,11,0,0,0,0,0,0,0,0,4
30,120,2.25,36,23,12,0,0,0,0,0,0,0,0,4
31,196,3,54,25,12,0,0,0,0,0,0,0,0,6
32,252,3.31579,63,26,12,0,0,0,0,0,0,0,0,7
33,332,3.375,54,28,10,0,0,0,0,0,0,0,0,6
34,412,4,72,35,10,0,0,0,0,0,0,0,0,8
35,462,4.28571,90,41,11,0,0,0,0,0,0,0,0,10
36,468,2.76923,72,46,18,0,0,0,0,0,0,0,0,8
37,534,3.85714,108,50,16,0,0,0,0,0,0,0,0,12
38,768,3.75,135,59,21,0,0,0,0,0,0,0,0,15
39,664,3.16216,117,64,24,0,0,0,0,0,0,0,0,13
40,818,4.275,171,67,21,0,0,0,0,0,0,0,0,19
41,798,4.09091,180,69,24,0,0,0,0,0,0,0,0,20
42,800,3.6,162,70,27,0,0,0,0,0,0,0,0,18
43,888,3.85714,189,74,28,0,0,0,0,0,0,0,0,21
44,868,3.28846,171,77,33,0,0,0,0,0,0,0,0,19
45,1084,3.76364,207,80,32,0,0,0,0,0,0,0,0,23
46,1292,4.24528,225,84,28,0,0,0,0,0,0,0,0,25
47,1228,4.25455,234,88,29,0,0,0,0,0,0,0,0,26
48,1148,4.82143,270,91,26,0,0,0,0,0,0,0,0,30
49,1072,4.26786,239,92,29,0,0,0,0,1,0,0,0,26
50,1408,5.2069,302,93,24,0,0,0,0,1,0,0,0,33
51,1562,5.68421,324,95,21,0,0,0,0,0,0,0,0,36
52,1504,4.89474,279,95,26,0,0,0,0,0,0,0,0,31
53,1410,4.96552,288,95,26,0,0,0,0,0,0,0,0,32
54,1124,3.78947,216,95,33,0,0,0,0,0,0,0,0,24
55,1444,4.57377,279,96,30,0,0,0,0,0,0,0,0,31
56,1262,4.5,261,98,29,0,0,0,0,0,0,0,0,29
57,1386,4.96552,288,99,26,0,0,0,0,0,0,0,0,32
58,1456,4.57377,279,99,30,0,0,0,0,0,0,0,0,31
59,1304,4.42105,252,99,29,0,0,0,0,0,0,0,0,28
60,1462,5.9434,315,99,18,0,0,0,0,0,0,0,0,35
61,1384,5.36842,306,99,23,0,0,0,0,0,0,0,0,34
62,1484,5.625,315,100,21,0,0,0,0,0,0,0,0,35
63,1882,6.3,378,100,18,0,0,0,0,0,0,0,0,42
64,1900,5.55,333,100,23,0,0,0,0,0,0,0,0,37
65,1454,5.18644,306,100,25,0,0,0,0,0,0,0,0,34
66,1464,5.80645,360,100,22,0,0,0,0,0,0,0,0,40
67,1328,4.5,279,100,31,0,0,0,0,0,0,0,0,31
68,1244,4.28571,270,100,33,0,0,0,0,0,0,0,0,30
69,1238,4.20968,261,100,33,0,0,0,0,0,0,0,0,29
70,1486,5.08065,315,100,27,0,0,0,0,0,0,0,0,35
71,1506,4.01538,261,100,36,0,0,0,0,0,0,0,0,29
72,1558,4.5,279,100,31,0,0,0,0,0,0,0,0,31
73,1286,4.64062,297,100,31,0,0,0,0,0,0,0,0,33
74,1430,4.35,261,100,31,0,0,0,0,0,0,0,0,29
75,1736,5.18644,306,100,25,0,0,0,0,0,0,0,0,34
76,1572,4.65517,270,100,28,0,0,0,0,0,0,0,0,30
77,1492,5.1,306,100,26,0,0,0,0,0,0,0,0,34
78,1500,4.42857,279,100,32,0,0,0,0,0,0,0,0,31
79,1330,4.64516,288,100,30,0,0,0,0,0,0,0,0,32
80,1356,4.57143,288,100,31,0,0,0,0,0,0,0,0,32
81,1402,4.85714,306,100,29,0,0,0,0,0,0,0,0,34
82,1352,4.85714,306,100,29,0,0,0,0,0,0,0,0,34
83,1382,4.88136,288,100,27,0,0,0,0,0,0,0,0,32
84,1214,4.65,279,100,29,0,0,0,0,0,0,0,0,31
85,1210,4.27869,261,100,32,0,0,0,0,0,0,0,0,29
86,1270,3.54545,234,100,40,0,0,0,0,0,0,0,0,26
87,1396,3.68182,243,100,39,0,0,0,0,0,0,0,0,27
88,1096,3.54098,216,100,37,0,0,0,0,0,0,0,0,24
89,1294,4,252,100,35,0,0,0,0,0,0,0,0,28
90,1384,4.29231,279,100,34,0,0,0,0,0,0,0,0,31
91,1344,5.08065,315,100,27,0,0,0,0,0,0,0,0,35
92,1394,4.56923,297,100,32,0,0,0,0,0,0,0,0,33
93,1444,5.25,315,100,25,0,0,0,0,0,0,0,0,35
94,1586,5.67692,369,100,24,0,0,0,0,0,0,0,0,41
95,1206,4.65,279,100,29,0,0,0,0,0,0,0,0,31
96,1648,6.05172,351,100,19,0,0,0,0,0,0,0,0,39
97,1728,6.05172,351,100,19,0,0,0,0,0,0,0,0,39
98,1278,6.05769,315,100,17,0,0,0,0,0,0,0,0,35
99,1446,6.33333,342,100,16,0,0,0,0,0,0,0,0,38
100,1656,5.55,333,100,23,0,0,0,0,0,0,0,0,37
101,1670,5.7541,351,100,22,0,0,0,0,0,0,0,0,39
102,1452,4.65517,270,100,28,0,0,0,0,0,0,0,0,30
103,1210,4.33929,243,100,29,0,0,0,0,0,0,0,0,27
104,1820,5.18644,306,100,25,0,0,0,0,0,0,0,0,34
105,1302,4.26316,243,100,30,0,0,0,0,0,0,0,0,27
106,1686,4.77273,315,100,31,0,0,0,0,0,0,0,0,35
107,1354,4.95,297,100,27,0,0,0,0,0,0,0,0,33
108,1526,5.27586,306,100,24,0,0,0,0,0,0,0,0,34
109,1410,5.21053,297,100,24,0,0,0,0,0,0,0,0,33
110,1204,4.92453,261,100,24,0,0,0,0,0,0,0,0,29
111,1332,4.8,288,100,28,0,0,0,0,0,0,0,0,32
112,1372,4.89474,279,100,26,0,0,0,0,0,0,0,0,31
113,1350,3.9661,234,100,33,0,0,0,0,0,0,0,0,26
114,1524,4.35,261,100,31,0,0,0,0,0,0,0,0,29
115,1542,4.05,243,100,33,0,0,0,0,0,0,0,0,27
116,1672,4.8,288,100,28,0,0,0,0,0,0,0,0,32
117,1370,4.35,261,100,31,0,0,0,0,0,0,0,0,29
118,1672,4.42857,279,100,32,0,0,0,0,0,0,0,0,31
119,2106,5.37097,333,100,25,0,0,0,0,0,0,0,0,37
120,1594,4.58182,252,100,27,0,0,0,0,0,0,0,0,28
121,1640,5.68421,324,100,21,0,0,0,0,0,0,0,0,36
122,1528,5.55,333,100,23,0,0,0,0,0,0,0,0,37
123,1166,4.98214,279,100,25,0,0,0,0,0,0,0,0,31
124,1408,5.55,333,100,23,0,0,0,0,0,0,0,0,37
125,1370,4.72131,288,100,29,0,0,0,0,0,0,0,0,32
126,1594,5.4,324,100,24,0,0,0,0,0,0,0,0,36
127,1474,5.30357,297,100,23,0,0,0,0,0,0,0,0,33
128,1448,5.55,333,100,23,0,0,0,0,0,0,0,0,37
129,1124,5.09434,270,100,23,0,0,0,0,0,0,0,0,30
130,1054,4.66071,261,100,27,0,0,0,0,0,0,0,0,29
131,1156,4.27119,252,100,31,0,0,0,0,0,0,0,0,28
132,1212,4.73684,270,100,27,0,0,0,0,0,0,0,0,30
133,1114,4.57377,279,100,30,0,0,0,0,0,0,0,0,31
134,1264,4.95,297,100,27,0,0,0,0,0,0,0,0,33
135,1188,4.5,261,100,29,0,0,0,0,0,0,0,0,29
136,1244,4.64516,288,100,30,0,0,0,0,0,0,0,0,32
137,1342,5.0625,324,100,28,0,0,0,0,0,0,0,0,36
138,1194,5.0339,297,100,26,0,0,0,0,0,0,0,0,33
139,1430,5.80645,360,100,22,0,0,0,0,0,0,0,0,40
140,1324,5.37097,333,100,25,0,0,0,0,0,0,0,0,37
141,1278,6.04918,369,100,20,0,0,0,0,0,0,0,0,41
142,1434,5.33898,315,100,24,0,0,0,0,0,0,0,0,35
143,1418,5.16393,315,100,26,0,0,0,0,0,0,0,0,35
144,1348,5.56364,306,100,21,0,0,0,0,0,0,0,0,34
145,1238,4.72881,279,100,28,0,0,0,0,0,0,0,0,31
146,1300,4.13115,252,100,33,0,0,0,0,0,0,0,0,28
147,1350,4.14286,261,100,34,0,0,0,0,0,0,0,0,29
148,1420,6.11321,324,100,17,0,0,0,0,0,0,0,0,36
149,1334,5.07273,279,100,24,0,0,0,0,0,0,0,0,31
150,1278,5.23636,288,100,23,0,0,0,0,0,0,0,0,32
151,954,3.72414,216,100,34,0,0,0,0,0,0,0,0,24
152,1368,4.42857,279,100,32,0,0,0,0,0,0,0,0,31
153,1322,4.57143,288,100,31,0,0,0,0,0,0,0,0,32
154,1010,4.09091,225,100,30,0,0,0,0,0,0,0,0,25
155,1430,4.13115,252,100,33,0,0,0,0,0,0,0,0,28
156,1536,4,252,100,35,0,0,0,0,0,0,0,0,28
157,1342,3.9,234,100,34,0,0,0,0,0,0,0,0,26
158,1256,3.85714,216,100,32,0,0,0,0,0,0,0,0,24
159,1410,3.9,234,100,34,0,0,0,0,0,0,0,0,26
160,1480,4.27119,252,100,31,0,0,0,0,0,0,0,0,28
161,1290,3.92727,216,100,31,0,0,0,0,0,0,0,0,24
162,1474,5.01639,306,100,27,0,0,0,0,0,0,0,0,34
163,1356,4.26316,243,100,30,0,0,0,0,0,0,0,0,27
164,1626,4.85714,306,100,29,0,0,0,0,0,0,0,0,34
165,1382,3.98361,243,100,34,0,0,0,0,0,0,0,0,27
166,1408,3.65625,234,100,38,0,0,0,0,0,0,0,0,26
167,1454,4.72881,279,100,28,0,0,0,0,0,0,0,0,31
168,1616,4.27119,252,100,31,0,0,0,0,0,0,0,0,28
169,1434,3.92727,216,100,31,0,0,0,0,0,0,0,0,24
170,1498,5.05263,288,100,25,0,0,0,0,0,0,0,0,32
171,1522,4.98214,279,100,25,0,0,0,0,0,0,0,0,31
172,1426,4.82143,270,100,26,0,0,0,0,0,0,0,0,30
173,1516,5.33898,315,100,24,0,0,0,0,0,0,0,0,35
174,1398,5.23636,288,100,23,0,0,0,0,0,0,0,0,32
175,1270,4.86885,297,100,28,0,0,0,0,0,0,0,0,33
176,1340,5.27586,306,100,24,0,0,0,0,0,0,0,0,34
177,1486,5.36842,306,100,23,0,0,0,0,0,0,0,0,34
178,1490,5.18644,306,100,25,0,0,0,0,0,0,0,0,34
179,1286,4.81034,279,100,27,0,0,0,0,0,0,0,0,31
180,1512,5.16393,315,100,26,0,0,0,0,0,0,0,0,35
181,1290,4.14286,261,100,34,0,0,0,0,0,0,0,0,29
182,1364,4.5,270,100,30,0,0,0,0,0,0,0,0,30
183,1312,5.30357,297,100,23,0,0,0,0,0,0,0,0,33
184,1334,5.56364,306,100,21,0,0,0,0,0,0,0,0,34
185,1398,5.94643,333,100,19,0,0,0,0,0,0,0,0,37
186,1542,6.21818,342,100,17,0,0,0,0,0,0,0,0,38
187,1346,6.45283,342,100,15,0,0,0,0,0,0,0,0,38
188,1424,6.70588,342,100,13,0,0,0,0,0,0,0,0,38
189,1562,5.78571,324,100,20,0,0,0,0,0,0,0,0,36
190,1498,5.625,315,100,21,0,0,0,0,0,0,0,0,35
191,1492,4.90909,270,100,25,0,0,0,0,0,0,0,0,30
192,1264,4.90909,270,100,25,0,0,0,0,0,0,0,0,30
193,1364,4.65517,270,100,28,0,0,0,0,0,0,0,0,30
194,1650,4.78125,306,100,30,0,0,0,0,0,0,0,0,34
195,1628,5.25,315,100,25,0,0,0,0,0,0,0,0,35
196,1392,5.14286,288,100,24,0,0,0,0,0,0,0,0,32
197,1424,5.4,324,100,24,0,0,0,0,0,0,0,0,36
198,1626,5.4,324,100,24,0,0,0,0,0,0,0,0,36
199,1394,5.0339,297,100,26,0,0,0,0,0,0,0,0,33
200,1308,5.27586,306,100,24,0,0,0,0,0,0,0,0,34
201,1240,5.64407,333,100,22,0,0,0,0,0,0,0,0,37
202,1380,5.625,360,100,24,0,0,0,0,0,0,0,0,40
203,1434,6.55932,387,100,16,0,0,0,0,0,0,0,0,43
204,1404,6.94737,396,100,13,0,0,0,0,0,0,0,0,44
205,1414,6.6,396,100,16,0,0,0,0,0,0,0,0,44
206,1334,5.18644,306,100,25,0,0,0,0,0,0,0,0,34
207,1280,4.57627,270,100,29,0,0,0,0,0,0,0,0,30
208,1322,5.64407,333,100,22,0,0,0,0,0,0,0,0,37
209,1418,5.66129,351,100,23,0,0,0,0,0,0,0,0,39
210,1418,6.77193,386,100,14,0,0,0,0,0,0,0,1,42
211,1422,6.15,369,100,19,0,0,0,0,0,0,0,0,41
212,1346,5.20312,333,100,27,0,0,0,0,0,0,0,0,37
213,1544,5.55,333,100,23,0,0,0,0,0,0,0,0,37
214,1550,5.94643,333,100,19,0,0,0,0,0,0,0,0,37
215,1408,5.74138,333,100,21,0,0,0,0,0,0,0,0,37
216,1496,5.88462,306,100,18,0,0,0,0,0,0,0,0,34
217,1552,5.83333,315,100,19,0,0,0,0,0,0,0,0,35
218,1358,5.66667,306,100,20,0,0,0,0,0,0,0,0,34
219,1544,5.43396,288,100,21,0,0,0,0,0,0,0,0,32
220,1794,4.35,261,100,31,0,0,0,0,0,0,0,0,29
221,1346,5.33333,288,100,22,0,0,0,0,0,0,0,0,32
222,1278,5.64706,288,100,19,0,0,0,0,0,0,0,0,32
223,1592,6.2069,360,100,18,0,0,0,0,0,0,0,0,40
224,1254,5.72727,315,100,20,0,0,0,0,0,0,0,0,35
225,1040,4.98214,279,100,25,0,0,0,0,0,0,0,0,31
226,1166,5.1,306,100,26,0,0,0,0,0,0,0,0,34
227,1276,5.25,315,100,25,0,0,0,0,0,0,0,0,35
228,1242,5.01639,306,100,27,0,0,0,0,0,0,0,0,34
229,1302,5.72727,315,100,20,0,0,0,0,0,0,0,0,35
230,1368,5.68421,324,100,21,0,0,0,0,0,0,0,0,36
231,1398,5.94643,333,100,19,0,0,0,0,0,0,0,0,37
232,1272,5.74138,333,100,21,0,0,0,0,0,0,0,0,37
233,1436,4.88136,288,100,27,0,0,0,0,0,0,0,0,32
234,1312,4.57895,261,100,28,0,0,0,0,0,0,0,0,29
235,1338,5.58621,324,100,22,0,0,0,0,0,0,0,0,36
236,1214,5.52632,315,100,22,0,0,0,0,0,0,0,0,35
237,1266,4.64062,297,100,31,0,0,0,0,0,0,0,0,33
238,1554,5.53846,360,100,25,0,0,0,0,0,0,0,0,40
239,1598,5.27586,306,100,24,0,0,0,0,0,0,0,0,34
240,1458,4.85714,306,100,29,0,0,0,0,0,0,0,0,34
241,1164,4.27869,261,100,32,0,0,0,0,0,0,0,0,29
242,1068,3.54098,216,100,37,0,0,0,0,0,0,0,0,24
243,1336,4.06452,252,100,34,0,0,0,0,0,0,0,0,28
244,1276,4.27869,261,100,32,0,0,0,0,0,0,0,0,29
245,1172,4.06452,252,100,34,0,0,0,0,0,0,0,0,28
246,1696,4.78125,306,100,30,0,0,0,0,0,0,0,0,34
247,1426,4.29231,279,100,34,0,0,0,0,0,0,0,0,31
248,1234,4.34483,252,100,30,0,0,0,0,0,0,0,0,28
249,1348,4.35,261,100,31,0,0,0,0,0,0,0,0,29
250,1438,4.57377,279,100,30,0,0,0,0,0,0,0,0,31
251,1390,4.5,306,100,34,0,0,0,0,0,0,0,0,34
252,1282,3.54545,234,100,40,0,0,0,0,0,0,0,0,26
253,1294,3.9,234,100,34,0,0,0,0,0,0,0,0,26
254,1636,4.34483,252,100,30,0,0,0,0,0,0,0,0,28
255,1458,4.42857,279,100,32,0,0,0,0,0,0,0,0,31
256,1552,3.75,225,100,35,0,0,0,0,0,0,0,0,25
257,1498,4.57627,270,100,29,0,0,0,0,0,0,0,0,30
258,1564,4.82143,270,100,26,0,0,0,0,0,0,0,0,30
259,1544,4.65,279,100,29,0,0,0,0,0,0,0,0,31
260,1642,5.64407,333,100,22,0,0,0,0,0,0,0,0,37
261,1368,4.42105,252,100,29,0,0,0,0,0,0,0,0,28
262,1294,4.72131,288,100,29,0,0,0,0,0,0,0,0,32
263,1636,5.45902,333,100,24,0,0,0,0,0,0,0,0,37
264,1366,5.4,297,100,22,0,0,0,0,0,0,0,0,33
265,1688,5.68421,324,100,21,0,0,0,0,0,0,0,0,36
266,1506,4.98214,279,100,25,0,0,0,0,0,0,0,0,31
267,1694,4.73684,270,100,27,0,0,0,0,0,0,0,0,30
268,1638,4.64062,297,100,31,0,0,0,0,0,0,0,0,33
269,1290,5.0339,297,100,26,0,0,0,0,0,0,0,0,33
270,1436,5.1,306,100,26,0,0,0,0,0,0,0,0,34
271,1512,5.60656,342,100,23,0,0,0,0,0,0,0,0,38
272,1522,5.60656,342,100,23,0,0,0,0,0,0,0,0,38
273,1676,5.45902,333,100,24,0,0,0,0,0,0,0,0,37
274,1744,5.94915,351,100,20,0,0,0,0,0,0,0,0,39
275,1450,6.38182,351,100,16,0,0,0,0,0,0,0,0,39
276,1518,5.4,324,100,24,0,0,0,0,0,0,0,0,36
277,1354,5.58621,324,100,22,0,0,0,0,0,0,0,0,36
278,1598,5.74138,333,100,21,0,0,0,0,0,0,0,0,37
279,1680,6,324,100,18,0,0,0,0,0,0,0,0,36
280,1996,6.04918,369,100,20,0,0,0,0,0,0,0,0,41
281,2190,6.25424,369,100,18,0,0,0,0,0,0,0,0,41
282,1458,7.07143,396,100,12,0,0,0,0,0,0,0,0,44
283,1800,7.03636,387,100,12,0,0,0,0,0,0,0,0,43
284,1930,6.96226,369,100,12,0,0,0,0,0,0,0,0,41
285,1990,7.41176,378,100,9,0,0,0,0,0,0,0,0,42
286,1510,7.26531,356,100,9,0,0,0,0,1,0,0,0,39
287,1806,6.66667,360,100,14,0,0,0,0,0,0,0,0,40
288,1646,6.13208,325,100,16,0,0,0,0,2,0,0,0,35
289,1630,5.65455,311,100,20,0,0,0,0,1,0,0,0,34
290,1820,5.83607,356,100,21,0,0,0,0,1,0,0,0,39
291,1954,5.92982,338,100,19,0,0,0,0,1,0,0,0,37
292,2250,5.35849,284,100,21,0,0,0,0,1,0,0,0,31
293,1702,5.12069,297,100,25,0,0,0,0,0,0,0,0,33
294,1734,5.45161,338,100,24,0,0,0,0,1,0,0,0,37
295,1484,4.50847,266,100,29,0,0,0,0,1,0,0,0,29
296,1836,4.86885,297,100,28,0,0,0,0,0,0,0,0,33
297,1912,4.96552,288,100,26,0,0,0,0,0,0,0,0,32
298,2114,5.05263,288,100,25,0,0,0,0,0,0,0,0,32
299,2238,5.33898,315,100,24,0,0,0,0,0,0,0,0,35
300,2512,5.14286,288,100,24,0,0,0,0,0,0,0,0,32
301,2900,6.66667,360,100,14,0,0,0,0,0,0,0,0,40
302,2512,6.5,351,100,15,0,0,0,0,0,0,0,0,39
303,2530,5.58621,324,100,22,0,0,0,0,0,0,0,0,36
304,2814,5.22581,324,100,26,0,0,0,0,0,0,0,0,36
305,2604,5.4,324,100,24,0,0,0,0,0,0,0,0,36
306,2276,6.45283,342,100,15,0,0,0,0,0,0,0,0,38
307,1902,5.68421,324,100,21,0,0,0,0,0,0,0,0,36
308,1662,5,270,100,24,0,0,0,0,0,0,0,0,30
309,1838,6.05455,333,100,18,0,0,0,0,0,0,0,0,37
310,1572,5.60377,297,100,20,0,0,0,0,0,0,0,0,33
311,1760,5.22581,324,100,26,0,0,0,0,0,0,0,0,36
312,1852,5.0339,297,100,26,0,0,0,0,0,0,0,0,33
313,1968,4.71429,297,100,30,0,0,0,0,0,0,0,0,33
314,1824,5.51613,342,100,24,0,0,0,0,0,0,0,0,38
315,1554,4.57627,270,100,29,0,0,0,0,0,0,0,0,30
316,1670,4.35484,270,100,32,0,0,0,0,0,0,0,0,30
317,1486,4.90909,270,100,25,0,0,0,0,0,0,0,0,30
318,1530,4.34483,252,100,30,0,0,0,0,0,0,0,0,28
319,1686,4.73333,284,100,28,0,0,0,0,1,0,0,0,31
320,1370,4.72581,293,100,29,0,0,0,0,1,0,0,0,32
321,1432,4.57627,270,100,29,0,0,0,0,0,0,0,0,30
322,1632,4.88571,342,100,32,0,0,0,0,0,0,0,0,38
323,1092,4.13115,252,100,33,0,0,0,0,0,0,0,0,28
324,1468,3.9375,252,100,36,0,0,0,0,0,0,0,0,28
325,1432,3.71429,234,100,37,0,0,0,0,0,0,0,0,26
326,1408,4.42623,270,100,31,0,0,0,0,0,0,0,0,30
327,1454,4.42623,270,100,31,0,0,0,0,0,0,0,0,30
328,1484,4.20968,261,100,33,0,0,0,0,0,0,0,0,29
329,1366,4.27869,261,100,32,0,0,0,0,0,0,0,0,29
330,1478,3.9661,234,100,33,0,0,0,0,0,0,0,0,26
331,1500,4.15385,270,100,35,0,0,0,0,0,0,0,0,30
332,1212,4.06452,252,100,34,0,0,0,0,0,0,0,0,28
333,1252,3.68852,225,100,36,0,0,0,0,0,0,0,0,25
334,1508,4.42857,279,100,32,0,0,0,0,0,0,0,0,31
335,1482,4,248,100,34,0,0,0,0,1,0,0,0,27
336,1512,4.34483,252,100,30,0,0,0,0,0,0,0,0,28
337,1430,3.9,234,100,34,0,0,0,0,0,0,0,0,26
338,1470,4.33333,234,100,28,0,0,0,0,0,0,0,0,26
339,1368,4.18966,243,100,31,0,0,0,0,0,0,0,0,27
340,1392,3.77419,234,100,36,0,0,0,0,0,0,0,0,26
341,1454,3.83607,234,100,35,0,0,0,0,0,0,0,0,26
342,1592,4.98214,279,100,25,0,0,0,0,0,0,0,0,31
343,1502,4.09091,225,100,30,0,0,0,0,0,0,0,0,25
344,1490,4.81034,279,100,27,0,0,0,0,0,0,0,0,31
345,1374,4.92453,261,100,24,0,0,0,0,0,0,0,0,29
346,1472,4.74545,261,100,26,0,0,0,0,0,0,0,0,29
347,1584,4,216,100,30,0,0,0,0,0,0,0,0,24
348,1644,3.98077,207,100,29,0,0,0,0,0,0,0,0,23
349,1312,3.87931,225,100,33,0,0,0,0,0,0,0,0,25
350,1382,3.69643,207,100,33,0,0,0,0,0,0,0,0,23
351,1574,4.35,261,100,31,0,0,0,0,0,0,0,0,29
352,1510,3.2459,198,100,39,0,0,0,0,0,0,0,0,22
353,1644,4.06452,252,100,34,0,0,0,0,0,0,0,0,28
354,1604,3.14286,198,100,41,0,0,0,0,0,0,0,0,22
355,1552,4.03448,234,100,32,0,0,0,0,0,0,0,0,26
356,1788,4.18966,243,100,31,0,0,0,0,0,0,0,0,27
357,1566,4.01786,225,100,31,0,0,0,0,0,0,0,0,25
358,1586,4.17857,234,100,30,0,0,0,0,0,0,0,0,26
359,1442,4.58182,252,100,27,0,0,0,0,0,0,0,0,28
360,1412,4.5,252,100,28,0,0,0,0,0,0,0,0,28
361,1362,4.73684,270,100,27,0,0,0,0,0,0,0,0,30
362,1494,4.74545,261,100,26,0,0,0,0,0,0,0,0,29
363,1536,4.57627,270,100,29,0,0,0,0,0,0,0,0,30
364,1474,4.34483,252,100,30,0,0,0,0,0,0,0,0,28
365,1448,4.28571,270,100,33,0,0,0,0,0,0,0,0,30
366,1432,4.42623,270,100,31,0,0,0,0,0,0,0,0,30
367,1552,4.28333,257,100,31,0,0,0,0,1,0,0,0,28
368,1312,4.03448,234,100,32,0,0,0,0,0,0,0,0,26
369,1442,4.5,261,100,29,0,0,0,0,0,0,0,0,29
370,1524,3.91935,243,100,35,0,0,0,0,0,0,0,0,27
371,1726,3.78947,216,100,33,0,0,0,0,0,0,0,0,24
372,1704,3.6,216,100,36,0,0,0,0,0,0,0,0,24
373,1614,3.33871,207,100,39,0,0,0,0,0,0,0,0,23
374,1724,4.05,243,100,33,0,0,0,0,0,0,0,0,27
375,1854,4.57627,270,100,29,0,0,0,0,0,0,0,0,30
376,1918,4.5,261,100,29,0,0,0,0,0,0,0,0,29
377,2202,4.79032,297,100,29,0,0,0,0,0,0,0,0,33
378,2216,5.4,324,100,24,0,0,0,0,0,0,0,0,36
379,2308,5.0625,324,100,28,0,0,0,0,0,0,0,0,36
380,1990,5.72727,315,100,20,0,0,0,0,0,0,0,0,35
381,1826,4.74545,261,100,26,0,0,0,0,0,0,0,0,29
382,2092,4.89474,279,100,26,0,0,0,0,0,0,0,0,31
383,2316,5.78571,324,100,20,0,0,0,0,0,0,0,0,36
384,2206,5.53846,288,100,20,0,0,0,0,0,0,0,0,32
385,2028,5.55,333,100,23,0,0,0,0,0,0,0,0,37
386,2130,5.4,324,100,24,0,0,0,0,0,0,0,0,36
387,2198,5.27586,306,100,24,0,0,0,0,0,0,0,0,34
388,2356,5.16393,315,100,26,0,0,0,0,0,0,0,0,35
389,2130,4.95,297,100,27,0,0,0,0,0,0,0,0,33
390,2308,4.8,288,100,28,0,0,0,0,0,0,0,0,32
391,1988,4.41818,243,100,28,0,0,0,0,0,0,0,0,27
392,2426,4.13115,252,100,33,0,0,0,0,0,0,0,0,28
393,2910,3.98148,215,100,30,0,0,0,0,0,0,0,1,23
394,3232,5.03509,287,100,25,0,0,0,0,0,0,0,1,31
395,2224,5.05455,278,100,24,0,0,0,0,0,0,0,1,30
396,2786,4.98148,269,100,24,0,0,0,0,0,0,0,1,29
397,3268,4.66071,261,100,27,0,0,0,0,0,0,0,0,29
398,3820,4.65517,270,100,28,0,0,0,0,0,0,0,0,30
399,2452,4.8,288,100,28,0,0,0,0,0,0,0,0,32
400,2458,4.72881,279,100,28,0,0,0,0,0,0,0,0,31
401,1764,5.12069,297,100,25,0,0,0,0,0,0,0,0,33
402,1530,4.5,261,100,29,0,0,0,0,0,0,0,0,29
403,1708,5.43103,315,100,23,0,0,0,0,0,0,0,0,35
404,1974,5.92982,338,100,19,0,0,0,0,1,0,0,0,37
405,2008,5.72727,315,100,20,0,0,0,0,0,0,0,0,35
406,1564,4.89474,279,100,26,0,0,0,0,0,0,0,0,31
407,1858,6.11321,324,100,17,0,0,0,0,0,0,0,0,36
408,1486,5.14286,252,100,21,0,0,0,0,0,0,0,0,28
409,1900,5.78571,324,100,20,0,0,0,0,0,0,0,0,36
410,1606,5.71154,297,100,19,0,0,0,0,0,0,0,0,33
411,1856,5.71429,320,100,20,0,0,0,0,1,0,0,0,35
412,1416,5.21569,266,100,21,0,0,0,0,1,0,0,0,29
413,1270,4.67308,243,100,25,0,0,0,0,0,0,0,0,27
414,1608,5.60377,297,100,20,0,0,0,0,0,0,0,0,33
415,1496,4.5,225,100,25,0,0,0,0,0,0,0,0,25
416,1500,5.29412,270,100,21,0,0,0,0,0,0,0,0,30
417,1922,6.96226,369,100,12,0,0,0,0,0,0,0,0,41
418,1384,5.74468,270,100,17,0,0,0,0,0,0,0,0,30
419,1412,5.64706,288,100,19,0,0,0,0,0,0,0,0,32
420,1526,5.74468,270,100,17,0,0,0,0,0,0,0,0,30
421,1472,5.94,297,100,17,0,0,0,0,0,0,0,0,33
422,1362,6,288,100,16,0,0,0,0,0,0,0,0,32
423,1202,5.26415,279,100,22,0,0,0,0,0,0,0,0,31
424,1080,5.93182,261,100,15,0,0,0,0,0,0,0,0,29
425,1490,6.48,324,100,14,0,0,0,0,0,0,0,0,36
426,1454,6.23077,324,100,16,0,0,0,0,0,0,0,0,36
427,1374,5.82353,297,100,18,0,0,0,0,0,0,0,0,33
428,1284,6.31915,297,100,14,0,0,0,0,0,0,0,0,33
429,1456,5.9434,315,100,18,0,0,0,0,0,0,0,0,35
430,1418,6.05769,315,100,17,0,0,0,0,0,0,0,0,35
431,1394,5.71154,297,100,19,0,0,0,0,0,0,0,0,33
432,952,5.14286,252,100,21,0,0,0,0,0,0,0,0,28
433,1168,5.86957,270,100,16,0,0,0,0,0,0,0,0,30
434,1074,5.55319,261,100,18,0,0,0,0,0,0,0,0,29
435,1528,5.625,270,100,18,0,0,0,0,0,0,0,0,30
436,1698,6.51064,306,100,13,0,0,0,0,0,0,0,0,34
437,1776,7.4,333,100,8,0,0,0,0,0,0,0,0,37
438,1330,6.84783,315,100,11,0,0,0,0,0,0,0,0,35
439,1752,7.05882,360,100,11,0,0,0,0,0,0,0,0,40
440,2268,7,315,100,10,0,0,0,0,0,0,0,0,35
441,1928,6.6,297,100,12,0,0,0,0,0,0,0,0,33
442,1916,7.23913,333,100,9,0,0,0,0,0,0,0,0,37
443,1792,7.34783,338,100,8,0,0,0,0,1,0,0,0,37
444,2060,6.66,333,100,13,0,0,0,0,0,0,0,0,37
445,1284,6.75,297,100,11,0,0,0,0,0,0,0,0,33
446,1366,7,315,100,10,0,0,0,0,0,0,0,0,35
447,1170,7,315,100,10,0,0,0,0,0,0,0,0,35
448,1290,7.11628,306,100,9,0,0,0,0,0,0,0,0,34
449,1320,8.53846,333,100,2,0,0,0,0,0,0,0,0,37
450,1454,8.30769,324,100,3,0,0,0,0,0,0,0,0,36
451,1434,7.25,261,100,7,0,0,0,0,0,0,0,0,29
452,2000,7.36364,324,100,8,0,0,0,0,0,0,0,0,36
453,1506,6.08108,225,100,12,0,0,0,0,0,0,0,0,25
454,1934,6.85714,288,100,10,0,0,0,0,0,0,0,0,32
455,1122,7.425,297,100,7,0,0,0,0,0,0,0,0,33
456,1138,6.525,261,100,11,0,0,0,0,0,0,0,0,29
457,1360,6.26087,288,100,14,0,0,0,0,0,0,0,0,32
458,1476,5.625,270,100,18,0,0,0,0,0,0,0,0,30
459,1354,5.3617,252,100,19,0,0,0,0,0,0,0,0,28
460,1356,4.94118,252,100,23,0,0,0,0,0,0,0,0,28
461,1228,5.5102,270,100,19,0,0,0,0,0,0,0,0,30
462,1210,6.1875,297,100,15,0,0,0,0,0,0,0,0,33
463,1358,6.31915,297,100,14,0,0,0,0,0,0,0,0,33
464,1362,6.5625,315,100,13,0,0,0,0,0,0,0,0,35
465,1478,6.48,324,100,14,0,0,0,0,0,0,0,0,36
466,1706,6.09804,311,100,16,0,0,0,0,1,0,0,0,34
467,1034,5.91111,266,100,15,0,0,0,0,1,0,0,0,29
468,1118,5.72727,252,100,16,0,0,0,0,0,0,0,0,28
469,1604,6.48,324,100,14,0,0,0,0,0,0,0,0,36
470,1266,6.5625,315,100,13,0,0,0,0,0,0,0,0,35
471,1338,7.02326,302,100,9,0,0,0,0,1,0,0,0,33
472,1490,7.08511,333,100,10,0,0,0,0,0,0,0,0,37
473,1668,6,306,100,17,0,0,0,0,0,0,0,0,34
474,1906,6.2449,306,100,15,0,0,0,0,0,0,0,0,34
475,1770,7.04348,324,100,10,0,0,0,0,0,0,0,0,36
476,1610,6.66,333,100,13,0,0,0,0,0,0,0,0,37
477,1806,6.48,324,100,14,0,0,0,0,0,0,0,0,36
478,2284,7.56,378,100,8,0,0,0,0,0,0,0,0,42
479,1954,6.61224,324,100,13,0,0,0,0,0,0,0,0,36
480,1800,6.84,342,100,12,0,0,0,0,0,0,0,0,38
481,1550,6.51064,306,100,13,0,0,0,0,0,0,0,0,34
482,1478,7.34694,360,100,9,0,0,0,0,0,0,0,0,40
483,1074,6.70213,315,100,12,0,0,0,0,0,0,0,0,35
484,1460,6.42857,315,100,14,0,0,0,0,0,0,0,0,35
485,1222,6.375,306,100,14,0,0,0,0,0,0,0,0,34
486,1244,5.82353,297,100,18,0,0,0,0,0,0,0,0,33
487,1128,5.29412,270,100,21,0,0,0,0,0,0,0,0,30
488,1474,5.05455,278,100,24,0,0,0,0,0,0,0,1,30
489,1760,5.16667,279,100,23,0,0,0,0,0,0,0,0,31
490,1406,5.14286,252,100,21,0,0,0,0,0,0,0,0,28
491,1960,5.64706,288,100,19,0,0,0,0,0,0,0,0,32
492,2040,6,288,100,16,0,0,0,0,0,0,0,0,32
493,2058,6.31579,360,100,17,0,0,0,0,0,0,0,0,40
494,2048,5.43396,288,100,21,0,0,0,0,0,0,0,0,32
495,1842,5.83333,315,100,19,0,0,0,0,0,0,0,0,35
496,1856,5.64706,288,100,19,0,0,0,0,0,0,0,0,32
497,1374,4.83333,261,100,25,0,0,0,0,0,0,0,0,29
498,1796,5.68421,324,100,21,0,0,0,0,0,0,0,0,36
499,1266,5.47059,279,100,20,0,0,0,0,0,0,0,0,31
500,1400,5.09434,270,100,23,0,0,0,0,0,0,0,0,30
501,1412,6,324,100,18,0,0,0,0,0,0,0,0,36
502,1470,5.71154,297,100,19,0,0,0,0,0,0,0,0,33
503,1472,5.69811,302,100,19,0,0,0,0,1,0,0,0,33
504,1502,5.72727,315,100,20,0,0,0,0,0,0,0,0,35
505,1378,5.72727,315,100,20,0,0,0,0,0,0,0,0,35
506,1456,5.60656,342,100,23,0,0,0,0,0,0,0,0,38
507,1120,5.16667,279,100,23,0,0,0,0,0,0,0,0,31
508,1174,5.19231,270,100,22,0,0,0,0,0,0,0,0,30
509,1338,5.43396,288,100,21,0,0,0,0,0,0,0,0,32
510,1330,6.3,315,100,15,0,0,0,0,0,0,0,0,35
511,1434,6.11321,324,100,17,0,0,0,0,0,0,0,0,36
512,1366,5.9434,315,100,18,0,0,0,0,0,0,0,0,35
513,1270,6.3,315,100,15,0,0,0,0,0,0,0,0,35
514,1272,5.9434,315,100,18,0,0,0,0,0,0,0,0,35
515,1116,5.04,252,100,22,0,0,0,0,0,0,0,0,28
516,1468,5.71154,297,100,19,0,0,0,0,0,0,0,0,33
517,1308,5.09434,270,100,23,0,0,0,0,0,0,0,0,30
518,1120,5.04,252,100,22,0,0,0,0,0,0,0,0,28
519,1490,4.5,261,100,29,0,0,0,0,0,0,0,0,29
520,1374,4.23529,216,100,27,0,0,0,0,0,0,0,0,24
521,1426,4.42105,252,100,29,0,0,0,0,0,0,0,0,28
522,1156,4.26316,243,100,30,0,0,0,0,0,0,0,0,27
523,1566,4.13115,252,100,33,0,0,0,0,0,0,0,0,28
524,1232,4.32692,225,100,27,0,0,0,0,0,0,0,0,25
525,1434,4.33929,243,100,29,0,0,0,0,0,0,0,0,27
526,1266,3.98077,207,100,29,0,0,0,0,0,0,0,0,23
527,1542,4.84615,252,100,24,0,0,0,0,0,0,0,0,28
528,1510,4.84615,252,100,24,0,0,0,0,0,0,0,0,28
529,1132,5.47826,252,100,18,0,0,0,0,0,0,0,0,28
530,1214,4.65385,242,100,25,0,0,0,0,0,0,0,1,26
531,1342,5.69231,296,100,19,0,0,0,0,0,0,0,1,32
532,1338,5.34615,278,100,21,0,0,0,0,0,0,0,1,30
533,1536,5.60377,297,100,20,0,0,0,0,0,0,0,0,33
534,1634,5.9434,315,100,18,0,0,0,0,0,0,0,0,35
535,1390,5.56364,306,100,21,0,0,0,0,0,0,0,0,34
536,1264,5.3617,252,100,19,0,0,0,0,0,0,0,0,28
537,1590,4.07547,216,100,29,0,0,0,0,0,0,0,0,24
538,1330,3.92727,216,100,31,0,0,0,0,0,0,0,0,24
539,1352,4.41818,243,100,28,0,0,0,0,0,0,0,0,27
540,1388,4.74545,261,100,26,0,0,0,0,0,0,0,0,29
541,1510,4.81034,279,100,27,0,0,0,0,0,0,0,0,31
542,1204,3.94737,225,100,32,0,0,0,0,0,0,0,0,25
543,1224,4.58182,252,100,27,0,0,0,0,0,0,0,0,28
544,1320,4.89474,279,100,26,0,0,0,0,0,0,0,0,31
545,992,3.96,198,100,28,0,0,0,0,0,0,0,0,22
546,1310,4.25455,234,100,29,0,0,0,0,0,0,0,0,26
547,1246,4.58182,252,100,27,0,0,0,0,0,0,0,0,28
548,1136,4.75472,252,100,25,0,0,0,0,0,0,0,0,28
549,1172,4.75472,252,100,25,0,0,0,0,0,0,0,0,28
550,1148,4.83333,261,100,25,0,0,0,0,0,0,0,0,29
551,1544,5.56364,306,100,21,0,0,0,0,0,0,0,0,34
552,1510,4.81034,279,100,27,0,0,0,0,0,0,0,0,31
553,1710,5.43103,315,100,23,0,0,0,0,0,0,0,0,35
554,1452,5.58621,324,100,22,0,0,0,0,0,0,0,0,36
555,1056,6,270,100,15,0,0,0,0,0,0,0,0,30
556,1384,5.47059,279,100,20,0,0,0,0,0,0,0,0,31
557,1296,6.12,306,100,16,0,0,0,0,0,0,0,0,34
558,1128,6.2449,306,100,15,0,0,0,0,0,0,0,0,34
559,1574,6.66,333,100,13,0,0,0,0,0,0,0,0,37
560,1322,6.69767,288,100,11,0,0,0,0,0,0,0,0,32
561,1826,6.57692,342,100,14,0,0,0,0,0,0,0,0,38
562,1414,5.58,279,100,19,0,0,0,0,0,0,0,0,31
563,2222,5.83333,315,100,19,0,0,0,0,0,0,0,0,35
564,1542,5.93617,279,100,16,0,0,0,0,0,0,0,0,31
565,1958,5.66667,306,100,20,0,0,0,0,0,0,0,0,34
566,1678,5.69388,279,100,18,0,0,0,0,0,0,0,0,31
567,2038,5.19231,270,100,22,0,0,0,0,0,0,0,0,30
568,2640,5.94,297,100,17,0,0,0,0,0,0,0,0,33
569,2618,5.94,297,100,17,0,0,0,0,0,0,0,0,33
570,2260,6.21429,261,100,13,0,0,0,0,0,0,0,0,29
571,2494,6.05455,333,100,18,0,0,0,0,0,0,0,0,37
572,1786,6.3,315,100,15,0,0,0,0,0,0,0,0,35
573,2062,6.16327,302,100,15,0,0,0,0,1,0,0,0,33
574,2546,5.26415,279,100,22,0,0,0,0,0,0,0,0,31
575,1906,5.4375,261,100,19,0,0,0,0,0,0,0,0,29
576,1998,5.64706,288,100,19,0,0,0,0,0,0,0,0,32
577,1390,4.14,207,100,27,0,0,0,0,0,0,0,0,23
578,2224,6,324,100,18,0,0,0,0,0,0,0,0,36
579,1074,5.93182,261,100,15,0,0,0,0,0,0,0,0,29
580,1682,6.40385,333,100,15,0,0,0,0,0,0,0,0,37
581,1800,7.04348,324,100,10,0,0,0,0,0,0,0,0,36
582,1498,6.51064,306,100,13,0,0,0,0,0,0,0,0,34
583,1996,6.75,351,100,13,0,0,0,0,0,0,0,0,39
584,1942,7.02,351,100,11,0,0,0,0,0,0,0,0,39
585,1618,6.6,297,100,12,0,0,0,0,0,0,0,0,33
586,1736,6.40385,333,100,15,0,0,0,0,0,0,0,0,37
587,1708,6.66,333,100,13,0,0,0,0,0,0,0,0,37
588,1456,6.89362,324,100,11,0,0,0,0,0,0,0,0,36
589,2374,6.47368,369,100,16,0,0,0,0,0,0,0,0,41
590,1968,6.45652,297,100,13,0,0,0,0,0,0,0,0,33
591,2190,6.66667,360,100,14,0,0,0,0,0,0,0,0,40
592,1636,6.97959,342,100,11,0,0,0,0,0,0,0,0,38
593,1674,6.79245,360,100,13,0,0,0,0,0,0,0,0,40
594,1190,6.57692,342,100,14,0,0,0,0,0,0,0,0,38
595,1262,6.31915,297,100,14,0,0,0,0,0,0,0,0,33
596,1532,5.58621,324,100,22,0,0,0,0,0,0,0,0,36
597,1234,5.23636,288,100,23,0,0,0,0,0,0,0,0,32
598,1566,4.98214,279,100,25,0,0,0,0,0,0,0,0,31
599,944,4.23529,216,100,27,0,0,0,0,0,0,0,0,24
600,1280,4.83333,261,100,25,0,0,0,0,0,0,0,0,29
601,1314,5.89091,324,100,19,0,0,0,0,0,0,0,0,36
602,1616,6.21818,342,100,17,0,0,0,0,0,0,0,0,38
603,1122,6.57692,342,100,14,0,0,0,0,0,0,0,0,38
604,1254,7.125,342,100,10,0,0,0,0,0,0,0,0,38
605,1104,6.90698,297,100,10,0,0,0,0,0,0,0,0,33
606,1386,6.61224,324,100,13,0,0,0,0,0,0,0,0,36
607,1402,6.9375,333,100,11,0,0,0,0,0,0,0,0,37
608,1574,6.48,324,100,14,0,0,0,0,0,0,0,0,36
609,1444,6.75,297,100,11,0,0,0,0,0,0,0,0,33
610,1590,7.23913,333,100,9,0,0,0,0,0,0,0,0,37
611,1578,7.08511,333,100,10,0,0,0,0,0,0,0,0,37
612,1586,7.02,351,100,11,0,0,0,0,0,0,0,0,39
613,1134,7.125,342,100,10,0,0,0,0,0,0,0,0,38
614,1366,6.57692,342,100,14,0,0,0,0,0,0,0,0,38
615,1192,5.82353,297,100,18,0,0,0,0,0,0,0,0,33
616,1196,6,288,100,16,0,0,0,0,0,0,0,0,32
617,1250,6.06122,297,100,16,0,0,0,0,0,0,0,0,33
618,1422,6.52941,333,100,14,0,0,0,0,0,0,0,0,37
619,1636,5.84211,333,100,20,0,0,0,0,0,0,0,0,37
620,1064,6.06122,297,100,16,0,0,0,0,0,0,0,0,33
621,1160,5.93617,279,100,16,0,0,0,0,0,0,0,0,31
622,1306,5.67391,261,100,17,0,0,0,0,0,0,0,0,29
623,2056,6.28302,333,100,16,0,0,0,0,0,0,0,0,37
624,1714,5.52273,243,100,17,0,0,0,0,0,0,0,0,27
625,2296,5.33333,288,100,22,0,0,0,0,0,0,0,0,32
626,2050,6.16667,333,100,17,0,0,0,0,0,0,0,0,37
627,2272,5.53846,288,100,20,0,0,0,0,0,0,0,0,32
628,1864,5.82353,297,100,18,0,0,0,0,0,0,0,0,33
629,2002,6.23077,324,100,16,0,0,0,0,0,0,0,0,36
630,2404,5.93617,279,100,16,0,0,0,0,0,0,0,0,31
631,2666,5.76,288,100,18,0,0,0,0,0,0,0,0,32
632,2566,6.11321,324,100,17,0,0,0,0,0,0,0,0,36
633,1462,4.26316,243,100,30,0,0,0,0,0,0,0,0,27
634,1802,3.78947,216,100,33,0,0,0,0,0,0,0,0,24
635,1964,3.54098,216,100,37,0,0,0,0,0,0,0,0,24
636,1888,3.3,198,100,38,0,0,0,0,0,0,0,0,22
637,1682,3.83607,234,100,35,0,0,0,0,0,0,0,0,26
638,1750,4.5,243,100,27,0,0,0,0,0,0,0,0,27
639,1912,4.23529,216,100,27,0,0,0,0,0,0,0,0,24
640,1898,4.875,234,100,22,0,0,0,0,0,0,0,0,26
641,2198,5.69388,279,100,18,0,0,0,0,0,0,0,0,31
642,2594,5.33333,288,100,22,0,0,0,0,0,0,0,0,32
643,1082,4.40816,216,100,25,0,0,0,0,0,0,0,0,24
644,1502,5.27586,306,100,24,0,0,0,0,0,0,0,0,34
645,1240,4.55932,269,100,29,0,0,0,0,0,0,0,1,29
646,1368,4.7931,278,100,27,0,0,0,0,0,0,0,1,30
647,1574,5.69841,359,100,23,0,0,0,0,0,0,0,1,39
648,1134,4.82143,270,100,26,0,0,0,0,0,0,0,0,30
649,1398,5.1,306,100,26,0,0,0,0,0,0,0,0,34
650,1556,5.30357,297,100,23,0,0,0,0,0,0,0,0,33
651,1292,4.76471,243,100,24,0,0,0,0,0,0,0,0,27
652,1510,4.98214,279,100,25,0,0,0,0,0,0,0,0,31
653,1240,4.58824,234,100,25,0,0,0,0,0,0,0,0,26
654,1650,6,324,100,18,0,0,0,0,0,0,0,0,36
655,1486,4.41176,225,100,26,0,0,0,0,0,0,0,0,25
656,1550,4.75472,252,100,25,0,0,0,0,0,0,0,0,28
657,1902,5.16667,279,100,23,0,0,0,0,0,0,0,0,31
658,1380,5.5102,270,100,19,0,0,0,0,0,0,0,0,30
659,1130,6.06122,297,100,16,0,0,0,0,0,0,0,0,33
660,1184,5.4375,261,100,19,0,0,0,0,0,0,0,0,29
661,1252,6.12766,288,100,15,0,0,0,0,0,0,0,0,32
662,1382,6.31915,297,100,14,0,0,0,0,0,0,0,0,33
663,1540,6.12,306,100,16,0,0,0,0,0,0,0,0,34
664,1162,5.69388,279,100,18,0,0,0,0,0,0,0,0,31
665,1478,5.625,315,100,21,0,0,0,0,0,0,0,0,35
666,1620,5.16667,279,100,23,0,0,0,0,0,0,0,0,31
667,1920,5.88462,306,100,18,0,0,0,0,0,0,0,0,34
668,2246,5.33333,288,100,22,0,0,0,0,0,0,0,0,32
669,1912,5.8125,279,100,17,0,0,0,0,0,0,0,0,31
670,2046,5.23636,288,100,23,0,0,0,0,0,0,0,0,32
671,1996,4.73684,270,100,27,0,0,0,0,0,0,0,0,30
672,2334,5.16667,279,100,23,0,0,0,0,0,0,0,0,31
673,2676,5.04,252,100,22,0,0,0,0,0,0,0,0,28
674,3172,5.27586,306,100,24,0,0,0,0,0,0,0,0,34
675,3538,5.14286,288,100,24,0,0,0,0,0,0,0,0,32
676,2170,5.26415,279,100,22,0,0,0,0,0,0,0,0,31
677,1486,6.11321,324,100,17,0,0,0,0,0,0,0,0,36
678,1692,5.94643,333,100,19,0,0,0,0,0,0,0,0,37
679,1758,6.52941,333,100,14,0,0,0,0,0,0,0,0,37
680,1762,7.38,369,100,9,0,0,0,0,0,0,0,0,41
681,1120,5.53846,288,100,20,0,0,0,0,0,0,0,0,32
682,1520,6.23077,324,100,16,0,0,0,0,0,0,0,0,36
683,1282,6.17647,315,100,16,0,0,0,0,0,0,0,0,35
684,1200,6.11321,324,100,17,0,0,0,0,0,0,0,0,36
685,1376,6.75,351,100,13,0,0,0,0,0,0,0,0,39
686,1240,5.9434,315,100,18,0,0,0,0,0,0,0,0,35
687,1360,6.21818,342,100,17,0,0,0,0,0,0,0,0,38
688,1224,5.80769,302,100,18,0,0,0,0,1,0,0,0,33
689,1342,5.49153,324,100,23,0,0,0,0,0,0,0,0,36
690,1014,4.5,252,100,28,0,0,0,0,0,0,0,0,28
691,1196,5.52632,315,100,22,0,0,0,0,0,0,0,0,35
692,1296,5.43396,288,100,21,0,0,0,0,0,0,0,0,32
693,1566,5.05263,288,100,25,0,0,0,0,0,0,0,0,32
694,1654,5.26415,279,100,22,0,0,0,0,0,0,0,0,31
695,1690,6.3,315,100,15,0,0,0,0,0,0,0,0,35
696,2020,6.33333,342,100,16,0,0,0,0,0,0,0,0,38
697,2106,6.21818,342,100,17,0,0,0,0,0,0,0,0,38
698,2070,6.5,351,100,15,0,0,0,0,0,0,0,0,39
699,1598,6,306,100,17,0,0,0,0,0,0,0,0,34
700,1586,5.26415,279,100,22,0,0,0,0,0,0,0,0,31
701,1788,4.74545,261,100,26,0,0,0,0,0,0,0,0,29
702,1592,4.98214,279,100,25,0,0,0,0,0,0,0,0,31
703,1870,6.5625,315,100,13,0,0,0,0,0,0,0,0,35
704,1976,6.375,306,100,14,0,0,0,0,0,0,0,0,34
705,2042,6.16667,333,100,17,0,0,0,0,0,0,0,0,37
706,1540,5.74468,270,100,17,0,0,0,0,0,0,0,0,30
707,1602,6.06977,261,100,14,0,0,0,0,0,0,0,0,29
708,1650,6.75,324,100,12,0,0,0,0,0,0,0,0,36
709,1630,7.02,351,100,11,0,0,0,0,0,0,0,0,39
710,1430,6,252,100,14,0,0,0,0,0,0,0,0,28
711,1728,5.8125,279,100,17,0,0,0,0,0,0,0,0,31
712,1536,5.58,279,100,19,0,0,0,0,0,0,0,0,31
713,1722,6.48,324,100,14,0,0,0,0,0,0,0,0,36
714,1584,6.42857,315,100,14,0,0,0,0,0,0,0,0,35
715,1852,6.35294,324,100,15,0,0,0,0,0,0,0,0,36
716,1360,6.06122,297,100,16,0,0,0,0,0,0,0,0,33
717,1536,5.35849,284,100,21,0,0,0,0,1,0,0,0,31
718,1584,5.03922,257,100,22,0,0,0,0,1,0,0,0,28
719,1604,5.04,252,100,22,0,0,0,0,0,0,0,0,28
720,1146,4.95918,243,100,22,0,0,0,0,0,0,0,0,27
721,1314,5.58,279,100,19,0,0,0,0,0,0,0,0,31
722,1108,5.58,279,100,19,0,0,0,0,0,0,0,0,31
723,1160,5.88462,306,100,18,0,0,0,0,0,0,0,0,34
724,1316,4.59184,225,100,24,0,0,0,0,0,0,0,0,25
725,1154,4.68,234,100,24,0,0,0,0,0,0,0,0,26
726,1364,5.29412,270,100,21,0,0,0,0,0,0,0,0,30
727,1532,5.46429,306,100,22,0,0,0,0,0,0,0,0,34
728,1324,5.26415,279,100,22,0,0,0,0,0,0,0,0,31
729,1874,5.76,288,100,18,0,0,0,0,0,0,0,0,32
730,1890,5.29412,270,100,21,0,0,0,0,0,0,0,0,30
731,1498,5.04,252,100,22,0,0,0,0,0,0,0,0,28
732,1606,4.82143,270,100,26,0,0,0,0,0,0,0,0,30
733,1424,4.57895,261,100,28,0,0,0,0,0,0,0,0,29
734,1744,4.81034,279,100,27,0,0,0,0,0,0,0,0,31
735,1458,4.90909,270,100,25,0,0,0,0,0,0,0,0,30
736,1318,5.3617,252,100,19,0,0,0,0,0,0,0,0,28
737,1738,5.4,297,100,22,0,0,0,0,0,0,0,0,33
738,1458,5.58621,324,100,22,0,0,0,0,0,0,0,0,36
739,1700,4.71186,278,100,28,0,0,0,0,0,0,0,1,30
740,1578,5.16667,279,100,23,0,0,0,0,0,0,0,0,31
741,1890,5.71154,297,100,19,0,0,0,0,0,0,0,0,33
742,1802,6.05769,315,100,17,0,0,0,0,0,0,0,0,35
743,1464,4.94118,252,100,23,0,0,0,0,0,0,0,0,28
744,1754,4.73684,270,100,27,0,0,0,0,0,0,0,0,30
745,1490,3.80769,198,100,30,0,0,0,0,0,0,0,0,22
746,1800,3.375,189,100,35,0,0,0,0,0,0,0,0,21
747,2348,3.63462,189,100,31,0,0,0,0,0,0,0,0,21
748,2890,2.94545,162,100,37,0,0,0,0,0,0,0,0,18
749,2604,3.21429,180,100,36,0,0,0,0,0,0,0,0,20
750,2590,3.81356,225,100,34,0,0,0,0,0,0,0,0,25
751,1978,4.66071,261,100,27,0,0,0,0,0,0,0,0,29
752,1714,5.19231,270,100,22,0,0,0,0,0,0,0,0,30
753,1840,5.16667,279,100,23,0,0,0,0,0,0,0,0,31
754,1834,4.5,261,100,29,0,0,0,0,0,0,0,0,29
755,2366,5.4,324,100,24,0,0,0,0,0,0,0,0,36
756,1772,5.21053,297,100,24,0,0,0,0,0,0,0,0,33
757,1364,4.76471,243,100,24,0,0,0,0,0,0,0,0,27
758,1914,5.33898,315,100,24,0,0,0,0,0,0,0,0,35
759,1870,4.82143,270,100,26,0,0,0,0,0,0,0,0,30
760,1648,5.05263,288,100,25,0,0,0,0,0,0,0,0,32
761,1842,5.84211,333,100,20,0,0,0,0,0,0,0,0,37
762,1438,4.96552,288,100,26,0,0,0,0,0,0,0,0,32
763,1222,4.73684,270,100,27,0,0,0,0,0,0,0,0,30
764,1314,4.27869,261,100,32,0,0,0,0,0,0,0,0,29
765,1346,4.42105,252,100,29,0,0,0,0,0,0,0,0,28
766,1314,4.2,252,100,32,0,0,0,0,0,0,0,0,28
767,1160,3.83333,207,100,31,0,0,0,0,0,0,0,0,23
768,1550,4.14286,261,100,34,0,0,0,0,0,0,0,0,29
769,1254,4.34483,252,100,30,0,0,0,0,0,0,0,0,28
770,1190,3.94737,225,100,32,0,0,0,0,0,0,0,0,25
771,1598,4.74545,261,100,26,0,0,0,0,0,0,0,0,29
772,1634,4.2,252,100,32,0,0,0,0,0,0,0,0,28
773,1702,3.75,225,100,35,0,0,0,0,0,0,0,0,25
774,1736,3.9661,234,100,33,0,0,0,0,0,0,0,0,26
775,1874,4.28571,270,100,33,0,0,0,0,0,0,0,0,30
776,1752,4,252,100,35,0,0,0,0,0,0,0,0,28
777,1996,4.42623,270,100,31,0,0,0,0,0,0,0,0,30
778,1622,3.98361,243,100,34,0,0,0,0,0,0,0,0,27
779,1564,3.9661,234,100,33,0,0,0,0,0,0,0,0,26
780,1964,5.0339,297,100,26,0,0,0,0,0,0,0,0,33
781,1598,4.66071,261,100,27,0,0,0,0,0,0,0,0,29
782,1546,4.26316,243,100,30,0,0,0,0,0,0,0,0,27
783,1704,4.42105,252,100,29,0,0,0,0,0,0,0,0,28
784,1938,5.58621,324,100,22,0,0,0,0,0,0,0,0,36
785,1708,5.52632,315,100,22,0,0,0,0,0,0,0,0,35
786,1748,5.36842,306,100,23,0,0,0,0,0,0,0,0,34
787,1602,4.88136,288,100,27,0,0,0,0,0,0,0,0,32
788,1712,5.12069,297,100,25,0,0,0,0,0,0,0,0,33
789,1554,5.23636,288,100,23,0,0,0,0,0,0,0,0,32
790,1962,6.10714,342,100,18,0,0,0,0,0,0,0,0,38
791,1522,5.1,306,100,26,0,0,0,0,0,0,0,0,34
792,1360,6,324,100,18,0,0,0,0,0,0,0,0,36
793,1424,5.58621,324,100,22,0,0,0,0,0,0,0,0,36
794,1420,5.56364,306,100,21,0,0,0,0,0,0,0,0,34
795,1562,5.33898,315,100,24,0,0,0,0,0,0,0,0,35
796,1468,4.95,297,100,27,0,0,0,0,0,0,0,0,33
797,1678,5.16393,315,100,26,0,0,0,0,0,0,0,0,35
798,1466,4.28571,270,100,33,0,0,0,0,0,0,0,0,30
799,1550,5,315,100,28,0,0,0,0,0,0,0,0,35
800,1382,4.57895,261,100,28,0,0,0,0,0,0,0,0,29
801,1598,4.81034,279,100,27,0,0,0,0,0,0,0,0,31
802,1524,4.72881,279,100,28,0,0,0,0,0,0,0,0,31
803,1936,4.64516,288,100,30,0,0,0,0,0,0,0,0,32
804,1544,4.73684,270,100,27,0,0,0,0,0,0,0,0,30
805,1446,4.57895,261,100,28,0,0,0,0,0,0,0,0,29
806,1326,4.96552,288,100,26,0,0,0,0,0,0,0,0,32
807,1284,5.46429,306,100,22,0,0,0,0,0,0,0,0,34
808,1398,5.01639,306,100,27,0,0,0,0,0,0,0,0,34
809,1402,4.93548,306,100,28,0,0,0,0,0,0,0,0,34
810,1854,5.66129,351,100,23,0,0,0,0,0,0,0,0,39
811,1442,4.35484,270,100,32,0,0,0,0,0,0,0,0,30
812,1688,4.72131,288,100,29,0,0,0,0,0,0,0,0,32
813,1964,5.79661,342,100,21,0,0,0,0,0,0,0,0,38
814,1790,6.54545,360,100,15,0,0,0,0,0,0,0,0,40
815,1604,6.45283,342,100,15,0,0,0,0,0,0,0,0,38
816,1426,5.52632,315,100,22,0,0,0,0,0,0,0,0,35
817,1342,5.0339,297,100,26,0,0,0,0,0,0,0,0,33
818,1614,4.93548,306,100,28,0,0,0,0,0,0,0,0,34
819,1550,4.65,279,100,29,0,0,0,0,0,0,0,0,31
820,1736,5.18644,306,100,25,0,0,0,0,0,0,0,0,34
821,1776,5.90164,360,100,21,0,0,0,0,0,0,0,0,40
822,1592,5.68421,324,100,21,0,0,0,0,0,0,0,0,36
823,1874,5.12308,333,100,28,0,0,0,0,0,0,0,0,37
824,1618,4.72131,288,100,29,0,0,0,0,0,0,0,0,32
825,1720,5.84211,333,100,20,0,0,0,0,0,0,0,0,37
826,1642,6,324,100,18,0,0,0,0,0,0,0,0,36
827,1518,4.83333,261,100,25,0,0,0,0,0,0,0,0,29
828,1394,4.25455,234,100,29,0,0,0,0,0,0,0,0,26
829,1302,3.31579,189,100,36,0,0,0,0,0,0,0,0,21
830,1492,4.26316,243,100,30,0,0,0,0,0,0,0,0,27
831,1534,3.77419,234,100,36,0,0,0,0,0,0,0,0,26
832,1400,3.87931,225,100,33,0,0,0,0,0,0,0,0,25
833,1736,4.35484,270,100,32,0,0,0,0,0,0,0,0,30
834,1856,4.72131,288,100,29,0,0,0,0,0,0,0,0,32
835,1876,4.2,252,100,32,0,0,0,0,0,0,0,0,28
836,1866,4.8,288,100,28,0,0,0,0,0,0,0,0,32
837,1918,5.29412,270,100,21,0,0,0,0,0,0,0,0,30
838,1966,4.96552,288,100,26,0,0,0,0,0,0,0,0,32
839,2288,4.66071,261,100,27,0,0,0,0,0,0,0,0,29
840,2140,4.81034,279,100,27,0,0,0,0,0,0,0,0,31
841,2180,5.16667,279,100,23,0,0,0,0,0,0,0,0,31
842,2150,4.25455,234,100,29,0,0,0,0,0,0,0,0,26
843,2460,4.35484,270,100,32,0,0,0,0,0,0,0,0,30
844,1916,3.54098,216,100,37,0,0,0,0,0,0,0,0,24
845,2412,4.13333,248,100,32,0,0,0,0,1,0,0,0,27
846,1700,3.59322,212,100,35,0,0,0,0,1,0,0,0,23
847,1756,3.81356,225,100,34,0,0,0,0,0,0,0,0,25
848,1808,3.20339,189,100,38,0,0,0,0,0,0,0,0,21
849,1416,3.05357,171,100,37,0,0,0,0,0,0,0,0,19
850,1600,4.35,261,100,31,0,0,0,0,0,0,0,0,29
851,1506,3.81356,225,100,34,0,0,0,0,0,0,0,0,25
852,1784,4.8,288,100,28,0,0,0,0,0,0,0,0,32
853,1438,5.05263,288,100,25,0,0,0,0,0,0,0,0,32
854,1474,5.05263,288,100,25,0,0,0,0,0,0,0,0,32
855,1462,5.36842,306,100,23,0,0,0,0,0,0,0,0,34
856,1522,4.56923,297,100,32,0,0,0,0,0,0,0,0,33
857,1998,4.76471,324,100,32,0,0,0,0,0,0,0,0,36
858,1922,5.16393,315,100,26,0,0,0,0,0,0,0,0,35
859,1952,4.27869,261,100,32,0,0,0,0,0,0,0,0,29
860,2022,4.35484,270,100,32,0,0,0,0,0,0,0,0,30
861,2626,5.31148,324,100,25,0,0,0,0,0,0,0,0,36
862,2770,4.57143,288,100,31,0,0,0,0,0,0,0,0,32
863,1780,3.9661,234,100,33,0,0,0,0,0,0,0,0,26
864,2088,4.5,279,100,31,0,0,0,0,0,0,0,0,31
865,1810,4.64516,288,100,30,0,0,0,0,0,0,0,0,32
866,1512,4.56923,297,100,32,0,0,0,0,0,0,0,0,33
867,1210,4.27119,252,100,31,0,0,0,0,0,0,0,0,28
868,1452,4.65517,270,100,28,0,0,0,0,0,0,0,0,30
869,1660,3.83333,207,100,31,0,0,0,0,0,0,0,0,23
870,1758,4.5,243,100,27,0,0,0,0,0,0,0,0,27
871,2052,4.57627,270,100,29,0,0,0,0,0,0,0,0,30
872,2022,4.73684,270,100,27,0,0,0,0,0,0,0,0,30
873,2000,3.68852,225,100,36,0,0,0,0,0,0,0,0,25
874,1996,3.04615,198,100,43,0,0,0,0,0,0,0,0,22
875,2438,4.2,252,100,32,0,0,0,0,0,0,0,0,28
876,2150,3.45,207,100,37,0,0,0,0,0,0,0,0,23
877,2384,5.16667,279,100,23,0,0,0,0,0,0,0,0,31
878,2670,5.79661,342,100,21,0,0,0,0,0,0,0,0,38
879,2074,4.82143,270,100,26,0,0,0,0,0,0,0,0,30
880,2320,4.5,261,100,29,0,0,0,0,0,0,0,0,29
881,2074,4.17857,234,100,30,0,0,0,0,0,0,0,0,26
882,2228,4.57627,270,100,29,0,0,0,0,0,0,0,0,30
883,1774,4.65,279,100,29,0,0,0,0,0,0,0,0,31
884,1704,5.1,306,100,26,0,0,0,0,0,0,0,0,34
885,1554,5.21053,297,100,24,0,0,0,0,0,0,0,0,33
886,1708,4.5,270,100,30,0,0,0,0,0,0,0,0,30
887,1594,4.57627,270,100,29,0,0,0,0,0,0,0,0,30
888,1728,4.35938,279,100,33,0,0,0,0,0,0,0,0,31
889,1806,3.87931,225,100,33,0,0,0,0,0,0,0,0,25
890,1552,3.28571,207,100,40,0,0,0,0,0,0,0,0,23
891,1938,3.91935,243,100,35,0,0,0,0,0,0,0,0,27
892,1694,3.23438,207,100,41,0,0,0,0,0,0,0,0,23
893,1640,3.28571,207,100,40,0,0,0,0,0,0,0,0,23
894,1866,3.51562,225,100,39,0,0,0,0,0,0,0,0,25
895,1632,3.95455,261,100,37,0,0,0,0,0,0,0,0,29
896,1474,3.95455,261,100,37,0,0,0,0,0,0,0,0,29
897,1122,3.375,216,100,40,0,0,0,0,0,0,0,0,24
898,1132,2.49231,162,100,47,0,0,0,0,0,0,0,0,18
899,1242,3.09375,198,100,42,0,0,0,0,0,0,0,0,22
900,1370,3.68852,225,100,36,0,0,0,0,0,0,0,0,25
901,1448,4.17857,234,100,30,0,0,0,0,0,0,0,0,26
902,1494,3.78947,216,100,33,0,0,0,0,0,0,0,0,24
903,1592,4.17857,234,100,30,0,0,0,0,0,0,0,0,26
904,1420,4.33929,243,100,29,0,0,0,0,0,0,0,0,27
905,1486,5.46429,306,100,22,0,0,0,0,0,0,0,0,34
906,1350,4.96552,288,100,26,0,0,0,0,0,0,0,0,32
907,1834,4.65517,270,100,28,0,0,0,0,0,0,0,0,30
908,1538,5.05263,288,100,25,0,0,0,0,0,0,0,0,32
909,2000,5.18644,306,100,25,0,0,0,0,0,0,0,0,34
910,1498,4.66071,261,100,27,0,0,0,0,0,0,0,0,29
911,1518,4.90909,270,100,25,0,0,0,0,0,0,0,0,30
912,1500,4.2,252,100,32,0,0,0,0,0,0,0,0,28
913,1542,4.5,261,100,29,0,0,0,0,0,0,0,0,29
914,1842,4.13115,252,100,33,0,0,0,0,0,0,0,0,28
915,2184,4.42373,261,100,30,0,0,0,0,0,0,0,0,29
916,2368,4.96552,288,100,26,0,0,0,0,0,0,0,0,32
917,2798,5.625,315,100,21,0,0,0,0,0,0,0,0,35
918,2512,5.18644,306,100,25,0,0,0,0,0,0,0,0,34
919,1774,4.8,288,100,28,0,0,0,0,0,0,0,0,32
920,2032,4.35484,270,100,32,0,0,0,0,0,0,0,0,30
921,1912,4.57627,270,100,29,0,0,0,0,0,0,0,0,30
922,2200,4.71429,297,100,30,0,0,0,0,0,0,0,0,33
923,1910,4.05,243,100,33,0,0,0,0,0,0,0,0,27
924,2074,5.19231,270,100,22,0,0,0,0,0,0,0,0,30
925,2382,4.35484,270,100,32,0,0,0,0,0,0,0,0,30
926,2058,3.9,234,100,34,0,0,0,0,0,0,0,0,26
927,2470,4.07812,261,100,35,0,0,0,0,0,0,0,0,29
928,2526,3.56897,207,100,35,0,0,0,0,0,0,0,0,23
929,2480,3.45,207,100,37,0,0,0,0,0,0,0,0,23
930,2702,4.14286,261,100,34,0,0,0,0,0,0,0,0,29
931,1996,4.28571,270,100,33,0,0,0,0,0,0,0,0,30
932,2076,4.28571,270,100,33,0,0,0,0,0,0,0,0,30
933,1862,4.13115,252,100,33,0,0,0,0,0,0,0,0,28
934,1774,3.46154,225,100,40,0,0,0,0,0,0,0,0,25
935,1576,4.28571,270,100,33,0,0,0,0,0,0,0,0,30
936,1670,3.98361,243,100,34,0,0,0,0,0,0,0,0,27
937,1844,4.5,279,100,31,0,0,0,0,0,0,0,0,31
938,2044,4.5,270,100,30,0,0,0,0,0,0,0,0,30
939,2088,3.56897,207,100,35,0,0,0,0,0,0,0,0,23
940,2114,3.87931,225,100,33,0,0,0,0,0,0,0,0,25
941,2374,4.5,252,100,28,0,0,0,0,0,0,0,0,28
942,1800,3.6,198,100,33,0,0,0,0,0,0,0,0,22
943,2078,3.375,189,100,35,0,0,0,0,0,0,0,0,21
944,2104,4.35938,279,100,33,0,0,0,0,0,0,0,0,31
945,2156,4.2,252,100,32,0,0,0,0,0,0,0,0,28
946,2498,4.80328,293,100,28,0,0,0,0,1,0,0,0,32
947,3016,5.0339,297,100,26,0,0,0,0,0,0,0,0,33
948,2940,4.5,270,100,30,0,0,0,0,0,0,0,0,30
949,2868,4.89474,279,100,26,0,0,0,0,0,0,0,0,31
950,2222,4.81034,279,100,27,0,0,0,0,0,0,0,0,31
951,2458,4.58182,252,100,27,0,0,0,0,0,0,0,0,28
952,2834,4.98214,279,100,25,0,0,0,0,0,0,0,0,31
953,1618,4.57895,261,100,28,0,0,0,0,0,0,0,0,29
954,1540,4,216,100,30,0,0,0,0,0,0,0,0,24
955,1518,3.75,225,100,35,0,0,0,0,0,0,0,0,25
956,1500,3.3,198,100,38,0,0,0,0,0,0,0,0,22
957,1518,3.6,216,100,36,0,0,0,0,0,0,0,0,24
958,1330,4.20968,261,100,33,0,0,0,0,0,0,0,0,29
959,1490,3.71429,234,100,37,0,0,0,0,0,0,0,0,26
960,1554,4.06452,252,100,34,0,0,0,0,0,0,0,0,28
961,1410,3.79661,224,100,34,0,0,0,0,0,0,0,1,24
962,1384,3.56897,207,100,35,0,0,0,0,0,0,0,0,23
963,1380,3.56897,207,100,35,0,0,0,0,0,0,0,0,23
964,1336,3.87931,225,100,33,0,0,0,0,0,0,0,0,25
965,1602,3.62687,243,100,40,0,0,0,0,0,0,0,0,27
966,1220,3.66102,216,100,35,0,0,0,0,0,0,0,0,24
967,1406,3.28571,207,100,40,0,0,0,0,0,0,0,0,23
968,1538,3.48387,216,100,38,0,0,0,0,0,0,0,0,24
969,1388,3.46154,225,100,40,0,0,0,0,0,0,0,0,25
970,1604,3.09375,198,100,42,0,0,0,0,0,0,0,0,22
971,1474,2.75806,171,100,43,0,0,0,0,0,0,0,0,19
972,1128,2.32258,144,100,46,0,0,0,0,0,0,0,0,16
973,1192,2.41791,162,100,49,0,0,0,0,0,0,0,0,18
974,1386,2.31429,162,100,52,0,0,0,0,0,0,0,0,18
975,1470,3,216,100,48,0,0,0,0,0,0,0,0,24
976,1310,3.04225,216,100,47,0,0,0,0,0,0,0,0,24
977,1242,3,198,100,44,0,0,0,0,0,0,0,0,22
978,1400,3.125,225,100,47,0,0,0,0,0,0,0,0,25
979,1212,2.875,207,100,49,0,0,0,0,0,0,0,0,23
980,1254,2.86364,189,100,45,0,0,0,0,0,0,0,0,21
981,1274,2.64706,180,100,48,0,0,0,0,0,0,0,0,20
982,1268,2.35385,153,100,48,0,0,0,0,0,0,0,0,17
983,1370,3,189,100,42,0,0,0,0,0,0,0,0,21
984,1300,3.04839,189,100,41,0,0,0,0,0,0,0,0,21
985,1422,3.18462,207,100,42,0,0,0,0,0,0,0,0,23
986,1456,3.81356,225,100,34,0,0,0,0,0,0,0,0,25
987,1596,4.14286,261,100,34,0,0,0,0,0,0,0,0,29
988,1414,3.48387,216,100,38,0,0,0,0,0,0,0,0,24
989,1838,4.35938,279,100,33,0,0,0,0,0,0,0,0,31
990,1366,3.48387,216,100,38,0,0,0,0,0,0,0,0,24
991,1680,4,252,100,35,0,0,0,0,0,0,0,0,28
992,1834,3.85714,243,100,36,0,0,0,0,0,0,0,0,27
993,1870,4.66071,261,100,27,0,0,0,0,0,0,0,0,29
994,1988,4.5,261,100,29,0,0,0,0,0,0,0,0,29
995,1278,3.94737,225,100,32,0,0,0,0,0,0,0,0,25
996,1588,3.98361,243,100,34,0,0,0,0,0,0,0,0,27
997,1608,3.83607,234,100,35,0,0,0,0,0,0,0,0,26
998,1654,4,252,100,35,0,0,0,0,0,0,0,0,28
999,1726,4.35938,279,100,33,0,0,0,0,0,0,0,0,31
