update,points,mean_tasks,total_tasks,total_orgs,task_0,task_1,task_2,task_3,task_4,task_5,task_6,task_7,task_8,task_9
0,0,nan,0,7,0,0,0,0,0,0,0,0,0,0
1,4,0,0,7,2,0,0,0,0,0,0,0,0,0
2,6,0,0,7,2,0,0,0,0,0,0,0,0,0
3,52,3,9,8,2,0,0,0,0,0,0,0,0,1
4,38,0,0,9,4,0,0,0,0,0,0,0,0,0
5,24,0,0,9,6,0,0,0,0,0,0,0,0,0
6,74,1.28571,9,10,6,0,0,0,0,0,0,0,0,1
7,92,1.28571,9,10,6,0,0,0,0,0,0,0,0,1
8,60,0,0,12,8,0,0,0,0,0,0,0,0,0
9,88,0,0,13,9,0,0,0,0,0,0,0,0,0
10,74,0,0,13,9,0,0,0,0,0,0,0,0,0
11,60,0,0,14,11,0,0,0,0,0,0,0,0,0
12,64,0,0,14,11,0,0,0,0,0,0,0,0,0
13,72,0,0,14,12,0,0,0,0,0,0,0,0,0
14,78,0,0,14,12,0,0,0,0,0,0,0,0,0
15,84,0,0,14,12,0,0,0,0,0,0,0,0,0
16,92,0,0,14,12,0,0,0,0,0,0,0,0,0
17,144,0.75,9,15,11,0,0,0,0,0,0,0,0,1
18,128,0,0,16,12,0,0,0,0,0,0,0,0,0
19,116,0,0,16,11,0,0,0,0,0,0,0,0,0
20,174,0.642857,9,17,13,0,0,0,0,0,0,0,0,1
21,160,1.28571,18,17,12,0,0,0,0,0,0,0,0,2
22,110,1.38462,18,18,11,0,0,0,0,0,0,0,0,2
23,116,1.5,18,18,10,0,0,0,0,0,0,0,0,2
24,126,1.8,27,19,12,0,0,0,0,0,0,0,0,3
25,116,1.6875,27,19,13,0,0,0,0,0,0,0,0,3
26,176,2.57143,36,20,10,0,0,0,0,0,0,0,0,4
27,94,2.57143,36,20,10,0,0,0,0,0,0,0,0,4
28,128,0.692308,9,20,12,0,0,0,0,0,0,0,0,1
29,292,3.21429,45,23,9,0,0,0,0,0,0,0,0,5
30,186,2.5,45,27,13,0,0,0,0,0,0,0,0,5
31,130,2.11765,36,27,13,0,0,0,0,0,0,0,0,4
32,304,3,63,30,14,0,0,0,0,0,0,0,0,7
33,220,3.13043,72,32,15,0,0,0,0,0,0,0,0,8
34,182,2.86364,63,35,15,0,0,0,0,0,0,0,0,7
35,206,2.625,63,36,17,0,0,0,0,0,0,0,0,7
36,224,1.8,45,36,20,0,0,0,0,0,0,0,0,5
37,284,1.03846,27,37,23,0,0,0,0,0,0,0,0,3
38,456,2.07692,54,41,20,0,0,0,0,0,0,0,0,6
39,218,1.60714,45,42,23,0,0,0,0,0,0,0,0,5
40,186,1.55172,45,44,24,0,0,0,0,0,0,0,0,5
41,454,2.25,72,47,24,0,0,0,0,0,0,0,0,8
42,318,1.63636,54,48,27,0,0,0,0,0,0,0,0,6
43,284,1.85294,63,48,27,0,0,0,0,0,0,0,0,7
44,370,1.85294,63,50,27,0,0,0,0,0,0,0,0,7
45,246,1.25,45,52,31,0,0,0,0,0,0,0,0,5
46,358,1.42105,54,54,32,0,0,0,0,0,0,0,0,6
47,444,1.7027,63,56,30,0,0,0,0,0,0,0,0,7
48,394,1.89474,72,59,30,0,0,0,0,0,0,0,0,8
49,436,1.25,45,60,31,0,0,0,0,0,0,0,0,5
50,468,1.35,54,61,34,0,0,0,0,0,0,0,0,6
51,486,2.025,81,61,31,0,0,0,0,0,0,0,0,9
52,558,2.51163,108,63,31,0,0,0,0,0,0,0,0,12
53,526,2.85366,117,63,28,0,0,0,0,0,0,0,0,13
54,474,2.925,117,64,27,0,0,0,0,0,0,0,0,13
55,496,2.36842,90,64,28,0,0,0,0,0,0,0,0,10
56,624,2.475,99,64,29,0,0,0,0,0,0,0,0,11
57,432,2.76923,108,64,27,0,0,0,0,0,0,0,0,12
58,422,3.07895,117,65,25,0,0,0,0,0,0,0,0,13
59,524,2.925,117,66,27,0,0,0,0,0,0,0,0,13
60,608,3,126,66,28,0,0,0,0,0,0,0,0,14
61,608,3.42857,144,66,26,0,0,0,0,0,0,0,0,16
62,694,3.68421,140,67,22,0,0,0,0,1,0,0,0,15
63,460,2.97561,122,69,27,0,0,0,0,1,0,0,0,13
64,682,2.83721,122,70,29,0,0,0,0,1,0,0,0,13
65,830,2.77273,122,72,30,0,0,0,0,1,0,0,0,13
66,868,3.41463,140,73,25,0,0,0,0,1,0,0,0,15
67,936,3.46154,135,74,24,0,0,0,0,0,0,0,0,15
68,864,3,126,79,28,0,0,0,0,0,0,0,0,14
69,960,3.27273,144,82,28,0,0,0,0,0,0,0,0,16
70,1138,2.93478,135,82,31,0,0,0,0,0,0,0,0,15
71,1080,3,135,83,30,0,0,0,0,0,0,0,0,15
72,926,3.06383,144,83,31,0,0,0,0,0,0,0,0,16
73,1198,3.71739,171,84,27,0,0,0,0,0,0,0,0,19
74,1186,3.06,153,86,33,0,0,0,0,0,0,0,0,17
75,1314,3.25532,153,88,30,0,0,0,0,0,0,0,0,17
76,1308,3.24,162,89,32,0,0,0,0,0,0,0,0,18
77,1444,3.75,180,90,28,0,0,0,0,0,0,0,0,20
78,696,3.67347,180,92,29,0,0,0,0,0,0,0,0,20
79,784,3.90566,207,92,30,0,0,0,0,0,0,0,0,23
80,848,4.07547,216,95,29,0,0,0,0,0,0,0,0,24
81,618,3.39623,180,97,33,0,0,0,0,0,0,0,0,20
82,1134,4.09091,225,97,30,0,0,0,0,0,0,0,0,25
83,1148,4.2,252,98,32,0,0,0,0,0,0,0,0,28
84,1040,4.65,279,100,29,0,0,0,0,0,0,0,0,31
85,1132,3.54098,216,100,37,0,0,0,0,0,0,0,0,24
86,1226,3.04615,198,100,43,0,0,0,0,0,0,0,0,22
87,1532,3.51562,225,100,39,0,0,0,0,0,0,0,0,25
88,1052,3.33871,207,100,39,0,0,0,0,0,0,0,0,23
89,1234,3.50847,207,100,36,0,0,0,0,0,0,0,0,23
90,1160,3.15,189,100,39,0,0,0,0,0,0,0,0,21
91,1150,2.95312,189,100,43,0,0,0,0,0,0,0,0,21
92,1500,3.2459,198,100,39,0,0,0,0,0,0,0,0,22
93,1156,3.25862,189,100,37,0,0,0,0,0,0,0,0,21
94,1454,3.62903,225,100,37,0,0,0,0,0,0,0,0,25
95,1340,4.03448,234,100,32,0,0,0,0,0,0,0,0,26
96,940,3.66667,198,100,32,0,0,0,0,0,0,0,0,22
97,1272,3.87931,225,100,33,0,0,0,0,0,0,0,0,25
98,1300,3.39344,207,100,38,0,0,0,0,0,0,0,0,23
99,1296,4.05,243,100,33,0,0,0,0,0,0,0,0,27
100,1506,4.13115,252,100,33,0,0,0,0,0,0,0,0,28
101,1272,3.9661,234,100,33,0,0,0,0,0,0,0,0,26
102,1180,4.07547,216,100,29,0,0,0,0,0,0,0,0,24
103,1298,3.53571,198,100,34,0,0,0,0,0,0,0,0,22
104,1208,3.6,198,100,33,0,0,0,0,0,0,0,0,22
105,1316,4.27119,252,100,31,0,0,0,0,0,0,0,0,28
106,1408,3.71429,234,100,37,0,0,0,0,0,0,0,0,26
107,1024,3,189,100,42,0,0,0,0,0,0,0,0,21
108,1272,4.09091,225,100,30,0,0,0,0,0,0,0,0,25
109,1058,3.43636,189,100,34,0,0,0,0,0,0,0,0,21
110,1290,3,180,100,40,0,0,0,0,0,0,0,0,20
111,906,2.36842,135,100,42,0,0,0,0,0,0,0,0,15
112,1168,3.2459,198,100,39,0,0,0,0,0,0,0,0,22
113,1118,2.67188,171,100,45,0,0,0,0,0,0,0,0,19
114,1198,2.68657,180,100,47,0,0,0,0,0,0,0,0,20
115,1378,2.6087,180,100,49,0,0,0,0,0,0,0,0,20
116,1382,3.16901,225,100,46,0,0,0,0,0,0,0,0,25
117,1310,3.65217,252,100,41,0,0,0,0,0,0,0,0,28
118,1378,3.35821,225,100,42,0,0,0,0,0,0,0,0,25
119,1092,3.23438,207,100,41,0,0,0,0,0,0,0,0,23
120,1326,4.43284,297,100,34,0,0,0,0,0,0,0,0,33
121,1306,4.14286,261,100,34,0,0,0,0,0,0,0,0,29
122,1278,4.07812,261,100,35,0,0,0,0,0,0,0,0,29
123,1378,4.70769,306,100,31,0,0,0,0,0,0,0,0,34
124,1224,4.43284,297,100,34,0,0,0,0,0,0,0,0,33
125,1156,3.76119,252,100,39,0,0,0,0,0,0,0,0,28
126,1266,4.35938,279,100,33,0,0,0,0,0,0,0,0,31
127,1540,5,315,100,28,0,0,0,0,0,0,0,0,35
128,1332,5.12069,297,100,25,0,0,0,0,0,0,0,0,33
129,1352,5.1,306,100,26,0,0,0,0,0,0,0,0,34
130,1404,4.15385,270,100,35,0,0,0,0,0,0,0,0,30
131,1260,4.28571,270,100,33,0,0,0,0,0,0,0,0,30
132,1134,4.65517,270,100,28,0,0,0,0,0,0,0,0,30
133,1446,4.56923,297,100,32,0,0,0,0,0,0,0,0,33
134,1460,5.22581,324,100,26,0,0,0,0,0,0,0,0,36
135,1364,4.57377,279,100,30,0,0,0,0,0,0,0,0,31
136,1500,4.18966,243,100,31,0,0,0,0,0,0,0,0,27
137,1466,4.65517,270,100,28,0,0,0,0,0,0,0,0,30
138,1478,3.87931,225,100,33,0,0,0,0,0,0,0,0,25
139,1256,4.88136,288,100,27,0,0,0,0,0,0,0,0,32
140,1418,4.96552,288,100,26,0,0,0,0,0,0,0,0,32
141,1396,4.95,297,100,27,0,0,0,0,0,0,0,0,33
142,1386,5.25,315,100,25,0,0,0,0,0,0,0,0,35
143,1488,5.25,315,100,25,0,0,0,0,0,0,0,0,35
144,1894,5.52632,315,100,22,0,0,0,0,0,0,0,0,35
145,1618,6.16667,333,100,17,0,0,0,0,0,0,0,0,37
146,1310,5.60377,297,100,20,0,0,0,0,0,0,0,0,33
147,1330,5.51724,320,100,22,0,0,0,0,1,0,0,0,35
148,1476,5.16129,320,100,26,0,0,0,0,1,0,0,0,35
149,1560,5.79365,365,100,22,0,0,0,0,1,0,0,0,40
150,1426,5.39344,329,100,24,0,0,0,0,1,0,0,0,36
151,1318,5.03333,302,100,26,0,0,0,0,1,0,0,0,33
152,1106,3.98361,243,100,34,0,0,0,0,0,0,0,0,27
153,1306,4.71429,297,100,30,0,0,0,0,0,0,0,0,33
154,1302,4.06452,252,100,34,0,0,0,0,0,0,0,0,28
155,1416,4.29231,279,100,34,0,0,0,0,0,0,0,0,31
156,1036,3.40909,225,100,41,0,0,0,0,0,0,0,0,25
157,1178,3,207,100,46,0,0,0,0,0,0,0,0,23
158,1282,3.28571,207,100,40,0,0,0,0,0,0,0,0,23
159,1316,4.05,243,100,33,0,0,0,0,0,0,0,0,27
160,1322,4.20968,261,100,33,0,0,0,0,0,0,0,0,29
161,1602,5.28571,333,100,26,0,0,0,0,0,0,0,0,37
162,1256,4.92453,261,100,24,0,0,0,0,0,0,0,0,29
163,1654,5.33898,315,100,24,0,0,0,0,0,0,0,0,35
164,1490,4.8,288,100,28,0,0,0,0,0,0,0,0,32
165,1502,4.2,252,100,32,0,0,0,0,0,0,0,0,28
166,1490,3.81356,225,100,34,0,0,0,0,0,0,0,0,25
167,1894,4.96552,288,100,26,0,0,0,0,0,0,0,0,32
168,1660,4.11864,243,100,32,0,0,0,0,0,0,0,0,27
169,1566,4.18966,243,100,31,0,0,0,0,0,0,0,0,27
170,1560,4.42623,270,100,31,0,0,0,0,0,0,0,0,30
171,1434,4.66071,261,100,27,0,0,0,0,0,0,0,0,29
172,1488,4.95,297,100,27,0,0,0,0,0,0,0,0,33
173,1588,5.49153,324,100,23,0,0,0,0,0,0,0,0,36
174,1690,5.46429,306,100,22,0,0,0,0,0,0,0,0,34
175,1772,5.27586,306,100,24,0,0,0,0,0,0,0,0,34
176,1502,4.67308,243,100,25,0,0,0,0,0,0,0,0,27
177,1478,4.75472,252,100,25,0,0,0,0,0,0,0,0,28
178,1472,5.64706,288,100,19,0,0,0,0,0,0,0,0,32
179,1842,5.94915,351,100,20,0,0,0,0,0,0,0,0,39
180,1608,5.4,297,100,22,0,0,0,0,0,0,0,0,33
181,1544,5.4,297,100,22,0,0,0,0,0,0,0,0,33
182,1660,5.18644,306,100,25,0,0,0,0,0,0,0,0,34
183,1492,5.875,329,100,19,0,0,0,0,1,0,0,0,36
184,1484,5.67241,329,100,21,0,0,0,0,1,0,0,0,36
185,1396,5,315,100,28,0,0,0,0,0,0,0,0,35
186,1262,4.89474,279,100,26,0,0,0,0,0,0,0,0,31
187,1258,4.5,279,100,31,0,0,0,0,0,0,0,0,31
188,1258,3.79688,243,100,37,0,0,0,0,0,0,0,0,27
189,1048,3.62903,225,100,37,0,0,0,0,0,0,0,0,25
190,1340,4.79032,297,100,29,0,0,0,0,0,0,0,0,33
191,1536,4.86885,297,100,28,0,0,0,0,0,0,0,0,33
192,1196,3.81356,225,100,34,0,0,0,0,0,0,0,0,25
193,1330,4.88136,288,100,27,0,0,0,0,0,0,0,0,32
194,1290,4.27869,261,100,32,0,0,0,0,0,0,0,0,29
195,1438,4.5,270,100,30,0,0,0,0,0,0,0,0,30
196,1144,3.9,234,100,34,0,0,0,0,0,0,0,0,26
197,1512,4.97015,333,100,30,0,0,0,0,0,0,0,0,37
198,1290,5.16393,315,100,26,0,0,0,0,0,0,0,0,35
199,1376,4.5,288,100,32,0,0,0,0,0,0,0,0,32
200,1308,4.5,279,100,31,0,0,0,0,0,0,0,0,31
201,1520,4.35484,270,100,32,0,0,0,0,0,0,0,0,30
202,1426,4.65517,270,100,28,0,0,0,0,0,0,0,0,30
203,1600,5.12069,297,100,25,0,0,0,0,0,0,0,0,33
204,1692,5.52632,315,100,22,0,0,0,0,0,0,0,0,35
205,1668,5.36842,306,100,23,0,0,0,0,0,0,0,0,34
206,1158,5.01923,261,100,23,0,0,0,0,0,0,0,0,29
207,1610,5.56364,306,100,21,0,0,0,0,0,0,0,0,34
208,1816,6,360,100,20,0,0,0,0,0,0,0,0,40
209,1368,5.64407,333,100,22,0,0,0,0,0,0,0,0,37
210,1292,4.78125,306,100,30,0,0,0,0,0,0,0,0,34
211,1284,5.12308,333,100,28,0,0,0,0,0,0,0,0,37
212,1474,5.95161,369,100,21,0,0,0,0,0,0,0,0,41
213,1270,5.21053,297,100,24,0,0,0,0,0,0,0,0,33
214,1318,4.97015,333,100,30,0,0,0,0,0,0,0,0,37
215,1362,5.14286,324,100,27,0,0,0,0,0,0,0,0,36
216,1430,5.79661,342,100,21,0,0,0,0,0,0,0,0,38
217,1494,6.33333,342,100,16,0,0,0,0,0,0,0,0,38
218,1678,6.36207,369,100,17,0,0,0,0,0,0,0,0,41
219,1516,5.74138,333,100,21,0,0,0,0,0,0,0,0,37
220,1494,6.42857,360,100,16,0,0,0,0,0,0,0,0,40
221,1698,6.14286,387,100,20,0,0,0,0,0,0,0,0,43
222,1222,5.4,270,100,20,0,0,0,0,0,0,0,0,30
223,1384,5.33898,315,100,24,0,0,0,0,0,0,0,0,35
224,1234,5.31148,324,100,25,0,0,0,0,0,0,0,0,36
225,1336,5.28571,333,100,26,0,0,0,0,0,0,0,0,37
226,1326,5.51613,342,100,24,0,0,0,0,0,0,0,0,38
227,1420,5.34375,342,100,26,0,0,0,0,0,0,0,0,38
228,1514,6.09231,396,100,21,0,0,0,0,0,0,0,0,44
229,1228,4.98462,324,100,29,0,0,0,0,0,0,0,0,36
230,1152,4.5,306,100,34,0,0,0,0,0,0,0,0,34
231,1192,4.43284,297,100,34,0,0,0,0,0,0,0,0,33
232,1166,3.81818,252,100,38,0,0,0,0,0,0,0,0,28
233,1214,4.64062,297,100,31,0,0,0,0,0,0,0,0,33
234,1330,4.23529,288,100,36,0,0,0,0,0,0,0,0,32
235,1368,4.43077,288,100,33,0,0,0,0,0,0,0,0,32
236,1286,3.98361,243,100,34,0,0,0,0,0,0,0,0,27
237,1478,4.86885,297,100,28,0,0,0,0,0,0,0,0,33
238,1412,5.22581,324,100,26,0,0,0,0,0,0,0,0,36
239,1424,4.89706,333,100,31,0,0,0,0,0,0,0,0,37
240,1340,4.90909,324,100,30,0,0,0,0,0,0,0,0,36
241,926,4.36364,288,100,34,0,0,0,0,0,0,0,0,32
242,1238,4.43478,306,100,35,0,0,0,0,0,0,0,0,34
243,1204,4.20968,261,100,33,0,0,0,0,0,0,0,0,29
244,1352,5.0625,324,100,28,0,0,0,0,0,0,0,0,36
245,1414,6,360,100,20,0,0,0,0,0,0,0,0,40
246,1420,5.89655,342,100,20,0,0,0,0,0,0,0,0,38
247,1412,5.89655,342,100,20,0,0,0,0,0,0,0,0,38
248,1256,4.8,288,100,28,0,0,0,0,0,0,0,0,32
249,1240,4.13115,252,100,33,0,0,0,0,0,0,0,0,28
250,1342,4.5,270,100,30,0,0,0,0,0,0,0,0,30
251,1436,5.0339,297,100,26,0,0,0,0,0,0,0,0,33
252,1348,5.18644,306,100,25,0,0,0,0,0,0,0,0,34
253,1488,4.95,297,100,27,0,0,0,0,0,0,0,0,33
254,1364,4.95,297,100,27,0,0,0,0,0,0,0,0,33
255,1378,5.18644,306,100,25,0,0,0,0,0,0,0,0,34
256,1478,5.45902,333,100,24,0,0,0,0,0,0,0,0,37
257,1262,4.29231,279,100,34,0,0,0,0,0,0,0,0,31
258,1276,4.27119,252,100,31,0,0,0,0,0,0,0,0,28
259,1380,5.0339,297,100,26,0,0,0,0,0,0,0,0,33
260,1432,5.1,306,100,26,0,0,0,0,0,0,0,0,34
261,1508,5.1,306,100,26,0,0,0,0,0,0,0,0,34
262,1178,4.33929,243,100,29,0,0,0,0,0,0,0,0,27
263,1462,5.27586,306,100,24,0,0,0,0,0,0,0,0,34
264,1614,4.95,297,100,27,0,0,0,0,0,0,0,0,33
265,1490,4.79032,297,100,29,0,0,0,0,0,0,0,0,33
266,1430,5.51613,342,100,24,0,0,0,0,0,0,0,0,38
267,1536,6.2069,360,100,18,0,0,0,0,0,0,0,0,40
268,1448,6.04688,387,100,21,0,0,0,0,0,0,0,0,43
269,1188,5.94915,351,100,20,0,0,0,0,0,0,0,0,39
270,1264,4.79032,297,100,29,0,0,0,0,0,0,0,0,33
271,1244,5.0339,297,100,26,0,0,0,0,0,0,0,0,33
272,1506,5.27586,306,100,24,0,0,0,0,0,0,0,0,34
273,1510,5.16393,315,100,26,0,0,0,0,0,0,0,0,35
274,1326,4.72131,288,100,29,0,0,0,0,0,0,0,0,32
275,1586,4.43284,297,100,34,0,0,0,0,0,0,0,0,33
276,1080,4.57627,270,100,29,0,0,0,0,0,0,0,0,30
277,1630,4.35938,279,100,33,0,0,0,0,0,0,0,0,31
278,1678,4.28571,270,100,33,0,0,0,0,0,0,0,0,30
279,1552,4.05,243,100,33,0,0,0,0,0,0,0,0,27
280,1724,4.74545,261,100,26,0,0,0,0,0,0,0,0,29
281,1824,4.10526,234,100,31,0,0,0,0,0,0,0,0,26
282,1818,4.65,279,100,29,0,0,0,0,0,0,0,0,31
283,1740,4.72131,288,100,29,0,0,0,0,0,0,0,0,32
284,1092,4.35,261,100,31,0,0,0,0,0,0,0,0,29
285,1242,4.72881,279,100,28,0,0,0,0,0,0,0,0,31
286,1504,5.31148,324,100,25,0,0,0,0,0,0,0,0,36
287,1564,5.85,351,100,21,0,0,0,0,0,0,0,0,39
288,1220,4.73684,270,100,27,0,0,0,0,0,0,0,0,30
289,1364,4.5,261,100,29,0,0,0,0,0,0,0,0,29
290,1428,4.65,279,100,29,0,0,0,0,0,0,0,0,31
291,1764,5.79661,342,100,21,0,0,0,0,0,0,0,0,38
292,1454,6.26786,351,100,17,0,0,0,0,0,0,0,0,39
293,1666,5.84211,333,100,20,0,0,0,0,0,0,0,0,37
294,1692,5.9434,315,100,18,0,0,0,0,0,0,0,0,35
295,1500,6.45283,342,100,15,0,0,0,0,0,0,0,0,38
296,1592,5.5,297,100,21,0,0,0,0,0,0,0,0,33
297,1820,6.10714,342,100,18,0,0,0,0,0,0,0,0,38
298,1738,7.26923,378,100,10,0,0,0,0,0,0,0,0,42
299,1500,6.75,351,100,13,0,0,0,0,0,0,0,0,39
300,1462,6.45283,342,100,15,0,0,0,0,0,0,0,0,38
301,1402,6.26786,351,100,17,0,0,0,0,0,0,0,0,39
302,1236,5.5,297,100,21,0,0,0,0,0,0,0,0,33
303,1076,4.81034,279,100,27,0,0,0,0,0,0,0,0,31
304,1430,5.43103,315,100,23,0,0,0,0,0,0,0,0,35
305,1402,5.49153,324,100,23,0,0,0,0,0,0,0,0,36
306,1206,4.5,288,100,32,0,0,0,0,0,0,0,0,32
307,1370,4.43077,288,100,33,0,0,0,0,0,0,0,0,32
308,1228,4.89706,333,100,31,0,0,0,0,0,0,0,0,37
309,1270,4.55385,296,100,32,0,0,0,0,0,0,0,1,32
310,1390,5.10769,332,100,28,0,0,0,0,0,0,0,1,36
311,1454,4.93333,296,100,27,0,0,0,0,0,0,0,1,32
312,1198,4.2623,260,100,32,0,0,0,0,0,0,0,1,28
313,1420,5.14286,324,100,27,0,0,0,0,0,0,0,0,36
314,1210,4.5,279,100,31,0,0,0,0,0,0,0,0,31
315,1406,5,315,100,28,0,0,0,0,0,0,0,0,35
316,1178,4.03448,234,100,32,0,0,0,0,0,0,0,0,26
317,1142,4.58491,243,100,26,0,0,0,0,0,0,0,0,27
318,1534,4.79032,297,100,29,0,0,0,0,0,0,0,0,33
319,1304,5.83333,315,100,19,0,0,0,0,0,0,0,0,35
320,1558,6.38182,351,100,16,0,0,0,0,0,0,0,0,39
321,1464,5.94915,351,100,20,0,0,0,0,0,0,0,0,39
322,1084,4.84615,252,100,24,0,0,0,0,0,0,0,0,28
323,1484,6.21818,342,100,17,0,0,0,0,0,0,0,0,38
324,1674,5.66129,351,100,23,0,0,0,0,0,0,0,0,39
325,1534,5.22581,324,100,26,0,0,0,0,0,0,0,0,36
326,1090,4.95,297,100,27,0,0,0,0,0,0,0,0,33
327,1164,4.5,306,100,34,0,0,0,0,0,0,0,0,34
328,1118,3.85714,270,100,40,0,0,0,0,0,0,0,0,30
329,1066,3.81818,252,100,38,0,0,0,0,0,0,0,0,28
330,1248,4.5,279,100,31,0,0,0,0,0,0,0,0,31
331,1202,4.29851,288,100,35,0,0,0,0,0,0,0,0,32
332,1234,4.8,288,100,28,0,0,0,0,0,0,0,0,32
333,1264,4.65517,270,100,28,0,0,0,0,0,0,0,0,30
334,1332,4.72881,279,100,28,0,0,0,0,0,0,0,0,31
335,1630,4.5,288,100,32,0,0,0,0,0,0,0,0,32
336,1732,4.78125,306,100,30,0,0,0,0,0,0,0,0,34
337,1918,4.17857,234,100,30,0,0,0,0,0,0,0,0,26
338,2094,4.42373,261,100,30,0,0,0,0,0,0,0,0,29
339,2090,5.01639,306,100,27,0,0,0,0,0,0,0,0,34
340,2002,4.81034,279,100,27,0,0,0,0,0,0,0,0,31
341,1996,4.27119,252,100,31,0,0,0,0,0,0,0,0,28
342,2214,5.07273,279,100,24,0,0,0,0,0,0,0,0,31
343,1780,4.01786,225,100,31,0,0,0,0,0,0,0,0,25
344,2020,4.14286,261,100,34,0,0,0,0,0,0,0,0,29
345,1548,4.5,288,100,32,0,0,0,0,0,0,0,0,32
346,1804,5.0339,297,100,26,0,0,0,0,0,0,0,0,33
347,1830,4.65517,270,100,28,0,0,0,0,0,0,0,0,30
348,2114,4.65,279,100,29,0,0,0,0,0,0,0,0,31
349,2196,5.4,324,100,24,0,0,0,0,0,0,0,0,36
350,1160,4,252,100,35,0,0,0,0,0,0,0,0,28
351,1278,4.93548,306,100,28,0,0,0,0,0,0,0,0,34
352,1502,5.08065,315,100,27,0,0,0,0,0,0,0,0,35
353,1170,4.28571,270,100,33,0,0,0,0,0,0,0,0,30
354,1272,5.14286,324,100,27,0,0,0,0,0,0,0,0,36
355,1322,4.65,279,100,29,0,0,0,0,0,0,0,0,31
356,1386,5.14286,324,100,27,0,0,0,0,0,0,0,0,36
357,1284,4.70769,306,100,31,0,0,0,0,0,0,0,0,34
358,1432,5.14286,288,100,24,0,0,0,0,0,0,0,0,32
359,1462,5.12069,297,100,25,0,0,0,0,0,0,0,0,33
360,1412,4.88136,288,100,27,0,0,0,0,0,0,0,0,32
361,1424,4.64062,297,100,31,0,0,0,0,0,0,0,0,33
362,1646,5.51613,342,100,24,0,0,0,0,0,0,0,0,38
363,1336,3.95455,261,100,37,0,0,0,0,0,0,0,0,29
364,1342,3.77419,234,100,36,0,0,0,0,0,0,0,0,26
365,1490,3.71429,234,100,37,0,0,0,0,0,0,0,0,26
366,1618,3.28571,207,100,40,0,0,0,0,0,0,0,0,23
367,1476,3.6,234,100,39,0,0,0,0,0,0,0,0,26
368,1272,3.35593,198,100,37,0,0,0,0,0,0,0,0,22
369,1224,3.85714,243,100,36,0,0,0,0,0,0,0,0,27
370,1186,3.81818,252,100,38,0,0,0,0,0,0,0,0,28
371,1114,4.43284,297,100,34,0,0,0,0,0,0,0,0,33
372,1438,4.85714,306,100,29,0,0,0,0,0,0,0,0,34
373,1418,4.93548,306,100,28,0,0,0,0,0,0,0,0,34
374,1604,5.16393,315,100,26,0,0,0,0,0,0,0,0,35
375,1344,4.65,279,100,29,0,0,0,0,0,0,0,0,31
376,1768,4.85714,306,100,29,0,0,0,0,0,0,0,0,34
377,1542,4.81034,279,100,27,0,0,0,0,0,0,0,0,31
378,1488,4.73333,284,100,28,0,0,0,0,1,0,0,0,31
379,1626,4.50847,266,100,29,0,0,0,0,1,0,0,0,29
380,1580,3.6,198,100,33,0,0,0,0,0,0,0,0,22
381,1634,4.66667,252,100,26,0,0,0,0,0,0,0,0,28
382,1672,3.33871,207,100,39,0,0,0,0,0,0,0,0,23
383,1508,3.50847,207,100,36,0,0,0,0,0,0,0,0,23
384,1630,4.17857,234,100,30,0,0,0,0,0,0,0,0,26
385,1498,3.59322,212,100,35,0,0,0,0,1,0,0,0,23
386,1438,4.12069,239,100,31,0,0,0,0,1,0,0,0,26
387,1592,4.43333,266,100,30,0,0,0,0,1,0,0,0,29
388,1340,4.19298,239,100,30,0,0,0,0,1,0,0,0,26
389,1282,4.74138,275,100,27,0,0,0,0,1,0,0,0,30
390,1296,4.73684,270,100,27,0,0,0,0,0,0,0,0,30
391,1498,5.27586,306,100,24,0,0,0,0,0,0,0,0,34
392,1350,4.34483,252,100,30,0,0,0,0,0,0,0,0,28
393,1542,4.86885,297,100,28,0,0,0,0,0,0,0,0,33
394,1862,5.7,342,100,22,0,0,0,0,0,0,0,0,38
395,1934,5.21053,297,100,24,0,0,0,0,0,0,0,0,33
396,1906,5.89091,324,100,19,0,0,0,0,0,0,0,0,36
397,1978,5.1,306,100,26,0,0,0,0,0,0,0,0,34
398,2084,5.94643,333,100,19,0,0,0,0,0,0,0,0,37
399,2110,4.66667,252,100,26,0,0,0,0,0,0,0,0,28
400,1252,4.57627,270,100,29,0,0,0,0,0,0,0,0,30
401,1554,4.42105,252,100,29,0,0,0,0,0,0,0,0,28
402,1652,4.48438,287,100,32,0,0,0,0,0,0,0,1,31
403,1424,4.33871,269,100,32,0,0,0,0,0,0,0,1,29
404,1672,4.29231,279,100,34,0,0,0,0,0,0,0,0,31
405,1580,4.81034,279,100,27,0,0,0,0,0,0,0,0,31
406,1112,4.34483,252,100,30,0,0,0,0,0,0,0,0,28
407,1558,4.57143,288,100,31,0,0,0,0,0,0,0,0,32
408,1514,4.9661,293,100,26,0,0,0,0,1,0,0,0,32
409,1350,4.05,243,100,33,0,0,0,0,0,0,0,0,27
410,1370,4.57895,261,100,28,0,0,0,0,0,0,0,0,29
411,1246,4.66667,252,100,26,0,0,0,0,0,0,0,0,28
412,1628,5.14286,324,100,27,0,0,0,0,0,0,0,0,36
413,1308,5.46429,306,100,22,0,0,0,0,0,0,0,0,34
414,1394,5.79661,342,100,21,0,0,0,0,0,0,0,0,38
415,1614,6.47368,369,100,16,0,0,0,0,0,0,0,0,41
416,1674,6.75,378,100,14,0,0,0,0,0,0,0,0,42
417,1388,4.82143,270,100,26,0,0,0,0,0,0,0,0,30
418,1350,5.26415,279,100,22,0,0,0,0,0,0,0,0,31
419,1588,5.56364,306,100,21,0,0,0,0,0,0,0,0,34
420,1550,5.56364,306,100,21,0,0,0,0,0,0,0,0,34
421,1466,5.58621,324,100,22,0,0,0,0,0,0,0,0,36
422,1550,5.36538,279,100,21,0,0,0,0,0,0,0,0,31
423,1336,4.85714,306,100,29,0,0,0,0,0,0,0,0,34
424,1362,5.22581,324,100,26,0,0,0,0,0,0,0,0,36
425,1456,5.01639,306,100,27,0,0,0,0,0,0,0,0,34
426,1372,5.46429,306,100,22,0,0,0,0,0,0,0,0,34
427,1344,5.52632,315,100,22,0,0,0,0,0,0,0,0,35
428,1452,4.81034,279,100,27,0,0,0,0,0,0,0,0,31
429,1318,3.3,198,100,38,0,0,0,0,0,0,0,0,22
430,1356,4.17857,234,100,30,0,0,0,0,0,0,0,0,26
431,1418,3.78947,216,100,33,0,0,0,0,0,0,0,0,24
432,1822,4.5,270,100,30,0,0,0,0,0,0,0,0,30
433,1140,4.10526,234,100,31,0,0,0,0,0,0,0,0,26
434,1108,4.76471,243,100,24,0,0,0,0,0,0,0,0,27
435,1540,5.46429,306,100,22,0,0,0,0,0,0,0,0,34
436,1472,5.18644,306,100,25,0,0,0,0,0,0,0,0,34
437,1382,4.28571,270,100,33,0,0,0,0,0,0,0,0,30
438,1524,3.68182,243,100,39,0,0,0,0,0,0,0,0,27
439,1272,3.51562,225,100,39,0,0,0,0,0,0,0,0,25
440,1676,4.63636,306,100,32,0,0,0,0,0,0,0,0,34
441,1798,4.79032,297,100,29,0,0,0,0,0,0,0,0,33
442,1420,4.41818,243,100,28,0,0,0,0,0,0,0,0,27
443,1584,4.92188,315,100,29,0,0,0,0,0,0,0,0,35
444,1600,4.27869,261,100,32,0,0,0,0,0,0,0,0,29
445,1586,4.65,279,100,29,0,0,0,0,0,0,0,0,31
446,1630,5.84211,333,100,20,0,0,0,0,0,0,0,0,37
447,1524,5.58,279,100,19,0,0,0,0,0,0,0,0,31
448,1756,5.30357,297,100,23,0,0,0,0,0,0,0,0,33
449,1618,4.98214,279,100,25,0,0,0,0,0,0,0,0,31
450,1336,4.82143,270,100,26,0,0,0,0,0,0,0,0,30
451,1538,4.57377,279,100,30,0,0,0,0,0,0,0,0,31
452,1784,5.25,315,100,25,0,0,0,0,0,0,0,0,35
453,1448,4.67308,243,100,25,0,0,0,0,0,0,0,0,27
454,1436,3.80769,198,100,30,0,0,0,0,0,0,0,0,22
455,2060,5.12069,297,100,25,0,0,0,0,0,0,0,0,33
456,1996,5.1,306,100,26,0,0,0,0,0,0,0,0,34
457,1914,5,270,100,24,0,0,0,0,0,0,0,0,30
458,1818,5.36842,306,100,23,0,0,0,0,0,0,0,0,34
459,1564,5.46429,306,100,22,0,0,0,0,0,0,0,0,34
460,1952,4.86885,297,100,28,0,0,0,0,0,0,0,0,33
461,1750,5.4,324,100,24,0,0,0,0,0,0,0,0,36
462,1798,5.30357,297,100,23,0,0,0,0,0,0,0,0,33
463,1690,5.72727,315,100,20,0,0,0,0,0,0,0,0,35
464,1810,4.74545,261,100,26,0,0,0,0,0,0,0,0,29
465,1998,4.81034,279,100,27,0,0,0,0,0,0,0,0,31
466,1918,5.05263,288,100,25,0,0,0,0,0,0,0,0,32
467,1960,4.34483,252,100,30,0,0,0,0,0,0,0,0,28
468,1936,5.36538,279,100,21,0,0,0,0,0,0,0,0,31
469,1456,5.05263,288,100,25,0,0,0,0,0,0,0,0,32
470,1368,4.26316,243,100,30,0,0,0,0,0,0,0,0,27
471,1658,4.35484,270,100,32,0,0,0,0,0,0,0,0,30
472,1708,4.06452,252,100,34,0,0,0,0,0,0,0,0,28
473,1150,3.41379,198,100,36,0,0,0,0,0,0,0,0,22
474,1270,3.81356,225,100,34,0,0,0,0,0,0,0,0,25
475,1286,4.05,243,100,33,0,0,0,0,0,0,0,0,27
476,1200,3.46154,225,100,40,0,0,0,0,0,0,0,0,25
477,1286,3.62903,225,100,37,0,0,0,0,0,0,0,0,25
478,1202,4.06452,252,100,34,0,0,0,0,0,0,0,0,28
479,1220,3.81356,225,100,34,0,0,0,0,0,0,0,0,25
480,1384,4.01538,261,100,36,0,0,0,0,0,0,0,0,29
481,1452,4.42857,279,100,32,0,0,0,0,0,0,0,0,31
482,1478,4.34545,239,100,28,0,0,0,0,1,0,0,0,26
483,1658,4.4375,284,100,32,0,0,0,0,1,0,0,0,31
484,1344,3.18033,194,100,39,0,0,0,0,1,0,0,0,21
485,1124,3.59322,212,100,35,0,0,0,0,1,0,0,0,23
486,1426,5.08065,315,100,27,0,0,0,0,0,0,0,0,35
487,1284,3.79688,243,100,37,0,0,0,0,0,0,0,0,27
488,1150,3.81356,225,100,34,0,0,0,0,0,0,0,0,25
489,1338,3.71429,234,100,37,0,0,0,0,0,0,0,0,26
490,1540,4,252,100,35,0,0,0,0,0,0,0,0,28
491,1734,4.8,288,100,28,0,0,0,0,0,0,0,0,32
492,1888,5.33898,315,100,24,0,0,0,0,0,0,0,0,35
493,2584,6.34426,387,100,18,0,0,0,0,0,0,0,0,43
494,2460,5.58621,324,100,22,0,0,0,0,0,0,0,0,36
495,2786,5.36842,306,100,23,0,0,0,0,0,0,0,0,34
496,2108,5.21053,297,100,24,0,0,0,0,0,0,0,0,33
497,2652,5.43103,315,100,23,0,0,0,0,0,0,0,0,35
498,1850,5.64407,333,100,22,0,0,0,0,0,0,0,0,37
499,1974,4.92453,261,100,24,0,0,0,0,0,0,0,0,29
500,1972,4.27119,252,100,31,0,0,0,0,0,0,0,0,28
501,1530,3.42857,216,100,39,0,0,0,0,0,0,0,0,24
502,1742,3.375,216,100,40,0,0,0,0,0,0,0,0,24
503,1648,3.65625,234,100,38,0,0,0,0,0,0,0,0,26
504,1636,3.54098,216,100,37,0,0,0,0,0,0,0,0,24
505,1432,4.27119,252,100,31,0,0,0,0,0,0,0,0,28
506,1580,3.6,216,100,36,0,0,0,0,0,0,0,0,24
507,1604,3.35593,198,100,37,0,0,0,0,0,0,0,0,22
508,1380,4.13115,252,100,33,0,0,0,0,0,0,0,0,28
509,1250,3,189,100,42,0,0,0,0,0,0,0,0,21
510,1458,3.62903,225,100,37,0,0,0,0,0,0,0,0,25
511,1524,3.13636,207,100,43,0,0,0,0,0,0,0,0,23
512,1458,2.95312,189,100,43,0,0,0,0,0,0,0,0,21
513,1648,3.87692,252,100,37,0,0,0,0,0,0,0,0,28
514,1414,3.62903,225,100,37,0,0,0,0,0,0,0,0,25
515,1112,3,189,100,42,0,0,0,0,0,0,0,0,21
516,1544,4.15385,270,100,35,0,0,0,0,0,0,0,0,30
517,1474,4.35484,270,100,32,0,0,0,0,0,0,0,0,30
518,1318,4.65517,270,100,28,0,0,0,0,0,0,0,0,30
519,1434,5.27586,306,100,24,0,0,0,0,0,0,0,0,34
520,1374,5.16667,279,100,23,0,0,0,0,0,0,0,0,31
521,1714,4.4127,278,100,32,0,0,0,0,0,0,0,1,30
522,1622,4.5,261,100,29,0,0,0,0,0,0,0,0,29
523,1834,5.14286,288,100,24,0,0,0,0,0,0,0,0,32
524,2070,5.18644,306,100,25,0,0,0,0,0,0,0,0,34
525,2212,5.43103,315,100,23,0,0,0,0,0,0,0,0,35
526,2714,5.60656,342,100,23,0,0,0,0,0,0,0,0,38
527,1788,4.72881,279,100,28,0,0,0,0,0,0,0,0,31
528,2002,5.25,315,100,25,0,0,0,0,0,0,0,0,35
529,1466,4.72881,279,100,28,0,0,0,0,0,0,0,0,31
530,1426,4.66071,261,100,27,0,0,0,0,0,0,0,0,29
531,1726,4.26316,243,100,30,0,0,0,0,0,0,0,0,27
532,1638,4.11667,247,100,32,0,0,0,1,0,0,0,0,27
533,1768,4.19672,256,100,32,0,0,0,1,0,0,0,0,28
534,1258,3.54098,216,100,37,0,0,0,0,0,0,0,0,24
535,1202,4.06452,252,100,34,0,0,0,0,0,0,0,0,28
536,1484,4.04348,279,100,38,0,0,0,0,0,0,0,0,31
537,1280,3.76119,252,100,39,0,0,0,0,0,0,0,0,28
538,1352,3.70588,252,100,40,0,0,0,0,0,0,0,0,28
539,1278,3.57143,225,100,38,0,0,0,0,0,0,0,0,25
540,1226,3.54545,234,100,40,0,0,0,0,0,0,0,0,26
541,1348,3.27273,216,100,42,0,0,0,0,0,0,0,0,24
542,1160,3.68852,225,100,36,0,0,0,0,0,0,0,0,25
543,1186,4.5,288,100,32,0,0,0,0,0,0,0,0,32
544,1228,4.79032,297,100,29,0,0,0,0,0,0,0,0,33
545,1266,4.35484,270,100,32,0,0,0,0,0,0,0,0,30
546,1214,4.07812,261,100,35,0,0,0,0,0,0,0,0,29
547,1206,4.70769,306,100,31,0,0,0,0,0,0,0,0,34
548,1228,4.95,297,100,27,0,0,0,0,0,0,0,0,33
549,1412,4.97015,333,100,30,0,0,0,0,0,0,0,0,37
550,1558,4.88333,293,100,27,0,0,0,0,1,0,0,0,32
551,1166,4.89655,284,100,26,0,0,0,0,1,0,0,0,31
552,1134,4.57895,261,100,28,0,0,0,0,0,0,0,0,29
553,1182,4.07937,257,100,34,0,0,0,0,1,0,0,0,28
554,1184,3.51562,225,100,39,0,0,0,0,0,0,0,0,25
555,1226,4.07812,261,100,35,0,0,0,0,0,0,0,0,29
556,1252,3.65625,234,100,38,0,0,0,0,0,0,0,0,26
557,1224,3.71429,234,100,37,0,0,0,0,0,0,0,0,26
558,1286,2.68657,180,100,47,0,0,0,0,0,0,0,0,20
559,1338,3.33871,207,100,39,0,0,0,0,0,0,0,0,23
560,1270,2.7931,162,100,40,0,0,0,0,0,0,0,0,18
561,1278,3.3,198,100,38,0,0,0,0,0,0,0,0,22
562,1544,3.33871,207,100,39,0,0,0,0,0,0,0,0,23
563,1198,3.10345,180,100,38,0,0,0,0,0,0,0,0,20
564,1328,2.7,162,100,42,0,0,0,0,0,0,0,0,18
565,1298,2.59322,153,100,42,0,0,0,0,0,0,0,0,17
566,1482,3.75,225,100,35,0,0,0,0,0,0,0,0,25
567,1392,3.9375,252,100,36,0,0,0,0,0,0,0,0,28
568,1194,3.69643,207,100,33,0,0,0,0,0,0,0,0,23
569,1506,3.9,234,100,34,0,0,0,0,0,0,0,0,26
570,1362,3.54098,216,100,37,0,0,0,0,0,0,0,0,24
571,1360,2.80328,171,100,42,0,0,0,0,0,0,0,0,19
572,1426,3.32308,216,100,41,0,0,0,0,0,0,0,0,24
573,1468,4.33929,243,100,29,0,0,0,0,0,0,0,0,27
574,1538,4.14286,261,100,34,0,0,0,0,0,0,0,0,29
575,1604,4.5,252,100,28,0,0,0,0,0,0,0,0,28
576,1640,4.5,261,100,29,0,0,0,0,0,0,0,0,29
577,1660,4.18966,243,100,31,0,0,0,0,0,0,0,0,27
578,1766,3.69643,207,100,33,0,0,0,0,0,0,0,0,23
579,1618,3.15789,180,100,37,0,0,0,0,0,0,0,0,20
580,1368,3.09836,189,100,40,0,0,0,0,0,0,0,0,21
581,1182,3.72414,216,100,34,0,0,0,0,0,0,0,0,24
582,1234,3.15,189,100,39,0,0,0,0,0,0,0,0,21
583,1556,3.75,225,100,35,0,0,0,0,0,0,0,0,25
584,1322,4.26316,243,100,30,0,0,0,0,0,0,0,0,27
585,1376,3.91935,243,100,35,0,0,0,0,0,0,0,0,27
586,1304,4.42373,261,100,30,0,0,0,0,0,0,0,0,29
587,1320,4,252,100,35,0,0,0,0,0,0,0,0,28
588,1392,3.83607,234,100,35,0,0,0,0,0,0,0,0,26
589,1304,4.42623,270,100,31,0,0,0,0,0,0,0,0,30
590,1374,4.43077,288,100,33,0,0,0,0,0,0,0,0,32
591,1404,4.57377,279,100,30,0,0,0,0,0,0,0,0,31
592,1354,4.09091,270,100,36,0,0,0,0,0,0,0,0,30
593,1010,3.78947,216,100,33,0,0,0,0,0,0,0,0,24
594,1220,4.20968,261,100,33,0,0,0,0,0,0,0,0,29
595,1314,4.11864,243,100,32,0,0,0,0,0,0,0,0,27
596,1232,4.2,252,100,32,0,0,0,0,0,0,0,0,28
597,1234,3.75,225,100,35,0,0,0,0,0,0,0,0,25
598,1328,4.2,252,100,32,0,0,0,0,0,0,0,0,28
599,1254,4.57377,279,100,30,0,0,0,0,0,0,0,0,31
600,1514,5.60656,342,100,23,0,0,0,0,0,0,0,0,38
601,1252,5.55,333,100,23,0,0,0,0,0,0,0,0,37
602,1322,5.84211,333,100,20,0,0,0,0,0,0,0,0,37
603,1382,5.60377,297,100,20,0,0,0,0,0,0,0,0,33
604,1486,5.30357,297,100,23,0,0,0,0,0,0,0,0,33
605,1434,5.23214,293,100,23,0,0,0,0,1,0,0,0,32
606,1668,6.13793,356,100,18,0,0,0,0,1,0,0,0,39
607,1646,6.47368,369,100,16,0,0,0,0,0,0,0,0,41
608,1680,5.625,315,100,21,0,0,0,0,0,0,0,0,35
609,1812,5.9434,315,100,18,0,0,0,0,0,0,0,0,35
610,1850,5.72727,315,100,20,0,0,0,0,0,0,0,0,35
611,1914,5.84211,333,100,20,0,0,0,0,0,0,0,0,37
612,1488,5.07273,279,100,24,0,0,0,0,0,0,0,0,31
613,1886,5.0625,324,100,28,0,0,0,0,0,0,0,0,36
614,1652,4.75472,252,100,25,0,0,0,0,0,0,0,0,28
615,1550,5.05263,288,100,25,0,0,0,0,0,0,0,0,32
616,1478,5.33898,315,100,24,0,0,0,0,0,0,0,0,35
617,1398,5.18644,306,100,25,0,0,0,0,0,0,0,0,34
618,1326,5.14286,288,100,24,0,0,0,0,0,0,0,0,32
619,1398,4.5,243,100,27,0,0,0,0,0,0,0,0,27
620,1478,3.62903,225,100,37,0,0,0,0,0,0,0,0,25
621,1362,4.11864,243,100,32,0,0,0,0,0,0,0,0,27
622,1608,4.5,270,100,30,0,0,0,0,0,0,0,0,30
623,1474,4.5,270,100,30,0,0,0,0,0,0,0,0,30
624,1278,4.89474,279,100,26,0,0,0,0,0,0,0,0,31
625,1124,4.28571,270,100,33,0,0,0,0,0,0,0,0,30
626,1304,4.57627,270,100,29,0,0,0,0,0,0,0,0,30
627,1412,3.73846,243,100,38,0,0,0,0,0,0,0,0,27
628,1328,3.42857,216,100,39,0,0,0,0,0,0,0,0,24
629,1354,2.76923,180,100,45,0,0,0,0,0,0,0,0,20
630,1348,2.8209,189,100,46,0,0,0,0,0,0,0,0,21
631,1574,2.72727,180,100,46,0,0,0,0,0,0,0,0,20
632,1342,3.04839,189,100,41,0,0,0,0,0,0,0,0,21
633,1262,2.85714,180,100,43,0,0,0,0,0,0,0,0,20
634,1278,3.35593,198,100,37,0,0,0,0,0,0,0,0,22
635,1410,3.66102,216,100,35,0,0,0,0,0,0,0,0,24
636,1590,4.42373,261,100,30,0,0,0,0,0,0,0,0,29
637,1548,4.57627,270,100,29,0,0,0,0,0,0,0,0,30
638,1314,4.72131,288,100,29,0,0,0,0,0,0,0,0,32
639,1342,4.27869,261,100,32,0,0,0,0,0,0,0,0,29
640,1346,4.88136,288,100,27,0,0,0,0,0,0,0,0,32
641,1330,4.57627,270,100,29,0,0,0,0,0,0,0,0,30
642,1236,4.11864,243,100,32,0,0,0,0,0,0,0,0,27
643,1364,3.62903,225,100,37,0,0,0,0,0,0,0,0,25
644,1462,4.57627,270,100,29,0,0,0,0,0,0,0,0,30
645,1466,5.12069,297,100,25,0,0,0,0,0,0,0,0,33
646,1332,4.74545,261,100,26,0,0,0,0,0,0,0,0,29
647,1368,4.5,279,100,31,0,0,0,0,0,0,0,0,31
648,1584,4.05,243,100,33,0,0,0,0,0,0,0,0,27
649,1502,4.42105,252,100,29,0,0,0,0,0,0,0,0,28
650,1482,4.41509,234,100,27,0,0,0,0,0,0,0,0,26
651,1562,4.58182,252,100,27,0,0,0,0,0,0,0,0,28
652,1416,4.18966,243,100,31,0,0,0,0,0,0,0,0,27
653,1838,4.33929,243,100,29,0,0,0,0,0,0,0,0,27
654,1780,4.34483,252,100,30,0,0,0,0,0,0,0,0,28
655,1846,5.12069,297,100,25,0,0,0,0,0,0,0,0,33
656,1496,4.27119,252,100,31,0,0,0,0,0,0,0,0,28
657,1466,4.06452,252,100,34,0,0,0,0,0,0,0,0,28
658,1530,4.05,243,100,33,0,0,0,0,0,0,0,0,27
659,1450,4.5,288,100,32,0,0,0,0,0,0,0,0,32
660,1436,4.26316,243,100,30,0,0,0,0,0,0,0,0,27
661,1746,4.27869,261,100,32,0,0,0,0,0,0,0,0,29
662,1600,3.81356,225,100,34,0,0,0,0,0,0,0,0,25
663,1604,4.06452,252,100,34,0,0,0,0,0,0,0,0,28
664,1352,3.35593,198,100,37,0,0,0,0,0,0,0,0,22
665,1646,4.42623,270,100,31,0,0,0,0,0,0,0,0,30
666,1590,4.05,243,100,33,0,0,0,0,0,0,0,0,27
667,1488,4.42105,252,100,29,0,0,0,0,0,0,0,0,28
668,1510,4.33929,243,100,29,0,0,0,0,0,0,0,0,27
669,1378,4.42857,279,100,32,0,0,0,0,0,0,0,0,31
670,1374,4.20968,261,100,33,0,0,0,0,0,0,0,0,29
671,1374,3.81818,252,100,38,0,0,0,0,0,0,0,0,28
672,1602,4.27119,252,100,31,0,0,0,0,0,0,0,0,28
673,1672,4.57627,270,100,29,0,0,0,0,0,0,0,0,30
674,1766,4.65,279,100,29,0,0,0,0,0,0,0,0,31
675,1830,4.74545,261,100,26,0,0,0,0,0,0,0,0,29
676,1668,4.82143,270,100,26,0,0,0,0,0,0,0,0,30
677,2074,5.16393,315,100,26,0,0,0,0,0,0,0,0,35
678,1674,5.33898,315,100,24,0,0,0,0,0,0,0,0,35
679,1844,6.38182,351,100,16,0,0,0,0,0,0,0,0,39
680,1708,5.49153,324,100,23,0,0,0,0,0,0,0,0,36
681,1396,4.66071,261,100,27,0,0,0,0,0,0,0,0,29
682,1514,4.05,243,100,33,0,0,0,0,0,0,0,0,27
683,1930,5.0339,297,100,26,0,0,0,0,0,0,0,0,33
684,1370,5.14286,288,100,24,0,0,0,0,0,0,0,0,32
685,1212,4.8,288,100,28,0,0,0,0,0,0,0,0,32
686,1524,4.65,279,100,29,0,0,0,0,0,0,0,0,31
687,1520,4.66071,261,100,27,0,0,0,0,0,0,0,0,29
688,1360,4.5,270,100,30,0,0,0,0,0,0,0,0,30
689,1436,3.87931,225,100,33,0,0,0,0,0,0,0,0,25
690,1398,3.6,216,100,36,0,0,0,0,0,0,0,0,24
691,1260,3.72414,216,100,34,0,0,0,0,0,0,0,0,24
692,1510,4,252,100,35,0,0,0,0,0,0,0,0,28
693,1354,3.56897,207,100,35,0,0,0,0,0,0,0,0,23
694,1696,4.20968,261,100,33,0,0,0,0,0,0,0,0,29
695,1472,4.01786,225,100,31,0,0,0,0,0,0,0,0,25
696,1570,4.42623,270,100,31,0,0,0,0,0,0,0,0,30
697,1248,4.5,243,100,27,0,0,0,0,0,0,0,0,27
698,1450,4.21875,270,100,34,0,0,0,0,0,0,0,0,30
699,1414,3.68182,243,100,39,0,0,0,0,0,0,0,0,27
700,1346,3.32308,216,100,41,0,0,0,0,0,0,0,0,24
701,1328,3.3,198,100,38,0,0,0,0,0,0,0,0,22
702,1504,3.98361,243,100,34,0,0,0,0,0,0,0,0,27
703,1282,4.35,261,100,31,0,0,0,0,0,0,0,0,29
704,1294,3.98361,243,100,34,0,0,0,0,0,0,0,0,27
705,1444,4.66667,252,100,26,0,0,0,0,0,0,0,0,28
706,1378,4.2,252,100,32,0,0,0,0,0,0,0,0,28
707,1408,4.05,243,100,33,0,0,0,0,0,0,0,0,27
708,1422,4.07812,261,100,35,0,0,0,0,0,0,0,0,29
709,1668,3.62903,225,100,37,0,0,0,0,0,0,0,0,25
710,1508,3.25862,189,100,37,0,0,0,0,0,0,0,0,21
711,1646,3.54098,216,100,37,0,0,0,0,0,0,0,0,24
712,1546,3.78947,216,100,33,0,0,0,0,0,0,0,0,24
713,2016,4.35938,279,100,33,0,0,0,0,0,0,0,0,31
714,2110,4.01786,225,100,31,0,0,0,0,0,0,0,0,25
715,1700,4.41176,225,100,26,0,0,0,0,0,0,0,0,25
716,1798,3.66038,194,100,31,0,0,0,0,1,0,0,0,21
717,1900,2.84211,162,100,39,0,0,0,0,0,0,0,0,18
718,1820,3.05085,180,100,39,0,0,0,0,0,0,0,0,20
719,1260,3.05357,171,100,37,0,0,0,0,0,0,0,0,19
720,1516,3.20339,189,100,38,0,0,0,0,0,0,0,0,21
721,1682,3.19355,198,100,40,0,0,0,0,0,0,0,0,22
722,1662,3.25862,189,100,37,0,0,0,0,0,0,0,0,21
723,1570,3.15,189,100,39,0,0,0,0,0,0,0,0,21
724,1644,3.94737,225,100,32,0,0,0,0,0,0,0,0,25
725,1872,3.23333,194,100,38,0,0,0,0,1,0,0,0,21
726,1854,3,171,100,38,0,0,0,0,0,0,0,0,19
727,1898,3.69643,207,100,33,0,0,0,0,0,0,0,0,23
728,1940,3.20339,189,100,38,0,0,0,0,0,0,0,0,21
729,1886,2.63793,153,100,41,0,0,0,0,0,0,0,0,17
730,1656,2.38182,131,100,40,0,0,0,0,1,0,0,0,14
731,1818,1.85246,113,100,48,0,0,0,0,1,0,0,0,12
732,1934,2.29508,140,100,45,0,0,0,0,1,0,0,0,15
733,1722,1.86207,108,100,46,0,0,0,0,0,0,0,0,12
734,1526,1.98305,117,100,46,0,0,0,0,0,0,0,0,13
735,1512,3.05357,171,100,37,0,0,0,0,0,0,0,0,19
736,1400,2.05263,117,100,44,0,0,0,0,0,0,0,0,13
737,1406,2.36842,135,100,42,0,0,0,0,0,0,0,0,15
738,1438,1.98305,117,100,46,0,0,0,0,0,0,0,0,13
739,1420,1.77049,108,100,49,0,0,0,0,0,0,0,0,12
740,1416,2.5082,153,100,44,0,0,0,0,0,0,0,0,17
741,1574,2.42857,153,100,46,0,0,0,0,0,0,0,0,17
742,1346,1.57895,90,100,47,0,0,0,0,0,0,0,0,10
743,1546,2.57143,162,100,45,0,0,0,0,0,0,0,0,18
744,1442,2.28814,135,100,44,0,0,0,0,0,0,0,0,15
745,1600,2.94828,171,100,39,0,0,0,0,0,0,0,0,19
746,1364,2.89831,171,100,40,0,0,0,0,0,0,0,0,19
747,1394,2.5082,153,100,44,0,0,0,0,0,0,0,0,17
748,1240,2.59322,153,100,42,0,0,0,0,0,0,0,0,17
749,1280,1.40984,86,100,51,0,0,0,0,1,0,0,0,9
750,1432,1.3871,86,100,52,0,0,0,0,1,0,0,0,9
751,1384,1.84848,122,100,52,0,0,0,0,1,0,0,0,13
752,1252,2.07937,131,100,48,0,0,0,0,1,0,0,0,14
753,1250,1.82609,126,100,55,0,0,0,0,0,0,0,0,14
754,1080,2.21739,153,100,52,0,0,0,0,0,0,0,0,17
755,1338,2.72727,180,100,46,0,0,0,0,0,0,0,0,20
756,1006,2.6129,162,100,44,0,0,0,0,0,0,0,0,18
757,1348,3.13636,207,100,43,0,0,0,0,0,0,0,0,23
758,1294,2.86364,189,100,45,0,0,0,0,0,0,0,0,21
759,1026,2.95312,189,100,43,0,0,0,0,0,0,0,0,21
760,1128,3.62903,225,100,37,0,0,0,0,0,0,0,0,25
761,1486,4.09091,270,100,36,0,0,0,0,0,0,0,0,30
762,1590,4.5,297,100,33,0,0,0,0,0,0,0,0,33
763,1456,4.42105,252,100,29,0,0,0,0,0,0,0,0,28
764,1502,3.9,234,100,34,0,0,0,0,0,0,0,0,26
765,1580,4.33333,234,100,28,0,0,0,0,0,0,0,0,26
766,1684,4.10526,234,100,31,0,0,0,0,0,0,0,0,26
767,1654,4.03448,234,100,32,0,0,0,0,0,0,0,0,26
768,1402,3.85714,216,100,32,0,0,0,0,0,0,0,0,24
769,1730,4.42623,270,100,31,0,0,0,0,0,0,0,0,30
770,1632,3.94737,225,100,32,0,0,0,0,0,0,0,0,25
771,1896,4.81034,279,100,27,0,0,0,0,0,0,0,0,31
772,1706,4.57895,261,100,28,0,0,0,0,0,0,0,0,29
773,2064,4.92188,315,100,29,0,0,0,0,0,0,0,0,35
774,1768,4.58182,252,100,27,0,0,0,0,0,0,0,0,28
775,1712,4.35593,257,100,30,0,0,0,0,1,0,0,0,28
776,1784,4.11864,243,100,32,0,0,0,0,0,0,0,0,27
777,2114,4.86885,297,100,28,0,0,0,0,0,0,0,0,33
778,2284,4.57627,270,100,29,0,0,0,0,0,0,0,0,30
779,2384,4.96552,288,100,26,0,0,0,0,0,0,0,0,32
780,2834,4.74545,261,100,26,0,0,0,0,0,0,0,0,29
781,2698,4.82456,275,100,26,0,0,0,0,1,0,0,0,30
782,2250,4.66102,275,100,28,0,0,0,0,1,0,0,0,30
783,2174,3.69091,203,100,32,0,0,0,0,1,0,0,0,22
784,2812,4.35,261,100,31,0,0,0,0,0,0,0,0,29
785,2510,4.42857,279,100,32,0,0,0,0,0,0,0,0,31
786,2168,3.92727,216,100,31,0,0,0,0,0,0,0,0,24
787,2166,3.75,225,100,35,0,0,0,0,0,0,0,0,25
788,2324,4.10526,234,100,31,0,0,0,0,0,0,0,0,26
789,2036,4.05,243,100,33,0,0,0,0,0,0,0,0,27
790,2408,4.05,243,100,33,0,0,0,0,0,0,0,0,27
791,2026,4.28571,270,100,33,0,0,0,0,0,0,0,0,30
792,1726,4.18333,251,100,32,0,0,0,0,0,0,0,1,27
793,1358,3.62903,225,100,37,0,0,0,0,0,0,0,0,25
794,1606,4.57377,279,100,30,0,0,0,0,0,0,0,0,31
795,1540,4.2,252,100,32,0,0,0,0,0,0,0,0,28
796,1482,4.5,261,100,29,0,0,0,0,0,0,0,0,29
797,1510,4.18966,243,100,31,0,0,0,0,0,0,0,0,27
798,1566,4.57377,279,100,30,0,0,0,0,0,0,0,0,31
799,1602,5.01639,306,100,27,0,0,0,0,0,0,0,0,34
800,1444,5,315,100,28,0,0,0,0,0,0,0,0,35
801,1530,4.64615,302,100,31,0,0,0,0,1,0,0,0,33
802,1288,5.11864,302,100,25,0,0,0,0,1,0,0,0,33
803,1330,4.05085,239,100,32,0,0,0,0,1,0,0,0,26
804,1504,4.43939,293,100,33,0,0,0,0,1,0,0,0,32
805,1432,4.42373,261,100,30,0,0,0,0,0,0,0,0,29
806,1352,4.18966,243,100,31,0,0,0,0,0,0,0,0,27
807,1414,4.71429,297,100,30,0,0,0,0,0,0,0,0,33
808,1484,4.77273,315,100,31,0,0,0,0,0,0,0,0,35
809,1450,4.86885,297,100,28,0,0,0,0,0,0,0,0,33
810,1920,5.43103,315,100,23,0,0,0,0,0,0,0,0,35
811,1776,5.125,287,100,24,0,0,0,0,0,0,0,1,31
812,1920,4.05,243,100,33,0,0,0,0,0,0,0,0,27
813,2482,4.85714,306,100,29,0,0,0,0,0,0,0,0,34
814,2360,5.58621,324,100,22,0,0,0,0,0,0,0,0,36
815,2846,4.95,297,100,27,0,0,0,0,0,0,0,0,33
816,2598,5.52632,315,100,22,0,0,0,0,0,0,0,0,35
817,2344,5.37097,333,100,25,0,0,0,0,0,0,0,0,37
818,2642,4.88136,288,100,27,0,0,0,0,0,0,0,0,32
819,1786,4.96552,288,100,26,0,0,0,0,0,0,0,0,32
820,1852,5.16667,279,100,23,0,0,0,0,0,0,0,0,31
821,2206,4.74545,261,100,26,0,0,0,0,0,0,0,0,29
822,1706,4.82143,270,100,26,0,0,0,0,0,0,0,0,30
823,1688,5.16667,279,100,23,0,0,0,0,0,0,0,0,31
824,1418,5,270,100,24,0,0,0,0,0,0,0,0,30
825,1546,4.96552,288,100,26,0,0,0,0,0,0,0,0,32
826,1764,5.55,333,100,23,0,0,0,0,0,0,0,0,37
827,1544,4.96552,288,100,26,0,0,0,0,0,0,0,0,32
828,1498,5.0339,297,100,26,0,0,0,0,0,0,0,0,33
829,1626,4.96552,288,100,26,0,0,0,0,0,0,0,0,32
830,1814,4.88136,288,100,27,0,0,0,0,0,0,0,0,32
831,1850,5.625,315,100,21,0,0,0,0,0,0,0,0,35
832,1918,5.84211,333,100,20,0,0,0,0,0,0,0,0,37
833,1998,5.77358,306,100,19,0,0,0,0,0,0,0,0,34
834,1836,5.33333,288,100,22,0,0,0,0,0,0,0,0,32
835,1824,4.98214,279,100,25,0,0,0,0,0,0,0,0,31
836,1876,4.92453,261,100,24,0,0,0,0,0,0,0,0,29
837,1846,5.31148,324,100,25,0,0,0,0,0,0,0,0,36
838,1762,4.86885,297,100,28,0,0,0,0,0,0,0,0,33
839,1702,4.57627,270,100,29,0,0,0,0,0,0,0,0,30
840,1790,5.27586,306,100,24,0,0,0,0,0,0,0,0,34
841,1796,5.1,306,100,26,0,0,0,0,0,0,0,0,34
842,1516,5.16667,279,100,23,0,0,0,0,0,0,0,0,31
843,1418,5.16667,279,100,23,0,0,0,0,0,0,0,0,31
844,1332,5.12069,297,100,25,0,0,0,0,0,0,0,0,33
845,1654,5.58621,324,100,22,0,0,0,0,0,0,0,0,36
846,1828,6,342,100,19,0,0,0,0,0,0,0,0,38
847,1718,5.68421,324,100,21,0,0,0,0,0,0,0,0,36
848,1892,4.90909,270,100,25,0,0,0,0,0,0,0,0,30
849,1942,5.19231,270,100,22,0,0,0,0,0,0,0,0,30
850,2280,6.05455,333,100,18,0,0,0,0,0,0,0,0,37
851,2530,6.31579,360,100,17,0,0,0,0,0,0,0,0,40
852,2678,6.66667,360,100,14,0,0,0,0,0,0,0,0,40
853,2258,6.45283,342,100,15,0,0,0,0,0,0,0,0,38
854,1942,4.90909,270,100,25,0,0,0,0,0,0,0,0,30
855,1664,5.43396,288,100,21,0,0,0,0,0,0,0,0,32
856,1502,4.83333,261,100,25,0,0,0,0,0,0,0,0,29
857,1780,5.4,324,100,24,0,0,0,0,0,0,0,0,36
858,1786,5.78571,324,100,20,0,0,0,0,0,0,0,0,36
859,1618,5.30357,297,100,23,0,0,0,0,0,0,0,0,33
860,1804,5.625,315,100,21,0,0,0,0,0,0,0,0,35
861,1476,5.33898,315,100,24,0,0,0,0,0,0,0,0,35
862,1162,4.95,297,100,27,0,0,0,0,0,0,0,0,33
863,1214,4.81034,279,100,27,0,0,0,0,0,0,0,0,31
864,1400,5.27586,306,100,24,0,0,0,0,0,0,0,0,34
865,1378,5.18644,306,100,25,0,0,0,0,0,0,0,0,34
866,1264,5.25,315,100,25,0,0,0,0,0,0,0,0,35
867,1294,5.21053,297,100,24,0,0,0,0,0,0,0,0,33
868,1380,5.12069,297,100,25,0,0,0,0,0,0,0,0,33
869,1326,5.7,342,100,22,0,0,0,0,0,0,0,0,38
870,1264,6,306,100,17,0,0,0,0,0,0,0,0,34
871,1512,5.52632,315,100,22,0,0,0,0,0,0,0,0,35
872,1570,5.4,297,100,22,0,0,0,0,0,0,0,0,33
873,1504,5.46429,306,100,22,0,0,0,0,0,0,0,0,34
874,1576,4.5,252,100,28,0,0,0,0,0,0,0,0,28
875,1542,4.57895,261,100,28,0,0,0,0,0,0,0,0,29
876,1426,4.35,261,100,31,0,0,0,0,0,0,0,0,29
877,1312,4.2,252,100,32,0,0,0,0,0,0,0,0,28
878,1324,4.2,252,100,32,0,0,0,0,0,0,0,0,28
879,1310,4.57627,270,100,29,0,0,0,0,0,0,0,0,30
880,1398,4.89474,279,100,26,0,0,0,0,0,0,0,0,31
881,1772,5.28571,333,100,26,0,0,0,0,0,0,0,0,37
882,1466,4.65517,270,100,28,0,0,0,0,0,0,0,0,30
883,1606,4.57895,261,100,28,0,0,0,0,0,0,0,0,29
884,1532,4.82143,270,100,26,0,0,0,0,0,0,0,0,30
885,1742,4.98214,279,100,25,0,0,0,0,0,0,0,0,31
886,1540,5.78571,324,100,20,0,0,0,0,0,0,0,0,36
887,1892,5.68421,324,100,21,0,0,0,0,0,0,0,0,36
888,1678,4.5,234,100,26,0,0,0,0,0,0,0,0,26
889,1710,5,270,100,24,0,0,0,0,0,0,0,0,30
890,1642,4.82143,270,100,26,0,0,0,0,0,0,0,0,30
891,1614,4.78125,306,100,30,0,0,0,0,0,0,0,0,34
892,1524,5.01639,306,100,27,0,0,0,0,0,0,0,0,34
893,1584,5.52632,315,100,22,0,0,0,0,0,0,0,0,35
894,1680,5.46429,306,100,22,0,0,0,0,0,0,0,0,34
895,1812,5.85,351,100,21,0,0,0,0,0,0,0,0,39
896,1682,4.90909,270,100,25,0,0,0,0,0,0,0,0,30
897,1604,5.33333,288,100,22,0,0,0,0,0,0,0,0,32
898,1376,5.71154,297,100,19,0,0,0,0,0,0,0,0,33
899,1572,5.4,297,100,22,0,0,0,0,0,0,0,0,33
900,1600,6.84,342,100,12,0,0,0,0,0,0,0,0,38
901,1782,5.66667,306,100,20,0,0,0,0,0,0,0,0,34
902,1698,6.45283,342,100,15,0,0,0,0,0,0,0,0,38
903,1612,5.43396,288,100,21,0,0,0,0,0,0,0,0,32
904,1152,4.15385,216,100,28,0,0,0,0,0,0,0,0,24
905,1388,4.58182,252,100,27,0,0,0,0,0,0,0,0,28
906,1428,4.43333,266,100,30,0,0,0,0,1,0,0,0,29
907,1346,4.2,252,100,32,0,0,0,0,0,0,0,0,28
908,1240,4.57895,261,100,28,0,0,0,0,0,0,0,0,29
909,1174,4.06452,252,100,34,0,0,0,0,0,0,0,0,28
910,1544,4.42623,270,100,31,0,0,0,0,0,0,0,0,30
911,1460,3.53571,198,100,34,0,0,0,0,0,0,0,0,22
912,1330,2.74576,162,100,41,0,0,0,0,0,0,0,0,18
913,1622,3.50847,207,100,36,0,0,0,0,0,0,0,0,23
914,1460,2.84211,162,100,39,0,0,0,0,0,0,0,0,18
915,1474,2.67188,171,100,45,0,0,0,0,0,0,0,0,19
916,1460,2.90769,189,100,44,0,0,0,0,0,0,0,0,21
917,1190,3.27273,216,100,42,0,0,0,0,0,0,0,0,24
918,1288,3.13636,207,100,43,0,0,0,0,0,0,0,0,23
919,1456,3.6,216,100,36,0,0,0,0,0,0,0,0,24
920,1602,4.35,261,100,31,0,0,0,0,0,0,0,0,29
921,1326,4.2,252,100,32,0,0,0,0,0,0,0,0,28
922,1330,4.20339,248,100,31,0,0,0,0,1,0,0,0,27
923,1702,5.39344,329,100,24,0,0,0,0,1,0,0,0,36
924,1126,4.72881,279,100,28,0,0,0,0,0,0,0,0,31
925,1400,4.36364,288,100,34,0,0,0,0,0,0,0,0,32
926,1310,4.64062,297,100,31,0,0,0,0,0,0,0,0,33
927,1448,5.12308,333,100,28,0,0,0,0,0,0,0,0,37
928,1552,5,315,100,28,0,0,0,0,0,0,0,0,35
929,1558,4.95,297,100,27,0,0,0,0,0,0,0,0,33
930,1646,5.28571,333,100,26,0,0,0,0,0,0,0,0,37
931,1550,4.42857,279,100,32,0,0,0,0,0,0,0,0,31
932,1724,5.4,324,100,24,0,0,0,0,0,0,0,0,36
933,1558,4.64516,288,100,30,0,0,0,0,0,0,0,0,32
934,1520,4.57143,288,100,31,0,0,0,0,0,0,0,0,32
935,1396,5.18644,306,100,25,0,0,0,0,0,0,0,0,34
936,1354,4.14286,261,100,34,0,0,0,0,0,0,0,0,29
937,1384,4.65,279,100,29,0,0,0,0,0,0,0,0,31
938,1566,5.27586,306,100,24,0,0,0,0,0,0,0,0,34
939,1610,5.74138,333,100,21,0,0,0,0,0,0,0,0,37
940,1634,5.68421,324,100,21,0,0,0,0,0,0,0,0,36
941,1542,5.05263,288,100,25,0,0,0,0,0,0,0,0,32
942,1604,4.98214,279,100,25,0,0,0,0,0,0,0,0,31
943,1930,5.1,306,100,26,0,0,0,0,0,0,0,0,34
944,1394,3.92727,216,100,31,0,0,0,0,0,0,0,0,24
945,1928,4.35484,270,100,32,0,0,0,0,0,0,0,0,30
946,2058,3.75,225,100,35,0,0,0,0,0,0,0,0,25
947,1802,3.75,225,100,35,0,0,0,0,0,0,0,0,25
948,2094,4.57627,270,100,29,0,0,0,0,0,0,0,0,30
949,2104,3.54098,216,100,37,0,0,0,0,0,0,0,0,24
950,1824,2.84211,162,100,39,0,0,0,0,0,0,0,0,18
951,2464,3.9,234,100,34,0,0,0,0,0,0,0,0,26
952,2764,3.81356,225,100,34,0,0,0,0,0,0,0,0,25
953,2614,3.47368,198,100,35,0,0,0,0,0,0,0,0,22
954,2330,2.88679,153,100,36,0,0,0,0,0,0,0,0,17
955,2244,3.66102,216,100,35,0,0,0,0,0,0,0,0,24
956,2252,4.27119,252,100,31,0,0,0,0,0,0,0,0,28
957,2178,3.78947,216,100,33,0,0,0,0,0,0,0,0,24
958,2004,4.41818,243,100,28,0,0,0,0,0,0,0,0,27
959,2110,4.57377,279,100,30,0,0,0,0,0,0,0,0,31
960,1968,4.10526,234,100,31,0,0,0,0,0,0,0,0,26
961,2318,3.98361,243,100,34,0,0,0,0,0,0,0,0,27
962,2180,4.58182,252,100,27,0,0,0,0,0,0,0,0,28
963,2104,4.5,261,100,29,0,0,0,0,0,0,0,0,29
964,1730,4.25455,234,100,29,0,0,0,0,0,0,0,0,26
965,2134,4.74138,275,100,27,0,0,0,0,1,0,0,0,30
966,1610,4.18182,230,100,29,0,0,0,0,1,0,0,0,25
967,1714,4.43103,257,100,29,0,0,0,0,1,0,0,0,28
968,1712,3.5614,203,100,34,0,0,0,0,1,0,0,0,22
969,1976,4.5,243,100,27,0,0,0,0,0,0,0,0,27
970,2192,4.88136,288,100,27,0,0,0,0,0,0,0,0,32
971,1930,4.94118,252,100,23,0,0,0,0,0,0,0,0,28
972,2336,4.57627,270,100,29,0,0,0,0,0,0,0,0,30
973,1418,3.54098,216,100,37,0,0,0,0,0,0,0,0,24
974,1626,3.375,189,100,35,0,0,0,0,0,0,0,0,21
975,1638,3.87692,252,100,37,0,0,0,0,0,0,0,0,28
976,1620,4.2,252,100,32,0,0,0,0,0,0,0,0,28
977,1920,4.64516,288,100,30,0,0,0,0,0,0,0,0,32
978,1610,5.43103,315,100,23,0,0,0,0,0,0,0,0,35
979,1356,4.33333,234,100,28,0,0,0,0,0,0,0,0,26
980,1334,4.77551,234,100,23,0,0,0,0,0,0,0,0,26
981,1508,4.65517,270,100,28,0,0,0,0,0,0,0,0,30
982,1426,4.56923,297,100,32,0,0,0,0,0,0,0,0,33
983,1256,4.22642,224,100,28,0,0,0,0,0,0,0,1,24
984,1606,4.89474,279,100,26,0,0,0,0,0,0,0,0,31
985,1670,5.0339,297,100,26,0,0,0,0,0,0,0,0,33
986,1536,4.42105,252,100,29,0,0,0,0,0,0,0,0,28
987,1772,5.25,315,100,25,0,0,0,0,0,0,0,0,35
988,1604,5.18644,306,100,25,0,0,0,0,0,0,0,0,34
989,1782,5.16393,315,100,26,0,0,0,0,0,0,0,0,35
990,1786,5.25,315,100,25,0,0,0,0,0,0,0,0,35
991,1402,5.05263,288,100,25,0,0,0,0,0,0,0,0,32
992,1486,4.88136,288,100,27,0,0,0,0,0,0,0,0,32
993,1578,4.05,243,100,33,0,0,0,0,0,0,0,0,27
994,1464,5.07273,279,100,24,0,0,0,0,0,0,0,0,31
995,1536,4.82143,270,100,26,0,0,0,0,0,0,0,0,30
996,1662,4.81034,279,100,27,0,0,0,0,0,0,0,0,31
997,1558,5.14286,288,100,24,0,0,0,0,0,0,0,0,32
998,1426,4.73684,270,100,27,0,0,0,0,0,0,0,0,30
999,1156,4.73684,270,100,27,0,0,0,0,0,0,0,0,30
