update,points,mean_tasks,total_tasks,total_orgs,task_0,task_1,task_2,task_3,task_4,task_5,task_6,task_7,task_8,task_9
0,0,nan,0,9,0,0,0,0,0,0,0,0,0,0
1,2,0,0,9,1,0,0,0,0,0,0,0,0,0
2,8,0,0,9,3,0,0,0,0,0,0,0,0,0
3,16,0,0,9,5,0,0,0,0,0,0,0,0,0
4,64,1.8,9,10,4,0,0,0,0,0,0,0,0,1
5,48,1.8,9,10,4,0,0,0,0,0,0,0,0,1
6,30,1.5,9,10,5,0,0,0,0,0,0,0,0,1
7,34,0,0,10,7,0,0,0,0,0,0,0,0,0
8,80,1.5,9,10,5,0,0,0,0,0,0,0,0,1
9,42,1.5,9,12,5,0,0,0,0,0,0,0,0,1
10,22,1.125,9,12,7,0,0,0,0,0,0,0,0,1
11,30,1.125,9,12,7,0,0,0,0,0,0,0,0,1
12,38,1.125,9,12,7,0,0,0,0,0,0,0,0,1
13,44,1.125,9,12,7,0,0,0,0,0,0,0,0,1
14,52,1.125,9,12,7,0,0,0,0,0,0,0,0,1
15,38,1.125,9,13,7,0,0,0,0,0,0,0,0,1
16,50,0,0,13,9,0,0,0,0,0,0,0,0,0
17,38,0,0,14,9,0,0,0,0,0,0,0,0,0
18,94,0.9,9,15,9,0,0,0,0,0,0,0,0,1
19,86,0.818182,9,16,10,0,0,0,0,0,0,0,0,1
20,44,0.9,9,16,9,0,0,0,0,0,0,0,0,1
21,100,1.5,18,17,10,0,0,0,0,0,0,0,0,2
22,98,1.5,18,18,10,0,0,0,0,0,0,0,0,2
23,86,1.5,18,18,10,0,0,0,0,0,0,0,0,2
24,94,1.5,18,18,10,0,0,0,0,0,0,0,0,2
25,92,0.75,9,19,11,0,0,0,0,0,0,0,0,1
26,48,0,0,20,12,0,0,0,0,0,0,0,0,0
27,68,0,0,20,14,0,0,0,0,0,0,0,0,0
28,126,0.692308,9,20,12,0,0,0,0,0,0,0,0,1
29,128,0.642857,9,20,13,0,0,0,0,0,0,0,0,1
30,126,0.6,9,20,14,0,0,0,0,0,0,0,0,1
31,204,1.28571,18,20,12,0,0,0,0,0,0,0,0,2
32,124,1.63636,18,22,9,0,0,0,0,0,0,0,0,2
33,96,1.38462,18,22,11,0,0,0,0,0,0,0,0,2
34,66,1.28571,18,23,12,0,0,0,0,0,0,0,0,2
35,94,0.6,9,23,14,0,0,0,0,0,0,0,0,1
36,78,0.642857,9,23,13,0,0,0,0,0,0,0,0,1
37,116,1.38462,18,24,11,0,0,0,0,0,0,0,0,2
38,98,1.28571,18,26,12,0,0,0,0,0,0,0,0,2
39,112,0.3125,5,26,15,0,0,0,0,1,0,0,0,0
40,118,0.3125,5,26,15,0,0,0,0,1,0,0,0,0
41,170,0.6,9,27,14,0,0,0,0,0,0,0,0,1
42,170,1.2,18,29,13,0,0,0,0,0,0,0,0,2
43,78,1.2,18,30,13,0,0,0,0,0,0,0,0,2
44,90,0.529412,9,30,16,0,0,0,0,0,0,0,0,1
45,110,0.529412,9,30,16,0,0,0,0,0,0,0,0,1
46,158,1.05882,18,31,15,0,0,0,0,0,0,0,0,2
47,142,1.05882,18,31,15,0,0,0,0,0,0,0,0,2
48,120,1,18,31,16,0,0,0,0,0,0,0,0,2
49,142,0,0,32,19,0,0,0,0,0,0,0,0,0
50,120,0,0,32,18,0,0,0,0,0,0,0,0,0
51,240,0.947368,18,33,17,0,0,0,0,0,0,0,0,2
52,186,0.947368,18,37,17,0,0,0,0,0,0,0,0,2
53,122,0.45,9,37,19,0,0,0,0,0,0,0,0,1
54,106,0.473684,9,38,18,0,0,0,0,0,0,0,0,1
55,180,0.857143,18,38,19,0,0,0,0,0,0,0,0,2
56,190,0.818182,18,38,20,0,0,0,0,0,0,0,0,2
57,198,0.818182,18,38,20,0,0,0,0,0,0,0,0,2
58,156,0.45,9,38,19,0,0,0,0,0,0,0,0,1
59,194,0.428571,9,40,20,0,0,0,0,0,0,0,0,1
60,232,0.818182,18,41,20,0,0,0,0,0,0,0,0,2
61,254,1.125,27,43,21,0,0,0,0,0,0,0,0,3
62,214,0.72,18,43,23,0,0,0,0,0,0,0,0,2
63,208,0.692308,18,43,24,0,0,0,0,0,0,0,0,2
64,214,0.692308,18,44,24,0,0,0,0,0,0,0,0,2
65,244,1.03846,27,44,23,0,0,0,0,0,0,0,0,3
66,204,1.03846,27,44,23,0,0,0,0,0,0,0,0,3
67,240,0.692308,18,45,24,0,0,0,0,0,0,0,0,2
68,260,0.692308,18,45,24,0,0,0,0,0,0,0,0,2
69,280,0.72,18,46,23,0,0,0,0,0,0,0,0,2
70,212,0.72,18,47,23,0,0,0,0,0,0,0,0,2
71,244,0.964286,27,49,25,0,0,0,0,0,0,0,0,3
72,256,0.62069,18,49,27,0,0,0,0,0,0,0,0,2
73,250,0.62069,18,49,27,0,0,0,0,0,0,0,0,2
74,278,0.964286,27,51,25,0,0,0,0,0,0,0,0,3
75,246,0.931034,27,53,26,0,0,0,0,0,0,0,0,3
76,238,0.6,18,53,28,0,0,0,0,0,0,0,0,2
77,220,0.6,18,54,28,0,0,0,0,0,0,0,0,2
78,286,0.84375,27,55,29,0,0,0,0,0,0,0,0,3
79,310,0.5625,18,56,30,0,0,0,0,0,0,0,0,2
80,284,0.545455,18,57,31,0,0,0,0,0,0,0,0,2
81,274,0.580645,18,58,29,0,0,0,0,0,0,0,0,2
82,342,0.818182,27,59,30,0,0,0,0,0,0,0,0,3
83,376,1.36364,45,59,28,0,0,0,0,0,0,0,0,5
84,336,1.21622,45,59,32,0,0,0,0,0,0,0,0,5
85,280,0.771429,27,59,32,0,0,0,0,0,0,0,0,3
86,260,0.75,27,60,33,0,0,0,0,0,0,0,0,3
87,280,0.972973,36,60,33,0,0,0,0,0,0,0,0,4
88,318,0.692308,27,60,36,0,0,0,0,0,0,0,0,3
89,380,0.439024,18,60,39,0,0,0,0,0,0,0,0,2
90,434,0.45,18,61,38,0,0,0,0,0,0,0,0,2
91,470,0.675,27,61,37,0,0,0,0,0,0,0,0,3
92,502,1.04651,45,67,38,0,0,0,0,0,0,0,0,5
93,302,0.837209,36,68,39,0,0,0,0,0,0,0,0,4
94,310,0.75,36,68,44,0,0,0,0,0,0,0,0,4
95,412,0.54,27,68,47,0,0,0,0,0,0,0,0,3
96,462,0.367347,18,69,47,0,0,0,0,0,0,0,0,2
97,486,0.5625,27,69,45,0,0,0,0,0,0,0,0,3
98,468,1.04651,45,71,38,0,0,0,0,0,0,0,0,5
99,506,1.04651,45,71,38,0,0,0,0,0,0,0,0,5
100,520,0.818182,36,72,40,0,0,0,0,0,0,0,0,4
101,326,0.6,27,72,42,0,0,0,0,0,0,0,0,3
102,438,0.705882,36,72,47,0,0,0,0,0,0,0,0,4
103,386,0.978261,45,74,41,0,0,0,0,0,0,0,0,5
104,360,0.765957,36,75,43,0,0,0,0,0,0,0,0,4
105,444,0.509434,27,75,50,0,0,0,0,0,0,0,0,3
106,562,0.509434,27,76,50,0,0,0,0,0,0,0,0,3
107,504,0.666667,36,78,50,0,0,0,0,0,0,0,0,4
108,478,0.679245,36,79,49,0,0,0,0,0,0,0,0,4
109,440,0.833333,45,82,49,0,0,0,0,0,0,0,0,5
110,458,0.964286,54,83,50,0,0,0,0,0,0,0,0,6
111,518,0.9,54,83,54,0,0,0,0,0,0,0,0,6
112,526,0.964286,54,83,50,0,0,0,0,0,0,0,0,6
113,514,0.9,54,84,54,0,0,0,0,0,0,0,0,6
114,490,0.75,45,85,55,0,0,0,0,0,0,0,0,5
115,522,0.5625,36,86,60,0,0,0,0,0,0,0,0,4
116,560,0.428571,27,86,60,0,0,0,0,0,0,0,0,3
117,590,0.409091,27,87,63,0,0,0,0,0,0,0,0,3
118,570,0.421875,27,88,61,0,0,0,0,0,0,0,0,3
119,538,0.402985,27,89,64,0,0,0,0,0,0,0,0,3
120,566,0.537313,36,89,63,0,0,0,0,0,0,0,0,4
121,606,0.514286,36,91,66,0,0,0,0,0,0,0,0,4
122,568,0.493151,36,92,69,0,0,0,0,0,0,0,0,4
123,652,0.625,45,92,67,0,0,0,0,0,0,0,0,5
124,640,0.486486,36,92,70,0,0,0,0,0,0,0,0,4
125,596,0.369863,27,92,70,0,0,0,0,0,0,0,0,3
126,582,0.507042,36,92,67,0,0,0,0,0,0,0,0,4
127,664,0.75,54,92,66,0,0,0,0,0,0,0,0,6
128,662,0.771429,54,94,64,0,0,0,0,0,0,0,0,6
129,552,0.782609,54,95,63,0,0,0,0,0,0,0,0,6
130,648,0.346154,27,95,75,0,0,0,0,0,0,0,0,3
131,734,0.461538,36,95,74,0,0,0,0,0,0,0,0,4
132,772,1.01408,72,96,63,0,0,0,0,0,0,0,0,8
133,684,0.710526,54,96,70,0,0,0,0,0,0,0,0,6
134,614,0.608108,45,96,69,0,0,0,0,0,0,0,0,5
135,534,0.375,27,96,69,0,0,0,0,0,0,0,0,3
136,620,0.227848,18,96,77,0,0,0,0,0,0,0,0,2
137,646,0.230769,18,96,76,0,0,0,0,0,0,0,0,2
138,734,0.233766,18,96,75,0,0,0,0,0,0,0,0,2
139,768,0.233766,18,96,75,0,0,0,0,0,0,0,0,2
140,800,0.6,45,96,70,0,0,0,0,0,0,0,0,5
141,766,0.584416,45,96,72,0,0,0,0,0,0,0,0,5
142,752,0.739726,54,96,67,0,0,0,0,0,0,0,0,6
143,660,0.48,36,96,71,0,0,0,0,0,0,0,0,4
144,798,0.428571,36,96,80,0,0,0,0,0,0,0,0,4
145,776,0.444444,36,96,77,0,0,0,0,0,0,0,0,4
146,744,0.45,36,96,76,0,0,0,0,0,0,0,0,4
147,742,0.461538,36,96,74,0,0,0,0,0,0,0,0,4
148,836,0.54878,45,96,77,0,0,0,0,0,0,0,0,5
149,742,0.45,36,96,76,0,0,0,0,0,0,0,0,4
150,680,0.444444,36,97,77,0,0,0,0,0,0,0,0,4
151,832,0.642857,54,98,78,0,0,0,0,0,0,0,0,6
152,810,0.555556,45,98,76,0,0,0,0,0,0,0,0,5
153,662,0.444444,36,98,77,0,0,0,0,0,0,0,0,4
154,818,0.3,27,98,87,0,0,0,0,0,0,0,0,3
155,1044,0.5,45,98,85,0,0,0,0,0,0,0,0,5
156,826,0.683544,54,98,73,0,0,0,0,0,0,0,0,6
157,800,0.54878,45,98,77,0,0,0,0,0,0,0,0,5
158,868,0.535714,45,98,79,0,0,0,0,0,0,0,0,5
159,764,0.535714,45,99,79,0,0,0,0,0,0,0,0,5
160,852,0.7875,63,99,73,0,0,0,0,0,0,0,0,7
161,834,0.60241,50,100,77,0,0,0,0,1,0,0,0,5
162,802,0.482353,41,100,80,0,0,0,0,1,0,0,0,4
163,836,0.895349,77,100,77,0,0,0,0,1,0,0,0,8
164,768,0.609756,50,100,76,0,0,0,0,1,0,0,0,5
165,816,0.642857,54,100,78,0,0,0,0,0,0,0,0,6
166,842,0.642857,54,100,78,0,0,0,0,0,0,0,0,6
167,858,0.86747,72,100,75,0,0,0,0,0,0,0,0,8
168,908,0.964286,81,100,75,0,0,0,0,0,0,0,0,9
169,782,0.650602,54,100,77,0,0,0,0,0,0,0,0,6
170,772,0.418605,36,100,82,0,0,0,0,0,0,0,0,4
171,782,0.321429,27,100,81,0,0,0,0,0,0,0,0,3
172,710,0.216867,18,100,81,0,0,0,0,0,0,0,0,2
173,776,0.104651,9,100,85,0,0,0,0,0,0,0,0,1
174,810,0.216867,18,100,81,0,0,0,0,0,0,0,0,2
175,796,0.219512,18,100,80,0,0,0,0,0,0,0,0,2
176,894,0.209302,18,100,84,0,0,0,0,0,0,0,0,2
177,798,0.1125,9,100,79,0,0,0,0,0,0,0,0,1
178,798,0.107143,9,100,83,0,0,0,0,0,0,0,0,1
179,790,0.107143,9,100,83,0,0,0,0,0,0,0,0,1
180,700,0,0,100,85,0,0,0,0,0,0,0,0,0
181,806,0.216867,18,100,81,0,0,0,0,0,0,0,0,2
182,946,0.535714,45,100,79,0,0,0,0,0,0,0,0,5
183,878,0.576923,45,100,73,0,0,0,0,0,0,0,0,5
184,848,0.329268,27,100,79,0,0,0,0,0,0,0,0,3
185,976,0.635294,54,100,79,0,0,0,0,0,0,0,0,6
186,974,0.666667,54,100,75,0,0,0,0,0,0,0,0,6
187,816,0.5625,45,100,75,0,0,0,0,0,0,0,0,5
188,898,0.439024,36,100,78,0,0,0,0,0,0,0,0,4
189,850,0.6,45,100,70,0,0,0,0,0,0,0,0,5
190,958,0.54878,45,100,77,0,0,0,0,0,0,0,0,5
191,926,0.635294,54,100,79,0,0,0,0,0,0,0,0,6
192,900,0.428571,36,100,80,0,0,0,0,0,0,0,0,4
193,850,0.860759,68,100,71,0,0,0,0,1,0,0,0,7
194,960,0.267442,23,100,83,0,0,0,0,1,0,0,0,2
195,992,0.385542,32,100,79,0,0,0,0,1,0,0,0,3
196,916,0.649351,50,100,71,0,0,0,0,1,0,0,0,5
197,850,0.230769,18,100,76,0,0,0,0,0,0,0,0,2
198,930,0.45,36,100,76,0,0,0,0,0,0,0,0,4
199,1016,1.125,81,100,63,0,0,0,0,0,0,0,0,9
200,966,0.828947,63,100,69,0,0,0,0,0,0,0,0,7
201,1004,0.797468,63,100,72,0,0,0,0,0,0,0,0,7
202,938,0.584416,45,100,72,0,0,0,0,0,0,0,0,5
203,986,0.863014,63,100,66,0,0,0,0,0,0,0,0,7
204,968,1.21918,89,100,63,0,0,0,0,0,0,0,1,9
205,882,1.25352,89,100,61,0,0,0,0,0,0,0,1,9
206,974,1.12676,80,100,62,0,0,0,0,0,0,0,1,8
207,988,0.746479,53,100,65,0,0,0,0,0,0,0,1,5
208,956,0.849315,62,100,66,0,0,0,0,0,0,0,1,6
209,1038,1.11111,80,100,63,0,0,0,0,0,0,0,1,8
210,1378,1.50704,107,100,59,0,0,0,0,0,0,0,1,11
211,1026,1.15942,80,100,60,0,0,0,0,0,0,0,1,8
212,958,1.30882,89,100,58,0,0,0,0,0,0,0,1,9
213,994,1.21918,89,100,63,0,0,0,0,0,0,0,1,9
214,904,1.28986,89,100,59,0,0,0,0,0,0,0,1,9
215,658,0.972973,72,100,66,0,0,0,0,0,0,0,0,8
216,928,1.52113,108,100,59,0,0,0,0,0,0,0,0,12
217,966,1.10959,81,100,64,0,0,0,0,0,0,0,0,9
218,772,0.926471,63,100,61,0,0,0,0,0,0,0,0,7
219,818,0.9,63,100,63,0,0,0,0,0,0,0,0,7
220,1068,1.52113,108,100,59,0,0,0,0,0,0,0,0,12
221,802,1,63,100,56,0,0,0,0,0,0,0,0,7
222,774,0.782609,54,100,63,0,0,0,0,0,0,0,0,6
223,990,1.43478,99,100,58,0,0,0,0,0,0,0,0,11
224,994,1.32308,86,100,55,0,0,0,0,1,0,0,0,9
225,818,1.46154,95,100,54,0,0,0,0,1,0,0,0,10
226,910,1.90625,122,100,50,0,0,0,0,1,0,0,0,13
227,1066,1.375,99,100,61,0,0,0,0,0,0,0,0,11
228,1108,1.93846,126,100,51,0,0,0,0,0,0,0,0,14
229,924,1.30435,90,100,59,0,0,0,0,0,0,0,0,10
230,1124,1.43478,99,100,58,0,0,0,0,0,0,0,0,11
231,1362,2.18182,144,100,50,0,0,0,0,0,0,0,0,16
232,974,1.77273,117,100,53,0,0,0,0,0,0,0,0,13
233,1158,1.74627,117,100,54,0,0,0,0,0,0,0,0,13
234,1226,1.875,135,100,57,0,0,0,0,0,0,0,0,15
235,1312,1.98529,135,100,53,0,0,0,0,0,0,0,0,15
236,1272,1.54286,108,100,58,0,0,0,0,0,0,0,0,12
237,1620,1.875,135,100,57,0,0,0,0,0,0,0,0,15
238,1464,1.77465,126,100,57,0,0,0,0,0,0,0,0,14
239,1676,1.95652,135,100,54,0,0,0,0,0,0,0,0,15
240,1358,1.28571,99,100,66,0,0,0,0,0,0,0,0,11
241,1302,2.02817,144,100,55,0,0,0,0,0,0,0,0,16
242,1610,1.77632,135,100,61,0,0,0,0,0,0,0,0,15
243,1574,2,144,100,56,0,0,0,0,0,0,0,0,16
244,1462,2.42029,167,100,50,0,0,0,0,1,0,0,0,18
245,1580,1.8,126,100,56,0,0,0,0,0,0,0,0,14
246,1758,1.47945,108,100,61,0,0,0,0,0,0,0,0,12
247,1882,2.55224,171,100,48,0,0,0,0,0,0,0,0,19
248,1866,2,126,100,49,0,0,0,0,0,0,0,0,14
249,2040,2.21739,153,100,52,0,0,0,0,0,0,0,0,17
250,1742,1.8871,117,100,49,0,0,0,0,0,0,0,0,13
251,1994,2,126,100,49,0,0,0,0,0,0,0,0,14
252,2418,2.76923,180,100,45,0,0,0,0,0,0,0,0,20
253,1562,3.03125,194,100,42,0,0,0,0,1,0,0,0,21
254,1584,3,198,100,44,0,0,0,0,0,0,0,0,22
255,1620,3.57143,225,100,38,0,0,0,0,0,0,0,0,25
256,1478,3.3,198,100,38,0,0,0,0,0,0,0,0,22
257,1646,2.8125,180,100,44,0,0,0,0,0,0,0,0,20
258,1520,2.68421,153,100,40,0,0,0,0,0,0,0,0,17
259,1772,2.65574,162,100,43,0,0,0,0,0,0,0,0,18
260,1254,1.77049,108,100,49,0,0,0,0,0,0,0,0,12
261,1614,2.49231,162,100,47,0,0,0,0,0,0,0,0,18
262,1574,2.90323,180,100,42,0,0,0,0,0,0,0,0,20
263,1428,2.75806,171,100,43,0,0,0,0,0,0,0,0,19
264,1150,2.07692,135,100,50,0,0,0,0,0,0,0,0,15
265,1520,2.57143,162,100,45,0,0,0,0,0,0,0,0,18
266,1358,2.6129,162,100,44,0,0,0,0,0,0,0,0,18
267,1280,1.91803,117,100,48,0,0,0,0,0,0,0,0,13
268,1334,3,171,100,38,0,0,0,0,0,0,0,0,19
269,1428,3.10345,180,100,38,0,0,0,0,0,0,0,0,20
270,1382,3.09836,189,100,40,0,0,0,0,0,0,0,0,21
271,1250,2.57143,144,100,40,0,0,0,0,0,0,0,0,16
272,1402,2.01724,117,100,45,0,0,0,0,0,0,0,0,13
273,1258,1.39655,81,100,49,0,0,0,0,0,0,0,0,9
274,1604,2.52632,144,100,41,0,0,0,0,0,0,0,0,16
275,1486,2.74576,162,100,41,0,0,0,0,0,0,0,0,18
276,1492,3.2459,198,100,39,0,0,0,0,0,0,0,0,22
277,1590,3.62903,225,100,37,0,0,0,0,0,0,0,0,25
278,1624,3.35593,198,100,37,0,0,0,0,0,0,0,0,22
279,1528,2.95082,180,100,41,0,0,0,0,0,0,0,0,20
280,1318,3.6,198,100,33,0,0,0,0,0,0,0,0,22
281,1220,2.7,162,100,42,0,0,0,0,0,0,0,0,18
282,1578,3.19355,198,100,40,0,0,0,0,0,0,0,0,22
283,1378,3.2459,198,100,39,0,0,0,0,0,0,0,0,22
284,1488,3.48387,216,100,38,0,0,0,0,0,0,0,0,24
285,1652,2.89062,185,100,43,0,0,0,0,1,0,0,0,20
286,1836,2.77941,189,100,47,0,0,0,0,0,0,0,0,21
287,1636,2.75806,171,100,43,0,0,0,0,0,0,0,0,19
288,1430,2.57143,162,100,45,0,0,0,0,0,0,0,0,18
289,1822,3.33871,207,100,39,0,0,0,0,0,0,0,0,23
290,1832,3.35593,198,100,37,0,0,0,0,0,0,0,0,22
291,1902,4.10526,234,100,31,0,0,0,0,0,0,0,0,26
292,1860,2.61818,144,100,39,0,0,0,0,0,0,0,0,16
293,1782,3.05085,180,100,39,0,0,0,0,0,0,0,0,20
294,1912,2.59322,153,100,42,0,0,0,0,0,0,0,0,17
295,2358,4,252,100,35,0,0,0,0,0,0,0,0,28
296,2242,3.81356,225,100,34,0,0,0,0,0,0,0,0,25
297,1494,3.41379,198,100,36,0,0,0,0,0,0,0,0,22
298,1664,3.35593,198,100,37,0,0,0,0,0,0,0,0,22
299,2008,3.45,207,100,37,0,0,0,0,0,0,0,0,23
300,1522,3.31579,189,100,36,0,0,0,0,0,0,0,0,21
301,1804,4.5,252,100,28,0,0,0,0,0,0,0,0,28
302,1822,3.72414,216,100,34,0,0,0,0,0,0,0,0,24
303,2064,3.72414,216,100,34,0,0,0,0,0,0,0,0,24
304,2064,3.92727,216,100,31,0,0,0,0,0,0,0,0,24
305,1998,3.78947,216,100,33,0,0,0,0,0,0,0,0,24
306,1376,2.65574,162,100,43,0,0,0,0,0,0,0,0,18
307,1354,2.25806,140,100,46,0,0,0,0,1,0,0,0,15
308,1502,2.32258,144,100,46,0,0,0,0,0,0,0,0,16
309,1944,3.73846,243,100,38,0,0,0,0,0,0,0,0,27
310,2180,2.90769,189,100,44,0,0,0,0,0,0,0,0,21
311,2068,3.48387,216,100,38,0,0,0,0,0,0,0,0,24
312,2218,4.35,261,100,31,0,0,0,0,0,0,0,0,29
313,1914,4.72881,279,100,28,0,0,0,0,0,0,0,0,31
314,1796,4.01724,233,100,32,0,0,0,0,0,0,0,1,25
315,1548,3.85714,243,100,36,0,0,0,0,0,0,0,0,27
316,1630,4.27586,248,100,30,0,0,0,0,1,0,0,0,27
317,1454,3.81356,225,100,34,0,0,0,0,0,0,0,0,25
318,1896,4.42105,252,100,29,0,0,0,0,0,0,0,0,28
319,1514,4.10526,234,100,31,0,0,0,0,0,0,0,0,26
320,1852,4.89474,279,100,26,0,0,0,0,0,0,0,0,31
321,2002,4.81034,279,100,27,0,0,0,0,0,0,0,0,31
322,1788,3.76364,207,100,32,0,0,0,0,0,0,0,0,23
323,1494,4.32,216,100,26,0,0,0,0,0,0,0,0,24
324,1476,3.98077,207,100,29,0,0,0,0,0,0,0,0,23
325,1718,3.83333,207,100,31,0,0,0,0,0,0,0,0,23
326,1464,4.26316,243,100,30,0,0,0,0,0,0,0,0,27
327,1514,4.57895,261,100,28,0,0,0,0,0,0,0,0,29
328,1374,5.23636,288,100,23,0,0,0,0,0,0,0,0,32
329,1444,3.9,234,100,34,0,0,0,0,0,0,0,0,26
330,1568,3.27273,216,100,42,0,0,0,0,0,0,0,0,24
331,1412,3.20339,189,100,38,0,0,0,0,0,0,0,0,21
332,1226,4.25455,234,100,29,0,0,0,0,0,0,0,0,26
333,1504,4.74545,261,100,26,0,0,0,0,0,0,0,0,29
334,1690,4.73684,270,100,27,0,0,0,0,0,0,0,0,30
335,1720,3.92727,216,100,31,0,0,0,0,0,0,0,0,24
336,1778,4.58182,252,100,27,0,0,0,0,0,0,0,0,28
337,1518,4.875,234,100,22,0,0,0,0,0,0,0,0,26
338,1476,4.89474,279,100,26,0,0,0,0,0,0,0,0,31
339,1310,4.41818,243,100,28,0,0,0,0,0,0,0,0,27
340,1494,5.14286,288,100,24,0,0,0,0,0,0,0,0,32
341,1344,5.12069,297,100,25,0,0,0,0,0,0,0,0,33
342,1256,4.86885,297,100,28,0,0,0,0,0,0,0,0,33
343,1482,5.27586,306,100,24,0,0,0,0,0,0,0,0,34
344,1540,5.58621,324,100,22,0,0,0,0,0,0,0,0,36
345,1220,4.27119,252,100,31,0,0,0,0,0,0,0,0,28
346,1236,4.98214,279,100,25,0,0,0,0,0,0,0,0,31
347,1234,4.79032,297,100,29,0,0,0,0,0,0,0,0,33
348,1490,5.39344,329,100,24,0,0,0,0,1,0,0,0,36
349,1350,5.33333,320,100,24,0,0,0,0,1,0,0,0,35
350,1208,5.23214,293,100,23,0,0,0,0,1,0,0,0,32
351,1370,5.33898,315,100,24,0,0,0,0,0,0,0,0,35
352,1530,5.46429,306,100,22,0,0,0,0,0,0,0,0,34
353,1540,4.06452,252,100,34,0,0,0,0,0,0,0,0,28
354,1660,5.51613,342,100,24,0,0,0,0,0,0,0,0,38
355,1432,5.1,306,100,26,0,0,0,0,0,0,0,0,34
356,1482,5.01639,306,100,27,0,0,0,0,0,0,0,0,34
357,1632,5.31148,324,100,25,0,0,0,0,0,0,0,0,36
358,1862,5.42857,342,100,25,0,0,0,0,0,0,0,0,38
359,1312,4.35484,270,100,32,0,0,0,0,0,0,0,0,30
360,1518,4.27869,261,100,32,0,0,0,0,0,0,0,0,29
361,1620,5.25,315,100,25,0,0,0,0,0,0,0,0,35
362,1348,5.05263,288,100,25,0,0,0,0,0,0,0,0,32
363,1358,5.4,324,100,24,0,0,0,0,0,0,0,0,36
364,1522,5.57143,351,100,24,0,0,0,0,0,0,0,0,39
365,1312,4.93548,306,100,28,0,0,0,0,0,0,0,0,34
366,1374,5.03333,302,100,26,0,0,0,0,1,0,0,0,33
367,1574,5.22581,324,100,26,0,0,0,0,0,0,0,0,36
368,1298,5.12069,297,100,25,0,0,0,0,0,0,0,0,33
369,1388,5.45902,333,100,24,0,0,0,0,0,0,0,0,37
370,1540,5.66129,351,100,23,0,0,0,0,0,0,0,0,39
371,1402,4.86885,297,100,28,0,0,0,0,0,0,0,0,33
372,1328,4.81034,279,100,27,0,0,0,0,0,0,0,0,31
373,1268,4.27869,261,100,32,0,0,0,0,0,0,0,0,29
374,1140,3.6,216,100,36,0,0,0,0,0,0,0,0,24
375,1296,4.06452,252,100,34,0,0,0,0,0,0,0,0,28
376,1306,3.9375,252,100,36,0,0,0,0,0,0,0,0,28
377,1292,3.48387,216,100,38,0,0,0,0,0,0,0,0,24
378,1310,3.57143,225,100,38,0,0,0,0,0,0,0,0,25
379,1598,4.65,279,100,29,0,0,0,0,0,0,0,0,31
380,1504,4.11864,243,100,32,0,0,0,0,0,0,0,0,27
381,1522,4.65,279,100,29,0,0,0,0,0,0,0,0,31
382,1800,5.49153,324,100,23,0,0,0,0,0,0,0,0,36
383,1416,5.27586,306,100,24,0,0,0,0,0,0,0,0,34
384,1506,4.98214,279,100,25,0,0,0,0,0,0,0,0,31
385,1702,4.84615,315,100,30,0,0,0,0,0,0,0,0,35
386,1586,4.21875,270,100,34,0,0,0,0,0,0,0,0,30
387,1484,4.85714,306,100,29,0,0,0,0,0,0,0,0,34
388,1582,5.48333,329,100,23,0,0,0,0,1,0,0,0,36
389,1316,4.12069,239,100,31,0,0,0,0,1,0,0,0,26
390,1558,4.43333,266,100,30,0,0,0,0,1,0,0,0,29
391,1262,3.48485,230,100,40,0,0,0,0,1,0,0,0,25
392,1434,3.67692,239,100,38,0,0,0,0,1,0,0,0,26
393,1570,3.91176,266,100,38,0,0,0,0,1,0,0,0,29
394,1492,3.47692,226,100,39,0,0,0,0,2,0,0,0,24
395,1710,3.98361,243,100,34,0,0,0,0,0,0,0,0,27
396,1606,4.27119,252,100,31,0,0,0,0,0,0,0,0,28
397,1284,4.41818,243,100,28,0,0,0,0,0,0,0,0,27
398,1642,5.14286,288,100,24,0,0,0,0,0,0,0,0,32
399,1970,5.74138,333,100,21,0,0,0,0,0,0,0,0,37
400,1790,4.74545,261,100,26,0,0,0,0,0,0,0,0,29
401,1892,4.81034,279,100,27,0,0,0,0,0,0,0,0,31
402,1796,3.35593,198,100,37,0,0,0,0,0,0,0,0,22
403,2100,2.90769,189,100,44,0,0,0,0,0,0,0,0,21
404,1832,3.25862,189,100,37,0,0,0,0,0,0,0,0,21
405,1900,3.56897,207,100,35,0,0,0,0,0,0,0,0,23
406,1962,2.45455,162,100,48,0,0,0,0,0,0,0,0,18
407,2220,3.75,225,100,35,0,0,0,0,0,0,0,0,25
408,2356,4.05,243,100,33,0,0,0,0,0,0,0,0,27
409,2076,4.82143,270,100,26,0,0,0,0,0,0,0,0,30
410,1602,4.06557,248,100,33,0,0,0,0,1,0,0,0,27
411,1286,3.39344,207,100,38,0,0,0,0,0,0,0,0,23
412,1434,4.06452,252,100,34,0,0,0,0,0,0,0,0,28
413,1364,3.83607,234,100,35,0,0,0,0,0,0,0,0,26
414,1706,4.07812,261,100,35,0,0,0,0,0,0,0,0,29
415,1464,4.14286,261,100,34,0,0,0,0,0,0,0,0,29
416,1430,4.07812,261,100,35,0,0,0,0,0,0,0,0,29
417,1586,3.9375,252,100,36,0,0,0,0,0,0,0,0,28
418,1708,4.27869,261,100,32,0,0,0,0,0,0,0,0,29
419,1840,3.75,225,100,35,0,0,0,0,0,0,0,0,25
420,1914,4.17857,234,100,30,0,0,0,0,0,0,0,0,26
421,2038,3.98361,243,100,34,0,0,0,0,0,0,0,0,27
422,2060,3.76364,207,100,32,0,0,0,0,0,0,0,0,23
423,1970,4.20968,261,100,33,0,0,0,0,0,0,0,0,29
424,1486,3.85714,243,100,36,0,0,0,0,0,0,0,0,27
425,1558,3.57143,225,100,38,0,0,0,0,0,0,0,0,25
426,1464,3.83607,234,100,35,0,0,0,0,0,0,0,0,26
427,1772,3.75,225,100,35,0,0,0,0,0,0,0,0,25
428,1318,3.2459,198,100,39,0,0,0,0,0,0,0,0,22
429,1260,3.66102,216,100,35,0,0,0,0,0,0,0,0,24
430,1202,3.39344,207,100,38,0,0,0,0,0,0,0,0,23
431,1382,4.05,243,100,33,0,0,0,0,0,0,0,0,27
432,1242,3.85714,216,100,32,0,0,0,0,0,0,0,0,24
433,1450,4.06452,252,100,34,0,0,0,0,0,0,0,0,28
434,1132,3.15789,180,100,37,0,0,0,0,0,0,0,0,20
435,1354,3.9661,234,100,33,0,0,0,0,0,0,0,0,26
436,1356,4.17857,234,100,30,0,0,0,0,0,0,0,0,26
437,1368,4.06452,252,100,34,0,0,0,0,0,0,0,0,28
438,1314,4.14286,261,100,34,0,0,0,0,0,0,0,0,29
439,1626,4.23529,288,100,36,0,0,0,0,0,0,0,0,32
440,1388,4.64062,297,100,31,0,0,0,0,0,0,0,0,33
441,1542,5.22581,324,100,26,0,0,0,0,0,0,0,0,36
442,1238,4.42623,270,100,31,0,0,0,0,0,0,0,0,30
443,1488,4.72881,279,100,28,0,0,0,0,0,0,0,0,31
444,1242,4.33929,243,100,29,0,0,0,0,0,0,0,0,27
445,1454,4.78125,306,100,30,0,0,0,0,0,0,0,0,34
446,1262,4.2,252,100,32,0,0,0,0,0,0,0,0,28
447,1284,3.87931,225,100,33,0,0,0,0,0,0,0,0,25
448,1268,4.11864,243,100,32,0,0,0,0,0,0,0,0,27
449,1240,4.05,243,100,33,0,0,0,0,0,0,0,0,27
450,1474,4.85714,306,100,29,0,0,0,0,0,0,0,0,34
451,1618,4.85714,306,100,29,0,0,0,0,0,0,0,0,34
452,1516,5.16393,315,100,26,0,0,0,0,0,0,0,0,35
453,1434,4.93548,306,100,28,0,0,0,0,0,0,0,0,34
454,1494,4.42623,270,100,31,0,0,0,0,0,0,0,0,30
455,1268,4.71429,297,100,30,0,0,0,0,0,0,0,0,33
456,1194,4.42623,270,100,31,0,0,0,0,0,0,0,0,30
457,1218,4.28571,270,100,33,0,0,0,0,0,0,0,0,30
458,1254,4.5,288,100,32,0,0,0,0,0,0,0,0,32
459,1234,4.36066,266,100,31,0,0,0,0,1,0,0,0,29
460,1354,4.57627,270,100,29,0,0,0,0,0,0,0,0,30
461,1462,4.42623,270,100,31,0,0,0,0,0,0,0,0,30
462,1650,4.78125,306,100,30,0,0,0,0,0,0,0,0,34
463,1212,4.72581,293,100,29,0,0,0,0,1,0,0,0,32
464,1190,5,320,100,28,0,0,0,0,1,0,0,0,35
465,1298,4.43478,306,100,35,0,0,0,0,0,0,0,0,34
466,970,3.83824,261,100,39,0,0,0,0,0,0,0,0,29
467,976,3.50725,242,100,42,0,0,0,0,0,0,0,1,26
468,1140,3.84286,269,100,40,0,0,0,0,0,0,0,1,29
469,1216,4.15385,270,100,35,0,0,0,0,0,0,0,0,30
470,1370,4.29851,288,100,35,0,0,0,0,0,0,0,0,32
471,1488,4.43077,288,100,33,0,0,0,0,0,0,0,0,32
472,1220,4.95082,302,100,27,0,0,0,0,1,0,0,0,33
473,1194,4.81034,279,100,27,0,0,0,0,0,0,0,0,31
474,1128,5.46429,306,100,22,0,0,0,0,0,0,0,0,34
475,1344,5.58621,324,100,22,0,0,0,0,0,0,0,0,36
476,1344,5.36538,279,100,21,0,0,0,0,0,0,0,0,31
477,1462,5.94643,333,100,19,0,0,0,0,0,0,0,0,37
478,1248,4.72881,279,100,28,0,0,0,0,0,0,0,0,31
479,1344,4.72881,279,100,28,0,0,0,0,0,0,0,0,31
480,1502,4.14286,261,100,34,0,0,0,0,0,0,0,0,29
481,1370,4.81034,279,100,27,0,0,0,0,0,0,0,0,31
482,1540,5.18644,306,100,25,0,0,0,0,0,0,0,0,34
483,1252,5.33333,288,100,22,0,0,0,0,0,0,0,0,32
484,1436,4.65,279,100,29,0,0,0,0,0,0,0,0,31
485,1336,4.57895,261,100,28,0,0,0,0,0,0,0,0,29
486,1384,4.41509,234,100,27,0,0,0,0,0,0,0,0,26
487,1450,5.12069,297,100,25,0,0,0,0,0,0,0,0,33
488,1482,4.72881,279,100,28,0,0,0,0,0,0,0,0,31
489,1614,4.95,297,100,27,0,0,0,0,0,0,0,0,33
490,1252,4.57627,270,100,29,0,0,0,0,0,0,0,0,30
491,1366,4.42857,279,100,32,0,0,0,0,0,0,0,0,31
492,1496,4.95,297,100,27,0,0,0,0,0,0,0,0,33
493,1344,4.27869,261,100,32,0,0,0,0,0,0,0,0,29
494,1286,4.66071,261,100,27,0,0,0,0,0,0,0,0,29
495,1754,4.35,261,100,31,0,0,0,0,0,0,0,0,29
496,1818,5.01639,306,100,27,0,0,0,0,0,0,0,0,34
497,1388,5.35088,305,100,23,0,0,0,0,0,0,0,1,33
498,1706,6,360,100,20,0,0,0,0,0,0,0,0,40
499,1556,5.89655,342,100,20,0,0,0,0,0,0,0,0,38
500,1392,5.16393,315,100,26,0,0,0,0,0,0,0,0,35
501,1374,5.57143,351,100,24,0,0,0,0,0,0,0,0,39
502,1354,5.28571,333,100,26,0,0,0,0,0,0,0,0,37
503,1350,4.90909,324,100,30,0,0,0,0,0,0,0,0,36
504,1468,5.14286,324,100,27,0,0,0,0,0,0,0,0,36
505,1414,5.28571,333,100,26,0,0,0,0,0,0,0,0,37
506,1634,6.3,378,100,18,0,0,0,0,0,0,0,0,42
507,1350,5.85,351,100,21,0,0,0,0,0,0,0,0,39
508,1414,5.85,351,100,21,0,0,0,0,0,0,0,0,39
509,1278,6.15789,351,100,18,0,0,0,0,0,0,0,0,39
510,1610,6.53226,405,100,17,0,0,0,0,0,0,0,0,45
511,1514,5.625,315,100,21,0,0,0,0,0,0,0,0,35
512,1180,5.5,297,100,21,0,0,0,0,0,0,0,0,33
513,1390,5.25,315,100,25,0,0,0,0,0,0,0,0,35
514,1432,5.57143,351,100,24,0,0,0,0,0,0,0,0,39
515,1426,4.98462,324,100,29,0,0,0,0,0,0,0,0,36
516,1288,3.28571,207,100,40,0,0,0,0,0,0,0,0,23
517,1376,3.35821,225,100,42,0,0,0,0,0,0,0,0,25
518,1416,3.81818,252,100,38,0,0,0,0,0,0,0,0,28
519,1378,3.62903,225,100,37,0,0,0,0,0,0,0,0,25
520,1436,3.77419,234,100,36,0,0,0,0,0,0,0,0,26
521,1294,3.09836,189,100,40,0,0,0,0,0,0,0,0,21
522,1490,3.62903,225,100,37,0,0,0,0,0,0,0,0,25
523,1670,3.85714,243,100,36,0,0,0,0,0,0,0,0,27
524,1458,3.38333,203,100,37,0,0,0,0,1,0,0,0,22
525,2032,4.35088,248,100,29,0,0,0,0,1,0,0,0,27
526,1912,4.42105,252,100,29,0,0,0,0,0,0,0,0,28
527,1672,4.09091,225,100,30,0,0,0,0,0,0,0,0,25
528,1740,4.58182,252,100,27,0,0,0,0,0,0,0,0,28
529,1484,3.45,207,100,37,0,0,0,0,0,0,0,0,23
530,1576,3.85714,243,100,36,0,0,0,0,0,0,0,0,27
531,1672,4.27869,261,100,32,0,0,0,0,0,0,0,0,29
532,1840,4.42105,252,100,29,0,0,0,0,0,0,0,0,28
533,2082,3.83607,234,100,35,0,0,0,0,0,0,0,0,26
534,2186,4.72131,288,100,29,0,0,0,0,0,0,0,0,32
535,2474,4.42373,261,100,30,0,0,0,0,0,0,0,0,29
536,2250,4.27869,261,100,32,0,0,0,0,0,0,0,0,29
537,2152,5.7,342,100,22,0,0,0,0,0,0,0,0,38
538,2408,5.22581,324,100,26,0,0,0,0,0,0,0,0,36
539,2620,4.88136,288,100,27,0,0,0,0,0,0,0,0,32
540,2464,4.95,297,100,27,0,0,0,0,0,0,0,0,33
541,2484,4.18966,243,100,31,0,0,0,0,0,0,0,0,27
542,2792,4.65517,270,100,28,0,0,0,0,0,0,0,0,30
543,2346,5.12069,297,100,25,0,0,0,0,0,0,0,0,33
544,2716,5.01639,306,100,27,0,0,0,0,0,0,0,0,34
545,2064,3.9,234,100,34,0,0,0,0,0,0,0,0,26
546,2386,3.83607,234,100,35,0,0,0,0,0,0,0,0,26
547,1818,4.35,261,100,31,0,0,0,0,0,0,0,0,29
548,1886,4.66667,252,100,26,0,0,0,0,0,0,0,0,28
549,2394,5.84211,333,100,20,0,0,0,0,0,0,0,0,37
550,2206,4.81034,279,100,27,0,0,0,0,0,0,0,0,31
551,1852,5.16667,279,100,23,0,0,0,0,0,0,0,0,31
552,2058,3.85714,216,100,32,0,0,0,0,0,0,0,0,24
553,1922,4.27869,261,100,32,0,0,0,0,0,0,0,0,29
554,2268,5.25,315,100,25,0,0,0,0,0,0,0,0,35
555,1766,5.16393,315,100,26,0,0,0,0,0,0,0,0,35
556,1672,6.51724,378,100,16,0,0,0,0,0,0,0,0,42
557,1882,5.22581,324,100,26,0,0,0,0,0,0,0,0,36
558,1976,5.25,315,100,25,0,0,0,0,0,0,0,0,35
559,2208,4.72131,288,100,29,0,0,0,0,0,0,0,0,32
560,1820,4.65,279,100,29,0,0,0,0,0,0,0,0,31
561,1832,5.0339,297,100,26,0,0,0,0,0,0,0,0,33
562,1858,4.57895,261,100,28,0,0,0,0,0,0,0,0,29
563,2038,4.57627,270,100,29,0,0,0,0,0,0,0,0,30
564,1806,5.01639,306,100,27,0,0,0,0,0,0,0,0,34
565,1530,4.85714,306,100,29,0,0,0,0,0,0,0,0,34
566,1486,3.57143,225,100,38,0,0,0,0,0,0,0,0,25
567,1740,3.54098,216,100,37,0,0,0,0,0,0,0,0,24
568,1642,4.5,279,100,31,0,0,0,0,0,0,0,0,31
569,1396,4.09091,270,100,36,0,0,0,0,0,0,0,0,30
570,1580,4.42373,261,100,30,0,0,0,0,0,0,0,0,29
571,1638,4.96552,288,100,26,0,0,0,0,0,0,0,0,32
572,1810,5.25,315,100,25,0,0,0,0,0,0,0,0,35
573,1876,6,342,100,19,0,0,0,0,0,0,0,0,38
574,1844,5.27586,306,100,24,0,0,0,0,0,0,0,0,34
575,1756,5.27586,306,100,24,0,0,0,0,0,0,0,0,34
576,1534,4.66071,261,100,27,0,0,0,0,0,0,0,0,29
577,1610,4.85714,306,100,29,0,0,0,0,0,0,0,0,34
578,1494,4.96552,288,100,26,0,0,0,0,0,0,0,0,32
579,1504,4.89474,279,100,26,0,0,0,0,0,0,0,0,31
580,1736,4.86885,297,100,28,0,0,0,0,0,0,0,0,33
581,1904,4.26316,243,100,30,0,0,0,0,0,0,0,0,27
582,1734,5.36842,306,100,23,0,0,0,0,0,0,0,0,34
583,1618,5.01639,306,100,27,0,0,0,0,0,0,0,0,34
584,1752,6,342,100,19,0,0,0,0,0,0,0,0,38
585,1736,5.46429,306,100,22,0,0,0,0,0,0,0,0,34
586,1886,5.79661,342,100,21,0,0,0,0,0,0,0,0,38
587,2084,4.65517,270,100,28,0,0,0,0,0,0,0,0,30
588,2016,4.5,261,100,29,0,0,0,0,0,0,0,0,29
589,2478,4.20968,261,100,33,0,0,0,0,0,0,0,0,29
590,2512,3.87931,225,100,33,0,0,0,0,0,0,0,0,25
591,2196,4.73684,270,100,27,0,0,0,0,0,0,0,0,30
592,2168,5.21053,297,100,24,0,0,0,0,0,0,0,0,33
593,2298,5.25,315,100,25,0,0,0,0,0,0,0,0,35
594,2402,4.96552,288,100,26,0,0,0,0,0,0,0,0,32
595,2364,4.5,261,100,29,0,0,0,0,0,0,0,0,29
596,1516,4.35484,270,100,32,0,0,0,0,0,0,0,0,30
597,1608,3.6,216,100,36,0,0,0,0,0,0,0,0,24
598,1680,3.9,234,100,34,0,0,0,0,0,0,0,0,26
599,2094,4.14286,261,100,34,0,0,0,0,0,0,0,0,29
600,2470,4.14286,261,100,34,0,0,0,0,0,0,0,0,29
601,2546,4.86885,297,100,28,0,0,0,0,0,0,0,0,33
602,2636,5.27586,306,100,24,0,0,0,0,0,0,0,0,34
603,2550,4.66667,252,100,26,0,0,0,0,0,0,0,0,28
604,2652,4.65,279,100,29,0,0,0,0,0,0,0,0,31
605,2772,5.43103,315,100,23,0,0,0,0,0,0,0,0,35
606,3088,5.79661,342,100,21,0,0,0,0,0,0,0,0,38
607,3268,5.85,351,100,21,0,0,0,0,0,0,0,0,39
608,1606,5.78571,324,100,20,0,0,0,0,0,0,0,0,36
609,1558,6.51724,378,100,16,0,0,0,0,0,0,0,0,42
610,1822,5.64179,378,100,25,0,0,0,0,0,0,0,0,42
611,1862,5.14286,324,100,27,0,0,0,0,0,0,0,0,36
612,2210,5.51613,342,100,24,0,0,0,0,0,0,0,0,38
613,2256,5.625,315,100,21,0,0,0,0,0,0,0,0,35
614,2496,6.66,333,100,13,0,0,0,0,0,0,0,0,37
615,2566,5.78571,324,100,20,0,0,0,0,0,0,0,0,36
616,1712,5.19231,270,100,22,0,0,0,0,0,0,0,0,30
617,1760,5.21053,297,100,24,0,0,0,0,0,0,0,0,33
618,1492,5.14286,288,100,24,0,0,0,0,0,0,0,0,32
619,1406,5.29412,270,100,21,0,0,0,0,0,0,0,0,30
620,1566,4.42373,261,100,30,0,0,0,0,0,0,0,0,29
621,1558,3.76364,207,100,32,0,0,0,0,0,0,0,0,23
622,1514,4.58182,252,100,27,0,0,0,0,0,0,0,0,28
623,1534,4.17857,234,100,30,0,0,0,0,0,0,0,0,26
624,1566,4.35,261,100,31,0,0,0,0,0,0,0,0,29
625,1694,4.98214,279,100,25,0,0,0,0,0,0,0,0,31
626,1442,4.58182,252,100,27,0,0,0,0,0,0,0,0,28
627,1632,4.74545,261,100,26,0,0,0,0,0,0,0,0,29
628,1524,4.82143,270,100,26,0,0,0,0,0,0,0,0,30
629,1370,4.25455,234,100,29,0,0,0,0,0,0,0,0,26
630,1442,4.22449,207,100,26,0,0,0,0,0,0,0,0,23
631,1646,3.83333,207,100,31,0,0,0,0,0,0,0,0,23
632,1628,4.83333,261,100,25,0,0,0,0,0,0,0,0,29
633,1732,4.58182,252,100,27,0,0,0,0,0,0,0,0,28
634,1618,3.45,207,100,37,0,0,0,0,0,0,0,0,23
635,1996,4.42373,261,100,30,0,0,0,0,0,0,0,0,29
636,1958,4.35,261,100,31,0,0,0,0,0,0,0,0,29
637,2336,4.72131,288,100,29,0,0,0,0,0,0,0,0,32
638,2008,4.28571,270,100,33,0,0,0,0,0,0,0,0,30
639,1930,4.41818,243,100,28,0,0,0,0,0,0,0,0,27
640,1732,4.76471,243,100,24,0,0,0,0,0,0,0,0,27
641,1818,4.88136,288,100,27,0,0,0,0,0,0,0,0,32
642,1570,4.5,252,100,28,0,0,0,0,0,0,0,0,28
643,1646,4.73684,270,100,27,0,0,0,0,0,0,0,0,30
644,1576,4.35,261,100,31,0,0,0,0,0,0,0,0,29
645,1486,3.81356,225,100,34,0,0,0,0,0,0,0,0,25
646,1806,4.64516,288,100,30,0,0,0,0,0,0,0,0,32
647,1870,4.41818,243,100,28,0,0,0,0,0,0,0,0,27
648,1676,3.81356,225,100,34,0,0,0,0,0,0,0,0,25
649,1816,3.79688,243,100,37,0,0,0,0,0,0,0,0,27
650,1544,4.09091,225,100,30,0,0,0,0,0,0,0,0,25
651,1822,3.9,234,100,34,0,0,0,0,0,0,0,0,26
652,1920,4.57377,279,100,30,0,0,0,0,0,0,0,0,31
653,1892,4.27869,261,100,32,0,0,0,0,0,0,0,0,29
654,1490,3.50847,207,100,36,0,0,0,0,0,0,0,0,23
655,1238,3.375,189,100,35,0,0,0,0,0,0,0,0,21
656,1278,3.87931,225,100,33,0,0,0,0,0,0,0,0,25
657,1472,4.05,243,100,33,0,0,0,0,0,0,0,0,27
658,1366,3.68852,225,100,36,0,0,0,0,0,0,0,0,25
659,1212,3.21429,180,100,36,0,0,0,0,0,0,0,0,20
660,1336,3.25862,189,100,37,0,0,0,0,0,0,0,0,21
661,1426,3.10909,171,100,36,0,0,0,0,0,0,0,0,19
662,1702,4.01786,225,100,31,0,0,0,0,0,0,0,0,25
663,1580,3.94737,225,100,32,0,0,0,0,0,0,0,0,25
664,1714,4.5,252,100,28,0,0,0,0,0,0,0,0,28
665,1590,3.47368,198,100,35,0,0,0,0,0,0,0,0,22
666,1566,2.74576,162,100,41,0,0,0,0,0,0,0,0,18
667,1600,3.25862,189,100,37,0,0,0,0,0,0,0,0,21
668,1926,3.53571,198,100,34,0,0,0,0,0,0,0,0,22
669,1746,3.20339,189,100,38,0,0,0,0,0,0,0,0,21
670,1420,2.7,162,100,42,0,0,0,0,0,0,0,0,18
671,1330,2.7931,162,100,40,0,0,0,0,0,0,0,0,18
672,1630,2.7,162,100,42,0,0,0,0,0,0,0,0,18
673,1404,2.13559,126,100,45,0,0,0,0,0,0,0,0,14
674,1374,2.21538,144,100,49,0,0,0,0,0,0,0,0,16
675,1248,1.91803,117,100,48,0,0,0,0,0,0,0,0,13
676,1182,1.85714,117,100,50,0,0,0,0,0,0,0,0,13
677,1310,2.35385,153,100,48,0,0,0,0,0,0,0,0,17
678,1566,2.63077,171,100,46,0,0,0,0,0,0,0,0,19
679,1376,2.53125,162,100,46,0,0,0,0,0,0,0,0,18
680,1432,2.9375,188,100,43,0,0,0,0,0,0,0,1,20
681,1842,3.62903,225,100,37,0,0,0,0,0,0,0,0,25
682,1886,4.81034,279,100,27,0,0,0,0,0,0,0,0,31
683,1434,3.47368,198,100,35,0,0,0,0,0,0,0,0,22
684,1834,3.6,216,100,36,0,0,0,0,0,0,0,0,24
685,1722,3.45,207,100,37,0,0,0,0,0,0,0,0,23
686,1448,4.11864,243,100,32,0,0,0,0,0,0,0,0,27
687,1608,3.72414,216,100,34,0,0,0,0,0,0,0,0,24
688,1656,4.41818,243,100,28,0,0,0,0,0,0,0,0,27
689,1826,5.25,315,100,25,0,0,0,0,0,0,0,0,35
690,1556,5.23636,288,100,23,0,0,0,0,0,0,0,0,32
691,1666,4.89474,279,100,26,0,0,0,0,0,0,0,0,31
692,1730,4.42623,270,100,31,0,0,0,0,0,0,0,0,30
693,1316,4.18966,243,100,31,0,0,0,0,0,0,0,0,27
694,1506,4.29231,279,100,34,0,0,0,0,0,0,0,0,31
695,1552,4.93548,306,100,28,0,0,0,0,0,0,0,0,34
696,1548,5.55,333,100,23,0,0,0,0,0,0,0,0,37
697,1414,4.8,288,100,28,0,0,0,0,0,0,0,0,32
698,1608,4.42857,279,100,32,0,0,0,0,0,0,0,0,31
699,1616,4.79032,297,100,29,0,0,0,0,0,0,0,0,33
700,1426,5.14286,288,100,24,0,0,0,0,0,0,0,0,32
701,1444,5.36842,306,100,23,0,0,0,0,0,0,0,0,34
702,1538,4.27119,252,100,31,0,0,0,0,0,0,0,0,28
703,1498,4.06452,252,100,34,0,0,0,0,0,0,0,0,28
704,1504,3.75,225,100,35,0,0,0,0,0,0,0,0,25
705,1322,4.26316,243,100,30,0,0,0,0,0,0,0,0,27
706,1422,4.17857,234,100,30,0,0,0,0,0,0,0,0,26
707,1592,4.8,288,100,28,0,0,0,0,0,0,0,0,32
708,1586,4.95,297,100,27,0,0,0,0,0,0,0,0,33
709,1550,4.25455,234,100,29,0,0,0,0,0,0,0,0,26
710,1504,5.89091,324,100,19,0,0,0,0,0,0,0,0,36
711,1274,5.08065,315,100,27,0,0,0,0,0,0,0,0,35
712,1136,4.77273,315,100,31,0,0,0,0,0,0,0,0,35
713,1190,5.14286,324,100,27,0,0,0,0,0,0,0,0,36
714,1398,5.34375,342,100,26,0,0,0,0,0,0,0,0,38
715,1258,4.56923,297,100,32,0,0,0,0,0,0,0,0,33
716,1224,4.93548,306,100,28,0,0,0,0,0,0,0,0,34
717,1284,5.25,315,100,25,0,0,0,0,0,0,0,0,35
718,1330,4.72131,288,100,29,0,0,0,0,0,0,0,0,32
719,1408,5.21053,297,100,24,0,0,0,0,0,0,0,0,33
720,1664,6.38182,351,100,16,0,0,0,0,0,0,0,0,39
721,1696,6.54545,360,100,15,0,0,0,0,0,0,0,0,40
722,1396,6.10169,360,100,19,0,0,0,0,0,0,0,0,40
723,1298,5.4,351,100,26,0,0,0,0,0,0,0,0,39
724,1456,5.01639,306,100,27,0,0,0,0,0,0,0,0,34
725,1300,5.37097,333,100,25,0,0,0,0,0,0,0,0,37
726,1672,5.69118,387,100,25,0,0,0,0,0,0,0,0,43
727,1524,5.90625,378,100,22,0,0,0,0,0,0,0,0,42
728,1282,5.46429,306,100,22,0,0,0,0,0,0,0,0,34
729,1518,5.16393,315,100,26,0,0,0,0,0,0,0,0,35
730,1356,5.36842,306,100,23,0,0,0,0,0,0,0,0,34
731,1378,4.35484,270,100,32,0,0,0,0,0,0,0,0,30
732,1452,3.65625,234,100,38,0,0,0,0,0,0,0,0,26
733,1334,4.57377,279,100,30,0,0,0,0,0,0,0,0,31
734,1498,5.16393,315,100,26,0,0,0,0,0,0,0,0,35
735,1342,4.72131,288,100,29,0,0,0,0,0,0,0,0,32
736,1298,4.58182,252,100,27,0,0,0,0,0,0,0,0,28
737,1664,5.43103,315,100,23,0,0,0,0,0,0,0,0,35
738,1552,4.66071,261,100,27,0,0,0,0,0,0,0,0,29
739,1662,5.22581,324,100,26,0,0,0,0,0,0,0,0,36
740,1394,5.1,306,100,26,0,0,0,0,0,0,0,0,34
741,1682,5.27586,306,100,24,0,0,0,0,0,0,0,0,34
742,1494,5.23636,288,100,23,0,0,0,0,0,0,0,0,32
743,1622,5.71429,320,100,20,0,0,0,0,1,0,0,0,35
744,1386,4.65574,284,100,29,0,0,0,0,1,0,0,0,31
745,1668,5.07937,320,100,27,0,0,0,0,1,0,0,0,35
746,1516,4.05,243,100,33,0,0,0,0,0,0,0,0,27
747,1656,4.64516,288,100,30,0,0,0,0,0,0,0,0,32
748,1802,4.86885,297,100,28,0,0,0,0,0,0,0,0,33
749,1640,4.27119,252,100,31,0,0,0,0,0,0,0,0,28
750,1594,3.9661,234,100,33,0,0,0,0,0,0,0,0,26
751,2104,4.07937,257,100,34,0,0,0,0,1,0,0,0,28
752,2070,3.78571,212,100,32,0,0,0,0,1,0,0,0,23
753,2216,3.59322,212,100,35,0,0,0,0,1,0,0,0,23
754,1720,3.78571,212,100,32,0,0,0,0,1,0,0,0,23
755,1906,3.38333,203,100,37,0,0,0,0,1,0,0,0,22
756,1998,3.36508,212,100,39,0,0,0,0,1,0,0,0,23
757,1966,3.36364,185,100,34,0,0,0,0,1,0,0,0,20
758,1856,3.09375,198,100,42,0,0,0,0,0,0,0,0,22
759,1870,3.75,225,100,35,0,0,0,0,0,0,0,0,25
760,1672,2.85,171,100,41,0,0,0,0,0,0,0,0,19
761,1668,2.57143,144,100,40,0,0,0,0,0,0,0,0,16
762,1544,2.14286,135,100,48,0,0,0,0,0,0,0,0,15
763,1512,2.7931,162,100,40,0,0,0,0,0,0,0,0,18
764,1790,2.71429,171,100,44,0,0,0,0,0,0,0,0,19
765,1600,2.63793,153,100,41,0,0,0,0,0,0,0,0,17
766,1494,2.21311,135,100,46,0,0,0,0,0,0,0,0,15
767,1382,2.13559,126,100,45,0,0,0,0,0,0,0,0,14
768,1424,1.95,117,100,47,0,0,0,0,0,0,0,0,13
769,1420,2.7,162,100,42,0,0,0,0,0,0,0,0,18
770,1612,2.90323,180,100,42,0,0,0,0,0,0,0,0,20
771,1466,3,171,100,38,0,0,0,0,0,0,0,0,19
772,1512,3.05085,180,100,39,0,0,0,0,0,0,0,0,20
773,1330,2.55,153,100,43,0,0,0,0,0,0,0,0,17
774,1588,3.20339,189,100,38,0,0,0,0,0,0,0,0,21
775,1510,3.3,198,100,38,0,0,0,0,0,0,0,0,22
776,1630,3.78947,216,100,33,0,0,0,0,0,0,0,0,24
777,1790,4.09091,225,100,30,0,0,0,0,0,0,0,0,25
778,1952,4.33333,234,100,28,0,0,0,0,0,0,0,0,26
779,2032,3.20339,189,100,38,0,0,0,0,0,0,0,0,21
780,2260,4.57895,261,100,28,0,0,0,0,0,0,0,0,29
781,2370,4.86885,297,100,28,0,0,0,0,0,0,0,0,33
782,2206,4.86885,297,100,28,0,0,0,0,0,0,0,0,33
783,1780,4.90909,270,100,25,0,0,0,0,0,0,0,0,30
784,2120,5.36842,306,100,23,0,0,0,0,0,0,0,0,34
785,1980,5.23636,288,100,23,0,0,0,0,0,0,0,0,32
786,1804,4.98214,279,100,25,0,0,0,0,0,0,0,0,31
787,1646,4.83333,261,100,25,0,0,0,0,0,0,0,0,29
788,1794,4.74545,261,100,26,0,0,0,0,0,0,0,0,29
789,1826,5.4,297,100,22,0,0,0,0,0,0,0,0,33
790,2022,4.75472,252,100,25,0,0,0,0,0,0,0,0,28
791,1842,4.5,252,100,28,0,0,0,0,0,0,0,0,28
792,1692,3.53571,198,100,34,0,0,0,0,0,0,0,0,22
793,1736,3.15789,180,100,37,0,0,0,0,0,0,0,0,20
794,1720,3.62903,225,100,37,0,0,0,0,0,0,0,0,25
795,2132,5.0625,324,100,28,0,0,0,0,0,0,0,0,36
796,2062,4.90909,270,100,25,0,0,0,0,0,0,0,0,30
797,1794,4.88136,288,100,27,0,0,0,0,0,0,0,0,32
798,1792,4.95,297,100,27,0,0,0,0,0,0,0,0,33
799,1602,4.8,288,100,28,0,0,0,0,0,0,0,0,32
800,1558,4.72131,288,100,29,0,0,0,0,0,0,0,0,32
801,1516,4.66071,261,100,27,0,0,0,0,0,0,0,0,29
802,1550,5.14286,288,100,24,0,0,0,0,0,0,0,0,32
803,1618,5.65455,311,100,20,0,0,0,0,1,0,0,0,34
804,1576,5.82456,332,100,20,0,0,0,0,0,0,0,1,36
805,1976,5.45902,333,100,24,0,0,0,0,0,0,0,0,37
806,1644,4.96552,288,100,26,0,0,0,0,0,0,0,0,32
807,1812,5.94643,333,100,19,0,0,0,0,0,0,0,0,37
808,1682,5.43396,288,100,21,0,0,0,0,0,0,0,0,32
809,1844,5.01639,306,100,27,0,0,0,0,0,0,0,0,34
810,1652,5.01639,306,100,27,0,0,0,0,0,0,0,0,34
811,1844,4.96552,288,100,26,0,0,0,0,0,0,0,0,32
812,1420,4.57627,270,100,29,0,0,0,0,0,0,0,0,30
813,1256,4.93548,306,100,28,0,0,0,0,0,0,0,0,34
814,1668,5.64407,333,100,22,0,0,0,0,0,0,0,0,37
815,1700,5.01639,306,100,27,0,0,0,0,0,0,0,0,34
816,1768,5.60656,342,100,23,0,0,0,0,0,0,0,0,38
817,1650,4.8,288,100,28,0,0,0,0,0,0,0,0,32
818,1516,4.8,288,100,28,0,0,0,0,0,0,0,0,32
819,1558,4,252,100,35,0,0,0,0,0,0,0,0,28
820,1716,4.71429,297,100,30,0,0,0,0,0,0,0,0,33
821,1922,4.41538,287,100,33,0,0,0,0,0,0,0,1,31
822,1948,4.72131,288,100,29,0,0,0,0,0,0,0,0,32
823,2302,5.52632,315,100,22,0,0,0,0,0,0,0,0,35
824,1768,4.64516,288,100,30,0,0,0,0,0,0,0,0,32
825,2300,5.79661,342,100,21,0,0,0,0,0,0,0,0,38
826,2254,5.43103,315,100,23,0,0,0,0,0,0,0,0,35
827,2570,4.93548,306,100,28,0,0,0,0,0,0,0,0,34
828,2566,5.46429,306,100,22,0,0,0,0,0,0,0,0,34
829,2220,5.05263,288,100,25,0,0,0,0,0,0,0,0,32
830,2328,5.68421,324,100,21,0,0,0,0,0,0,0,0,36
831,1786,5.78571,324,100,20,0,0,0,0,0,0,0,0,36
832,1898,5.66667,306,100,20,0,0,0,0,0,0,0,0,34
833,2022,5.625,315,100,21,0,0,0,0,0,0,0,0,35
834,2060,5.23636,288,100,23,0,0,0,0,0,0,0,0,32
835,2494,5.05263,288,100,25,0,0,0,0,0,0,0,0,32
836,2676,4.66071,261,100,27,0,0,0,0,0,0,0,0,29
837,3006,5.05263,288,100,25,0,0,0,0,0,0,0,0,32
838,2620,4.17857,234,100,30,0,0,0,0,0,0,0,0,26
839,1916,4.57895,261,100,28,0,0,0,0,0,0,0,0,29
840,2320,5,270,100,24,0,0,0,0,0,0,0,0,30
841,2212,5.43103,315,100,23,0,0,0,0,0,0,0,0,35
842,1998,4.98214,279,100,25,0,0,0,0,0,0,0,0,31
843,2304,4.72881,279,100,28,0,0,0,0,0,0,0,0,31
844,1992,4.25455,234,100,29,0,0,0,0,0,0,0,0,26
845,1488,4.66667,252,100,26,0,0,0,0,0,0,0,0,28
846,1644,5.4,324,100,24,0,0,0,0,0,0,0,0,36
847,1908,5.74138,333,100,21,0,0,0,0,0,0,0,0,37
848,1688,4.92453,261,100,24,0,0,0,0,0,0,0,0,29
849,2132,5.7,342,100,22,0,0,0,0,0,0,0,0,38
850,1782,6,324,100,18,0,0,0,0,0,0,0,0,36
851,1992,4.72131,288,100,29,0,0,0,0,0,0,0,0,32
852,2152,5.23636,288,100,23,0,0,0,0,0,0,0,0,32
853,1670,5.4,297,100,22,0,0,0,0,0,0,0,0,33
854,2054,5.79661,342,100,21,0,0,0,0,0,0,0,0,38
855,1916,5.43396,288,100,21,0,0,0,0,0,0,0,0,32
856,1790,5.05263,288,100,25,0,0,0,0,0,0,0,0,32
857,1848,5.75472,305,100,19,0,0,0,0,0,0,0,1,33
858,2090,5.60656,342,100,23,0,0,0,0,0,0,0,0,38
859,1898,4.73684,270,100,27,0,0,0,0,0,0,0,0,30
860,1814,4.57895,261,100,28,0,0,0,0,0,0,0,0,29
861,2140,4.25424,251,100,31,0,0,0,0,0,0,0,1,27
862,1852,4.71186,278,100,28,0,0,0,0,0,0,0,1,30
863,2126,4.87719,278,100,26,0,0,0,0,0,0,0,1,30
864,2180,5.77966,341,100,21,0,0,0,0,0,0,0,1,37
865,2276,5.125,287,100,24,0,0,0,0,0,0,0,1,31
866,2556,5.81481,314,100,19,0,0,0,0,0,0,0,1,34
867,2040,4.80357,269,100,26,0,0,0,0,0,0,0,1,29
868,2214,5.25926,284,100,22,0,0,0,0,1,0,0,0,31
869,2778,5.55357,311,100,21,0,0,0,0,1,0,0,0,34
870,2974,5.4,297,100,22,0,0,0,0,0,0,0,0,33
871,2220,5.60377,297,100,20,0,0,0,0,0,0,0,0,33
872,2246,4.5,243,100,27,0,0,0,0,0,0,0,0,27
873,2326,4.2,252,100,32,0,0,0,0,0,0,0,0,28
874,2468,4.42105,252,100,29,0,0,0,0,0,0,0,0,28
875,1920,4.57143,288,100,31,0,0,0,0,0,0,0,0,32
876,1796,5.21053,297,100,24,0,0,0,0,0,0,0,0,33
877,1998,6,342,100,19,0,0,0,0,0,0,0,0,38
878,2256,5.16393,315,100,26,0,0,0,0,0,0,0,0,35
879,2066,4.26316,243,100,30,0,0,0,0,0,0,0,0,27
880,1658,3.6,216,100,36,0,0,0,0,0,0,0,0,24
881,1672,3.57143,225,100,38,0,0,0,0,0,0,0,0,25
882,1890,3.57143,225,100,38,0,0,0,0,0,0,0,0,25
883,1942,3.75,225,100,35,0,0,0,0,0,0,0,0,25
884,1978,4.13115,252,100,33,0,0,0,0,0,0,0,0,28
885,2226,4.41818,243,100,28,0,0,0,0,0,0,0,0,27
886,2092,4.72131,288,100,29,0,0,0,0,0,0,0,0,32
887,1550,3.91935,243,100,35,0,0,0,0,0,0,0,0,27
888,1588,4.27869,261,100,32,0,0,0,0,0,0,0,0,29
889,1618,4.27119,252,100,31,0,0,0,0,0,0,0,0,28
890,2072,4.8,288,100,28,0,0,0,0,0,0,0,0,32
891,1790,3.98361,243,100,34,0,0,0,0,0,0,0,0,27
892,1796,3.91935,243,100,35,0,0,0,0,0,0,0,0,27
893,2224,4.42623,270,100,31,0,0,0,0,0,0,0,0,30
894,2128,3.9,234,100,34,0,0,0,0,0,0,0,0,26
895,2568,5.58621,324,100,22,0,0,0,0,0,0,0,0,36
896,1968,4.89474,279,100,26,0,0,0,0,0,0,0,0,31
897,1800,4.05085,239,100,32,0,0,0,0,1,0,0,0,26
898,1720,4.42857,279,100,32,0,0,0,0,0,0,0,0,31
899,1564,4.5,288,100,32,0,0,0,0,0,0,0,0,32
900,1650,4.95,297,100,27,0,0,0,0,0,0,0,0,33
901,1678,4.81034,279,100,27,0,0,0,0,0,0,0,0,31
902,2150,5.21053,297,100,24,0,0,0,0,0,0,0,0,33
903,1982,5.39344,329,100,24,0,0,0,0,1,0,0,0,36
904,1734,5.16364,284,100,23,0,0,0,0,1,0,0,0,31
905,1940,5.42593,293,100,21,0,0,0,0,1,0,0,0,32
906,2210,6,342,100,19,0,0,0,0,0,0,0,0,38
907,2066,5.74138,333,100,21,0,0,0,0,0,0,0,0,37
908,1896,6.2069,360,100,18,0,0,0,0,0,0,0,0,40
909,1618,5.46429,306,100,22,0,0,0,0,0,0,0,0,34
910,2058,6.04918,369,100,20,0,0,0,0,0,0,0,0,41
911,1940,5.45902,333,100,24,0,0,0,0,0,0,0,0,37
912,2096,5.55,333,100,23,0,0,0,0,0,0,0,0,37
913,1998,5.14286,288,100,24,0,0,0,0,0,0,0,0,32
914,1736,5.30357,297,100,23,0,0,0,0,0,0,0,0,33
915,2008,6,342,100,19,0,0,0,0,0,0,0,0,38
916,1768,5.46429,306,100,22,0,0,0,0,0,0,0,0,34
917,2088,6.62264,351,100,14,0,0,0,0,0,0,0,0,39
918,2178,5.05263,288,100,25,0,0,0,0,0,0,0,0,32
919,1936,5.43396,288,100,21,0,0,0,0,0,0,0,0,32
920,1686,5.4,297,100,22,0,0,0,0,0,0,0,0,33
921,1614,5.43396,288,100,21,0,0,0,0,0,0,0,0,32
922,1622,4.71186,278,100,28,0,0,0,0,0,0,0,1,30
923,1530,5.19298,296,100,24,0,0,0,0,0,0,0,1,32
924,1506,4.90909,270,100,25,0,0,0,0,0,0,0,0,30
925,1568,5.83333,315,100,19,0,0,0,0,0,0,0,0,35
926,1680,5.78571,324,100,20,0,0,0,0,0,0,0,0,36
927,1946,6.15789,351,100,18,0,0,0,0,0,0,0,0,39
928,1894,5.46429,306,100,22,0,0,0,0,0,0,0,0,34
929,2234,6,342,100,19,0,0,0,0,0,0,0,0,38
930,1880,5.01923,261,100,23,0,0,0,0,0,0,0,0,29
931,1472,5.36842,306,100,23,0,0,0,0,0,0,0,0,34
932,1774,5.33898,315,100,24,0,0,0,0,0,0,0,0,35
933,1726,5.625,315,100,21,0,0,0,0,0,0,0,0,35
934,1854,5.79661,342,100,21,0,0,0,0,0,0,0,0,38
935,1432,4.81034,279,100,27,0,0,0,0,0,0,0,0,31
936,1386,5.18644,306,100,25,0,0,0,0,0,0,0,0,34
937,1410,5.14286,288,100,24,0,0,0,0,0,0,0,0,32
938,1358,5.21053,297,100,24,0,0,0,0,0,0,0,0,33
939,1114,5.05263,288,100,25,0,0,0,0,0,0,0,0,32
940,1474,5.01639,306,100,27,0,0,0,0,0,0,0,0,34
941,1562,5.1,306,100,26,0,0,0,0,0,0,0,0,34
942,1374,5.23636,288,100,23,0,0,0,0,0,0,0,0,32
943,1638,5.27586,306,100,24,0,0,0,0,0,0,0,0,34
944,1658,5.09434,270,100,23,0,0,0,0,0,0,0,0,30
945,1696,5.21053,297,100,24,0,0,0,0,0,0,0,0,33
946,1846,5.56364,306,100,21,0,0,0,0,0,0,0,0,34
947,1606,5.0339,297,100,26,0,0,0,0,0,0,0,0,33
948,1470,5.07273,279,100,24,0,0,0,0,0,0,0,0,31
949,1916,6.36207,369,100,17,0,0,0,0,0,0,0,0,41
950,1712,5.94915,351,100,20,0,0,0,0,0,0,0,0,39
951,1508,4.93548,306,100,28,0,0,0,0,0,0,0,0,34
952,1642,4.57377,279,100,30,0,0,0,0,0,0,0,0,31
953,1544,4.41818,243,100,28,0,0,0,0,0,0,0,0,27
954,1656,4.57895,261,100,28,0,0,0,0,0,0,0,0,29
955,1806,4.88136,288,100,27,0,0,0,0,0,0,0,0,32
956,1874,4.06452,252,100,34,0,0,0,0,0,0,0,0,28
957,1638,3.71429,234,100,37,0,0,0,0,0,0,0,0,26
958,1490,3.46154,225,100,40,0,0,0,0,0,0,0,0,25
959,1492,3.81356,225,100,34,0,0,0,0,0,0,0,0,25
960,1778,4.86885,297,100,28,0,0,0,0,0,0,0,0,33
961,1618,5.23636,288,100,23,0,0,0,0,0,0,0,0,32
962,1834,4.66071,261,100,27,0,0,0,0,0,0,0,0,29
963,2086,4.27869,261,100,32,0,0,0,0,0,0,0,0,29
964,1750,4.8,288,100,28,0,0,0,0,0,0,0,0,32
965,1664,4.98214,279,100,25,0,0,0,0,0,0,0,0,31
966,1594,4.64516,288,100,30,0,0,0,0,0,0,0,0,32
967,1408,4.20968,261,100,33,0,0,0,0,0,0,0,0,29
968,1710,4.95,297,100,27,0,0,0,0,0,0,0,0,33
969,1510,4.11864,243,100,32,0,0,0,0,0,0,0,0,27
970,1600,3.87692,252,100,37,0,0,0,0,0,0,0,0,28
971,1572,2.55224,171,100,48,0,0,0,0,0,0,0,0,19
972,1462,2.49231,162,100,47,0,0,0,0,0,0,0,0,18
973,1812,3.23438,207,100,41,0,0,0,0,0,0,0,0,23
974,1732,4.5,279,100,31,0,0,0,0,0,0,0,0,31
975,1672,4.81034,279,100,27,0,0,0,0,0,0,0,0,31
976,1604,4.35,261,100,31,0,0,0,0,0,0,0,0,29
977,1848,4.61765,314,100,33,0,0,0,0,0,0,0,1,34
978,1614,3.91935,243,100,35,0,0,0,0,0,0,0,0,27
979,914,3.65625,234,100,38,0,0,0,0,0,0,0,0,26
980,1112,3.33333,230,100,43,0,0,0,0,1,0,0,0,25
981,958,2.98387,185,100,41,0,0,0,0,1,0,0,0,20
982,1230,3.65625,234,100,38,0,0,0,0,0,0,0,0,26
983,1360,3.22388,216,100,43,0,0,0,0,0,0,0,0,24
984,1516,4.13115,252,100,33,0,0,0,0,0,0,0,0,28
985,1650,4.65,279,100,29,0,0,0,0,0,0,0,0,31
986,1876,5.0339,297,100,26,0,0,0,0,0,0,0,0,33
987,1802,4.5,270,100,30,0,0,0,0,0,0,0,0,30
988,1104,4.73684,270,100,27,0,0,0,0,0,0,0,0,30
989,1406,5.51613,342,100,24,0,0,0,0,0,0,0,0,38
990,1134,5.25,315,100,25,0,0,0,0,0,0,0,0,35
991,1516,5.57143,351,100,24,0,0,0,0,0,0,0,0,39
992,1370,4.79032,297,100,29,0,0,0,0,0,0,0,0,33
993,1248,4.35484,270,100,32,0,0,0,0,0,0,0,0,30
994,1352,4.5,279,100,31,0,0,0,0,0,0,0,0,31
995,1450,3.51562,225,100,39,0,0,0,0,0,0,0,0,25
996,1248,3.79688,243,100,37,0,0,0,0,0,0,0,0,27
997,1604,4.70769,306,100,31,0,0,0,0,0,0,0,0,34
998,1456,4.14286,261,100,34,0,0,0,0,0,0,0,0,29
999,1154,3.39344,207,100,38,0,0,0,0,0,0,0,0,23
