update,points,mean_tasks,total_tasks,total_orgs,task_0,task_1,task_2,task_3,task_4,task_5,task_6,task_7,task_8
0,0,nan,0,10,0,0,0,0,0,0,0,0,0
1,16,6,6,10,0,0,0,0,0,0,1,0,0
2,76,6,30,11,0,0,0,0,0,0,5,0,0
3,92,6,36,11,0,0,0,0,0,0,6,0,0
4,100,6.28571,44,11,0,0,0,0,0,0,6,0,1
5,96,6.25,50,12,0,0,0,0,0,0,7,0,1
6,128,6.75,54,16,0,0,0,0,0,0,5,0,3
7,100,6.6,66,16,0,0,0,0,0,0,7,0,3
8,136,6.5,78,18,0,0,0,0,0,0,9,0,3
9,192,6.28571,88,20,0,0,0,0,0,0,12,0,2
10,148,6.33333,76,21,0,0,0,0,0,0,10,0,2
11,184,6.28571,88,23,0,0,0,0,0,0,12,0,2
12,228,6.5,104,27,0,0,0,0,0,0,12,0,4
13,176,6.33333,114,31,0,0,0,0,0,0,15,0,3
14,248,6.28571,132,34,0,0,0,0,0,0,18,0,3
15,300,6.24,156,38,0,0,0,0,0,0,22,0,3
16,284,6.35714,178,40,0,0,0,0,0,0,23,0,5
17,400,6.30303,208,45,0,0,0,0,0,0,28,0,5
18,376,6.19355,192,49,0,0,0,0,0,0,28,0,3
19,404,6.125,196,51,0,0,0,0,0,0,30,0,2
20,396,6.125,196,53,0,0,0,0,0,0,30,0,2
21,480,6.05714,212,54,0,0,0,0,0,0,34,0,1
22,520,6.11429,214,56,0,0,0,0,0,0,33,0,2
23,636,6.20513,242,58,0,0,0,0,0,0,35,0,4
24,652,6.21053,236,62,0,0,0,0,0,0,34,0,4
25,672,6.19512,254,64,0,0,0,0,0,0,37,0,4
26,800,6.13636,270,68,0,0,0,0,0,0,41,0,3
27,824,6.08511,286,71,0,0,0,0,0,0,45,0,2
28,624,6.09302,262,76,0,0,0,0,0,0,41,0,2
29,648,6.04082,296,78,0,0,0,0,0,0,48,0,1
30,736,6.04082,296,83,0,0,0,0,0,0,48,0,1
31,828,6.07843,310,84,0,0,0,0,0,0,49,0,2
32,876,6.03704,326,86,0,0,0,0,0,0,53,0,1
33,724,6.03922,308,89,0,0,0,0,0,0,50,0,1
34,688,6,330,91,0,0,0,0,0,0,55,0,0
35,748,6.03704,326,91,0,0,0,0,0,0,53,0,1
36,820,6,342,94,0,0,0,0,0,0,57,0,0
37,864,6.03704,326,97,0,0,0,0,0,0,53,0,1
38,848,6.0678,358,98,0,0,0,0,0,0,57,0,2
39,860,6.0678,358,100,0,0,0,0,0,0,57,0,2
40,976,6.03448,350,100,0,0,0,0,0,0,57,0,1
41,1056,6.06897,352,100,0,0,0,0,0,0,56,0,2
42,900,6.0339,356,100,0,0,0,0,0,0,58,0,1
43,1104,6,372,100,0,0,0,0,0,0,62,0,0
44,976,6,366,100,0,0,0,0,0,0,61,0,0
45,1072,6.03279,368,100,0,0,0,0,0,0,60,0,1
46,1088,6.06667,364,100,0,0,0,0,0,0,58,0,2
47,1212,6,378,100,0,0,0,0,0,0,63,0,0
48,1028,6,360,100,0,0,0,0,0,0,60,0,0
49,912,6.03226,374,100,0,0,0,0,0,0,61,0,1
50,756,6,348,100,0,0,0,0,0,0,58,0,0
51,880,6,372,100,0,0,0,0,0,0,62,0,0
52,948,6,378,100,0,0,0,0,0,0,63,0,0
53,1000,6,366,100,0,0,0,0,0,0,61,0,0
54,812,6,348,100,0,0,0,0,0,0,58,0,0
55,784,6,348,100,0,0,0,0,0,0,58,0,0
56,956,6,390,100,0,0,0,0,0,0,65,0,0
57,852,6.03571,338,100,0,0,0,0,0,0,55,0,1
58,964,6,378,100,0,0,0,0,0,0,63,0,0
59,980,6.03279,368,100,0,0,0,0,0,0,60,0,1
60,960,6.03279,368,100,0,0,0,0,0,0,60,0,1
61,712,6.03571,338,100,0,0,0,0,0,0,55,0,1
62,832,6.03125,386,100,0,0,0,0,0,0,63,0,1
63,840,6,378,100,0,0,0,0,0,0,63,0,0
64,796,6,372,100,0,0,0,0,0,0,62,0,0
65,876,6.0339,356,100,0,0,0,0,0,0,58,0,1
66,936,6.06349,382,100,0,0,0,0,0,0,61,0,2
67,872,6.06667,364,100,0,0,0,0,0,0,58,0,2
68,884,6.06349,382,100,0,0,0,0,0,0,61,0,2
69,1000,6.03333,362,100,0,0,0,0,0,0,59,0,1
70,952,6.03333,362,100,0,0,0,0,0,0,59,0,1
71,1116,6.09231,396,100,0,0,0,0,0,0,62,0,3
72,1176,6.12698,386,100,0,0,0,0,0,0,59,0,4
73,1196,6.09836,372,100,0,0,0,0,0,0,58,0,3
74,1188,6.19048,390,100,0,0,0,0,0,0,57,0,6
75,1264,6.25,400,100,0,0,0,0,0,0,56,0,8
76,1376,6.13333,368,100,0,0,0,0,0,0,56,0,4
77,1156,6.13115,374,100,0,0,0,0,0,0,57,0,4
78,1116,6.13793,356,100,0,0,0,0,0,0,54,0,4
79,1304,6.14286,344,100,0,0,0,0,0,0,52,0,4
80,1504,6.19048,390,100,0,0,0,0,0,0,57,0,6
81,1564,6.13115,374,100,0,0,0,0,0,0,57,0,4
82,1388,6.16667,370,100,0,0,0,0,0,0,55,0,5
83,1572,6.18182,408,100,0,0,0,0,0,0,60,0,6
84,1684,6.19048,390,100,0,0,0,0,0,0,57,0,6
85,1408,6.27119,370,100,0,0,0,0,0,0,51,0,8
86,1572,6.25806,388,100,0,0,0,0,0,0,54,0,8
87,1932,6.38095,402,100,0,0,0,0,0,0,51,0,12
88,1968,6.41935,398,100,0,0,0,0,0,0,49,0,13
89,1580,6.36066,388,100,0,0,0,0,0,0,50,0,11
90,1828,6.30769,410,100,0,0,0,0,0,0,55,0,10
91,1204,6.25806,388,100,0,0,0,0,0,0,54,0,8
92,1296,6.2,372,100,0,0,0,0,0,0,54,0,6
93,1324,6.16667,370,100,0,0,0,0,0,0,55,0,5
94,1416,6.16949,364,100,0,0,0,0,0,0,54,0,5
95,1528,6.17241,358,100,0,0,0,0,0,0,53,0,5
96,1788,6.2623,382,100,0,0,0,0,0,0,53,0,8
97,1372,6.28571,352,100,0,0,0,0,0,0,48,0,8
98,1564,6.24561,356,100,0,0,0,0,0,0,50,0,7
99,1264,6.27119,370,100,0,0,0,0,0,0,51,0,8
100,1580,6.31579,360,100,0,0,0,0,0,0,48,0,9
101,1440,6.2807,358,100,0,0,0,0,0,0,49,0,8
102,1296,6.28571,396,100,0,0,0,0,0,0,54,0,9
103,892,6.21053,354,100,0,0,0,0,0,0,51,0,6
104,856,6.34483,368,100,0,0,0,0,0,0,48,0,10
105,1168,6.2623,382,100,0,0,0,0,0,0,53,0,8
106,1032,6.21053,354,100,0,0,0,0,0,0,51,0,6
107,1076,6.32787,386,100,0,0,0,0,0,0,51,0,10
108,908,6.35088,362,100,0,0,0,0,0,0,47,0,10
109,980,6.35714,356,100,0,0,0,0,0,0,46,0,10
110,1172,6.37931,370,100,0,0,0,0,0,0,47,0,11
111,1408,6.37288,376,100,0,0,0,0,0,0,48,0,11
112,1196,6.44828,374,100,0,0,0,0,0,0,45,0,13
113,1232,6.49057,344,100,0,0,0,0,0,0,40,0,13
114,1112,6.36364,350,100,0,0,0,0,0,0,45,0,10
115,1172,6.48276,376,100,0,0,0,0,0,0,44,0,14
116,1380,6.3,378,100,0,0,0,0,0,0,51,0,9
117,1224,6.24138,362,100,0,0,0,0,0,0,51,0,7
118,1316,6.39286,358,100,0,0,0,0,0,0,45,0,11
119,1136,6.34483,368,100,0,0,0,0,0,0,48,0,10
120,1344,6.32787,386,100,0,0,0,0,0,0,51,0,10
121,1388,6.39286,358,100,0,0,0,0,0,0,45,0,11
122,1252,6.37288,376,100,0,0,0,0,0,0,48,0,11
123,1368,6.22951,380,100,0,0,0,0,0,0,54,0,7
124,1396,6.21875,398,100,0,0,0,0,0,0,57,0,7
125,1504,6.24561,356,100,0,0,0,0,0,0,50,0,7
126,1120,6.32727,348,100,0,0,0,0,0,0,46,0,9
127,1344,6.37736,338,100,0,0,0,0,0,0,43,0,10
128,1184,6.33333,342,100,0,0,0,0,0,0,45,0,9
129,1148,6.35714,356,100,0,0,0,0,0,0,46,0,10
130,1184,6.31579,360,100,0,0,0,0,0,0,48,0,9
131,1064,6.27586,364,100,0,0,0,0,0,0,50,0,8
132,1088,6.40678,378,100,0,0,0,0,0,0,47,0,12
133,1108,6.30508,372,100,0,0,0,0,0,0,50,0,9
134,1036,6.14035,350,100,0,0,0,0,0,0,53,0,4
135,1232,6.16129,382,100,0,0,0,0,0,0,57,0,5
136,880,6.16129,382,100,0,0,0,0,0,0,57,0,5
137,960,6.2807,358,100,0,0,0,0,0,0,49,0,8
138,1060,6.25,400,100,0,0,0,0,0,0,56,0,8
139,1048,6.3125,404,100,0,0,0,0,0,0,54,0,10
140,1000,6.24138,362,100,0,0,0,0,0,0,51,0,7
141,1012,6.25397,394,100,0,0,0,0,0,0,55,0,8
142,1152,6.25397,394,100,0,0,0,0,0,0,55,0,8
143,996,6.2,372,100,0,0,0,0,0,0,54,0,6
144,1004,6.1791,414,100,0,0,0,0,0,0,61,0,6
145,904,6.16129,382,100,0,0,0,0,0,0,57,0,5
146,760,6.13333,368,100,0,0,0,0,0,0,56,0,4
147,964,6.15152,406,100,0,0,0,0,0,0,61,0,5
148,888,6.15152,406,100,0,0,0,0,0,0,61,0,5
149,808,6.17544,352,100,0,0,0,0,0,0,52,0,5
150,856,6.10169,360,100,0,0,0,0,0,0,56,0,3
151,904,6.13793,356,100,0,0,0,0,0,0,54,0,4
152,1044,6.17391,426,100,0,0,0,0,0,0,63,0,6
153,996,6.09524,384,100,0,0,0,0,0,0,60,0,3
154,888,6.125,392,100,0,0,0,0,0,0,60,0,4
155,892,6.03509,344,100,0,0,0,0,0,0,56,0,1
156,1004,6.03571,338,100,0,0,0,0,0,0,55,0,1
157,948,6,366,100,0,0,0,0,0,0,61,0,0
158,840,6,330,100,0,0,0,0,0,0,55,0,0
159,912,6,354,100,0,0,0,0,0,0,59,0,0
160,904,6.03509,344,100,0,0,0,0,0,0,56,0,1
161,912,6,336,100,0,0,0,0,0,0,56,0,0
162,960,6.0339,356,100,0,0,0,0,0,0,58,0,1
163,928,6.0678,358,100,0,0,0,0,0,0,57,0,2
164,1024,6.06897,352,100,0,0,0,0,0,0,56,0,2
165,876,6.14286,344,100,0,0,0,0,0,0,52,0,4
166,1008,6.09375,390,100,0,0,0,0,0,0,61,0,3
167,924,6.03175,380,100,0,0,0,0,0,0,62,0,1
168,768,6.03333,362,100,0,0,0,0,0,0,59,0,1
169,956,6.03333,362,100,0,0,0,0,0,0,59,0,1
170,904,6.07273,334,100,0,0,0,0,0,0,53,0,2
171,988,6.14545,338,100,0,0,0,0,0,0,51,0,4
172,1056,6.03448,350,100,0,0,0,0,0,0,57,0,1
173,1096,6.0339,356,100,0,0,0,0,0,0,58,0,1
174,1180,6.03226,374,100,0,0,0,0,0,0,61,0,1
175,1104,6.03704,326,100,0,0,0,0,0,0,53,0,1
176,1268,6.03226,374,100,0,0,0,0,0,0,61,0,1
177,1116,6.10169,360,100,0,0,0,0,0,0,56,0,3
178,1192,6.06897,352,100,0,0,0,0,0,0,56,0,2
179,1336,6.13333,368,100,0,0,0,0,0,0,56,0,4
180,1216,6.0678,358,100,0,0,0,0,0,0,57,0,2
181,1324,6.10714,342,100,0,0,0,0,0,0,53,0,3
182,1248,6.10345,354,100,0,0,0,0,0,0,55,0,3
183,1416,6.14035,350,100,0,0,0,0,0,0,53,0,4
184,892,6.18519,334,100,0,0,0,0,0,0,49,0,5
185,928,6.18182,340,100,0,0,0,0,0,0,50,0,5
186,1096,6.16949,364,100,0,0,0,0,0,0,54,0,5
187,988,6.14035,350,100,0,0,0,0,0,0,53,0,4
188,988,6.13793,356,100,0,0,0,0,0,0,54,0,4
189,1108,6.07018,346,100,0,0,0,0,0,0,55,0,2
190,788,6.20833,298,100,0,0,0,0,0,0,43,0,5
191,1024,6.09836,372,100,0,0,0,0,0,0,58,0,3
192,912,6,348,100,0,0,0,0,0,0,58,0,0
193,980,6,372,100,0,0,0,0,0,0,62,0,0
194,1192,6,378,100,0,0,0,0,0,0,63,0,0
195,1096,6,342,100,0,0,0,0,0,0,57,0,0
196,1068,6,336,100,0,0,0,0,0,0,56,0,0
197,1044,6.03279,368,100,0,0,0,0,0,0,60,0,1
198,1104,6.03448,350,100,0,0,0,0,0,0,57,0,1
199,984,6.07273,334,100,0,0,0,0,0,0,53,0,2
200,1164,6.06667,364,100,0,0,0,0,0,0,58,0,2
201,912,6.03774,320,100,0,0,0,0,0,0,52,0,1
202,908,6.13559,362,100,0,0,0,0,0,0,55,0,4
203,820,6.07407,328,100,0,0,0,0,0,0,52,0,2
204,932,6.07018,346,100,0,0,0,0,0,0,55,0,2
205,1108,6.13793,356,100,0,0,0,0,0,0,54,0,4
206,960,6.06667,364,100,0,0,0,0,0,0,58,0,2
207,1020,6.06349,382,100,0,0,0,0,0,0,61,0,2
208,1012,6.0678,358,100,0,0,0,0,0,0,57,0,2
209,1060,6.06452,376,100,0,0,0,0,0,0,60,0,2
210,1068,6.03509,344,100,0,0,0,0,0,0,56,0,1
211,1056,6.03226,374,100,0,0,0,0,0,0,61,0,1
212,1084,6,372,100,0,0,0,0,0,0,62,0,0
213,972,6,366,100,0,0,0,0,0,0,61,0,0
214,840,6,360,100,0,0,0,0,0,0,60,0,0
215,856,6.0339,356,100,0,0,0,0,0,0,58,0,1
216,856,6.03571,338,100,0,0,0,0,0,0,55,0,1
217,908,6,360,100,0,0,0,0,0,0,60,0,0
218,956,6.02985,404,100,0,0,0,0,0,0,66,0,1
219,892,6.0339,356,100,0,0,0,0,0,0,58,0,1
220,988,6.03571,338,100,0,0,0,0,0,0,55,0,1
221,876,6.07547,322,100,0,0,0,0,0,0,51,0,2
222,968,6.07407,328,100,0,0,0,0,0,0,52,0,2
223,1164,6.03704,326,100,0,0,0,0,0,0,53,0,1
224,1180,6.0678,358,100,0,0,0,0,0,0,57,0,2
225,1080,6.03448,350,100,0,0,0,0,0,0,57,0,1
226,916,6.03571,338,100,0,0,0,0,0,0,55,0,1
227,1136,6,384,100,0,0,0,0,0,0,64,0,0
228,968,6,324,100,0,0,0,0,0,0,54,0,0
229,1024,6,360,100,0,0,0,0,0,0,60,0,0
230,852,6.0339,356,100,0,0,0,0,0,0,58,0,1
231,1132,6.03333,362,100,0,0,0,0,0,0,59,0,1
232,1148,6.07273,334,100,0,0,0,0,0,0,53,0,2
233,908,6,360,100,0,0,0,0,0,0,60,0,0
234,1144,6.06349,382,100,0,0,0,0,0,0,61,0,2
235,1252,6.09524,384,100,0,0,0,0,0,0,60,0,3
236,1112,6.10345,354,100,0,0,0,0,0,0,55,0,3
237,1200,6.03333,362,100,0,0,0,0,0,0,59,0,1
238,1268,6.07018,346,100,0,0,0,0,0,0,55,0,2
239,1292,6.10169,360,100,0,0,0,0,0,0,56,0,3
240,1372,6.13793,356,100,0,0,0,0,0,0,54,0,4
241,1412,6.07143,340,100,0,0,0,0,0,0,54,0,2
242,1464,6.125,392,100,0,0,0,0,0,0,60,0,4
243,1332,6.16393,376,100,0,0,0,0,0,0,56,0,5
244,1096,6.17241,358,100,0,0,0,0,0,0,53,0,5
245,1336,6.03279,368,100,0,0,0,0,0,0,60,0,1
246,1328,6.07018,346,100,0,0,0,0,0,0,55,0,2
247,1200,6.03509,344,100,0,0,0,0,0,0,56,0,1
248,1316,6,360,100,0,0,0,0,0,0,60,0,0
249,1000,6.07018,346,100,0,0,0,0,0,0,55,0,2
250,1300,6.0678,358,100,0,0,0,0,0,0,57,0,2
251,1224,6.0339,356,100,0,0,0,0,0,0,58,0,1
252,1300,6.09836,372,100,0,0,0,0,0,0,58,0,3
253,1384,6.06667,364,100,0,0,0,0,0,0,58,0,2
254,1472,6.0678,358,100,0,0,0,0,0,0,57,0,2
255,1372,6.03448,350,100,0,0,0,0,0,0,57,0,1
256,1512,6.03448,350,100,0,0,0,0,0,0,57,0,1
257,1680,6.10526,348,100,0,0,0,0,0,0,54,0,3
258,1688,6.10714,342,100,0,0,0,0,0,0,53,0,3
259,1448,6.17544,352,100,0,0,0,0,0,0,52,0,5
260,1512,6.03448,350,100,0,0,0,0,0,0,57,0,1
261,1224,6.0678,358,100,0,0,0,0,0,0,57,0,2
262,1036,6.13333,368,100,0,0,0,0,0,0,56,0,4
263,1044,6.06557,370,100,0,0,0,0,0,0,59,0,2
264,1092,6.13333,368,100,0,0,0,0,0,0,56,0,4
265,1116,6.10169,360,100,0,0,0,0,0,0,56,0,3
266,1172,6.06557,370,100,0,0,0,0,0,0,59,0,2
267,1144,6.14035,350,100,0,0,0,0,0,0,53,0,4
268,1172,6.15873,388,100,0,0,0,0,0,0,58,0,5
269,1200,6.13333,368,100,0,0,0,0,0,0,56,0,4
270,1056,6.17544,352,100,0,0,0,0,0,0,52,0,5
271,1176,6.10169,360,100,0,0,0,0,0,0,56,0,3
272,1108,6.03636,332,100,0,0,0,0,0,0,54,0,1
273,1060,6.03448,350,100,0,0,0,0,0,0,57,0,1
274,1004,6.07273,334,100,0,0,0,0,0,0,53,0,2
275,1072,6.03448,350,100,0,0,0,0,0,0,57,0,1
276,1000,6.03333,362,100,0,0,0,0,0,0,59,0,1
277,888,6.03509,344,100,0,0,0,0,0,0,56,0,1
278,796,6.10526,348,100,0,0,0,0,0,0,54,0,3
279,740,6.03509,344,100,0,0,0,0,0,0,56,0,1
280,836,6.07018,346,100,0,0,0,0,0,0,55,0,2
281,824,6.13793,356,100,0,0,0,0,0,0,54,0,4
282,908,6.16949,364,100,0,0,0,0,0,0,54,0,5
283,796,6.10169,360,100,0,0,0,0,0,0,56,0,3
284,1000,6.2623,382,100,0,0,0,0,0,0,53,0,8
285,860,6.22951,380,100,0,0,0,0,0,0,54,0,7
286,896,6.12903,380,100,0,0,0,0,0,0,58,0,4
287,956,6.12903,380,100,0,0,0,0,0,0,58,0,4
288,856,6.13115,374,100,0,0,0,0,0,0,57,0,4
289,840,6.13559,362,100,0,0,0,0,0,0,55,0,4
290,956,6.06667,364,100,0,0,0,0,0,0,58,0,2
291,964,6.06667,364,100,0,0,0,0,0,0,58,0,2
292,972,6.09677,378,100,0,0,0,0,0,0,59,0,3
293,1096,6.125,392,100,0,0,0,0,0,0,60,0,4
294,900,6.06667,364,100,0,0,0,0,0,0,58,0,2
295,856,6.10526,348,100,0,0,0,0,0,0,54,0,3
296,908,6,366,100,0,0,0,0,0,0,61,0,0
297,992,6.03226,374,100,0,0,0,0,0,0,61,0,1
298,1008,6.06557,370,100,0,0,0,0,0,0,59,0,2
299,1152,6.06452,376,100,0,0,0,0,0,0,60,0,2
300,876,6.06349,382,100,0,0,0,0,0,0,61,0,2
301,800,6.03448,350,100,0,0,0,0,0,0,57,0,1
302,876,6.09836,372,100,0,0,0,0,0,0,58,0,3
303,860,6.06154,394,100,0,0,0,0,0,0,63,0,2
304,892,6.06667,364,100,0,0,0,0,0,0,58,0,2
305,736,6.06667,364,100,0,0,0,0,0,0,58,0,2
306,812,6.03175,380,100,0,0,0,0,0,0,62,0,1
307,880,6.03175,380,100,0,0,0,0,0,0,62,0,1
308,932,6.03279,368,100,0,0,0,0,0,0,60,0,1
309,816,6,360,100,0,0,0,0,0,0,60,0,0
310,884,6.06349,382,100,0,0,0,0,0,0,61,0,2
311,888,6.06452,376,100,0,0,0,0,0,0,60,0,2
312,936,6.03226,374,100,0,0,0,0,0,0,61,0,1
313,880,6.03175,380,100,0,0,0,0,0,0,62,0,1
314,1036,6.08955,408,100,0,0,0,0,0,0,64,0,3
315,944,6.06061,400,100,0,0,0,0,0,0,64,0,2
316,1004,6.0678,358,100,0,0,0,0,0,0,57,0,2
317,1088,6.02985,404,100,0,0,0,0,0,0,66,0,1
318,1056,6.03175,380,100,0,0,0,0,0,0,62,0,1
319,1168,6,402,100,0,0,0,0,0,0,67,0,0
320,972,6,360,100,0,0,0,0,0,0,60,0,0
321,1004,6.06557,370,100,0,0,0,0,0,0,59,0,2
322,976,6.03226,374,100,0,0,0,0,0,0,61,0,1
323,972,6.03125,386,100,0,0,0,0,0,0,63,0,1
324,916,6.09677,378,100,0,0,0,0,0,0,59,0,3
325,860,6.07018,346,100,0,0,0,0,0,0,55,0,2
326,1052,6.1,366,100,0,0,0,0,0,0,57,0,3
327,1144,6.1,366,100,0,0,0,0,0,0,57,0,3
328,1052,6.10169,360,100,0,0,0,0,0,0,56,0,3
329,1236,6.12903,380,100,0,0,0,0,0,0,58,0,4
330,1020,6.09836,372,100,0,0,0,0,0,0,58,0,3
331,988,6.06667,364,100,0,0,0,0,0,0,58,0,2
332,1052,6.13793,356,100,0,0,0,0,0,0,54,0,4
333,1160,6.09091,402,100,0,0,0,0,0,0,63,0,3
334,1028,6.10909,336,100,0,0,0,0,0,0,52,0,3
335,952,6.03279,368,100,0,0,0,0,0,0,60,0,1
336,992,6.03509,344,100,0,0,0,0,0,0,56,0,1
337,988,6,342,100,0,0,0,0,0,0,57,0,0
338,992,6,366,100,0,0,0,0,0,0,61,0,0
339,996,6.03279,368,100,0,0,0,0,0,0,60,0,1
340,1044,6.03226,374,100,0,0,0,0,0,0,61,0,1
341,760,6.03509,344,100,0,0,0,0,0,0,56,0,1
342,1048,6.06349,382,100,0,0,0,0,0,0,61,0,2
343,996,6.12903,380,100,0,0,0,0,0,0,58,0,4
344,1104,6.08955,408,100,0,0,0,0,0,0,64,0,3
345,844,6.10345,354,100,0,0,0,0,0,0,55,0,3
346,812,6.0678,358,100,0,0,0,0,0,0,57,0,2
347,868,6.06452,376,100,0,0,0,0,0,0,60,0,2
348,904,6.09375,390,100,0,0,0,0,0,0,61,0,3
349,956,6.09836,372,100,0,0,0,0,0,0,58,0,3
350,1012,6.125,392,100,0,0,0,0,0,0,60,0,4
351,980,6.06452,376,100,0,0,0,0,0,0,60,0,2
352,1012,6.06349,382,100,0,0,0,0,0,0,61,0,2
353,900,6.1,366,100,0,0,0,0,0,0,57,0,3
354,920,6.13559,362,100,0,0,0,0,0,0,55,0,4
355,920,6.09836,372,100,0,0,0,0,0,0,58,0,3
356,900,6.16393,376,100,0,0,0,0,0,0,56,0,5
357,1080,6.15385,400,100,0,0,0,0,0,0,60,0,5
358,1296,6.15873,388,100,0,0,0,0,0,0,58,0,5
359,1248,6.09524,384,100,0,0,0,0,0,0,60,0,3
360,1572,6.08824,414,100,0,0,0,0,0,0,65,0,3
361,1376,6.08955,408,100,0,0,0,0,0,0,64,0,3
362,1384,6.06452,376,100,0,0,0,0,0,0,60,0,2
363,1176,6.06349,382,100,0,0,0,0,0,0,61,0,2
364,1320,6.06452,376,100,0,0,0,0,0,0,60,0,2
365,1264,6.0625,388,100,0,0,0,0,0,0,62,0,2
366,1584,6,384,100,0,0,0,0,0,0,64,0,0
367,1392,6,348,100,0,0,0,0,0,0,58,0,0
368,1692,6,366,100,0,0,0,0,0,0,61,0,0
369,1836,6.03279,368,100,0,0,0,0,0,0,60,0,1
370,1668,6.03571,338,100,0,0,0,0,0,0,55,0,1
371,1656,6.09836,372,100,0,0,0,0,0,0,58,0,3
372,1544,6.03448,350,100,0,0,0,0,0,0,57,0,1
373,1536,6.13333,368,100,0,0,0,0,0,0,56,0,4
374,1620,6.06667,364,100,0,0,0,0,0,0,58,0,2
375,1272,6.03226,374,100,0,0,0,0,0,0,61,0,1
376,1456,6.0303,398,100,0,0,0,0,0,0,65,0,1
377,1412,6.06452,376,100,0,0,0,0,0,0,60,0,2
378,1212,6.03636,332,100,0,0,0,0,0,0,54,0,1
379,1384,6.03448,350,100,0,0,0,0,0,0,57,0,1
380,1628,6.13115,374,100,0,0,0,0,0,0,57,0,4
381,1372,6.18182,340,100,0,0,0,0,0,0,50,0,5
382,1616,6.10526,348,100,0,0,0,0,0,0,54,0,3
383,1644,6.18182,340,100,0,0,0,0,0,0,50,0,5
384,1752,6.17544,352,100,0,0,0,0,0,0,52,0,5
385,1776,6.22951,380,100,0,0,0,0,0,0,54,0,7
386,1556,6.10169,360,100,0,0,0,0,0,0,56,0,3
387,1452,6.13793,356,100,0,0,0,0,0,0,54,0,4
388,1428,6.16949,364,100,0,0,0,0,0,0,54,0,5
389,1152,6.18868,328,100,0,0,0,0,0,0,48,0,5
390,1380,6.09836,372,100,0,0,0,0,0,0,58,0,3
391,1436,6.07407,328,100,0,0,0,0,0,0,52,0,2
392,1520,6.12698,386,100,0,0,0,0,0,0,59,0,4
393,1384,6.10909,336,100,0,0,0,0,0,0,52,0,3
394,1368,6.14286,344,100,0,0,0,0,0,0,52,0,4
395,1508,6.25,350,100,0,0,0,0,0,0,49,0,7
396,1128,6.18182,340,100,0,0,0,0,0,0,50,0,5
397,1148,6.21429,348,100,0,0,0,0,0,0,50,0,6
398,1208,6.2069,360,100,0,0,0,0,0,0,52,0,6
399,1016,6.22222,336,100,0,0,0,0,0,0,48,0,6
400,1076,6.2069,360,100,0,0,0,0,0,0,52,0,6
401,1056,6.18519,334,100,0,0,0,0,0,0,49,0,5
402,1236,6.17241,358,100,0,0,0,0,0,0,53,0,5
403,1068,6.14545,338,100,0,0,0,0,0,0,51,0,4
404,860,6.14286,344,100,0,0,0,0,0,0,52,0,4
405,928,6.25,350,100,0,0,0,0,0,0,49,0,7
406,1004,6.22581,386,100,0,0,0,0,0,0,55,0,7
407,896,6.10909,336,100,0,0,0,0,0,0,52,0,3
408,1008,6.06667,364,100,0,0,0,0,0,0,58,0,2
409,1024,6.12903,380,100,0,0,0,0,0,0,58,0,4
410,1012,6.03333,362,100,0,0,0,0,0,0,59,0,1
411,1068,6.06557,370,100,0,0,0,0,0,0,59,0,2
412,1036,6.0625,388,100,0,0,0,0,0,0,62,0,2
413,892,6,354,100,0,0,0,0,0,0,59,0,0
414,1040,6.06452,376,100,0,0,0,0,0,0,60,0,2
415,1008,6.10714,342,100,0,0,0,0,0,0,53,0,3
416,916,6.09677,378,100,0,0,0,0,0,0,59,0,3
417,1000,6.1,366,100,0,0,0,0,0,0,57,0,3
418,936,6.09836,372,100,0,0,0,0,0,0,58,0,3
419,932,6.17857,346,100,0,0,0,0,0,0,51,0,5
420,1020,6.16667,370,100,0,0,0,0,0,0,55,0,5
421,1060,6.16949,364,100,0,0,0,0,0,0,54,0,5
422,1156,6,384,100,0,0,0,0,0,0,64,0,0
423,1156,6.03333,362,100,0,0,0,0,0,0,59,0,1
424,1112,6.09677,378,100,0,0,0,0,0,0,59,0,3
425,936,6.03448,350,100,0,0,0,0,0,0,57,0,1
426,880,6.0678,358,100,0,0,0,0,0,0,57,0,2
427,960,6.03333,362,100,0,0,0,0,0,0,59,0,1
428,932,6,342,100,0,0,0,0,0,0,57,0,0
429,936,6.0339,356,100,0,0,0,0,0,0,58,0,1
430,908,6,378,100,0,0,0,0,0,0,63,0,0
431,872,6,336,100,0,0,0,0,0,0,56,0,0
432,892,6.03175,380,100,0,0,0,0,0,0,62,0,1
433,1036,6.0678,358,100,0,0,0,0,0,0,57,0,2
434,1064,6.0625,388,100,0,0,0,0,0,0,62,0,2
435,916,6.12903,380,100,0,0,0,0,0,0,58,0,4
436,988,6.06154,394,100,0,0,0,0,0,0,63,0,2
437,944,6.15152,406,100,0,0,0,0,0,0,61,0,5
438,948,6.16949,364,100,0,0,0,0,0,0,54,0,5
439,1052,6.15385,400,100,0,0,0,0,0,0,60,0,5
440,1084,6.16129,382,100,0,0,0,0,0,0,57,0,5
441,932,6.10345,354,100,0,0,0,0,0,0,55,0,3
442,920,6.07018,346,100,0,0,0,0,0,0,55,0,2
443,1056,6.11765,416,100,0,0,0,0,0,0,64,0,4
444,1028,6.15385,400,100,0,0,0,0,0,0,60,0,5
445,872,6.09836,372,100,0,0,0,0,0,0,58,0,3
446,884,6.09677,378,100,0,0,0,0,0,0,59,0,3
447,1000,6.07018,346,100,0,0,0,0,0,0,55,0,2
448,1032,6.12903,380,100,0,0,0,0,0,0,58,0,4
449,940,6.03226,374,100,0,0,0,0,0,0,61,0,1
450,1048,6.03125,386,100,0,0,0,0,0,0,63,0,1
451,972,6,336,100,0,0,0,0,0,0,56,0,0
452,864,6.03571,338,100,0,0,0,0,0,0,55,0,1
453,1024,6.03333,362,100,0,0,0,0,0,0,59,0,1
454,1068,6,366,100,0,0,0,0,0,0,61,0,0
455,944,6.06667,364,100,0,0,0,0,0,0,58,0,2
456,940,6.03509,344,100,0,0,0,0,0,0,56,0,1
457,912,6,372,100,0,0,0,0,0,0,62,0,0
458,780,6.0678,358,100,0,0,0,0,0,0,57,0,2
459,964,6.03226,374,100,0,0,0,0,0,0,61,0,1
460,1000,6.03226,374,100,0,0,0,0,0,0,61,0,1
461,1036,6.06667,364,100,0,0,0,0,0,0,58,0,2
462,944,6.06557,370,100,0,0,0,0,0,0,59,0,2
463,952,6.09375,390,100,0,0,0,0,0,0,61,0,3
464,928,6.06667,364,100,0,0,0,0,0,0,58,0,2
465,1036,6.10526,348,100,0,0,0,0,0,0,54,0,3
466,1204,6,372,100,0,0,0,0,0,0,62,0,0
467,1200,6.09231,396,100,0,0,0,0,0,0,62,0,3
468,1112,6.0339,356,100,0,0,0,0,0,0,58,0,1
469,800,6.03077,392,100,0,0,0,0,0,0,64,0,1
470,776,6.10526,348,100,0,0,0,0,0,0,54,0,3
471,928,6.1,366,100,0,0,0,0,0,0,57,0,3
472,1144,6.09836,372,100,0,0,0,0,0,0,58,0,3
473,1288,6.05634,430,100,0,0,0,0,0,0,69,0,2
474,1148,6.06557,370,100,0,0,0,0,0,0,59,0,2
475,1400,6.02985,404,100,0,0,0,0,0,0,66,0,1
476,1488,6,378,100,0,0,0,0,0,0,63,0,0
477,1684,6.03077,392,100,0,0,0,0,0,0,64,0,1
478,1560,6,372,100,0,0,0,0,0,0,62,0,0
479,1824,6,390,100,0,0,0,0,0,0,65,0,0
480,1084,6,378,100,0,0,0,0,0,0,63,0,0
481,1144,6.0303,398,100,0,0,0,0,0,0,65,0,1
482,1116,6,372,100,0,0,0,0,0,0,62,0,0
483,792,6,384,100,0,0,0,0,0,0,64,0,0
484,920,6,396,100,0,0,0,0,0,0,66,0,0
485,800,6,360,100,0,0,0,0,0,0,60,0,0
486,840,6.06154,394,100,0,0,0,0,0,0,63,0,2
487,900,6,396,100,0,0,0,0,0,0,66,0,0
488,880,6.03226,374,100,0,0,0,0,0,0,61,0,1
489,856,6.09836,372,100,0,0,0,0,0,0,58,0,3
490,944,6.0597,406,100,0,0,0,0,0,0,65,0,2
491,816,6.06557,370,100,0,0,0,0,0,0,59,0,2
492,872,6.03226,374,100,0,0,0,0,0,0,61,0,1
493,988,6,384,100,0,0,0,0,0,0,64,0,0
494,944,6,360,100,0,0,0,0,0,0,60,0,0
495,1012,6.03125,386,100,0,0,0,0,0,0,63,0,1
496,964,6.06557,370,100,0,0,0,0,0,0,59,0,2
497,948,6.09836,372,100,0,0,0,0,0,0,58,0,3
498,1032,6.09375,390,100,0,0,0,0,0,0,61,0,3
499,944,6.09524,384,100,0,0,0,0,0,0,60,0,3
500,924,6.06667,364,100,0,0,0,0,0,0,58,0,2
501,1072,6.09677,378,100,0,0,0,0,0,0,59,0,3
502,1236,6.09836,372,100,0,0,0,0,0,0,58,0,3
503,1008,6.1,366,100,0,0,0,0,0,0,57,0,3
504,1172,6.125,392,100,0,0,0,0,0,0,60,0,4
505,940,6.06452,376,100,0,0,0,0,0,0,60,0,2
506,1004,6.03279,368,100,0,0,0,0,0,0,60,0,1
507,1000,6,342,100,0,0,0,0,0,0,57,0,0
508,1060,6,378,100,0,0,0,0,0,0,63,0,0
509,856,6.03279,368,100,0,0,0,0,0,0,60,0,1
510,876,6.06667,364,100,0,0,0,0,0,0,58,0,2
511,792,6.09836,372,100,0,0,0,0,0,0,58,0,3
512,808,6.13115,374,100,0,0,0,0,0,0,57,0,4
513,876,6.12698,386,100,0,0,0,0,0,0,59,0,4
514,928,6.08955,408,100,0,0,0,0,0,0,64,0,3
515,912,6.13333,368,100,0,0,0,0,0,0,56,0,4
516,836,6.0678,358,100,0,0,0,0,0,0,57,0,2
517,748,6.0339,356,100,0,0,0,0,0,0,58,0,1
518,892,6.03175,380,100,0,0,0,0,0,0,62,0,1
519,832,6,360,100,0,0,0,0,0,0,60,0,0
520,1016,6,408,100,0,0,0,0,0,0,68,0,0
521,916,6,372,100,0,0,0,0,0,0,62,0,0
522,912,6,330,100,0,0,0,0,0,0,55,0,0
523,832,6,366,100,0,0,0,0,0,0,61,0,0
524,812,6.03509,344,100,0,0,0,0,0,0,56,0,1
525,756,6.03333,362,100,0,0,0,0,0,0,59,0,1
526,956,6,372,100,0,0,0,0,0,0,62,0,0
527,980,6.03448,350,100,0,0,0,0,0,0,57,0,1
528,928,6,360,100,0,0,0,0,0,0,60,0,0
529,968,6,360,100,0,0,0,0,0,0,60,0,0
530,1024,6,378,100,0,0,0,0,0,0,63,0,0
531,1068,6.06349,382,100,0,0,0,0,0,0,61,0,2
532,1032,6,396,100,0,0,0,0,0,0,66,0,0
533,1144,6.06452,376,100,0,0,0,0,0,0,60,0,2
534,1168,6.03125,386,100,0,0,0,0,0,0,63,0,1
535,1072,6.0678,358,100,0,0,0,0,0,0,57,0,2
536,988,6.06154,394,100,0,0,0,0,0,0,63,0,2
537,964,6.06061,400,100,0,0,0,0,0,0,64,0,2
538,800,6.03509,344,100,0,0,0,0,0,0,56,0,1
539,936,6,378,100,0,0,0,0,0,0,63,0,0
540,860,6.0339,356,100,0,0,0,0,0,0,58,0,1
541,848,6.03448,350,100,0,0,0,0,0,0,57,0,1
542,844,6.06897,352,100,0,0,0,0,0,0,56,0,2
543,996,6,366,100,0,0,0,0,0,0,61,0,0
544,972,6.0625,388,100,0,0,0,0,0,0,62,0,2
545,924,6.06667,364,100,0,0,0,0,0,0,58,0,2
546,1004,6.13333,368,100,0,0,0,0,0,0,56,0,4
547,976,6.1,366,100,0,0,0,0,0,0,57,0,3
548,1180,6.12121,404,100,0,0,0,0,0,0,62,0,4
549,1284,6.21212,410,100,0,0,0,0,0,0,59,0,7
550,1048,6.15385,400,100,0,0,0,0,0,0,60,0,5
551,1020,6.27119,370,100,0,0,0,0,0,0,51,0,8
552,1000,6.2,372,100,0,0,0,0,0,0,54,0,6
553,1036,6.17544,352,100,0,0,0,0,0,0,52,0,5
554,1180,6.23729,368,100,0,0,0,0,0,0,52,0,7
555,1200,6.30508,372,100,0,0,0,0,0,0,50,0,9
556,1168,6.40678,378,100,0,0,0,0,0,0,47,0,12
557,1140,6.43333,386,100,0,0,0,0,0,0,47,0,13
558,1032,6.38596,364,100,0,0,0,0,0,0,46,0,11
559,1080,6.43636,354,100,0,0,0,0,0,0,43,0,12
560,1324,6.42623,392,100,0,0,0,0,0,0,48,0,13
561,1248,6.37931,370,100,0,0,0,0,0,0,47,0,11
562,1028,6.4,352,100,0,0,0,0,0,0,44,0,11
563,1248,6.64407,392,100,0,0,0,0,0,0,40,0,19
564,1144,6.23077,324,100,0,0,0,0,0,0,46,0,6
565,1244,6.33333,380,100,0,0,0,0,0,0,50,0,10
566,1176,6.21053,354,100,0,0,0,0,0,0,51,0,6
567,800,6.19231,322,100,0,0,0,0,0,0,47,0,5
568,1132,6.32787,386,100,0,0,0,0,0,0,51,0,10
569,1080,6.37931,370,100,0,0,0,0,0,0,47,0,11
570,956,6.42623,392,100,0,0,0,0,0,0,48,0,13
571,880,6.27119,370,100,0,0,0,0,0,0,51,0,8
572,1080,6.45455,426,100,0,0,0,0,0,0,51,0,15
573,968,6.41935,398,100,0,0,0,0,0,0,49,0,13
574,1112,6.29851,422,100,0,0,0,0,0,0,57,0,10
575,1164,6.3125,404,100,0,0,0,0,0,0,54,0,10
576,1004,6.10526,348,100,0,0,0,0,0,0,54,0,3
577,956,6.26667,376,100,0,0,0,0,0,0,52,0,8
578,908,6.25806,388,100,0,0,0,0,0,0,54,0,8
579,924,6.25806,388,100,0,0,0,0,0,0,54,0,8
580,996,6.29508,384,100,0,0,0,0,0,0,52,0,9
581,904,6.25806,388,100,0,0,0,0,0,0,54,0,8
582,1004,6.2029,428,100,0,0,0,0,0,0,62,0,7
583,1008,6.27692,408,100,0,0,0,0,0,0,56,0,9
584,1024,6.31746,398,100,0,0,0,0,0,0,53,0,10
585,900,6.22951,380,100,0,0,0,0,0,0,54,0,7
586,896,6.15873,388,100,0,0,0,0,0,0,58,0,5
587,952,6.125,392,100,0,0,0,0,0,0,60,0,4
588,936,6.16667,370,100,0,0,0,0,0,0,55,0,5
589,1040,6.12308,398,100,0,0,0,0,0,0,61,0,4
590,1016,6.1,366,100,0,0,0,0,0,0,57,0,3
591,828,6.09524,384,100,0,0,0,0,0,0,60,0,3
592,820,6.0678,358,100,0,0,0,0,0,0,57,0,2
593,728,6.0625,388,100,0,0,0,0,0,0,62,0,2
594,816,6.12308,398,100,0,0,0,0,0,0,61,0,4
595,812,6.06349,382,100,0,0,0,0,0,0,61,0,2
596,780,6.08955,408,100,0,0,0,0,0,0,64,0,3
597,896,6.08955,408,100,0,0,0,0,0,0,64,0,3
598,896,6.09091,402,100,0,0,0,0,0,0,63,0,3
599,780,6.03226,374,100,0,0,0,0,0,0,61,0,1
600,736,6.03448,350,100,0,0,0,0,0,0,57,0,1
601,816,6.03279,368,100,0,0,0,0,0,0,60,0,1
602,796,6.0678,358,100,0,0,0,0,0,0,57,0,2
603,856,6,372,100,0,0,0,0,0,0,62,0,0
604,976,6,378,100,0,0,0,0,0,0,63,0,0
605,960,6.03226,374,100,0,0,0,0,0,0,61,0,1
606,872,6,384,100,0,0,0,0,0,0,64,0,0
607,804,6.03077,392,100,0,0,0,0,0,0,64,0,1
608,944,6,366,100,0,0,0,0,0,0,61,0,0
609,932,6.06557,370,100,0,0,0,0,0,0,59,0,2
610,1092,6.06349,382,100,0,0,0,0,0,0,61,0,2
611,1036,6.17857,346,100,0,0,0,0,0,0,51,0,5
612,856,6.10169,360,100,0,0,0,0,0,0,56,0,3
613,968,6.17857,346,100,0,0,0,0,0,0,51,0,5
614,1008,6.22581,386,100,0,0,0,0,0,0,55,0,7
615,944,6.18519,334,100,0,0,0,0,0,0,49,0,5
616,960,6.31579,360,100,0,0,0,0,0,0,48,0,9
617,792,6.14286,344,100,0,0,0,0,0,0,52,0,4
618,1000,6.21053,354,100,0,0,0,0,0,0,51,0,6
619,976,6.23333,374,100,0,0,0,0,0,0,53,0,7
620,932,6.14545,338,100,0,0,0,0,0,0,51,0,4
621,828,6.17544,352,100,0,0,0,0,0,0,52,0,5
622,952,6.13333,368,100,0,0,0,0,0,0,56,0,4
623,1052,6.10169,360,100,0,0,0,0,0,0,56,0,3
624,1196,6.06061,400,100,0,0,0,0,0,0,64,0,2
625,1112,6.03125,386,100,0,0,0,0,0,0,63,0,1
626,1300,6.08824,414,100,0,0,0,0,0,0,65,0,3
627,924,6.09677,378,100,0,0,0,0,0,0,59,0,3
628,860,6.1791,414,100,0,0,0,0,0,0,61,0,6
629,844,6.125,392,100,0,0,0,0,0,0,60,0,4
630,1064,6.15152,406,100,0,0,0,0,0,0,61,0,5
631,1200,6.14706,418,100,0,0,0,0,0,0,63,0,5
632,1028,6.22581,386,100,0,0,0,0,0,0,55,0,7
633,888,6.12308,398,100,0,0,0,0,0,0,61,0,4
634,924,6.16129,382,100,0,0,0,0,0,0,57,0,5
635,848,6.22222,336,100,0,0,0,0,0,0,48,0,6
636,1004,6.125,392,100,0,0,0,0,0,0,60,0,4
637,904,6.14035,350,100,0,0,0,0,0,0,53,0,4
638,896,6.16949,364,100,0,0,0,0,0,0,54,0,5
639,988,6.21818,342,100,0,0,0,0,0,0,49,0,6
640,1044,6.25455,344,100,0,0,0,0,0,0,48,0,7
641,948,6.21053,354,100,0,0,0,0,0,0,51,0,6
642,1028,6.10714,342,100,0,0,0,0,0,0,53,0,3
643,1024,6.03571,338,100,0,0,0,0,0,0,55,0,1
644,968,6,330,100,0,0,0,0,0,0,55,0,0
645,1024,6.1,366,100,0,0,0,0,0,0,57,0,3
646,960,6.07143,340,100,0,0,0,0,0,0,54,0,2
647,1108,6.10714,342,100,0,0,0,0,0,0,53,0,3
648,1044,6.03704,326,100,0,0,0,0,0,0,53,0,1
649,1168,6,348,100,0,0,0,0,0,0,58,0,0
650,928,6.03774,320,100,0,0,0,0,0,0,52,0,1
651,1056,6.0339,356,100,0,0,0,0,0,0,58,0,1
652,1132,6.03509,344,100,0,0,0,0,0,0,56,0,1
653,1044,6.03448,350,100,0,0,0,0,0,0,57,0,1
654,1008,6.03509,344,100,0,0,0,0,0,0,56,0,1
655,1232,6.0339,356,100,0,0,0,0,0,0,58,0,1
656,1176,6.03636,332,100,0,0,0,0,0,0,54,0,1
657,1104,6,342,100,0,0,0,0,0,0,57,0,0
658,1120,6,348,100,0,0,0,0,0,0,58,0,0
659,1028,6,342,100,0,0,0,0,0,0,57,0,0
660,1240,6,378,100,0,0,0,0,0,0,63,0,0
661,1300,6.03333,362,100,0,0,0,0,0,0,59,0,1
662,1488,6.06557,370,100,0,0,0,0,0,0,59,0,2
663,1820,6.10345,354,100,0,0,0,0,0,0,55,0,3
664,1904,6.07273,334,100,0,0,0,0,0,0,53,0,2
665,1840,6,342,100,0,0,0,0,0,0,57,0,0
666,2156,6.03333,362,100,0,0,0,0,0,0,59,0,1
667,2012,6.03509,344,100,0,0,0,0,0,0,56,0,1
668,1852,6,354,100,0,0,0,0,0,0,59,0,0
669,2220,6,366,100,0,0,0,0,0,0,61,0,0
670,2476,6,348,100,0,0,0,0,0,0,58,0,0
671,1376,6,342,100,0,0,0,0,0,0,57,0,0
672,1484,6.0339,356,100,0,0,0,0,0,0,58,0,1
673,1612,6.03571,338,100,0,0,0,0,0,0,55,0,1
674,1764,6,360,100,0,0,0,0,0,0,60,0,0
675,1772,6.03922,308,100,0,0,0,0,0,0,50,0,1
676,2308,6.03774,320,100,0,0,0,0,0,0,52,0,1
677,2108,6,342,100,0,0,0,0,0,0,57,0,0
678,2284,6,336,100,0,0,0,0,0,0,56,0,0
679,1748,6,330,100,0,0,0,0,0,0,55,0,0
680,2284,6.07407,328,100,0,0,0,0,0,0,52,0,2
681,1636,6.03333,362,100,0,0,0,0,0,0,59,0,1
682,1536,6,318,100,0,0,0,0,0,0,53,0,0
683,1308,6.03333,362,100,0,0,0,0,0,0,59,0,1
684,1460,6,336,100,0,0,0,0,0,0,56,0,0
685,1176,6,336,100,0,0,0,0,0,0,56,0,0
686,1088,6,354,100,0,0,0,0,0,0,59,0,0
687,1300,6,366,100,0,0,0,0,0,0,61,0,0
688,972,6,378,100,0,0,0,0,0,0,63,0,0
689,984,6,390,100,0,0,0,0,0,0,65,0,0
690,988,6,390,100,0,0,0,0,0,0,65,0,0
691,996,6,408,100,0,0,0,0,0,0,68,0,0
692,1068,6.03125,386,100,0,0,0,0,0,0,63,0,1
693,1252,6,390,100,0,0,0,0,0,0,65,0,0
694,1328,6,402,100,0,0,0,0,0,0,67,0,0
695,1240,6,366,100,0,0,0,0,0,0,61,0,0
696,1360,6,396,100,0,0,0,0,0,0,66,0,0
697,824,6,354,100,0,0,0,0,0,0,59,0,0
698,1000,6,366,100,0,0,0,0,0,0,61,0,0
699,1048,6.0678,358,100,0,0,0,0,0,0,57,0,2
700,912,6.03279,368,100,0,0,0,0,0,0,60,0,1
701,988,6.03333,362,100,0,0,0,0,0,0,59,0,1
702,1120,6.03125,386,100,0,0,0,0,0,0,63,0,1
703,1096,6.06897,352,100,0,0,0,0,0,0,56,0,2
704,756,6.03226,374,100,0,0,0,0,0,0,61,0,1
705,844,6,348,100,0,0,0,0,0,0,58,0,0
706,996,6,378,100,0,0,0,0,0,0,63,0,0
707,1036,6,372,100,0,0,0,0,0,0,62,0,0
708,1084,6.03279,368,100,0,0,0,0,0,0,60,0,1
709,1252,6,336,100,0,0,0,0,0,0,56,0,0
710,1288,6,354,100,0,0,0,0,0,0,59,0,0
711,1448,6,378,100,0,0,0,0,0,0,63,0,0
712,1556,6.03333,362,100,0,0,0,0,0,0,59,0,1
713,1236,6.0597,406,100,0,0,0,0,0,0,65,0,2
714,744,6,330,100,0,0,0,0,0,0,55,0,0
715,968,6,366,100,0,0,0,0,0,0,61,0,0
716,992,6,372,100,0,0,0,0,0,0,62,0,0
717,940,6,378,100,0,0,0,0,0,0,63,0,0
718,964,6,366,100,0,0,0,0,0,0,61,0,0
719,912,6,366,100,0,0,0,0,0,0,61,0,0
720,1072,6,384,100,0,0,0,0,0,0,64,0,0
721,952,6,348,100,0,0,0,0,0,0,58,0,0
722,940,6,366,100,0,0,0,0,0,0,61,0,0
723,1020,6,384,100,0,0,0,0,0,0,64,0,0
724,876,6,366,100,0,0,0,0,0,0,61,0,0
725,944,6.06897,352,100,0,0,0,0,0,0,56,0,2
726,1096,6.09375,390,100,0,0,0,0,0,0,61,0,3
727,1148,6.06452,376,100,0,0,0,0,0,0,60,0,2
728,1260,6.03125,386,100,0,0,0,0,0,0,63,0,1
729,908,6.03333,362,100,0,0,0,0,0,0,59,0,1
730,1216,6.0625,388,100,0,0,0,0,0,0,62,0,2
731,1080,6.03448,350,100,0,0,0,0,0,0,57,0,1
732,1468,6.06452,376,100,0,0,0,0,0,0,60,0,2
733,1336,6.03226,374,100,0,0,0,0,0,0,61,0,1
734,1224,6.03279,368,100,0,0,0,0,0,0,60,0,1
735,1168,6.06667,364,100,0,0,0,0,0,0,58,0,2
736,1240,6.07018,346,100,0,0,0,0,0,0,55,0,2
737,1220,6.03571,338,100,0,0,0,0,0,0,55,0,1
738,1280,6,354,100,0,0,0,0,0,0,59,0,0
739,1140,6,354,100,0,0,0,0,0,0,59,0,0
740,1140,6,348,100,0,0,0,0,0,0,58,0,0
741,1140,6,384,100,0,0,0,0,0,0,64,0,0
742,1004,6.0339,356,100,0,0,0,0,0,0,58,0,1
743,1152,6.06557,370,100,0,0,0,0,0,0,59,0,2
744,1100,6,372,100,0,0,0,0,0,0,62,0,0
745,1004,6.03333,362,100,0,0,0,0,0,0,59,0,1
746,976,6.03226,374,100,0,0,0,0,0,0,61,0,1
747,1012,6,354,100,0,0,0,0,0,0,59,0,0
748,1224,6.0339,356,100,0,0,0,0,0,0,58,0,1
749,1144,6.03125,386,100,0,0,0,0,0,0,63,0,1
750,1240,6.03333,362,100,0,0,0,0,0,0,59,0,1
751,1224,6.06667,364,100,0,0,0,0,0,0,58,0,2
752,1092,6,342,100,0,0,0,0,0,0,57,0,0
753,1348,6.0678,358,100,0,0,0,0,0,0,57,0,2
754,1500,6,330,100,0,0,0,0,0,0,55,0,0
755,1192,6.03774,320,100,0,0,0,0,0,0,52,0,1
756,1416,6,348,100,0,0,0,0,0,0,58,0,0
757,1412,6.03448,350,100,0,0,0,0,0,0,57,0,1
758,1544,6.0339,356,100,0,0,0,0,0,0,58,0,1
759,1324,6.06667,364,100,0,0,0,0,0,0,58,0,2
760,1252,6.10526,348,100,0,0,0,0,0,0,54,0,3
761,1484,6.09836,372,100,0,0,0,0,0,0,58,0,3
762,1364,6.06667,364,100,0,0,0,0,0,0,58,0,2
763,1208,6.0339,356,100,0,0,0,0,0,0,58,0,1
764,1116,6.07018,346,100,0,0,0,0,0,0,55,0,2
765,1192,6.13115,374,100,0,0,0,0,0,0,57,0,4
766,1240,6.0625,388,100,0,0,0,0,0,0,62,0,2
767,1132,6.09231,396,100,0,0,0,0,0,0,62,0,3
768,1200,6,366,100,0,0,0,0,0,0,61,0,0
769,1252,6.09836,372,100,0,0,0,0,0,0,58,0,3
770,1368,6.16129,382,100,0,0,0,0,0,0,57,0,5
771,1168,6.19355,384,100,0,0,0,0,0,0,56,0,6
772,1028,6.09677,378,100,0,0,0,0,0,0,59,0,3
773,1044,6.16129,382,100,0,0,0,0,0,0,57,0,5
774,1048,6.16393,376,100,0,0,0,0,0,0,56,0,5
775,1064,6.06667,364,100,0,0,0,0,0,0,58,0,2
776,1064,6.12903,380,100,0,0,0,0,0,0,58,0,4
777,1060,6.10714,342,100,0,0,0,0,0,0,53,0,3
778,1096,6.10345,354,100,0,0,0,0,0,0,55,0,3
779,1120,6.03509,344,100,0,0,0,0,0,0,56,0,1
780,1124,6.03448,350,100,0,0,0,0,0,0,57,0,1
781,1176,6.03846,314,100,0,0,0,0,0,0,51,0,1
782,1128,6,342,100,0,0,0,0,0,0,57,0,0
783,1212,6,336,100,0,0,0,0,0,0,56,0,0
784,1012,6.07143,340,100,0,0,0,0,0,0,54,0,2
785,1028,6.10714,342,100,0,0,0,0,0,0,53,0,3
786,732,6.11111,330,100,0,0,0,0,0,0,51,0,3
787,936,6.16393,376,100,0,0,0,0,0,0,56,0,5
788,832,6.06667,364,100,0,0,0,0,0,0,58,0,2
789,996,6.03571,338,100,0,0,0,0,0,0,55,0,1
790,1216,6.03333,362,100,0,0,0,0,0,0,59,0,1
791,1128,6,354,100,0,0,0,0,0,0,59,0,0
792,1280,6.17857,346,100,0,0,0,0,0,0,51,0,5
793,1484,6.07692,316,100,0,0,0,0,0,0,50,0,2
794,1416,6.03636,332,100,0,0,0,0,0,0,54,0,1
795,1784,6.10526,348,100,0,0,0,0,0,0,54,0,3
796,1412,6.0678,358,100,0,0,0,0,0,0,57,0,2
797,1192,6.03571,338,100,0,0,0,0,0,0,55,0,1
798,1012,6,342,100,0,0,0,0,0,0,57,0,0
799,996,6.03636,332,100,0,0,0,0,0,0,54,0,1
800,1276,6.06557,370,100,0,0,0,0,0,0,59,0,2
801,1100,6.06557,370,100,0,0,0,0,0,0,59,0,2
802,1124,6.03279,368,100,0,0,0,0,0,0,60,0,1
803,1012,6.0339,356,100,0,0,0,0,0,0,58,0,1
804,1056,6.09677,378,100,0,0,0,0,0,0,59,0,3
805,1076,6.10909,336,100,0,0,0,0,0,0,52,0,3
806,1176,6.03636,332,100,0,0,0,0,0,0,54,0,1
807,932,6.03636,332,100,0,0,0,0,0,0,54,0,1
808,1268,6.03509,344,100,0,0,0,0,0,0,56,0,1
809,1284,6.03571,338,100,0,0,0,0,0,0,55,0,1
810,1288,6.03636,332,100,0,0,0,0,0,0,54,0,1
811,1512,6.03636,332,100,0,0,0,0,0,0,54,0,1
812,1324,6.14286,344,100,0,0,0,0,0,0,52,0,4
813,1356,6.14035,350,100,0,0,0,0,0,0,53,0,4
814,1588,6.13559,362,100,0,0,0,0,0,0,55,0,4
815,1652,6.12903,380,100,0,0,0,0,0,0,58,0,4
816,1268,6.14545,338,100,0,0,0,0,0,0,51,0,4
817,1416,6.10345,354,100,0,0,0,0,0,0,55,0,3
818,1304,6.07018,346,100,0,0,0,0,0,0,55,0,2
819,1416,6.10345,354,100,0,0,0,0,0,0,55,0,3
820,1472,6.07018,346,100,0,0,0,0,0,0,55,0,2
821,1092,6.10526,348,100,0,0,0,0,0,0,54,0,3
822,1168,6.14035,350,100,0,0,0,0,0,0,53,0,4
823,1168,6.0339,356,100,0,0,0,0,0,0,58,0,1
824,1344,6.09836,372,100,0,0,0,0,0,0,58,0,3
825,1172,6.07143,340,100,0,0,0,0,0,0,54,0,2
826,1232,6.03571,338,100,0,0,0,0,0,0,55,0,1
827,1228,6.03333,362,100,0,0,0,0,0,0,59,0,1
828,1188,6,330,100,0,0,0,0,0,0,55,0,0
829,1068,6.03333,362,100,0,0,0,0,0,0,59,0,1
830,948,6.03333,362,100,0,0,0,0,0,0,59,0,1
831,1088,6.03226,374,100,0,0,0,0,0,0,61,0,1
832,1088,6.06897,352,100,0,0,0,0,0,0,56,0,2
833,1132,6.03333,362,100,0,0,0,0,0,0,59,0,1
834,1188,6.03333,362,100,0,0,0,0,0,0,59,0,1
835,1188,6.03279,368,100,0,0,0,0,0,0,60,0,1
836,1232,6,378,100,0,0,0,0,0,0,63,0,0
837,992,6,354,100,0,0,0,0,0,0,59,0,0
838,1120,6.03509,344,100,0,0,0,0,0,0,56,0,1
839,1032,6,342,100,0,0,0,0,0,0,57,0,0
840,1080,6.07273,334,100,0,0,0,0,0,0,53,0,2
841,1132,6.03448,350,100,0,0,0,0,0,0,57,0,1
842,1164,6.03333,362,100,0,0,0,0,0,0,59,0,1
843,896,6,324,100,0,0,0,0,0,0,54,0,0
844,1028,6.07018,346,100,0,0,0,0,0,0,55,0,2
845,884,6.07692,316,100,0,0,0,0,0,0,50,0,2
846,1068,6.03509,344,100,0,0,0,0,0,0,56,0,1
847,1012,6.0625,388,100,0,0,0,0,0,0,62,0,2
848,992,6.02985,404,100,0,0,0,0,0,0,66,0,1
849,1064,6.03226,374,100,0,0,0,0,0,0,61,0,1
850,1268,6.12698,386,100,0,0,0,0,0,0,59,0,4
851,1044,6.1875,396,100,0,0,0,0,0,0,58,0,6
852,1064,6.13333,368,100,0,0,0,0,0,0,56,0,4
853,1084,6.16129,382,100,0,0,0,0,0,0,57,0,5
854,1128,6.07143,340,100,0,0,0,0,0,0,54,0,2
855,1052,6.03704,326,100,0,0,0,0,0,0,53,0,1
856,944,6,342,100,0,0,0,0,0,0,57,0,0
857,1088,6,336,100,0,0,0,0,0,0,56,0,0
858,1072,6,312,100,0,0,0,0,0,0,52,0,0
859,1236,6.0339,356,100,0,0,0,0,0,0,58,0,1
860,1280,6,330,100,0,0,0,0,0,0,55,0,0
861,1292,6.0339,356,100,0,0,0,0,0,0,58,0,1
862,1208,6.07843,310,100,0,0,0,0,0,0,49,0,2
863,1316,6.10714,342,100,0,0,0,0,0,0,53,0,3
864,1416,6,360,100,0,0,0,0,0,0,60,0,0
865,1176,6,348,100,0,0,0,0,0,0,58,0,0
866,816,6,336,100,0,0,0,0,0,0,56,0,0
867,964,6,366,100,0,0,0,0,0,0,61,0,0
868,1028,6,348,100,0,0,0,0,0,0,58,0,0
869,1056,6.0339,356,100,0,0,0,0,0,0,58,0,1
870,952,6.03226,374,100,0,0,0,0,0,0,61,0,1
871,964,6,354,100,0,0,0,0,0,0,59,0,0
872,1032,6.03125,386,100,0,0,0,0,0,0,63,0,1
873,908,6.07273,334,100,0,0,0,0,0,0,53,0,2
874,1052,6.06667,364,100,0,0,0,0,0,0,58,0,2
875,912,6.10169,360,100,0,0,0,0,0,0,56,0,3
876,880,6,372,100,0,0,0,0,0,0,62,0,0
877,860,6.03279,368,100,0,0,0,0,0,0,60,0,1
878,860,6.06557,370,100,0,0,0,0,0,0,59,0,2
879,768,6.10526,348,100,0,0,0,0,0,0,54,0,3
880,880,6.03279,368,100,0,0,0,0,0,0,60,0,1
881,944,6.06452,376,100,0,0,0,0,0,0,60,0,2
882,964,6,372,100,0,0,0,0,0,0,62,0,0
883,996,6.03175,380,100,0,0,0,0,0,0,62,0,1
884,996,6.13333,368,100,0,0,0,0,0,0,56,0,4
885,980,6.1,366,100,0,0,0,0,0,0,57,0,3
886,992,6.06349,382,100,0,0,0,0,0,0,61,0,2
887,1088,6.12121,404,100,0,0,0,0,0,0,62,0,4
888,1092,6.06557,370,100,0,0,0,0,0,0,59,0,2
889,956,6.0339,356,100,0,0,0,0,0,0,58,0,1
890,1004,6.06557,370,100,0,0,0,0,0,0,59,0,2
891,1092,6,354,100,0,0,0,0,0,0,59,0,0
892,1048,6.06667,364,100,0,0,0,0,0,0,58,0,2
893,1028,6.09836,372,100,0,0,0,0,0,0,58,0,3
894,920,6.13333,368,100,0,0,0,0,0,0,56,0,4
895,932,6.06897,352,100,0,0,0,0,0,0,56,0,2
896,1108,6.06897,352,100,0,0,0,0,0,0,56,0,2
897,920,6.14286,344,100,0,0,0,0,0,0,52,0,4
898,1056,6.12308,398,100,0,0,0,0,0,0,61,0,4
899,976,6.13333,368,100,0,0,0,0,0,0,56,0,4
900,972,6.09524,384,100,0,0,0,0,0,0,60,0,3
901,860,6,348,100,0,0,0,0,0,0,58,0,0
902,1076,6.06349,382,100,0,0,0,0,0,0,61,0,2
903,968,6.03333,362,100,0,0,0,0,0,0,59,0,1
904,940,6.0678,358,100,0,0,0,0,0,0,57,0,2
905,792,6.06897,352,100,0,0,0,0,0,0,56,0,2
906,900,6.09231,396,100,0,0,0,0,0,0,62,0,3
907,944,6.06452,376,100,0,0,0,0,0,0,60,0,2
908,832,6,360,100,0,0,0,0,0,0,60,0,0
909,960,6.06557,370,100,0,0,0,0,0,0,59,0,2
910,1056,6,390,100,0,0,0,0,0,0,65,0,0
911,1116,6.12698,386,100,0,0,0,0,0,0,59,0,4
912,1072,6.03448,350,100,0,0,0,0,0,0,57,0,1
913,1096,6.10345,354,100,0,0,0,0,0,0,55,0,3
914,1180,6.06557,370,100,0,0,0,0,0,0,59,0,2
915,960,6.03509,344,100,0,0,0,0,0,0,56,0,1
916,1076,6.03226,374,100,0,0,0,0,0,0,61,0,1
917,1184,6.06667,364,100,0,0,0,0,0,0,58,0,2
918,1272,6.03279,368,100,0,0,0,0,0,0,60,0,1
919,880,6.03509,344,100,0,0,0,0,0,0,56,0,1
920,1080,6.07018,346,100,0,0,0,0,0,0,55,0,2
921,1256,6.09524,384,100,0,0,0,0,0,0,60,0,3
922,1268,6.0678,358,100,0,0,0,0,0,0,57,0,2
923,1368,6.03636,332,100,0,0,0,0,0,0,54,0,1
924,1196,6.10526,348,100,0,0,0,0,0,0,54,0,3
925,1272,6.16949,364,100,0,0,0,0,0,0,54,0,5
926,1344,6.21053,354,100,0,0,0,0,0,0,51,0,6
927,964,6.10526,348,100,0,0,0,0,0,0,54,0,3
928,1124,6.10526,348,100,0,0,0,0,0,0,54,0,3
929,1344,6.21053,354,100,0,0,0,0,0,0,51,0,6
930,1452,6.13333,368,100,0,0,0,0,0,0,56,0,4
931,1612,6.1,366,100,0,0,0,0,0,0,57,0,3
932,1328,6.13333,368,100,0,0,0,0,0,0,56,0,4
933,1336,6.12308,398,100,0,0,0,0,0,0,61,0,4
934,1472,6.18462,402,100,0,0,0,0,0,0,59,0,6
935,1688,6.17391,426,100,0,0,0,0,0,0,63,0,6
936,1604,6.19355,384,100,0,0,0,0,0,0,56,0,6
937,1424,6.33333,380,100,0,0,0,0,0,0,50,0,10
938,1432,6.26866,420,100,0,0,0,0,0,0,58,0,9
939,1360,6.31034,366,100,0,0,0,0,0,0,49,0,9
940,1556,6.2623,382,100,0,0,0,0,0,0,53,0,8
941,1700,6.12698,386,100,0,0,0,0,0,0,59,0,4
942,1980,6.16393,376,100,0,0,0,0,0,0,56,0,5
943,1792,6.21053,354,100,0,0,0,0,0,0,51,0,6
944,2140,6.14035,350,100,0,0,0,0,0,0,53,0,4
945,1372,6.11765,312,100,0,0,0,0,0,0,48,0,3
946,1524,6.10169,360,100,0,0,0,0,0,0,56,0,3
947,1676,6.03448,350,100,0,0,0,0,0,0,57,0,1
948,2036,6.13559,362,100,0,0,0,0,0,0,55,0,4
949,1212,6.03509,344,100,0,0,0,0,0,0,56,0,1
950,1076,6.03333,362,100,0,0,0,0,0,0,59,0,1
951,1060,6.13333,368,100,0,0,0,0,0,0,56,0,4
952,952,6.15873,388,100,0,0,0,0,0,0,58,0,5
953,984,6.125,392,100,0,0,0,0,0,0,60,0,4
954,1044,6.1194,410,100,0,0,0,0,0,0,63,0,4
955,968,6.3,378,100,0,0,0,0,0,0,51,0,9
956,1116,6.21538,404,100,0,0,0,0,0,0,58,0,7
957,1172,6.03175,380,100,0,0,0,0,0,0,62,0,1
958,1320,6.14706,418,100,0,0,0,0,0,0,63,0,5
959,1412,6.12903,380,100,0,0,0,0,0,0,58,0,4
960,1644,6.12698,386,100,0,0,0,0,0,0,59,0,4
961,1208,6.16667,370,100,0,0,0,0,0,0,55,0,5
962,1372,6.22951,380,100,0,0,0,0,0,0,54,0,7
963,1356,6.13793,356,100,0,0,0,0,0,0,54,0,4
964,1220,6.1,366,100,0,0,0,0,0,0,57,0,3
965,1256,6.13793,356,100,0,0,0,0,0,0,54,0,4
966,1428,6.06667,364,100,0,0,0,0,0,0,58,0,2
967,1480,6.03333,362,100,0,0,0,0,0,0,59,0,1
968,1308,6,342,100,0,0,0,0,0,0,57,0,0
969,1340,6,366,100,0,0,0,0,0,0,61,0,0
970,1620,6.03571,338,100,0,0,0,0,0,0,55,0,1
971,1544,6.03571,338,100,0,0,0,0,0,0,55,0,1
972,1536,6.03509,344,100,0,0,0,0,0,0,56,0,1
973,1824,6.03448,350,100,0,0,0,0,0,0,57,0,1
974,2168,6.0339,356,100,0,0,0,0,0,0,58,0,1
975,2080,6,366,100,0,0,0,0,0,0,61,0,0
976,1824,6,342,100,0,0,0,0,0,0,57,0,0
977,1872,6,342,100,0,0,0,0,0,0,57,0,0
978,2132,6,342,100,0,0,0,0,0,0,57,0,0
979,1596,6.03226,374,100,0,0,0,0,0,0,61,0,1
980,1484,6,348,100,0,0,0,0,0,0,58,0,0
981,1668,6,354,100,0,0,0,0,0,0,59,0,0
982,1308,6.03448,350,100,0,0,0,0,0,0,57,0,1
983,1356,6.06667,364,100,0,0,0,0,0,0,58,0,2
984,1460,6.03226,374,100,0,0,0,0,0,0,61,0,1
985,1592,6,372,100,0,0,0,0,0,0,62,0,0
986,1188,6.03226,374,100,0,0,0,0,0,0,61,0,1
987,960,6,366,100,0,0,0,0,0,0,61,0,0
988,1012,6,372,100,0,0,0,0,0,0,62,0,0
989,1096,6,372,100,0,0,0,0,0,0,62,0,0
990,1128,6,348,100,0,0,0,0,0,0,58,0,0
991,1120,6.03226,374,100,0,0,0,0,0,0,61,0,1
992,992,6.03509,344,100,0,0,0,0,0,0,56,0,1
993,940,6.03226,374,100,0,0,0,0,0,0,61,0,1
994,968,6.10526,348,100,0,0,0,0,0,0,54,0,3
995,1196,6.03279,368,100,0,0,0,0,0,0,60,0,1
996,1104,6.03509,344,100,0,0,0,0,0,0,56,0,1
997,1384,6.03226,374,100,0,0,0,0,0,0,61,0,1
998,1288,6,342,100,0,0,0,0,0,0,57,0,0
999,1060,6,342,100,0,0,0,0,0,0,57,0,0
