update,points,mean_tasks,total_tasks,total_orgs,task_0,task_1,task_2,task_3,task_4,task_5,task_6,task_7,task_8
0,0,nan,0,9,0,0,0,0,0,0,0,0,0
1,64,6,24,9,0,0,0,0,0,0,4,0,0
2,80,6,30,9,0,0,0,0,0,0,5,0,0
3,64,6,30,13,0,0,0,0,0,0,5,0,0
4,112,6,54,13,0,0,0,0,0,0,9,0,0
5,108,6,54,14,0,0,0,0,0,0,9,0,0
6,84,6,54,17,0,0,0,0,0,0,9,0,0
7,140,6,72,18,0,0,0,0,0,0,12,0,0
8,184,6,90,19,0,0,0,0,0,0,15,0,0
9,140,6.16667,74,23,0,0,0,0,0,0,11,0,1
10,244,6.11111,110,23,0,0,0,0,0,0,17,0,1
11,208,6.125,98,24,0,0,0,0,0,0,15,0,1
12,232,6.11111,110,29,0,0,0,0,0,0,17,0,1
13,272,6.18182,136,32,0,0,0,0,0,0,20,0,2
14,324,6.08,152,32,0,0,0,0,0,0,24,0,1
15,344,6.08333,146,34,0,0,0,0,0,0,23,0,1
16,348,6.08,152,34,0,0,0,0,0,0,24,0,1
17,356,6.07143,170,38,0,0,0,0,0,0,27,0,1
18,328,6.07143,170,40,0,0,0,0,0,0,27,0,1
19,424,6.1875,198,43,0,0,0,0,0,0,29,0,3
20,456,6.17647,210,46,0,0,0,0,0,0,31,0,3
21,456,6.11429,214,49,0,0,0,0,0,0,33,0,2
22,464,6,222,55,0,0,0,0,0,0,37,0,0
23,536,6,240,59,0,0,0,0,0,0,40,0,0
24,560,6,258,63,0,0,0,0,0,0,43,0,0
25,512,6,246,64,0,0,0,0,0,0,41,0,0
26,556,6,264,68,0,0,0,0,0,0,44,0,0
27,600,6,288,75,0,0,0,0,0,0,48,0,0
28,660,6,288,82,0,0,0,0,0,0,48,0,0
29,652,6,306,88,0,0,0,0,0,0,51,0,0
30,724,6,354,90,0,0,0,0,0,0,59,0,0
31,728,6,330,92,0,0,0,0,0,0,55,0,0
32,808,6,348,95,0,0,0,0,0,0,58,0,0
33,832,6.0678,358,96,0,0,0,0,0,0,57,0,2
34,744,6.0339,356,97,0,0,0,0,0,0,58,0,1
35,840,6,378,99,0,0,0,0,0,0,63,0,0
36,964,6,414,99,0,0,0,0,0,0,69,0,0
37,756,6,372,100,0,0,0,0,0,0,62,0,0
38,796,6,384,100,0,0,0,0,0,0,64,0,0
39,864,6,384,100,0,0,0,0,0,0,64,0,0
40,920,6.05882,412,100,0,0,0,0,0,0,66,0,2
41,828,6.0339,356,100,0,0,0,0,0,0,58,0,1
42,884,6,372,100,0,0,0,0,0,0,62,0,0
43,868,6,372,100,0,0,0,0,0,0,62,0,0
44,980,6,384,100,0,0,0,0,0,0,64,0,0
45,972,6.06557,370,100,0,0,0,0,0,0,59,0,2
46,892,6.03125,386,100,0,0,0,0,0,0,63,0,1
47,888,6.03175,380,100,0,0,0,0,0,0,62,0,1
48,892,6,402,100,0,0,0,0,0,0,67,0,0
49,944,6.0625,388,100,0,0,0,0,0,0,62,0,2
50,1024,6.03077,392,100,0,0,0,0,0,0,64,0,1
51,932,6.03226,374,100,0,0,0,0,0,0,61,0,1
52,1080,6.03279,368,100,0,0,0,0,0,0,60,0,1
53,1052,6.06667,364,100,0,0,0,0,0,0,58,0,2
54,952,6,354,100,0,0,0,0,0,0,59,0,0
55,1060,6,354,100,0,0,0,0,0,0,59,0,0
56,1088,6.03226,374,100,0,0,0,0,0,0,61,0,1
57,888,6.03509,344,100,0,0,0,0,0,0,56,0,1
58,960,6,342,100,0,0,0,0,0,0,57,0,0
59,1116,6,366,100,0,0,0,0,0,0,61,0,0
60,952,6,360,100,0,0,0,0,0,0,60,0,0
61,968,6.03077,392,100,0,0,0,0,0,0,64,0,1
62,1016,6.0339,356,100,0,0,0,0,0,0,58,0,1
63,1036,6.03125,386,100,0,0,0,0,0,0,63,0,1
64,1136,6.02899,416,100,0,0,0,0,0,0,68,0,1
65,932,6.07018,346,100,0,0,0,0,0,0,55,0,2
66,976,6.0678,358,100,0,0,0,0,0,0,57,0,2
67,896,6.07018,346,100,0,0,0,0,0,0,55,0,2
68,912,6.03509,344,100,0,0,0,0,0,0,56,0,1
69,996,6.03226,374,100,0,0,0,0,0,0,61,0,1
70,1060,6.03226,374,100,0,0,0,0,0,0,61,0,1
71,1104,6,378,100,0,0,0,0,0,0,63,0,0
72,1088,6.0339,356,100,0,0,0,0,0,0,58,0,1
73,1224,6.03226,374,100,0,0,0,0,0,0,61,0,1
74,1092,6.0678,358,100,0,0,0,0,0,0,57,0,2
75,1052,6,348,100,0,0,0,0,0,0,58,0,0
76,1024,6,366,100,0,0,0,0,0,0,61,0,0
77,1012,6,348,100,0,0,0,0,0,0,58,0,0
78,1148,6,378,100,0,0,0,0,0,0,63,0,0
79,992,6.06667,364,100,0,0,0,0,0,0,58,0,2
80,1072,6,348,100,0,0,0,0,0,0,58,0,0
81,888,6.03509,344,100,0,0,0,0,0,0,56,0,1
82,1152,6,360,100,0,0,0,0,0,0,60,0,0
83,1032,6,348,100,0,0,0,0,0,0,58,0,0
84,912,6.03571,338,100,0,0,0,0,0,0,55,0,1
85,832,6,336,100,0,0,0,0,0,0,56,0,0
86,904,6,354,100,0,0,0,0,0,0,59,0,0
87,968,6.03333,362,100,0,0,0,0,0,0,59,0,1
88,1036,6.03125,386,100,0,0,0,0,0,0,63,0,1
89,1040,6.06349,382,100,0,0,0,0,0,0,61,0,2
90,1156,6,396,100,0,0,0,0,0,0,66,0,0
91,1256,6,402,100,0,0,0,0,0,0,67,0,0
92,1032,6,348,100,0,0,0,0,0,0,58,0,0
93,964,6,342,100,0,0,0,0,0,0,57,0,0
94,992,6.07018,346,100,0,0,0,0,0,0,55,0,2
95,1128,6.03226,374,100,0,0,0,0,0,0,61,0,1
96,972,6,348,100,0,0,0,0,0,0,58,0,0
97,796,6,348,100,0,0,0,0,0,0,58,0,0
98,768,6,384,100,0,0,0,0,0,0,64,0,0
99,780,6,384,100,0,0,0,0,0,0,64,0,0
100,868,6.0303,398,100,0,0,0,0,0,0,65,0,1
101,960,6.03125,386,100,0,0,0,0,0,0,63,0,1
102,952,6.1,366,100,0,0,0,0,0,0,57,0,3
103,1000,6.09231,396,100,0,0,0,0,0,0,62,0,3
104,980,6.09677,378,100,0,0,0,0,0,0,59,0,3
105,1056,6.0678,358,100,0,0,0,0,0,0,57,0,2
106,1108,6.03226,374,100,0,0,0,0,0,0,61,0,1
107,1144,6,366,100,0,0,0,0,0,0,61,0,0
108,1228,6,384,100,0,0,0,0,0,0,64,0,0
109,884,6.03279,368,100,0,0,0,0,0,0,60,0,1
110,776,6,342,100,0,0,0,0,0,0,57,0,0
111,860,6,366,100,0,0,0,0,0,0,61,0,0
112,968,6,372,100,0,0,0,0,0,0,62,0,0
113,948,6,336,100,0,0,0,0,0,0,56,0,0
114,1160,6,354,100,0,0,0,0,0,0,59,0,0
115,1272,6,366,100,0,0,0,0,0,0,61,0,0
116,956,6.0678,358,100,0,0,0,0,0,0,57,0,2
117,960,6.09677,378,100,0,0,0,0,0,0,59,0,3
118,980,6.09524,384,100,0,0,0,0,0,0,60,0,3
119,1160,6.15625,394,100,0,0,0,0,0,0,59,0,5
120,1144,6.12698,386,100,0,0,0,0,0,0,59,0,4
121,1236,6.15873,388,100,0,0,0,0,0,0,58,0,5
122,1368,6.125,392,100,0,0,0,0,0,0,60,0,4
123,1028,6.09524,384,100,0,0,0,0,0,0,60,0,3
124,1032,6.03333,362,100,0,0,0,0,0,0,59,0,1
125,1268,6.0339,356,100,0,0,0,0,0,0,58,0,1
126,1440,6,360,100,0,0,0,0,0,0,60,0,0
127,1280,6.0339,356,100,0,0,0,0,0,0,58,0,1
128,1312,6.06349,382,100,0,0,0,0,0,0,61,0,2
129,1252,6.03125,386,100,0,0,0,0,0,0,63,0,1
130,1152,6.09524,384,100,0,0,0,0,0,0,60,0,3
131,984,6.03448,350,100,0,0,0,0,0,0,57,0,1
132,1036,6,372,100,0,0,0,0,0,0,62,0,0
133,992,6.06897,352,100,0,0,0,0,0,0,56,0,2
134,1052,6.0625,388,100,0,0,0,0,0,0,62,0,2
135,1156,6.12698,386,100,0,0,0,0,0,0,59,0,4
136,1096,6.13115,374,100,0,0,0,0,0,0,57,0,4
137,1268,6.09677,378,100,0,0,0,0,0,0,59,0,3
138,1088,6.10345,354,100,0,0,0,0,0,0,55,0,3
139,952,6.12903,380,100,0,0,0,0,0,0,58,0,4
140,976,6.09375,390,100,0,0,0,0,0,0,61,0,3
141,1048,6.06452,376,100,0,0,0,0,0,0,60,0,2
142,1192,6.10169,360,100,0,0,0,0,0,0,56,0,3
143,984,6.11111,330,100,0,0,0,0,0,0,51,0,3
144,1008,6.06667,364,100,0,0,0,0,0,0,58,0,2
145,1120,6.03077,392,100,0,0,0,0,0,0,64,0,1
146,952,6,342,100,0,0,0,0,0,0,57,0,0
147,1108,6,366,100,0,0,0,0,0,0,61,0,0
148,1084,6,354,100,0,0,0,0,0,0,59,0,0
149,1052,6,366,100,0,0,0,0,0,0,61,0,0
150,1076,6.09677,378,100,0,0,0,0,0,0,59,0,3
151,964,6.08955,408,100,0,0,0,0,0,0,64,0,3
152,1068,6.08824,414,100,0,0,0,0,0,0,65,0,3
153,892,6.09524,384,100,0,0,0,0,0,0,60,0,3
154,996,6.0678,358,100,0,0,0,0,0,0,57,0,2
155,1128,6.09836,372,100,0,0,0,0,0,0,58,0,3
156,1264,6.1,366,100,0,0,0,0,0,0,57,0,3
157,1224,6.10345,354,100,0,0,0,0,0,0,55,0,3
158,1468,6.10169,360,100,0,0,0,0,0,0,56,0,3
159,1360,6.06897,352,100,0,0,0,0,0,0,56,0,2
160,1216,6.06349,382,100,0,0,0,0,0,0,61,0,2
161,1196,6.03226,374,100,0,0,0,0,0,0,61,0,1
162,1396,6.06557,370,100,0,0,0,0,0,0,59,0,2
163,1100,6.14286,344,100,0,0,0,0,0,0,52,0,4
164,1040,6.06897,352,100,0,0,0,0,0,0,56,0,2
165,1184,6.03125,386,100,0,0,0,0,0,0,63,0,1
166,1084,6.0678,358,100,0,0,0,0,0,0,57,0,2
167,932,6.03571,338,100,0,0,0,0,0,0,55,0,1
168,1008,6,360,100,0,0,0,0,0,0,60,0,0
169,1052,6,354,100,0,0,0,0,0,0,59,0,0
170,1036,6.03636,332,100,0,0,0,0,0,0,54,0,1
171,920,6.03279,368,100,0,0,0,0,0,0,60,0,1
172,1016,6.03333,362,100,0,0,0,0,0,0,59,0,1
173,900,6.07018,346,100,0,0,0,0,0,0,55,0,2
174,976,6.0678,358,100,0,0,0,0,0,0,57,0,2
175,920,6.03571,338,100,0,0,0,0,0,0,55,0,1
176,1096,6,378,100,0,0,0,0,0,0,63,0,0
177,892,6,360,100,0,0,0,0,0,0,60,0,0
178,976,6,378,100,0,0,0,0,0,0,63,0,0
179,968,6,360,100,0,0,0,0,0,0,60,0,0
180,1072,6,378,100,0,0,0,0,0,0,63,0,0
181,1104,6,384,100,0,0,0,0,0,0,64,0,0
182,932,6,330,100,0,0,0,0,0,0,55,0,0
183,1096,6,342,100,0,0,0,0,0,0,57,0,0
184,972,6,348,100,0,0,0,0,0,0,58,0,0
185,1120,6,366,100,0,0,0,0,0,0,61,0,0
186,884,6,342,100,0,0,0,0,0,0,57,0,0
187,988,6,348,100,0,0,0,0,0,0,58,0,0
188,996,6.03448,350,100,0,0,0,0,0,0,57,0,1
189,1040,6.03226,374,100,0,0,0,0,0,0,61,0,1
190,1168,6.03175,380,100,0,0,0,0,0,0,62,0,1
191,1096,6.03175,380,100,0,0,0,0,0,0,62,0,1
192,1200,6,372,100,0,0,0,0,0,0,62,0,0
193,1160,6.09677,378,100,0,0,0,0,0,0,59,0,3
194,1312,6.09677,378,100,0,0,0,0,0,0,59,0,3
195,1060,6.09231,396,100,0,0,0,0,0,0,62,0,3
196,1040,6.09524,384,100,0,0,0,0,0,0,60,0,3
197,1156,6,372,100,0,0,0,0,0,0,62,0,0
198,1100,6,348,100,0,0,0,0,0,0,58,0,0
199,1204,6.07018,346,100,0,0,0,0,0,0,55,0,2
200,1264,6.1,366,100,0,0,0,0,0,0,57,0,3
201,1284,6,354,100,0,0,0,0,0,0,59,0,0
202,1272,6.03175,380,100,0,0,0,0,0,0,62,0,1
203,1272,6.03448,350,100,0,0,0,0,0,0,57,0,1
204,1176,6.0678,358,100,0,0,0,0,0,0,57,0,2
205,1060,6.07018,346,100,0,0,0,0,0,0,55,0,2
206,1000,6.03279,368,100,0,0,0,0,0,0,60,0,1
207,1108,6.0625,388,100,0,0,0,0,0,0,62,0,2
208,1012,6.0625,388,100,0,0,0,0,0,0,62,0,2
209,992,6.06897,352,100,0,0,0,0,0,0,56,0,2
210,1188,6.09375,390,100,0,0,0,0,0,0,61,0,3
211,768,6.07407,328,100,0,0,0,0,0,0,52,0,2
212,984,6.09836,372,100,0,0,0,0,0,0,58,0,3
213,932,6.10345,354,100,0,0,0,0,0,0,55,0,3
214,1092,6.03226,374,100,0,0,0,0,0,0,61,0,1
215,1084,6.0597,406,100,0,0,0,0,0,0,65,0,2
216,928,6.125,392,100,0,0,0,0,0,0,60,0,4
217,1040,6.12903,380,100,0,0,0,0,0,0,58,0,4
218,924,6.17857,346,100,0,0,0,0,0,0,51,0,5
219,916,6.07407,328,100,0,0,0,0,0,0,52,0,2
220,840,6.03636,332,100,0,0,0,0,0,0,54,0,1
221,932,6.03333,362,100,0,0,0,0,0,0,59,0,1
222,1100,6.0678,358,100,0,0,0,0,0,0,57,0,2
223,796,6.03774,320,100,0,0,0,0,0,0,52,0,1
224,1012,6.03279,368,100,0,0,0,0,0,0,60,0,1
225,968,6,372,100,0,0,0,0,0,0,62,0,0
226,696,6.03571,338,100,0,0,0,0,0,0,55,0,1
227,920,6.0339,356,100,0,0,0,0,0,0,58,0,1
228,884,6.1,366,100,0,0,0,0,0,0,57,0,3
229,936,6.06154,394,100,0,0,0,0,0,0,63,0,2
230,968,6.09677,378,100,0,0,0,0,0,0,59,0,3
231,960,6.06349,382,100,0,0,0,0,0,0,61,0,2
232,1044,6.1194,410,100,0,0,0,0,0,0,63,0,4
233,712,6,348,100,0,0,0,0,0,0,58,0,0
234,844,6.03226,374,100,0,0,0,0,0,0,61,0,1
235,752,6.03571,338,100,0,0,0,0,0,0,55,0,1
236,772,6.0339,356,100,0,0,0,0,0,0,58,0,1
237,756,6.10714,342,100,0,0,0,0,0,0,53,0,3
238,796,6.06667,364,100,0,0,0,0,0,0,58,0,2
239,940,6.12121,404,100,0,0,0,0,0,0,62,0,4
240,884,6.09677,378,100,0,0,0,0,0,0,59,0,3
241,892,6.06452,376,100,0,0,0,0,0,0,60,0,2
242,852,6.09375,390,100,0,0,0,0,0,0,61,0,3
243,772,6.10169,360,100,0,0,0,0,0,0,56,0,3
244,996,6.12121,404,100,0,0,0,0,0,0,62,0,4
245,1004,6.06897,352,100,0,0,0,0,0,0,56,0,2
246,1060,6.16129,382,100,0,0,0,0,0,0,57,0,5
247,936,6.1,366,100,0,0,0,0,0,0,57,0,3
248,1020,6.125,392,100,0,0,0,0,0,0,60,0,4
249,1068,6.17241,358,100,0,0,0,0,0,0,53,0,5
250,1320,6.16667,370,100,0,0,0,0,0,0,55,0,5
251,1072,6.24138,362,100,0,0,0,0,0,0,51,0,7
252,1176,6.22581,386,100,0,0,0,0,0,0,55,0,7
253,1068,6.15625,394,100,0,0,0,0,0,0,59,0,5
254,1128,6.25,400,100,0,0,0,0,0,0,56,0,8
255,900,6.16949,364,100,0,0,0,0,0,0,54,0,5
256,744,6.24561,356,100,0,0,0,0,0,0,50,0,7
257,928,6.21212,410,100,0,0,0,0,0,0,59,0,7
258,864,6.15625,394,100,0,0,0,0,0,0,59,0,5
259,876,6.12698,386,100,0,0,0,0,0,0,59,0,4
260,748,6.22581,386,100,0,0,0,0,0,0,55,0,7
261,904,6.22222,392,100,0,0,0,0,0,0,56,0,7
262,816,6.06557,370,100,0,0,0,0,0,0,59,0,2
263,848,6.03226,374,100,0,0,0,0,0,0,61,0,1
264,884,6.06154,394,100,0,0,0,0,0,0,63,0,2
265,912,6.09677,378,100,0,0,0,0,0,0,59,0,3
266,900,6.06557,370,100,0,0,0,0,0,0,59,0,2
267,992,6.13115,374,100,0,0,0,0,0,0,57,0,4
268,876,6.09836,372,100,0,0,0,0,0,0,58,0,3
269,808,6.11765,416,100,0,0,0,0,0,0,64,0,4
270,832,6.15152,406,100,0,0,0,0,0,0,61,0,5
271,828,6.03175,380,100,0,0,0,0,0,0,62,0,1
272,816,6.09375,390,100,0,0,0,0,0,0,61,0,3
273,896,6.11594,422,100,0,0,0,0,0,0,65,0,4
274,872,6.125,392,100,0,0,0,0,0,0,60,0,4
275,844,6.19048,390,100,0,0,0,0,0,0,57,0,6
276,856,6.125,392,100,0,0,0,0,0,0,60,0,4
277,948,6.16129,382,100,0,0,0,0,0,0,57,0,5
278,1104,6.14706,418,100,0,0,0,0,0,0,63,0,5
279,1152,6.21538,404,100,0,0,0,0,0,0,58,0,7
280,1064,6.19355,384,100,0,0,0,0,0,0,56,0,6
281,976,6.03279,368,100,0,0,0,0,0,0,60,0,1
282,1120,6.09231,396,100,0,0,0,0,0,0,62,0,3
283,1268,6.09375,390,100,0,0,0,0,0,0,61,0,3
284,1068,6.09375,390,100,0,0,0,0,0,0,61,0,3
285,944,6.12308,398,100,0,0,0,0,0,0,61,0,4
286,960,6.11765,416,100,0,0,0,0,0,0,64,0,4
287,804,6.06557,370,100,0,0,0,0,0,0,59,0,2
288,876,6.06452,376,100,0,0,0,0,0,0,60,0,2
289,836,6.10526,348,100,0,0,0,0,0,0,54,0,3
290,856,6.06667,364,100,0,0,0,0,0,0,58,0,2
291,820,6.06452,376,100,0,0,0,0,0,0,60,0,2
292,880,6.02985,404,100,0,0,0,0,0,0,66,0,1
293,940,6.09231,396,100,0,0,0,0,0,0,62,0,3
294,932,6.09375,390,100,0,0,0,0,0,0,61,0,3
295,1016,6.12308,398,100,0,0,0,0,0,0,61,0,4
296,1020,6.15152,406,100,0,0,0,0,0,0,61,0,5
297,836,6.2069,360,100,0,0,0,0,0,0,52,0,6
298,860,6.15625,394,100,0,0,0,0,0,0,59,0,5
299,984,6.12698,386,100,0,0,0,0,0,0,59,0,4
300,832,6.06349,382,100,0,0,0,0,0,0,61,0,2
301,984,6.09375,390,100,0,0,0,0,0,0,61,0,3
302,928,6.06557,370,100,0,0,0,0,0,0,59,0,2
303,968,6,408,100,0,0,0,0,0,0,68,0,0
304,932,6.02985,404,100,0,0,0,0,0,0,66,0,1
305,980,6.0625,388,100,0,0,0,0,0,0,62,0,2
306,948,6.03125,386,100,0,0,0,0,0,0,63,0,1
307,832,6.03279,368,100,0,0,0,0,0,0,60,0,1
308,1020,6.0625,388,100,0,0,0,0,0,0,62,0,2
309,1044,6.03175,380,100,0,0,0,0,0,0,62,0,1
310,944,6.13793,356,100,0,0,0,0,0,0,54,0,4
311,1028,6.09836,372,100,0,0,0,0,0,0,58,0,3
312,1028,6.10169,360,100,0,0,0,0,0,0,56,0,3
313,1032,6.09524,384,100,0,0,0,0,0,0,60,0,3
314,856,6,348,100,0,0,0,0,0,0,58,0,0
315,980,6.09836,372,100,0,0,0,0,0,0,58,0,3
316,896,6.10714,342,100,0,0,0,0,0,0,53,0,3
317,968,6.125,392,100,0,0,0,0,0,0,60,0,4
318,1040,6.125,392,100,0,0,0,0,0,0,60,0,4
319,1028,6.06349,382,100,0,0,0,0,0,0,61,0,2
320,860,6.06452,376,100,0,0,0,0,0,0,60,0,2
321,980,6.03279,368,100,0,0,0,0,0,0,60,0,1
322,1000,6.10345,354,100,0,0,0,0,0,0,55,0,3
323,976,6.06897,352,100,0,0,0,0,0,0,56,0,2
324,1100,6,348,100,0,0,0,0,0,0,58,0,0
325,1292,6,372,100,0,0,0,0,0,0,62,0,0
326,1388,6,390,100,0,0,0,0,0,0,65,0,0
327,1400,6,366,100,0,0,0,0,0,0,61,0,0
328,1056,6,360,100,0,0,0,0,0,0,60,0,0
329,1244,6,348,100,0,0,0,0,0,0,58,0,0
330,1048,6,330,100,0,0,0,0,0,0,55,0,0
331,1212,6,366,100,0,0,0,0,0,0,61,0,0
332,1376,6,384,100,0,0,0,0,0,0,64,0,0
333,1348,6,372,100,0,0,0,0,0,0,62,0,0
334,1000,6.0339,356,100,0,0,0,0,0,0,58,0,1
335,968,6.03226,374,100,0,0,0,0,0,0,61,0,1
336,1032,6,378,100,0,0,0,0,0,0,63,0,0
337,1048,6,354,100,0,0,0,0,0,0,59,0,0
338,892,6,348,100,0,0,0,0,0,0,58,0,0
339,956,6.06897,352,100,0,0,0,0,0,0,56,0,2
340,1032,6.07018,346,100,0,0,0,0,0,0,55,0,2
341,1128,6.07273,334,100,0,0,0,0,0,0,53,0,2
342,1220,6.03125,386,100,0,0,0,0,0,0,63,0,1
343,1356,6,348,100,0,0,0,0,0,0,58,0,0
344,1360,6.03571,338,100,0,0,0,0,0,0,55,0,1
345,1176,6.06897,352,100,0,0,0,0,0,0,56,0,2
346,840,6.0339,356,100,0,0,0,0,0,0,58,0,1
347,924,6.03448,350,100,0,0,0,0,0,0,57,0,1
348,904,6.13559,362,100,0,0,0,0,0,0,55,0,4
349,792,6.06349,382,100,0,0,0,0,0,0,61,0,2
350,968,6.09836,372,100,0,0,0,0,0,0,58,0,3
351,1020,6.06349,382,100,0,0,0,0,0,0,61,0,2
352,884,6,366,100,0,0,0,0,0,0,61,0,0
353,932,6,366,100,0,0,0,0,0,0,61,0,0
354,904,6.03279,368,100,0,0,0,0,0,0,60,0,1
355,988,6.06557,370,100,0,0,0,0,0,0,59,0,2
356,1124,6.03448,350,100,0,0,0,0,0,0,57,0,1
357,1268,6,330,100,0,0,0,0,0,0,55,0,0
358,1388,6.07018,346,100,0,0,0,0,0,0,55,0,2
359,1356,6.10909,336,100,0,0,0,0,0,0,52,0,3
360,1476,6.13333,368,100,0,0,0,0,0,0,56,0,4
361,1208,6.10345,354,100,0,0,0,0,0,0,55,0,3
362,1188,6,342,100,0,0,0,0,0,0,57,0,0
363,1136,6.10345,354,100,0,0,0,0,0,0,55,0,3
364,1304,6.13559,362,100,0,0,0,0,0,0,55,0,4
365,1456,6.06061,400,100,0,0,0,0,0,0,64,0,2
366,1388,6.06667,364,100,0,0,0,0,0,0,58,0,2
367,1016,6.10909,336,100,0,0,0,0,0,0,52,0,3
368,1376,6.12903,380,100,0,0,0,0,0,0,58,0,4
369,1548,6.03279,368,100,0,0,0,0,0,0,60,0,1
370,1400,6.1,366,100,0,0,0,0,0,0,57,0,3
371,1544,6.13333,368,100,0,0,0,0,0,0,56,0,4
372,1096,6.14035,350,100,0,0,0,0,0,0,53,0,4
373,1204,6.12903,380,100,0,0,0,0,0,0,58,0,4
374,1496,6.15152,406,100,0,0,0,0,0,0,61,0,5
375,1232,6.1875,396,100,0,0,0,0,0,0,58,0,6
376,1244,6.1875,396,100,0,0,0,0,0,0,58,0,6
377,1308,6.18182,408,100,0,0,0,0,0,0,60,0,6
378,1424,6.12308,398,100,0,0,0,0,0,0,61,0,4
379,1396,6.0625,388,100,0,0,0,0,0,0,62,0,2
380,1308,6.03509,344,100,0,0,0,0,0,0,56,0,1
381,1204,6.03636,332,100,0,0,0,0,0,0,54,0,1
382,1336,6,348,100,0,0,0,0,0,0,58,0,0
383,1680,6.0678,358,100,0,0,0,0,0,0,57,0,2
384,1888,6.03509,344,100,0,0,0,0,0,0,56,0,1
385,1608,6.03509,344,100,0,0,0,0,0,0,56,0,1
386,1172,6.03774,320,100,0,0,0,0,0,0,52,0,1
387,1348,6.03175,380,100,0,0,0,0,0,0,62,0,1
388,1516,6.06452,376,100,0,0,0,0,0,0,60,0,2
389,1016,6.03448,350,100,0,0,0,0,0,0,57,0,1
390,864,6.03704,326,100,0,0,0,0,0,0,53,0,1
391,1068,6.07143,340,100,0,0,0,0,0,0,54,0,2
392,1124,6.07143,340,100,0,0,0,0,0,0,54,0,2
393,1136,6.12698,386,100,0,0,0,0,0,0,59,0,4
394,1312,6.12903,380,100,0,0,0,0,0,0,58,0,4
395,1212,6.17241,358,100,0,0,0,0,0,0,53,0,5
396,1300,6.29508,384,100,0,0,0,0,0,0,52,0,9
397,1444,6.31034,366,100,0,0,0,0,0,0,49,0,9
398,1416,6.23729,368,100,0,0,0,0,0,0,52,0,7
399,1156,6.2069,360,100,0,0,0,0,0,0,52,0,6
400,1440,6.30508,372,100,0,0,0,0,0,0,50,0,9
401,1220,6.25455,344,100,0,0,0,0,0,0,48,0,7
402,1172,6.14286,344,100,0,0,0,0,0,0,52,0,4
403,1184,6.10714,342,100,0,0,0,0,0,0,53,0,3
404,1140,6.18182,340,100,0,0,0,0,0,0,50,0,5
405,1228,6.07143,340,100,0,0,0,0,0,0,54,0,2
406,1120,6.06667,364,100,0,0,0,0,0,0,58,0,2
407,1072,6.03448,350,100,0,0,0,0,0,0,57,0,1
408,1268,6.09375,390,100,0,0,0,0,0,0,61,0,3
409,1264,6.09677,378,100,0,0,0,0,0,0,59,0,3
410,1152,6.10345,354,100,0,0,0,0,0,0,55,0,3
411,1304,6.2,372,100,0,0,0,0,0,0,54,0,6
412,1168,6.2069,360,100,0,0,0,0,0,0,52,0,6
413,1032,6.10169,360,100,0,0,0,0,0,0,56,0,3
414,1068,6.14815,332,100,0,0,0,0,0,0,50,0,4
415,1136,6.10345,354,100,0,0,0,0,0,0,55,0,3
416,1004,6,354,100,0,0,0,0,0,0,59,0,0
417,1132,6.13333,368,100,0,0,0,0,0,0,56,0,4
418,1236,6.15152,406,100,0,0,0,0,0,0,61,0,5
419,1328,6.23529,424,100,0,0,0,0,0,0,60,0,8
420,1176,6.15873,388,100,0,0,0,0,0,0,58,0,5
421,1036,6.16949,364,100,0,0,0,0,0,0,54,0,5
422,1092,6.29032,390,100,0,0,0,0,0,0,53,0,9
423,1124,6.13115,374,100,0,0,0,0,0,0,57,0,4
424,924,6.18182,340,100,0,0,0,0,0,0,50,0,5
425,1068,6.2,372,100,0,0,0,0,0,0,54,0,6
426,1112,6.16949,364,100,0,0,0,0,0,0,54,0,5
427,964,6.16949,364,100,0,0,0,0,0,0,54,0,5
428,984,6.22222,336,100,0,0,0,0,0,0,48,0,6
429,988,6.37736,338,100,0,0,0,0,0,0,43,0,10
430,1136,6.14286,344,100,0,0,0,0,0,0,52,0,4
431,936,6.25926,338,100,0,0,0,0,0,0,47,0,7
432,1000,6.31373,322,100,0,0,0,0,0,0,43,0,8
433,1216,6.25,350,100,0,0,0,0,0,0,49,0,7
434,932,6.26923,326,100,0,0,0,0,0,0,45,0,7
435,1128,6.17544,352,100,0,0,0,0,0,0,52,0,5
436,1144,6.27119,370,100,0,0,0,0,0,0,51,0,8
437,1132,6.13793,356,100,0,0,0,0,0,0,54,0,4
438,1024,6.25455,344,100,0,0,0,0,0,0,48,0,7
439,1172,6.2069,360,100,0,0,0,0,0,0,52,0,6
440,1012,6.07273,334,100,0,0,0,0,0,0,53,0,2
441,992,6.20339,366,100,0,0,0,0,0,0,53,0,6
442,940,6.2,372,100,0,0,0,0,0,0,54,0,6
443,980,6.09836,372,100,0,0,0,0,0,0,58,0,3
444,980,6.2069,360,100,0,0,0,0,0,0,52,0,6
445,988,6.30508,372,100,0,0,0,0,0,0,50,0,9
446,796,6.18868,328,100,0,0,0,0,0,0,48,0,5
447,996,6.3,378,100,0,0,0,0,0,0,51,0,9
448,1020,6.3,378,100,0,0,0,0,0,0,51,0,9
449,960,6.23729,368,100,0,0,0,0,0,0,52,0,7
450,940,6.35714,356,100,0,0,0,0,0,0,46,0,10
451,1032,6.27586,364,100,0,0,0,0,0,0,50,0,8
452,1140,6.4,384,100,0,0,0,0,0,0,48,0,12
453,804,6.22222,336,100,0,0,0,0,0,0,48,0,6
454,900,6.23729,368,100,0,0,0,0,0,0,52,0,7
455,864,6.23729,368,100,0,0,0,0,0,0,52,0,7
456,968,6.2623,382,100,0,0,0,0,0,0,53,0,8
457,996,6.09836,372,100,0,0,0,0,0,0,58,0,3
458,1132,6.18462,402,100,0,0,0,0,0,0,59,0,6
459,1136,6.09091,402,100,0,0,0,0,0,0,63,0,3
460,988,6.0339,356,100,0,0,0,0,0,0,58,0,1
461,1108,6,378,100,0,0,0,0,0,0,63,0,0
462,1304,6.03077,392,100,0,0,0,0,0,0,64,0,1
463,1096,6,372,100,0,0,0,0,0,0,62,0,0
464,940,6.07273,334,100,0,0,0,0,0,0,53,0,2
465,1280,6.09375,390,100,0,0,0,0,0,0,61,0,3
466,1044,6.10714,342,100,0,0,0,0,0,0,53,0,3
467,1024,6.10909,336,100,0,0,0,0,0,0,52,0,3
468,1052,6.10345,354,100,0,0,0,0,0,0,55,0,3
469,1088,6.13333,368,100,0,0,0,0,0,0,56,0,4
470,1064,6.16949,364,100,0,0,0,0,0,0,54,0,5
471,1060,6.13115,374,100,0,0,0,0,0,0,57,0,4
472,836,6.0625,388,100,0,0,0,0,0,0,62,0,2
473,964,6.08955,408,100,0,0,0,0,0,0,64,0,3
474,1036,6.06452,376,100,0,0,0,0,0,0,60,0,2
475,1060,6,354,100,0,0,0,0,0,0,59,0,0
476,976,6.07547,322,100,0,0,0,0,0,0,51,0,2
477,988,6.06897,352,100,0,0,0,0,0,0,56,0,2
478,880,6.03571,338,100,0,0,0,0,0,0,55,0,1
479,1064,6.09524,384,100,0,0,0,0,0,0,60,0,3
480,900,6.11111,330,100,0,0,0,0,0,0,51,0,3
481,1116,6.20339,366,100,0,0,0,0,0,0,53,0,6
482,1132,6.17544,352,100,0,0,0,0,0,0,52,0,5
483,1012,6.21429,348,100,0,0,0,0,0,0,50,0,6
484,996,6.10714,342,100,0,0,0,0,0,0,53,0,3
485,1036,6.13333,368,100,0,0,0,0,0,0,56,0,4
486,1196,6.14286,344,100,0,0,0,0,0,0,52,0,4
487,1196,6.17241,358,100,0,0,0,0,0,0,53,0,5
488,1168,6.19672,378,100,0,0,0,0,0,0,55,0,6
489,1276,6.15625,394,100,0,0,0,0,0,0,59,0,5
490,1180,6.16667,370,100,0,0,0,0,0,0,55,0,5
491,1248,6.21429,348,100,0,0,0,0,0,0,50,0,6
492,1188,6.2069,360,100,0,0,0,0,0,0,52,0,6
493,1160,6.14035,350,100,0,0,0,0,0,0,53,0,4
494,1136,6.07547,322,100,0,0,0,0,0,0,51,0,2
495,1288,6.14035,350,100,0,0,0,0,0,0,53,0,4
496,1236,6.07018,346,100,0,0,0,0,0,0,55,0,2
497,1304,6.12903,380,100,0,0,0,0,0,0,58,0,4
498,1152,6.17544,352,100,0,0,0,0,0,0,52,0,5
499,1188,6.06557,370,100,0,0,0,0,0,0,59,0,2
500,1400,6.12903,380,100,0,0,0,0,0,0,58,0,4
501,1096,6.03448,350,100,0,0,0,0,0,0,57,0,1
502,1092,6.06897,352,100,0,0,0,0,0,0,56,0,2
503,1384,6.12903,380,100,0,0,0,0,0,0,58,0,4
504,1128,6.10526,348,100,0,0,0,0,0,0,54,0,3
505,1176,6.10345,354,100,0,0,0,0,0,0,55,0,3
506,900,6.13559,362,100,0,0,0,0,0,0,55,0,4
507,896,6.06897,352,100,0,0,0,0,0,0,56,0,2
508,1136,6.03333,362,100,0,0,0,0,0,0,59,0,1
509,1256,6,354,100,0,0,0,0,0,0,59,0,0
510,1376,6.03509,344,100,0,0,0,0,0,0,56,0,1
511,1372,6.07018,346,100,0,0,0,0,0,0,55,0,2
512,1204,6.10526,348,100,0,0,0,0,0,0,54,0,3
513,1096,6.1,366,100,0,0,0,0,0,0,57,0,3
514,1284,6.06667,364,100,0,0,0,0,0,0,58,0,2
515,1156,6.10169,360,100,0,0,0,0,0,0,56,0,3
516,896,6.07407,328,100,0,0,0,0,0,0,52,0,2
517,1168,6.10526,348,100,0,0,0,0,0,0,54,0,3
518,1148,6.13793,356,100,0,0,0,0,0,0,54,0,4
519,1308,6.19355,384,100,0,0,0,0,0,0,56,0,6
520,1228,6.14035,350,100,0,0,0,0,0,0,53,0,4
521,1532,6.1,366,100,0,0,0,0,0,0,57,0,3
522,1280,6.16667,370,100,0,0,0,0,0,0,55,0,5
523,1204,6.10526,348,100,0,0,0,0,0,0,54,0,3
524,1168,6.16667,370,100,0,0,0,0,0,0,55,0,5
525,1148,6.36667,382,100,0,0,0,0,0,0,49,0,11
526,1216,6.24138,362,100,0,0,0,0,0,0,51,0,7
527,1140,6.23729,368,100,0,0,0,0,0,0,52,0,7
528,1340,6.29508,384,100,0,0,0,0,0,0,52,0,9
529,1264,6.29508,384,100,0,0,0,0,0,0,52,0,9
530,1236,6.16949,364,100,0,0,0,0,0,0,54,0,5
531,948,6.48148,350,100,0,0,0,0,0,0,41,0,13
532,1088,6.34483,368,100,0,0,0,0,0,0,48,0,10
533,864,6.2807,358,100,0,0,0,0,0,0,49,0,8
534,956,6.23333,374,100,0,0,0,0,0,0,53,0,7
535,1164,6.38095,402,100,0,0,0,0,0,0,51,0,12
536,1152,6.31579,360,100,0,0,0,0,0,0,48,0,9
537,1176,6.35088,362,100,0,0,0,0,0,0,47,0,10
538,1500,6.375,408,100,0,0,0,0,0,0,52,0,12
539,1284,6.22222,336,100,0,0,0,0,0,0,48,0,6
540,1592,6.39344,390,100,0,0,0,0,0,0,49,0,12
541,1296,6.49123,370,100,0,0,0,0,0,0,43,0,14
542,1256,6.32727,348,100,0,0,0,0,0,0,46,0,9
543,1272,6.47273,356,100,0,0,0,0,0,0,42,0,13
544,1192,6.2807,358,100,0,0,0,0,0,0,49,0,8
545,1284,6.34483,368,100,0,0,0,0,0,0,48,0,10
546,1252,6.28571,352,100,0,0,0,0,0,0,48,0,8
547,1292,6.52632,372,100,0,0,0,0,0,0,42,0,15
548,1288,6.35714,356,100,0,0,0,0,0,0,46,0,10
549,1260,6.53333,392,100,0,0,0,0,0,0,44,0,16
550,1224,6.42623,392,100,0,0,0,0,0,0,48,0,13
551,1116,6.38596,364,100,0,0,0,0,0,0,46,0,11
552,1140,6.5614,374,100,0,0,0,0,0,0,41,0,16
553,1196,6.69091,368,100,0,0,0,0,0,0,36,0,19
554,1032,6.7,402,100,0,0,0,0,0,0,39,0,21
555,1276,6.47458,382,100,0,0,0,0,0,0,45,0,14
556,1228,6.51613,404,100,0,0,0,0,0,0,46,0,16
557,1032,6.41379,372,100,0,0,0,0,0,0,46,0,12
558,976,6.7037,362,100,0,0,0,0,0,0,35,0,19
559,976,6.58182,362,100,0,0,0,0,0,0,39,0,16
560,1080,6.32727,348,100,0,0,0,0,0,0,46,0,9
561,1080,6.37931,370,100,0,0,0,0,0,0,47,0,11
562,992,6.50909,358,100,0,0,0,0,0,0,41,0,14
563,1068,6.47273,356,100,0,0,0,0,0,0,42,0,13
564,1072,6.40678,378,100,0,0,0,0,0,0,47,0,12
565,1220,6.33898,374,100,0,0,0,0,0,0,49,0,10
566,1104,6.42623,392,100,0,0,0,0,0,0,48,0,13
567,1180,6.4918,396,100,0,0,0,0,0,0,46,0,15
568,1156,6.53571,366,100,0,0,0,0,0,0,41,0,15
569,1048,6.62069,384,100,0,0,0,0,0,0,40,0,18
570,1040,6.45614,368,100,0,0,0,0,0,0,44,0,13
571,1116,6.42623,392,100,0,0,0,0,0,0,48,0,13
572,1144,6.50909,358,100,0,0,0,0,0,0,41,0,14
573,1040,6.44068,380,100,0,0,0,0,0,0,46,0,13
574,1004,6.41379,372,100,0,0,0,0,0,0,46,0,12
575,888,6.38596,364,100,0,0,0,0,0,0,46,0,11
576,1152,6.17241,358,100,0,0,0,0,0,0,53,0,5
577,1088,6.33898,374,100,0,0,0,0,0,0,49,0,10
578,1024,6.30508,372,100,0,0,0,0,0,0,50,0,9
579,1120,6.31746,398,100,0,0,0,0,0,0,53,0,10
580,1132,6.33898,374,100,0,0,0,0,0,0,49,0,10
581,1200,6.26667,376,100,0,0,0,0,0,0,52,0,8
582,980,6.17857,346,100,0,0,0,0,0,0,51,0,5
583,1020,6.18182,340,100,0,0,0,0,0,0,50,0,5
584,1232,6.25,400,100,0,0,0,0,0,0,56,0,8
585,1136,6.32143,354,100,0,0,0,0,0,0,47,0,9
586,888,6.24561,356,100,0,0,0,0,0,0,50,0,7
587,1076,6.12698,386,100,0,0,0,0,0,0,59,0,4
588,1088,6.2807,358,100,0,0,0,0,0,0,49,0,8
589,1004,6.17241,358,100,0,0,0,0,0,0,53,0,5
590,1056,6.24561,356,100,0,0,0,0,0,0,50,0,7
591,984,6.20339,366,100,0,0,0,0,0,0,53,0,6
592,984,6.20339,366,100,0,0,0,0,0,0,53,0,6
593,1108,6.13115,374,100,0,0,0,0,0,0,57,0,4
594,980,6.16667,370,100,0,0,0,0,0,0,55,0,5
595,916,6.09677,378,100,0,0,0,0,0,0,59,0,3
596,1104,6.09677,378,100,0,0,0,0,0,0,59,0,3
597,1168,6.13115,374,100,0,0,0,0,0,0,57,0,4
598,1192,6.1,366,100,0,0,0,0,0,0,57,0,3
599,1240,6.10169,360,100,0,0,0,0,0,0,56,0,3
600,1312,6.09836,372,100,0,0,0,0,0,0,58,0,3
601,1336,6.07018,346,100,0,0,0,0,0,0,55,0,2
602,1372,6,366,100,0,0,0,0,0,0,61,0,0
603,1356,6.07407,328,100,0,0,0,0,0,0,52,0,2
604,1416,6.06452,376,100,0,0,0,0,0,0,60,0,2
605,1040,6.03175,380,100,0,0,0,0,0,0,62,0,1
606,1048,6,360,100,0,0,0,0,0,0,60,0,0
607,1032,6.09836,372,100,0,0,0,0,0,0,58,0,3
608,852,6.10169,360,100,0,0,0,0,0,0,56,0,3
609,940,6.1,366,100,0,0,0,0,0,0,57,0,3
610,856,6.16129,382,100,0,0,0,0,0,0,57,0,5
611,860,6.1875,396,100,0,0,0,0,0,0,58,0,6
612,1072,6.12121,404,100,0,0,0,0,0,0,62,0,4
613,964,6.17544,352,100,0,0,0,0,0,0,52,0,5
614,876,6.06452,376,100,0,0,0,0,0,0,60,0,2
615,924,6,348,100,0,0,0,0,0,0,58,0,0
616,1056,6.03125,386,100,0,0,0,0,0,0,63,0,1
617,980,6,372,100,0,0,0,0,0,0,62,0,0
618,1192,6.03226,374,100,0,0,0,0,0,0,61,0,1
619,1340,6.06667,364,100,0,0,0,0,0,0,58,0,2
620,1300,6.06667,364,100,0,0,0,0,0,0,58,0,2
621,1320,6.10345,354,100,0,0,0,0,0,0,55,0,3
622,1304,6,360,100,0,0,0,0,0,0,60,0,0
623,1200,6.06452,376,100,0,0,0,0,0,0,60,0,2
624,1272,6.07143,340,100,0,0,0,0,0,0,54,0,2
625,1264,6.07018,346,100,0,0,0,0,0,0,55,0,2
626,1520,6.07018,346,100,0,0,0,0,0,0,55,0,2
627,1632,6.07018,346,100,0,0,0,0,0,0,55,0,2
628,1292,6.125,392,100,0,0,0,0,0,0,60,0,4
629,1172,6.03571,338,100,0,0,0,0,0,0,55,0,1
630,1416,6,348,100,0,0,0,0,0,0,58,0,0
631,1640,6.06452,376,100,0,0,0,0,0,0,60,0,2
632,1400,6.07143,340,100,0,0,0,0,0,0,54,0,2
633,1556,6.07018,346,100,0,0,0,0,0,0,55,0,2
634,1636,6.06667,364,100,0,0,0,0,0,0,58,0,2
635,1564,6,348,100,0,0,0,0,0,0,58,0,0
636,1288,6.03279,368,100,0,0,0,0,0,0,60,0,1
637,1388,6.06557,370,100,0,0,0,0,0,0,59,0,2
638,1356,6.03636,332,100,0,0,0,0,0,0,54,0,1
639,892,6,330,100,0,0,0,0,0,0,55,0,0
640,1016,6.03226,374,100,0,0,0,0,0,0,61,0,1
641,900,6.03333,362,100,0,0,0,0,0,0,59,0,1
642,924,6.0678,358,100,0,0,0,0,0,0,57,0,2
643,936,6.06557,370,100,0,0,0,0,0,0,59,0,2
644,956,6.10169,360,100,0,0,0,0,0,0,56,0,3
645,1032,6.06667,364,100,0,0,0,0,0,0,58,0,2
646,1092,6.06667,364,100,0,0,0,0,0,0,58,0,2
647,1084,6.16393,376,100,0,0,0,0,0,0,56,0,5
648,1032,6.15625,394,100,0,0,0,0,0,0,59,0,5
649,1112,6.14286,344,100,0,0,0,0,0,0,52,0,4
650,1244,6.07143,340,100,0,0,0,0,0,0,54,0,2
651,1588,6.12121,404,100,0,0,0,0,0,0,62,0,4
652,1540,6.16949,364,100,0,0,0,0,0,0,54,0,5
653,1280,6.03448,350,100,0,0,0,0,0,0,57,0,1
654,1332,6.0339,356,100,0,0,0,0,0,0,58,0,1
655,1140,6.03509,344,100,0,0,0,0,0,0,56,0,1
656,1280,6.13559,362,100,0,0,0,0,0,0,55,0,4
657,1120,6.10714,342,100,0,0,0,0,0,0,53,0,3
658,1228,6,360,100,0,0,0,0,0,0,60,0,0
659,1532,6.03175,380,100,0,0,0,0,0,0,62,0,1
660,1436,6.07143,340,100,0,0,0,0,0,0,54,0,2
661,1580,6.07018,346,100,0,0,0,0,0,0,55,0,2
662,1836,6.07018,346,100,0,0,0,0,0,0,55,0,2
663,1736,6.07407,328,100,0,0,0,0,0,0,52,0,2
664,1540,6.10526,348,100,0,0,0,0,0,0,54,0,3
665,1320,6.14815,332,100,0,0,0,0,0,0,50,0,4
666,1536,6.13559,362,100,0,0,0,0,0,0,55,0,4
667,1416,6.17544,352,100,0,0,0,0,0,0,52,0,5
668,1572,6.19355,384,100,0,0,0,0,0,0,56,0,6
669,1024,6.20339,366,100,0,0,0,0,0,0,53,0,6
670,1188,6.21818,342,100,0,0,0,0,0,0,49,0,6
671,1352,6.24561,356,100,0,0,0,0,0,0,50,0,7
672,1332,6.20339,366,100,0,0,0,0,0,0,53,0,6
673,1052,6.29091,346,100,0,0,0,0,0,0,47,0,8
674,1176,6.28571,352,100,0,0,0,0,0,0,48,0,8
675,1236,6.31579,360,100,0,0,0,0,0,0,48,0,9
676,1372,6.21818,342,100,0,0,0,0,0,0,49,0,6
677,1588,6.21818,342,100,0,0,0,0,0,0,49,0,6
678,1208,6.10345,354,100,0,0,0,0,0,0,55,0,3
679,1080,6.2,372,100,0,0,0,0,0,0,54,0,6
680,1172,6.12903,380,100,0,0,0,0,0,0,58,0,4
681,1268,6.06452,376,100,0,0,0,0,0,0,60,0,2
682,848,6.14035,350,100,0,0,0,0,0,0,53,0,4
683,988,6.30508,372,100,0,0,0,0,0,0,50,0,9
684,880,6.17544,352,100,0,0,0,0,0,0,52,0,5
685,736,6.21429,348,100,0,0,0,0,0,0,50,0,6
686,1080,6.13559,362,100,0,0,0,0,0,0,55,0,4
687,1292,6.19048,390,100,0,0,0,0,0,0,57,0,6
688,1188,6.16393,376,100,0,0,0,0,0,0,56,0,5
689,1440,6.125,392,100,0,0,0,0,0,0,60,0,4
690,1260,6.06154,394,100,0,0,0,0,0,0,63,0,2
691,1180,6.06349,382,100,0,0,0,0,0,0,61,0,2
692,1120,6.03571,338,100,0,0,0,0,0,0,55,0,1
693,1464,6,366,100,0,0,0,0,0,0,61,0,0
694,1152,6.06897,352,100,0,0,0,0,0,0,56,0,2
695,1428,6.09524,384,100,0,0,0,0,0,0,60,0,3
696,944,6.07143,340,100,0,0,0,0,0,0,54,0,2
697,976,6.06897,352,100,0,0,0,0,0,0,56,0,2
698,960,6.06349,382,100,0,0,0,0,0,0,61,0,2
699,1096,6.03333,362,100,0,0,0,0,0,0,59,0,1
700,1048,6.06897,352,100,0,0,0,0,0,0,56,0,2
701,1120,6.03333,362,100,0,0,0,0,0,0,59,0,1
702,1164,6.0625,388,100,0,0,0,0,0,0,62,0,2
703,1100,6,366,100,0,0,0,0,0,0,61,0,0
704,1360,6.0339,356,100,0,0,0,0,0,0,58,0,1
705,1556,6.03226,374,100,0,0,0,0,0,0,61,0,1
706,1548,6.03125,386,100,0,0,0,0,0,0,63,0,1
707,1544,6.0339,356,100,0,0,0,0,0,0,58,0,1
708,1560,6,342,100,0,0,0,0,0,0,57,0,0
709,1532,6.03774,320,100,0,0,0,0,0,0,52,0,1
710,1896,6.06452,376,100,0,0,0,0,0,0,60,0,2
711,1884,6,330,100,0,0,0,0,0,0,55,0,0
712,1732,6,354,100,0,0,0,0,0,0,59,0,0
713,1900,6.03279,368,100,0,0,0,0,0,0,60,0,1
714,1856,6.03279,368,100,0,0,0,0,0,0,60,0,1
715,1940,6.06557,370,100,0,0,0,0,0,0,59,0,2
716,984,6.0625,388,100,0,0,0,0,0,0,62,0,2
717,996,6.06667,364,100,0,0,0,0,0,0,58,0,2
718,820,6.09677,378,100,0,0,0,0,0,0,59,0,3
719,956,6.06452,376,100,0,0,0,0,0,0,60,0,2
720,824,6.07018,346,100,0,0,0,0,0,0,55,0,2
721,876,6.03333,362,100,0,0,0,0,0,0,59,0,1
722,968,6.0339,356,100,0,0,0,0,0,0,58,0,1
723,904,6.03279,368,100,0,0,0,0,0,0,60,0,1
724,876,6,360,100,0,0,0,0,0,0,60,0,0
725,932,6.03509,344,100,0,0,0,0,0,0,56,0,1
726,900,6.03448,350,100,0,0,0,0,0,0,57,0,1
727,892,6,378,100,0,0,0,0,0,0,63,0,0
728,996,6,378,100,0,0,0,0,0,0,63,0,0
729,1024,6,378,100,0,0,0,0,0,0,63,0,0
730,864,6.0678,358,100,0,0,0,0,0,0,57,0,2
731,1016,6.10345,354,100,0,0,0,0,0,0,55,0,3
732,1192,6,378,100,0,0,0,0,0,0,63,0,0
733,1040,6,378,100,0,0,0,0,0,0,63,0,0
734,976,6,366,100,0,0,0,0,0,0,61,0,0
735,960,6.03226,374,100,0,0,0,0,0,0,61,0,1
736,1180,6.05797,418,100,0,0,0,0,0,0,67,0,2
737,1044,6.09375,390,100,0,0,0,0,0,0,61,0,3
738,1008,6.06452,376,100,0,0,0,0,0,0,60,0,2
739,1060,6.0597,406,100,0,0,0,0,0,0,65,0,2
740,984,6.13115,374,100,0,0,0,0,0,0,57,0,4
741,1044,6.12698,386,100,0,0,0,0,0,0,59,0,4
742,952,6.10526,348,100,0,0,0,0,0,0,54,0,3
743,1060,6.06557,370,100,0,0,0,0,0,0,59,0,2
744,1200,6.16129,382,100,0,0,0,0,0,0,57,0,5
745,1220,6.22222,392,100,0,0,0,0,0,0,56,0,7
746,1216,6.14516,381,100,0,0,0,0,0,0,57,1,4
747,1104,6.23333,374,100,0,0,0,0,0,0,53,0,7
748,1100,6.22581,386,100,0,0,0,0,0,0,55,0,7
749,1120,6.24138,362,100,0,0,0,0,0,0,51,0,7
750,1208,6.12903,380,100,0,0,0,0,0,0,58,0,4
751,1116,6.125,392,100,0,0,0,0,0,0,60,0,4
752,1104,6.13559,362,100,0,0,0,0,0,0,55,0,4
753,1260,6.19672,378,100,0,0,0,0,0,0,55,0,6
754,1464,6.21875,398,100,0,0,0,0,0,0,57,0,7
755,1420,6.13333,368,100,0,0,0,0,0,0,56,0,4
756,1288,6.13115,374,100,0,0,0,0,0,0,57,0,4
757,1456,6.16667,370,100,0,0,0,0,0,0,55,0,5
758,1184,6.0625,388,100,0,0,0,0,0,0,62,0,2
759,920,6.09836,372,100,0,0,0,0,0,0,58,0,3
760,900,6.06667,364,100,0,0,0,0,0,0,58,0,2
761,872,6.13115,374,100,0,0,0,0,0,0,57,0,4
762,956,6.19672,378,100,0,0,0,0,0,0,55,0,6
763,1008,6.1791,414,100,0,0,0,0,0,0,61,0,6
764,1012,6.12308,398,100,0,0,0,0,0,0,61,0,4
765,1012,6.2807,358,100,0,0,0,0,0,0,49,0,8
766,844,6.29091,346,100,0,0,0,0,0,0,47,0,8
767,1024,6.21212,410,100,0,0,0,0,0,0,59,0,7
768,1180,6.34921,400,100,0,0,0,0,0,0,52,0,11
769,868,6.2623,382,100,0,0,0,0,0,0,53,0,8
770,1060,6.16667,370,100,0,0,0,0,0,0,55,0,5
771,1116,6.16949,364,100,0,0,0,0,0,0,54,0,5
772,1204,6.03279,368,100,0,0,0,0,0,0,60,0,1
773,1020,6.09677,378,100,0,0,0,0,0,0,59,0,3
774,1048,6.03226,374,100,0,0,0,0,0,0,61,0,1
775,1004,6.12903,380,100,0,0,0,0,0,0,58,0,4
776,920,6,330,100,0,0,0,0,0,0,55,0,0
777,928,6.13559,362,100,0,0,0,0,0,0,55,0,4
778,964,6.10345,354,100,0,0,0,0,0,0,55,0,3
779,1132,6.06897,352,100,0,0,0,0,0,0,56,0,2
780,992,6.0339,356,100,0,0,0,0,0,0,58,0,1
781,1424,6.03226,374,100,0,0,0,0,0,0,61,0,1
782,1128,6,360,100,0,0,0,0,0,0,60,0,0
783,1300,6,318,100,0,0,0,0,0,0,53,0,0
784,1520,6.0678,358,100,0,0,0,0,0,0,57,0,2
785,1316,6,378,100,0,0,0,0,0,0,63,0,0
786,1496,6.06557,370,100,0,0,0,0,0,0,59,0,2
787,1768,6.0339,356,100,0,0,0,0,0,0,58,0,1
788,1756,6.0625,388,100,0,0,0,0,0,0,62,0,2
789,1492,6.06557,370,100,0,0,0,0,0,0,59,0,2
790,1676,6.03279,368,100,0,0,0,0,0,0,60,0,1
791,1628,6.03175,380,100,0,0,0,0,0,0,62,0,1
792,1612,6.06667,364,100,0,0,0,0,0,0,58,0,2
793,1688,6.09677,378,100,0,0,0,0,0,0,59,0,3
794,1480,6.09677,378,100,0,0,0,0,0,0,59,0,3
795,1636,6.06557,370,100,0,0,0,0,0,0,59,0,2
796,1520,6,342,100,0,0,0,0,0,0,57,0,0
797,1492,6.03509,344,100,0,0,0,0,0,0,56,0,1
798,1108,6,336,100,0,0,0,0,0,0,56,0,0
799,1196,6,360,100,0,0,0,0,0,0,60,0,0
800,1148,6.03509,344,100,0,0,0,0,0,0,56,0,1
801,1204,6,336,100,0,0,0,0,0,0,56,0,0
802,936,6,336,100,0,0,0,0,0,0,56,0,0
803,1248,6,372,100,0,0,0,0,0,0,62,0,0
804,1132,6,336,100,0,0,0,0,0,0,56,0,0
805,1168,6,354,100,0,0,0,0,0,0,59,0,0
806,1276,6.06154,394,100,0,0,0,0,0,0,63,0,2
807,1168,6.13333,368,100,0,0,0,0,0,0,56,0,4
808,980,6.1,366,100,0,0,0,0,0,0,57,0,3
809,920,6.06452,376,100,0,0,0,0,0,0,60,0,2
810,944,6.0339,356,100,0,0,0,0,0,0,58,0,1
811,844,6.06897,352,100,0,0,0,0,0,0,56,0,2
812,944,6.06667,364,100,0,0,0,0,0,0,58,0,2
813,980,6.06349,382,100,0,0,0,0,0,0,61,0,2
814,1164,6.0625,388,100,0,0,0,0,0,0,62,0,2
815,1080,6.07018,346,100,0,0,0,0,0,0,55,0,2
816,828,6.03571,338,100,0,0,0,0,0,0,55,0,1
817,964,6.03333,362,100,0,0,0,0,0,0,59,0,1
818,1140,6.06452,376,100,0,0,0,0,0,0,60,0,2
819,1064,6.06557,370,100,0,0,0,0,0,0,59,0,2
820,1128,6.06452,376,100,0,0,0,0,0,0,60,0,2
821,1232,6.03571,338,100,0,0,0,0,0,0,55,0,1
822,1128,6.23077,324,100,0,0,0,0,0,0,46,0,6
823,1160,6.06452,376,100,0,0,0,0,0,0,60,0,2
824,1012,6.15385,320,100,0,0,0,0,0,0,48,0,4
825,1152,6.14035,350,100,0,0,0,0,0,0,53,0,4
826,1072,6.24138,362,100,0,0,0,0,0,0,51,0,7
827,1160,6.17544,352,100,0,0,0,0,0,0,52,0,5
828,1248,6.16667,370,100,0,0,0,0,0,0,55,0,5
829,1092,6.2623,382,100,0,0,0,0,0,0,53,0,8
830,1156,6.32143,354,100,0,0,0,0,0,0,47,0,9
831,1032,6.21053,354,100,0,0,0,0,0,0,51,0,6
832,1008,6.2069,360,100,0,0,0,0,0,0,52,0,6
833,1000,6.13333,368,100,0,0,0,0,0,0,56,0,4
834,972,6.17241,358,100,0,0,0,0,0,0,53,0,5
835,1040,6.06349,382,100,0,0,0,0,0,0,61,0,2
836,1072,6.09836,372,100,0,0,0,0,0,0,58,0,3
837,1116,6,354,100,0,0,0,0,0,0,59,0,0
838,1108,6,384,100,0,0,0,0,0,0,64,0,0
839,1032,6.06349,382,100,0,0,0,0,0,0,61,0,2
840,1040,6.12903,380,100,0,0,0,0,0,0,58,0,4
841,1092,6.03333,362,100,0,0,0,0,0,0,59,0,1
842,1012,6.03571,338,100,0,0,0,0,0,0,55,0,1
843,1004,6.10909,336,100,0,0,0,0,0,0,52,0,3
844,1116,6.1,366,100,0,0,0,0,0,0,57,0,3
845,1012,6.06349,382,100,0,0,0,0,0,0,61,0,2
846,956,6.09677,378,100,0,0,0,0,0,0,59,0,3
847,788,6.07143,340,100,0,0,0,0,0,0,54,0,2
848,868,6.09677,378,100,0,0,0,0,0,0,59,0,3
849,784,6.14035,350,100,0,0,0,0,0,0,53,0,4
850,856,6.09836,372,100,0,0,0,0,0,0,58,0,3
851,856,6.12698,386,100,0,0,0,0,0,0,59,0,4
852,800,6.09677,378,100,0,0,0,0,0,0,59,0,3
853,848,6.06349,382,100,0,0,0,0,0,0,61,0,2
854,820,6.09091,402,100,0,0,0,0,0,0,63,0,3
855,840,6.09375,390,100,0,0,0,0,0,0,61,0,3
856,776,6.1,366,100,0,0,0,0,0,0,57,0,3
857,784,6.06452,376,100,0,0,0,0,0,0,60,0,2
858,880,6.03077,392,100,0,0,0,0,0,0,64,0,1
859,824,6,372,100,0,0,0,0,0,0,62,0,0
860,880,6.03175,380,100,0,0,0,0,0,0,62,0,1
861,816,6.0339,356,100,0,0,0,0,0,0,58,0,1
862,980,6.0303,398,100,0,0,0,0,0,0,65,0,1
863,872,6.06897,352,100,0,0,0,0,0,0,56,0,2
864,864,6.06452,376,100,0,0,0,0,0,0,60,0,2
865,772,6.0678,358,100,0,0,0,0,0,0,57,0,2
866,968,6.13559,362,100,0,0,0,0,0,0,55,0,4
867,932,6.0678,358,100,0,0,0,0,0,0,57,0,2
868,1080,6.12903,380,100,0,0,0,0,0,0,58,0,4
869,1088,6.15873,388,100,0,0,0,0,0,0,58,0,5
870,1092,6.21818,342,100,0,0,0,0,0,0,49,0,6
871,1104,6.13559,362,100,0,0,0,0,0,0,55,0,4
872,980,6.1,366,100,0,0,0,0,0,0,57,0,3
873,1012,6.16949,364,100,0,0,0,0,0,0,54,0,5
874,916,6.13793,356,100,0,0,0,0,0,0,54,0,4
875,1052,6.13559,362,100,0,0,0,0,0,0,55,0,4
876,888,6.10345,354,100,0,0,0,0,0,0,55,0,3
877,948,6.03571,338,100,0,0,0,0,0,0,55,0,1
878,1020,6.10345,354,100,0,0,0,0,0,0,55,0,3
879,1080,6.13559,362,100,0,0,0,0,0,0,55,0,4
880,1008,6.10169,360,100,0,0,0,0,0,0,56,0,3
881,940,6.03279,368,100,0,0,0,0,0,0,60,0,1
882,1048,6.09231,396,100,0,0,0,0,0,0,62,0,3
883,964,6.0339,356,100,0,0,0,0,0,0,58,0,1
884,1016,6.09375,390,100,0,0,0,0,0,0,61,0,3
885,932,6.06557,370,100,0,0,0,0,0,0,59,0,2
886,1008,6.09677,378,100,0,0,0,0,0,0,59,0,3
887,952,6.06557,370,100,0,0,0,0,0,0,59,0,2
888,956,6.2,372,100,0,0,0,0,0,0,54,0,6
889,1000,6.03333,362,100,0,0,0,0,0,0,59,0,1
890,924,6.03333,362,100,0,0,0,0,0,0,59,0,1
891,1176,6.03279,368,100,0,0,0,0,0,0,60,0,1
892,1088,6.03571,338,100,0,0,0,0,0,0,55,0,1
893,1000,6.07018,346,100,0,0,0,0,0,0,55,0,2
894,1064,6.06154,394,100,0,0,0,0,0,0,63,0,2
895,940,6.06667,364,100,0,0,0,0,0,0,58,0,2
896,908,6.0678,358,100,0,0,0,0,0,0,57,0,2
897,960,6.03279,368,100,0,0,0,0,0,0,60,0,1
898,900,6.03333,362,100,0,0,0,0,0,0,59,0,1
899,888,6,360,100,0,0,0,0,0,0,60,0,0
900,716,6.03333,362,100,0,0,0,0,0,0,59,0,1
901,800,6.07018,346,100,0,0,0,0,0,0,55,0,2
902,928,6.06667,364,100,0,0,0,0,0,0,58,0,2
903,908,6,372,100,0,0,0,0,0,0,62,0,0
904,952,6.07018,346,100,0,0,0,0,0,0,55,0,2
905,880,6.03333,362,100,0,0,0,0,0,0,59,0,1
906,948,6.0678,358,100,0,0,0,0,0,0,57,0,2
907,928,6.10714,342,100,0,0,0,0,0,0,53,0,3
908,996,6.07018,346,100,0,0,0,0,0,0,55,0,2
909,1008,6.03774,320,100,0,0,0,0,0,0,52,0,1
910,1016,6.0678,358,100,0,0,0,0,0,0,57,0,2
911,964,6.07143,340,100,0,0,0,0,0,0,54,0,2
912,960,6.03509,344,100,0,0,0,0,0,0,56,0,1
913,896,6.07143,340,100,0,0,0,0,0,0,54,0,2
914,1084,6.10909,336,100,0,0,0,0,0,0,52,0,3
915,1168,6.03571,338,100,0,0,0,0,0,0,55,0,1
916,996,6.06897,352,100,0,0,0,0,0,0,56,0,2
917,1100,6.0678,358,100,0,0,0,0,0,0,57,0,2
918,1084,6.07018,346,100,0,0,0,0,0,0,55,0,2
919,1140,6,330,100,0,0,0,0,0,0,55,0,0
920,1164,6,354,100,0,0,0,0,0,0,59,0,0
921,952,6.06897,352,100,0,0,0,0,0,0,56,0,2
922,1024,6.06897,352,100,0,0,0,0,0,0,56,0,2
923,892,6.10714,342,100,0,0,0,0,0,0,53,0,3
924,892,6.10526,348,100,0,0,0,0,0,0,54,0,3
925,916,6.06452,376,100,0,0,0,0,0,0,60,0,2
926,904,6.1,366,100,0,0,0,0,0,0,57,0,3
927,900,6.0339,356,100,0,0,0,0,0,0,58,0,1
928,920,6.14035,350,100,0,0,0,0,0,0,53,0,4
929,1020,6.21053,354,100,0,0,0,0,0,0,51,0,6
930,1092,6.2623,382,100,0,0,0,0,0,0,53,0,8
931,948,6.15873,388,100,0,0,0,0,0,0,58,0,5
932,968,6.13115,374,100,0,0,0,0,0,0,57,0,4
933,964,6.03279,368,100,0,0,0,0,0,0,60,0,1
934,952,6,390,100,0,0,0,0,0,0,65,0,0
935,960,6.12903,380,100,0,0,0,0,0,0,58,0,4
936,996,6.06452,376,100,0,0,0,0,0,0,60,0,2
937,952,6.10169,360,100,0,0,0,0,0,0,56,0,3
938,1064,6.16667,370,100,0,0,0,0,0,0,55,0,5
939,956,6.10345,354,100,0,0,0,0,0,0,55,0,3
940,1064,6.22222,392,100,0,0,0,0,0,0,56,0,7
941,856,6.21053,354,100,0,0,0,0,0,0,51,0,6
942,920,6.17241,358,100,0,0,0,0,0,0,53,0,5
943,1004,6.16667,370,100,0,0,0,0,0,0,55,0,5
944,1040,6.22222,392,100,0,0,0,0,0,0,56,0,7
945,896,6.22951,380,100,0,0,0,0,0,0,54,0,7
946,880,6.23729,368,100,0,0,0,0,0,0,52,0,7
947,1032,6.19048,390,100,0,0,0,0,0,0,57,0,6
948,1160,6.21538,404,100,0,0,0,0,0,0,58,0,7
949,896,6.28571,352,100,0,0,0,0,0,0,48,0,8
950,1024,6.25806,388,100,0,0,0,0,0,0,54,0,8
951,1184,6.21538,404,100,0,0,0,0,0,0,58,0,7
952,1252,6.09524,384,100,0,0,0,0,0,0,60,0,3
953,1116,6.06061,400,100,0,0,0,0,0,0,64,0,2
954,904,6.10714,342,100,0,0,0,0,0,0,53,0,3
955,1096,6.06349,382,100,0,0,0,0,0,0,61,0,2
956,1152,6.06349,382,100,0,0,0,0,0,0,61,0,2
957,1048,6,366,100,0,0,0,0,0,0,61,0,0
958,1176,6,384,100,0,0,0,0,0,0,64,0,0
959,952,6,372,100,0,0,0,0,0,0,62,0,0
960,1108,6,372,100,0,0,0,0,0,0,62,0,0
961,1040,6,378,100,0,0,0,0,0,0,63,0,0
962,1088,6.03279,368,100,0,0,0,0,0,0,60,0,1
963,1092,6,360,100,0,0,0,0,0,0,60,0,0
964,1000,6.03448,350,100,0,0,0,0,0,0,57,0,1
965,1180,6.09677,378,100,0,0,0,0,0,0,59,0,3
966,1008,6.03571,338,100,0,0,0,0,0,0,55,0,1
967,1008,6.06897,352,100,0,0,0,0,0,0,56,0,2
968,1012,6.06452,376,100,0,0,0,0,0,0,60,0,2
969,1036,6.06667,364,100,0,0,0,0,0,0,58,0,2
970,1120,6.06154,394,100,0,0,0,0,0,0,63,0,2
971,1112,6.03175,380,100,0,0,0,0,0,0,62,0,1
972,1108,6.06452,376,100,0,0,0,0,0,0,60,0,2
973,956,6.0678,358,100,0,0,0,0,0,0,57,0,2
974,1168,6,366,100,0,0,0,0,0,0,61,0,0
975,1104,6,354,100,0,0,0,0,0,0,59,0,0
976,1140,6.03226,374,100,0,0,0,0,0,0,61,0,1
977,1128,6.03279,368,100,0,0,0,0,0,0,60,0,1
978,1176,6.09677,378,100,0,0,0,0,0,0,59,0,3
979,1224,6.10345,354,100,0,0,0,0,0,0,55,0,3
980,1224,6.14035,350,100,0,0,0,0,0,0,53,0,4
981,1328,6.1,366,100,0,0,0,0,0,0,57,0,3
982,1080,6.16667,370,100,0,0,0,0,0,0,55,0,5
983,924,6.09375,390,100,0,0,0,0,0,0,61,0,3
984,908,6.12903,380,100,0,0,0,0,0,0,58,0,4
985,928,6.06667,364,100,0,0,0,0,0,0,58,0,2
986,984,6.09231,396,100,0,0,0,0,0,0,62,0,3
987,876,6.12308,398,100,0,0,0,0,0,0,61,0,4
988,796,6.09524,384,100,0,0,0,0,0,0,60,0,3
989,996,6.12308,398,100,0,0,0,0,0,0,61,0,4
990,920,6.1,366,100,0,0,0,0,0,0,57,0,3
991,944,6.12308,398,100,0,0,0,0,0,0,61,0,4
992,808,6.07407,328,100,0,0,0,0,0,0,52,0,2
993,856,6.06452,376,100,0,0,0,0,0,0,60,0,2
994,868,6,348,100,0,0,0,0,0,0,58,0,0
995,932,6,372,100,0,0,0,0,0,0,62,0,0
996,952,6.07018,346,100,0,0,0,0,0,0,55,0,2
997,964,6.03571,338,100,0,0,0,0,0,0,55,0,1
998,964,6.03448,350,100,0,0,0,0,0,0,57,0,1
999,1036,6.03333,362,100,0,0,0,0,0,0,59,0,1
