update,points,mean_tasks,total_tasks,total_orgs,task_0,task_1,task_2,task_3,task_4,task_5,task_6,task_7,task_8
0,0,nan,0,10,0,0,0,0,0,0,0,0,0
1,32,6,12,10,0,0,0,0,0,0,2,0,0
2,92,6,30,11,0,0,0,0,0,0,5,0,0
3,88,6,36,12,0,0,0,0,0,0,6,0,0
4,124,6,48,14,0,0,0,0,0,0,8,0,0
5,156,6.18182,68,18,0,0,0,0,0,0,10,0,1
6,200,6.16667,74,20,0,0,0,0,0,0,11,0,1
7,188,6.15385,80,22,0,0,0,0,0,0,12,0,1
8,188,6.13333,92,25,0,0,0,0,0,0,14,0,1
9,252,6.22222,112,28,0,0,0,0,0,0,16,0,2
10,288,6.3,126,32,0,0,0,0,0,0,17,0,3
11,312,6.26087,144,36,0,0,0,0,0,0,20,0,3
12,376,6.24,156,39,0,0,0,0,0,0,22,0,3
13,396,6.21429,174,44,0,0,0,0,0,0,25,0,3
14,432,6.2,186,45,0,0,0,0,0,0,27,0,3
15,436,6.11429,214,52,0,0,0,0,0,0,33,0,2
16,444,6.11429,214,55,0,0,0,0,0,0,33,0,2
17,476,6.10811,226,58,0,0,0,0,0,0,35,0,2
18,448,6.15,246,64,0,0,0,0,0,0,37,0,3
19,640,6.12766,288,69,0,0,0,0,0,0,44,0,3
20,688,6.12245,300,72,0,0,0,0,0,0,46,0,3
21,720,6.08,304,74,0,0,0,0,0,0,48,0,2
22,564,6.12766,288,74,0,0,0,0,0,0,44,0,3
23,756,6.18519,334,78,0,0,0,0,0,0,49,0,5
24,756,6.12245,300,81,0,0,0,0,0,0,46,0,3
25,840,6.07273,334,84,0,0,0,0,0,0,53,0,2
26,892,6.03636,332,90,0,0,0,0,0,0,54,0,1
27,1044,6.1,366,93,0,0,0,0,0,0,57,0,3
28,1112,6.10169,360,95,0,0,0,0,0,0,56,0,3
29,1200,6.1,366,96,0,0,0,0,0,0,57,0,3
30,1148,6,366,96,0,0,0,0,0,0,61,0,0
31,1240,6.03279,368,97,0,0,0,0,0,0,60,0,1
32,1140,6.03333,362,98,0,0,0,0,0,0,59,0,1
33,1356,6,384,100,0,0,0,0,0,0,64,0,0
34,1376,6,378,100,0,0,0,0,0,0,63,0,0
35,1312,6,366,100,0,0,0,0,0,0,61,0,0
36,1312,6.0339,356,100,0,0,0,0,0,0,58,0,1
37,1220,6.03175,380,100,0,0,0,0,0,0,62,0,1
38,1140,6.10169,360,100,0,0,0,0,0,0,56,0,3
39,1072,6.13115,374,100,0,0,0,0,0,0,57,0,4
40,820,6.17241,358,100,0,0,0,0,0,0,53,0,5
41,928,6.06452,376,100,0,0,0,0,0,0,60,0,2
42,932,6.03226,374,100,0,0,0,0,0,0,61,0,1
43,872,6.06667,364,100,0,0,0,0,0,0,58,0,2
44,992,6.06452,376,100,0,0,0,0,0,0,60,0,2
45,1052,6.10714,342,100,0,0,0,0,0,0,53,0,3
46,1040,6.03279,368,100,0,0,0,0,0,0,60,0,1
47,1104,6,348,100,0,0,0,0,0,0,58,0,0
48,1164,6,348,100,0,0,0,0,0,0,58,0,0
49,1100,6.10714,342,100,0,0,0,0,0,0,53,0,3
50,1180,6.03509,344,100,0,0,0,0,0,0,56,0,1
51,1408,6.03571,338,100,0,0,0,0,0,0,55,0,1
52,1440,6.0303,398,100,0,0,0,0,0,0,65,0,1
53,1496,6.0303,398,100,0,0,0,0,0,0,65,0,1
54,1644,6,360,100,0,0,0,0,0,0,60,0,0
55,1848,6,366,100,0,0,0,0,0,0,61,0,0
56,1604,6.03704,326,100,0,0,0,0,0,0,53,0,1
57,1840,6,324,100,0,0,0,0,0,0,54,0,0
58,1620,6,324,100,0,0,0,0,0,0,54,0,0
59,1808,6,360,100,0,0,0,0,0,0,60,0,0
60,1696,6,330,100,0,0,0,0,0,0,55,0,0
61,1624,6,348,100,0,0,0,0,0,0,58,0,0
62,1320,6,318,100,0,0,0,0,0,0,53,0,0
63,1172,6,354,100,0,0,0,0,0,0,59,0,0
64,1088,6,342,100,0,0,0,0,0,0,57,0,0
65,1008,6.03333,362,100,0,0,0,0,0,0,59,0,1
66,1124,6.09836,372,100,0,0,0,0,0,0,58,0,3
67,1172,6.0339,356,100,0,0,0,0,0,0,58,0,1
68,1188,6.03333,362,100,0,0,0,0,0,0,59,0,1
69,1204,6.0339,356,100,0,0,0,0,0,0,58,0,1
70,1200,6,378,100,0,0,0,0,0,0,63,0,0
71,932,6,348,100,0,0,0,0,0,0,58,0,0
72,1104,6.06349,382,100,0,0,0,0,0,0,61,0,2
73,1052,6.10169,360,100,0,0,0,0,0,0,56,0,3
74,1176,6.03636,332,100,0,0,0,0,0,0,54,0,1
75,1456,6,390,100,0,0,0,0,0,0,65,0,0
76,1536,6.03175,380,100,0,0,0,0,0,0,62,0,1
77,1624,6.0339,356,100,0,0,0,0,0,0,58,0,1
78,1416,6.03636,332,100,0,0,0,0,0,0,54,0,1
79,1424,6.07018,346,100,0,0,0,0,0,0,55,0,2
80,1464,6.09524,384,100,0,0,0,0,0,0,60,0,3
81,1636,6.07407,328,100,0,0,0,0,0,0,52,0,2
82,1796,6.10714,342,100,0,0,0,0,0,0,53,0,3
83,1916,6.03571,338,100,0,0,0,0,0,0,55,0,1
84,2252,6.03571,338,100,0,0,0,0,0,0,55,0,1
85,2716,6,348,100,0,0,0,0,0,0,58,0,0
86,1784,6,336,100,0,0,0,0,0,0,56,0,0
87,2004,6,348,100,0,0,0,0,0,0,58,0,0
88,2196,6,348,100,0,0,0,0,0,0,58,0,0
89,2220,6,330,100,0,0,0,0,0,0,55,0,0
90,2000,6,336,100,0,0,0,0,0,0,56,0,0
91,2344,6,366,100,0,0,0,0,0,0,61,0,0
92,2708,6.03448,350,100,0,0,0,0,0,0,57,0,1
93,2256,6.08333,292,100,0,0,0,0,0,0,46,0,2
94,2208,6.07143,340,100,0,0,0,0,0,0,54,0,2
95,2144,6.10169,360,100,0,0,0,0,0,0,56,0,3
96,2748,6.06897,352,100,0,0,0,0,0,0,56,0,2
97,2376,6.03636,332,100,0,0,0,0,0,0,54,0,1
98,1944,6.03571,338,100,0,0,0,0,0,0,55,0,1
99,2008,6,324,100,0,0,0,0,0,0,54,0,0
100,1816,6,330,100,0,0,0,0,0,0,55,0,0
101,1648,6,354,100,0,0,0,0,0,0,59,0,0
102,1668,6.0678,358,100,0,0,0,0,0,0,57,0,2
103,1732,6.09836,372,100,0,0,0,0,0,0,58,0,3
104,1888,6,354,100,0,0,0,0,0,0,59,0,0
105,1688,6.03846,314,100,0,0,0,0,0,0,51,0,1
106,1508,6.03333,362,100,0,0,0,0,0,0,59,0,1
107,1804,6.03636,332,100,0,0,0,0,0,0,54,0,1
108,1820,6.03704,326,100,0,0,0,0,0,0,53,0,1
109,1712,6,348,100,0,0,0,0,0,0,58,0,0
110,1820,6.03636,332,100,0,0,0,0,0,0,54,0,1
111,1872,6.07407,328,100,0,0,0,0,0,0,52,0,2
112,1900,6.0678,358,100,0,0,0,0,0,0,57,0,2
113,2072,6.10714,342,100,0,0,0,0,0,0,53,0,3
114,2132,6.0339,356,100,0,0,0,0,0,0,58,0,1
115,2252,6.03509,344,100,0,0,0,0,0,0,56,0,1
116,2136,6.06452,376,100,0,0,0,0,0,0,60,0,2
117,2208,6.0339,356,100,0,0,0,0,0,0,58,0,1
118,2008,6,318,100,0,0,0,0,0,0,53,0,0
119,2204,6.03774,320,100,0,0,0,0,0,0,52,0,1
120,2940,6.03448,350,100,0,0,0,0,0,0,57,0,1
121,2592,6,360,100,0,0,0,0,0,0,60,0,0
122,2336,6,354,100,0,0,0,0,0,0,59,0,0
123,2244,6.03448,350,100,0,0,0,0,0,0,57,0,1
124,1968,6.03774,320,100,0,0,0,0,0,0,52,0,1
125,1756,6.07018,346,100,0,0,0,0,0,0,55,0,2
126,1808,6.07018,346,100,0,0,0,0,0,0,55,0,2
127,2228,6.14035,350,100,0,0,0,0,0,0,53,0,4
128,1660,6.03571,338,100,0,0,0,0,0,0,55,0,1
129,1584,6.03448,350,100,0,0,0,0,0,0,57,0,1
130,1672,6,348,100,0,0,0,0,0,0,58,0,0
131,1356,6.0678,358,100,0,0,0,0,0,0,57,0,2
132,1692,6.06667,364,100,0,0,0,0,0,0,58,0,2
133,1868,6.03175,380,100,0,0,0,0,0,0,62,0,1
134,1564,6.03175,380,100,0,0,0,0,0,0,62,0,1
135,1724,6,360,100,0,0,0,0,0,0,60,0,0
136,1584,6.03175,380,100,0,0,0,0,0,0,62,0,1
137,2000,6.09091,402,100,0,0,0,0,0,0,63,0,3
138,1684,6.10345,354,100,0,0,0,0,0,0,55,0,3
139,1752,6.03175,380,100,0,0,0,0,0,0,62,0,1
140,1788,6.07143,340,100,0,0,0,0,0,0,54,0,2
141,2144,6.10714,342,100,0,0,0,0,0,0,53,0,3
142,2644,6.03125,386,100,0,0,0,0,0,0,63,0,1
143,2508,6.03333,362,100,0,0,0,0,0,0,59,0,1
144,2632,6.09231,396,100,0,0,0,0,0,0,62,0,3
145,2520,6.09836,372,100,0,0,0,0,0,0,58,0,3
146,1692,6.07018,346,100,0,0,0,0,0,0,55,0,2
147,2016,6.06667,364,100,0,0,0,0,0,0,58,0,2
148,1860,6.07018,346,100,0,0,0,0,0,0,55,0,2
149,2072,6.07407,328,100,0,0,0,0,0,0,52,0,2
150,2268,6.06557,370,100,0,0,0,0,0,0,59,0,2
151,2136,6.07692,316,100,0,0,0,0,0,0,50,0,2
152,2180,6.1,366,100,0,0,0,0,0,0,57,0,3
153,1636,6.06557,370,100,0,0,0,0,0,0,59,0,2
154,1916,6,366,100,0,0,0,0,0,0,61,0,0
155,1588,6,342,100,0,0,0,0,0,0,57,0,0
156,1660,6,342,100,0,0,0,0,0,0,57,0,0
157,2024,6,354,100,0,0,0,0,0,0,59,0,0
158,2228,6,354,100,0,0,0,0,0,0,59,0,0
159,2372,6,336,100,0,0,0,0,0,0,56,0,0
160,2296,6,360,100,0,0,0,0,0,0,60,0,0
161,2180,6,366,100,0,0,0,0,0,0,61,0,0
162,2352,6,354,100,0,0,0,0,0,0,59,0,0
163,2012,6,366,100,0,0,0,0,0,0,61,0,0
164,1568,6,324,100,0,0,0,0,0,0,54,0,0
165,1572,6,330,100,0,0,0,0,0,0,55,0,0
166,2096,6,384,100,0,0,0,0,0,0,64,0,0
167,2248,6,360,100,0,0,0,0,0,0,60,0,0
168,2164,6.10909,336,100,0,0,0,0,0,0,52,0,3
169,1868,6.03333,362,100,0,0,0,0,0,0,59,0,1
170,1508,6.06897,352,100,0,0,0,0,0,0,56,0,2
171,2160,6.03448,350,100,0,0,0,0,0,0,57,0,1
172,2380,6.03509,344,100,0,0,0,0,0,0,56,0,1
173,1868,6.0339,356,100,0,0,0,0,0,0,58,0,1
174,2016,6,330,100,0,0,0,0,0,0,55,0,0
175,2156,6.07143,340,100,0,0,0,0,0,0,54,0,2
176,2032,6.07018,346,100,0,0,0,0,0,0,55,0,2
177,2096,6.0339,356,100,0,0,0,0,0,0,58,0,1
178,2176,6.07407,328,100,0,0,0,0,0,0,52,0,2
179,1648,6.06557,370,100,0,0,0,0,0,0,59,0,2
180,1556,6.16667,370,100,0,0,0,0,0,0,55,0,5
181,1296,6.17544,352,100,0,0,0,0,0,0,52,0,5
182,1440,6.07273,334,100,0,0,0,0,0,0,53,0,2
183,1424,6.07273,334,100,0,0,0,0,0,0,53,0,2
184,1604,6.07143,340,100,0,0,0,0,0,0,54,0,2
185,1728,6.03448,350,100,0,0,0,0,0,0,57,0,1
186,1448,6.03448,350,100,0,0,0,0,0,0,57,0,1
187,1596,6.06897,352,100,0,0,0,0,0,0,56,0,2
188,1520,6.0339,356,100,0,0,0,0,0,0,58,0,1
189,1640,6.14035,350,100,0,0,0,0,0,0,53,0,4
190,1516,6.06557,370,100,0,0,0,0,0,0,59,0,2
191,1400,6.03509,344,100,0,0,0,0,0,0,56,0,1
192,1400,6.07018,346,100,0,0,0,0,0,0,55,0,2
193,1888,6.1,366,100,0,0,0,0,0,0,57,0,3
194,1652,6.13793,356,100,0,0,0,0,0,0,54,0,4
195,1580,6.10714,342,100,0,0,0,0,0,0,53,0,3
196,1184,6.03509,344,100,0,0,0,0,0,0,56,0,1
197,1416,6.0339,356,100,0,0,0,0,0,0,58,0,1
198,1720,6.09524,384,100,0,0,0,0,0,0,60,0,3
199,1476,6.07018,346,100,0,0,0,0,0,0,55,0,2
200,1380,6.0339,356,100,0,0,0,0,0,0,58,0,1
201,1448,6.03333,362,100,0,0,0,0,0,0,59,0,1
202,1412,6.10169,360,100,0,0,0,0,0,0,56,0,3
203,1488,6.06452,376,100,0,0,0,0,0,0,60,0,2
204,1472,6.06452,376,100,0,0,0,0,0,0,60,0,2
205,1520,6.09524,384,100,0,0,0,0,0,0,60,0,3
206,1584,6.03125,386,100,0,0,0,0,0,0,63,0,1
207,1536,6.03226,374,100,0,0,0,0,0,0,61,0,1
208,1784,6,378,100,0,0,0,0,0,0,63,0,0
209,1724,6.09677,378,100,0,0,0,0,0,0,59,0,3
210,2016,6.12308,398,100,0,0,0,0,0,0,61,0,4
211,1980,6.09677,378,100,0,0,0,0,0,0,59,0,3
212,2332,6.14925,412,100,0,0,0,0,0,0,62,0,5
213,2380,6.09524,384,100,0,0,0,0,0,0,60,0,3
214,1952,6.19355,384,100,0,0,0,0,0,0,56,0,6
215,2204,6.1875,396,100,0,0,0,0,0,0,58,0,6
216,2500,6.22222,392,100,0,0,0,0,0,0,56,0,7
217,1604,6.19048,390,100,0,0,0,0,0,0,57,0,6
218,1744,6.12698,386,100,0,0,0,0,0,0,59,0,4
219,1304,6.07273,334,100,0,0,0,0,0,0,53,0,2
220,1128,6.07018,346,100,0,0,0,0,0,0,55,0,2
221,1516,6.13333,368,100,0,0,0,0,0,0,56,0,4
222,1536,6.12903,380,100,0,0,0,0,0,0,58,0,4
223,1640,6.14286,344,100,0,0,0,0,0,0,52,0,4
224,1736,6.09375,390,100,0,0,0,0,0,0,61,0,3
225,1880,6.15385,400,100,0,0,0,0,0,0,60,0,5
226,1728,6.09836,372,100,0,0,0,0,0,0,58,0,3
227,2140,6.1,366,100,0,0,0,0,0,0,57,0,3
228,2148,6.1,366,100,0,0,0,0,0,0,57,0,3
229,1952,6.06452,376,100,0,0,0,0,0,0,60,0,2
230,1700,6.06557,370,100,0,0,0,0,0,0,59,0,2
231,1772,6.10345,354,100,0,0,0,0,0,0,55,0,3
232,1684,6.14286,344,100,0,0,0,0,0,0,52,0,4
233,2176,6.12308,398,100,0,0,0,0,0,0,61,0,4
234,1952,6.10345,354,100,0,0,0,0,0,0,55,0,3
235,2448,6.09375,390,100,0,0,0,0,0,0,61,0,3
236,2552,6.0339,356,100,0,0,0,0,0,0,58,0,1
237,2516,6.06452,376,100,0,0,0,0,0,0,60,0,2
238,1396,6.03226,374,100,0,0,0,0,0,0,61,0,1
239,1764,6.03279,368,100,0,0,0,0,0,0,60,0,1
240,1388,6.09677,378,100,0,0,0,0,0,0,59,0,3
241,1164,6.03175,380,100,0,0,0,0,0,0,62,0,1
242,1100,6.03175,380,100,0,0,0,0,0,0,62,0,1
243,1320,6.03125,386,100,0,0,0,0,0,0,63,0,1
244,1148,6.06349,382,100,0,0,0,0,0,0,61,0,2
245,1100,6.06557,370,100,0,0,0,0,0,0,59,0,2
246,1204,6.09524,384,100,0,0,0,0,0,0,60,0,3
247,1088,6.06897,352,100,0,0,0,0,0,0,56,0,2
248,1304,6.06452,376,100,0,0,0,0,0,0,60,0,2
249,1360,6.06897,352,100,0,0,0,0,0,0,56,0,2
250,1120,6,348,100,0,0,0,0,0,0,58,0,0
251,1220,6.03509,344,100,0,0,0,0,0,0,56,0,1
252,1028,6.07273,334,100,0,0,0,0,0,0,53,0,2
253,992,6,330,100,0,0,0,0,0,0,55,0,0
254,988,6,330,100,0,0,0,0,0,0,55,0,0
255,940,6,342,100,0,0,0,0,0,0,57,0,0
256,1168,6.03279,368,100,0,0,0,0,0,0,60,0,1
257,1076,6,342,100,0,0,0,0,0,0,57,0,0
258,944,6,330,100,0,0,0,0,0,0,55,0,0
259,964,6.03571,338,100,0,0,0,0,0,0,55,0,1
260,1024,6,372,100,0,0,0,0,0,0,62,0,0
261,1184,6.10169,360,100,0,0,0,0,0,0,56,0,3
262,1004,6.03636,332,100,0,0,0,0,0,0,54,0,1
263,964,6.03509,344,100,0,0,0,0,0,0,56,0,1
264,832,6,342,100,0,0,0,0,0,0,57,0,0
265,956,6,360,100,0,0,0,0,0,0,60,0,0
266,956,6.10909,336,100,0,0,0,0,0,0,52,0,3
267,976,6.03509,344,100,0,0,0,0,0,0,56,0,1
268,1052,6.03636,332,100,0,0,0,0,0,0,54,0,1
269,1128,6.03448,350,100,0,0,0,0,0,0,57,0,1
270,1064,6,342,100,0,0,0,0,0,0,57,0,0
271,1156,6,348,100,0,0,0,0,0,0,58,0,0
272,980,6.03509,344,100,0,0,0,0,0,0,56,0,1
273,1032,6.03279,368,100,0,0,0,0,0,0,60,0,1
274,1028,6.06667,364,100,0,0,0,0,0,0,58,0,2
275,916,6.03448,350,100,0,0,0,0,0,0,57,0,1
276,984,6.09677,378,100,0,0,0,0,0,0,59,0,3
277,1060,6.10345,354,100,0,0,0,0,0,0,55,0,3
278,896,6.03704,326,100,0,0,0,0,0,0,53,0,1
279,1124,6.07018,346,100,0,0,0,0,0,0,55,0,2
280,892,6.10909,336,100,0,0,0,0,0,0,52,0,3
281,1032,6.03509,344,100,0,0,0,0,0,0,56,0,1
282,1168,6.03509,344,100,0,0,0,0,0,0,56,0,1
283,1028,6.03636,332,100,0,0,0,0,0,0,54,0,1
284,1036,6.0678,358,100,0,0,0,0,0,0,57,0,2
285,1204,6.03175,380,100,0,0,0,0,0,0,62,0,1
286,1236,6.03226,374,100,0,0,0,0,0,0,61,0,1
287,908,6,318,100,0,0,0,0,0,0,53,0,0
288,1052,6,378,100,0,0,0,0,0,0,63,0,0
289,1080,6,372,100,0,0,0,0,0,0,62,0,0
290,1096,6,348,100,0,0,0,0,0,0,58,0,0
291,1140,6,372,100,0,0,0,0,0,0,62,0,0
292,1244,6.03125,386,100,0,0,0,0,0,0,63,0,1
293,1092,6.03333,362,100,0,0,0,0,0,0,59,0,1
294,1092,6.03571,338,100,0,0,0,0,0,0,55,0,1
295,1116,6.03226,374,100,0,0,0,0,0,0,61,0,1
296,1160,6.10345,354,100,0,0,0,0,0,0,55,0,3
297,1080,6,342,100,0,0,0,0,0,0,57,0,0
298,1184,6.03279,368,100,0,0,0,0,0,0,60,0,1
299,1040,6.16949,364,100,0,0,0,0,0,0,54,0,5
300,1068,6.06667,364,100,0,0,0,0,0,0,58,0,2
301,1176,6.0678,358,100,0,0,0,0,0,0,57,0,2
302,1164,6.06557,370,100,0,0,0,0,0,0,59,0,2
303,936,6.06897,352,100,0,0,0,0,0,0,56,0,2
304,976,6.06897,352,100,0,0,0,0,0,0,56,0,2
305,1056,6.13333,368,100,0,0,0,0,0,0,56,0,4
306,1308,6.09375,390,100,0,0,0,0,0,0,61,0,3
307,1056,6.09231,396,100,0,0,0,0,0,0,62,0,3
308,980,6.06452,376,100,0,0,0,0,0,0,60,0,2
309,908,6.0678,358,100,0,0,0,0,0,0,57,0,2
310,936,6.06452,376,100,0,0,0,0,0,0,60,0,2
311,924,6.09677,378,100,0,0,0,0,0,0,59,0,3
312,948,6.09231,396,100,0,0,0,0,0,0,62,0,3
313,996,6.07273,334,100,0,0,0,0,0,0,53,0,2
314,1016,6.0678,358,100,0,0,0,0,0,0,57,0,2
315,1244,6.06349,382,100,0,0,0,0,0,0,61,0,2
316,1180,6.06349,382,100,0,0,0,0,0,0,61,0,2
317,1144,6.03226,374,100,0,0,0,0,0,0,61,0,1
318,1032,6.03077,392,100,0,0,0,0,0,0,64,0,1
319,872,6,366,100,0,0,0,0,0,0,61,0,0
320,924,6.03226,374,100,0,0,0,0,0,0,61,0,1
321,868,6.03125,386,100,0,0,0,0,0,0,63,0,1
322,832,6,354,100,0,0,0,0,0,0,59,0,0
323,812,6.03636,332,100,0,0,0,0,0,0,54,0,1
324,972,6,348,100,0,0,0,0,0,0,58,0,0
325,944,6,348,100,0,0,0,0,0,0,58,0,0
326,1144,6,366,100,0,0,0,0,0,0,61,0,0
327,976,6.03333,362,100,0,0,0,0,0,0,59,0,1
328,1028,6,348,100,0,0,0,0,0,0,58,0,0
329,924,6.06667,364,100,0,0,0,0,0,0,58,0,2
330,936,6.06667,364,100,0,0,0,0,0,0,58,0,2
331,1044,6.07018,346,100,0,0,0,0,0,0,55,0,2
332,1096,6.19355,384,100,0,0,0,0,0,0,56,0,6
333,1124,6.21875,398,100,0,0,0,0,0,0,57,0,7
334,1056,6.13559,362,100,0,0,0,0,0,0,55,0,4
335,1076,6.17544,352,100,0,0,0,0,0,0,52,0,5
336,1248,6.23333,374,100,0,0,0,0,0,0,53,0,7
337,1324,6.27586,364,100,0,0,0,0,0,0,50,0,8
338,1192,6.37736,338,100,0,0,0,0,0,0,43,0,10
339,1268,6.27119,370,100,0,0,0,0,0,0,51,0,8
340,1004,6.21053,354,100,0,0,0,0,0,0,51,0,6
341,1208,6.23333,374,100,0,0,0,0,0,0,53,0,7
342,1052,6.17857,346,100,0,0,0,0,0,0,51,0,5
343,1060,6.03571,338,100,0,0,0,0,0,0,55,0,1
344,1144,6.17241,358,100,0,0,0,0,0,0,53,0,5
345,1292,6.1875,396,100,0,0,0,0,0,0,58,0,6
346,1392,6.22951,380,100,0,0,0,0,0,0,54,0,7
347,1264,6.16393,376,100,0,0,0,0,0,0,56,0,5
348,1160,6.31034,366,100,0,0,0,0,0,0,49,0,9
349,1224,6.38596,364,100,0,0,0,0,0,0,46,0,11
350,1200,6.32787,386,100,0,0,0,0,0,0,51,0,10
351,960,6.35088,362,100,0,0,0,0,0,0,47,0,10
352,1168,6.25806,388,100,0,0,0,0,0,0,54,0,8
353,1144,6.27119,370,100,0,0,0,0,0,0,51,0,8
354,1180,6.32258,392,100,0,0,0,0,0,0,52,0,10
355,1164,6.22951,380,100,0,0,0,0,0,0,54,0,7
356,1128,6.29032,390,100,0,0,0,0,0,0,53,0,9
357,1040,6.23729,368,100,0,0,0,0,0,0,52,0,7
358,1168,6.29508,384,100,0,0,0,0,0,0,52,0,9
359,1096,6.29508,384,100,0,0,0,0,0,0,52,0,9
360,980,6.13559,362,100,0,0,0,0,0,0,55,0,4
361,956,6.16393,376,100,0,0,0,0,0,0,56,0,5
362,1052,6.2807,358,100,0,0,0,0,0,0,49,0,8
363,988,6.30508,372,100,0,0,0,0,0,0,50,0,9
364,1156,6.21875,398,100,0,0,0,0,0,0,57,0,7
365,1124,6.23333,374,100,0,0,0,0,0,0,53,0,7
366,1092,6.23333,374,100,0,0,0,0,0,0,53,0,7
367,1296,6.2069,360,100,0,0,0,0,0,0,52,0,6
368,1020,6.15385,320,100,0,0,0,0,0,0,48,0,4
369,888,6.03704,326,100,0,0,0,0,0,0,53,0,1
370,1044,6.03636,332,100,0,0,0,0,0,0,54,0,1
371,972,6.11538,318,100,0,0,0,0,0,0,49,0,3
372,884,6.10909,336,100,0,0,0,0,0,0,52,0,3
373,956,6.06452,376,100,0,0,0,0,0,0,60,0,2
374,1064,6.17241,358,100,0,0,0,0,0,0,53,0,5
375,1024,6.10909,336,100,0,0,0,0,0,0,52,0,3
376,968,6.18182,340,100,0,0,0,0,0,0,50,0,5
377,856,6.23077,324,100,0,0,0,0,0,0,46,0,6
378,808,6.10714,342,100,0,0,0,0,0,0,53,0,3
379,984,6.10714,342,100,0,0,0,0,0,0,53,0,3
380,904,6.07273,334,100,0,0,0,0,0,0,53,0,2
381,1004,6.13793,356,100,0,0,0,0,0,0,54,0,4
382,1088,6.07018,346,100,0,0,0,0,0,0,55,0,2
383,1148,6.13333,368,100,0,0,0,0,0,0,56,0,4
384,1088,6.15625,394,100,0,0,0,0,0,0,59,0,5
385,1040,6.22222,392,100,0,0,0,0,0,0,56,0,7
386,1076,6.23333,374,100,0,0,0,0,0,0,53,0,7
387,940,6.10169,360,100,0,0,0,0,0,0,56,0,3
388,1028,6.16129,382,100,0,0,0,0,0,0,57,0,5
389,1068,6.09836,372,100,0,0,0,0,0,0,58,0,3
390,948,6.10526,348,100,0,0,0,0,0,0,54,0,3
391,852,6.13793,356,100,0,0,0,0,0,0,54,0,4
392,1000,6.15873,388,100,0,0,0,0,0,0,58,0,5
393,1044,6.19355,384,100,0,0,0,0,0,0,56,0,6
394,968,6.1,366,100,0,0,0,0,0,0,57,0,3
395,864,6.31579,360,100,0,0,0,0,0,0,48,0,9
396,924,6.22222,392,100,0,0,0,0,0,0,56,0,7
397,796,6.23077,324,100,0,0,0,0,0,0,46,0,6
398,920,6.16393,376,100,0,0,0,0,0,0,56,0,5
399,868,6.12903,380,100,0,0,0,0,0,0,58,0,4
400,864,6.13333,368,100,0,0,0,0,0,0,56,0,4
401,912,6.16667,370,100,0,0,0,0,0,0,55,0,5
402,956,6.25806,388,100,0,0,0,0,0,0,54,0,8
403,972,6.10526,348,100,0,0,0,0,0,0,54,0,3
404,1060,6.2,372,100,0,0,0,0,0,0,54,0,6
405,1008,6.20339,366,100,0,0,0,0,0,0,53,0,6
406,904,6.09836,372,100,0,0,0,0,0,0,58,0,3
407,964,6.09836,372,100,0,0,0,0,0,0,58,0,3
408,928,6.14035,350,100,0,0,0,0,0,0,53,0,4
409,1024,6.06897,352,100,0,0,0,0,0,0,56,0,2
410,972,6.06667,364,100,0,0,0,0,0,0,58,0,2
411,928,6.14545,338,100,0,0,0,0,0,0,51,0,4
412,984,6.07018,346,100,0,0,0,0,0,0,55,0,2
413,908,6.07143,340,100,0,0,0,0,0,0,54,0,2
414,796,6.07143,340,100,0,0,0,0,0,0,54,0,2
415,928,6.20339,366,100,0,0,0,0,0,0,53,0,6
416,1016,6.15873,388,100,0,0,0,0,0,0,58,0,5
417,1076,6.23333,374,100,0,0,0,0,0,0,53,0,7
418,1052,6.16949,364,100,0,0,0,0,0,0,54,0,5
419,872,6.13333,368,100,0,0,0,0,0,0,56,0,4
420,944,6.27119,370,100,0,0,0,0,0,0,51,0,8
421,916,6.19672,378,100,0,0,0,0,0,0,55,0,6
422,952,6.15873,388,100,0,0,0,0,0,0,58,0,5
423,952,6.19048,390,100,0,0,0,0,0,0,57,0,6
424,992,6.25806,388,100,0,0,0,0,0,0,54,0,8
425,988,6.13333,368,100,0,0,0,0,0,0,56,0,4
426,920,6.11111,330,100,0,0,0,0,0,0,51,0,3
427,1020,6.06452,376,100,0,0,0,0,0,0,60,0,2
428,976,6.06667,364,100,0,0,0,0,0,0,58,0,2
429,1124,6,390,100,0,0,0,0,0,0,65,0,0
430,900,6.03448,350,100,0,0,0,0,0,0,57,0,1
431,936,6,378,100,0,0,0,0,0,0,63,0,0
432,984,6,390,100,0,0,0,0,0,0,65,0,0
433,972,6.06897,352,100,0,0,0,0,0,0,56,0,2
434,1108,6.09677,378,100,0,0,0,0,0,0,59,0,3
435,1072,6,342,100,0,0,0,0,0,0,57,0,0
436,1060,6,348,100,0,0,0,0,0,0,58,0,0
437,1168,6.06667,364,100,0,0,0,0,0,0,58,0,2
438,1140,6.03571,338,100,0,0,0,0,0,0,55,0,1
439,1332,6.09231,396,100,0,0,0,0,0,0,62,0,3
440,1296,6.06349,382,100,0,0,0,0,0,0,61,0,2
441,1064,6.06897,352,100,0,0,0,0,0,0,56,0,2
442,1220,6.16393,376,100,0,0,0,0,0,0,56,0,5
443,1136,6.21538,404,100,0,0,0,0,0,0,58,0,7
444,1148,6.33333,418,100,0,0,0,0,0,0,55,0,11
445,1132,6.30303,416,100,0,0,0,0,0,0,56,0,10
446,1000,6.3125,404,100,0,0,0,0,0,0,54,0,10
447,856,6.25806,388,100,0,0,0,0,0,0,54,0,8
448,896,6.15625,394,100,0,0,0,0,0,0,59,0,5
449,860,6.0625,388,100,0,0,0,0,0,0,62,0,2
450,944,6.21875,398,100,0,0,0,0,0,0,57,0,7
451,884,6.13333,368,100,0,0,0,0,0,0,56,0,4
452,936,6.09836,372,100,0,0,0,0,0,0,58,0,3
453,964,6.20339,366,100,0,0,0,0,0,0,53,0,6
454,948,6.06557,370,100,0,0,0,0,0,0,59,0,2
455,1044,6.13333,368,100,0,0,0,0,0,0,56,0,4
456,988,6.10169,360,100,0,0,0,0,0,0,56,0,3
457,972,6.06667,364,100,0,0,0,0,0,0,58,0,2
458,1108,6.1,366,100,0,0,0,0,0,0,57,0,3
459,1120,6.06557,370,100,0,0,0,0,0,0,59,0,2
460,1136,6.06897,352,100,0,0,0,0,0,0,56,0,2
461,1164,6.03226,374,100,0,0,0,0,0,0,61,0,1
462,1196,6,390,100,0,0,0,0,0,0,65,0,0
463,1136,6,360,100,0,0,0,0,0,0,60,0,0
464,1184,6.03333,362,100,0,0,0,0,0,0,59,0,1
465,1100,6.03125,386,100,0,0,0,0,0,0,63,0,1
466,1116,6.09677,378,100,0,0,0,0,0,0,59,0,3
467,1196,6.16393,376,100,0,0,0,0,0,0,56,0,5
468,1208,6.06667,364,100,0,0,0,0,0,0,58,0,2
469,1424,6.06667,364,100,0,0,0,0,0,0,58,0,2
470,1320,6.1,366,100,0,0,0,0,0,0,57,0,3
471,1176,6.2069,360,100,0,0,0,0,0,0,52,0,6
472,1088,6.16667,370,100,0,0,0,0,0,0,55,0,5
473,1072,6.18868,328,100,0,0,0,0,0,0,48,0,5
474,1172,6.28571,352,100,0,0,0,0,0,0,48,0,8
475,1196,6.2807,358,100,0,0,0,0,0,0,49,0,8
476,1156,6.23077,324,100,0,0,0,0,0,0,46,0,6
477,1248,6.06557,370,100,0,0,0,0,0,0,59,0,2
478,1212,6.1,366,100,0,0,0,0,0,0,57,0,3
479,1384,6.16667,370,100,0,0,0,0,0,0,55,0,5
480,1056,6.2,372,100,0,0,0,0,0,0,54,0,6
481,1156,6.16393,376,100,0,0,0,0,0,0,56,0,5
482,1000,6.07018,346,100,0,0,0,0,0,0,55,0,2
483,988,6.14545,338,100,0,0,0,0,0,0,51,0,4
484,804,6.15094,326,100,0,0,0,0,0,0,49,0,4
485,956,6.06557,370,100,0,0,0,0,0,0,59,0,2
486,924,6.10345,354,100,0,0,0,0,0,0,55,0,3
487,1000,6.03279,368,100,0,0,0,0,0,0,60,0,1
488,888,6.10526,348,100,0,0,0,0,0,0,54,0,3
489,876,6.13559,362,100,0,0,0,0,0,0,55,0,4
490,932,6.12903,380,100,0,0,0,0,0,0,58,0,4
491,868,6.17241,358,100,0,0,0,0,0,0,53,0,5
492,896,6.14286,344,100,0,0,0,0,0,0,52,0,4
493,840,6.13793,356,100,0,0,0,0,0,0,54,0,4
494,928,6.16949,364,100,0,0,0,0,0,0,54,0,5
495,856,6.35714,356,100,0,0,0,0,0,0,46,0,10
496,752,6.22642,330,100,0,0,0,0,0,0,47,0,6
497,844,6.18182,340,100,0,0,0,0,0,0,50,0,5
498,856,6.2069,360,100,0,0,0,0,0,0,52,0,6
499,932,6.13115,374,100,0,0,0,0,0,0,57,0,4
500,820,6.21429,348,100,0,0,0,0,0,0,50,0,6
501,888,6.38596,364,100,0,0,0,0,0,0,46,0,11
502,784,6.21818,342,100,0,0,0,0,0,0,49,0,6
503,1020,6.25397,394,100,0,0,0,0,0,0,55,0,8
504,836,6.2807,358,100,0,0,0,0,0,0,49,0,8
505,900,6.12698,386,100,0,0,0,0,0,0,59,0,4
506,960,6.09524,384,100,0,0,0,0,0,0,60,0,3
507,948,6.16393,376,100,0,0,0,0,0,0,56,0,5
508,948,6.16667,370,100,0,0,0,0,0,0,55,0,5
509,1028,6.06349,382,100,0,0,0,0,0,0,61,0,2
510,964,6.21875,398,100,0,0,0,0,0,0,57,0,7
511,968,6.19672,378,100,0,0,0,0,0,0,55,0,6
512,912,6.20339,366,100,0,0,0,0,0,0,53,0,6
513,996,6.36364,420,100,0,0,0,0,0,0,54,0,12
514,1012,6.2623,382,100,0,0,0,0,0,0,53,0,8
515,1036,6.38095,402,100,0,0,0,0,0,0,51,0,12
516,972,6.32787,386,100,0,0,0,0,0,0,51,0,10
517,1116,6.32353,430,100,0,0,0,0,0,0,57,0,11
518,1096,6.40678,378,100,0,0,0,0,0,0,47,0,12
519,1016,6.33846,412,100,0,0,0,0,0,0,54,0,11
520,1052,6.22951,380,100,0,0,0,0,0,0,54,0,7
521,968,6.35088,362,100,0,0,0,0,0,0,47,0,10
522,1088,6.2623,382,100,0,0,0,0,0,0,53,0,8
523,984,6.42857,360,100,0,0,0,0,0,0,44,0,12
524,1032,6.33333,380,100,0,0,0,0,0,0,50,0,10
525,1040,6.2807,358,100,0,0,0,0,0,0,49,0,8
526,1060,6.26667,376,100,0,0,0,0,0,0,52,0,8
527,956,6.21429,348,100,0,0,0,0,0,0,50,0,6
528,1128,6.22581,386,100,0,0,0,0,0,0,55,0,7
529,1096,6.21538,404,100,0,0,0,0,0,0,58,0,7
530,1168,6.21538,404,100,0,0,0,0,0,0,58,0,7
531,1108,6.1875,396,100,0,0,0,0,0,0,58,0,6
532,1124,6.09677,378,100,0,0,0,0,0,0,59,0,3
533,964,6.07273,334,100,0,0,0,0,0,0,53,0,2
534,1096,6.16949,364,100,0,0,0,0,0,0,54,0,5
535,1076,6.0678,358,100,0,0,0,0,0,0,57,0,2
536,1120,6.16949,364,100,0,0,0,0,0,0,54,0,5
537,1112,6.15625,394,100,0,0,0,0,0,0,59,0,5
538,1108,6.1,366,100,0,0,0,0,0,0,57,0,3
539,1184,6.09375,390,100,0,0,0,0,0,0,61,0,3
540,1060,6.2069,360,100,0,0,0,0,0,0,52,0,6
541,1132,6.125,392,100,0,0,0,0,0,0,60,0,4
542,1100,6.16667,370,100,0,0,0,0,0,0,55,0,5
543,968,6.23333,374,100,0,0,0,0,0,0,53,0,7
544,912,6.21053,354,100,0,0,0,0,0,0,51,0,6
545,1036,6.24138,362,100,0,0,0,0,0,0,51,0,7
546,940,6.25,350,100,0,0,0,0,0,0,49,0,7
547,964,6.22222,336,100,0,0,0,0,0,0,48,0,6
548,828,6.27119,370,100,0,0,0,0,0,0,51,0,8
549,844,6.22581,386,100,0,0,0,0,0,0,55,0,7
550,656,6.21818,342,100,0,0,0,0,0,0,49,0,6
551,856,6.19355,384,100,0,0,0,0,0,0,56,0,6
552,832,6.26667,376,100,0,0,0,0,0,0,52,0,8
553,896,6.32258,392,100,0,0,0,0,0,0,52,0,10
554,796,6.22222,392,100,0,0,0,0,0,0,56,0,7
555,892,6.28571,396,100,0,0,0,0,0,0,54,0,9
556,844,6.29508,384,100,0,0,0,0,0,0,52,0,9
557,760,6.21818,342,100,0,0,0,0,0,0,49,0,6
558,736,6.21818,342,100,0,0,0,0,0,0,49,0,6
559,928,6.12698,386,100,0,0,0,0,0,0,59,0,4
560,756,6.07273,334,100,0,0,0,0,0,0,53,0,2
561,940,6.12903,380,100,0,0,0,0,0,0,58,0,4
562,900,6.09677,378,100,0,0,0,0,0,0,59,0,3
563,984,6.12698,386,100,0,0,0,0,0,0,59,0,4
564,952,6.03279,368,100,0,0,0,0,0,0,60,0,1
565,920,6.06557,370,100,0,0,0,0,0,0,59,0,2
566,864,6.1,366,100,0,0,0,0,0,0,57,0,3
567,788,6.10909,336,100,0,0,0,0,0,0,52,0,3
568,892,6.07143,340,100,0,0,0,0,0,0,54,0,2
569,984,6.06897,352,100,0,0,0,0,0,0,56,0,2
570,960,6.10714,342,100,0,0,0,0,0,0,53,0,3
571,996,6.07018,346,100,0,0,0,0,0,0,55,0,2
572,1092,6.03448,350,100,0,0,0,0,0,0,57,0,1
573,1032,6.03636,332,100,0,0,0,0,0,0,54,0,1
574,1212,6.06557,370,100,0,0,0,0,0,0,59,0,2
575,980,6.03509,344,100,0,0,0,0,0,0,56,0,1
576,980,6,324,100,0,0,0,0,0,0,54,0,0
577,1080,6,336,100,0,0,0,0,0,0,56,0,0
578,1004,6.03448,350,100,0,0,0,0,0,0,57,0,1
579,1028,6.03175,380,100,0,0,0,0,0,0,62,0,1
580,944,6.09524,384,100,0,0,0,0,0,0,60,0,3
581,884,6.13559,362,100,0,0,0,0,0,0,55,0,4
582,868,6.13333,368,100,0,0,0,0,0,0,56,0,4
583,916,6.16393,376,100,0,0,0,0,0,0,56,0,5
584,904,6.21429,348,100,0,0,0,0,0,0,50,0,6
585,984,6.1,366,100,0,0,0,0,0,0,57,0,3
586,1016,6.16667,370,100,0,0,0,0,0,0,55,0,5
587,988,6.18868,328,100,0,0,0,0,0,0,48,0,5
588,1016,6.17241,358,100,0,0,0,0,0,0,53,0,5
589,800,6.10714,342,100,0,0,0,0,0,0,53,0,3
590,868,6.14286,344,100,0,0,0,0,0,0,52,0,4
591,1064,6.16393,376,100,0,0,0,0,0,0,56,0,5
592,884,6.16949,364,100,0,0,0,0,0,0,54,0,5
593,944,6.0625,388,100,0,0,0,0,0,0,62,0,2
594,1056,6.09524,384,100,0,0,0,0,0,0,60,0,3
595,1016,6.06557,370,100,0,0,0,0,0,0,59,0,2
596,1096,6.03333,362,100,0,0,0,0,0,0,59,0,1
597,992,6.06667,364,100,0,0,0,0,0,0,58,0,2
598,1044,6.07018,346,100,0,0,0,0,0,0,55,0,2
599,1088,6.0339,356,100,0,0,0,0,0,0,58,0,1
600,1060,6.03571,338,100,0,0,0,0,0,0,55,0,1
601,1000,6.03448,350,100,0,0,0,0,0,0,57,0,1
602,984,6,360,100,0,0,0,0,0,0,60,0,0
603,968,6,372,100,0,0,0,0,0,0,62,0,0
604,868,6,378,100,0,0,0,0,0,0,63,0,0
605,904,6.03279,368,100,0,0,0,0,0,0,60,0,1
606,924,6.03125,386,100,0,0,0,0,0,0,63,0,1
607,844,6.0339,356,100,0,0,0,0,0,0,58,0,1
608,1044,6.06557,370,100,0,0,0,0,0,0,59,0,2
609,856,6.06667,364,100,0,0,0,0,0,0,58,0,2
610,992,6.03279,368,100,0,0,0,0,0,0,60,0,1
611,940,6.03333,362,100,0,0,0,0,0,0,59,0,1
612,844,6.03509,344,100,0,0,0,0,0,0,56,0,1
613,884,6,336,100,0,0,0,0,0,0,56,0,0
614,864,6,330,100,0,0,0,0,0,0,55,0,0
615,944,6.03226,374,100,0,0,0,0,0,0,61,0,1
616,848,6.0339,356,100,0,0,0,0,0,0,58,0,1
617,972,6.0339,356,100,0,0,0,0,0,0,58,0,1
618,1028,6.0339,356,100,0,0,0,0,0,0,58,0,1
619,1044,6.03279,368,100,0,0,0,0,0,0,60,0,1
620,1084,6.03125,386,100,0,0,0,0,0,0,63,0,1
621,1020,6,378,100,0,0,0,0,0,0,63,0,0
622,1148,6.0678,358,100,0,0,0,0,0,0,57,0,2
623,1228,6.0678,358,100,0,0,0,0,0,0,57,0,2
624,988,6.10526,348,100,0,0,0,0,0,0,54,0,3
625,1124,6.06349,382,100,0,0,0,0,0,0,61,0,2
626,1192,6.13115,374,100,0,0,0,0,0,0,57,0,4
627,1200,6.19048,390,100,0,0,0,0,0,0,57,0,6
628,1096,6.03279,368,100,0,0,0,0,0,0,60,0,1
629,952,6.03636,332,100,0,0,0,0,0,0,54,0,1
630,1016,6.06667,364,100,0,0,0,0,0,0,58,0,2
631,1236,6.13559,362,100,0,0,0,0,0,0,55,0,4
632,1156,6.09677,378,100,0,0,0,0,0,0,59,0,3
633,1344,6.15873,388,100,0,0,0,0,0,0,58,0,5
634,1092,6.11321,324,100,0,0,0,0,0,0,50,0,3
635,1404,6.23333,374,100,0,0,0,0,0,0,53,0,7
636,1372,6.31579,360,100,0,0,0,0,0,0,48,0,9
637,1268,6.25806,388,100,0,0,0,0,0,0,54,0,8
638,1024,6.22222,336,100,0,0,0,0,0,0,48,0,6
639,1000,6.21818,342,100,0,0,0,0,0,0,49,0,6
640,1088,6.33898,374,100,0,0,0,0,0,0,49,0,10
641,956,6.17857,346,100,0,0,0,0,0,0,51,0,5
642,1096,6.31034,366,100,0,0,0,0,0,0,49,0,9
643,1036,6.2807,358,100,0,0,0,0,0,0,49,0,8
644,1172,6.24561,356,100,0,0,0,0,0,0,50,0,7
645,1152,6.26667,376,100,0,0,0,0,0,0,52,0,8
646,1292,6.25397,394,100,0,0,0,0,0,0,55,0,8
647,1180,6.14035,350,100,0,0,0,0,0,0,53,0,4
648,956,6.11321,324,100,0,0,0,0,0,0,50,0,3
649,1168,6.24615,406,100,0,0,0,0,0,0,57,0,8
650,1048,6.16949,364,100,0,0,0,0,0,0,54,0,5
651,1072,6.21875,398,100,0,0,0,0,0,0,57,0,7
652,1120,6.23333,374,100,0,0,0,0,0,0,53,0,7
653,1156,6.17241,358,100,0,0,0,0,0,0,53,0,5
654,1080,6.20339,366,100,0,0,0,0,0,0,53,0,6
655,1288,6.22581,386,100,0,0,0,0,0,0,55,0,7
656,1096,6.10714,342,100,0,0,0,0,0,0,53,0,3
657,1060,6.10169,360,100,0,0,0,0,0,0,56,0,3
658,944,6.06557,370,100,0,0,0,0,0,0,59,0,2
659,912,6.09524,384,100,0,0,0,0,0,0,60,0,3
660,812,6.06452,376,100,0,0,0,0,0,0,60,0,2
661,952,6.12308,398,100,0,0,0,0,0,0,61,0,4
662,964,6.06557,370,100,0,0,0,0,0,0,59,0,2
663,844,6.06349,382,100,0,0,0,0,0,0,61,0,2
664,772,6.0678,358,100,0,0,0,0,0,0,57,0,2
665,772,6.06557,370,100,0,0,0,0,0,0,59,0,2
666,904,6.0625,388,100,0,0,0,0,0,0,62,0,2
667,940,6.03125,386,100,0,0,0,0,0,0,63,0,1
668,764,6.03333,362,100,0,0,0,0,0,0,59,0,1
669,832,6.09375,390,100,0,0,0,0,0,0,61,0,3
670,828,6.10714,342,100,0,0,0,0,0,0,53,0,3
671,1052,6.12308,398,100,0,0,0,0,0,0,61,0,4
672,880,6.12903,380,100,0,0,0,0,0,0,58,0,4
673,908,6.13333,368,100,0,0,0,0,0,0,56,0,4
674,840,6.13793,356,100,0,0,0,0,0,0,54,0,4
675,924,6.0339,356,100,0,0,0,0,0,0,58,0,1
676,888,6.06897,352,100,0,0,0,0,0,0,56,0,2
677,820,6.03226,374,100,0,0,0,0,0,0,61,0,1
678,1148,6.03125,386,100,0,0,0,0,0,0,63,0,1
679,1028,6.09375,390,100,0,0,0,0,0,0,61,0,3
680,1016,6.06452,376,100,0,0,0,0,0,0,60,0,2
681,1116,6.1,366,100,0,0,0,0,0,0,57,0,3
682,1052,6.14286,344,100,0,0,0,0,0,0,52,0,4
683,1108,6.10169,360,100,0,0,0,0,0,0,56,0,3
684,1056,6.07143,340,100,0,0,0,0,0,0,54,0,2
685,1412,6.16667,370,100,0,0,0,0,0,0,55,0,5
686,1000,6.13115,374,100,0,0,0,0,0,0,57,0,4
687,1016,6.06667,364,100,0,0,0,0,0,0,58,0,2
688,1052,6.06897,352,100,0,0,0,0,0,0,56,0,2
689,988,6.07143,340,100,0,0,0,0,0,0,54,0,2
690,964,6.14035,350,100,0,0,0,0,0,0,53,0,4
691,992,6.10345,354,100,0,0,0,0,0,0,55,0,3
692,1048,6.1,366,100,0,0,0,0,0,0,57,0,3
693,976,6.06667,364,100,0,0,0,0,0,0,58,0,2
694,1028,6.03279,368,100,0,0,0,0,0,0,60,0,1
695,1036,6.03226,374,100,0,0,0,0,0,0,61,0,1
696,1096,6.09677,378,100,0,0,0,0,0,0,59,0,3
697,944,6.03333,362,100,0,0,0,0,0,0,59,0,1
698,1204,6,384,100,0,0,0,0,0,0,64,0,0
699,1224,6,366,100,0,0,0,0,0,0,61,0,0
700,1156,6.03448,350,100,0,0,0,0,0,0,57,0,1
701,1000,6.03448,350,100,0,0,0,0,0,0,57,0,1
702,1196,6.03448,350,100,0,0,0,0,0,0,57,0,1
703,1252,6.0339,356,100,0,0,0,0,0,0,58,0,1
704,1292,6.06667,364,100,0,0,0,0,0,0,58,0,2
705,1216,6.03279,368,100,0,0,0,0,0,0,60,0,1
706,1308,6.03333,362,100,0,0,0,0,0,0,59,0,1
707,1288,6.03448,350,100,0,0,0,0,0,0,57,0,1
708,1328,6.07018,346,100,0,0,0,0,0,0,55,0,2
709,1440,6.0678,358,100,0,0,0,0,0,0,57,0,2
710,1116,6,348,100,0,0,0,0,0,0,58,0,0
711,1164,6,384,100,0,0,0,0,0,0,64,0,0
712,1040,6,348,100,0,0,0,0,0,0,58,0,0
713,848,6.06667,364,100,0,0,0,0,0,0,58,0,2
714,1060,6.03125,386,100,0,0,0,0,0,0,63,0,1
715,1060,6.09524,384,100,0,0,0,0,0,0,60,0,3
716,1052,6.06452,376,100,0,0,0,0,0,0,60,0,2
717,1028,6.09375,390,100,0,0,0,0,0,0,61,0,3
718,924,6.06557,370,100,0,0,0,0,0,0,59,0,2
719,1024,6.06557,370,100,0,0,0,0,0,0,59,0,2
720,1176,6.16129,382,100,0,0,0,0,0,0,57,0,5
721,1320,6.09677,378,100,0,0,0,0,0,0,59,0,3
722,1268,6.0678,358,100,0,0,0,0,0,0,57,0,2
723,976,6,348,100,0,0,0,0,0,0,58,0,0
724,1080,6.03571,338,100,0,0,0,0,0,0,55,0,1
725,1064,6.06897,352,100,0,0,0,0,0,0,56,0,2
726,1004,6.06557,370,100,0,0,0,0,0,0,59,0,2
727,1056,6.09524,384,100,0,0,0,0,0,0,60,0,3
728,1088,6.03333,362,100,0,0,0,0,0,0,59,0,1
729,972,6,378,100,0,0,0,0,0,0,63,0,0
730,1016,6.06452,376,100,0,0,0,0,0,0,60,0,2
731,1036,6.06557,370,100,0,0,0,0,0,0,59,0,2
732,1012,6.06667,364,100,0,0,0,0,0,0,58,0,2
733,1088,6.0339,356,100,0,0,0,0,0,0,58,0,1
734,996,6.0339,356,100,0,0,0,0,0,0,58,0,1
735,964,6.03571,338,100,0,0,0,0,0,0,55,0,1
736,948,6,348,100,0,0,0,0,0,0,58,0,0
737,820,6,318,100,0,0,0,0,0,0,53,0,0
738,1108,6,342,100,0,0,0,0,0,0,57,0,0
739,992,6.06667,364,100,0,0,0,0,0,0,58,0,2
740,1028,6.06452,376,100,0,0,0,0,0,0,60,0,2
741,1072,6.1,366,100,0,0,0,0,0,0,57,0,3
742,1064,6.03226,374,100,0,0,0,0,0,0,61,0,1
743,1100,6.10169,360,100,0,0,0,0,0,0,56,0,3
744,1092,6.03333,362,100,0,0,0,0,0,0,59,0,1
745,1032,6,348,100,0,0,0,0,0,0,58,0,0
746,972,6,360,100,0,0,0,0,0,0,60,0,0
747,900,6,348,100,0,0,0,0,0,0,58,0,0
748,960,6.03448,350,100,0,0,0,0,0,0,57,0,1
749,1032,6.0678,358,100,0,0,0,0,0,0,57,0,2
750,1152,6.09375,390,100,0,0,0,0,0,0,61,0,3
751,1108,6.0303,398,100,0,0,0,0,0,0,65,0,1
752,1088,6.03448,350,100,0,0,0,0,0,0,57,0,1
753,1044,6,336,100,0,0,0,0,0,0,56,0,0
754,1212,6,360,100,0,0,0,0,0,0,60,0,0
755,1160,6,354,100,0,0,0,0,0,0,59,0,0
756,1204,6.10526,348,100,0,0,0,0,0,0,54,0,3
757,1116,6.1,366,100,0,0,0,0,0,0,57,0,3
758,1160,6.12903,380,100,0,0,0,0,0,0,58,0,4
759,1104,6.06557,370,100,0,0,0,0,0,0,59,0,2
760,1232,6.06452,376,100,0,0,0,0,0,0,60,0,2
761,1176,6.07018,346,100,0,0,0,0,0,0,55,0,2
762,1272,6.13793,356,100,0,0,0,0,0,0,54,0,4
763,1056,6.07273,334,100,0,0,0,0,0,0,53,0,2
764,1112,6.03636,332,100,0,0,0,0,0,0,54,0,1
765,1092,6,360,100,0,0,0,0,0,0,60,0,0
766,1300,6.03175,380,100,0,0,0,0,0,0,62,0,1
767,912,6,330,100,0,0,0,0,0,0,55,0,0
768,1080,6,354,100,0,0,0,0,0,0,59,0,0
769,956,6,300,100,0,0,0,0,0,0,50,0,0
770,1080,6.07407,328,100,0,0,0,0,0,0,52,0,2
771,908,6,330,100,0,0,0,0,0,0,55,0,0
772,1140,6.03509,344,100,0,0,0,0,0,0,56,0,1
773,1172,6,348,100,0,0,0,0,0,0,58,0,0
774,916,6.04,302,100,0,0,0,0,0,0,49,0,1
775,1048,6.11111,330,100,0,0,0,0,0,0,51,0,3
776,1200,6,366,100,0,0,0,0,0,0,61,0,0
777,1000,6,324,100,0,0,0,0,0,0,54,0,0
778,1092,6,372,100,0,0,0,0,0,0,62,0,0
779,1144,6,342,100,0,0,0,0,0,0,57,0,0
780,1012,6,354,100,0,0,0,0,0,0,59,0,0
781,1036,6.1,366,100,0,0,0,0,0,0,57,0,3
782,1008,6.03175,380,100,0,0,0,0,0,0,62,0,1
783,1132,6.07018,346,100,0,0,0,0,0,0,55,0,2
784,1208,6.09677,378,100,0,0,0,0,0,0,59,0,3
785,1160,6,348,100,0,0,0,0,0,0,58,0,0
786,916,6,336,100,0,0,0,0,0,0,56,0,0
787,1248,6.09091,402,100,0,0,0,0,0,0,63,0,3
788,1068,6.13333,368,100,0,0,0,0,0,0,56,0,4
789,1048,6.12308,398,100,0,0,0,0,0,0,61,0,4
790,1052,6.03448,350,100,0,0,0,0,0,0,57,0,1
791,1148,6.03279,368,100,0,0,0,0,0,0,60,0,1
792,1180,6.03279,368,100,0,0,0,0,0,0,60,0,1
793,1172,6.06667,364,100,0,0,0,0,0,0,58,0,2
794,1020,6.0678,358,100,0,0,0,0,0,0,57,0,2
795,1180,6,390,100,0,0,0,0,0,0,65,0,0
796,1048,6.06452,376,100,0,0,0,0,0,0,60,0,2
797,1020,6.09836,372,100,0,0,0,0,0,0,58,0,3
798,1320,6.06667,364,100,0,0,0,0,0,0,58,0,2
799,1088,6.07692,316,100,0,0,0,0,0,0,50,0,2
800,1280,6.06667,364,100,0,0,0,0,0,0,58,0,2
801,1348,6,360,100,0,0,0,0,0,0,60,0,0
802,1120,6.07143,340,100,0,0,0,0,0,0,54,0,2
803,1120,6.07143,340,100,0,0,0,0,0,0,54,0,2
804,1112,6.03571,338,100,0,0,0,0,0,0,55,0,1
805,988,6.10714,342,100,0,0,0,0,0,0,53,0,3
806,984,6.07547,322,100,0,0,0,0,0,0,51,0,2
807,968,6.07018,346,100,0,0,0,0,0,0,55,0,2
808,968,6.06897,352,100,0,0,0,0,0,0,56,0,2
809,772,6.13559,362,100,0,0,0,0,0,0,55,0,4
810,1132,6.12308,398,100,0,0,0,0,0,0,61,0,4
811,884,6.14035,350,100,0,0,0,0,0,0,53,0,4
812,1136,6.0625,388,100,0,0,0,0,0,0,62,0,2
813,1096,6.03448,350,100,0,0,0,0,0,0,57,0,1
814,1092,6.13115,374,100,0,0,0,0,0,0,57,0,4
815,1128,6.2,372,100,0,0,0,0,0,0,54,0,6
816,888,6.10345,354,100,0,0,0,0,0,0,55,0,3
817,1072,6.0678,358,100,0,0,0,0,0,0,57,0,2
818,1052,6,342,100,0,0,0,0,0,0,57,0,0
819,1144,6,324,100,0,0,0,0,0,0,54,0,0
820,1420,6.03175,380,100,0,0,0,0,0,0,62,0,1
821,1124,6.07143,340,100,0,0,0,0,0,0,54,0,2
822,1244,6.03279,368,100,0,0,0,0,0,0,60,0,1
823,964,6.07018,346,100,0,0,0,0,0,0,55,0,2
824,1028,6.07018,346,100,0,0,0,0,0,0,55,0,2
825,1000,6,366,100,0,0,0,0,0,0,61,0,0
826,1052,6.09836,372,100,0,0,0,0,0,0,58,0,3
827,964,6.07018,346,100,0,0,0,0,0,0,55,0,2
828,988,6.1,366,100,0,0,0,0,0,0,57,0,3
829,936,6.12698,386,100,0,0,0,0,0,0,59,0,4
830,884,6.13559,362,100,0,0,0,0,0,0,55,0,4
831,1016,6.09375,390,100,0,0,0,0,0,0,61,0,3
832,956,6.06349,382,100,0,0,0,0,0,0,61,0,2
833,900,6.06452,376,100,0,0,0,0,0,0,60,0,2
834,1236,6.1194,410,100,0,0,0,0,0,0,63,0,4
835,940,6.06557,370,100,0,0,0,0,0,0,59,0,2
836,1096,6.03175,380,100,0,0,0,0,0,0,62,0,1
837,1184,6.06452,376,100,0,0,0,0,0,0,60,0,2
838,1204,6.03226,374,100,0,0,0,0,0,0,61,0,1
839,1324,6,366,100,0,0,0,0,0,0,61,0,0
840,1096,6,354,100,0,0,0,0,0,0,59,0,0
841,1348,6.0303,398,100,0,0,0,0,0,0,65,0,1
842,1236,6.03279,368,100,0,0,0,0,0,0,60,0,1
843,1164,6,366,100,0,0,0,0,0,0,61,0,0
844,1156,6.03922,308,100,0,0,0,0,0,0,50,0,1
845,1156,6.03509,344,100,0,0,0,0,0,0,56,0,1
846,1084,6.10169,360,100,0,0,0,0,0,0,56,0,3
847,992,6.07018,346,100,0,0,0,0,0,0,55,0,2
848,1120,6.03125,386,100,0,0,0,0,0,0,63,0,1
849,932,6.10169,360,100,0,0,0,0,0,0,56,0,3
850,1008,6.09836,372,100,0,0,0,0,0,0,58,0,3
851,976,6,372,100,0,0,0,0,0,0,62,0,0
852,1064,6.0625,388,100,0,0,0,0,0,0,62,0,2
853,1012,6.03636,332,100,0,0,0,0,0,0,54,0,1
854,1212,6.06061,400,100,0,0,0,0,0,0,64,0,2
855,1092,6.06557,370,100,0,0,0,0,0,0,59,0,2
856,1012,6.07143,340,100,0,0,0,0,0,0,54,0,2
857,972,6.03333,362,100,0,0,0,0,0,0,59,0,1
858,1100,6.07018,346,100,0,0,0,0,0,0,55,0,2
859,1192,6,348,100,0,0,0,0,0,0,58,0,0
860,1296,6,342,100,0,0,0,0,0,0,57,0,0
861,1528,6.03333,362,100,0,0,0,0,0,0,59,0,1
862,1812,6.0339,356,100,0,0,0,0,0,0,58,0,1
863,1568,6.0339,356,100,0,0,0,0,0,0,58,0,1
864,1980,6,342,100,0,0,0,0,0,0,57,0,0
865,2088,6.03448,350,100,0,0,0,0,0,0,57,0,1
866,2216,6.06667,364,100,0,0,0,0,0,0,58,0,2
867,2116,6,342,100,0,0,0,0,0,0,57,0,0
868,2288,6,378,100,0,0,0,0,0,0,63,0,0
869,1684,6.03636,332,100,0,0,0,0,0,0,54,0,1
870,2132,6.03226,374,100,0,0,0,0,0,0,61,0,1
871,2524,6.03226,374,100,0,0,0,0,0,0,61,0,1
872,2248,6.03333,362,100,0,0,0,0,0,0,59,0,1
873,2644,6,360,100,0,0,0,0,0,0,60,0,0
874,1968,6,354,100,0,0,0,0,0,0,59,0,0
875,1552,6.0339,356,100,0,0,0,0,0,0,58,0,1
876,1668,6,354,100,0,0,0,0,0,0,59,0,0
877,1828,6,348,100,0,0,0,0,0,0,58,0,0
878,1856,6,348,100,0,0,0,0,0,0,58,0,0
879,1840,6,384,100,0,0,0,0,0,0,64,0,0
880,2140,6.0339,356,100,0,0,0,0,0,0,58,0,1
881,2056,6,372,100,0,0,0,0,0,0,62,0,0
882,2076,6,312,100,0,0,0,0,0,0,52,0,0
883,2096,6.0678,358,100,0,0,0,0,0,0,57,0,2
884,2304,6.06667,364,100,0,0,0,0,0,0,58,0,2
885,2156,6,324,100,0,0,0,0,0,0,54,0,0
886,2356,6,300,100,0,0,0,0,0,0,50,0,0
887,2256,6,324,100,0,0,0,0,0,0,54,0,0
888,2440,6,348,100,0,0,0,0,0,0,58,0,0
889,2732,6.03448,350,100,0,0,0,0,0,0,57,0,1
890,2720,6.03448,350,100,0,0,0,0,0,0,57,0,1
891,2584,6.03774,320,100,0,0,0,0,0,0,52,0,1
892,2724,6.03571,338,100,0,0,0,0,0,0,55,0,1
893,2784,6.03448,350,100,0,0,0,0,0,0,57,0,1
894,3044,6.03448,350,100,0,0,0,0,0,0,57,0,1
895,3236,6.06667,364,100,0,0,0,0,0,0,58,0,2
896,2624,6.07273,334,100,0,0,0,0,0,0,53,0,2
897,2496,6.03509,344,100,0,0,0,0,0,0,56,0,1
898,2928,6,366,100,0,0,0,0,0,0,61,0,0
899,3252,6,348,100,0,0,0,0,0,0,58,0,0
900,2592,6,330,100,0,0,0,0,0,0,55,0,0
901,2116,6,306,100,0,0,0,0,0,0,51,0,0
902,2300,6,360,100,0,0,0,0,0,0,60,0,0
903,2588,6,348,100,0,0,0,0,0,0,58,0,0
904,2872,6,366,100,0,0,0,0,0,0,61,0,0
905,2612,6,348,100,0,0,0,0,0,0,58,0,0
906,2864,6,330,100,0,0,0,0,0,0,55,0,0
907,3356,6,324,100,0,0,0,0,0,0,54,0,0
908,3880,6,330,100,0,0,0,0,0,0,55,0,0
909,4292,6,336,100,0,0,0,0,0,0,56,0,0
910,3748,6,330,100,0,0,0,0,0,0,55,0,0
911,3220,6,306,100,0,0,0,0,0,0,51,0,0
912,3408,6,306,100,0,0,0,0,0,0,51,0,0
913,4392,6,336,100,0,0,0,0,0,0,56,0,0
914,3944,6,336,100,0,0,0,0,0,0,56,0,0
915,3856,6,342,100,0,0,0,0,0,0,57,0,0
916,3600,6,336,100,0,0,0,0,0,0,56,0,0
917,3328,6,336,100,0,0,0,0,0,0,56,0,0
918,2456,6,354,100,0,0,0,0,0,0,59,0,0
919,2756,6,390,100,0,0,0,0,0,0,65,0,0
920,2920,6.03226,374,100,0,0,0,0,0,0,61,0,1
921,3636,6.03175,380,100,0,0,0,0,0,0,62,0,1
922,3620,6.07143,340,100,0,0,0,0,0,0,54,0,2
923,3752,6.09677,378,100,0,0,0,0,0,0,59,0,3
924,4488,6.18519,334,100,0,0,0,0,0,0,49,0,5
925,4068,6.10714,342,100,0,0,0,0,0,0,53,0,3
926,3680,6.10909,336,100,0,0,0,0,0,0,52,0,3
927,3340,6.03704,326,100,0,0,0,0,0,0,53,0,1
928,3488,6.06667,364,100,0,0,0,0,0,0,58,0,2
929,2600,6.03636,332,100,0,0,0,0,0,0,54,0,1
930,2404,6.10169,360,100,0,0,0,0,0,0,56,0,3
931,3104,6.09524,384,100,0,0,0,0,0,0,60,0,3
932,2744,6.07273,334,100,0,0,0,0,0,0,53,0,2
933,3096,6.06452,376,100,0,0,0,0,0,0,60,0,2
934,2472,6.09836,372,100,0,0,0,0,0,0,58,0,3
935,2516,6.10526,348,100,0,0,0,0,0,0,54,0,3
936,2560,6.06557,370,100,0,0,0,0,0,0,59,0,2
937,2372,6.1,366,100,0,0,0,0,0,0,57,0,3
938,2300,6.03279,368,100,0,0,0,0,0,0,60,0,1
939,2588,6,378,100,0,0,0,0,0,0,63,0,0
940,2324,6,366,100,0,0,0,0,0,0,61,0,0
941,2308,6,336,100,0,0,0,0,0,0,56,0,0
942,2512,6,384,100,0,0,0,0,0,0,64,0,0
943,2108,6.03279,368,100,0,0,0,0,0,0,60,0,1
944,1936,6,348,100,0,0,0,0,0,0,58,0,0
945,2240,6,348,100,0,0,0,0,0,0,58,0,0
946,2496,6.06154,394,100,0,0,0,0,0,0,63,0,2
947,1900,6.03175,380,100,0,0,0,0,0,0,62,0,1
948,1972,6.02899,416,100,0,0,0,0,0,0,68,0,1
949,2132,6.03279,368,100,0,0,0,0,0,0,60,0,1
950,2544,6.06061,400,100,0,0,0,0,0,0,64,0,2
951,2856,6.03509,344,100,0,0,0,0,0,0,56,0,1
952,2808,6.06897,352,100,0,0,0,0,0,0,56,0,2
953,1564,6.03175,380,100,0,0,0,0,0,0,62,0,1
954,1656,6.10345,354,100,0,0,0,0,0,0,55,0,3
955,1940,6.03226,374,100,0,0,0,0,0,0,61,0,1
956,2384,6,366,100,0,0,0,0,0,0,61,0,0
957,2548,6,348,100,0,0,0,0,0,0,58,0,0
958,2376,6,360,100,0,0,0,0,0,0,60,0,0
959,2088,6,354,100,0,0,0,0,0,0,59,0,0
960,1792,6.03448,350,100,0,0,0,0,0,0,57,0,1
961,2184,6,360,100,0,0,0,0,0,0,60,0,0
962,2164,6.07018,346,100,0,0,0,0,0,0,55,0,2
963,1876,6,330,100,0,0,0,0,0,0,55,0,0
964,1560,6.07843,310,100,0,0,0,0,0,0,49,0,2
965,2416,6.06897,352,100,0,0,0,0,0,0,56,0,2
966,2288,6.10526,348,100,0,0,0,0,0,0,54,0,3
967,2444,6.07143,340,100,0,0,0,0,0,0,54,0,2
968,2476,6.03448,350,100,0,0,0,0,0,0,57,0,1
969,2732,6.03636,332,100,0,0,0,0,0,0,54,0,1
970,2064,6.07143,340,100,0,0,0,0,0,0,54,0,2
971,2544,6.03704,326,100,0,0,0,0,0,0,53,0,1
972,2756,6,348,100,0,0,0,0,0,0,58,0,0
973,2912,6.03922,308,100,0,0,0,0,0,0,50,0,1
974,3056,6,330,100,0,0,0,0,0,0,55,0,0
975,2992,6,330,100,0,0,0,0,0,0,55,0,0
976,2856,6,294,100,0,0,0,0,0,0,49,0,0
977,2492,6.03571,338,100,0,0,0,0,0,0,55,0,1
978,3156,6.03704,326,100,0,0,0,0,0,0,53,0,1
979,2180,6.03846,314,100,0,0,0,0,0,0,51,0,1
980,2332,6.04,302,100,0,0,0,0,0,0,49,0,1
981,3048,6,342,100,0,0,0,0,0,0,57,0,0
982,2560,6,330,100,0,0,0,0,0,0,55,0,0
983,2420,6,324,100,0,0,0,0,0,0,54,0,0
984,2348,6,342,100,0,0,0,0,0,0,57,0,0
985,1836,6.11538,318,100,0,0,0,0,0,0,49,0,3
986,2584,6.03448,350,100,0,0,0,0,0,0,57,0,1
987,2124,6.03636,332,100,0,0,0,0,0,0,54,0,1
988,2692,6.0339,356,100,0,0,0,0,0,0,58,0,1
989,3096,6.0339,356,100,0,0,0,0,0,0,58,0,1
990,2624,6.07407,328,100,0,0,0,0,0,0,52,0,2
991,2480,6.03636,332,100,0,0,0,0,0,0,54,0,1
992,2664,6,336,100,0,0,0,0,0,0,56,0,0
993,3004,6,348,100,0,0,0,0,0,0,58,0,0
994,2836,6.03571,338,100,0,0,0,0,0,0,55,0,1
995,3148,6.06897,352,100,0,0,0,0,0,0,56,0,2
996,3144,6.03448,350,100,0,0,0,0,0,0,57,0,1
997,3368,6.0339,356,100,0,0,0,0,0,0,58,0,1
998,3860,6,366,100,0,0,0,0,0,0,61,0,0
999,3628,6.03571,338,100,0,0,0,0,0,0,55,0,1
