update,points,mean_tasks,total_tasks,total_orgs,task_0,task_1,task_2,task_3,task_4,task_5,task_6,task_7,task_8
0,0,nan,0,10,0,0,0,0,0,0,0,0,0
1,80,6,30,10,0,0,0,0,0,0,5,0,0
2,96,6,36,10,0,0,0,0,0,0,6,0,0
3,108,6.28571,44,11,0,0,0,0,0,0,6,0,1
4,100,6.28571,44,13,0,0,0,0,0,0,6,0,1
5,140,6.2,62,15,0,0,0,0,0,0,9,0,1
6,180,6.16667,74,17,0,0,0,0,0,0,11,0,1
7,132,6.18182,68,21,0,0,0,0,0,0,10,0,1
8,192,6.25,100,23,0,0,0,0,0,0,14,0,2
9,236,6.22222,112,27,0,0,0,0,0,0,16,0,2
10,216,6.33333,114,27,0,0,0,0,0,0,15,0,3
11,280,6.28571,132,30,0,0,0,0,0,0,18,0,3
12,328,6.33333,152,34,0,0,0,0,0,0,20,0,4
13,324,6.33333,152,38,0,0,0,0,0,0,20,0,4
14,328,6.46154,168,40,0,0,0,0,0,0,20,0,6
15,368,6.5,182,45,0,0,0,0,0,0,21,0,7
16,376,6.33333,190,48,0,0,0,0,0,0,25,0,5
17,376,6.18182,204,51,0,0,0,0,0,0,30,0,3
18,476,6.36842,242,54,0,0,0,0,0,0,31,0,7
19,476,6.28571,264,56,0,0,0,0,0,0,36,0,6
20,440,6.2,248,57,0,0,0,0,0,0,36,0,4
21,552,6.31818,278,62,0,0,0,0,0,0,37,0,7
22,508,6.26667,282,66,0,0,0,0,0,0,39,0,6
23,468,6.41026,250,68,0,0,0,0,0,0,31,0,8
24,596,6.42553,302,72,0,0,0,0,0,0,37,0,10
25,564,6.40909,282,74,0,0,0,0,0,0,35,0,9
26,684,6.44,322,75,0,0,0,0,0,0,39,0,11
27,720,6.25926,338,78,0,0,0,0,0,0,47,0,7
28,656,6.28571,308,79,0,0,0,0,0,0,42,0,7
29,788,6.33962,336,82,0,0,0,0,0,0,44,0,9
30,704,6.36,318,84,0,0,0,0,0,0,41,0,9
31,848,6.25,300,87,0,0,0,0,0,0,42,0,6
32,824,6.24,312,88,0,0,0,0,0,0,44,0,6
33,868,6.18182,340,90,0,0,0,0,0,0,50,0,5
34,968,6.40741,346,90,0,0,0,0,0,0,43,0,11
35,1080,6.34483,368,92,0,0,0,0,0,0,48,0,10
36,1040,6.25,350,93,0,0,0,0,0,0,49,0,7
37,1016,6.23077,324,93,0,0,0,0,0,0,46,0,6
38,1116,6.28571,352,94,0,0,0,0,0,0,48,0,8
39,1280,6.32143,354,96,0,0,0,0,0,0,47,0,9
40,1104,6.33333,342,96,0,0,0,0,0,0,45,0,9
41,976,6.32787,386,97,0,0,0,0,0,0,51,0,10
42,808,6.36667,382,97,0,0,0,0,0,0,49,0,11
43,936,6.32258,392,97,0,0,0,0,0,0,52,0,10
44,1020,6.36923,414,97,0,0,0,0,0,0,53,0,12
45,1004,6.30769,410,98,0,0,0,0,0,0,55,0,10
46,876,6.34375,406,99,0,0,0,0,0,0,53,0,11
47,984,6.30769,410,99,0,0,0,0,0,0,55,0,10
48,884,6.26471,426,99,0,0,0,0,0,0,59,0,9
49,876,6.26866,420,99,0,0,0,0,0,0,58,0,9
50,908,6.32836,424,99,0,0,0,0,0,0,56,0,11
51,780,6.15625,394,99,0,0,0,0,0,0,59,0,5
52,856,6.14286,430,100,0,0,0,0,0,0,65,0,5
53,1044,6.08333,438,100,0,0,0,0,0,0,69,0,3
54,868,6.12308,398,100,0,0,0,0,0,0,61,0,4
55,948,6.23881,418,100,0,0,0,0,0,0,59,0,8
56,896,6.08955,408,100,0,0,0,0,0,0,64,0,3
57,868,6.16667,370,100,0,0,0,0,0,0,55,0,5
58,868,6.10714,342,100,0,0,0,0,0,0,53,0,3
59,928,6.10345,354,100,0,0,0,0,0,0,55,0,3
60,1080,6.12121,404,100,0,0,0,0,0,0,62,0,4
61,1192,6.16667,370,100,0,0,0,0,0,0,55,0,5
62,1188,6.09836,372,100,0,0,0,0,0,0,58,0,3
63,912,6.13333,368,100,0,0,0,0,0,0,56,0,4
64,1032,6.09231,396,100,0,0,0,0,0,0,62,0,3
65,1112,6.16129,382,100,0,0,0,0,0,0,57,0,5
66,880,6.12903,380,100,0,0,0,0,0,0,58,0,4
67,1020,6.16393,376,100,0,0,0,0,0,0,56,0,5
68,1196,6.1791,414,100,0,0,0,0,0,0,61,0,6
69,1008,6.16667,370,100,0,0,0,0,0,0,55,0,5
70,984,6.09375,390,100,0,0,0,0,0,0,61,0,3
71,956,6.15152,406,100,0,0,0,0,0,0,61,0,5
72,856,6.15385,320,100,0,0,0,0,0,0,48,0,4
73,936,6.06897,352,100,0,0,0,0,0,0,56,0,2
74,1004,6.2069,360,100,0,0,0,0,0,0,52,0,6
75,1088,6.15873,388,100,0,0,0,0,0,0,58,0,5
76,1016,6.22222,392,100,0,0,0,0,0,0,56,0,7
77,1032,6.12903,380,100,0,0,0,0,0,0,58,0,4
78,860,6.17241,358,100,0,0,0,0,0,0,53,0,5
79,916,6.13559,362,100,0,0,0,0,0,0,55,0,4
80,924,6.16129,382,100,0,0,0,0,0,0,57,0,5
81,908,6.2069,360,100,0,0,0,0,0,0,52,0,6
82,1008,6.22222,336,100,0,0,0,0,0,0,48,0,6
83,984,6.24561,356,100,0,0,0,0,0,0,50,0,7
84,972,6.10169,360,100,0,0,0,0,0,0,56,0,3
85,980,6.12903,380,100,0,0,0,0,0,0,58,0,4
86,1076,6.09677,378,100,0,0,0,0,0,0,59,0,3
87,960,6.17857,346,100,0,0,0,0,0,0,51,0,5
88,964,6.2069,360,100,0,0,0,0,0,0,52,0,6
89,932,6.10526,348,100,0,0,0,0,0,0,54,0,3
90,1188,6.09677,378,100,0,0,0,0,0,0,59,0,3
91,1084,6.125,392,100,0,0,0,0,0,0,60,0,4
92,1004,6.25397,394,100,0,0,0,0,0,0,55,0,8
93,992,6.23333,374,100,0,0,0,0,0,0,53,0,7
94,896,6.17241,358,100,0,0,0,0,0,0,53,0,5
95,948,6.16393,376,100,0,0,0,0,0,0,56,0,5
96,792,6.09836,372,100,0,0,0,0,0,0,58,0,3
97,944,6.20339,366,100,0,0,0,0,0,0,53,0,6
98,924,6.1875,396,100,0,0,0,0,0,0,58,0,6
99,924,6.08824,414,100,0,0,0,0,0,0,65,0,3
100,960,6.05882,412,100,0,0,0,0,0,0,66,0,2
101,944,6,360,100,0,0,0,0,0,0,60,0,0
102,1008,6.06452,376,100,0,0,0,0,0,0,60,0,2
103,1040,6.03175,380,100,0,0,0,0,0,0,62,0,1
104,936,6.03448,350,100,0,0,0,0,0,0,57,0,1
105,988,6.06349,382,100,0,0,0,0,0,0,61,0,2
106,1160,6.06452,376,100,0,0,0,0,0,0,60,0,2
107,908,6.06061,400,100,0,0,0,0,0,0,64,0,2
108,772,6.03279,368,100,0,0,0,0,0,0,60,0,1
109,720,6.03226,374,100,0,0,0,0,0,0,61,0,1
110,820,6.06452,376,100,0,0,0,0,0,0,60,0,2
111,816,6.10345,354,100,0,0,0,0,0,0,55,0,3
112,836,6.14286,344,100,0,0,0,0,0,0,52,0,4
113,788,6.10345,354,100,0,0,0,0,0,0,55,0,3
114,904,6.14925,412,100,0,0,0,0,0,0,62,0,5
115,940,6.15385,400,100,0,0,0,0,0,0,60,0,5
116,936,6.27692,408,100,0,0,0,0,0,0,56,0,9
117,848,6.24615,406,100,0,0,0,0,0,0,57,0,8
118,904,6.25,400,100,0,0,0,0,0,0,56,0,8
119,780,6.32787,386,100,0,0,0,0,0,0,51,0,10
120,816,6.27586,364,100,0,0,0,0,0,0,50,0,8
121,900,6.21538,404,100,0,0,0,0,0,0,58,0,7
122,828,6.25397,394,100,0,0,0,0,0,0,55,0,8
123,792,6.0678,358,100,0,0,0,0,0,0,57,0,2
124,944,6.22581,386,100,0,0,0,0,0,0,55,0,7
125,852,6.2623,382,100,0,0,0,0,0,0,53,0,8
126,892,6.1875,396,100,0,0,0,0,0,0,58,0,6
127,964,6.25397,394,100,0,0,0,0,0,0,55,0,8
128,952,6.22951,380,100,0,0,0,0,0,0,54,0,7
129,1024,6.18462,402,100,0,0,0,0,0,0,59,0,6
130,1044,6.16393,376,100,0,0,0,0,0,0,56,0,5
131,1104,6.16949,364,100,0,0,0,0,0,0,54,0,5
132,1284,6.16393,376,100,0,0,0,0,0,0,56,0,5
133,1396,6.16949,364,100,0,0,0,0,0,0,54,0,5
134,1264,6.06557,370,100,0,0,0,0,0,0,59,0,2
135,1368,6.06452,376,100,0,0,0,0,0,0,60,0,2
136,1428,6.14035,350,100,0,0,0,0,0,0,53,0,4
137,1068,6.16393,376,100,0,0,0,0,0,0,56,0,5
138,1112,6.15873,388,100,0,0,0,0,0,0,58,0,5
139,1060,6.13115,374,100,0,0,0,0,0,0,57,0,4
140,988,6.15625,394,100,0,0,0,0,0,0,59,0,5
141,924,6.12903,380,100,0,0,0,0,0,0,58,0,4
142,936,6.06061,400,100,0,0,0,0,0,0,64,0,2
143,912,6.16393,376,100,0,0,0,0,0,0,56,0,5
144,836,6.18519,334,100,0,0,0,0,0,0,49,0,5
145,1212,6.12308,398,100,0,0,0,0,0,0,61,0,4
146,1492,6.12903,380,100,0,0,0,0,0,0,58,0,4
147,1472,6.10169,360,100,0,0,0,0,0,0,56,0,3
148,1072,6.03125,386,100,0,0,0,0,0,0,63,0,1
149,1012,6.1,366,100,0,0,0,0,0,0,57,0,3
150,1028,6.13793,356,100,0,0,0,0,0,0,54,0,4
151,1152,6.14286,344,100,0,0,0,0,0,0,52,0,4
152,1272,6.26667,376,100,0,0,0,0,0,0,52,0,8
153,1256,6.27586,364,100,0,0,0,0,0,0,50,0,8
154,1520,6.21429,348,100,0,0,0,0,0,0,50,0,6
155,1512,6.2069,360,100,0,0,0,0,0,0,52,0,6
156,1556,6.25806,388,100,0,0,0,0,0,0,54,0,8
157,1108,6.24138,362,100,0,0,0,0,0,0,51,0,7
158,1016,6.10169,360,100,0,0,0,0,0,0,56,0,3
159,1016,6.31034,366,100,0,0,0,0,0,0,49,0,9
160,1316,6.24138,362,100,0,0,0,0,0,0,51,0,7
161,1128,6.23333,374,100,0,0,0,0,0,0,53,0,7
162,1048,6.16949,364,100,0,0,0,0,0,0,54,0,5
163,1092,6.14035,350,100,0,0,0,0,0,0,53,0,4
164,912,6.20339,366,100,0,0,0,0,0,0,53,0,6
165,800,6.20339,366,100,0,0,0,0,0,0,53,0,6
166,896,6.16393,376,100,0,0,0,0,0,0,56,0,5
167,952,6.16129,382,100,0,0,0,0,0,0,57,0,5
168,1032,6.17544,352,100,0,0,0,0,0,0,52,0,5
169,1032,6.14035,350,100,0,0,0,0,0,0,53,0,4
170,1084,6.25926,338,100,0,0,0,0,0,0,47,0,7
171,1240,6.18182,340,100,0,0,0,0,0,0,50,0,5
172,1244,6.16949,364,100,0,0,0,0,0,0,54,0,5
173,1400,6.21429,348,100,0,0,0,0,0,0,50,0,6
174,1188,6.12903,380,100,0,0,0,0,0,0,58,0,4
175,996,6.16949,364,100,0,0,0,0,0,0,54,0,5
176,1052,6.19355,384,100,0,0,0,0,0,0,56,0,6
177,1192,6.16949,364,100,0,0,0,0,0,0,54,0,5
178,1068,6.14035,350,100,0,0,0,0,0,0,53,0,4
179,1224,6.10714,342,100,0,0,0,0,0,0,53,0,3
180,944,6.06897,352,100,0,0,0,0,0,0,56,0,2
181,948,6.06897,352,100,0,0,0,0,0,0,56,0,2
182,912,6.10909,336,100,0,0,0,0,0,0,52,0,3
183,900,6.13333,368,100,0,0,0,0,0,0,56,0,4
184,940,6.1875,396,100,0,0,0,0,0,0,58,0,6
185,1044,6.125,392,100,0,0,0,0,0,0,60,0,4
186,920,6.09836,372,100,0,0,0,0,0,0,58,0,3
187,940,6.10526,348,100,0,0,0,0,0,0,54,0,3
188,876,6.14286,344,100,0,0,0,0,0,0,52,0,4
189,840,6.10526,348,100,0,0,0,0,0,0,54,0,3
190,932,6.16949,364,100,0,0,0,0,0,0,54,0,5
191,1104,6.09836,372,100,0,0,0,0,0,0,58,0,3
192,976,6.09524,384,100,0,0,0,0,0,0,60,0,3
193,888,6,360,100,0,0,0,0,0,0,60,0,0
194,1116,6.09524,384,100,0,0,0,0,0,0,60,0,3
195,1000,6.06557,370,100,0,0,0,0,0,0,59,0,2
196,1192,6.125,392,100,0,0,0,0,0,0,60,0,4
197,1052,6.125,392,100,0,0,0,0,0,0,60,0,4
198,1024,6.20339,366,100,0,0,0,0,0,0,53,0,6
199,960,6.13559,362,100,0,0,0,0,0,0,55,0,4
200,1180,6.13333,368,100,0,0,0,0,0,0,56,0,4
201,1092,6.0678,358,100,0,0,0,0,0,0,57,0,2
202,1228,6.1,366,100,0,0,0,0,0,0,57,0,3
203,1028,6.10345,354,100,0,0,0,0,0,0,55,0,3
204,1044,6.12698,386,100,0,0,0,0,0,0,59,0,4
205,1052,6.19355,384,100,0,0,0,0,0,0,56,0,6
206,1148,6.27273,414,100,0,0,0,0,0,0,57,0,9
207,1156,6.23333,374,100,0,0,0,0,0,0,53,0,7
208,1128,6.0678,358,100,0,0,0,0,0,0,57,0,2
209,932,6.03448,350,100,0,0,0,0,0,0,57,0,1
210,1040,6.06452,376,100,0,0,0,0,0,0,60,0,2
211,1060,6.0625,388,100,0,0,0,0,0,0,62,0,2
212,940,6.07143,340,100,0,0,0,0,0,0,54,0,2
213,1128,6.03175,380,100,0,0,0,0,0,0,62,0,1
214,1184,6.03226,374,100,0,0,0,0,0,0,61,0,1
215,1092,6.15385,320,100,0,0,0,0,0,0,48,0,4
216,1212,6.0678,358,100,0,0,0,0,0,0,57,0,2
217,1076,6,366,100,0,0,0,0,0,0,61,0,0
218,1112,6.03125,386,100,0,0,0,0,0,0,63,0,1
219,1132,6.06452,376,100,0,0,0,0,0,0,60,0,2
220,1192,6.03226,374,100,0,0,0,0,0,0,61,0,1
221,1452,6.05882,412,100,0,0,0,0,0,0,66,0,2
222,1424,6.0303,398,100,0,0,0,0,0,0,65,0,1
223,1008,6.06557,370,100,0,0,0,0,0,0,59,0,2
224,1084,6.0597,406,100,0,0,0,0,0,0,65,0,2
225,1116,6.03175,380,100,0,0,0,0,0,0,62,0,1
226,1144,6.06349,382,100,0,0,0,0,0,0,61,0,2
227,1176,6,342,100,0,0,0,0,0,0,57,0,0
228,1240,6.03448,350,100,0,0,0,0,0,0,57,0,1
229,1016,6.03448,350,100,0,0,0,0,0,0,57,0,1
230,988,6.03175,380,100,0,0,0,0,0,0,62,0,1
231,984,6,366,100,0,0,0,0,0,0,61,0,0
232,920,6.03509,344,100,0,0,0,0,0,0,56,0,1
233,944,6.03333,362,100,0,0,0,0,0,0,59,0,1
234,1076,6.03226,374,100,0,0,0,0,0,0,61,0,1
235,1032,6.03077,392,100,0,0,0,0,0,0,64,0,1
236,848,6.03175,380,100,0,0,0,0,0,0,62,0,1
237,1000,6,384,100,0,0,0,0,0,0,64,0,0
238,972,6.03125,386,100,0,0,0,0,0,0,63,0,1
239,844,6.03333,362,100,0,0,0,0,0,0,59,0,1
240,976,6,378,100,0,0,0,0,0,0,63,0,0
241,1020,6,354,100,0,0,0,0,0,0,59,0,0
242,1060,6,342,100,0,0,0,0,0,0,57,0,0
243,868,6,360,100,0,0,0,0,0,0,60,0,0
244,936,6,348,100,0,0,0,0,0,0,58,0,0
245,904,6,372,100,0,0,0,0,0,0,62,0,0
246,992,6.03448,350,100,0,0,0,0,0,0,57,0,1
247,832,6,336,100,0,0,0,0,0,0,56,0,0
248,760,6,348,100,0,0,0,0,0,0,58,0,0
249,820,6,360,100,0,0,0,0,0,0,60,0,0
250,796,6,354,100,0,0,0,0,0,0,59,0,0
251,1000,6.03077,392,100,0,0,0,0,0,0,64,0,1
252,996,6.03175,380,100,0,0,0,0,0,0,62,0,1
253,856,6.03509,344,100,0,0,0,0,0,0,56,0,1
254,900,6,348,100,0,0,0,0,0,0,58,0,0
255,976,6,378,100,0,0,0,0,0,0,63,0,0
256,1168,6.0303,398,100,0,0,0,0,0,0,65,0,1
257,1028,6.10169,360,100,0,0,0,0,0,0,56,0,3
258,1088,6.02985,404,100,0,0,0,0,0,0,66,0,1
259,1196,6.06452,376,100,0,0,0,0,0,0,60,0,2
260,1000,6,384,100,0,0,0,0,0,0,64,0,0
261,1132,6,414,100,0,0,0,0,0,0,69,0,0
262,1024,6.03279,368,100,0,0,0,0,0,0,60,0,1
263,908,6.0625,388,100,0,0,0,0,0,0,62,0,2
264,920,6,390,100,0,0,0,0,0,0,65,0,0
265,1060,6,384,100,0,0,0,0,0,0,64,0,0
266,1120,6,402,100,0,0,0,0,0,0,67,0,0
267,1288,6.06061,400,100,0,0,0,0,0,0,64,0,2
268,1180,6.0678,358,100,0,0,0,0,0,0,57,0,2
269,1296,6.09836,372,100,0,0,0,0,0,0,58,0,3
270,1216,6.16949,364,100,0,0,0,0,0,0,54,0,5
271,1292,6.06557,370,100,0,0,0,0,0,0,59,0,2
272,1224,6.17544,352,100,0,0,0,0,0,0,52,0,5
273,1056,6.14815,332,100,0,0,0,0,0,0,50,0,4
274,1288,6.0339,356,100,0,0,0,0,0,0,58,0,1
275,1336,6.03333,362,100,0,0,0,0,0,0,59,0,1
276,1224,6.03636,332,100,0,0,0,0,0,0,54,0,1
277,1144,6,342,100,0,0,0,0,0,0,57,0,0
278,1116,6,360,100,0,0,0,0,0,0,60,0,0
279,1068,6,354,100,0,0,0,0,0,0,59,0,0
280,1152,6,354,100,0,0,0,0,0,0,59,0,0
281,1040,6,348,100,0,0,0,0,0,0,58,0,0
282,1148,6,360,100,0,0,0,0,0,0,60,0,0
283,1336,6,342,100,0,0,0,0,0,0,57,0,0
284,1404,6.03226,374,100,0,0,0,0,0,0,61,0,1
285,1236,6.03922,308,100,0,0,0,0,0,0,50,0,1
286,1616,6.07018,346,100,0,0,0,0,0,0,55,0,2
287,1112,6.03571,338,100,0,0,0,0,0,0,55,0,1
288,1248,6,360,100,0,0,0,0,0,0,60,0,0
289,1288,6.03448,350,100,0,0,0,0,0,0,57,0,1
290,1164,6.07273,334,100,0,0,0,0,0,0,53,0,2
291,1436,6.03226,374,100,0,0,0,0,0,0,61,0,1
292,1392,6,348,100,0,0,0,0,0,0,58,0,0
293,1344,6,318,100,0,0,0,0,0,0,53,0,0
294,1296,6,318,100,0,0,0,0,0,0,53,0,0
295,1244,6,354,100,0,0,0,0,0,0,59,0,0
296,1336,6.10714,342,100,0,0,0,0,0,0,53,0,3
297,1308,6.17857,346,100,0,0,0,0,0,0,51,0,5
298,1588,6.09836,372,100,0,0,0,0,0,0,58,0,3
299,1496,6.14035,350,100,0,0,0,0,0,0,53,0,4
300,1460,6.14286,344,100,0,0,0,0,0,0,52,0,4
301,1600,6.10714,342,100,0,0,0,0,0,0,53,0,3
302,1648,6.11111,330,100,0,0,0,0,0,0,51,0,3
303,1568,6.13559,362,100,0,0,0,0,0,0,55,0,4
304,1672,6.18182,340,100,0,0,0,0,0,0,50,0,5
305,1548,6.17544,352,100,0,0,0,0,0,0,52,0,5
306,1672,6.13333,368,100,0,0,0,0,0,0,56,0,4
307,2172,6.15873,388,100,0,0,0,0,0,0,58,0,5
308,2712,6.12698,386,100,0,0,0,0,0,0,59,0,4
309,2480,6.07692,316,100,0,0,0,0,0,0,50,0,2
310,2416,6.03279,368,100,0,0,0,0,0,0,60,0,1
311,1816,6,330,100,0,0,0,0,0,0,55,0,0
312,1904,6.03448,350,100,0,0,0,0,0,0,57,0,1
313,1824,6.03333,362,100,0,0,0,0,0,0,59,0,1
314,1736,6.07018,346,100,0,0,0,0,0,0,55,0,2
315,1244,6.03448,350,100,0,0,0,0,0,0,57,0,1
316,1368,6,312,100,0,0,0,0,0,0,52,0,0
317,1408,6.03571,338,100,0,0,0,0,0,0,55,0,1
318,1640,6,372,100,0,0,0,0,0,0,62,0,0
319,1468,6.0339,356,100,0,0,0,0,0,0,58,0,1
320,1240,6.1,366,100,0,0,0,0,0,0,57,0,3
321,1496,6,372,100,0,0,0,0,0,0,62,0,0
322,1592,6.03279,368,100,0,0,0,0,0,0,60,0,1
323,1148,6.03333,362,100,0,0,0,0,0,0,59,0,1
324,1256,6.03226,374,100,0,0,0,0,0,0,61,0,1
325,1328,6.03077,392,100,0,0,0,0,0,0,64,0,1
326,1296,6,348,100,0,0,0,0,0,0,58,0,0
327,1348,6,354,100,0,0,0,0,0,0,59,0,0
328,1168,6.0339,356,100,0,0,0,0,0,0,58,0,1
329,1064,6.07018,346,100,0,0,0,0,0,0,55,0,2
330,984,6.0339,356,100,0,0,0,0,0,0,58,0,1
331,972,6.06667,364,100,0,0,0,0,0,0,58,0,2
332,1180,6.03175,380,100,0,0,0,0,0,0,62,0,1
333,1276,6.0339,356,100,0,0,0,0,0,0,58,0,1
334,952,6,342,100,0,0,0,0,0,0,57,0,0
335,1196,6.06897,352,100,0,0,0,0,0,0,56,0,2
336,1020,6.1,366,100,0,0,0,0,0,0,57,0,3
337,1060,6.03333,362,100,0,0,0,0,0,0,59,0,1
338,1160,6.03226,374,100,0,0,0,0,0,0,61,0,1
339,1216,6.03226,374,100,0,0,0,0,0,0,61,0,1
340,1192,6.03279,368,100,0,0,0,0,0,0,60,0,1
341,1052,6.03509,344,100,0,0,0,0,0,0,56,0,1
342,1056,6.03125,386,100,0,0,0,0,0,0,63,0,1
343,988,6.13333,368,100,0,0,0,0,0,0,56,0,4
344,1100,6.13793,356,100,0,0,0,0,0,0,54,0,4
345,1056,6.10909,336,100,0,0,0,0,0,0,52,0,3
346,1300,6.06061,400,100,0,0,0,0,0,0,64,0,2
347,1180,6.0339,356,100,0,0,0,0,0,0,58,0,1
348,856,6.03279,368,100,0,0,0,0,0,0,60,0,1
349,1048,6.09231,396,100,0,0,0,0,0,0,62,0,3
350,1024,6.06154,394,100,0,0,0,0,0,0,63,0,2
351,1060,6.09677,378,100,0,0,0,0,0,0,59,0,3
352,1148,6.06154,394,100,0,0,0,0,0,0,63,0,2
353,984,6.10345,354,100,0,0,0,0,0,0,55,0,3
354,1016,6.06452,376,100,0,0,0,0,0,0,60,0,2
355,1076,6.0678,358,100,0,0,0,0,0,0,57,0,2
356,1228,6.03226,374,100,0,0,0,0,0,0,61,0,1
357,1184,6,372,100,0,0,0,0,0,0,62,0,0
358,1388,6,390,100,0,0,0,0,0,0,65,0,0
359,1364,6,372,100,0,0,0,0,0,0,62,0,0
360,1232,6.03333,362,100,0,0,0,0,0,0,59,0,1
361,1072,6,348,100,0,0,0,0,0,0,58,0,0
362,1392,6,360,100,0,0,0,0,0,0,60,0,0
363,1324,6.03636,332,100,0,0,0,0,0,0,54,0,1
364,1352,6,324,100,0,0,0,0,0,0,54,0,0
365,1316,6.03571,338,100,0,0,0,0,0,0,55,0,1
366,1384,6.03509,344,100,0,0,0,0,0,0,56,0,1
367,1420,6,360,100,0,0,0,0,0,0,60,0,0
368,1616,6.06667,364,100,0,0,0,0,0,0,58,0,2
369,1228,6.0678,358,100,0,0,0,0,0,0,57,0,2
370,1248,6.0678,358,100,0,0,0,0,0,0,57,0,2
371,1108,6,366,100,0,0,0,0,0,0,61,0,0
372,1036,6.03571,338,100,0,0,0,0,0,0,55,0,1
373,1216,6.03226,374,100,0,0,0,0,0,0,61,0,1
374,1104,6.03636,332,100,0,0,0,0,0,0,54,0,1
375,1372,6,348,100,0,0,0,0,0,0,58,0,0
376,1432,6,324,100,0,0,0,0,0,0,54,0,0
377,1532,6.08163,298,100,0,0,0,0,0,0,47,0,2
378,1520,6.04167,290,100,0,0,0,0,0,0,47,0,1
379,1628,6.03636,332,100,0,0,0,0,0,0,54,0,1
380,1568,6,306,100,0,0,0,0,0,0,51,0,0
381,1316,6.07273,334,100,0,0,0,0,0,0,53,0,2
382,1432,6.03571,338,100,0,0,0,0,0,0,55,0,1
383,1376,6.03571,338,100,0,0,0,0,0,0,55,0,1
384,1080,6.10526,348,100,0,0,0,0,0,0,54,0,3
385,1052,6.06897,352,100,0,0,0,0,0,0,56,0,2
386,1080,6.06667,364,100,0,0,0,0,0,0,58,0,2
387,1224,6,342,100,0,0,0,0,0,0,57,0,0
388,1080,6,372,100,0,0,0,0,0,0,62,0,0
389,1216,6.03175,380,100,0,0,0,0,0,0,62,0,1
390,1160,6,360,100,0,0,0,0,0,0,60,0,0
391,1244,6.06667,364,100,0,0,0,0,0,0,58,0,2
392,1212,6.03077,392,100,0,0,0,0,0,0,64,0,1
393,1108,6.06557,370,100,0,0,0,0,0,0,59,0,2
394,1068,6.03279,368,100,0,0,0,0,0,0,60,0,1
395,1064,6.03279,368,100,0,0,0,0,0,0,60,0,1
396,996,6.06154,394,100,0,0,0,0,0,0,63,0,2
397,1020,6.0625,388,100,0,0,0,0,0,0,62,0,2
398,1128,6.06349,382,100,0,0,0,0,0,0,61,0,2
399,1076,6.1,366,100,0,0,0,0,0,0,57,0,3
400,1136,6.03175,380,100,0,0,0,0,0,0,62,0,1
401,904,6,354,100,0,0,0,0,0,0,59,0,0
402,908,6,378,100,0,0,0,0,0,0,63,0,0
403,1148,6,402,100,0,0,0,0,0,0,67,0,0
404,1196,6.03226,374,100,0,0,0,0,0,0,61,0,1
405,1264,6,390,100,0,0,0,0,0,0,65,0,0
406,1100,6,372,100,0,0,0,0,0,0,62,0,0
407,1028,6,354,100,0,0,0,0,0,0,59,0,0
408,1116,6.10345,354,100,0,0,0,0,0,0,55,0,3
409,920,6.06897,352,100,0,0,0,0,0,0,56,0,2
410,1084,6.0625,388,100,0,0,0,0,0,0,62,0,2
411,1064,6.10169,360,100,0,0,0,0,0,0,56,0,3
412,1140,6.06349,382,100,0,0,0,0,0,0,61,0,2
413,1228,6.0303,398,100,0,0,0,0,0,0,65,0,1
414,920,6.03333,362,100,0,0,0,0,0,0,59,0,1
415,1060,6.03509,344,100,0,0,0,0,0,0,56,0,1
416,1072,6.06557,370,100,0,0,0,0,0,0,59,0,2
417,1020,6.0678,358,100,0,0,0,0,0,0,57,0,2
418,920,6.06557,370,100,0,0,0,0,0,0,59,0,2
419,968,6,324,100,0,0,0,0,0,0,54,0,0
420,1096,6,360,100,0,0,0,0,0,0,60,0,0
421,1140,6,366,100,0,0,0,0,0,0,61,0,0
422,1156,6.07018,346,100,0,0,0,0,0,0,55,0,2
423,1132,6.06667,364,100,0,0,0,0,0,0,58,0,2
424,1288,6,336,100,0,0,0,0,0,0,56,0,0
425,1360,6.07143,340,100,0,0,0,0,0,0,54,0,2
426,1200,6.03704,326,100,0,0,0,0,0,0,53,0,1
427,1080,6,372,100,0,0,0,0,0,0,62,0,0
428,1144,6.03509,344,100,0,0,0,0,0,0,56,0,1
429,1004,6,330,100,0,0,0,0,0,0,55,0,0
430,1008,6,342,100,0,0,0,0,0,0,57,0,0
431,1028,6,348,100,0,0,0,0,0,0,58,0,0
432,1076,6,372,100,0,0,0,0,0,0,62,0,0
433,1064,6,372,100,0,0,0,0,0,0,62,0,0
434,1268,6,384,100,0,0,0,0,0,0,64,0,0
435,1204,6.03175,380,100,0,0,0,0,0,0,62,0,1
436,916,6,360,100,0,0,0,0,0,0,60,0,0
437,788,6,348,100,0,0,0,0,0,0,58,0,0
438,884,6.09836,372,100,0,0,0,0,0,0,58,0,3
439,900,6.10169,360,100,0,0,0,0,0,0,56,0,3
440,720,6.03704,326,100,0,0,0,0,0,0,53,0,1
441,872,6.06557,370,100,0,0,0,0,0,0,59,0,2
442,744,6.07273,334,100,0,0,0,0,0,0,53,0,2
443,864,6.06349,382,100,0,0,0,0,0,0,61,0,2
444,908,6.03226,374,100,0,0,0,0,0,0,61,0,1
445,988,6.10526,348,100,0,0,0,0,0,0,54,0,3
446,988,6.06557,370,100,0,0,0,0,0,0,59,0,2
447,884,6.03509,344,100,0,0,0,0,0,0,56,0,1
448,924,6.03279,368,100,0,0,0,0,0,0,60,0,1
449,1040,6,372,100,0,0,0,0,0,0,62,0,0
450,860,6,360,100,0,0,0,0,0,0,60,0,0
451,960,6,354,100,0,0,0,0,0,0,59,0,0
452,976,6.07143,340,100,0,0,0,0,0,0,54,0,2
453,944,6.03636,332,100,0,0,0,0,0,0,54,0,1
454,840,6.07143,340,100,0,0,0,0,0,0,54,0,2
455,912,6,336,100,0,0,0,0,0,0,56,0,0
456,976,6.06667,364,100,0,0,0,0,0,0,58,0,2
457,920,6,336,100,0,0,0,0,0,0,56,0,0
458,876,6,342,100,0,0,0,0,0,0,57,0,0
459,948,6,354,100,0,0,0,0,0,0,59,0,0
460,900,6.03125,386,100,0,0,0,0,0,0,63,0,1
461,832,6,396,100,0,0,0,0,0,0,66,0,0
462,756,6,378,100,0,0,0,0,0,0,63,0,0
463,644,6,348,100,0,0,0,0,0,0,58,0,0
464,732,6,378,100,0,0,0,0,0,0,63,0,0
465,692,6,342,100,0,0,0,0,0,0,57,0,0
466,756,6.03509,344,100,0,0,0,0,0,0,56,0,1
467,820,6.03333,362,100,0,0,0,0,0,0,59,0,1
468,860,6.0303,398,100,0,0,0,0,0,0,65,0,1
469,1000,6.03125,386,100,0,0,0,0,0,0,63,0,1
470,916,6.03175,380,100,0,0,0,0,0,0,62,0,1
471,856,6.02985,404,100,0,0,0,0,0,0,66,0,1
472,732,6.0678,358,100,0,0,0,0,0,0,57,0,2
473,832,6.13559,362,100,0,0,0,0,0,0,55,0,4
474,992,6.09836,372,100,0,0,0,0,0,0,58,0,3
475,988,6.09375,390,100,0,0,0,0,0,0,61,0,3
476,852,6.06349,382,100,0,0,0,0,0,0,61,0,2
477,984,6.03279,368,100,0,0,0,0,0,0,60,0,1
478,900,6.03448,350,100,0,0,0,0,0,0,57,0,1
479,928,6.03279,368,100,0,0,0,0,0,0,60,0,1
480,1072,6.03077,392,100,0,0,0,0,0,0,64,0,1
481,964,6.03333,362,100,0,0,0,0,0,0,59,0,1
482,976,6.06897,352,100,0,0,0,0,0,0,56,0,2
483,924,6.10345,354,100,0,0,0,0,0,0,55,0,3
484,908,6.06667,364,100,0,0,0,0,0,0,58,0,2
485,704,6.03704,326,100,0,0,0,0,0,0,53,0,1
486,904,6,366,100,0,0,0,0,0,0,61,0,0
487,896,6,390,100,0,0,0,0,0,0,65,0,0
488,884,6.03279,368,100,0,0,0,0,0,0,60,0,1
489,900,6.09375,390,100,0,0,0,0,0,0,61,0,3
490,852,6.03226,374,100,0,0,0,0,0,0,61,0,1
491,912,6.06452,376,100,0,0,0,0,0,0,60,0,2
492,836,6,348,100,0,0,0,0,0,0,58,0,0
493,984,6.09836,372,100,0,0,0,0,0,0,58,0,3
494,904,6.06452,376,100,0,0,0,0,0,0,60,0,2
495,1044,6.03333,362,100,0,0,0,0,0,0,59,0,1
496,920,6.03448,350,100,0,0,0,0,0,0,57,0,1
497,1020,6,366,100,0,0,0,0,0,0,61,0,0
498,1052,6.07143,340,100,0,0,0,0,0,0,54,0,2
499,932,6.13793,356,100,0,0,0,0,0,0,54,0,4
500,1036,6.16667,370,100,0,0,0,0,0,0,55,0,5
501,984,6.10169,360,100,0,0,0,0,0,0,56,0,3
502,892,6.06897,352,100,0,0,0,0,0,0,56,0,2
503,908,6.09677,378,100,0,0,0,0,0,0,59,0,3
504,912,6.07018,346,100,0,0,0,0,0,0,55,0,2
505,1008,6.03226,374,100,0,0,0,0,0,0,61,0,1
506,964,6.03226,374,100,0,0,0,0,0,0,61,0,1
507,964,6.03333,362,100,0,0,0,0,0,0,59,0,1
508,1112,6.06349,382,100,0,0,0,0,0,0,61,0,2
509,948,6.0339,356,100,0,0,0,0,0,0,58,0,1
510,1196,6.03175,380,100,0,0,0,0,0,0,62,0,1
511,1124,6.03509,344,100,0,0,0,0,0,0,56,0,1
512,1216,6,360,100,0,0,0,0,0,0,60,0,0
513,1276,6.03333,362,100,0,0,0,0,0,0,59,0,1
514,1176,6.03571,338,100,0,0,0,0,0,0,55,0,1
515,1296,6.03448,350,100,0,0,0,0,0,0,57,0,1
516,1228,6,348,100,0,0,0,0,0,0,58,0,0
517,1332,6,366,100,0,0,0,0,0,0,61,0,0
518,1316,6,348,100,0,0,0,0,0,0,58,0,0
519,1048,6.03636,332,100,0,0,0,0,0,0,54,0,1
520,944,6.03175,380,100,0,0,0,0,0,0,62,0,1
521,1112,6.03333,362,100,0,0,0,0,0,0,59,0,1
522,1088,6.03448,350,100,0,0,0,0,0,0,57,0,1
523,996,6.06557,370,100,0,0,0,0,0,0,59,0,2
524,980,6.03448,350,100,0,0,0,0,0,0,57,0,1
525,1236,6.03077,392,100,0,0,0,0,0,0,64,0,1
526,1432,6.0303,398,100,0,0,0,0,0,0,65,0,1
527,1288,6.06667,364,100,0,0,0,0,0,0,58,0,2
528,1332,6.07018,346,100,0,0,0,0,0,0,55,0,2
529,1188,6.07143,340,100,0,0,0,0,0,0,54,0,2
530,1360,6.12121,404,100,0,0,0,0,0,0,62,0,4
531,1176,6.10169,360,100,0,0,0,0,0,0,56,0,3
532,1072,6.10714,342,100,0,0,0,0,0,0,53,0,3
533,1092,6.03922,308,100,0,0,0,0,0,0,50,0,1
534,1164,6.10345,354,100,0,0,0,0,0,0,55,0,3
535,1292,6.13559,362,100,0,0,0,0,0,0,55,0,4
536,1284,6.17544,352,100,0,0,0,0,0,0,52,0,5
537,1232,6.18182,340,100,0,0,0,0,0,0,50,0,5
538,1392,6,360,100,0,0,0,0,0,0,60,0,0
539,1424,6.10909,336,100,0,0,0,0,0,0,52,0,3
540,1264,6.06557,370,100,0,0,0,0,0,0,59,0,2
541,1380,6.1,366,100,0,0,0,0,0,0,57,0,3
542,1356,6.03774,320,100,0,0,0,0,0,0,52,0,1
543,1180,6.03509,344,100,0,0,0,0,0,0,56,0,1
544,1184,6,318,100,0,0,0,0,0,0,53,0,0
545,1256,6.0339,356,100,0,0,0,0,0,0,58,0,1
546,1276,6,306,100,0,0,0,0,0,0,51,0,0
547,1388,6.10526,348,100,0,0,0,0,0,0,54,0,3
548,1340,6.18182,340,100,0,0,0,0,0,0,50,0,5
549,1420,6.12698,386,100,0,0,0,0,0,0,59,0,4
550,1532,6.03279,368,100,0,0,0,0,0,0,60,0,1
551,1784,6,378,100,0,0,0,0,0,0,63,0,0
552,1536,6,372,100,0,0,0,0,0,0,62,0,0
553,1192,6,372,100,0,0,0,0,0,0,62,0,0
554,1452,6,396,100,0,0,0,0,0,0,66,0,0
555,1132,6,348,100,0,0,0,0,0,0,58,0,0
556,1164,6,390,100,0,0,0,0,0,0,65,0,0
557,992,6,354,100,0,0,0,0,0,0,59,0,0
558,980,6,372,100,0,0,0,0,0,0,62,0,0
559,868,6.03125,386,100,0,0,0,0,0,0,63,0,1
560,828,6.03279,368,100,0,0,0,0,0,0,60,0,1
561,1048,6.0625,388,100,0,0,0,0,0,0,62,0,2
562,984,6.06897,352,100,0,0,0,0,0,0,56,0,2
563,1000,6.09677,378,100,0,0,0,0,0,0,59,0,3
564,940,6.09524,384,100,0,0,0,0,0,0,60,0,3
565,1044,6.13115,374,100,0,0,0,0,0,0,57,0,4
566,968,6.10345,354,100,0,0,0,0,0,0,55,0,3
567,988,6.10345,354,100,0,0,0,0,0,0,55,0,3
568,948,6.07692,316,100,0,0,0,0,0,0,50,0,2
569,1104,6.10169,360,100,0,0,0,0,0,0,56,0,3
570,1132,6.10345,354,100,0,0,0,0,0,0,55,0,3
571,884,6.10909,336,100,0,0,0,0,0,0,52,0,3
572,976,6.06667,364,100,0,0,0,0,0,0,58,0,2
573,1112,6.1,366,100,0,0,0,0,0,0,57,0,3
574,1024,6.10909,336,100,0,0,0,0,0,0,52,0,3
575,1244,6.16393,376,100,0,0,0,0,0,0,56,0,5
576,1244,6.19672,378,100,0,0,0,0,0,0,55,0,6
577,1068,6.15094,326,100,0,0,0,0,0,0,49,0,4
578,1140,6.0339,356,100,0,0,0,0,0,0,58,0,1
579,1148,6.0625,388,100,0,0,0,0,0,0,62,0,2
580,1156,6.03448,350,100,0,0,0,0,0,0,57,0,1
581,1188,6.03226,374,100,0,0,0,0,0,0,61,0,1
582,1160,6.03175,380,100,0,0,0,0,0,0,62,0,1
583,952,6,366,100,0,0,0,0,0,0,61,0,0
584,1216,6,390,100,0,0,0,0,0,0,65,0,0
585,1056,6,366,100,0,0,0,0,0,0,61,0,0
586,972,6,372,100,0,0,0,0,0,0,62,0,0
587,956,6.0339,356,100,0,0,0,0,0,0,58,0,1
588,916,6.06667,364,100,0,0,0,0,0,0,58,0,2
589,940,6.06667,364,100,0,0,0,0,0,0,58,0,2
590,960,6.06667,364,100,0,0,0,0,0,0,58,0,2
591,964,6.10526,348,100,0,0,0,0,0,0,54,0,3
592,948,6.03509,344,100,0,0,0,0,0,0,56,0,1
593,844,6.07273,334,100,0,0,0,0,0,0,53,0,2
594,916,6.03509,344,100,0,0,0,0,0,0,56,0,1
595,1028,6.03279,368,100,0,0,0,0,0,0,60,0,1
596,976,6.03509,344,100,0,0,0,0,0,0,56,0,1
597,1028,6.03279,368,100,0,0,0,0,0,0,60,0,1
598,1220,6.0678,358,100,0,0,0,0,0,0,57,0,2
599,996,6.03333,362,100,0,0,0,0,0,0,59,0,1
600,960,6,354,100,0,0,0,0,0,0,59,0,0
601,932,6,342,100,0,0,0,0,0,0,57,0,0
602,976,6.03704,326,100,0,0,0,0,0,0,53,0,1
603,1120,6.07018,346,100,0,0,0,0,0,0,55,0,2
604,1080,6.13793,356,100,0,0,0,0,0,0,54,0,4
605,1136,6.15873,388,100,0,0,0,0,0,0,58,0,5
606,1128,6.18462,402,100,0,0,0,0,0,0,59,0,6
607,976,6.10169,360,100,0,0,0,0,0,0,56,0,3
608,900,6.07018,346,100,0,0,0,0,0,0,55,0,2
609,1004,6.03226,374,100,0,0,0,0,0,0,61,0,1
610,1116,6.03333,362,100,0,0,0,0,0,0,59,0,1
611,1048,6,372,100,0,0,0,0,0,0,62,0,0
612,1008,6,366,100,0,0,0,0,0,0,61,0,0
613,1000,6.03077,392,100,0,0,0,0,0,0,64,0,1
614,1072,6,366,100,0,0,0,0,0,0,61,0,0
615,976,6,330,100,0,0,0,0,0,0,55,0,0
616,1076,6.03279,368,100,0,0,0,0,0,0,60,0,1
617,1028,6,336,100,0,0,0,0,0,0,56,0,0
618,928,6.07407,328,100,0,0,0,0,0,0,52,0,2
619,1156,6,342,100,0,0,0,0,0,0,57,0,0
620,952,6.03704,326,100,0,0,0,0,0,0,53,0,1
621,916,6,318,100,0,0,0,0,0,0,53,0,0
622,912,6.03509,344,100,0,0,0,0,0,0,56,0,1
623,1000,6.06897,352,100,0,0,0,0,0,0,56,0,2
624,852,6.16393,376,100,0,0,0,0,0,0,56,0,5
625,780,6.03846,314,100,0,0,0,0,0,0,51,0,1
626,1076,6.09375,390,100,0,0,0,0,0,0,61,0,3
627,964,6.03509,344,100,0,0,0,0,0,0,56,0,1
628,828,6.03448,350,100,0,0,0,0,0,0,57,0,1
629,1048,6.06557,370,100,0,0,0,0,0,0,59,0,2
630,964,6.03509,344,100,0,0,0,0,0,0,56,0,1
631,940,6.03704,326,100,0,0,0,0,0,0,53,0,1
632,940,6.03333,362,100,0,0,0,0,0,0,59,0,1
633,928,6.11321,324,100,0,0,0,0,0,0,50,0,3
634,1032,6.06557,370,100,0,0,0,0,0,0,59,0,2
635,1112,6.07018,346,100,0,0,0,0,0,0,55,0,2
636,1416,6.07018,346,100,0,0,0,0,0,0,55,0,2
637,1340,6.03226,374,100,0,0,0,0,0,0,61,0,1
638,1048,6.06557,370,100,0,0,0,0,0,0,59,0,2
639,944,6.03448,350,100,0,0,0,0,0,0,57,0,1
640,888,6.03448,350,100,0,0,0,0,0,0,57,0,1
641,1068,6,372,100,0,0,0,0,0,0,62,0,0
642,1040,6,378,100,0,0,0,0,0,0,63,0,0
643,996,6.09836,372,100,0,0,0,0,0,0,58,0,3
644,924,6.03333,362,100,0,0,0,0,0,0,59,0,1
645,928,6.10714,342,100,0,0,0,0,0,0,53,0,3
646,1120,6,372,100,0,0,0,0,0,0,62,0,0
647,1024,6.03333,362,100,0,0,0,0,0,0,59,0,1
648,960,6,354,100,0,0,0,0,0,0,59,0,0
649,988,6.06667,364,100,0,0,0,0,0,0,58,0,2
650,1052,6.03279,368,100,0,0,0,0,0,0,60,0,1
651,984,6,318,100,0,0,0,0,0,0,53,0,0
652,1008,6,372,100,0,0,0,0,0,0,62,0,0
653,1192,6.09836,372,100,0,0,0,0,0,0,58,0,3
654,1164,6,378,100,0,0,0,0,0,0,63,0,0
655,1388,6.03226,374,100,0,0,0,0,0,0,61,0,1
656,1256,6.03448,350,100,0,0,0,0,0,0,57,0,1
657,1460,6,372,100,0,0,0,0,0,0,62,0,0
658,1788,6.03279,368,100,0,0,0,0,0,0,60,0,1
659,1460,6.0339,356,100,0,0,0,0,0,0,58,0,1
660,1572,6.03226,374,100,0,0,0,0,0,0,61,0,1
661,1636,6.1,366,100,0,0,0,0,0,0,57,0,3
662,1060,6,354,100,0,0,0,0,0,0,59,0,0
663,1276,6.06557,370,100,0,0,0,0,0,0,59,0,2
664,1184,6.03226,374,100,0,0,0,0,0,0,61,0,1
665,1372,6.03125,386,100,0,0,0,0,0,0,63,0,1
666,1120,6,372,100,0,0,0,0,0,0,62,0,0
667,1300,6.03226,374,100,0,0,0,0,0,0,61,0,1
668,1164,6.03077,392,100,0,0,0,0,0,0,64,0,1
669,1352,6.03175,380,100,0,0,0,0,0,0,62,0,1
670,1672,6.0597,406,100,0,0,0,0,0,0,65,0,2
671,1664,6.06154,394,100,0,0,0,0,0,0,63,0,2
672,1688,6.03125,386,100,0,0,0,0,0,0,63,0,1
673,1624,6.0303,398,100,0,0,0,0,0,0,65,0,1
674,1544,6.03333,362,100,0,0,0,0,0,0,59,0,1
675,1904,6,426,100,0,0,0,0,0,0,71,0,0
676,1840,6.03226,374,100,0,0,0,0,0,0,61,0,1
677,1944,6,378,100,0,0,0,0,0,0,63,0,0
678,2200,6,360,100,0,0,0,0,0,0,60,0,0
679,2512,6.03279,368,100,0,0,0,0,0,0,60,0,1
680,2632,6.0303,398,100,0,0,0,0,0,0,65,0,1
681,2808,6,336,100,0,0,0,0,0,0,56,0,0
682,3428,6.03333,362,100,0,0,0,0,0,0,59,0,1
683,3244,6,336,100,0,0,0,0,0,0,56,0,0
684,2024,6.03448,350,100,0,0,0,0,0,0,57,0,1
685,1548,6,342,100,0,0,0,0,0,0,57,0,0
686,1768,6.0339,356,100,0,0,0,0,0,0,58,0,1
687,1860,6.03333,362,100,0,0,0,0,0,0,59,0,1
688,2292,6.03774,320,100,0,0,0,0,0,0,52,0,1
689,2376,6.07692,316,100,0,0,0,0,0,0,50,0,2
690,2452,6,342,100,0,0,0,0,0,0,57,0,0
691,2240,6,330,100,0,0,0,0,0,0,55,0,0
692,2268,6.10526,348,100,0,0,0,0,0,0,54,0,3
693,2332,6.10526,348,100,0,0,0,0,0,0,54,0,3
694,2404,6.10345,354,100,0,0,0,0,0,0,55,0,3
695,1816,6.07692,316,100,0,0,0,0,0,0,50,0,2
696,1908,6.07143,340,100,0,0,0,0,0,0,54,0,2
697,2380,6.03448,350,100,0,0,0,0,0,0,57,0,1
698,2560,6.03333,362,100,0,0,0,0,0,0,59,0,1
699,2612,6.0678,358,100,0,0,0,0,0,0,57,0,2
700,2708,6.13793,356,100,0,0,0,0,0,0,54,0,4
701,2248,6.21818,342,100,0,0,0,0,0,0,49,0,6
702,2440,6.16129,382,100,0,0,0,0,0,0,57,0,5
703,2352,6.17241,358,100,0,0,0,0,0,0,53,0,5
704,2208,6.22951,380,100,0,0,0,0,0,0,54,0,7
705,2376,6.3125,404,100,0,0,0,0,0,0,54,0,10
706,2240,6.23729,368,100,0,0,0,0,0,0,52,0,7
707,1744,6.3,378,100,0,0,0,0,0,0,51,0,9
708,1952,6.22222,392,100,0,0,0,0,0,0,56,0,7
709,2292,6.27119,370,100,0,0,0,0,0,0,51,0,8
710,1884,6.33898,374,100,0,0,0,0,0,0,49,0,10
711,1780,6.32787,386,100,0,0,0,0,0,0,51,0,10
712,1288,6.2807,358,100,0,0,0,0,0,0,49,0,8
713,1396,6.28571,352,100,0,0,0,0,0,0,48,0,8
714,1740,6.16667,370,100,0,0,0,0,0,0,55,0,5
715,2272,6.13115,374,100,0,0,0,0,0,0,57,0,4
716,2344,6.1,366,100,0,0,0,0,0,0,57,0,3
717,2156,6.07018,346,100,0,0,0,0,0,0,55,0,2
718,1984,6.14286,344,100,0,0,0,0,0,0,52,0,4
719,2160,6.2069,360,100,0,0,0,0,0,0,52,0,6
720,2228,6.11321,324,100,0,0,0,0,0,0,50,0,3
721,2588,6.2069,360,100,0,0,0,0,0,0,52,0,6
722,2916,6.19608,316,100,0,0,0,0,0,0,46,0,5
723,2728,6.21818,342,100,0,0,0,0,0,0,49,0,6
724,2440,6.14815,332,100,0,0,0,0,0,0,50,0,4
725,2304,6.16949,364,100,0,0,0,0,0,0,54,0,5
726,2036,6.2807,358,100,0,0,0,0,0,0,49,0,8
727,2020,6.18868,328,100,0,0,0,0,0,0,48,0,5
728,2084,6.0678,358,100,0,0,0,0,0,0,57,0,2
729,2448,6.10345,354,100,0,0,0,0,0,0,55,0,3
730,2472,6.03448,350,100,0,0,0,0,0,0,57,0,1
731,3180,6,372,100,0,0,0,0,0,0,62,0,0
732,3800,6.06452,376,100,0,0,0,0,0,0,60,0,2
733,3468,6.1,366,100,0,0,0,0,0,0,57,0,3
734,2444,6.03774,320,100,0,0,0,0,0,0,52,0,1
735,1912,6.03509,344,100,0,0,0,0,0,0,56,0,1
736,2164,6.06897,352,100,0,0,0,0,0,0,56,0,2
737,2180,6.07018,346,100,0,0,0,0,0,0,55,0,2
738,2616,6.0678,358,100,0,0,0,0,0,0,57,0,2
739,2984,6.03226,374,100,0,0,0,0,0,0,61,0,1
740,3548,6.11321,324,100,0,0,0,0,0,0,50,0,3
741,3704,6,348,100,0,0,0,0,0,0,58,0,0
742,3416,6.03636,332,100,0,0,0,0,0,0,54,0,1
743,3504,6.07143,340,100,0,0,0,0,0,0,54,0,2
744,3972,6.03509,344,100,0,0,0,0,0,0,56,0,1
745,4252,6.0678,358,100,0,0,0,0,0,0,57,0,2
746,4592,6.07018,346,100,0,0,0,0,0,0,55,0,2
747,4736,6.03636,332,100,0,0,0,0,0,0,54,0,1
748,3296,6.03509,344,100,0,0,0,0,0,0,56,0,1
749,3944,6.10526,348,100,0,0,0,0,0,0,54,0,3
750,3732,6.0678,358,100,0,0,0,0,0,0,57,0,2
751,3328,6.03509,344,100,0,0,0,0,0,0,56,0,1
752,3628,6.0678,358,100,0,0,0,0,0,0,57,0,2
753,3824,6.10526,348,100,0,0,0,0,0,0,54,0,3
754,4404,6.07273,334,100,0,0,0,0,0,0,53,0,2
755,3580,6.03774,320,100,0,0,0,0,0,0,52,0,1
756,4124,6,336,100,0,0,0,0,0,0,56,0,0
757,3668,6,336,100,0,0,0,0,0,0,56,0,0
758,3648,6.03571,338,100,0,0,0,0,0,0,55,0,1
759,4220,6.09836,372,100,0,0,0,0,0,0,58,0,3
760,4160,6.10345,354,100,0,0,0,0,0,0,55,0,3
761,3608,6.0625,388,100,0,0,0,0,0,0,62,0,2
762,3472,6.03571,338,100,0,0,0,0,0,0,55,0,1
763,3992,6,354,100,0,0,0,0,0,0,59,0,0
764,3364,6.08163,298,100,0,0,0,0,0,0,47,0,2
765,4132,6.07547,322,100,0,0,0,0,0,0,51,0,2
766,3740,6.07547,322,100,0,0,0,0,0,0,51,0,2
767,3952,6.03636,332,100,0,0,0,0,0,0,54,0,1
768,3928,6,330,100,0,0,0,0,0,0,55,0,0
769,3008,6,318,100,0,0,0,0,0,0,53,0,0
770,3448,6.10345,354,100,0,0,0,0,0,0,55,0,3
771,4156,6.0339,356,100,0,0,0,0,0,0,58,0,1
772,4688,6,342,100,0,0,0,0,0,0,57,0,0
773,4560,6,324,100,0,0,0,0,0,0,54,0,0
774,5196,6,366,100,0,0,0,0,0,0,61,0,0
775,4612,6.03774,320,100,0,0,0,0,0,0,52,0,1
776,4736,6.03571,338,100,0,0,0,0,0,0,55,0,1
777,4940,6.03448,350,100,0,0,0,0,0,0,57,0,1
778,3684,6,324,100,0,0,0,0,0,0,54,0,0
779,3444,6,336,100,0,0,0,0,0,0,56,0,0
780,4256,6,324,100,0,0,0,0,0,0,54,0,0
781,5352,6,354,100,0,0,0,0,0,0,59,0,0
782,5104,6,348,100,0,0,0,0,0,0,58,0,0
783,3560,6,312,100,0,0,0,0,0,0,52,0,0
784,2980,6.03704,326,100,0,0,0,0,0,0,53,0,1
785,3136,6.03704,326,100,0,0,0,0,0,0,53,0,1
786,3788,6.03333,362,100,0,0,0,0,0,0,59,0,1
787,3976,6.11111,330,100,0,0,0,0,0,0,51,0,3
788,3096,6.03509,344,100,0,0,0,0,0,0,56,0,1
789,2696,6,330,100,0,0,0,0,0,0,55,0,0
790,2652,6.03571,338,100,0,0,0,0,0,0,55,0,1
791,2604,6,330,100,0,0,0,0,0,0,55,0,0
792,1888,6.03226,374,100,0,0,0,0,0,0,61,0,1
793,2176,6.03333,362,100,0,0,0,0,0,0,59,0,1
794,2692,6,366,100,0,0,0,0,0,0,61,0,0
795,2876,6.03509,344,100,0,0,0,0,0,0,56,0,1
796,2452,6,330,100,0,0,0,0,0,0,55,0,0
797,2664,6.03448,350,100,0,0,0,0,0,0,57,0,1
798,2728,6.07273,334,100,0,0,0,0,0,0,53,0,2
799,2728,6.07273,334,100,0,0,0,0,0,0,53,0,2
800,2732,6.07407,328,100,0,0,0,0,0,0,52,0,2
801,2236,6.10169,360,100,0,0,0,0,0,0,56,0,3
802,2444,6.03333,362,100,0,0,0,0,0,0,59,0,1
803,2544,6.03846,314,100,0,0,0,0,0,0,51,0,1
804,2400,6.03571,338,100,0,0,0,0,0,0,55,0,1
805,2364,6,342,100,0,0,0,0,0,0,57,0,0
806,2320,6.06667,364,100,0,0,0,0,0,0,58,0,2
807,2416,6.03571,338,100,0,0,0,0,0,0,55,0,1
808,2640,6.03571,338,100,0,0,0,0,0,0,55,0,1
809,2692,6,336,100,0,0,0,0,0,0,56,0,0
810,2656,6,330,100,0,0,0,0,0,0,55,0,0
811,2892,6.06667,364,100,0,0,0,0,0,0,58,0,2
812,3052,6.03704,326,100,0,0,0,0,0,0,53,0,1
813,2528,6.03448,350,100,0,0,0,0,0,0,57,0,1
814,2784,6,318,100,0,0,0,0,0,0,53,0,0
815,2428,6.03448,350,100,0,0,0,0,0,0,57,0,1
816,2556,6.03704,326,100,0,0,0,0,0,0,53,0,1
817,2340,6.07273,334,100,0,0,0,0,0,0,53,0,2
818,2492,6.0678,358,100,0,0,0,0,0,0,57,0,2
819,2700,6.03636,332,100,0,0,0,0,0,0,54,0,1
820,2984,6.10526,348,100,0,0,0,0,0,0,54,0,3
821,3364,6.19608,316,100,0,0,0,0,0,0,46,0,5
822,3556,6.15094,326,100,0,0,0,0,0,0,49,0,4
823,3572,6.22642,330,100,0,0,0,0,0,0,47,0,6
824,3176,6.27451,320,100,0,0,0,0,0,0,44,0,7
825,3588,6.18868,328,100,0,0,0,0,0,0,48,0,5
826,2960,6.14545,338,100,0,0,0,0,0,0,51,0,4
827,2924,6.2449,306,100,0,0,0,0,0,0,43,0,6
828,3004,6.17544,352,100,0,0,0,0,0,0,52,0,5
829,3040,6.19608,316,100,0,0,0,0,0,0,46,0,5
830,2300,6.04,302,100,0,0,0,0,0,0,49,0,1
831,1876,6,312,100,0,0,0,0,0,0,52,0,0
832,1876,6.03774,320,100,0,0,0,0,0,0,52,0,1
833,2016,6.03509,344,100,0,0,0,0,0,0,56,0,1
834,2268,6.03509,344,100,0,0,0,0,0,0,56,0,1
835,2280,6.06557,370,100,0,0,0,0,0,0,59,0,2
836,2432,6.03448,350,100,0,0,0,0,0,0,57,0,1
837,2548,6.10345,354,100,0,0,0,0,0,0,55,0,3
838,2416,6.03636,332,100,0,0,0,0,0,0,54,0,1
839,1988,6.17544,352,100,0,0,0,0,0,0,52,0,5
840,2176,6.07547,322,100,0,0,0,0,0,0,51,0,2
841,2272,6.03448,350,100,0,0,0,0,0,0,57,0,1
842,1436,6.07692,316,100,0,0,0,0,0,0,50,0,2
843,1832,6.03279,368,100,0,0,0,0,0,0,60,0,1
844,2212,6.03448,350,100,0,0,0,0,0,0,57,0,1
845,2404,6.03279,368,100,0,0,0,0,0,0,60,0,1
846,2488,6.03636,332,100,0,0,0,0,0,0,54,0,1
847,2056,6,354,100,0,0,0,0,0,0,59,0,0
848,2192,6.03448,350,100,0,0,0,0,0,0,57,0,1
849,1924,6,348,100,0,0,0,0,0,0,58,0,0
850,2116,6.0339,356,100,0,0,0,0,0,0,58,0,1
851,1908,6.03704,326,100,0,0,0,0,0,0,53,0,1
852,2288,6.06897,352,100,0,0,0,0,0,0,56,0,2
853,2064,6,360,100,0,0,0,0,0,0,60,0,0
854,2284,6,384,100,0,0,0,0,0,0,64,0,0
855,2256,6,354,100,0,0,0,0,0,0,59,0,0
856,1844,6,354,100,0,0,0,0,0,0,59,0,0
857,1548,6.03448,350,100,0,0,0,0,0,0,57,0,1
858,1740,6.10345,354,100,0,0,0,0,0,0,55,0,3
859,1736,6.09524,384,100,0,0,0,0,0,0,60,0,3
860,2012,6.06349,382,100,0,0,0,0,0,0,61,0,2
861,2232,6.13115,374,100,0,0,0,0,0,0,57,0,4
862,2248,6.20339,366,100,0,0,0,0,0,0,53,0,6
863,2032,6.13333,368,100,0,0,0,0,0,0,56,0,4
864,2048,6.17857,346,100,0,0,0,0,0,0,51,0,5
865,1652,6.06897,352,100,0,0,0,0,0,0,56,0,2
866,1524,6,366,100,0,0,0,0,0,0,61,0,0
867,1340,6.07407,328,100,0,0,0,0,0,0,52,0,2
868,1420,6,318,100,0,0,0,0,0,0,53,0,0
869,1408,6.03448,350,100,0,0,0,0,0,0,57,0,1
870,1144,6.07018,346,100,0,0,0,0,0,0,55,0,2
871,1348,6.06897,352,100,0,0,0,0,0,0,56,0,2
872,1424,6.03571,338,100,0,0,0,0,0,0,55,0,1
873,1820,6.0339,356,100,0,0,0,0,0,0,58,0,1
874,1596,6.0678,358,100,0,0,0,0,0,0,57,0,2
875,1476,6.03571,338,100,0,0,0,0,0,0,55,0,1
876,1816,6.1,366,100,0,0,0,0,0,0,57,0,3
877,1916,6.03571,338,100,0,0,0,0,0,0,55,0,1
878,1916,6.10169,360,100,0,0,0,0,0,0,56,0,3
879,1444,6.17857,346,100,0,0,0,0,0,0,51,0,5
880,1560,6.21429,348,100,0,0,0,0,0,0,50,0,6
881,1392,6.17857,346,100,0,0,0,0,0,0,51,0,5
882,1252,6.10526,348,100,0,0,0,0,0,0,54,0,3
883,1280,6.10345,354,100,0,0,0,0,0,0,55,0,3
884,1356,6.17241,358,100,0,0,0,0,0,0,53,0,5
885,1544,6.17544,352,100,0,0,0,0,0,0,52,0,5
886,1272,6.03636,332,100,0,0,0,0,0,0,54,0,1
887,1420,6.03448,350,100,0,0,0,0,0,0,57,0,1
888,1548,6,324,100,0,0,0,0,0,0,54,0,0
889,1380,6,294,100,0,0,0,0,0,0,49,0,0
890,1420,6,366,100,0,0,0,0,0,0,61,0,0
891,1364,6,330,100,0,0,0,0,0,0,55,0,0
892,1136,6.03279,368,100,0,0,0,0,0,0,60,0,1
893,1092,6.06557,370,100,0,0,0,0,0,0,59,0,2
894,1216,6.14035,350,100,0,0,0,0,0,0,53,0,4
895,1228,6.14286,344,100,0,0,0,0,0,0,52,0,4
896,1532,6.10526,348,100,0,0,0,0,0,0,54,0,3
897,1612,6.03774,320,100,0,0,0,0,0,0,52,0,1
898,1740,6,354,100,0,0,0,0,0,0,59,0,0
899,1456,6.0339,356,100,0,0,0,0,0,0,58,0,1
900,1496,6.03571,338,100,0,0,0,0,0,0,55,0,1
901,1540,6.03571,338,100,0,0,0,0,0,0,55,0,1
902,1188,6.10169,360,100,0,0,0,0,0,0,56,0,3
903,1288,6.07018,346,100,0,0,0,0,0,0,55,0,2
904,1316,6.03333,362,100,0,0,0,0,0,0,59,0,1
905,972,6,342,100,0,0,0,0,0,0,57,0,0
906,1000,6,348,100,0,0,0,0,0,0,58,0,0
907,1040,6,342,100,0,0,0,0,0,0,57,0,0
908,1076,6,360,100,0,0,0,0,0,0,60,0,0
909,1204,6,354,100,0,0,0,0,0,0,59,0,0
910,1308,6.03509,344,100,0,0,0,0,0,0,56,0,1
911,1300,6.03509,344,100,0,0,0,0,0,0,56,0,1
912,1328,6,354,100,0,0,0,0,0,0,59,0,0
913,1244,6,324,100,0,0,0,0,0,0,54,0,0
914,1192,6.03636,332,100,0,0,0,0,0,0,54,0,1
915,1392,6.07143,340,100,0,0,0,0,0,0,54,0,2
916,1516,6.03279,368,100,0,0,0,0,0,0,60,0,1
917,1112,6.06897,352,100,0,0,0,0,0,0,56,0,2
918,1304,6.03226,374,100,0,0,0,0,0,0,61,0,1
919,1404,6.0678,358,100,0,0,0,0,0,0,57,0,2
920,1364,6.03636,332,100,0,0,0,0,0,0,54,0,1
921,1416,6.03509,344,100,0,0,0,0,0,0,56,0,1
922,1212,6.0339,356,100,0,0,0,0,0,0,58,0,1
923,1360,6.09836,372,100,0,0,0,0,0,0,58,0,3
924,1080,6.07273,334,100,0,0,0,0,0,0,53,0,2
925,1060,6.10909,336,100,0,0,0,0,0,0,52,0,3
926,980,6.19608,316,100,0,0,0,0,0,0,46,0,5
927,1076,6.03636,332,100,0,0,0,0,0,0,54,0,1
928,1100,6.11321,324,100,0,0,0,0,0,0,50,0,3
929,1164,6.22222,336,100,0,0,0,0,0,0,48,0,6
930,1248,6.21429,348,100,0,0,0,0,0,0,50,0,6
931,1240,6.23729,368,100,0,0,0,0,0,0,52,0,7
932,1228,6.17857,346,100,0,0,0,0,0,0,51,0,5
933,1356,6.18182,340,100,0,0,0,0,0,0,50,0,5
934,1168,6.09524,384,100,0,0,0,0,0,0,60,0,3
935,1172,6.07143,340,100,0,0,0,0,0,0,54,0,2
936,1216,6.17241,358,100,0,0,0,0,0,0,53,0,5
937,1080,6.13559,362,100,0,0,0,0,0,0,55,0,4
938,936,6.16667,370,100,0,0,0,0,0,0,55,0,5
939,1076,6.2623,382,100,0,0,0,0,0,0,53,0,8
940,1040,6.13115,374,100,0,0,0,0,0,0,57,0,4
941,1132,6.18182,340,100,0,0,0,0,0,0,50,0,5
942,1296,6.13559,362,100,0,0,0,0,0,0,55,0,4
943,1056,6.17241,358,100,0,0,0,0,0,0,53,0,5
944,1096,6.18182,340,100,0,0,0,0,0,0,50,0,5
945,1304,6.27586,364,100,0,0,0,0,0,0,50,0,8
946,1156,6.10526,348,100,0,0,0,0,0,0,54,0,3
947,1236,6.07273,334,100,0,0,0,0,0,0,53,0,2
948,1248,6.10526,348,100,0,0,0,0,0,0,54,0,3
949,1280,6.21818,342,100,0,0,0,0,0,0,49,0,6
950,1296,6.17544,352,100,0,0,0,0,0,0,52,0,5
951,1224,6.14035,350,100,0,0,0,0,0,0,53,0,4
952,1064,6.19231,322,100,0,0,0,0,0,0,47,0,5
953,1360,6.13793,356,100,0,0,0,0,0,0,54,0,4
954,1564,6.16949,364,100,0,0,0,0,0,0,54,0,5
955,1152,6.30508,372,100,0,0,0,0,0,0,50,0,9
956,1036,6.31034,366,100,0,0,0,0,0,0,49,0,9
957,996,6.23729,368,100,0,0,0,0,0,0,52,0,7
958,1068,6.29032,390,100,0,0,0,0,0,0,53,0,9
959,1016,6.30508,372,100,0,0,0,0,0,0,50,0,9
960,972,6.17544,352,100,0,0,0,0,0,0,52,0,5
961,1064,6.27119,370,100,0,0,0,0,0,0,51,0,8
962,1168,6.23729,368,100,0,0,0,0,0,0,52,0,7
963,1180,6.33333,380,100,0,0,0,0,0,0,50,0,10
964,1080,6.28571,352,100,0,0,0,0,0,0,48,0,8
965,1008,6.21818,342,100,0,0,0,0,0,0,49,0,6
966,1056,6.40351,365,100,0,0,0,0,0,0,45,1,11
967,1116,6.38596,364,100,0,0,0,0,0,0,46,0,11
968,1332,6.35484,394,100,0,0,0,0,0,0,51,0,11
969,1156,6.38596,364,100,0,0,0,0,0,0,46,0,11
970,1348,6.4,416,100,0,0,0,0,0,0,52,0,13
971,1328,6.33898,374,100,0,0,0,0,0,0,49,0,10
972,888,6.44068,380,100,0,0,0,0,0,0,46,0,13
973,948,6.47458,382,100,0,0,0,0,0,0,45,0,14
974,920,6.31579,360,100,0,0,0,0,0,0,48,0,9
975,860,6.28571,352,100,0,0,0,0,0,0,48,0,8
976,1184,6.21538,404,100,0,0,0,0,0,0,58,0,7
977,928,6.30189,334,100,0,0,0,0,0,0,45,0,8
978,1232,6.24615,406,100,0,0,0,0,0,0,57,0,8
979,1148,6.22951,380,100,0,0,0,0,0,0,54,0,7
980,988,6.21429,348,100,0,0,0,0,0,0,50,0,6
981,1084,6.16393,376,100,0,0,0,0,0,0,56,0,5
982,1164,6.12698,386,100,0,0,0,0,0,0,59,0,4
983,1044,6.2,372,100,0,0,0,0,0,0,54,0,6
984,1244,6.12308,398,100,0,0,0,0,0,0,61,0,4
985,1192,6.17241,358,100,0,0,0,0,0,0,53,0,5
986,1124,6.31579,360,100,0,0,0,0,0,0,48,0,9
987,1180,6.30508,372,100,0,0,0,0,0,0,50,0,9
988,1016,6.29032,390,100,0,0,0,0,0,0,53,0,9
989,996,6.23333,374,100,0,0,0,0,0,0,53,0,7
990,1056,6.29508,384,100,0,0,0,0,0,0,52,0,9
991,1092,6.33333,380,100,0,0,0,0,0,0,50,0,10
992,1076,6.29508,384,100,0,0,0,0,0,0,52,0,9
993,1124,6.25806,388,100,0,0,0,0,0,0,54,0,8
994,964,6.27119,370,100,0,0,0,0,0,0,51,0,8
995,764,6.16667,370,100,0,0,0,0,0,0,55,0,5
996,804,6.13115,374,100,0,0,0,0,0,0,57,0,4
997,916,6.12903,380,100,0,0,0,0,0,0,58,0,4
998,832,6.03175,380,100,0,0,0,0,0,0,62,0,1
999,848,6.15625,394,100,0,0,0,0,0,0,59,0,5
