update,points,mean_tasks,total_tasks,total_orgs,task_0,task_1,task_2,task_3,task_4,task_5,task_6,task_7,task_8
0,0,nan,0,9,0,0,0,0,0,0,0,0,0
1,0,nan,0,9,0,0,0,0,0,0,0,0,0
2,16,6,6,9,0,0,0,0,0,0,1,0,0
3,28,6,12,10,0,0,0,0,0,0,2,0,0
4,28,6,12,10,0,0,0,0,0,0,2,0,0
5,76,6,30,10,0,0,0,0,0,0,5,0,0
6,92,6,36,14,0,0,0,0,0,0,6,0,0
7,84,6,42,14,0,0,0,0,0,0,7,0,0
8,112,6,54,15,0,0,0,0,0,0,9,0,0
9,144,6,60,17,0,0,0,0,0,0,10,0,0
10,140,6,60,18,0,0,0,0,0,0,10,0,0
11,152,6.2,62,19,0,0,0,0,0,0,9,0,1
12,172,6.18182,68,24,0,0,0,0,0,0,10,0,1
13,140,6.14286,86,25,0,0,0,0,0,0,13,0,1
14,144,6.14286,86,26,0,0,0,0,0,0,13,0,1
15,144,6.125,98,30,0,0,0,0,0,0,15,0,1
16,216,6,108,33,0,0,0,0,0,0,18,0,0
17,256,6.09524,128,39,0,0,0,0,0,0,20,0,1
18,260,6.11111,110,41,0,0,0,0,0,0,17,0,1
19,308,6.08333,146,45,0,0,0,0,0,0,23,0,1
20,348,6.14815,166,49,0,0,0,0,0,0,25,0,2
21,436,6.13333,184,54,0,0,0,0,0,0,28,0,2
22,348,6.21429,174,55,0,0,0,0,0,0,25,0,3
23,432,6.25,200,57,0,0,0,0,0,0,28,0,4
24,488,6.11429,214,59,0,0,0,0,0,0,33,0,2
25,516,6.11111,220,62,0,0,0,0,0,0,34,0,2
26,504,6.18182,204,66,0,0,0,0,0,0,30,0,3
27,516,6.16667,222,68,0,0,0,0,0,0,33,0,3
28,528,6.11111,220,69,0,0,0,0,0,0,34,0,2
29,520,6.09756,250,74,0,0,0,0,0,0,39,0,2
30,732,6,282,79,0,0,0,0,0,0,47,0,0
31,696,6,282,82,0,0,0,0,0,0,47,0,0
32,824,6,300,86,0,0,0,0,0,0,50,0,0
33,748,6,288,91,0,0,0,0,0,0,48,0,0
34,908,6,318,93,0,0,0,0,0,0,53,0,0
35,876,6,318,94,0,0,0,0,0,0,53,0,0
36,1132,6,330,96,0,0,0,0,0,0,55,0,0
37,1080,6,342,97,0,0,0,0,0,0,57,0,0
38,1092,6.0339,356,99,0,0,0,0,0,0,58,0,1
39,1068,6.0678,358,99,0,0,0,0,0,0,57,0,2
40,1152,6.07143,340,99,0,0,0,0,0,0,54,0,2
41,984,6.0678,358,99,0,0,0,0,0,0,57,0,2
42,1120,6.06557,370,100,0,0,0,0,0,0,59,0,2
43,988,6.06061,400,100,0,0,0,0,0,0,64,0,2
44,1156,6.09375,390,100,0,0,0,0,0,0,61,0,3
45,1012,6.06452,376,100,0,0,0,0,0,0,60,0,2
46,1060,6,420,100,0,0,0,0,0,0,70,0,0
47,912,6,420,100,0,0,0,0,0,0,70,0,0
48,972,6.02857,422,100,0,0,0,0,0,0,69,0,1
49,988,6,402,100,0,0,0,0,0,0,67,0,0
50,1040,6,402,100,0,0,0,0,0,0,67,0,0
51,988,6,390,100,0,0,0,0,0,0,65,0,0
52,1120,6,378,100,0,0,0,0,0,0,63,0,0
53,1128,6.03125,386,100,0,0,0,0,0,0,63,0,1
54,1028,6.03333,362,100,0,0,0,0,0,0,59,0,1
55,1092,6,378,100,0,0,0,0,0,0,63,0,0
56,1196,6.03125,386,100,0,0,0,0,0,0,63,0,1
57,1212,6,390,100,0,0,0,0,0,0,65,0,0
58,1292,6,396,100,0,0,0,0,0,0,66,0,0
59,1212,6,396,100,0,0,0,0,0,0,66,0,0
60,1188,6,396,100,0,0,0,0,0,0,66,0,0
61,1336,6,402,100,0,0,0,0,0,0,67,0,0
62,1400,6,408,100,0,0,0,0,0,0,68,0,0
63,1136,6,372,100,0,0,0,0,0,0,62,0,0
64,1156,6,348,100,0,0,0,0,0,0,58,0,0
65,1416,6,372,100,0,0,0,0,0,0,62,0,0
66,1084,6,378,100,0,0,0,0,0,0,63,0,0
67,1072,6.03448,350,100,0,0,0,0,0,0,57,0,1
68,976,6,342,100,0,0,0,0,0,0,57,0,0
69,884,6.03077,392,100,0,0,0,0,0,0,64,0,1
70,1048,6.02941,410,100,0,0,0,0,0,0,67,0,1
71,884,6.0625,388,100,0,0,0,0,0,0,62,0,2
72,1096,6.03279,368,100,0,0,0,0,0,0,60,0,1
73,984,6,372,100,0,0,0,0,0,0,62,0,0
74,960,6,360,100,0,0,0,0,0,0,60,0,0
75,1016,6.03333,362,100,0,0,0,0,0,0,59,0,1
76,860,6.06349,382,100,0,0,0,0,0,0,61,0,2
77,964,6.03226,374,100,0,0,0,0,0,0,61,0,1
78,820,6.03175,380,100,0,0,0,0,0,0,62,0,1
79,920,6,378,100,0,0,0,0,0,0,63,0,0
80,908,6.03175,380,100,0,0,0,0,0,0,62,0,1
81,884,6.03333,362,100,0,0,0,0,0,0,59,0,1
82,1060,6.03175,380,100,0,0,0,0,0,0,62,0,1
83,1036,6.03226,374,100,0,0,0,0,0,0,61,0,1
84,968,6.1,366,100,0,0,0,0,0,0,57,0,3
85,988,6.06061,400,100,0,0,0,0,0,0,64,0,2
86,1008,6.03226,374,100,0,0,0,0,0,0,61,0,1
87,1196,6.0625,388,100,0,0,0,0,0,0,62,0,2
88,1028,6.125,392,100,0,0,0,0,0,0,60,0,4
89,936,6.07018,346,100,0,0,0,0,0,0,55,0,2
90,1148,6.0625,388,100,0,0,0,0,0,0,62,0,2
91,1260,6.0678,358,100,0,0,0,0,0,0,57,0,2
92,1220,6.07018,346,100,0,0,0,0,0,0,55,0,2
93,1112,6.03636,332,100,0,0,0,0,0,0,54,0,1
94,1244,6.0339,356,100,0,0,0,0,0,0,58,0,1
95,1276,6.0303,398,100,0,0,0,0,0,0,65,0,1
96,1064,6.0339,356,100,0,0,0,0,0,0,58,0,1
97,1016,6,360,100,0,0,0,0,0,0,60,0,0
98,1224,6.09375,390,100,0,0,0,0,0,0,61,0,3
99,1236,6.06349,382,100,0,0,0,0,0,0,61,0,2
100,1124,6.06061,400,100,0,0,0,0,0,0,64,0,2
101,1236,6.06154,394,100,0,0,0,0,0,0,63,0,2
102,1116,6,432,100,0,0,0,0,0,0,72,0,0
103,1260,6,390,100,0,0,0,0,0,0,65,0,0
104,1116,6,342,100,0,0,0,0,0,0,57,0,0
105,1248,6,366,100,0,0,0,0,0,0,61,0,0
106,1348,6,360,100,0,0,0,0,0,0,60,0,0
107,1244,6.03175,380,100,0,0,0,0,0,0,62,0,1
108,1412,6.07018,346,100,0,0,0,0,0,0,55,0,2
109,1744,6.06061,400,100,0,0,0,0,0,0,64,0,2
110,1924,6.03175,380,100,0,0,0,0,0,0,62,0,1
111,1584,6.07018,346,100,0,0,0,0,0,0,55,0,2
112,1068,6.06897,352,100,0,0,0,0,0,0,56,0,2
113,1272,6.06557,370,100,0,0,0,0,0,0,59,0,2
114,1312,6.0339,356,100,0,0,0,0,0,0,58,0,1
115,1792,6.08955,408,100,0,0,0,0,0,0,64,0,3
116,1564,6,354,100,0,0,0,0,0,0,59,0,0
117,1020,6.03333,362,100,0,0,0,0,0,0,59,0,1
118,1052,6.09524,384,100,0,0,0,0,0,0,60,0,3
119,976,6.09677,378,100,0,0,0,0,0,0,59,0,3
120,1212,6.06061,400,100,0,0,0,0,0,0,64,0,2
121,1060,6,354,100,0,0,0,0,0,0,59,0,0
122,1160,6.09677,378,100,0,0,0,0,0,0,59,0,3
123,972,6.07143,340,100,0,0,0,0,0,0,54,0,2
124,928,6.0625,388,100,0,0,0,0,0,0,62,0,2
125,948,6.06557,370,100,0,0,0,0,0,0,59,0,2
126,1004,6.06349,382,100,0,0,0,0,0,0,61,0,2
127,1020,6.125,392,100,0,0,0,0,0,0,60,0,4
128,1052,6.10345,354,100,0,0,0,0,0,0,55,0,3
129,984,6.09677,378,100,0,0,0,0,0,0,59,0,3
130,1060,6.13559,362,100,0,0,0,0,0,0,55,0,4
131,1140,6.06452,376,100,0,0,0,0,0,0,60,0,2
132,1296,6.12903,380,100,0,0,0,0,0,0,58,0,4
133,920,6.12698,386,100,0,0,0,0,0,0,59,0,4
134,964,6.14925,412,100,0,0,0,0,0,0,62,0,5
135,1068,6.06154,394,100,0,0,0,0,0,0,63,0,2
136,1108,6.12698,386,100,0,0,0,0,0,0,59,0,4
137,1004,6.2,372,100,0,0,0,0,0,0,54,0,6
138,1076,6.14925,412,100,0,0,0,0,0,0,62,0,5
139,1028,6.06452,376,100,0,0,0,0,0,0,60,0,2
140,1144,6.13235,417,100,0,0,0,0,0,0,63,1,4
141,1180,6.13846,399,100,0,0,0,0,0,0,60,1,4
142,1124,6.15,369,100,0,0,0,0,0,0,55,1,4
143,1140,6.15517,357,100,0,0,0,0,0,0,53,1,4
144,956,6.12903,380,100,0,0,0,0,0,0,58,0,4
145,1040,6.13333,368,100,0,0,0,0,0,0,56,0,4
146,1016,6.13333,368,100,0,0,0,0,0,0,56,0,4
147,836,6.06667,364,100,0,0,0,0,0,0,58,0,2
148,948,6.16393,376,100,0,0,0,0,0,0,56,0,5
149,924,6.0625,388,100,0,0,0,0,0,0,62,0,2
150,848,6.03509,344,100,0,0,0,0,0,0,56,0,1
151,888,6.06557,370,100,0,0,0,0,0,0,59,0,2
152,924,6,360,100,0,0,0,0,0,0,60,0,0
153,836,6.03279,368,100,0,0,0,0,0,0,60,0,1
154,1072,6,402,100,0,0,0,0,0,0,67,0,0
155,996,6.06557,370,100,0,0,0,0,0,0,59,0,2
156,1120,6.06061,400,100,0,0,0,0,0,0,64,0,2
157,952,6.03509,344,100,0,0,0,0,0,0,56,0,1
158,1084,6.0597,406,100,0,0,0,0,0,0,65,0,2
159,1168,6.06557,370,100,0,0,0,0,0,0,59,0,2
160,1100,6.06557,370,100,0,0,0,0,0,0,59,0,2
161,1168,6.0678,358,100,0,0,0,0,0,0,57,0,2
162,1224,6.20339,366,100,0,0,0,0,0,0,53,0,6
163,1048,6.13559,362,100,0,0,0,0,0,0,55,0,4
164,992,6.13333,368,100,0,0,0,0,0,0,56,0,4
165,1008,6.10345,354,100,0,0,0,0,0,0,55,0,3
166,940,6.07143,340,100,0,0,0,0,0,0,54,0,2
167,1012,6.09524,384,100,0,0,0,0,0,0,60,0,3
168,1084,6.03175,380,100,0,0,0,0,0,0,62,0,1
169,1072,6.0303,398,100,0,0,0,0,0,0,65,0,1
170,968,6.06897,352,100,0,0,0,0,0,0,56,0,2
171,1064,6.0339,356,100,0,0,0,0,0,0,58,0,1
172,968,6.03279,368,100,0,0,0,0,0,0,60,0,1
173,972,6.10714,342,100,0,0,0,0,0,0,53,0,3
174,1136,6.03279,368,100,0,0,0,0,0,0,60,0,1
175,1044,6.07547,322,100,0,0,0,0,0,0,51,0,2
176,1144,6.0678,358,100,0,0,0,0,0,0,57,0,2
177,1028,6.03175,380,100,0,0,0,0,0,0,62,0,1
178,1004,6.06349,382,100,0,0,0,0,0,0,61,0,2
179,1064,6.09375,390,100,0,0,0,0,0,0,61,0,3
180,888,6.1,366,100,0,0,0,0,0,0,57,0,3
181,804,6.10169,360,100,0,0,0,0,0,0,56,0,3
182,956,6.12698,386,100,0,0,0,0,0,0,59,0,4
183,924,6.09524,384,100,0,0,0,0,0,0,60,0,3
184,932,6.0625,388,100,0,0,0,0,0,0,62,0,2
185,892,6.03175,380,100,0,0,0,0,0,0,62,0,1
186,956,6.03125,386,100,0,0,0,0,0,0,63,0,1
187,880,6.0339,356,100,0,0,0,0,0,0,58,0,1
188,884,6,354,100,0,0,0,0,0,0,59,0,0
189,1040,6,360,100,0,0,0,0,0,0,60,0,0
190,1024,6,348,100,0,0,0,0,0,0,58,0,0
191,928,6,348,100,0,0,0,0,0,0,58,0,0
192,940,6.0339,356,100,0,0,0,0,0,0,58,0,1
193,1020,6.06667,364,100,0,0,0,0,0,0,58,0,2
194,1116,6.06452,376,100,0,0,0,0,0,0,60,0,2
195,1052,6.09677,378,100,0,0,0,0,0,0,59,0,3
196,1092,6.09091,402,100,0,0,0,0,0,0,63,0,3
197,956,6.125,392,100,0,0,0,0,0,0,60,0,4
198,892,6.09677,378,100,0,0,0,0,0,0,59,0,3
199,1104,6.18462,402,100,0,0,0,0,0,0,59,0,6
200,1060,6.06349,382,100,0,0,0,0,0,0,61,0,2
201,1228,6.12698,386,100,0,0,0,0,0,0,59,0,4
202,1124,6.2069,360,100,0,0,0,0,0,0,52,0,6
203,1100,6.10169,360,100,0,0,0,0,0,0,56,0,3
204,1128,6.13793,356,100,0,0,0,0,0,0,54,0,4
205,1460,6.28571,352,100,0,0,0,0,0,0,48,0,8
206,1280,6.35088,362,100,0,0,0,0,0,0,47,0,10
207,1468,6.23729,368,100,0,0,0,0,0,0,52,0,7
208,1248,6.3,378,100,0,0,0,0,0,0,51,0,9
209,1104,6.21053,354,100,0,0,0,0,0,0,51,0,6
210,1016,6.09524,384,100,0,0,0,0,0,0,60,0,3
211,928,6.10714,342,100,0,0,0,0,0,0,53,0,3
212,996,6.0625,388,100,0,0,0,0,0,0,62,0,2
213,1000,6,366,100,0,0,0,0,0,0,61,0,0
214,1012,6,372,100,0,0,0,0,0,0,62,0,0
215,964,6,372,100,0,0,0,0,0,0,62,0,0
216,1104,6.03279,368,100,0,0,0,0,0,0,60,0,1
217,1124,6.03279,368,100,0,0,0,0,0,0,60,0,1
218,1260,6.03175,380,100,0,0,0,0,0,0,62,0,1
219,1320,6,366,100,0,0,0,0,0,0,61,0,0
220,1116,6.03125,386,100,0,0,0,0,0,0,63,0,1
221,972,6.03448,350,100,0,0,0,0,0,0,57,0,1
222,1000,6,360,100,0,0,0,0,0,0,60,0,0
223,1004,6.06452,376,100,0,0,0,0,0,0,60,0,2
224,1028,6.10169,360,100,0,0,0,0,0,0,56,0,3
225,1084,6.06452,376,100,0,0,0,0,0,0,60,0,2
226,1200,6.03077,392,100,0,0,0,0,0,0,64,0,1
227,936,6,366,100,0,0,0,0,0,0,61,0,0
228,940,6,354,100,0,0,0,0,0,0,59,0,0
229,1132,6.06349,382,100,0,0,0,0,0,0,61,0,2
230,1128,6.06061,400,100,0,0,0,0,0,0,64,0,2
231,940,6.03509,344,100,0,0,0,0,0,0,56,0,1
232,1032,6.03448,350,100,0,0,0,0,0,0,57,0,1
233,1152,6.09524,384,100,0,0,0,0,0,0,60,0,3
234,992,6,336,100,0,0,0,0,0,0,56,0,0
235,1132,6.03509,344,100,0,0,0,0,0,0,56,0,1
236,860,6.06667,364,100,0,0,0,0,0,0,58,0,2
237,960,6,378,100,0,0,0,0,0,0,63,0,0
238,1036,6.10169,360,100,0,0,0,0,0,0,56,0,3
239,1020,6.14286,344,100,0,0,0,0,0,0,52,0,4
240,1036,6.11321,324,100,0,0,0,0,0,0,50,0,3
241,1260,6.10345,354,100,0,0,0,0,0,0,55,0,3
242,1252,6.0339,356,100,0,0,0,0,0,0,58,0,1
243,1528,6.07547,322,100,0,0,0,0,0,0,51,0,2
244,1536,6.10909,336,100,0,0,0,0,0,0,52,0,3
245,1508,6.03509,344,100,0,0,0,0,0,0,56,0,1
246,1424,6.14035,350,100,0,0,0,0,0,0,53,0,4
247,964,6.11111,330,100,0,0,0,0,0,0,51,0,3
248,1204,6.10345,354,100,0,0,0,0,0,0,55,0,3
249,1356,6.13115,374,100,0,0,0,0,0,0,57,0,4
250,1600,6.03509,344,100,0,0,0,0,0,0,56,0,1
251,1308,6.03571,338,100,0,0,0,0,0,0,55,0,1
252,1460,6.03226,374,100,0,0,0,0,0,0,61,0,1
253,1420,6.06667,364,100,0,0,0,0,0,0,58,0,2
254,1256,6,378,100,0,0,0,0,0,0,63,0,0
255,1280,6.03448,350,100,0,0,0,0,0,0,57,0,1
256,1464,6.06349,382,100,0,0,0,0,0,0,61,0,2
257,916,6.03333,362,100,0,0,0,0,0,0,59,0,1
258,1032,6.03125,386,100,0,0,0,0,0,0,63,0,1
259,1152,6.03333,362,100,0,0,0,0,0,0,59,0,1
260,1228,6.03175,380,100,0,0,0,0,0,0,62,0,1
261,1156,6.0339,356,100,0,0,0,0,0,0,58,0,1
262,1100,6.03333,362,100,0,0,0,0,0,0,59,0,1
263,1200,6,378,100,0,0,0,0,0,0,63,0,0
264,1268,6.0339,356,100,0,0,0,0,0,0,58,0,1
265,1136,6,324,100,0,0,0,0,0,0,54,0,0
266,1116,6,366,100,0,0,0,0,0,0,61,0,0
267,1372,6.03077,392,100,0,0,0,0,0,0,64,0,1
268,972,6,360,100,0,0,0,0,0,0,60,0,0
269,1192,6,360,100,0,0,0,0,0,0,60,0,0
270,1172,6,366,100,0,0,0,0,0,0,61,0,0
271,948,6.06667,364,100,0,0,0,0,0,0,58,0,2
272,940,6.09677,378,100,0,0,0,0,0,0,59,0,3
273,980,6.0625,388,100,0,0,0,0,0,0,62,0,2
274,1092,6.02985,404,100,0,0,0,0,0,0,66,0,1
275,916,6.09524,384,100,0,0,0,0,0,0,60,0,3
276,888,6.0625,388,100,0,0,0,0,0,0,62,0,2
277,884,6,372,100,0,0,0,0,0,0,62,0,0
278,896,6.03279,368,100,0,0,0,0,0,0,60,0,1
279,860,6.1,366,100,0,0,0,0,0,0,57,0,3
280,952,6.0678,358,100,0,0,0,0,0,0,57,0,2
281,1200,6.09677,378,100,0,0,0,0,0,0,59,0,3
282,1056,6.03448,350,100,0,0,0,0,0,0,57,0,1
283,1316,6.0303,398,100,0,0,0,0,0,0,65,0,1
284,1160,6.0625,388,100,0,0,0,0,0,0,62,0,2
285,1028,6.10714,342,100,0,0,0,0,0,0,53,0,3
286,1284,6.19048,390,100,0,0,0,0,0,0,57,0,6
287,1056,6.09836,372,100,0,0,0,0,0,0,58,0,3
288,1104,6.16129,382,100,0,0,0,0,0,0,57,0,5
289,1196,6.2623,382,100,0,0,0,0,0,0,53,0,8
290,1192,6.1875,396,100,0,0,0,0,0,0,58,0,6
291,1216,6.23729,368,100,0,0,0,0,0,0,52,0,7
292,1048,6.36667,382,100,0,0,0,0,0,0,49,0,11
293,1256,6.33333,380,100,0,0,0,0,0,0,50,0,10
294,1124,6.21429,348,100,0,0,0,0,0,0,50,0,6
295,1412,6.2,372,100,0,0,0,0,0,0,54,0,6
296,1640,6.4,384,100,0,0,0,0,0,0,48,0,12
297,1480,6.44444,406,100,0,0,0,0,0,0,49,0,14
298,1280,6.39344,390,100,0,0,0,0,0,0,49,0,12
299,1236,6.31746,398,100,0,0,0,0,0,0,53,0,10
300,1168,6.32258,392,100,0,0,0,0,0,0,52,0,10
301,1224,6.32836,424,100,0,0,0,0,0,0,56,0,11
302,1320,6.35385,413,100,0,0,0,0,0,0,53,1,11
303,1476,6.32258,392,100,0,0,0,0,0,0,52,0,10
304,1336,6.36066,388,100,0,0,0,0,0,0,50,0,11
305,1340,6.33333,380,100,0,0,0,0,0,0,50,0,10
306,1196,6.53125,418,100,0,0,0,0,0,0,47,0,17
307,912,6.39286,358,100,0,0,0,0,0,0,45,0,11
308,904,6.2807,358,100,0,0,0,0,0,0,49,0,8
309,1256,6.36364,420,100,0,0,0,0,0,0,54,0,12
310,944,6.33333,342,100,0,0,0,0,0,0,45,0,9
311,1040,6.40678,378,100,0,0,0,0,0,0,47,0,12
312,1236,6.30508,372,100,0,0,0,0,0,0,50,0,9
313,1396,6.39344,390,100,0,0,0,0,0,0,49,0,12
314,1156,6.37736,338,100,0,0,0,0,0,0,43,0,10
315,1072,6.44828,374,100,0,0,0,0,0,0,45,0,13
316,1092,6.44068,380,100,0,0,0,0,0,0,46,0,13
317,1024,6.51613,404,100,0,0,0,0,0,0,46,0,16
318,932,6.5,390,100,0,0,0,0,0,0,45,0,15
319,1008,6.49231,422,100,0,0,0,0,0,0,49,0,16
320,932,6.51613,404,100,0,0,0,0,0,0,46,0,16
321,996,6.34921,400,100,0,0,0,0,0,0,52,0,11
322,800,6.09836,372,100,0,0,0,0,0,0,58,0,3
323,780,6.16129,382,100,0,0,0,0,0,0,57,0,5
324,784,6.1875,396,100,0,0,0,0,0,0,58,0,6
325,760,6.16129,382,100,0,0,0,0,0,0,57,0,5
326,900,6.16949,364,100,0,0,0,0,0,0,54,0,5
327,1040,6.12903,380,100,0,0,0,0,0,0,58,0,4
328,868,6.06154,394,100,0,0,0,0,0,0,63,0,2
329,836,6.09231,396,100,0,0,0,0,0,0,62,0,3
330,800,6.03448,350,100,0,0,0,0,0,0,57,0,1
331,968,6.05714,424,100,0,0,0,0,0,0,68,0,2
332,856,6.25397,394,100,0,0,0,0,0,0,55,0,8
333,784,6.03448,350,100,0,0,0,0,0,0,57,0,1
334,856,6.10526,348,100,0,0,0,0,0,0,54,0,3
335,1032,6.15152,406,100,0,0,0,0,0,0,61,0,5
336,880,6.19355,384,100,0,0,0,0,0,0,56,0,6
337,984,6.1194,410,100,0,0,0,0,0,0,63,0,4
338,856,6.12903,380,100,0,0,0,0,0,0,58,0,4
339,888,6.14545,338,100,0,0,0,0,0,0,51,0,4
340,876,6.2,372,100,0,0,0,0,0,0,54,0,6
341,972,6.19672,378,100,0,0,0,0,0,0,55,0,6
342,952,6.27119,370,100,0,0,0,0,0,0,51,0,8
343,928,6.16129,382,100,0,0,0,0,0,0,57,0,5
344,924,6.13559,362,100,0,0,0,0,0,0,55,0,4
345,752,6.11321,324,100,0,0,0,0,0,0,50,0,3
346,940,6.12308,398,100,0,0,0,0,0,0,61,0,4
347,856,6.10169,360,100,0,0,0,0,0,0,56,0,3
348,872,6.10169,360,100,0,0,0,0,0,0,56,0,3
349,1032,6.13115,374,100,0,0,0,0,0,0,57,0,4
350,964,6.03333,362,100,0,0,0,0,0,0,59,0,1
351,1072,6.22951,380,100,0,0,0,0,0,0,54,0,7
352,1084,6.17544,352,100,0,0,0,0,0,0,52,0,5
353,940,6.17857,346,100,0,0,0,0,0,0,51,0,5
354,1048,6.13333,368,100,0,0,0,0,0,0,56,0,4
355,1016,6.07273,334,100,0,0,0,0,0,0,53,0,2
356,1056,6.24138,362,100,0,0,0,0,0,0,51,0,7
357,972,6.16667,370,100,0,0,0,0,0,0,55,0,5
358,1064,6.15873,388,100,0,0,0,0,0,0,58,0,5
359,1152,6.24138,362,100,0,0,0,0,0,0,51,0,7
360,1344,6.26667,376,100,0,0,0,0,0,0,52,0,8
361,1100,6.18182,340,100,0,0,0,0,0,0,50,0,5
362,1136,6.23333,374,100,0,0,0,0,0,0,53,0,7
363,1080,6.16949,364,100,0,0,0,0,0,0,54,0,5
364,1196,6.20339,366,100,0,0,0,0,0,0,53,0,6
365,964,6.24561,356,100,0,0,0,0,0,0,50,0,7
366,864,6.16129,382,100,0,0,0,0,0,0,57,0,5
367,836,6.16949,364,100,0,0,0,0,0,0,54,0,5
368,976,6.22222,392,100,0,0,0,0,0,0,56,0,7
369,956,6.16667,370,100,0,0,0,0,0,0,55,0,5
370,972,6.18462,402,100,0,0,0,0,0,0,59,0,6
371,984,6.28125,402,100,0,0,0,0,0,0,55,0,9
372,900,6.20339,366,100,0,0,0,0,0,0,53,0,6
373,952,6.16949,364,100,0,0,0,0,0,0,54,0,5
374,1156,6.22581,386,100,0,0,0,0,0,0,55,0,7
375,1108,6.09836,372,100,0,0,0,0,0,0,58,0,3
376,1268,6.05882,412,100,0,0,0,0,0,0,66,0,2
377,1204,6.12308,398,100,0,0,0,0,0,0,61,0,4
378,1256,6.16393,376,100,0,0,0,0,0,0,56,0,5
379,1232,6.14035,350,100,0,0,0,0,0,0,53,0,4
380,1172,6.17241,358,100,0,0,0,0,0,0,53,0,5
381,1208,6.21053,354,100,0,0,0,0,0,0,51,0,6
382,1304,6.22581,386,100,0,0,0,0,0,0,55,0,7
383,1004,6.2,372,100,0,0,0,0,0,0,54,0,6
384,1060,6.34483,368,100,0,0,0,0,0,0,48,0,10
385,1024,6.09677,378,100,0,0,0,0,0,0,59,0,3
386,1036,6.2,372,100,0,0,0,0,0,0,54,0,6
387,876,6.16667,370,100,0,0,0,0,0,0,55,0,5
388,840,6.24138,362,100,0,0,0,0,0,0,51,0,7
389,948,6.26667,376,100,0,0,0,0,0,0,52,0,8
390,872,6.37931,370,100,0,0,0,0,0,0,47,0,11
391,1024,6.3125,404,100,0,0,0,0,0,0,54,0,10
392,916,6.33333,380,100,0,0,0,0,0,0,50,0,10
393,964,6.22951,380,100,0,0,0,0,0,0,54,0,7
394,1176,6.20896,416,100,0,0,0,0,0,0,60,0,7
395,952,6.19355,384,100,0,0,0,0,0,0,56,0,6
396,1000,6.22581,386,100,0,0,0,0,0,0,55,0,7
397,1076,6.23729,368,100,0,0,0,0,0,0,52,0,7
398,1140,6.23333,374,100,0,0,0,0,0,0,53,0,7
399,1044,6.39344,390,100,0,0,0,0,0,0,49,0,12
400,1036,6.46667,388,100,0,0,0,0,0,0,46,0,14
401,1036,6.25397,394,100,0,0,0,0,0,0,55,0,8
402,1012,6.29508,384,100,0,0,0,0,0,0,52,0,9
403,936,6.28125,402,100,0,0,0,0,0,0,55,0,9
404,868,6.23729,368,100,0,0,0,0,0,0,52,0,7
405,1052,6.38095,402,100,0,0,0,0,0,0,51,0,12
406,1156,6.22951,380,100,0,0,0,0,0,0,54,0,7
407,1148,6.31579,360,100,0,0,0,0,0,0,48,0,9
408,1064,6.36066,388,100,0,0,0,0,0,0,50,0,11
409,1068,6.26667,376,100,0,0,0,0,0,0,52,0,8
410,896,6.29091,346,100,0,0,0,0,0,0,47,0,8
411,1152,6.28571,396,100,0,0,0,0,0,0,54,0,9
412,1120,6.16393,376,100,0,0,0,0,0,0,56,0,5
413,1064,6.12698,386,100,0,0,0,0,0,0,59,0,4
414,960,6.13559,362,100,0,0,0,0,0,0,55,0,4
415,996,6.18519,334,100,0,0,0,0,0,0,49,0,5
416,1208,6.12903,380,100,0,0,0,0,0,0,58,0,4
417,944,6.06897,352,100,0,0,0,0,0,0,56,0,2
418,1132,6.03279,368,100,0,0,0,0,0,0,60,0,1
419,1340,6.0625,388,100,0,0,0,0,0,0,62,0,2
420,1400,6.13559,362,100,0,0,0,0,0,0,55,0,4
421,1088,6.07143,340,100,0,0,0,0,0,0,54,0,2
422,1300,6.14035,350,100,0,0,0,0,0,0,53,0,4
423,1180,6.18182,340,100,0,0,0,0,0,0,50,0,5
424,1036,6.11111,330,100,0,0,0,0,0,0,51,0,3
425,1124,6.13793,356,100,0,0,0,0,0,0,54,0,4
426,1248,6.1,366,100,0,0,0,0,0,0,57,0,3
427,1212,6.16949,364,100,0,0,0,0,0,0,54,0,5
428,1132,6.14815,332,100,0,0,0,0,0,0,50,0,4
429,1164,6.16667,370,100,0,0,0,0,0,0,55,0,5
430,1092,6.18182,340,100,0,0,0,0,0,0,50,0,5
431,1148,6.21818,342,100,0,0,0,0,0,0,49,0,6
432,1180,6.21818,342,100,0,0,0,0,0,0,49,0,6
433,1392,6.16393,376,100,0,0,0,0,0,0,56,0,5
434,1388,6.12903,380,100,0,0,0,0,0,0,58,0,4
435,1040,6.18182,340,100,0,0,0,0,0,0,50,0,5
436,1088,6.21818,342,100,0,0,0,0,0,0,49,0,6
437,1228,6.10345,354,100,0,0,0,0,0,0,55,0,3
438,1124,6.17857,346,100,0,0,0,0,0,0,51,0,5
439,1144,6.10345,354,100,0,0,0,0,0,0,55,0,3
440,976,6.03175,380,100,0,0,0,0,0,0,62,0,1
441,864,6.12903,380,100,0,0,0,0,0,0,58,0,4
442,980,6.13115,374,100,0,0,0,0,0,0,57,0,4
443,1072,6.29032,390,100,0,0,0,0,0,0,53,0,9
444,1192,6.22581,386,100,0,0,0,0,0,0,55,0,7
445,1196,6.22581,386,100,0,0,0,0,0,0,55,0,7
446,1468,6.19672,378,100,0,0,0,0,0,0,55,0,6
447,1328,6.35088,362,100,0,0,0,0,0,0,47,0,10
448,1276,6.37288,376,100,0,0,0,0,0,0,48,0,11
449,1216,6.35714,356,100,0,0,0,0,0,0,46,0,10
450,1156,6.35088,362,100,0,0,0,0,0,0,47,0,10
451,1096,6.18519,334,100,0,0,0,0,0,0,49,0,5
452,1204,6.25926,338,100,0,0,0,0,0,0,47,0,7
453,1348,6.24561,356,100,0,0,0,0,0,0,50,0,7
454,1636,6.29032,390,100,0,0,0,0,0,0,53,0,9
455,1492,6.2963,340,100,0,0,0,0,0,0,46,0,8
456,1496,6.22951,380,100,0,0,0,0,0,0,54,0,7
457,1496,6.28571,352,100,0,0,0,0,0,0,48,0,8
458,1680,6.33333,380,100,0,0,0,0,0,0,50,0,10
459,1932,6.27119,370,100,0,0,0,0,0,0,51,0,8
460,1892,6.35088,362,100,0,0,0,0,0,0,47,0,10
461,2180,6.19608,316,100,0,0,0,0,0,0,46,0,5
462,2348,6.29091,346,100,0,0,0,0,0,0,47,0,8
463,2548,6.34615,330,100,0,0,0,0,0,0,43,0,9
464,2156,6.28571,352,100,0,0,0,0,0,0,48,0,8
465,2132,6.33898,374,100,0,0,0,0,0,0,49,0,10
466,2328,6.32727,348,100,0,0,0,0,0,0,46,0,9
467,1764,6.47059,330,100,0,0,0,0,0,0,39,0,12
468,1884,6.37037,344,100,0,0,0,0,0,0,44,0,10
469,2032,6.2963,340,100,0,0,0,0,0,0,46,0,8
470,2220,6.32258,392,100,0,0,0,0,0,0,52,0,10
471,1548,6.40625,410,100,0,0,0,0,0,0,51,0,13
472,1652,6.53968,412,100,0,0,0,0,0,0,46,0,17
473,1604,6.24138,362,100,0,0,0,0,0,0,51,0,7
474,1584,6.17241,358,100,0,0,0,0,0,0,53,0,5
475,1484,6.24138,362,100,0,0,0,0,0,0,51,0,7
476,1416,6.22581,386,100,0,0,0,0,0,0,55,0,7
477,1404,6.42623,392,100,0,0,0,0,0,0,48,0,13
478,1292,6.33846,412,100,0,0,0,0,0,0,54,0,11
479,1340,6.29032,390,100,0,0,0,0,0,0,53,0,9
480,1428,6.30508,372,100,0,0,0,0,0,0,50,0,9
481,1192,6.33333,342,100,0,0,0,0,0,0,45,0,9
482,1296,6.21818,342,100,0,0,0,0,0,0,49,0,6
483,1292,6.45283,342,100,0,0,0,0,0,0,41,0,12
484,1552,6.25926,338,100,0,0,0,0,0,0,47,0,7
485,1404,6.22642,330,100,0,0,0,0,0,0,47,0,6
486,1444,6.27586,364,100,0,0,0,0,0,0,50,0,8
487,1368,6.14286,344,100,0,0,0,0,0,0,52,0,4
488,1596,6.27586,364,100,0,0,0,0,0,0,50,0,8
489,1552,6.20339,366,100,0,0,0,0,0,0,53,0,6
490,1484,6.32143,354,100,0,0,0,0,0,0,47,0,9
491,1624,6.32143,354,100,0,0,0,0,0,0,47,0,9
492,1712,6.23333,374,100,0,0,0,0,0,0,53,0,7
493,1960,6.23729,368,100,0,0,0,0,0,0,52,0,7
494,1724,6.22581,386,100,0,0,0,0,0,0,55,0,7
495,1792,6.2069,360,100,0,0,0,0,0,0,52,0,6
496,1776,6.17544,352,100,0,0,0,0,0,0,52,0,5
497,1916,6.2623,382,100,0,0,0,0,0,0,53,0,8
498,1136,6.29032,390,100,0,0,0,0,0,0,53,0,9
499,1280,6.375,408,100,0,0,0,0,0,0,52,0,12
500,924,6.40678,378,100,0,0,0,0,0,0,47,0,12
501,908,6.22581,386,100,0,0,0,0,0,0,55,0,7
502,984,6.2,372,100,0,0,0,0,0,0,54,0,6
503,844,6.14035,350,100,0,0,0,0,0,0,53,0,4
504,960,6.17857,346,100,0,0,0,0,0,0,51,0,5
505,940,6.25,350,100,0,0,0,0,0,0,49,0,7
506,1184,6.28571,352,100,0,0,0,0,0,0,48,0,8
507,968,6.25926,338,100,0,0,0,0,0,0,47,0,7
508,972,6.25455,344,100,0,0,0,0,0,0,48,0,7
509,912,6.25,350,100,0,0,0,0,0,0,49,0,7
510,952,6.32143,354,100,0,0,0,0,0,0,47,0,9
511,1040,6.23333,374,100,0,0,0,0,0,0,53,0,7
512,920,6.22222,336,100,0,0,0,0,0,0,48,0,6
513,1016,6.03636,332,100,0,0,0,0,0,0,54,0,1
514,1000,6,330,100,0,0,0,0,0,0,55,0,0
515,968,6.03509,344,100,0,0,0,0,0,0,56,0,1
516,1056,6.07547,322,100,0,0,0,0,0,0,51,0,2
517,972,6.03509,344,100,0,0,0,0,0,0,56,0,1
518,1076,6.03279,368,100,0,0,0,0,0,0,60,0,1
519,1168,6.0339,356,100,0,0,0,0,0,0,58,0,1
520,1172,6,330,100,0,0,0,0,0,0,55,0,0
521,1156,6,354,100,0,0,0,0,0,0,59,0,0
522,1048,6.0678,358,100,0,0,0,0,0,0,57,0,2
523,952,6.07547,322,100,0,0,0,0,0,0,51,0,2
524,1116,6,336,100,0,0,0,0,0,0,56,0,0
525,1020,6.0678,358,100,0,0,0,0,0,0,57,0,2
526,936,6.07273,334,100,0,0,0,0,0,0,53,0,2
527,900,6.10526,348,100,0,0,0,0,0,0,54,0,3
528,1000,6.12903,380,100,0,0,0,0,0,0,58,0,4
529,888,6.1,366,100,0,0,0,0,0,0,57,0,3
530,972,6.16393,376,100,0,0,0,0,0,0,56,0,5
531,944,6.14545,338,100,0,0,0,0,0,0,51,0,4
532,904,6.10169,360,100,0,0,0,0,0,0,56,0,3
533,864,6.07273,334,100,0,0,0,0,0,0,53,0,2
534,888,6.07273,334,100,0,0,0,0,0,0,53,0,2
535,988,6.13793,356,100,0,0,0,0,0,0,54,0,4
536,996,6.16129,382,100,0,0,0,0,0,0,57,0,5
537,964,6.06349,382,100,0,0,0,0,0,0,61,0,2
538,944,6.10169,360,100,0,0,0,0,0,0,56,0,3
539,1140,6.05882,412,100,0,0,0,0,0,0,66,0,2
540,928,6.17742,383,100,0,0,0,0,0,0,56,1,5
541,940,6.13115,374,100,0,0,0,0,0,0,57,0,4
542,888,6.14035,350,100,0,0,0,0,0,0,53,0,4
543,904,6.03448,350,100,0,0,0,0,0,0,57,0,1
544,888,6.11321,324,100,0,0,0,0,0,0,50,0,3
545,772,6.03636,332,100,0,0,0,0,0,0,54,0,1
546,876,6.17857,346,100,0,0,0,0,0,0,51,0,5
547,832,6.18868,328,100,0,0,0,0,0,0,48,0,5
548,964,6.17241,358,100,0,0,0,0,0,0,53,0,5
549,932,6.09677,378,100,0,0,0,0,0,0,59,0,3
550,900,6.06452,376,100,0,0,0,0,0,0,60,0,2
551,828,6.12308,398,100,0,0,0,0,0,0,61,0,4
552,792,6.09677,378,100,0,0,0,0,0,0,59,0,3
553,888,6.0625,388,100,0,0,0,0,0,0,62,0,2
554,868,6.07018,346,100,0,0,0,0,0,0,55,0,2
555,772,6,366,100,0,0,0,0,0,0,61,0,0
556,940,6.16667,370,100,0,0,0,0,0,0,55,0,5
557,1088,6.09836,372,100,0,0,0,0,0,0,58,0,3
558,1088,6,360,100,0,0,0,0,0,0,60,0,0
559,1200,6.07143,340,100,0,0,0,0,0,0,54,0,2
560,1232,6.07547,322,100,0,0,0,0,0,0,51,0,2
561,1104,6.03704,326,100,0,0,0,0,0,0,53,0,1
562,1116,6.07547,322,100,0,0,0,0,0,0,51,0,2
563,1032,6.14545,338,100,0,0,0,0,0,0,51,0,4
564,1192,6.13793,356,100,0,0,0,0,0,0,54,0,4
565,912,6.15686,314,100,0,0,0,0,0,0,47,0,4
566,1076,6.20339,366,100,0,0,0,0,0,0,53,0,6
567,1284,6.28571,352,100,0,0,0,0,0,0,48,0,8
568,1184,6.22951,380,100,0,0,0,0,0,0,54,0,7
569,1204,6.33333,380,100,0,0,0,0,0,0,50,0,10
570,1092,6.23333,374,100,0,0,0,0,0,0,53,0,7
571,1016,6.30508,372,100,0,0,0,0,0,0,50,0,9
572,1064,6.23333,374,100,0,0,0,0,0,0,53,0,7
573,1048,6.16129,382,100,0,0,0,0,0,0,57,0,5
574,1080,6.125,392,100,0,0,0,0,0,0,60,0,4
575,1184,6.03226,374,100,0,0,0,0,0,0,61,0,1
576,1188,6.03226,374,100,0,0,0,0,0,0,61,0,1
577,1200,6.10714,342,100,0,0,0,0,0,0,53,0,3
578,1296,6.16129,382,100,0,0,0,0,0,0,57,0,5
579,1028,6.14815,332,100,0,0,0,0,0,0,50,0,4
580,1164,6.10169,360,100,0,0,0,0,0,0,56,0,3
581,1308,6.03279,368,100,0,0,0,0,0,0,60,0,1
582,1624,6,354,100,0,0,0,0,0,0,59,0,0
583,1588,6.06667,364,100,0,0,0,0,0,0,58,0,2
584,1512,6.03448,350,100,0,0,0,0,0,0,57,0,1
585,1336,6.0678,358,100,0,0,0,0,0,0,57,0,2
586,1088,6.07273,334,100,0,0,0,0,0,0,53,0,2
587,1084,6.03636,332,100,0,0,0,0,0,0,54,0,1
588,1116,6.03226,374,100,0,0,0,0,0,0,61,0,1
589,1156,6.1,366,100,0,0,0,0,0,0,57,0,3
590,1240,6.10345,354,100,0,0,0,0,0,0,55,0,3
591,1140,6.06667,364,100,0,0,0,0,0,0,58,0,2
592,1056,6.09836,372,100,0,0,0,0,0,0,58,0,3
593,1012,6.09677,378,100,0,0,0,0,0,0,59,0,3
594,1016,6.15385,400,100,0,0,0,0,0,0,60,0,5
595,1072,6.06557,370,100,0,0,0,0,0,0,59,0,2
596,1404,6.09524,384,100,0,0,0,0,0,0,60,0,3
597,1208,6.12698,386,100,0,0,0,0,0,0,59,0,4
598,1268,6.06061,400,100,0,0,0,0,0,0,64,0,2
599,1112,6.06667,364,100,0,0,0,0,0,0,58,0,2
600,1288,6.03333,362,100,0,0,0,0,0,0,59,0,1
601,1320,6,372,100,0,0,0,0,0,0,62,0,0
602,1172,6.06897,352,100,0,0,0,0,0,0,56,0,2
603,1088,6.03333,362,100,0,0,0,0,0,0,59,0,1
604,1052,6,348,100,0,0,0,0,0,0,58,0,0
605,1208,6,366,100,0,0,0,0,0,0,61,0,0
606,1200,6,372,100,0,0,0,0,0,0,62,0,0
607,1120,6,366,100,0,0,0,0,0,0,61,0,0
608,1116,6,360,100,0,0,0,0,0,0,60,0,0
609,1128,6.0339,356,100,0,0,0,0,0,0,58,0,1
610,1204,6,360,100,0,0,0,0,0,0,60,0,0
611,1276,6,366,100,0,0,0,0,0,0,61,0,0
612,1004,6,354,100,0,0,0,0,0,0,59,0,0
613,1024,6.03448,350,100,0,0,0,0,0,0,57,0,1
614,1104,6,348,100,0,0,0,0,0,0,58,0,0
615,964,6,366,100,0,0,0,0,0,0,61,0,0
616,1180,6,366,100,0,0,0,0,0,0,61,0,0
617,916,6.03636,332,100,0,0,0,0,0,0,54,0,1
618,1232,6.0303,398,100,0,0,0,0,0,0,65,0,1
619,1092,6.03333,362,100,0,0,0,0,0,0,59,0,1
620,1160,6.10169,360,100,0,0,0,0,0,0,56,0,3
621,964,6,348,100,0,0,0,0,0,0,58,0,0
622,1076,6.0678,358,100,0,0,0,0,0,0,57,0,2
623,1116,6.03226,374,100,0,0,0,0,0,0,61,0,1
624,1040,6.0678,358,100,0,0,0,0,0,0,57,0,2
625,1148,6.06557,370,100,0,0,0,0,0,0,59,0,2
626,1024,6.06897,352,100,0,0,0,0,0,0,56,0,2
627,1208,6.09836,372,100,0,0,0,0,0,0,58,0,3
628,1080,6.09677,378,100,0,0,0,0,0,0,59,0,3
629,1104,6.06349,382,100,0,0,0,0,0,0,61,0,2
630,1132,6.0678,358,100,0,0,0,0,0,0,57,0,2
631,1280,6.0625,388,100,0,0,0,0,0,0,62,0,2
632,1368,6.12698,386,100,0,0,0,0,0,0,59,0,4
633,1412,6.06897,352,100,0,0,0,0,0,0,56,0,2
634,1272,6.10909,336,100,0,0,0,0,0,0,52,0,3
635,1668,6.05797,418,100,0,0,0,0,0,0,67,0,2
636,1384,6.10169,360,100,0,0,0,0,0,0,56,0,3
637,1428,6.06897,352,100,0,0,0,0,0,0,56,0,2
638,1068,6.10526,348,100,0,0,0,0,0,0,54,0,3
639,1164,6.06897,352,100,0,0,0,0,0,0,56,0,2
640,1132,6.07143,340,100,0,0,0,0,0,0,54,0,2
641,1032,6.10345,354,100,0,0,0,0,0,0,55,0,3
642,1056,6.21053,354,100,0,0,0,0,0,0,51,0,6
643,936,6.21818,342,100,0,0,0,0,0,0,49,0,6
644,1112,6.22581,386,100,0,0,0,0,0,0,55,0,7
645,984,6.1,366,100,0,0,0,0,0,0,57,0,3
646,1072,6.09524,384,100,0,0,0,0,0,0,60,0,3
647,1124,6.18182,408,100,0,0,0,0,0,0,60,0,6
648,1144,6.06452,376,100,0,0,0,0,0,0,60,0,2
649,1052,6.06452,376,100,0,0,0,0,0,0,60,0,2
650,1052,6.06557,370,100,0,0,0,0,0,0,59,0,2
651,1280,6.09677,378,100,0,0,0,0,0,0,59,0,3
652,1148,6.09677,378,100,0,0,0,0,0,0,59,0,3
653,1264,6.03571,338,100,0,0,0,0,0,0,55,0,1
654,788,6,342,100,0,0,0,0,0,0,57,0,0
655,824,6.03448,350,100,0,0,0,0,0,0,57,0,1
656,912,6,360,100,0,0,0,0,0,0,60,0,0
657,1012,6,372,100,0,0,0,0,0,0,62,0,0
658,888,6,378,100,0,0,0,0,0,0,63,0,0
659,852,6,372,100,0,0,0,0,0,0,62,0,0
660,832,6,354,100,0,0,0,0,0,0,59,0,0
661,840,6.03279,368,100,0,0,0,0,0,0,60,0,1
662,788,6.07273,334,100,0,0,0,0,0,0,53,0,2
663,844,6,354,100,0,0,0,0,0,0,59,0,0
664,880,6.03279,368,100,0,0,0,0,0,0,60,0,1
665,916,6.13559,362,100,0,0,0,0,0,0,55,0,4
666,1044,6.13333,368,100,0,0,0,0,0,0,56,0,4
667,1048,6.13559,362,100,0,0,0,0,0,0,55,0,4
668,1056,6.13333,368,100,0,0,0,0,0,0,56,0,4
669,1004,6.07547,322,100,0,0,0,0,0,0,51,0,2
670,1060,6.03509,344,100,0,0,0,0,0,0,56,0,1
671,1132,6.03509,344,100,0,0,0,0,0,0,56,0,1
672,864,6.03333,362,100,0,0,0,0,0,0,59,0,1
673,940,6,360,100,0,0,0,0,0,0,60,0,0
674,916,6.03509,344,100,0,0,0,0,0,0,56,0,1
675,1004,6.03333,362,100,0,0,0,0,0,0,59,0,1
676,784,6.03774,320,100,0,0,0,0,0,0,52,0,1
677,984,6.07143,340,100,0,0,0,0,0,0,54,0,2
678,816,6.07407,328,100,0,0,0,0,0,0,52,0,2
679,936,6.03333,362,100,0,0,0,0,0,0,59,0,1
680,1080,6.06349,382,100,0,0,0,0,0,0,61,0,2
681,1044,6.06452,376,100,0,0,0,0,0,0,60,0,2
682,1044,6.09836,372,100,0,0,0,0,0,0,58,0,3
683,944,6.09836,372,100,0,0,0,0,0,0,58,0,3
684,1044,6.06452,376,100,0,0,0,0,0,0,60,0,2
685,1060,6.06349,382,100,0,0,0,0,0,0,61,0,2
686,920,6.06667,364,100,0,0,0,0,0,0,58,0,2
687,1048,6.03333,362,100,0,0,0,0,0,0,59,0,1
688,1064,6.06667,364,100,0,0,0,0,0,0,58,0,2
689,912,6.03333,362,100,0,0,0,0,0,0,59,0,1
690,1040,6.08955,408,100,0,0,0,0,0,0,64,0,3
691,1000,6.13115,374,100,0,0,0,0,0,0,57,0,4
692,1004,6.12308,398,100,0,0,0,0,0,0,61,0,4
693,928,6.03125,386,100,0,0,0,0,0,0,63,0,1
694,1008,6.09836,372,100,0,0,0,0,0,0,58,0,3
695,872,6.09231,396,100,0,0,0,0,0,0,62,0,3
696,876,6.03175,380,100,0,0,0,0,0,0,62,0,1
697,960,6.09524,384,100,0,0,0,0,0,0,60,0,3
698,980,6.125,392,100,0,0,0,0,0,0,60,0,4
699,1100,6.125,392,100,0,0,0,0,0,0,60,0,4
700,1184,6.15385,400,100,0,0,0,0,0,0,60,0,5
701,1020,6.19672,378,100,0,0,0,0,0,0,55,0,6
702,1132,6.06452,376,100,0,0,0,0,0,0,60,0,2
703,1224,6.06349,382,100,0,0,0,0,0,0,61,0,2
704,1260,6.10345,354,100,0,0,0,0,0,0,55,0,3
705,984,6.14035,350,100,0,0,0,0,0,0,53,0,4
706,1088,6.13333,368,100,0,0,0,0,0,0,56,0,4
707,1324,6.13115,374,100,0,0,0,0,0,0,57,0,4
708,1356,6.09231,396,100,0,0,0,0,0,0,62,0,3
709,1268,6.2069,360,100,0,0,0,0,0,0,52,0,6
710,1004,6.06897,352,100,0,0,0,0,0,0,56,0,2
711,1260,6.03226,374,100,0,0,0,0,0,0,61,0,1
712,1196,6.06897,352,100,0,0,0,0,0,0,56,0,2
713,1204,6.0339,356,100,0,0,0,0,0,0,58,0,1
714,1164,6.09836,372,100,0,0,0,0,0,0,58,0,3
715,980,6.06452,376,100,0,0,0,0,0,0,60,0,2
716,1024,6.09524,384,100,0,0,0,0,0,0,60,0,3
717,1008,6.06557,370,100,0,0,0,0,0,0,59,0,2
718,932,6.06667,364,100,0,0,0,0,0,0,58,0,2
719,1164,6.06557,370,100,0,0,0,0,0,0,59,0,2
720,1060,6.13793,356,100,0,0,0,0,0,0,54,0,4
721,944,6.10714,342,100,0,0,0,0,0,0,53,0,3
722,1136,6.06667,364,100,0,0,0,0,0,0,58,0,2
723,1132,6.09375,390,100,0,0,0,0,0,0,61,0,3
724,1068,6.09677,378,100,0,0,0,0,0,0,59,0,3
725,1048,6,366,100,0,0,0,0,0,0,61,0,0
726,1124,6.12903,380,100,0,0,0,0,0,0,58,0,4
727,948,6.13793,356,100,0,0,0,0,0,0,54,0,4
728,896,6.20339,366,100,0,0,0,0,0,0,53,0,6
729,1132,6.19672,378,100,0,0,0,0,0,0,55,0,6
730,1084,6.10714,342,100,0,0,0,0,0,0,53,0,3
731,1160,6.16949,364,100,0,0,0,0,0,0,54,0,5
732,1188,6.13559,362,100,0,0,0,0,0,0,55,0,4
733,1108,6.03636,332,100,0,0,0,0,0,0,54,0,1
734,944,6.1,366,100,0,0,0,0,0,0,57,0,3
735,1188,6.09836,372,100,0,0,0,0,0,0,58,0,3
736,1212,6.10169,360,100,0,0,0,0,0,0,56,0,3
737,1184,6.10169,360,100,0,0,0,0,0,0,56,0,3
738,1200,6.03279,368,100,0,0,0,0,0,0,60,0,1
739,1116,6.03175,380,100,0,0,0,0,0,0,62,0,1
740,1116,6.03226,374,100,0,0,0,0,0,0,61,0,1
741,1268,6.06667,364,100,0,0,0,0,0,0,58,0,2
742,1172,6.03448,350,100,0,0,0,0,0,0,57,0,1
743,1144,6.03333,362,100,0,0,0,0,0,0,59,0,1
744,1076,6.06897,352,100,0,0,0,0,0,0,56,0,2
745,1076,6.07407,328,100,0,0,0,0,0,0,52,0,2
746,1084,6.03704,326,100,0,0,0,0,0,0,53,0,1
747,1132,6,360,100,0,0,0,0,0,0,60,0,0
748,1188,6,378,100,0,0,0,0,0,0,63,0,0
749,1144,6.03279,368,100,0,0,0,0,0,0,60,0,1
750,1168,6.0678,358,100,0,0,0,0,0,0,57,0,2
751,1196,6,348,100,0,0,0,0,0,0,58,0,0
752,1072,6.07407,328,100,0,0,0,0,0,0,52,0,2
753,1204,6.06897,352,100,0,0,0,0,0,0,56,0,2
754,1336,6.06897,352,100,0,0,0,0,0,0,56,0,2
755,964,6.07407,328,100,0,0,0,0,0,0,52,0,2
756,1096,6.03509,344,100,0,0,0,0,0,0,56,0,1
757,1128,6,366,100,0,0,0,0,0,0,61,0,0
758,1008,6,342,100,0,0,0,0,0,0,57,0,0
759,892,6.03448,350,100,0,0,0,0,0,0,57,0,1
760,984,6.03175,380,100,0,0,0,0,0,0,62,0,1
761,880,6.06557,370,100,0,0,0,0,0,0,59,0,2
762,816,6.09836,372,100,0,0,0,0,0,0,58,0,3
763,848,6.13559,362,100,0,0,0,0,0,0,55,0,4
764,852,6.06897,352,100,0,0,0,0,0,0,56,0,2
765,932,6.06452,376,100,0,0,0,0,0,0,60,0,2
766,912,6.17241,358,100,0,0,0,0,0,0,53,0,5
767,780,6.10345,354,100,0,0,0,0,0,0,55,0,3
768,900,6.16393,376,100,0,0,0,0,0,0,56,0,5
769,992,6.13115,374,100,0,0,0,0,0,0,57,0,4
770,788,6.11538,318,100,0,0,0,0,0,0,49,0,3
771,988,6.17544,352,100,0,0,0,0,0,0,52,0,5
772,916,6.16393,376,100,0,0,0,0,0,0,56,0,5
773,840,6.03279,368,100,0,0,0,0,0,0,60,0,1
774,1008,6.09091,402,100,0,0,0,0,0,0,63,0,3
775,1000,6.09091,402,100,0,0,0,0,0,0,63,0,3
776,1032,6.15873,388,100,0,0,0,0,0,0,58,0,5
777,1032,6.09375,390,100,0,0,0,0,0,0,61,0,3
778,1044,6.0625,388,100,0,0,0,0,0,0,62,0,2
779,924,6.09524,384,100,0,0,0,0,0,0,60,0,3
780,948,6.03279,368,100,0,0,0,0,0,0,60,0,1
781,1004,6.03077,392,100,0,0,0,0,0,0,64,0,1
782,1068,6,354,100,0,0,0,0,0,0,59,0,0
783,960,6,348,100,0,0,0,0,0,0,58,0,0
784,1080,6,342,100,0,0,0,0,0,0,57,0,0
785,1156,6.03279,368,100,0,0,0,0,0,0,60,0,1
786,1040,6.06667,364,100,0,0,0,0,0,0,58,0,2
787,1112,6.03226,374,100,0,0,0,0,0,0,61,0,1
788,1444,6.09524,384,100,0,0,0,0,0,0,60,0,3
789,1532,6.10345,354,100,0,0,0,0,0,0,55,0,3
790,1508,6.09836,372,100,0,0,0,0,0,0,58,0,3
791,1424,6.13115,374,100,0,0,0,0,0,0,57,0,4
792,1340,6.14286,344,100,0,0,0,0,0,0,52,0,4
793,1072,6.10714,342,100,0,0,0,0,0,0,53,0,3
794,1056,6.10526,348,100,0,0,0,0,0,0,54,0,3
795,1144,6.22581,386,100,0,0,0,0,0,0,55,0,7
796,1152,6.16949,364,100,0,0,0,0,0,0,54,0,5
797,1160,6.17857,346,100,0,0,0,0,0,0,51,0,5
798,1116,6.15094,326,100,0,0,0,0,0,0,49,0,4
799,1328,6.125,392,100,0,0,0,0,0,0,60,0,4
800,1240,6.0678,358,100,0,0,0,0,0,0,57,0,2
801,1348,6.06897,352,100,0,0,0,0,0,0,56,0,2
802,1384,6.10169,360,100,0,0,0,0,0,0,56,0,3
803,1340,6.14545,338,100,0,0,0,0,0,0,51,0,4
804,1156,6.14815,332,100,0,0,0,0,0,0,50,0,4
805,1212,6.06667,364,100,0,0,0,0,0,0,58,0,2
806,1220,6.03448,350,100,0,0,0,0,0,0,57,0,1
807,1268,6.03448,350,100,0,0,0,0,0,0,57,0,1
808,1304,6.03571,338,100,0,0,0,0,0,0,55,0,1
809,1300,6.0339,356,100,0,0,0,0,0,0,58,0,1
810,1212,6.1,366,100,0,0,0,0,0,0,57,0,3
811,1208,6.06557,370,100,0,0,0,0,0,0,59,0,2
812,1256,6.10526,348,100,0,0,0,0,0,0,54,0,3
813,1264,6.06667,364,100,0,0,0,0,0,0,58,0,2
814,1144,6.09375,390,100,0,0,0,0,0,0,61,0,3
815,1276,6.12121,404,100,0,0,0,0,0,0,62,0,4
816,1136,6.03279,368,100,0,0,0,0,0,0,60,0,1
817,1408,6.06154,394,100,0,0,0,0,0,0,63,0,2
818,1360,6.1,366,100,0,0,0,0,0,0,57,0,3
819,1356,6.03125,386,100,0,0,0,0,0,0,63,0,1
820,1444,6.09231,396,100,0,0,0,0,0,0,62,0,3
821,1652,6.15152,406,100,0,0,0,0,0,0,61,0,5
822,1756,6.09524,384,100,0,0,0,0,0,0,60,0,3
823,1456,6.06667,364,100,0,0,0,0,0,0,58,0,2
824,1344,6.09231,396,100,0,0,0,0,0,0,62,0,3
825,1308,6.06349,382,100,0,0,0,0,0,0,61,0,2
826,1320,6.12698,386,100,0,0,0,0,0,0,59,0,4
827,1400,6.06557,370,100,0,0,0,0,0,0,59,0,2
828,1272,6.12903,380,100,0,0,0,0,0,0,58,0,4
829,1256,6.07273,334,100,0,0,0,0,0,0,53,0,2
830,1492,6,384,100,0,0,0,0,0,0,64,0,0
831,1512,6.06557,370,100,0,0,0,0,0,0,59,0,2
832,1228,6.12903,380,100,0,0,0,0,0,0,58,0,4
833,1260,6.03333,362,100,0,0,0,0,0,0,59,0,1
834,1176,6.11111,330,100,0,0,0,0,0,0,51,0,3
835,1192,6.1,366,100,0,0,0,0,0,0,57,0,3
836,1156,6.06557,370,100,0,0,0,0,0,0,59,0,2
837,1248,6.0678,358,100,0,0,0,0,0,0,57,0,2
838,1180,6.13115,374,100,0,0,0,0,0,0,57,0,4
839,1220,6.0625,388,100,0,0,0,0,0,0,62,0,2
840,1112,6.06349,382,100,0,0,0,0,0,0,61,0,2
841,1168,6.10714,342,100,0,0,0,0,0,0,53,0,3
842,1488,6.12698,386,100,0,0,0,0,0,0,59,0,4
843,1340,6.03448,350,100,0,0,0,0,0,0,57,0,1
844,1400,6,336,100,0,0,0,0,0,0,56,0,0
845,1420,6.07407,328,100,0,0,0,0,0,0,52,0,2
846,1660,6.06452,376,100,0,0,0,0,0,0,60,0,2
847,1820,6.06667,364,100,0,0,0,0,0,0,58,0,2
848,1932,6.06667,364,100,0,0,0,0,0,0,58,0,2
849,1944,6.06557,370,100,0,0,0,0,0,0,59,0,2
850,1404,6.03636,332,100,0,0,0,0,0,0,54,0,1
851,912,6.03448,350,100,0,0,0,0,0,0,57,0,1
852,1184,6.16393,376,100,0,0,0,0,0,0,56,0,5
853,1048,6.14545,338,100,0,0,0,0,0,0,51,0,4
854,1124,6.16129,382,100,0,0,0,0,0,0,57,0,5
855,1092,6.16129,382,100,0,0,0,0,0,0,57,0,5
856,1072,6.17857,346,100,0,0,0,0,0,0,51,0,5
857,1044,6.14286,344,100,0,0,0,0,0,0,52,0,4
858,1048,6.19672,378,100,0,0,0,0,0,0,55,0,6
859,1080,6.16393,376,100,0,0,0,0,0,0,56,0,5
860,996,6.10526,348,100,0,0,0,0,0,0,54,0,3
861,1080,6.10345,354,100,0,0,0,0,0,0,55,0,3
862,1156,6.10909,336,100,0,0,0,0,0,0,52,0,3
863,1048,6.17241,358,100,0,0,0,0,0,0,53,0,5
864,1024,6.20339,366,100,0,0,0,0,0,0,53,0,6
865,1056,6.22222,392,100,0,0,0,0,0,0,56,0,7
866,1008,6.16667,370,100,0,0,0,0,0,0,55,0,5
867,1084,6.16667,370,100,0,0,0,0,0,0,55,0,5
868,1136,6.22581,386,100,0,0,0,0,0,0,55,0,7
869,1388,6.15152,406,100,0,0,0,0,0,0,61,0,5
870,1428,6.12698,386,100,0,0,0,0,0,0,59,0,4
871,1332,6.16393,376,100,0,0,0,0,0,0,56,0,5
872,1440,6.1,366,100,0,0,0,0,0,0,57,0,3
873,1584,6.03448,350,100,0,0,0,0,0,0,57,0,1
874,1520,6.03704,326,100,0,0,0,0,0,0,53,0,1
875,1708,6,324,100,0,0,0,0,0,0,54,0,0
876,1592,6.07547,322,100,0,0,0,0,0,0,51,0,2
877,1704,6.07143,340,100,0,0,0,0,0,0,54,0,2
878,1688,6.10714,342,100,0,0,0,0,0,0,53,0,3
879,1816,6.03175,380,100,0,0,0,0,0,0,62,0,1
880,1516,6.11111,330,100,0,0,0,0,0,0,51,0,3
881,1232,6.0339,356,100,0,0,0,0,0,0,58,0,1
882,1520,6.02941,410,100,0,0,0,0,0,0,67,0,1
883,1324,6.07018,346,100,0,0,0,0,0,0,55,0,2
884,1432,6.0678,358,100,0,0,0,0,0,0,57,0,2
885,1572,6.03333,362,100,0,0,0,0,0,0,59,0,1
886,1212,6,354,100,0,0,0,0,0,0,59,0,0
887,1308,6.03125,386,100,0,0,0,0,0,0,63,0,1
888,1528,6,360,100,0,0,0,0,0,0,60,0,0
889,1656,6,372,100,0,0,0,0,0,0,62,0,0
890,1580,6,396,100,0,0,0,0,0,0,66,0,0
891,1120,6.03636,332,100,0,0,0,0,0,0,54,0,1
892,1304,6,378,100,0,0,0,0,0,0,63,0,0
893,1492,6,384,100,0,0,0,0,0,0,64,0,0
894,1368,6,330,100,0,0,0,0,0,0,55,0,0
895,1264,6,366,100,0,0,0,0,0,0,61,0,0
896,1404,6,348,100,0,0,0,0,0,0,58,0,0
897,1224,6,354,100,0,0,0,0,0,0,59,0,0
898,1228,6.03448,350,100,0,0,0,0,0,0,57,0,1
899,1384,6.03175,380,100,0,0,0,0,0,0,62,0,1
900,1440,6.03175,380,100,0,0,0,0,0,0,62,0,1
901,1268,6,378,100,0,0,0,0,0,0,63,0,0
902,1244,6,360,100,0,0,0,0,0,0,60,0,0
903,1204,6,336,100,0,0,0,0,0,0,56,0,0
904,1036,6.03175,380,100,0,0,0,0,0,0,62,0,1
905,1004,6,348,100,0,0,0,0,0,0,58,0,0
906,1044,6,342,100,0,0,0,0,0,0,57,0,0
907,1096,6,336,100,0,0,0,0,0,0,56,0,0
908,1272,6,360,100,0,0,0,0,0,0,60,0,0
909,1192,6,360,100,0,0,0,0,0,0,60,0,0
910,1240,6,378,100,0,0,0,0,0,0,63,0,0
911,1364,6,360,100,0,0,0,0,0,0,60,0,0
912,1292,6,366,100,0,0,0,0,0,0,61,0,0
913,1320,6.0339,356,100,0,0,0,0,0,0,58,0,1
914,1276,6.06667,364,100,0,0,0,0,0,0,58,0,2
915,1292,6,348,100,0,0,0,0,0,0,58,0,0
916,1220,6.06667,364,100,0,0,0,0,0,0,58,0,2
917,1204,6.07547,322,100,0,0,0,0,0,0,51,0,2
918,1148,6,348,100,0,0,0,0,0,0,58,0,0
919,1244,6.03846,314,100,0,0,0,0,0,0,51,0,1
920,1300,6,312,100,0,0,0,0,0,0,52,0,0
921,1300,6.03571,338,100,0,0,0,0,0,0,55,0,1
922,1320,6.03571,338,100,0,0,0,0,0,0,55,0,1
923,1324,6.03226,374,100,0,0,0,0,0,0,61,0,1
924,1288,6.03333,362,100,0,0,0,0,0,0,59,0,1
925,1340,6.03704,326,100,0,0,0,0,0,0,53,0,1
926,1080,6.03448,350,100,0,0,0,0,0,0,57,0,1
927,1096,6.03571,338,100,0,0,0,0,0,0,55,0,1
928,1148,6.03509,344,100,0,0,0,0,0,0,56,0,1
929,1288,6.06667,364,100,0,0,0,0,0,0,58,0,2
930,924,6.07018,346,100,0,0,0,0,0,0,55,0,2
931,952,6.06897,352,100,0,0,0,0,0,0,56,0,2
932,1072,6.10526,348,100,0,0,0,0,0,0,54,0,3
933,1192,6.10714,342,100,0,0,0,0,0,0,53,0,3
934,1304,6.11765,312,100,0,0,0,0,0,0,48,0,3
935,1360,6.03571,338,100,0,0,0,0,0,0,55,0,1
936,1484,6.03077,392,100,0,0,0,0,0,0,64,0,1
937,1248,6.10714,342,100,0,0,0,0,0,0,53,0,3
938,1004,6.10714,342,100,0,0,0,0,0,0,53,0,3
939,1184,6.14286,344,100,0,0,0,0,0,0,52,0,4
940,1228,6.14286,344,100,0,0,0,0,0,0,52,0,4
941,1384,6.06349,382,100,0,0,0,0,0,0,61,0,2
942,1500,6.13333,368,100,0,0,0,0,0,0,56,0,4
943,1528,6.19048,390,100,0,0,0,0,0,0,57,0,6
944,1576,6.13333,368,100,0,0,0,0,0,0,56,0,4
945,1396,6.12903,380,100,0,0,0,0,0,0,58,0,4
946,1520,6.09836,372,100,0,0,0,0,0,0,58,0,3
947,1644,6.23333,374,100,0,0,0,0,0,0,53,0,7
948,1124,6.16949,364,100,0,0,0,0,0,0,54,0,5
949,1116,6.13115,374,100,0,0,0,0,0,0,57,0,4
950,1172,6.09375,390,100,0,0,0,0,0,0,61,0,3
951,1248,6.0625,388,100,0,0,0,0,0,0,62,0,2
952,1268,6.125,392,100,0,0,0,0,0,0,60,0,4
953,1292,6.13333,368,100,0,0,0,0,0,0,56,0,4
954,1364,6.13115,374,100,0,0,0,0,0,0,57,0,4
955,1276,6.05882,412,100,0,0,0,0,0,0,66,0,2
956,1424,6.10909,336,100,0,0,0,0,0,0,52,0,3
957,1536,6.13115,374,100,0,0,0,0,0,0,57,0,4
958,1788,6.06667,364,100,0,0,0,0,0,0,58,0,2
959,1584,6.14035,350,100,0,0,0,0,0,0,53,0,4
960,1800,6.14035,350,100,0,0,0,0,0,0,53,0,4
961,1768,6.10169,360,100,0,0,0,0,0,0,56,0,3
962,1476,6.13559,362,100,0,0,0,0,0,0,55,0,4
963,1464,6.06897,352,100,0,0,0,0,0,0,56,0,2
964,1392,6.06897,352,100,0,0,0,0,0,0,56,0,2
965,1624,6.10526,348,100,0,0,0,0,0,0,54,0,3
966,1376,6.04082,296,100,0,0,0,0,0,0,48,0,1
967,1500,6.03636,332,100,0,0,0,0,0,0,54,0,1
968,1708,6,312,100,0,0,0,0,0,0,52,0,0
969,1772,6,312,100,0,0,0,0,0,0,52,0,0
970,2160,6.03571,338,100,0,0,0,0,0,0,55,0,1
971,1984,6.07692,316,100,0,0,0,0,0,0,50,0,2
972,1800,6.12245,300,100,0,0,0,0,0,0,46,0,3
973,1296,6.14286,344,100,0,0,0,0,0,0,52,0,4
974,1252,6.10169,360,100,0,0,0,0,0,0,56,0,3
975,1296,6.06667,364,100,0,0,0,0,0,0,58,0,2
976,1320,6.06897,352,100,0,0,0,0,0,0,56,0,2
977,1248,6.03448,350,100,0,0,0,0,0,0,57,0,1
978,1408,6.03175,380,100,0,0,0,0,0,0,62,0,1
979,1392,6,348,100,0,0,0,0,0,0,58,0,0
980,1264,6,354,100,0,0,0,0,0,0,59,0,0
981,1380,6,354,100,0,0,0,0,0,0,59,0,0
982,1192,6,324,100,0,0,0,0,0,0,54,0,0
983,1184,6,336,100,0,0,0,0,0,0,56,0,0
984,1324,6,330,100,0,0,0,0,0,0,55,0,0
985,1284,6,330,100,0,0,0,0,0,0,55,0,0
986,1256,6.03333,362,100,0,0,0,0,0,0,59,0,1
987,1224,6.03333,362,100,0,0,0,0,0,0,59,0,1
988,1140,6,354,100,0,0,0,0,0,0,59,0,0
989,976,6,372,100,0,0,0,0,0,0,62,0,0
990,956,6,360,100,0,0,0,0,0,0,60,0,0
991,1004,6.07143,340,100,0,0,0,0,0,0,54,0,2
992,1020,6.07018,346,100,0,0,0,0,0,0,55,0,2
993,1052,6.06349,382,100,0,0,0,0,0,0,61,0,2
994,1144,6.1,366,100,0,0,0,0,0,0,57,0,3
995,1196,6.03175,380,100,0,0,0,0,0,0,62,0,1
996,1168,6.06557,370,100,0,0,0,0,0,0,59,0,2
997,1176,6.06557,370,100,0,0,0,0,0,0,59,0,2
998,1120,6.10714,342,100,0,0,0,0,0,0,53,0,3
999,1072,6.03448,350,100,0,0,0,0,0,0,57,0,1
