update,points,mean_tasks,total_tasks,total_orgs,task_0,task_1,task_2,task_3,task_4,task_5,task_6,task_7,task_8
0,0,nan,0,10,0,0,0,0,0,0,0,0,0
1,16,6,6,10,0,0,0,0,0,0,1,0,0
2,32,6,12,10,0,0,0,0,0,0,2,0,0
3,32,6,12,10,0,0,0,0,0,0,2,0,0
4,40,6,18,12,0,0,0,0,0,0,3,0,0
5,36,6,18,13,0,0,0,0,0,0,3,0,0
6,64,6,30,14,0,0,0,0,0,0,5,0,0
7,64,6,30,14,0,0,0,0,0,0,5,0,0
8,88,6,42,16,0,0,0,0,0,0,7,0,0
9,128,6.22222,56,17,0,0,0,0,0,0,8,0,1
10,116,6.22222,56,18,0,0,0,0,0,0,8,0,1
11,132,6.18182,68,19,0,0,0,0,0,0,10,0,1
12,152,6.15385,80,22,0,0,0,0,0,0,12,0,1
13,196,6,84,22,0,0,0,0,0,0,14,0,0
14,204,6,90,24,0,0,0,0,0,0,15,0,0
15,212,6,96,26,0,0,0,0,0,0,16,0,0
16,200,6,96,28,0,0,0,0,0,0,16,0,0
17,256,6,114,30,0,0,0,0,0,0,19,0,0
18,256,6,120,33,0,0,0,0,0,0,20,0,0
19,280,6,132,35,0,0,0,0,0,0,22,0,0
20,288,6.09524,128,38,0,0,0,0,0,0,20,0,1
21,240,6.1,122,39,0,0,0,0,0,0,19,0,1
22,264,6.08696,140,41,0,0,0,0,0,0,22,0,1
23,332,6.07692,158,41,0,0,0,0,0,0,25,0,1
24,312,6,156,42,0,0,0,0,0,0,26,0,0
25,316,6,156,44,0,0,0,0,0,0,26,0,0
26,344,6.0625,194,49,0,0,0,0,0,0,31,0,1
27,352,6.06667,182,52,0,0,0,0,0,0,29,0,1
28,376,6.0625,194,55,0,0,0,0,0,0,31,0,1
29,396,6.05714,212,60,0,0,0,0,0,0,34,0,1
30,532,6,240,65,0,0,0,0,0,0,40,0,0
31,588,6.04878,248,66,0,0,0,0,0,0,40,0,1
32,652,6.08696,280,70,0,0,0,0,0,0,44,0,2
33,724,6.04444,272,73,0,0,0,0,0,0,44,0,1
34,692,6.04082,296,79,0,0,0,0,0,0,48,0,1
35,728,6,282,81,0,0,0,0,0,0,47,0,0
36,784,6,312,83,0,0,0,0,0,0,52,0,0
37,792,6,312,87,0,0,0,0,0,0,52,0,0
38,752,6.03571,338,89,0,0,0,0,0,0,55,0,1
39,816,6.03509,344,93,0,0,0,0,0,0,56,0,1
40,868,6,366,95,0,0,0,0,0,0,61,0,0
41,924,6,348,96,0,0,0,0,0,0,58,0,0
42,972,6.0339,356,96,0,0,0,0,0,0,58,0,1
43,1052,6.07273,334,97,0,0,0,0,0,0,53,0,2
44,936,6.14815,332,98,0,0,0,0,0,0,50,0,4
45,1000,6.03279,368,100,0,0,0,0,0,0,60,0,1
46,1060,6.06452,376,100,0,0,0,0,0,0,60,0,2
47,1144,6.12698,386,100,0,0,0,0,0,0,59,0,4
48,1072,6.09836,372,100,0,0,0,0,0,0,58,0,3
49,1032,6.03125,386,100,0,0,0,0,0,0,63,0,1
50,1068,6,414,100,0,0,0,0,0,0,69,0,0
51,828,6,390,100,0,0,0,0,0,0,65,0,0
52,1088,6,396,100,0,0,0,0,0,0,66,0,0
53,1104,6,390,100,0,0,0,0,0,0,65,0,0
54,1008,6,390,100,0,0,0,0,0,0,65,0,0
55,1016,6,378,100,0,0,0,0,0,0,63,0,0
56,980,6,354,100,0,0,0,0,0,0,59,0,0
57,908,6.03571,338,100,0,0,0,0,0,0,55,0,1
58,1072,6.06667,364,100,0,0,0,0,0,0,58,0,2
59,996,6.1,366,100,0,0,0,0,0,0,57,0,3
60,1016,6.06557,370,100,0,0,0,0,0,0,59,0,2
61,1100,6.06667,364,100,0,0,0,0,0,0,58,0,2
62,1056,6.07018,346,100,0,0,0,0,0,0,55,0,2
63,1068,6.0678,358,100,0,0,0,0,0,0,57,0,2
64,1284,6.12903,380,100,0,0,0,0,0,0,58,0,4
65,1228,6.10345,354,100,0,0,0,0,0,0,55,0,3
66,1264,6.06557,370,100,0,0,0,0,0,0,59,0,2
67,1068,6.10345,354,100,0,0,0,0,0,0,55,0,3
68,1104,6.06667,364,100,0,0,0,0,0,0,58,0,2
69,1020,6.1,366,100,0,0,0,0,0,0,57,0,3
70,1088,6.03333,362,100,0,0,0,0,0,0,59,0,1
71,1080,6.1,366,100,0,0,0,0,0,0,57,0,3
72,1180,6.125,392,100,0,0,0,0,0,0,60,0,4
73,1036,6.0678,358,100,0,0,0,0,0,0,57,0,2
74,1004,6.09677,378,100,0,0,0,0,0,0,59,0,3
75,1052,6.1,366,100,0,0,0,0,0,0,57,0,3
76,1160,6.15152,406,100,0,0,0,0,0,0,61,0,5
77,1008,6.13559,362,100,0,0,0,0,0,0,55,0,4
78,1096,6.15625,394,100,0,0,0,0,0,0,59,0,5
79,908,6.15625,394,100,0,0,0,0,0,0,59,0,5
80,940,6.15625,394,100,0,0,0,0,0,0,59,0,5
81,944,6.15625,394,100,0,0,0,0,0,0,59,0,5
82,1040,6.13559,362,100,0,0,0,0,0,0,55,0,4
83,956,6.18462,402,100,0,0,0,0,0,0,59,0,6
84,788,6.10169,360,100,0,0,0,0,0,0,56,0,3
85,884,6.19355,384,100,0,0,0,0,0,0,56,0,6
86,912,6.10345,354,100,0,0,0,0,0,0,55,0,3
87,956,6.06452,376,100,0,0,0,0,0,0,60,0,2
88,844,6.09836,372,100,0,0,0,0,0,0,58,0,3
89,888,6.15873,388,100,0,0,0,0,0,0,58,0,5
90,848,6.15625,394,100,0,0,0,0,0,0,59,0,5
91,908,6.09091,402,100,0,0,0,0,0,0,63,0,3
92,944,6.12308,398,100,0,0,0,0,0,0,61,0,4
93,976,6.16393,376,100,0,0,0,0,0,0,56,0,5
94,1092,6.1194,410,100,0,0,0,0,0,0,63,0,4
95,924,6.18519,334,100,0,0,0,0,0,0,49,0,5
96,1060,6.16393,376,100,0,0,0,0,0,0,56,0,5
97,1108,6.25397,394,100,0,0,0,0,0,0,55,0,8
98,904,6.16667,370,100,0,0,0,0,0,0,55,0,5
99,1068,6.23729,368,100,0,0,0,0,0,0,52,0,7
100,1012,6.25,350,100,0,0,0,0,0,0,49,0,7
101,1008,6.09836,372,100,0,0,0,0,0,0,58,0,3
102,1044,6.10169,360,100,0,0,0,0,0,0,56,0,3
103,972,6.14035,350,100,0,0,0,0,0,0,53,0,4
104,1080,6.0339,356,100,0,0,0,0,0,0,58,0,1
105,1160,6.03448,350,100,0,0,0,0,0,0,57,0,1
106,1020,6.10714,342,100,0,0,0,0,0,0,53,0,3
107,1168,6.03226,374,100,0,0,0,0,0,0,61,0,1
108,1200,6.06557,370,100,0,0,0,0,0,0,59,0,2
109,904,6.06557,370,100,0,0,0,0,0,0,59,0,2
110,964,6.0303,398,100,0,0,0,0,0,0,65,0,1
111,1052,6,372,100,0,0,0,0,0,0,62,0,0
112,1112,6.06557,370,100,0,0,0,0,0,0,59,0,2
113,976,6.03448,350,100,0,0,0,0,0,0,57,0,1
114,1040,6.03448,350,100,0,0,0,0,0,0,57,0,1
115,1056,6.0678,358,100,0,0,0,0,0,0,57,0,2
116,1040,6.09677,378,100,0,0,0,0,0,0,59,0,3
117,1124,6.03448,350,100,0,0,0,0,0,0,57,0,1
118,1304,6.0625,388,100,0,0,0,0,0,0,62,0,2
119,1264,6.03571,338,100,0,0,0,0,0,0,55,0,1
120,1228,6.07018,346,100,0,0,0,0,0,0,55,0,2
121,1048,6.07547,322,100,0,0,0,0,0,0,51,0,2
122,948,6.06452,376,100,0,0,0,0,0,0,60,0,2
123,960,6.06452,376,100,0,0,0,0,0,0,60,0,2
124,928,6.03333,362,100,0,0,0,0,0,0,59,0,1
125,908,6.06667,364,100,0,0,0,0,0,0,58,0,2
126,900,6.03125,386,100,0,0,0,0,0,0,63,0,1
127,900,6.03279,368,100,0,0,0,0,0,0,60,0,1
128,884,6,360,100,0,0,0,0,0,0,60,0,0
129,1104,6.03226,374,100,0,0,0,0,0,0,61,0,1
130,932,6.03125,386,100,0,0,0,0,0,0,63,0,1
131,896,6.03636,332,100,0,0,0,0,0,0,54,0,1
132,1052,6.06452,376,100,0,0,0,0,0,0,60,0,2
133,952,6.06557,370,100,0,0,0,0,0,0,59,0,2
134,980,6,378,100,0,0,0,0,0,0,63,0,0
135,1184,6.09375,390,100,0,0,0,0,0,0,61,0,3
136,880,6,342,100,0,0,0,0,0,0,57,0,0
137,964,6,354,100,0,0,0,0,0,0,59,0,0
138,1060,6.09836,372,100,0,0,0,0,0,0,58,0,3
139,816,6,324,100,0,0,0,0,0,0,54,0,0
140,828,6,366,100,0,0,0,0,0,0,61,0,0
141,1012,6.06349,382,100,0,0,0,0,0,0,61,0,2
142,988,6.06557,370,100,0,0,0,0,0,0,59,0,2
143,916,6.09677,378,100,0,0,0,0,0,0,59,0,3
144,924,6.0303,398,100,0,0,0,0,0,0,65,0,1
145,944,6,390,100,0,0,0,0,0,0,65,0,0
146,820,6.10169,360,100,0,0,0,0,0,0,56,0,3
147,960,6.09375,390,100,0,0,0,0,0,0,61,0,3
148,900,6.03448,350,100,0,0,0,0,0,0,57,0,1
149,1020,6.09375,390,100,0,0,0,0,0,0,61,0,3
150,1044,6.06452,376,100,0,0,0,0,0,0,60,0,2
151,888,6.10526,348,100,0,0,0,0,0,0,54,0,3
152,1056,6.06667,364,100,0,0,0,0,0,0,58,0,2
153,1040,6.10345,354,100,0,0,0,0,0,0,55,0,3
154,960,6.03509,344,100,0,0,0,0,0,0,56,0,1
155,1192,6.06667,364,100,0,0,0,0,0,0,58,0,2
156,1072,6.03448,350,100,0,0,0,0,0,0,57,0,1
157,1056,6.03636,332,100,0,0,0,0,0,0,54,0,1
158,928,6.03922,308,100,0,0,0,0,0,0,50,0,1
159,1032,6.07273,334,100,0,0,0,0,0,0,53,0,2
160,1064,6.09836,372,100,0,0,0,0,0,0,58,0,3
161,904,6.03571,338,100,0,0,0,0,0,0,55,0,1
162,816,6.03704,326,100,0,0,0,0,0,0,53,0,1
163,1156,6.06557,370,100,0,0,0,0,0,0,59,0,2
164,1012,6.03704,326,100,0,0,0,0,0,0,53,0,1
165,944,6,336,100,0,0,0,0,0,0,56,0,0
166,928,6.03333,362,100,0,0,0,0,0,0,59,0,1
167,840,6.06667,364,100,0,0,0,0,0,0,58,0,2
168,844,6.07018,346,100,0,0,0,0,0,0,55,0,2
169,1048,6.06557,370,100,0,0,0,0,0,0,59,0,2
170,908,6,342,100,0,0,0,0,0,0,57,0,0
171,1008,6,342,100,0,0,0,0,0,0,57,0,0
172,1004,6.03226,374,100,0,0,0,0,0,0,61,0,1
173,928,6.09524,384,100,0,0,0,0,0,0,60,0,3
174,972,6.14035,350,100,0,0,0,0,0,0,53,0,4
175,1040,6.1,366,100,0,0,0,0,0,0,57,0,3
176,1108,6.06667,364,100,0,0,0,0,0,0,58,0,2
177,968,6.06897,352,100,0,0,0,0,0,0,56,0,2
178,1060,6.03279,368,100,0,0,0,0,0,0,60,0,1
179,1104,6.03509,344,100,0,0,0,0,0,0,56,0,1
180,1216,6.03226,374,100,0,0,0,0,0,0,61,0,1
181,1140,6.03333,362,100,0,0,0,0,0,0,59,0,1
182,916,6.03333,362,100,0,0,0,0,0,0,59,0,1
183,1124,6.06349,382,100,0,0,0,0,0,0,61,0,2
184,1012,6.03175,380,100,0,0,0,0,0,0,62,0,1
185,956,6.03279,368,100,0,0,0,0,0,0,60,0,1
186,976,6.14286,344,100,0,0,0,0,0,0,52,0,4
187,900,6.07407,328,100,0,0,0,0,0,0,52,0,2
188,880,6.10714,342,100,0,0,0,0,0,0,53,0,3
189,1064,6.17544,352,100,0,0,0,0,0,0,52,0,5
190,1056,6,336,100,0,0,0,0,0,0,56,0,0
191,1056,6.06897,352,100,0,0,0,0,0,0,56,0,2
192,1160,6.10345,354,100,0,0,0,0,0,0,55,0,3
193,1192,6.21429,348,100,0,0,0,0,0,0,50,0,6
194,1352,6.26923,326,100,0,0,0,0,0,0,45,0,7
195,1328,6.18519,334,100,0,0,0,0,0,0,49,0,5
196,1228,6.16949,364,100,0,0,0,0,0,0,54,0,5
197,1036,6.11111,330,100,0,0,0,0,0,0,51,0,3
198,960,6.03704,326,100,0,0,0,0,0,0,53,0,1
199,1008,6.06897,352,100,0,0,0,0,0,0,56,0,2
200,1032,6.03448,350,100,0,0,0,0,0,0,57,0,1
201,1072,6.03279,368,100,0,0,0,0,0,0,60,0,1
202,1024,6.03333,362,100,0,0,0,0,0,0,59,0,1
203,1064,6.06897,352,100,0,0,0,0,0,0,56,0,2
204,1120,6.06349,382,100,0,0,0,0,0,0,61,0,2
205,1036,6.07273,334,100,0,0,0,0,0,0,53,0,2
206,960,6.03636,332,100,0,0,0,0,0,0,54,0,1
207,1228,6,354,100,0,0,0,0,0,0,59,0,0
208,960,6,354,100,0,0,0,0,0,0,59,0,0
209,972,6.03571,338,100,0,0,0,0,0,0,55,0,1
210,1108,6.03448,350,100,0,0,0,0,0,0,57,0,1
211,940,6.03279,368,100,0,0,0,0,0,0,60,0,1
212,916,6,366,100,0,0,0,0,0,0,61,0,0
213,984,6,372,100,0,0,0,0,0,0,62,0,0
214,860,6,342,100,0,0,0,0,0,0,57,0,0
215,880,6,348,100,0,0,0,0,0,0,58,0,0
216,1020,6,348,100,0,0,0,0,0,0,58,0,0
217,1052,6,366,100,0,0,0,0,0,0,61,0,0
218,1000,6,360,100,0,0,0,0,0,0,60,0,0
219,852,6,306,100,0,0,0,0,0,0,51,0,0
220,1100,6,354,100,0,0,0,0,0,0,59,0,0
221,1168,6,390,100,0,0,0,0,0,0,65,0,0
222,1064,6.0625,388,100,0,0,0,0,0,0,62,0,2
223,1192,6.06349,382,100,0,0,0,0,0,0,61,0,2
224,1156,6,366,100,0,0,0,0,0,0,61,0,0
225,1124,6.13333,368,100,0,0,0,0,0,0,56,0,4
226,1068,6.1,366,100,0,0,0,0,0,0,57,0,3
227,1332,6.09836,372,100,0,0,0,0,0,0,58,0,3
228,1096,6.13333,368,100,0,0,0,0,0,0,56,0,4
229,1128,6.12698,386,100,0,0,0,0,0,0,59,0,4
230,904,6.17857,346,100,0,0,0,0,0,0,51,0,5
231,916,6.16949,364,100,0,0,0,0,0,0,54,0,5
232,772,6.18519,334,100,0,0,0,0,0,0,49,0,5
233,1016,6.13115,374,100,0,0,0,0,0,0,57,0,4
234,1156,6.09524,384,100,0,0,0,0,0,0,60,0,3
235,996,6.10169,360,100,0,0,0,0,0,0,56,0,3
236,1248,6.09375,390,100,0,0,0,0,0,0,61,0,3
237,1188,6.10169,360,100,0,0,0,0,0,0,56,0,3
238,1340,6.06557,370,100,0,0,0,0,0,0,59,0,2
239,948,6.09836,372,100,0,0,0,0,0,0,58,0,3
240,1128,6.0339,356,100,0,0,0,0,0,0,58,0,1
241,1156,6,360,100,0,0,0,0,0,0,60,0,0
242,1072,6,408,100,0,0,0,0,0,0,68,0,0
243,1116,6,360,100,0,0,0,0,0,0,60,0,0
244,1432,6,372,100,0,0,0,0,0,0,62,0,0
245,1496,6,378,100,0,0,0,0,0,0,63,0,0
246,1308,6,348,100,0,0,0,0,0,0,58,0,0
247,1564,6,390,100,0,0,0,0,0,0,65,0,0
248,1784,6,360,100,0,0,0,0,0,0,60,0,0
249,1868,6,360,100,0,0,0,0,0,0,60,0,0
250,1648,6.1,366,100,0,0,0,0,0,0,57,0,3
251,1880,6.06452,376,100,0,0,0,0,0,0,60,0,2
252,1960,6.0625,388,100,0,0,0,0,0,0,62,0,2
253,2104,6.03333,362,100,0,0,0,0,0,0,59,0,1
254,1700,6.0625,388,100,0,0,0,0,0,0,62,0,2
255,1832,6.03333,362,100,0,0,0,0,0,0,59,0,1
256,1632,6.10169,360,100,0,0,0,0,0,0,56,0,3
257,1192,6.12698,386,100,0,0,0,0,0,0,59,0,4
258,1432,6.06061,400,100,0,0,0,0,0,0,64,0,2
259,1364,6.06557,370,100,0,0,0,0,0,0,59,0,2
260,1432,6.03448,350,100,0,0,0,0,0,0,57,0,1
261,1248,6,366,100,0,0,0,0,0,0,61,0,0
262,1388,6.03279,368,100,0,0,0,0,0,0,60,0,1
263,1252,6.03226,374,100,0,0,0,0,0,0,61,0,1
264,1160,6.07273,334,100,0,0,0,0,0,0,53,0,2
265,1500,6.03226,374,100,0,0,0,0,0,0,61,0,1
266,1180,6.03704,326,100,0,0,0,0,0,0,53,0,1
267,1204,6,360,100,0,0,0,0,0,0,60,0,0
268,1460,6,360,100,0,0,0,0,0,0,60,0,0
269,1312,6.03333,362,100,0,0,0,0,0,0,59,0,1
270,1252,6.0339,356,100,0,0,0,0,0,0,58,0,1
271,1176,6,348,100,0,0,0,0,0,0,58,0,0
272,988,6.03704,326,100,0,0,0,0,0,0,53,0,1
273,1076,6.03774,320,100,0,0,0,0,0,0,52,0,1
274,1024,6.06452,376,100,0,0,0,0,0,0,60,0,2
275,784,6.10169,360,100,0,0,0,0,0,0,56,0,3
276,1120,6.09091,402,100,0,0,0,0,0,0,63,0,3
277,1192,6,390,100,0,0,0,0,0,0,65,0,0
278,1168,6.14035,350,100,0,0,0,0,0,0,53,0,4
279,1220,6.15385,400,100,0,0,0,0,0,0,60,0,5
280,988,6.15094,326,100,0,0,0,0,0,0,49,0,4
281,916,6.10714,342,100,0,0,0,0,0,0,53,0,3
282,1080,6.17241,358,100,0,0,0,0,0,0,53,0,5
283,1292,6.1,366,100,0,0,0,0,0,0,57,0,3
284,1296,6.18182,340,100,0,0,0,0,0,0,50,0,5
285,1536,6.03509,344,100,0,0,0,0,0,0,56,0,1
286,1912,6.15873,388,100,0,0,0,0,0,0,58,0,5
287,1860,6.14286,344,100,0,0,0,0,0,0,52,0,4
288,1620,6.19048,390,100,0,0,0,0,0,0,57,0,6
289,1944,6.21538,404,100,0,0,0,0,0,0,58,0,7
290,1712,6.23333,374,100,0,0,0,0,0,0,53,0,7
291,1268,6.23881,418,100,0,0,0,0,0,0,59,0,8
292,876,6.14286,344,100,0,0,0,0,0,0,52,0,4
293,1160,6.28125,402,100,0,0,0,0,0,0,55,0,9
294,1128,6.42857,360,100,0,0,0,0,0,0,44,0,12
295,1276,6.37931,370,100,0,0,0,0,0,0,47,0,11
296,1228,6.29508,384,100,0,0,0,0,0,0,52,0,9
297,1284,6.24242,412,100,0,0,0,0,0,0,58,0,8
298,1148,6.26667,376,100,0,0,0,0,0,0,52,0,8
299,1460,6.35484,394,100,0,0,0,0,0,0,51,0,11
300,1256,6.36066,388,100,0,0,0,0,0,0,50,0,11
301,1156,6.39344,390,100,0,0,0,0,0,0,49,0,12
302,1352,6.53333,392,100,0,0,0,0,0,0,44,0,16
303,1244,6.54237,386,100,0,0,0,0,0,0,43,0,16
304,1240,6.64286,372,100,0,0,0,0,0,0,38,0,18
305,1220,6.47458,382,100,0,0,0,0,0,0,45,0,14
306,1080,6.46667,388,100,0,0,0,0,0,0,46,0,14
307,1164,6.39286,358,100,0,0,0,0,0,0,45,0,11
308,1480,6.52632,372,100,0,0,0,0,0,0,42,0,15
309,1544,6.54545,360,100,0,0,0,0,0,0,40,0,15
310,1764,6.43333,386,100,0,0,0,0,0,0,47,0,13
311,1536,6.4,352,100,0,0,0,0,0,0,44,0,11
312,1312,6.63158,378,100,0,0,0,0,0,0,39,0,18
313,1348,6.53571,366,100,0,0,0,0,0,0,41,0,15
314,1268,6.63158,378,100,0,0,0,0,0,0,39,0,18
315,1252,6.60714,370,100,0,0,0,0,0,0,39,0,17
316,868,6.47273,356,100,0,0,0,0,0,0,42,0,13
317,1196,6.49123,370,100,0,0,0,0,0,0,43,0,14
318,1104,6.44068,380,100,0,0,0,0,0,0,46,0,13
319,1188,6.33898,374,100,0,0,0,0,0,0,49,0,10
320,920,6.4,384,100,0,0,0,0,0,0,48,0,12
321,1024,6.37931,370,100,0,0,0,0,0,0,47,0,11
322,1136,6.38596,364,100,0,0,0,0,0,0,46,0,11
323,1168,6.23729,368,100,0,0,0,0,0,0,52,0,7
324,1348,6.28125,402,100,0,0,0,0,0,0,55,0,9
325,1520,6.3,378,100,0,0,0,0,0,0,51,0,9
326,1572,6.30508,372,100,0,0,0,0,0,0,50,0,9
327,1648,6.36066,388,100,0,0,0,0,0,0,50,0,11
328,1592,6.16393,376,100,0,0,0,0,0,0,56,0,5
329,1744,6.06897,352,100,0,0,0,0,0,0,56,0,2
330,880,6.21818,342,100,0,0,0,0,0,0,49,0,6
331,860,6.10169,360,100,0,0,0,0,0,0,56,0,3
332,872,6.03333,362,100,0,0,0,0,0,0,59,0,1
333,996,6.03279,368,100,0,0,0,0,0,0,60,0,1
334,1044,6.06349,382,100,0,0,0,0,0,0,61,0,2
335,1068,6.06897,352,100,0,0,0,0,0,0,56,0,2
336,1192,6.125,392,100,0,0,0,0,0,0,60,0,4
337,948,6.16949,364,100,0,0,0,0,0,0,54,0,5
338,976,6.19355,384,100,0,0,0,0,0,0,56,0,6
339,872,6.0625,388,100,0,0,0,0,0,0,62,0,2
340,904,6.06452,376,100,0,0,0,0,0,0,60,0,2
341,1000,6.09375,390,100,0,0,0,0,0,0,61,0,3
342,836,6.13559,362,100,0,0,0,0,0,0,55,0,4
343,976,6.13559,362,100,0,0,0,0,0,0,55,0,4
344,1020,6.23729,368,100,0,0,0,0,0,0,52,0,7
345,804,6.2,372,100,0,0,0,0,0,0,54,0,6
346,952,6.12308,398,100,0,0,0,0,0,0,61,0,4
347,884,6.13793,356,100,0,0,0,0,0,0,54,0,4
348,880,6.09677,378,100,0,0,0,0,0,0,59,0,3
349,880,6.15873,388,100,0,0,0,0,0,0,58,0,5
350,1116,6.21538,404,100,0,0,0,0,0,0,58,0,7
351,952,6.16949,364,100,0,0,0,0,0,0,54,0,5
352,980,6.0597,406,100,0,0,0,0,0,0,65,0,2
353,1136,6.25397,394,100,0,0,0,0,0,0,55,0,8
354,940,6.20339,366,100,0,0,0,0,0,0,53,0,6
355,948,6.24561,356,100,0,0,0,0,0,0,50,0,7
356,968,6.22951,380,100,0,0,0,0,0,0,54,0,7
357,852,6.21053,354,100,0,0,0,0,0,0,51,0,6
358,1000,6.31034,366,100,0,0,0,0,0,0,49,0,9
359,960,6.27119,370,100,0,0,0,0,0,0,51,0,8
360,1104,6.33333,380,100,0,0,0,0,0,0,50,0,10
361,904,6.32143,354,100,0,0,0,0,0,0,47,0,9
362,992,6.25806,388,100,0,0,0,0,0,0,54,0,8
363,800,6.26923,326,100,0,0,0,0,0,0,45,0,7
364,860,6.12698,386,100,0,0,0,0,0,0,59,0,4
365,888,6.15873,388,100,0,0,0,0,0,0,58,0,5
366,856,6.21818,342,100,0,0,0,0,0,0,49,0,6
367,1072,6.14925,412,100,0,0,0,0,0,0,62,0,5
368,1036,6.22222,392,100,0,0,0,0,0,0,56,0,7
369,812,6.42105,366,100,0,0,0,0,0,0,45,0,12
370,1024,6.3125,404,100,0,0,0,0,0,0,54,0,10
371,896,6.26667,376,100,0,0,0,0,0,0,52,0,8
372,1176,6.2029,428,100,0,0,0,0,0,0,62,0,7
373,1088,6.18182,408,100,0,0,0,0,0,0,60,0,6
374,1120,6.19672,378,100,0,0,0,0,0,0,55,0,6
375,1152,6.24615,406,100,0,0,0,0,0,0,57,0,8
376,1076,6.27119,370,100,0,0,0,0,0,0,51,0,8
377,1048,6.22951,380,100,0,0,0,0,0,0,54,0,7
378,1000,6.19355,384,100,0,0,0,0,0,0,56,0,6
379,1156,6.26471,426,100,0,0,0,0,0,0,59,0,9
380,1216,6.27692,408,100,0,0,0,0,0,0,56,0,9
381,1072,6.39394,422,100,0,0,0,0,0,0,53,0,13
382,884,6.31746,398,100,0,0,0,0,0,0,53,0,10
383,892,6.30303,416,100,0,0,0,0,0,0,56,0,10
384,964,6.21875,398,100,0,0,0,0,0,0,57,0,7
385,988,6.16949,364,100,0,0,0,0,0,0,54,0,5
386,764,6.16129,382,100,0,0,0,0,0,0,57,0,5
387,956,6.25,400,100,0,0,0,0,0,0,56,0,8
388,864,6.25373,419,100,0,0,0,0,0,0,58,1,8
389,864,6.19403,415,100,0,0,0,0,0,0,60,1,6
390,984,6.18182,408,100,0,0,0,0,0,0,60,0,6
391,1080,6.22581,386,100,0,0,0,0,0,0,55,0,7
392,1116,6.3125,404,100,0,0,0,0,0,0,54,0,10
393,1300,6.27692,408,100,0,0,0,0,0,0,56,0,9
394,1404,6.33333,380,100,0,0,0,0,0,0,50,0,10
395,1432,6.32787,386,100,0,0,0,0,0,0,51,0,10
396,1280,6.36667,382,100,0,0,0,0,0,0,49,0,11
397,1360,6.30508,372,100,0,0,0,0,0,0,50,0,9
398,1376,6.21818,342,100,0,0,0,0,0,0,49,0,6
399,1128,6.19048,390,100,0,0,0,0,0,0,57,0,6
400,1072,6.15873,388,100,0,0,0,0,0,0,58,0,5
401,928,6.03226,374,100,0,0,0,0,0,0,61,0,1
402,1076,6,384,100,0,0,0,0,0,0,64,0,0
403,1032,6,378,100,0,0,0,0,0,0,63,0,0
404,1172,6.02941,410,100,0,0,0,0,0,0,67,0,1
405,1084,6.06667,364,100,0,0,0,0,0,0,58,0,2
406,896,6.0678,358,100,0,0,0,0,0,0,57,0,2
407,1048,6.12903,380,100,0,0,0,0,0,0,58,0,4
408,964,6.03333,362,100,0,0,0,0,0,0,59,0,1
409,1096,6,378,100,0,0,0,0,0,0,63,0,0
410,1136,6.03077,392,100,0,0,0,0,0,0,64,0,1
411,888,6,354,100,0,0,0,0,0,0,59,0,0
412,896,6.0625,388,100,0,0,0,0,0,0,62,0,2
413,956,6.03077,392,100,0,0,0,0,0,0,64,0,1
414,896,6.06667,364,100,0,0,0,0,0,0,58,0,2
415,996,6.02985,404,100,0,0,0,0,0,0,66,0,1
416,968,6.06897,352,100,0,0,0,0,0,0,56,0,2
417,1056,6.09231,396,100,0,0,0,0,0,0,62,0,3
418,1176,6.03175,380,100,0,0,0,0,0,0,62,0,1
419,1196,6.09677,378,100,0,0,0,0,0,0,59,0,3
420,1224,6.03226,374,100,0,0,0,0,0,0,61,0,1
421,1248,6.10526,348,100,0,0,0,0,0,0,54,0,3
422,1164,6.10714,342,100,0,0,0,0,0,0,53,0,3
423,1340,6.03509,344,100,0,0,0,0,0,0,56,0,1
424,1132,6.0339,356,100,0,0,0,0,0,0,58,0,1
425,1240,6.03077,392,100,0,0,0,0,0,0,64,0,1
426,1308,6,372,100,0,0,0,0,0,0,62,0,0
427,1384,6,372,100,0,0,0,0,0,0,62,0,0
428,1200,6.06667,364,100,0,0,0,0,0,0,58,0,2
429,840,6.06452,376,100,0,0,0,0,0,0,60,0,2
430,844,6.03226,374,100,0,0,0,0,0,0,61,0,1
431,884,6.06667,364,100,0,0,0,0,0,0,58,0,2
432,964,6.02899,416,100,0,0,0,0,0,0,68,0,1
433,872,6.06349,382,100,0,0,0,0,0,0,61,0,2
434,948,6.06897,352,100,0,0,0,0,0,0,56,0,2
435,1132,6.09677,378,100,0,0,0,0,0,0,59,0,3
436,960,6.0339,356,100,0,0,0,0,0,0,58,0,1
437,1172,6.09375,390,100,0,0,0,0,0,0,61,0,3
438,1036,6.03279,368,100,0,0,0,0,0,0,60,0,1
439,1348,6.12698,386,100,0,0,0,0,0,0,59,0,4
440,1308,6.13559,362,100,0,0,0,0,0,0,55,0,4
441,1232,6.16667,370,100,0,0,0,0,0,0,55,0,5
442,1232,6.11538,318,100,0,0,0,0,0,0,49,0,3
443,1224,6.07018,346,100,0,0,0,0,0,0,55,0,2
444,1104,6.10345,354,100,0,0,0,0,0,0,55,0,3
445,1132,6.10526,348,100,0,0,0,0,0,0,54,0,3
446,1192,6.27586,364,100,0,0,0,0,0,0,50,0,8
447,924,6.14815,332,100,0,0,0,0,0,0,50,0,4
448,1064,6.13333,368,100,0,0,0,0,0,0,56,0,4
449,1052,6.06897,352,100,0,0,0,0,0,0,56,0,2
450,1012,6.03333,362,100,0,0,0,0,0,0,59,0,1
451,936,6.0339,356,100,0,0,0,0,0,0,58,0,1
452,1000,6.08824,414,100,0,0,0,0,0,0,65,0,3
453,876,6.09231,396,100,0,0,0,0,0,0,62,0,3
454,936,6.06061,400,100,0,0,0,0,0,0,64,0,2
455,816,6.0678,358,100,0,0,0,0,0,0,57,0,2
456,860,6,390,100,0,0,0,0,0,0,65,0,0
457,920,6.0597,406,100,0,0,0,0,0,0,65,0,2
458,844,6.0625,388,100,0,0,0,0,0,0,62,0,2
459,880,6,378,100,0,0,0,0,0,0,63,0,0
460,724,6.03077,392,100,0,0,0,0,0,0,64,0,1
461,768,6,414,100,0,0,0,0,0,0,69,0,0
462,780,6,414,100,0,0,0,0,0,0,69,0,0
463,912,6,372,100,0,0,0,0,0,0,62,0,0
464,824,6,360,100,0,0,0,0,0,0,60,0,0
465,952,6.06349,382,100,0,0,0,0,0,0,61,0,2
466,944,6.08696,420,100,0,0,0,0,0,0,66,0,3
467,924,6.06349,382,100,0,0,0,0,0,0,61,0,2
468,1096,6.16129,382,100,0,0,0,0,0,0,57,0,5
469,968,6.16667,370,100,0,0,0,0,0,0,55,0,5
470,1056,6.16129,382,100,0,0,0,0,0,0,57,0,5
471,1040,6.14035,350,100,0,0,0,0,0,0,53,0,4
472,1132,6.16129,382,100,0,0,0,0,0,0,57,0,5
473,1092,6.13115,374,100,0,0,0,0,0,0,57,0,4
474,1100,6.14493,424,100,0,0,0,0,0,0,64,0,5
475,1044,6.03571,338,100,0,0,0,0,0,0,55,0,1
476,1192,6.1,366,100,0,0,0,0,0,0,57,0,3
477,1204,6.12903,380,100,0,0,0,0,0,0,58,0,4
478,1032,6.09231,396,100,0,0,0,0,0,0,62,0,3
479,1024,6.03509,344,100,0,0,0,0,0,0,56,0,1
480,1192,6.03279,368,100,0,0,0,0,0,0,60,0,1
481,1012,6,342,100,0,0,0,0,0,0,57,0,0
482,996,6.03636,332,100,0,0,0,0,0,0,54,0,1
483,1060,6,360,100,0,0,0,0,0,0,60,0,0
484,1008,6,372,100,0,0,0,0,0,0,62,0,0
485,1072,6,372,100,0,0,0,0,0,0,62,0,0
486,1276,6.03125,386,100,0,0,0,0,0,0,63,0,1
487,1016,6.03333,362,100,0,0,0,0,0,0,59,0,1
488,884,6.03333,362,100,0,0,0,0,0,0,59,0,1
489,828,6.03333,362,100,0,0,0,0,0,0,59,0,1
490,896,6.06667,364,100,0,0,0,0,0,0,58,0,2
491,956,6,366,100,0,0,0,0,0,0,61,0,0
492,1120,6,396,100,0,0,0,0,0,0,66,0,0
493,1068,6,402,100,0,0,0,0,0,0,67,0,0
494,844,6,378,100,0,0,0,0,0,0,63,0,0
495,988,6,396,100,0,0,0,0,0,0,66,0,0
496,916,6.03125,386,100,0,0,0,0,0,0,63,0,1
497,932,6,372,100,0,0,0,0,0,0,62,0,0
498,872,6.03636,332,100,0,0,0,0,0,0,54,0,1
499,1012,6.0625,388,100,0,0,0,0,0,0,62,0,2
500,1188,6.0339,356,100,0,0,0,0,0,0,58,0,1
501,1032,6,336,100,0,0,0,0,0,0,56,0,0
502,988,6.0339,356,100,0,0,0,0,0,0,58,0,1
503,1108,6,384,100,0,0,0,0,0,0,64,0,0
504,916,6,360,100,0,0,0,0,0,0,60,0,0
505,996,6,390,100,0,0,0,0,0,0,65,0,0
506,920,6,348,100,0,0,0,0,0,0,58,0,0
507,1004,6,342,100,0,0,0,0,0,0,57,0,0
508,984,6,372,100,0,0,0,0,0,0,62,0,0
509,1172,6,384,100,0,0,0,0,0,0,64,0,0
510,876,6.03333,362,100,0,0,0,0,0,0,59,0,1
511,864,6,366,100,0,0,0,0,0,0,61,0,0
512,812,6,360,100,0,0,0,0,0,0,60,0,0
513,884,6,348,100,0,0,0,0,0,0,58,0,0
514,840,6,330,100,0,0,0,0,0,0,55,0,0
515,1056,6,360,100,0,0,0,0,0,0,60,0,0
516,1220,6,390,100,0,0,0,0,0,0,65,0,0
517,1168,6,390,100,0,0,0,0,0,0,65,0,0
518,1120,6,366,100,0,0,0,0,0,0,61,0,0
519,1008,6.03571,338,100,0,0,0,0,0,0,55,0,1
520,1160,6.0678,358,100,0,0,0,0,0,0,57,0,2
521,1044,6.03279,368,100,0,0,0,0,0,0,60,0,1
522,1104,6.06349,382,100,0,0,0,0,0,0,61,0,2
523,948,6.03226,374,100,0,0,0,0,0,0,61,0,1
524,1072,6.1,366,100,0,0,0,0,0,0,57,0,3
525,948,6,360,100,0,0,0,0,0,0,60,0,0
526,872,6.06452,376,100,0,0,0,0,0,0,60,0,2
527,1044,6.06061,400,100,0,0,0,0,0,0,64,0,2
528,1024,6,390,100,0,0,0,0,0,0,65,0,0
529,1228,6,378,100,0,0,0,0,0,0,63,0,0
530,964,6.06667,364,100,0,0,0,0,0,0,58,0,2
531,964,6.03448,350,100,0,0,0,0,0,0,57,0,1
532,1016,6.06897,352,100,0,0,0,0,0,0,56,0,2
533,952,6.0339,356,100,0,0,0,0,0,0,58,0,1
534,952,6.03175,380,100,0,0,0,0,0,0,62,0,1
535,936,6.03175,380,100,0,0,0,0,0,0,62,0,1
536,940,6.09524,384,100,0,0,0,0,0,0,60,0,3
537,884,6.06667,364,100,0,0,0,0,0,0,58,0,2
538,1008,6.12308,398,100,0,0,0,0,0,0,61,0,4
539,860,6.09524,384,100,0,0,0,0,0,0,60,0,3
540,848,6,348,100,0,0,0,0,0,0,58,0,0
541,748,6,372,100,0,0,0,0,0,0,62,0,0
542,944,6.03125,386,100,0,0,0,0,0,0,63,0,1
543,956,6.09677,378,100,0,0,0,0,0,0,59,0,3
544,1056,6.06557,370,100,0,0,0,0,0,0,59,0,2
545,920,6.06452,376,100,0,0,0,0,0,0,60,0,2
546,944,6.14035,350,100,0,0,0,0,0,0,53,0,4
547,1028,6.03333,362,100,0,0,0,0,0,0,59,0,1
548,880,6,372,100,0,0,0,0,0,0,62,0,0
549,932,6.03125,386,100,0,0,0,0,0,0,63,0,1
550,908,6,342,100,0,0,0,0,0,0,57,0,0
551,956,6,354,100,0,0,0,0,0,0,59,0,0
552,968,6.03226,374,100,0,0,0,0,0,0,61,0,1
553,1084,6,354,100,0,0,0,0,0,0,59,0,0
554,964,6.03279,368,100,0,0,0,0,0,0,60,0,1
555,964,6.03571,338,100,0,0,0,0,0,0,55,0,1
556,896,6.06667,364,100,0,0,0,0,0,0,58,0,2
557,984,6.03175,380,100,0,0,0,0,0,0,62,0,1
558,972,6.19048,390,100,0,0,0,0,0,0,57,0,6
559,1016,6.17857,346,100,0,0,0,0,0,0,51,0,5
560,1284,6.07143,340,100,0,0,0,0,0,0,54,0,2
561,1420,6.16393,376,100,0,0,0,0,0,0,56,0,5
562,1528,6.12903,380,100,0,0,0,0,0,0,58,0,4
563,1108,6.09836,372,100,0,0,0,0,0,0,58,0,3
564,1072,6.1,366,100,0,0,0,0,0,0,57,0,3
565,1112,6.13559,362,100,0,0,0,0,0,0,55,0,4
566,1132,6.0678,358,100,0,0,0,0,0,0,57,0,2
567,948,6.07692,316,100,0,0,0,0,0,0,50,0,2
568,952,6.13559,362,100,0,0,0,0,0,0,55,0,4
569,912,6.23729,368,100,0,0,0,0,0,0,52,0,7
570,912,6.14545,338,100,0,0,0,0,0,0,51,0,4
571,1008,6.14035,350,100,0,0,0,0,0,0,53,0,4
572,956,6.13333,368,100,0,0,0,0,0,0,56,0,4
573,1044,6.14545,338,100,0,0,0,0,0,0,51,0,4
574,1200,6.17857,346,100,0,0,0,0,0,0,51,0,5
575,1108,6.09836,372,100,0,0,0,0,0,0,58,0,3
576,1020,6.19048,390,100,0,0,0,0,0,0,57,0,6
577,1036,6.13559,362,100,0,0,0,0,0,0,55,0,4
578,1024,6.16667,370,100,0,0,0,0,0,0,55,0,5
579,1060,6.10526,348,100,0,0,0,0,0,0,54,0,3
580,888,6.21818,342,100,0,0,0,0,0,0,49,0,6
581,1176,6.17857,346,100,0,0,0,0,0,0,51,0,5
582,1224,6.25,350,100,0,0,0,0,0,0,49,0,7
583,1296,6.40741,346,100,0,0,0,0,0,0,43,0,11
584,1208,6.51852,352,100,0,0,0,0,0,0,40,0,14
585,1144,6.32727,348,100,0,0,0,0,0,0,46,0,9
586,1256,6.4,384,100,0,0,0,0,0,0,48,0,12
587,1224,6.33333,380,100,0,0,0,0,0,0,50,0,10
588,1224,6.36364,350,100,0,0,0,0,0,0,45,0,10
589,1232,6.26667,376,100,0,0,0,0,0,0,52,0,8
590,1188,6.29508,384,100,0,0,0,0,0,0,52,0,9
591,956,6.25,350,100,0,0,0,0,0,0,49,0,7
592,940,6.31034,366,100,0,0,0,0,0,0,49,0,9
593,1092,6.21212,410,100,0,0,0,0,0,0,59,0,7
594,1116,6.09091,402,100,0,0,0,0,0,0,63,0,3
595,1144,6.12308,398,100,0,0,0,0,0,0,61,0,4
596,1040,6.06667,364,100,0,0,0,0,0,0,58,0,2
597,1120,6.16129,382,100,0,0,0,0,0,0,57,0,5
598,916,6.19048,390,100,0,0,0,0,0,0,57,0,6
599,1184,6.11594,422,100,0,0,0,0,0,0,65,0,4
600,1080,6.1194,410,100,0,0,0,0,0,0,63,0,4
601,952,6.16667,370,100,0,0,0,0,0,0,55,0,5
602,1052,6.0625,388,100,0,0,0,0,0,0,62,0,2
603,1004,6.0597,406,100,0,0,0,0,0,0,65,0,2
604,1028,6.06557,370,100,0,0,0,0,0,0,59,0,2
605,976,6,354,100,0,0,0,0,0,0,59,0,0
606,792,6.03279,368,100,0,0,0,0,0,0,60,0,1
607,712,6.0678,358,100,0,0,0,0,0,0,57,0,2
608,784,6.13793,356,100,0,0,0,0,0,0,54,0,4
609,816,6.09375,390,100,0,0,0,0,0,0,61,0,3
610,868,6.0597,406,100,0,0,0,0,0,0,65,0,2
611,716,6.09677,378,100,0,0,0,0,0,0,59,0,3
612,820,6.12698,386,100,0,0,0,0,0,0,59,0,4
613,924,6.15385,400,100,0,0,0,0,0,0,60,0,5
614,880,6.10169,360,100,0,0,0,0,0,0,56,0,3
615,796,6.13559,362,100,0,0,0,0,0,0,55,0,4
616,748,6.1,366,100,0,0,0,0,0,0,57,0,3
617,824,6.06557,370,100,0,0,0,0,0,0,59,0,2
618,956,6,396,100,0,0,0,0,0,0,66,0,0
619,908,6.03279,368,100,0,0,0,0,0,0,60,0,1
620,772,6.03448,350,100,0,0,0,0,0,0,57,0,1
621,944,6.03125,386,100,0,0,0,0,0,0,63,0,1
622,864,6,330,100,0,0,0,0,0,0,55,0,0
623,932,6,378,100,0,0,0,0,0,0,63,0,0
624,1020,6,378,100,0,0,0,0,0,0,63,0,0
625,976,6.03125,386,100,0,0,0,0,0,0,63,0,1
626,928,6.0339,356,100,0,0,0,0,0,0,58,0,1
627,1032,6.12903,380,100,0,0,0,0,0,0,58,0,4
628,908,6.10345,354,100,0,0,0,0,0,0,55,0,3
629,1048,6.08824,414,100,0,0,0,0,0,0,65,0,3
630,1048,6.10169,360,100,0,0,0,0,0,0,56,0,3
631,1200,6.06557,370,100,0,0,0,0,0,0,59,0,2
632,1200,6.09677,378,100,0,0,0,0,0,0,59,0,3
633,1132,6.10345,354,100,0,0,0,0,0,0,55,0,3
634,1208,6.16667,370,100,0,0,0,0,0,0,55,0,5
635,1188,6.31034,366,100,0,0,0,0,0,0,49,0,9
636,1044,6.14035,350,100,0,0,0,0,0,0,53,0,4
637,900,6.17857,346,100,0,0,0,0,0,0,51,0,5
638,788,6.16667,370,100,0,0,0,0,0,0,55,0,5
639,996,6.19672,378,100,0,0,0,0,0,0,55,0,6
640,756,6.2069,360,100,0,0,0,0,0,0,52,0,6
641,848,6.12903,380,100,0,0,0,0,0,0,58,0,4
642,1156,6.18462,402,100,0,0,0,0,0,0,59,0,6
643,836,6.20339,366,100,0,0,0,0,0,0,53,0,6
644,1000,6.25,400,100,0,0,0,0,0,0,56,0,8
645,916,6.19672,378,100,0,0,0,0,0,0,55,0,6
646,992,6.15152,406,100,0,0,0,0,0,0,61,0,5
647,1052,6.12698,386,100,0,0,0,0,0,0,59,0,4
648,1152,6.10169,360,100,0,0,0,0,0,0,56,0,3
649,1216,6.16949,364,100,0,0,0,0,0,0,54,0,5
650,1260,6.17544,352,100,0,0,0,0,0,0,52,0,5
651,1208,6.1,366,100,0,0,0,0,0,0,57,0,3
652,1200,6.10909,336,100,0,0,0,0,0,0,52,0,3
653,1060,6.0678,358,100,0,0,0,0,0,0,57,0,2
654,1016,6.25,350,100,0,0,0,0,0,0,49,0,7
655,1016,6.25,350,100,0,0,0,0,0,0,49,0,7
656,884,6.13793,356,100,0,0,0,0,0,0,54,0,4
657,944,6.13559,362,100,0,0,0,0,0,0,55,0,4
658,964,6.09524,384,100,0,0,0,0,0,0,60,0,3
659,976,6.09677,378,100,0,0,0,0,0,0,59,0,3
660,992,6.14286,344,100,0,0,0,0,0,0,52,0,4
661,872,6.11538,318,100,0,0,0,0,0,0,49,0,3
662,1060,6.03333,362,100,0,0,0,0,0,0,59,0,1
663,1160,6.06349,382,100,0,0,0,0,0,0,61,0,2
664,1112,6.12698,386,100,0,0,0,0,0,0,59,0,4
665,1000,6.14925,412,100,0,0,0,0,0,0,62,0,5
666,968,6.09836,372,100,0,0,0,0,0,0,58,0,3
667,852,6.12903,380,100,0,0,0,0,0,0,58,0,4
668,904,6.05,363,100,0,0,0,0,0,0,58,1,1
669,928,6.06061,400,100,0,0,0,0,0,0,64,0,2
670,856,6.06667,364,100,0,0,0,0,0,0,58,0,2
671,956,6.06452,376,100,0,0,0,0,0,0,60,0,2
672,1044,6.02985,404,100,0,0,0,0,0,0,66,0,1
673,1104,6.06154,394,100,0,0,0,0,0,0,63,0,2
674,1124,6,360,100,0,0,0,0,0,0,60,0,0
675,1084,6.03226,374,100,0,0,0,0,0,0,61,0,1
676,1172,6.0339,356,100,0,0,0,0,0,0,58,0,1
677,920,6,330,100,0,0,0,0,0,0,55,0,0
678,1000,6.03509,344,100,0,0,0,0,0,0,56,0,1
679,948,6.07018,346,100,0,0,0,0,0,0,55,0,2
680,960,6,354,100,0,0,0,0,0,0,59,0,0
681,1060,6.0339,356,100,0,0,0,0,0,0,58,0,1
682,1016,6.03704,326,100,0,0,0,0,0,0,53,0,1
683,1024,6.07273,334,100,0,0,0,0,0,0,53,0,2
684,1152,6.03448,350,100,0,0,0,0,0,0,57,0,1
685,1176,6.0678,358,100,0,0,0,0,0,0,57,0,2
686,1220,6.13115,374,100,0,0,0,0,0,0,57,0,4
687,1264,6.09677,378,100,0,0,0,0,0,0,59,0,3
688,1288,6.1,366,100,0,0,0,0,0,0,57,0,3
689,1248,6.10526,348,100,0,0,0,0,0,0,54,0,3
690,1272,6,330,100,0,0,0,0,0,0,55,0,0
691,1144,6.10909,336,100,0,0,0,0,0,0,52,0,3
692,1320,6.07547,322,100,0,0,0,0,0,0,51,0,2
693,1032,6.07018,346,100,0,0,0,0,0,0,55,0,2
694,1112,6.10526,348,100,0,0,0,0,0,0,54,0,3
695,1256,6.2069,360,100,0,0,0,0,0,0,52,0,6
696,1196,6.16949,364,100,0,0,0,0,0,0,54,0,5
697,1224,6.2807,358,100,0,0,0,0,0,0,49,0,8
698,1496,6.17241,358,100,0,0,0,0,0,0,53,0,5
699,1532,6.16949,364,100,0,0,0,0,0,0,54,0,5
700,1216,6.17857,346,100,0,0,0,0,0,0,51,0,5
701,1228,6.14815,332,100,0,0,0,0,0,0,50,0,4
702,1216,6.13559,362,100,0,0,0,0,0,0,55,0,4
703,1216,6.16667,370,100,0,0,0,0,0,0,55,0,5
704,1304,6.06557,370,100,0,0,0,0,0,0,59,0,2
705,1476,6.10169,360,100,0,0,0,0,0,0,56,0,3
706,1264,6.15385,320,100,0,0,0,0,0,0,48,0,4
707,1368,6.16949,364,100,0,0,0,0,0,0,54,0,5
708,1244,6.10909,336,100,0,0,0,0,0,0,52,0,3
709,1032,6.18519,334,100,0,0,0,0,0,0,49,0,5
710,1168,6.32727,348,100,0,0,0,0,0,0,46,0,9
711,1276,6.17241,358,100,0,0,0,0,0,0,53,0,5
712,1188,6.28571,352,100,0,0,0,0,0,0,48,0,8
713,1184,6.26667,376,100,0,0,0,0,0,0,52,0,8
714,1252,6.25,350,100,0,0,0,0,0,0,49,0,7
715,1272,6.21429,348,100,0,0,0,0,0,0,50,0,6
716,1144,6.14286,344,100,0,0,0,0,0,0,52,0,4
717,1072,6.11111,330,100,0,0,0,0,0,0,51,0,3
718,1256,6.07018,346,100,0,0,0,0,0,0,55,0,2
719,1480,6.06452,376,100,0,0,0,0,0,0,60,0,2
720,1724,6.09524,384,100,0,0,0,0,0,0,60,0,3
721,1612,6.03636,332,100,0,0,0,0,0,0,54,0,1
722,1632,6.06452,376,100,0,0,0,0,0,0,60,0,2
723,1772,6.03279,368,100,0,0,0,0,0,0,60,0,1
724,1728,6.03175,380,100,0,0,0,0,0,0,62,0,1
725,1764,6.10169,360,100,0,0,0,0,0,0,56,0,3
726,2088,6.10526,348,100,0,0,0,0,0,0,54,0,3
727,1340,6.07143,340,100,0,0,0,0,0,0,54,0,2
728,1328,6,336,100,0,0,0,0,0,0,56,0,0
729,1420,6,378,100,0,0,0,0,0,0,63,0,0
730,1392,6.03448,350,100,0,0,0,0,0,0,57,0,1
731,1572,6.07018,346,100,0,0,0,0,0,0,55,0,2
732,1540,6.03636,332,100,0,0,0,0,0,0,54,0,1
733,1572,6.07273,334,100,0,0,0,0,0,0,53,0,2
734,1788,6.03226,374,100,0,0,0,0,0,0,61,0,1
735,1932,6.07273,334,100,0,0,0,0,0,0,53,0,2
736,1640,6.03226,374,100,0,0,0,0,0,0,61,0,1
737,1480,6.03226,374,100,0,0,0,0,0,0,61,0,1
738,1116,6.06667,364,100,0,0,0,0,0,0,58,0,2
739,1000,6.07143,340,100,0,0,0,0,0,0,54,0,2
740,1100,6.17544,352,100,0,0,0,0,0,0,52,0,5
741,1276,6.16129,382,100,0,0,0,0,0,0,57,0,5
742,1324,6.16667,370,100,0,0,0,0,0,0,55,0,5
743,1424,6.03448,350,100,0,0,0,0,0,0,57,0,1
744,1332,6.03509,344,100,0,0,0,0,0,0,56,0,1
745,1448,6.11111,330,100,0,0,0,0,0,0,51,0,3
746,1476,6.14035,350,100,0,0,0,0,0,0,53,0,4
747,1540,6.18868,328,100,0,0,0,0,0,0,48,0,5
748,1740,6.2963,340,100,0,0,0,0,0,0,46,0,8
749,1728,6.18519,334,100,0,0,0,0,0,0,49,0,5
750,1812,6.10169,360,100,0,0,0,0,0,0,56,0,3
751,1288,6.13793,356,100,0,0,0,0,0,0,54,0,4
752,1472,6.03279,368,100,0,0,0,0,0,0,60,0,1
753,1572,6.09231,396,100,0,0,0,0,0,0,62,0,3
754,1204,6.1791,414,100,0,0,0,0,0,0,61,0,6
755,1028,6.23729,368,100,0,0,0,0,0,0,52,0,7
756,1052,6.25397,394,100,0,0,0,0,0,0,55,0,8
757,1064,6.21212,410,100,0,0,0,0,0,0,59,0,7
758,1020,6.14286,344,100,0,0,0,0,0,0,52,0,4
759,920,6.10169,360,100,0,0,0,0,0,0,56,0,3
760,1000,6.1,366,100,0,0,0,0,0,0,57,0,3
761,956,6.1,366,100,0,0,0,0,0,0,57,0,3
762,916,6.09836,372,100,0,0,0,0,0,0,58,0,3
763,844,6.13333,368,100,0,0,0,0,0,0,56,0,4
764,1000,6.13333,368,100,0,0,0,0,0,0,56,0,4
765,844,6.06897,352,100,0,0,0,0,0,0,56,0,2
766,940,6.1,366,100,0,0,0,0,0,0,57,0,3
767,968,6.09231,396,100,0,0,0,0,0,0,62,0,3
768,864,6.0678,358,100,0,0,0,0,0,0,57,0,2
769,940,6.03333,362,100,0,0,0,0,0,0,59,0,1
770,828,6.06897,352,100,0,0,0,0,0,0,56,0,2
771,876,6.06557,370,100,0,0,0,0,0,0,59,0,2
772,784,6,354,100,0,0,0,0,0,0,59,0,0
773,768,6,372,100,0,0,0,0,0,0,62,0,0
774,888,6.0303,398,100,0,0,0,0,0,0,65,0,1
775,828,6,372,100,0,0,0,0,0,0,62,0,0
776,880,6,390,100,0,0,0,0,0,0,65,0,0
777,860,6.0303,398,100,0,0,0,0,0,0,65,0,1
778,856,6.06154,394,100,0,0,0,0,0,0,63,0,2
779,836,6.06061,400,100,0,0,0,0,0,0,64,0,2
780,860,6.08824,414,100,0,0,0,0,0,0,65,0,3
781,880,6.12121,404,100,0,0,0,0,0,0,62,0,4
782,940,6.09677,378,100,0,0,0,0,0,0,59,0,3
783,968,6.12121,404,100,0,0,0,0,0,0,62,0,4
784,908,6.09375,390,100,0,0,0,0,0,0,61,0,3
785,900,6.08824,414,100,0,0,0,0,0,0,65,0,3
786,760,6.14286,430,100,0,0,0,0,0,0,65,0,5
787,756,6.0678,358,100,0,0,0,0,0,0,57,0,2
788,1036,6.15152,406,100,0,0,0,0,0,0,61,0,5
789,996,6.19048,390,100,0,0,0,0,0,0,57,0,6
790,1136,6.23333,374,100,0,0,0,0,0,0,53,0,7
791,1284,6.09836,372,100,0,0,0,0,0,0,58,0,3
792,1176,6.03279,368,100,0,0,0,0,0,0,60,0,1
793,1172,6.03279,368,100,0,0,0,0,0,0,60,0,1
794,1212,6.07143,340,100,0,0,0,0,0,0,54,0,2
795,1208,6.06667,364,100,0,0,0,0,0,0,58,0,2
796,964,6,354,100,0,0,0,0,0,0,59,0,0
797,1084,6,324,100,0,0,0,0,0,0,54,0,0
798,1144,6.03571,338,100,0,0,0,0,0,0,55,0,1
799,1128,6.03175,380,100,0,0,0,0,0,0,62,0,1
800,984,6,372,100,0,0,0,0,0,0,62,0,0
801,1040,6,372,100,0,0,0,0,0,0,62,0,0
802,1088,6.0678,358,100,0,0,0,0,0,0,57,0,2
803,1092,6.1,366,100,0,0,0,0,0,0,57,0,3
804,916,6.1,366,100,0,0,0,0,0,0,57,0,3
805,1024,6.03509,344,100,0,0,0,0,0,0,56,0,1
806,832,6.03846,314,100,0,0,0,0,0,0,51,0,1
807,992,6.07143,340,100,0,0,0,0,0,0,54,0,2
808,988,6.03636,332,100,0,0,0,0,0,0,54,0,1
809,888,6.03448,350,100,0,0,0,0,0,0,57,0,1
810,1060,6.16393,376,100,0,0,0,0,0,0,56,0,5
811,1080,6.03175,380,100,0,0,0,0,0,0,62,0,1
812,1168,6.03226,374,100,0,0,0,0,0,0,61,0,1
813,1356,6.03226,374,100,0,0,0,0,0,0,61,0,1
814,1492,6.09677,378,100,0,0,0,0,0,0,59,0,3
815,724,6.03333,362,100,0,0,0,0,0,0,59,0,1
816,1064,6.0625,388,100,0,0,0,0,0,0,62,0,2
817,952,6.1,366,100,0,0,0,0,0,0,57,0,3
818,832,6.06557,370,100,0,0,0,0,0,0,59,0,2
819,1012,6.15385,400,100,0,0,0,0,0,0,60,0,5
820,916,6.12698,386,100,0,0,0,0,0,0,59,0,4
821,1008,6.09375,390,100,0,0,0,0,0,0,61,0,3
822,1028,6.09375,390,100,0,0,0,0,0,0,61,0,3
823,976,6.06154,394,100,0,0,0,0,0,0,63,0,2
824,912,6.06667,364,100,0,0,0,0,0,0,58,0,2
825,904,6.06667,364,100,0,0,0,0,0,0,58,0,2
826,980,6.03125,386,100,0,0,0,0,0,0,63,0,1
827,1016,6.03333,362,100,0,0,0,0,0,0,59,0,1
828,952,6,342,100,0,0,0,0,0,0,57,0,0
829,1152,6.03125,386,100,0,0,0,0,0,0,63,0,1
830,1088,6.0339,356,100,0,0,0,0,0,0,58,0,1
831,932,6.06452,376,100,0,0,0,0,0,0,60,0,2
832,928,6.03125,386,100,0,0,0,0,0,0,63,0,1
833,912,6.07143,340,100,0,0,0,0,0,0,54,0,2
834,984,6.10169,360,100,0,0,0,0,0,0,56,0,3
835,1100,6.03077,392,100,0,0,0,0,0,0,64,0,1
836,908,6,360,100,0,0,0,0,0,0,60,0,0
837,1072,6.10714,342,100,0,0,0,0,0,0,53,0,3
838,992,6.06667,364,100,0,0,0,0,0,0,58,0,2
839,964,6.07407,328,100,0,0,0,0,0,0,52,0,2
840,1084,6.14035,350,100,0,0,0,0,0,0,53,0,4
841,1044,6.13793,356,100,0,0,0,0,0,0,54,0,4
842,1124,6.13559,362,100,0,0,0,0,0,0,55,0,4
843,1116,6.13559,362,100,0,0,0,0,0,0,55,0,4
844,1104,6.13115,374,100,0,0,0,0,0,0,57,0,4
845,1092,6.13115,374,100,0,0,0,0,0,0,57,0,4
846,1056,6.09524,384,100,0,0,0,0,0,0,60,0,3
847,1208,6.12903,380,100,0,0,0,0,0,0,58,0,4
848,992,6.03333,362,100,0,0,0,0,0,0,59,0,1
849,1280,6.12903,380,100,0,0,0,0,0,0,58,0,4
850,1056,6,366,100,0,0,0,0,0,0,61,0,0
851,984,6.06897,352,100,0,0,0,0,0,0,56,0,2
852,1084,6.0625,388,100,0,0,0,0,0,0,62,0,2
853,876,6.03774,320,100,0,0,0,0,0,0,52,0,1
854,960,6.03571,338,100,0,0,0,0,0,0,55,0,1
855,964,6.06557,370,100,0,0,0,0,0,0,59,0,2
856,972,6.03333,362,100,0,0,0,0,0,0,59,0,1
857,876,6.03448,350,100,0,0,0,0,0,0,57,0,1
858,896,6,324,100,0,0,0,0,0,0,54,0,0
859,752,6.07143,340,100,0,0,0,0,0,0,54,0,2
860,836,6.06667,364,100,0,0,0,0,0,0,58,0,2
861,932,6.06897,352,100,0,0,0,0,0,0,56,0,2
862,904,6.13115,374,100,0,0,0,0,0,0,57,0,4
863,876,6.03448,350,100,0,0,0,0,0,0,57,0,1
864,936,6.0625,388,100,0,0,0,0,0,0,62,0,2
865,912,6.0678,358,100,0,0,0,0,0,0,57,0,2
866,1044,6.03333,362,100,0,0,0,0,0,0,59,0,1
867,1136,6.1,366,100,0,0,0,0,0,0,57,0,3
868,1104,6.07018,346,100,0,0,0,0,0,0,55,0,2
869,832,6,342,100,0,0,0,0,0,0,57,0,0
870,808,6.03636,332,100,0,0,0,0,0,0,54,0,1
871,760,6.10169,360,100,0,0,0,0,0,0,56,0,3
872,864,6.06557,370,100,0,0,0,0,0,0,59,0,2
873,888,6.03226,374,100,0,0,0,0,0,0,61,0,1
874,940,6.07018,346,100,0,0,0,0,0,0,55,0,2
875,952,6.03333,362,100,0,0,0,0,0,0,59,0,1
876,804,6.03571,338,100,0,0,0,0,0,0,55,0,1
877,964,6.03448,350,100,0,0,0,0,0,0,57,0,1
878,1140,6.16949,364,100,0,0,0,0,0,0,54,0,5
879,980,6.14035,350,100,0,0,0,0,0,0,53,0,4
880,1044,6.10909,336,100,0,0,0,0,0,0,52,0,3
881,1188,6.13333,368,100,0,0,0,0,0,0,56,0,4
882,976,6.16949,364,100,0,0,0,0,0,0,54,0,5
883,856,6.16949,364,100,0,0,0,0,0,0,54,0,5
884,676,6.13793,356,100,0,0,0,0,0,0,54,0,4
885,908,6.15152,406,100,0,0,0,0,0,0,61,0,5
886,952,6.25806,388,100,0,0,0,0,0,0,54,0,8
887,836,6.09836,372,100,0,0,0,0,0,0,58,0,3
888,832,6.13115,374,100,0,0,0,0,0,0,57,0,4
889,868,6.09836,372,100,0,0,0,0,0,0,58,0,3
890,1008,6.09091,402,100,0,0,0,0,0,0,63,0,3
891,1068,6.13115,374,100,0,0,0,0,0,0,57,0,4
892,932,6.1,366,100,0,0,0,0,0,0,57,0,3
893,1020,6.09375,390,100,0,0,0,0,0,0,61,0,3
894,916,6.15873,388,100,0,0,0,0,0,0,58,0,5
895,888,6.16129,382,100,0,0,0,0,0,0,57,0,5
896,920,6.21538,404,100,0,0,0,0,0,0,58,0,7
897,852,6.1875,396,100,0,0,0,0,0,0,58,0,6
898,900,6.06061,400,100,0,0,0,0,0,0,64,0,2
899,956,6.08571,426,100,0,0,0,0,0,0,67,0,3
900,1064,6.08451,432,100,0,0,0,0,0,0,68,0,3
901,932,6.03226,374,100,0,0,0,0,0,0,61,0,1
902,1000,6.09524,384,100,0,0,0,0,0,0,60,0,3
903,1008,6.09231,396,100,0,0,0,0,0,0,62,0,3
904,964,6.16129,382,100,0,0,0,0,0,0,57,0,5
905,952,6.13333,368,100,0,0,0,0,0,0,56,0,4
906,924,6.0625,388,100,0,0,0,0,0,0,62,0,2
907,964,6.1,366,100,0,0,0,0,0,0,57,0,3
908,956,6.16949,364,100,0,0,0,0,0,0,54,0,5
909,1008,6.20339,366,100,0,0,0,0,0,0,53,0,6
910,916,6.10345,354,100,0,0,0,0,0,0,55,0,3
911,836,6.03636,332,100,0,0,0,0,0,0,54,0,1
912,968,6.1,366,100,0,0,0,0,0,0,57,0,3
913,964,6.03448,350,100,0,0,0,0,0,0,57,0,1
914,944,6.03279,368,100,0,0,0,0,0,0,60,0,1
915,992,6.06557,370,100,0,0,0,0,0,0,59,0,2
916,948,6.06897,352,100,0,0,0,0,0,0,56,0,2
917,1048,6.03226,374,100,0,0,0,0,0,0,61,0,1
918,968,6.06557,370,100,0,0,0,0,0,0,59,0,2
919,764,6.06061,400,100,0,0,0,0,0,0,64,0,2
920,828,6.0303,398,100,0,0,0,0,0,0,65,0,1
921,796,6.06557,370,100,0,0,0,0,0,0,59,0,2
922,956,6.0597,406,100,0,0,0,0,0,0,65,0,2
923,884,6.03125,386,100,0,0,0,0,0,0,63,0,1
924,912,6.05882,412,100,0,0,0,0,0,0,66,0,2
925,812,6.0597,406,100,0,0,0,0,0,0,65,0,2
926,852,6.06154,394,100,0,0,0,0,0,0,63,0,2
927,896,6.06061,400,100,0,0,0,0,0,0,64,0,2
928,916,6.08955,408,100,0,0,0,0,0,0,64,0,3
929,936,6.08824,414,100,0,0,0,0,0,0,65,0,3
930,844,6.06349,382,100,0,0,0,0,0,0,61,0,2
931,816,6.05882,412,100,0,0,0,0,0,0,66,0,2
932,852,6,360,100,0,0,0,0,0,0,60,0,0
933,836,6.0339,356,100,0,0,0,0,0,0,58,0,1
934,956,6.02985,404,100,0,0,0,0,0,0,66,0,1
935,932,6.0625,388,100,0,0,0,0,0,0,62,0,2
936,1060,6.03077,392,100,0,0,0,0,0,0,64,0,1
937,876,6.06897,352,100,0,0,0,0,0,0,56,0,2
938,1004,6.09231,396,100,0,0,0,0,0,0,62,0,3
939,900,6.03571,338,100,0,0,0,0,0,0,55,0,1
940,956,6.06349,382,100,0,0,0,0,0,0,61,0,2
941,988,6,360,100,0,0,0,0,0,0,60,0,0
942,1012,6.125,392,100,0,0,0,0,0,0,60,0,4
943,1004,6.0303,398,100,0,0,0,0,0,0,65,0,1
944,968,6.12308,398,100,0,0,0,0,0,0,61,0,4
945,936,6.0597,406,100,0,0,0,0,0,0,65,0,2
946,968,6.09677,378,100,0,0,0,0,0,0,59,0,3
947,928,6.0625,388,100,0,0,0,0,0,0,62,0,2
948,876,6.03226,374,100,0,0,0,0,0,0,61,0,1
949,1012,6.09677,378,100,0,0,0,0,0,0,59,0,3
950,1032,6.03125,386,100,0,0,0,0,0,0,63,0,1
951,960,6.0678,358,100,0,0,0,0,0,0,57,0,2
952,1120,6.09375,390,100,0,0,0,0,0,0,61,0,3
953,904,6.10345,354,100,0,0,0,0,0,0,55,0,3
954,1036,6.125,392,100,0,0,0,0,0,0,60,0,4
955,948,6.06667,364,100,0,0,0,0,0,0,58,0,2
956,1056,6.06154,394,100,0,0,0,0,0,0,63,0,2
957,884,6.10169,360,100,0,0,0,0,0,0,56,0,3
958,1028,6.09836,372,100,0,0,0,0,0,0,58,0,3
959,1136,6.03333,362,100,0,0,0,0,0,0,59,0,1
960,1252,6.06452,376,100,0,0,0,0,0,0,60,0,2
961,1124,6.06452,376,100,0,0,0,0,0,0,60,0,2
962,1128,6.09836,372,100,0,0,0,0,0,0,58,0,3
963,1028,6.03226,374,100,0,0,0,0,0,0,61,0,1
964,1024,6.03333,362,100,0,0,0,0,0,0,59,0,1
965,944,6.06667,364,100,0,0,0,0,0,0,58,0,2
966,1040,6.09677,378,100,0,0,0,0,0,0,59,0,3
967,1000,6.03509,344,100,0,0,0,0,0,0,56,0,1
968,952,6,330,100,0,0,0,0,0,0,55,0,0
969,1036,6,372,100,0,0,0,0,0,0,62,0,0
970,972,6,360,100,0,0,0,0,0,0,60,0,0
971,1148,6,372,100,0,0,0,0,0,0,62,0,0
972,1120,6.03333,362,100,0,0,0,0,0,0,59,0,1
973,1176,6.06897,352,100,0,0,0,0,0,0,56,0,2
974,1356,6.06349,382,100,0,0,0,0,0,0,61,0,2
975,1112,6.0678,358,100,0,0,0,0,0,0,57,0,2
976,1100,6,366,100,0,0,0,0,0,0,61,0,0
977,1056,6.03175,380,100,0,0,0,0,0,0,62,0,1
978,916,6.0678,358,100,0,0,0,0,0,0,57,0,2
979,1064,6.03226,374,100,0,0,0,0,0,0,61,0,1
980,1124,6,378,100,0,0,0,0,0,0,63,0,0
981,1000,6.03226,374,100,0,0,0,0,0,0,61,0,1
982,1036,6.03226,374,100,0,0,0,0,0,0,61,0,1
983,1044,6.0678,358,100,0,0,0,0,0,0,57,0,2
984,1016,6.0339,356,100,0,0,0,0,0,0,58,0,1
985,1044,6,354,100,0,0,0,0,0,0,59,0,0
986,988,6,348,100,0,0,0,0,0,0,58,0,0
987,1088,6,402,100,0,0,0,0,0,0,67,0,0
988,904,6,360,100,0,0,0,0,0,0,60,0,0
989,1136,6.03077,392,100,0,0,0,0,0,0,64,0,1
990,1084,6.03279,368,100,0,0,0,0,0,0,60,0,1
991,1228,6.0625,388,100,0,0,0,0,0,0,62,0,2
992,1156,6,384,100,0,0,0,0,0,0,64,0,0
993,1148,6.03333,362,100,0,0,0,0,0,0,59,0,1
994,1020,6.10345,354,100,0,0,0,0,0,0,55,0,3
995,1220,6.14925,412,100,0,0,0,0,0,0,62,0,5
996,1196,6.10345,354,100,0,0,0,0,0,0,55,0,3
997,1116,6.10345,354,100,0,0,0,0,0,0,55,0,3
998,1212,6.06452,376,100,0,0,0,0,0,0,60,0,2
999,1124,6.06452,376,100,0,0,0,0,0,0,60,0,2
