update,points,mean_tasks,total_tasks,total_orgs,task_0,task_1,task_2,task_3,task_4,task_5,task_6,task_7,task_8
0,0,nan,0,10,0,0,0,0,0,0,0,0,0
1,64,6,24,10,0,0,0,0,0,0,4,0,0
2,76,6,30,10,0,0,0,0,0,0,5,0,0
3,108,6.28571,44,14,0,0,0,0,0,0,6,0,1
4,120,6.2,62,15,0,0,0,0,0,0,9,0,1
5,128,6,66,17,0,0,0,0,0,0,11,0,0
6,180,6.14286,86,20,0,0,0,0,0,0,13,0,1
7,236,6.11765,104,21,0,0,0,0,0,0,16,0,1
8,176,6.28571,88,23,0,0,0,0,0,0,12,0,2
9,196,6.23529,106,25,0,0,0,0,0,0,15,0,2
10,236,6,120,27,0,0,0,0,0,0,20,0,0
11,236,6,126,28,0,0,0,0,0,0,21,0,0
12,248,6.09524,128,29,0,0,0,0,0,0,20,0,1
13,228,6.09524,128,29,0,0,0,0,0,0,20,0,1
14,220,6.09524,128,30,0,0,0,0,0,0,20,0,1
15,240,6.18182,136,31,0,0,0,0,0,0,20,0,2
16,244,6.18182,136,33,0,0,0,0,0,0,20,0,2
17,236,6.17391,142,34,0,0,0,0,0,0,21,0,2
18,304,6.25,150,34,0,0,0,0,0,0,21,0,3
19,288,6.38462,166,36,0,0,0,0,0,0,21,0,5
20,304,6.2963,170,37,0,0,0,0,0,0,23,0,4
21,320,6.37037,172,39,0,0,0,0,0,0,22,0,5
22,332,6.35714,178,41,0,0,0,0,0,0,23,0,5
23,392,6.30303,208,44,0,0,0,0,0,0,28,0,5
24,396,6.2,186,45,0,0,0,0,0,0,27,0,3
25,504,6.27778,226,51,0,0,0,0,0,0,31,0,5
26,464,6.22857,218,55,0,0,0,0,0,0,31,0,4
27,548,6.3,252,61,0,0,0,0,0,0,34,0,6
28,496,6.25641,244,64,0,0,0,0,0,0,34,0,5
29,556,6.25532,294,66,0,0,0,0,0,0,41,0,6
30,632,6.19608,316,69,0,0,0,0,0,0,46,0,5
31,596,6.15385,320,72,0,0,0,0,0,0,48,0,4
32,668,6.08,304,76,0,0,0,0,0,0,48,0,2
33,780,6.07692,316,76,0,0,0,0,0,0,50,0,2
34,784,6.03774,320,78,0,0,0,0,0,0,52,0,1
35,948,6.10714,342,85,0,0,0,0,0,0,53,0,3
36,1180,6.10909,336,88,0,0,0,0,0,0,52,0,3
37,1352,6.0678,358,88,0,0,0,0,0,0,57,0,2
38,1424,6.0339,356,90,0,0,0,0,0,0,58,0,1
39,1496,6.07018,346,92,0,0,0,0,0,0,55,0,2
40,1672,6.13559,362,93,0,0,0,0,0,0,55,0,4
41,1764,6.09836,372,95,0,0,0,0,0,0,58,0,3
42,1988,6.0597,406,95,0,0,0,0,0,0,65,0,2
43,1376,6.10169,360,96,0,0,0,0,0,0,56,0,3
44,1572,6.16393,376,97,0,0,0,0,0,0,56,0,5
45,1536,6.16129,382,97,0,0,0,0,0,0,57,0,5
46,1504,6.16949,364,97,0,0,0,0,0,0,54,0,5
47,1400,6.09677,378,97,0,0,0,0,0,0,59,0,3
48,1480,6.15873,388,97,0,0,0,0,0,0,58,0,5
49,1536,6.09524,384,99,0,0,0,0,0,0,60,0,3
50,1168,6.1875,396,99,0,0,0,0,0,0,58,0,6
51,1392,6.21538,404,100,0,0,0,0,0,0,58,0,7
52,1440,6.09677,378,100,0,0,0,0,0,0,59,0,3
53,1628,6.16129,382,100,0,0,0,0,0,0,57,0,5
54,1900,6.22951,380,100,0,0,0,0,0,0,54,0,7
55,1588,6.16393,376,100,0,0,0,0,0,0,56,0,5
56,1288,6.03226,374,100,0,0,0,0,0,0,61,0,1
57,1316,6.10714,342,100,0,0,0,0,0,0,53,0,3
58,1320,6.0339,356,100,0,0,0,0,0,0,58,0,1
59,1096,6.16949,364,100,0,0,0,0,0,0,54,0,5
60,1292,6.19355,384,100,0,0,0,0,0,0,56,0,6
61,1372,6.21429,348,100,0,0,0,0,0,0,50,0,6
62,1512,6.23333,374,100,0,0,0,0,0,0,53,0,7
63,1212,6.16393,376,100,0,0,0,0,0,0,56,0,5
64,1408,6.07018,346,100,0,0,0,0,0,0,55,0,2
65,1652,6.1,366,100,0,0,0,0,0,0,57,0,3
66,1572,6.07018,346,100,0,0,0,0,0,0,55,0,2
67,1756,6.07018,346,100,0,0,0,0,0,0,55,0,2
68,1900,6.03226,374,100,0,0,0,0,0,0,61,0,1
69,2052,6.06557,370,100,0,0,0,0,0,0,59,0,2
70,2044,6.06452,376,100,0,0,0,0,0,0,60,0,2
71,1336,6.07018,346,100,0,0,0,0,0,0,55,0,2
72,1784,6.0678,358,100,0,0,0,0,0,0,57,0,2
73,2096,6.08955,408,100,0,0,0,0,0,0,64,0,3
74,1544,6.07407,328,100,0,0,0,0,0,0,52,0,2
75,1608,6.03333,362,100,0,0,0,0,0,0,59,0,1
76,1364,6.03704,326,100,0,0,0,0,0,0,53,0,1
77,1540,6.03226,374,100,0,0,0,0,0,0,61,0,1
78,1904,6.10169,360,100,0,0,0,0,0,0,56,0,3
79,1616,6.07143,340,100,0,0,0,0,0,0,54,0,2
80,1944,6.10345,354,100,0,0,0,0,0,0,55,0,3
81,2204,6.06897,352,100,0,0,0,0,0,0,56,0,2
82,2040,6.03571,338,100,0,0,0,0,0,0,55,0,1
83,2196,6.03448,350,100,0,0,0,0,0,0,57,0,1
84,2420,6.0339,356,100,0,0,0,0,0,0,58,0,1
85,2484,6.03509,344,100,0,0,0,0,0,0,56,0,1
86,2816,6.13559,362,100,0,0,0,0,0,0,55,0,4
87,2480,6.06897,352,100,0,0,0,0,0,0,56,0,2
88,1528,6.06667,364,100,0,0,0,0,0,0,58,0,2
89,1676,6.10345,354,100,0,0,0,0,0,0,55,0,3
90,1996,6.03704,326,100,0,0,0,0,0,0,53,0,1
91,2188,6.03571,338,100,0,0,0,0,0,0,55,0,1
92,1920,6.07547,322,100,0,0,0,0,0,0,51,0,2
93,1948,6.03571,338,100,0,0,0,0,0,0,55,0,1
94,1604,6.03448,350,100,0,0,0,0,0,0,57,0,1
95,1928,6.0678,358,100,0,0,0,0,0,0,57,0,2
96,1752,6.03509,344,100,0,0,0,0,0,0,56,0,1
97,1368,6,318,100,0,0,0,0,0,0,53,0,0
98,1632,6.03279,368,100,0,0,0,0,0,0,60,0,1
99,1460,6.03774,320,100,0,0,0,0,0,0,52,0,1
100,1680,6,312,100,0,0,0,0,0,0,52,0,0
101,1648,6.07273,334,100,0,0,0,0,0,0,53,0,2
102,1968,6.0678,358,100,0,0,0,0,0,0,57,0,2
103,1816,6.09836,372,100,0,0,0,0,0,0,58,0,3
104,1732,6.13115,374,100,0,0,0,0,0,0,57,0,4
105,1568,6.13115,374,100,0,0,0,0,0,0,57,0,4
106,1544,6.13115,374,100,0,0,0,0,0,0,57,0,4
107,1372,6.16129,382,100,0,0,0,0,0,0,57,0,5
108,1524,6.15625,394,100,0,0,0,0,0,0,59,0,5
109,1504,6.09231,396,100,0,0,0,0,0,0,62,0,3
110,1552,6.03333,362,100,0,0,0,0,0,0,59,0,1
111,1496,6.03226,374,100,0,0,0,0,0,0,61,0,1
112,1436,6.0339,356,100,0,0,0,0,0,0,58,0,1
113,1468,6.06667,364,100,0,0,0,0,0,0,58,0,2
114,1524,6,360,100,0,0,0,0,0,0,60,0,0
115,1336,6.06667,364,100,0,0,0,0,0,0,58,0,2
116,1028,6.06897,352,100,0,0,0,0,0,0,56,0,2
117,1100,6.06667,364,100,0,0,0,0,0,0,58,0,2
118,1144,6.10345,354,100,0,0,0,0,0,0,55,0,3
119,1220,6.03333,362,100,0,0,0,0,0,0,59,0,1
120,940,6.03509,344,100,0,0,0,0,0,0,56,0,1
121,968,6.06557,370,100,0,0,0,0,0,0,59,0,2
122,1228,6.06154,394,100,0,0,0,0,0,0,63,0,2
123,1032,6.10345,354,100,0,0,0,0,0,0,55,0,3
124,1064,6.06667,364,100,0,0,0,0,0,0,58,0,2
125,940,6.09375,390,100,0,0,0,0,0,0,61,0,3
126,892,6.06349,382,100,0,0,0,0,0,0,61,0,2
127,836,6.06452,376,100,0,0,0,0,0,0,60,0,2
128,948,6.0625,388,100,0,0,0,0,0,0,62,0,2
129,984,6.03175,380,100,0,0,0,0,0,0,62,0,1
130,1012,6.0678,358,100,0,0,0,0,0,0,57,0,2
131,972,6.10526,348,100,0,0,0,0,0,0,54,0,3
132,1020,6.06061,400,100,0,0,0,0,0,0,64,0,2
133,916,6.09231,396,100,0,0,0,0,0,0,62,0,3
134,948,6.06667,364,100,0,0,0,0,0,0,58,0,2
135,964,6.21818,342,100,0,0,0,0,0,0,49,0,6
136,928,6.16393,376,100,0,0,0,0,0,0,56,0,5
137,912,6.13115,374,100,0,0,0,0,0,0,57,0,4
138,832,6.03509,344,100,0,0,0,0,0,0,56,0,1
139,1012,6.03226,374,100,0,0,0,0,0,0,61,0,1
140,1108,6.0678,358,100,0,0,0,0,0,0,57,0,2
141,1040,6.06452,376,100,0,0,0,0,0,0,60,0,2
142,960,6.03226,374,100,0,0,0,0,0,0,61,0,1
143,1092,6,366,100,0,0,0,0,0,0,61,0,0
144,852,6.03279,368,100,0,0,0,0,0,0,60,0,1
145,864,6.10169,360,100,0,0,0,0,0,0,56,0,3
146,828,6.10345,354,100,0,0,0,0,0,0,55,0,3
147,912,6.10345,354,100,0,0,0,0,0,0,55,0,3
148,904,6.10526,348,100,0,0,0,0,0,0,54,0,3
149,796,6.17544,352,100,0,0,0,0,0,0,52,0,5
150,872,6.09836,372,100,0,0,0,0,0,0,58,0,3
151,804,6.03226,374,100,0,0,0,0,0,0,61,0,1
152,828,6.06349,382,100,0,0,0,0,0,0,61,0,2
153,880,6.06897,352,100,0,0,0,0,0,0,56,0,2
154,864,6.03509,344,100,0,0,0,0,0,0,56,0,1
155,896,6.03226,374,100,0,0,0,0,0,0,61,0,1
156,1132,6.09836,372,100,0,0,0,0,0,0,58,0,3
157,1072,6.03448,350,100,0,0,0,0,0,0,57,0,1
158,1084,6.0678,358,100,0,0,0,0,0,0,57,0,2
159,1140,6,372,100,0,0,0,0,0,0,62,0,0
160,1388,6.03125,386,100,0,0,0,0,0,0,63,0,1
161,1180,6.03175,380,100,0,0,0,0,0,0,62,0,1
162,1124,6,342,100,0,0,0,0,0,0,57,0,0
163,924,6,324,100,0,0,0,0,0,0,54,0,0
164,832,6,330,100,0,0,0,0,0,0,55,0,0
165,960,6.03448,350,100,0,0,0,0,0,0,57,0,1
166,1032,6.0339,356,100,0,0,0,0,0,0,58,0,1
167,984,6,366,100,0,0,0,0,0,0,61,0,0
168,1052,6.06667,364,100,0,0,0,0,0,0,58,0,2
169,944,6.03509,344,100,0,0,0,0,0,0,56,0,1
170,1084,6,354,100,0,0,0,0,0,0,59,0,0
171,1132,6,384,100,0,0,0,0,0,0,64,0,0
172,920,6,366,100,0,0,0,0,0,0,61,0,0
173,984,6.03175,380,100,0,0,0,0,0,0,62,0,1
174,1052,6.03175,380,100,0,0,0,0,0,0,62,0,1
175,964,6.03509,344,100,0,0,0,0,0,0,56,0,1
176,884,6,354,100,0,0,0,0,0,0,59,0,0
177,984,6,372,100,0,0,0,0,0,0,62,0,0
178,1004,6.03175,380,100,0,0,0,0,0,0,62,0,1
179,916,6.0678,358,100,0,0,0,0,0,0,57,0,2
180,840,6.13559,362,100,0,0,0,0,0,0,55,0,4
181,1004,6.10345,354,100,0,0,0,0,0,0,55,0,3
182,992,6.03226,374,100,0,0,0,0,0,0,61,0,1
183,1052,6.03448,350,100,0,0,0,0,0,0,57,0,1
184,964,6.10714,342,100,0,0,0,0,0,0,53,0,3
185,1068,6.07143,340,100,0,0,0,0,0,0,54,0,2
186,1008,6.10909,336,100,0,0,0,0,0,0,52,0,3
187,1020,6.16667,370,100,0,0,0,0,0,0,55,0,5
188,932,6.11111,330,100,0,0,0,0,0,0,51,0,3
189,1100,6.07143,340,100,0,0,0,0,0,0,54,0,2
190,848,6.18519,334,100,0,0,0,0,0,0,49,0,5
191,940,6.03571,338,100,0,0,0,0,0,0,55,0,1
192,904,6.03509,344,100,0,0,0,0,0,0,56,0,1
193,968,6.09836,372,100,0,0,0,0,0,0,58,0,3
194,924,6.06557,370,100,0,0,0,0,0,0,59,0,2
195,920,6.10169,360,100,0,0,0,0,0,0,56,0,3
196,888,6.09677,378,100,0,0,0,0,0,0,59,0,3
197,844,6.0678,358,100,0,0,0,0,0,0,57,0,2
198,892,6.13559,362,100,0,0,0,0,0,0,55,0,4
199,940,6.15625,394,100,0,0,0,0,0,0,59,0,5
200,1056,6.20896,416,100,0,0,0,0,0,0,60,0,7
201,992,6.22222,392,100,0,0,0,0,0,0,56,0,7
202,1044,6.19048,390,100,0,0,0,0,0,0,57,0,6
203,996,6.16393,376,100,0,0,0,0,0,0,56,0,5
204,1144,6.25397,394,100,0,0,0,0,0,0,55,0,8
205,1080,6.25,400,100,0,0,0,0,0,0,56,0,8
206,836,6.2,372,100,0,0,0,0,0,0,54,0,6
207,1044,6.20896,416,100,0,0,0,0,0,0,60,0,7
208,856,6.13559,362,100,0,0,0,0,0,0,55,0,4
209,896,6.15873,388,100,0,0,0,0,0,0,58,0,5
210,880,6.06452,376,100,0,0,0,0,0,0,60,0,2
211,872,6.12903,380,100,0,0,0,0,0,0,58,0,4
212,728,6.09524,384,100,0,0,0,0,0,0,60,0,3
213,840,6.06154,394,100,0,0,0,0,0,0,63,0,2
214,844,6.06452,376,100,0,0,0,0,0,0,60,0,2
215,920,6.06349,382,100,0,0,0,0,0,0,61,0,2
216,888,6.10526,348,100,0,0,0,0,0,0,54,0,3
217,932,6.19048,390,100,0,0,0,0,0,0,57,0,6
218,960,6.1875,396,100,0,0,0,0,0,0,58,0,6
219,924,6.22951,380,100,0,0,0,0,0,0,54,0,7
220,1004,6.26866,420,100,0,0,0,0,0,0,58,0,9
221,1104,6.41935,398,100,0,0,0,0,0,0,49,0,13
222,1056,6.30769,410,100,0,0,0,0,0,0,55,0,10
223,888,6.32258,392,100,0,0,0,0,0,0,52,0,10
224,1056,6.13333,368,100,0,0,0,0,0,0,56,0,4
225,988,6.19048,390,100,0,0,0,0,0,0,57,0,6
226,856,6.09524,384,100,0,0,0,0,0,0,60,0,3
227,868,6.09836,372,100,0,0,0,0,0,0,58,0,3
228,912,6.0625,388,100,0,0,0,0,0,0,62,0,2
229,780,6.17241,358,100,0,0,0,0,0,0,53,0,5
230,960,6.1875,396,100,0,0,0,0,0,0,58,0,6
231,872,6.22951,380,100,0,0,0,0,0,0,54,0,7
232,908,6.33898,374,100,0,0,0,0,0,0,49,0,10
233,824,6.23729,368,100,0,0,0,0,0,0,52,0,7
234,788,6.13115,374,100,0,0,0,0,0,0,57,0,4
235,948,6.21875,398,100,0,0,0,0,0,0,57,0,7
236,912,6.25,400,100,0,0,0,0,0,0,56,0,8
237,912,6.15385,400,100,0,0,0,0,0,0,60,0,5
238,880,6.19048,390,100,0,0,0,0,0,0,57,0,6
239,860,6.21212,410,100,0,0,0,0,0,0,59,0,7
240,856,6.22581,386,100,0,0,0,0,0,0,55,0,7
241,960,6.1194,410,100,0,0,0,0,0,0,63,0,4
242,968,6.22222,392,100,0,0,0,0,0,0,56,0,7
243,1100,6.18182,408,100,0,0,0,0,0,0,60,0,6
244,1016,6.13333,368,100,0,0,0,0,0,0,56,0,4
245,1144,6.15152,406,100,0,0,0,0,0,0,61,0,5
246,1124,6.25806,388,100,0,0,0,0,0,0,54,0,8
247,852,6.17857,346,100,0,0,0,0,0,0,51,0,5
248,900,6.29508,384,100,0,0,0,0,0,0,52,0,9
249,1016,6.16667,370,100,0,0,0,0,0,0,55,0,5
250,1108,6.15152,406,100,0,0,0,0,0,0,61,0,5
251,1192,6.21538,404,100,0,0,0,0,0,0,58,0,7
252,1172,6.17857,346,100,0,0,0,0,0,0,51,0,5
253,1204,6.24138,362,100,0,0,0,0,0,0,51,0,7
254,1304,6.25,400,100,0,0,0,0,0,0,56,0,8
255,1264,6.16129,382,100,0,0,0,0,0,0,57,0,5
256,1276,6.21429,348,100,0,0,0,0,0,0,50,0,6
257,1168,6.13115,374,100,0,0,0,0,0,0,57,0,4
258,1252,6.09524,384,100,0,0,0,0,0,0,60,0,3
259,1264,6.13115,374,100,0,0,0,0,0,0,57,0,4
260,1108,6.14035,350,100,0,0,0,0,0,0,53,0,4
261,992,6.0678,358,100,0,0,0,0,0,0,57,0,2
262,1064,6.0625,388,100,0,0,0,0,0,0,62,0,2
263,1040,6.03226,374,100,0,0,0,0,0,0,61,0,1
264,1228,6.02985,404,100,0,0,0,0,0,0,66,0,1
265,924,6.09375,390,100,0,0,0,0,0,0,61,0,3
266,1064,6.11594,422,100,0,0,0,0,0,0,65,0,4
267,924,6.10169,360,100,0,0,0,0,0,0,56,0,3
268,996,6,390,100,0,0,0,0,0,0,65,0,0
269,1032,6.08571,426,100,0,0,0,0,0,0,67,0,3
270,1036,6.09677,378,100,0,0,0,0,0,0,59,0,3
271,988,6.125,392,100,0,0,0,0,0,0,60,0,4
272,1016,6.09836,372,100,0,0,0,0,0,0,58,0,3
273,916,6.125,392,100,0,0,0,0,0,0,60,0,4
274,960,6.03077,392,100,0,0,0,0,0,0,64,0,1
275,996,6,378,100,0,0,0,0,0,0,63,0,0
276,972,6,372,100,0,0,0,0,0,0,62,0,0
277,1044,6,402,100,0,0,0,0,0,0,67,0,0
278,920,6,342,100,0,0,0,0,0,0,57,0,0
279,928,6,378,100,0,0,0,0,0,0,63,0,0
280,1064,6,372,100,0,0,0,0,0,0,62,0,0
281,1180,6,396,100,0,0,0,0,0,0,66,0,0
282,1120,6.1,366,100,0,0,0,0,0,0,57,0,3
283,1200,6.06154,394,100,0,0,0,0,0,0,63,0,2
284,1012,6.06452,376,100,0,0,0,0,0,0,60,0,2
285,1040,6.07018,346,100,0,0,0,0,0,0,55,0,2
286,1128,6.06349,382,100,0,0,0,0,0,0,61,0,2
287,1152,6.03448,350,100,0,0,0,0,0,0,57,0,1
288,1008,6,342,100,0,0,0,0,0,0,57,0,0
289,892,6.07018,346,100,0,0,0,0,0,0,55,0,2
290,1168,6.06452,376,100,0,0,0,0,0,0,60,0,2
291,1128,6.22951,380,100,0,0,0,0,0,0,54,0,7
292,1124,6.17857,346,100,0,0,0,0,0,0,51,0,5
293,872,6.14035,350,100,0,0,0,0,0,0,53,0,4
294,852,6.10909,336,100,0,0,0,0,0,0,52,0,3
295,1032,6.09375,390,100,0,0,0,0,0,0,61,0,3
296,980,6,354,100,0,0,0,0,0,0,59,0,0
297,956,6.10526,348,100,0,0,0,0,0,0,54,0,3
298,1036,6.10526,348,100,0,0,0,0,0,0,54,0,3
299,1092,6.03774,320,100,0,0,0,0,0,0,52,0,1
300,996,6.11321,324,100,0,0,0,0,0,0,50,0,3
301,908,6,336,100,0,0,0,0,0,0,56,0,0
302,908,6.03571,338,100,0,0,0,0,0,0,55,0,1
303,1044,6.03279,368,100,0,0,0,0,0,0,60,0,1
304,1016,6.0678,358,100,0,0,0,0,0,0,57,0,2
305,1036,6,366,100,0,0,0,0,0,0,61,0,0
306,996,6.0678,358,100,0,0,0,0,0,0,57,0,2
307,1064,6.09524,384,100,0,0,0,0,0,0,60,0,3
308,1020,6.06452,376,100,0,0,0,0,0,0,60,0,2
309,1136,6.05797,418,100,0,0,0,0,0,0,67,0,2
310,1016,6.13793,356,100,0,0,0,0,0,0,54,0,4
311,820,6.10714,342,100,0,0,0,0,0,0,53,0,3
312,804,6.10909,336,100,0,0,0,0,0,0,52,0,3
313,936,6.09836,372,100,0,0,0,0,0,0,58,0,3
314,920,6.09375,390,100,0,0,0,0,0,0,61,0,3
315,992,6.12308,398,100,0,0,0,0,0,0,61,0,4
316,908,6.1,366,100,0,0,0,0,0,0,57,0,3
317,876,6.1,366,100,0,0,0,0,0,0,57,0,3
318,1056,6.0339,356,100,0,0,0,0,0,0,58,0,1
319,984,6.06557,370,100,0,0,0,0,0,0,59,0,2
320,980,6.0678,358,100,0,0,0,0,0,0,57,0,2
321,896,6.13115,374,100,0,0,0,0,0,0,57,0,4
322,964,6.13333,368,100,0,0,0,0,0,0,56,0,4
323,984,6,366,100,0,0,0,0,0,0,61,0,0
324,812,6.0678,358,100,0,0,0,0,0,0,57,0,2
325,1032,6.06452,376,100,0,0,0,0,0,0,60,0,2
326,960,6.0678,358,100,0,0,0,0,0,0,57,0,2
327,880,6.03448,350,100,0,0,0,0,0,0,57,0,1
328,892,6.03333,362,100,0,0,0,0,0,0,59,0,1
329,936,6.09677,378,100,0,0,0,0,0,0,59,0,3
330,800,6.10526,348,100,0,0,0,0,0,0,54,0,3
331,872,6.13793,356,100,0,0,0,0,0,0,54,0,4
332,952,6.09375,390,100,0,0,0,0,0,0,61,0,3
333,812,6.09836,372,100,0,0,0,0,0,0,58,0,3
334,904,6.06154,394,100,0,0,0,0,0,0,63,0,2
335,956,6.125,392,100,0,0,0,0,0,0,60,0,4
336,1080,6.06349,382,100,0,0,0,0,0,0,61,0,2
337,1168,6.06154,394,100,0,0,0,0,0,0,63,0,2
338,1076,6.09836,372,100,0,0,0,0,0,0,58,0,3
339,1004,6.09677,378,100,0,0,0,0,0,0,59,0,3
340,1024,6.15385,400,100,0,0,0,0,0,0,60,0,5
341,968,6.23333,374,100,0,0,0,0,0,0,53,0,7
342,1120,6.13115,374,100,0,0,0,0,0,0,57,0,4
343,1080,6.0678,358,100,0,0,0,0,0,0,57,0,2
344,1024,6.10169,360,100,0,0,0,0,0,0,56,0,3
345,928,6.09836,372,100,0,0,0,0,0,0,58,0,3
346,1044,6.0678,358,100,0,0,0,0,0,0,57,0,2
347,1152,6.09375,390,100,0,0,0,0,0,0,61,0,3
348,1184,6,384,100,0,0,0,0,0,0,64,0,0
349,1036,6.02985,404,100,0,0,0,0,0,0,66,0,1
350,1160,6.12308,398,100,0,0,0,0,0,0,61,0,4
351,1008,6.12903,380,100,0,0,0,0,0,0,58,0,4
352,1028,6,366,100,0,0,0,0,0,0,61,0,0
353,1104,6.03279,368,100,0,0,0,0,0,0,60,0,1
354,968,6.03571,338,100,0,0,0,0,0,0,55,0,1
355,872,6.03279,368,100,0,0,0,0,0,0,60,0,1
356,952,6.07143,340,100,0,0,0,0,0,0,54,0,2
357,932,6.0339,356,100,0,0,0,0,0,0,58,0,1
358,788,6.03333,362,100,0,0,0,0,0,0,59,0,1
359,804,6.06667,364,100,0,0,0,0,0,0,58,0,2
360,816,6.06452,376,100,0,0,0,0,0,0,60,0,2
361,940,6,360,100,0,0,0,0,0,0,60,0,0
362,1108,6.0303,398,100,0,0,0,0,0,0,65,0,1
363,836,6.03333,362,100,0,0,0,0,0,0,59,0,1
364,952,6.09091,402,100,0,0,0,0,0,0,63,0,3
365,868,6.09677,378,100,0,0,0,0,0,0,59,0,3
366,900,6.03279,368,100,0,0,0,0,0,0,60,0,1
367,896,6.17241,358,100,0,0,0,0,0,0,53,0,5
368,964,6.09524,384,100,0,0,0,0,0,0,60,0,3
369,968,6.19048,390,100,0,0,0,0,0,0,57,0,6
370,920,6.21875,398,100,0,0,0,0,0,0,57,0,7
371,968,6.12308,398,100,0,0,0,0,0,0,61,0,4
372,1016,6.17647,420,100,0,0,0,0,0,0,62,0,6
373,1080,6.12903,380,100,0,0,0,0,0,0,58,0,4
374,1060,6.06667,364,100,0,0,0,0,0,0,58,0,2
375,1056,6.17241,358,100,0,0,0,0,0,0,53,0,5
376,1156,6.07018,346,100,0,0,0,0,0,0,55,0,2
377,908,6.1,366,100,0,0,0,0,0,0,57,0,3
378,1056,6.1,366,100,0,0,0,0,0,0,57,0,3
379,1044,6.09836,372,100,0,0,0,0,0,0,58,0,3
380,1036,6.13793,356,100,0,0,0,0,0,0,54,0,4
381,1004,6.18519,334,100,0,0,0,0,0,0,49,0,5
382,1052,6.17544,352,100,0,0,0,0,0,0,52,0,5
383,1192,6.16667,370,100,0,0,0,0,0,0,55,0,5
384,1116,6.14035,350,100,0,0,0,0,0,0,53,0,4
385,1112,6.09836,372,100,0,0,0,0,0,0,58,0,3
386,1004,6,342,100,0,0,0,0,0,0,57,0,0
387,880,6.10526,348,100,0,0,0,0,0,0,54,0,3
388,852,6.10526,348,100,0,0,0,0,0,0,54,0,3
389,932,6.14925,412,100,0,0,0,0,0,0,62,0,5
390,1096,6.24615,406,100,0,0,0,0,0,0,57,0,8
391,1084,6.23333,374,100,0,0,0,0,0,0,53,0,7
392,988,6.16667,370,100,0,0,0,0,0,0,55,0,5
393,1056,6.15625,394,100,0,0,0,0,0,0,59,0,5
394,1040,6.15385,400,100,0,0,0,0,0,0,60,0,5
395,1172,6.15385,400,100,0,0,0,0,0,0,60,0,5
396,1148,6.21875,398,100,0,0,0,0,0,0,57,0,7
397,1012,6.16129,382,100,0,0,0,0,0,0,57,0,5
398,1092,6.12308,398,100,0,0,0,0,0,0,61,0,4
399,1004,6.09524,384,100,0,0,0,0,0,0,60,0,3
400,1032,6.06557,370,100,0,0,0,0,0,0,59,0,2
401,1036,6.03704,326,100,0,0,0,0,0,0,53,0,1
402,1032,6.10169,360,100,0,0,0,0,0,0,56,0,3
403,1076,6.11111,330,100,0,0,0,0,0,0,51,0,3
404,1124,6.10169,360,100,0,0,0,0,0,0,56,0,3
405,1160,6.06557,370,100,0,0,0,0,0,0,59,0,2
406,1196,6.03226,374,100,0,0,0,0,0,0,61,0,1
407,996,6.07143,340,100,0,0,0,0,0,0,54,0,2
408,1184,6,330,100,0,0,0,0,0,0,55,0,0
409,1136,6.06897,352,100,0,0,0,0,0,0,56,0,2
410,1060,6.06557,370,100,0,0,0,0,0,0,59,0,2
411,1116,6.03175,380,100,0,0,0,0,0,0,62,0,1
412,1060,6.17857,346,100,0,0,0,0,0,0,51,0,5
413,1196,6.2,372,100,0,0,0,0,0,0,54,0,6
414,1372,6.23729,368,100,0,0,0,0,0,0,52,0,7
415,1200,6.21818,342,100,0,0,0,0,0,0,49,0,6
416,1028,6.21818,342,100,0,0,0,0,0,0,49,0,6
417,1140,6.15873,388,100,0,0,0,0,0,0,58,0,5
418,1328,6.27692,408,100,0,0,0,0,0,0,56,0,9
419,1412,6.08955,408,100,0,0,0,0,0,0,64,0,3
420,1108,6.1,366,100,0,0,0,0,0,0,57,0,3
421,1084,6.06557,370,100,0,0,0,0,0,0,59,0,2
422,1128,6.06557,370,100,0,0,0,0,0,0,59,0,2
423,1236,6.03448,350,100,0,0,0,0,0,0,57,0,1
424,1268,6.1,366,100,0,0,0,0,0,0,57,0,3
425,1180,6.13333,368,100,0,0,0,0,0,0,56,0,4
426,1248,6.03448,350,100,0,0,0,0,0,0,57,0,1
427,1096,6.03077,392,100,0,0,0,0,0,0,64,0,1
428,932,6.06452,376,100,0,0,0,0,0,0,60,0,2
429,1112,6.08955,408,100,0,0,0,0,0,0,64,0,3
430,876,6.09231,396,100,0,0,0,0,0,0,62,0,3
431,896,6.09091,402,100,0,0,0,0,0,0,63,0,3
432,888,6.09677,378,100,0,0,0,0,0,0,59,0,3
433,884,6.09231,396,100,0,0,0,0,0,0,62,0,3
434,908,6.0597,406,100,0,0,0,0,0,0,65,0,2
435,976,6.15152,406,100,0,0,0,0,0,0,61,0,5
436,856,6.12121,404,100,0,0,0,0,0,0,62,0,4
437,860,6.19672,378,100,0,0,0,0,0,0,55,0,6
438,872,6.03279,368,100,0,0,0,0,0,0,60,0,1
439,992,6,408,100,0,0,0,0,0,0,68,0,0
440,888,6.03226,374,100,0,0,0,0,0,0,61,0,1
441,1116,6.02941,410,100,0,0,0,0,0,0,67,0,1
442,1024,6.03125,386,100,0,0,0,0,0,0,63,0,1
443,1052,6.09375,390,100,0,0,0,0,0,0,61,0,3
444,996,6.03125,386,100,0,0,0,0,0,0,63,0,1
445,992,6,384,100,0,0,0,0,0,0,64,0,0
446,812,6.06452,376,100,0,0,0,0,0,0,60,0,2
447,928,6.03226,374,100,0,0,0,0,0,0,61,0,1
448,844,6.09836,372,100,0,0,0,0,0,0,58,0,3
449,860,6.0625,388,100,0,0,0,0,0,0,62,0,2
450,712,6,348,100,0,0,0,0,0,0,58,0,0
451,984,6,402,100,0,0,0,0,0,0,67,0,0
452,992,6.06154,394,100,0,0,0,0,0,0,63,0,2
453,880,6.06667,364,100,0,0,0,0,0,0,58,0,2
454,872,6.03175,380,100,0,0,0,0,0,0,62,0,1
455,924,6.06349,382,100,0,0,0,0,0,0,61,0,2
456,960,6,366,100,0,0,0,0,0,0,61,0,0
457,1024,6,384,100,0,0,0,0,0,0,64,0,0
458,1036,6,366,100,0,0,0,0,0,0,61,0,0
459,1120,6.06349,382,100,0,0,0,0,0,0,61,0,2
460,1004,6,342,100,0,0,0,0,0,0,57,0,0
461,984,6,336,100,0,0,0,0,0,0,56,0,0
462,1056,6,336,100,0,0,0,0,0,0,56,0,0
463,920,6.07273,334,100,0,0,0,0,0,0,53,0,2
464,1000,6.03279,368,100,0,0,0,0,0,0,60,0,1
465,992,6.1,366,100,0,0,0,0,0,0,57,0,3
466,908,6.03509,344,100,0,0,0,0,0,0,56,0,1
467,968,6,372,100,0,0,0,0,0,0,62,0,0
468,868,6.07018,346,100,0,0,0,0,0,0,55,0,2
469,896,6.03636,332,100,0,0,0,0,0,0,54,0,1
470,904,6.03571,338,100,0,0,0,0,0,0,55,0,1
471,836,6,342,100,0,0,0,0,0,0,57,0,0
472,908,6.03448,350,100,0,0,0,0,0,0,57,0,1
473,1016,6.03279,368,100,0,0,0,0,0,0,60,0,1
474,952,6.03333,362,100,0,0,0,0,0,0,59,0,1
475,1112,6.03226,374,100,0,0,0,0,0,0,61,0,1
476,928,6.03333,362,100,0,0,0,0,0,0,59,0,1
477,1132,6.03175,380,100,0,0,0,0,0,0,62,0,1
478,1092,6.0339,356,100,0,0,0,0,0,0,58,0,1
479,1024,6.0339,356,100,0,0,0,0,0,0,58,0,1
480,992,6.03448,350,100,0,0,0,0,0,0,57,0,1
481,1192,6.0339,356,100,0,0,0,0,0,0,58,0,1
482,1064,6.0678,358,100,0,0,0,0,0,0,57,0,2
483,1000,6.06897,352,100,0,0,0,0,0,0,56,0,2
484,1152,6.03226,374,100,0,0,0,0,0,0,61,0,1
485,1120,6.14545,338,100,0,0,0,0,0,0,51,0,4
486,1080,6.13559,362,100,0,0,0,0,0,0,55,0,4
487,1320,6.10169,360,100,0,0,0,0,0,0,56,0,3
488,1004,6,324,100,0,0,0,0,0,0,54,0,0
489,1140,6,366,100,0,0,0,0,0,0,61,0,0
490,1008,6.03333,362,100,0,0,0,0,0,0,59,0,1
491,1088,6,348,100,0,0,0,0,0,0,58,0,0
492,1132,6,366,100,0,0,0,0,0,0,61,0,0
493,1080,6,342,100,0,0,0,0,0,0,57,0,0
494,1184,6,366,100,0,0,0,0,0,0,61,0,0
495,1168,6,378,100,0,0,0,0,0,0,63,0,0
496,1156,6.0339,356,100,0,0,0,0,0,0,58,0,1
497,1168,6.06452,376,100,0,0,0,0,0,0,60,0,2
498,980,6.07018,346,100,0,0,0,0,0,0,55,0,2
499,1084,6.06897,352,100,0,0,0,0,0,0,56,0,2
500,1088,6.07018,346,100,0,0,0,0,0,0,55,0,2
501,936,6.10526,348,100,0,0,0,0,0,0,54,0,3
502,988,6.07018,346,100,0,0,0,0,0,0,55,0,2
503,888,6.07407,328,100,0,0,0,0,0,0,52,0,2
504,1032,6.06557,370,100,0,0,0,0,0,0,59,0,2
505,1128,6.0339,356,100,0,0,0,0,0,0,58,0,1
506,1260,6,348,100,0,0,0,0,0,0,58,0,0
507,1252,6,366,100,0,0,0,0,0,0,61,0,0
508,1172,6,336,100,0,0,0,0,0,0,56,0,0
509,1268,6,354,100,0,0,0,0,0,0,59,0,0
510,1116,6,354,100,0,0,0,0,0,0,59,0,0
511,1132,6.03333,362,100,0,0,0,0,0,0,59,0,1
512,1156,6.03125,386,100,0,0,0,0,0,0,63,0,1
513,1084,6.03333,362,100,0,0,0,0,0,0,59,0,1
514,1060,6,354,100,0,0,0,0,0,0,59,0,0
515,1260,6,384,100,0,0,0,0,0,0,64,0,0
516,1004,6,378,100,0,0,0,0,0,0,63,0,0
517,1168,6.03279,368,100,0,0,0,0,0,0,60,0,1
518,1188,6.03125,386,100,0,0,0,0,0,0,63,0,1
519,1128,6,330,100,0,0,0,0,0,0,55,0,0
520,1236,6.07143,340,100,0,0,0,0,0,0,54,0,2
521,1144,6.03509,344,100,0,0,0,0,0,0,56,0,1
522,1356,6,366,100,0,0,0,0,0,0,61,0,0
523,1076,6,336,100,0,0,0,0,0,0,56,0,0
524,1320,6.06667,364,100,0,0,0,0,0,0,58,0,2
525,1244,6.10526,348,100,0,0,0,0,0,0,54,0,3
526,1392,6.03279,368,100,0,0,0,0,0,0,60,0,1
527,1228,6.03333,362,100,0,0,0,0,0,0,59,0,1
528,1188,6.06897,352,100,0,0,0,0,0,0,56,0,2
529,1156,6.0678,358,100,0,0,0,0,0,0,57,0,2
530,960,6,342,100,0,0,0,0,0,0,57,0,0
531,1080,6,390,100,0,0,0,0,0,0,65,0,0
532,1224,6.09524,384,100,0,0,0,0,0,0,60,0,3
533,1168,6,378,100,0,0,0,0,0,0,63,0,0
534,1200,6,360,100,0,0,0,0,0,0,60,0,0
535,1256,6.0339,356,100,0,0,0,0,0,0,58,0,1
536,1016,6.03448,350,100,0,0,0,0,0,0,57,0,1
537,1084,6.09375,390,100,0,0,0,0,0,0,61,0,3
538,1180,6.10714,342,100,0,0,0,0,0,0,53,0,3
539,1068,6.10169,360,100,0,0,0,0,0,0,56,0,3
540,1088,6.03774,320,100,0,0,0,0,0,0,52,0,1
541,1088,6.14035,350,100,0,0,0,0,0,0,53,0,4
542,952,6.13793,356,100,0,0,0,0,0,0,54,0,4
543,988,6.13793,356,100,0,0,0,0,0,0,54,0,4
544,1020,6.17241,358,100,0,0,0,0,0,0,53,0,5
545,984,6.09836,372,100,0,0,0,0,0,0,58,0,3
546,960,6.13793,356,100,0,0,0,0,0,0,54,0,4
547,1068,6.06897,352,100,0,0,0,0,0,0,56,0,2
548,1176,6.10169,360,100,0,0,0,0,0,0,56,0,3
549,1140,6.0339,356,100,0,0,0,0,0,0,58,0,1
550,1268,6.13115,374,100,0,0,0,0,0,0,57,0,4
551,1288,6.1875,396,100,0,0,0,0,0,0,58,0,6
552,1080,6.21875,398,100,0,0,0,0,0,0,57,0,7
553,1184,6.20588,422,100,0,0,0,0,0,0,61,0,7
554,1352,6.1791,414,100,0,0,0,0,0,0,61,0,6
555,1380,6.0678,358,100,0,0,0,0,0,0,57,0,2
556,1480,6.10345,354,100,0,0,0,0,0,0,55,0,3
557,1368,6.1,366,100,0,0,0,0,0,0,57,0,3
558,1392,6.03509,344,100,0,0,0,0,0,0,56,0,1
559,1192,6.10169,360,100,0,0,0,0,0,0,56,0,3
560,1228,6.06452,376,100,0,0,0,0,0,0,60,0,2
561,1084,6.09524,384,100,0,0,0,0,0,0,60,0,3
562,1092,6.10169,360,100,0,0,0,0,0,0,56,0,3
563,1176,6.06154,394,100,0,0,0,0,0,0,63,0,2
564,1184,6.03226,374,100,0,0,0,0,0,0,61,0,1
565,1104,6.03333,362,100,0,0,0,0,0,0,59,0,1
566,1156,6.06557,370,100,0,0,0,0,0,0,59,0,2
567,1192,6.06667,364,100,0,0,0,0,0,0,58,0,2
568,1016,6.03571,338,100,0,0,0,0,0,0,55,0,1
569,1100,6.06154,394,100,0,0,0,0,0,0,63,0,2
570,1000,6.13115,374,100,0,0,0,0,0,0,57,0,4
571,984,6,366,100,0,0,0,0,0,0,61,0,0
572,1056,6,366,100,0,0,0,0,0,0,61,0,0
573,1212,6,378,100,0,0,0,0,0,0,63,0,0
574,952,6,360,100,0,0,0,0,0,0,60,0,0
575,852,6,342,100,0,0,0,0,0,0,57,0,0
576,940,6.07018,346,100,0,0,0,0,0,0,55,0,2
577,992,6.0678,358,100,0,0,0,0,0,0,57,0,2
578,884,6.10345,354,100,0,0,0,0,0,0,55,0,3
579,984,6.06897,352,100,0,0,0,0,0,0,56,0,2
580,1020,6.0678,358,100,0,0,0,0,0,0,57,0,2
581,1024,6.10169,360,100,0,0,0,0,0,0,56,0,3
582,956,6.10169,360,100,0,0,0,0,0,0,56,0,3
583,836,6.17241,358,100,0,0,0,0,0,0,53,0,5
584,988,6.2069,360,100,0,0,0,0,0,0,52,0,6
585,960,6.0678,358,100,0,0,0,0,0,0,57,0,2
586,848,6.03333,362,100,0,0,0,0,0,0,59,0,1
587,828,6.03571,338,100,0,0,0,0,0,0,55,0,1
588,752,6.03448,350,100,0,0,0,0,0,0,57,0,1
589,708,6,348,100,0,0,0,0,0,0,58,0,0
590,908,6,366,100,0,0,0,0,0,0,61,0,0
591,980,6,378,100,0,0,0,0,0,0,63,0,0
592,936,6,384,100,0,0,0,0,0,0,64,0,0
593,1004,6.03226,374,100,0,0,0,0,0,0,61,0,1
594,1024,6.06667,364,100,0,0,0,0,0,0,58,0,2
595,888,6,360,100,0,0,0,0,0,0,60,0,0
596,824,6.03333,362,100,0,0,0,0,0,0,59,0,1
597,824,6.03077,392,100,0,0,0,0,0,0,64,0,1
598,864,6.03226,374,100,0,0,0,0,0,0,61,0,1
599,944,6.0625,388,100,0,0,0,0,0,0,62,0,2
600,968,6.12121,404,100,0,0,0,0,0,0,62,0,4
601,884,6.09836,372,100,0,0,0,0,0,0,58,0,3
602,1080,6.03125,386,100,0,0,0,0,0,0,63,0,1
603,864,6,360,100,0,0,0,0,0,0,60,0,0
604,896,6.10169,360,100,0,0,0,0,0,0,56,0,3
605,984,6.06452,376,100,0,0,0,0,0,0,60,0,2
606,1140,6.09836,372,100,0,0,0,0,0,0,58,0,3
607,1152,6.06557,370,100,0,0,0,0,0,0,59,0,2
608,852,6.14815,332,100,0,0,0,0,0,0,50,0,4
609,908,6.20339,366,100,0,0,0,0,0,0,53,0,6
610,908,6.25,350,100,0,0,0,0,0,0,49,0,7
611,824,6.23729,368,100,0,0,0,0,0,0,52,0,7
612,948,6.13793,356,100,0,0,0,0,0,0,54,0,4
613,976,6.07143,340,100,0,0,0,0,0,0,54,0,2
614,1028,6.06349,382,100,0,0,0,0,0,0,61,0,2
615,848,6.10714,342,100,0,0,0,0,0,0,53,0,3
616,1040,6.09375,390,100,0,0,0,0,0,0,61,0,3
617,956,6.10345,354,100,0,0,0,0,0,0,55,0,3
618,972,6.17857,346,100,0,0,0,0,0,0,51,0,5
619,1128,6.17544,352,100,0,0,0,0,0,0,52,0,5
620,1144,6.27586,364,100,0,0,0,0,0,0,50,0,8
621,964,6.16949,364,100,0,0,0,0,0,0,54,0,5
622,1164,6.2623,382,100,0,0,0,0,0,0,53,0,8
623,1076,6.32727,348,100,0,0,0,0,0,0,46,0,9
624,1044,6.25455,344,100,0,0,0,0,0,0,48,0,7
625,1108,6.5,364,100,0,0,0,0,0,0,42,0,14
626,1164,6.37931,370,100,0,0,0,0,0,0,47,0,11
627,1376,6.48387,402,100,0,0,0,0,0,0,47,0,15
628,1124,6.37736,338,100,0,0,0,0,0,0,43,0,10
629,1056,6.31579,360,100,0,0,0,0,0,0,48,0,9
630,1284,6.54237,386,100,0,0,0,0,0,0,43,0,16
631,1272,6.39286,358,100,0,0,0,0,0,0,45,0,11
632,1164,6.30508,372,100,0,0,0,0,0,0,50,0,9
633,1192,6.23729,368,100,0,0,0,0,0,0,52,0,7
634,1084,6.17544,352,100,0,0,0,0,0,0,52,0,5
635,1100,6.03448,350,100,0,0,0,0,0,0,57,0,1
636,1176,6.13559,362,100,0,0,0,0,0,0,55,0,4
637,1036,6.17544,352,100,0,0,0,0,0,0,52,0,5
638,936,6.14035,350,100,0,0,0,0,0,0,53,0,4
639,1200,6.13333,368,100,0,0,0,0,0,0,56,0,4
640,1072,6.27586,364,100,0,0,0,0,0,0,50,0,8
641,1180,6.2,372,100,0,0,0,0,0,0,54,0,6
642,1088,6.13115,374,100,0,0,0,0,0,0,57,0,4
643,960,6.06557,370,100,0,0,0,0,0,0,59,0,2
644,984,6.2069,360,100,0,0,0,0,0,0,52,0,6
645,932,6.17241,358,100,0,0,0,0,0,0,53,0,5
646,896,6.14035,350,100,0,0,0,0,0,0,53,0,4
647,1000,6.13333,368,100,0,0,0,0,0,0,56,0,4
648,968,6.15873,388,100,0,0,0,0,0,0,58,0,5
649,1088,6.21875,398,100,0,0,0,0,0,0,57,0,7
650,980,6.19048,390,100,0,0,0,0,0,0,57,0,6
651,1204,6.19048,390,100,0,0,0,0,0,0,57,0,6
652,1200,6.2,372,100,0,0,0,0,0,0,54,0,6
653,996,6.16667,370,100,0,0,0,0,0,0,55,0,5
654,956,6.06897,352,100,0,0,0,0,0,0,56,0,2
655,948,6.10169,360,100,0,0,0,0,0,0,56,0,3
656,912,6.10526,348,100,0,0,0,0,0,0,54,0,3
657,936,6.17857,346,100,0,0,0,0,0,0,51,0,5
658,1052,6.19672,378,100,0,0,0,0,0,0,55,0,6
659,1176,6.25397,394,100,0,0,0,0,0,0,55,0,8
660,1188,6.19672,378,100,0,0,0,0,0,0,55,0,6
661,1084,6.24138,362,100,0,0,0,0,0,0,51,0,7
662,1200,6.12308,398,100,0,0,0,0,0,0,61,0,4
663,1188,6.21538,404,100,0,0,0,0,0,0,58,0,7
664,1228,6.12121,404,100,0,0,0,0,0,0,62,0,4
665,1088,6.17544,352,100,0,0,0,0,0,0,52,0,5
666,1280,6.09524,384,100,0,0,0,0,0,0,60,0,3
667,1112,6.12903,380,100,0,0,0,0,0,0,58,0,4
668,1072,6.09375,390,100,0,0,0,0,0,0,61,0,3
669,1024,6.06667,364,100,0,0,0,0,0,0,58,0,2
670,896,6.03571,338,100,0,0,0,0,0,0,55,0,1
671,1140,6.06897,352,100,0,0,0,0,0,0,56,0,2
672,1084,6.14286,344,100,0,0,0,0,0,0,52,0,4
673,1104,6.16667,370,100,0,0,0,0,0,0,55,0,5
674,972,6.23077,324,100,0,0,0,0,0,0,46,0,6
675,1208,6.16667,370,100,0,0,0,0,0,0,55,0,5
676,1048,6.23333,374,100,0,0,0,0,0,0,53,0,7
677,1032,6.10345,354,100,0,0,0,0,0,0,55,0,3
678,1084,6.14035,350,100,0,0,0,0,0,0,53,0,4
679,928,6.19231,322,100,0,0,0,0,0,0,47,0,5
680,1108,6.10169,360,100,0,0,0,0,0,0,56,0,3
681,836,6.11111,330,100,0,0,0,0,0,0,51,0,3
682,1104,6.2,372,100,0,0,0,0,0,0,54,0,6
683,1152,6.19672,378,100,0,0,0,0,0,0,55,0,6
684,1092,6.16393,376,100,0,0,0,0,0,0,56,0,5
685,1004,6.13559,362,100,0,0,0,0,0,0,55,0,4
686,1168,6.15625,394,100,0,0,0,0,0,0,59,0,5
687,980,6.13559,362,100,0,0,0,0,0,0,55,0,4
688,980,6.13559,362,100,0,0,0,0,0,0,55,0,4
689,820,6.07273,334,100,0,0,0,0,0,0,53,0,2
690,964,6.03509,344,100,0,0,0,0,0,0,56,0,1
691,892,6.03636,332,100,0,0,0,0,0,0,54,0,1
692,1048,6.03125,386,100,0,0,0,0,0,0,63,0,1
693,1068,6.06061,400,100,0,0,0,0,0,0,64,0,2
694,904,6,396,100,0,0,0,0,0,0,66,0,0
695,944,6.02857,422,100,0,0,0,0,0,0,69,0,1
696,968,6.08696,420,100,0,0,0,0,0,0,66,0,3
697,944,6.12308,398,100,0,0,0,0,0,0,61,0,4
698,884,6.09231,396,100,0,0,0,0,0,0,62,0,3
699,832,6.09091,402,100,0,0,0,0,0,0,63,0,3
700,760,6.06349,382,100,0,0,0,0,0,0,61,0,2
701,968,6.11429,428,100,0,0,0,0,0,0,66,0,4
702,848,6.125,392,100,0,0,0,0,0,0,60,0,4
703,856,6.09091,402,100,0,0,0,0,0,0,63,0,3
704,904,6.06154,394,100,0,0,0,0,0,0,63,0,2
705,1008,6.08696,420,100,0,0,0,0,0,0,66,0,3
706,916,6.03125,386,100,0,0,0,0,0,0,63,0,1
707,1016,6.0303,398,100,0,0,0,0,0,0,65,0,1
708,1016,6.03226,374,100,0,0,0,0,0,0,61,0,1
709,952,6,348,100,0,0,0,0,0,0,58,0,0
710,1040,6,372,100,0,0,0,0,0,0,62,0,0
711,848,6,336,100,0,0,0,0,0,0,56,0,0
712,1044,6,378,100,0,0,0,0,0,0,63,0,0
713,928,6,360,100,0,0,0,0,0,0,60,0,0
714,892,6.03077,392,100,0,0,0,0,0,0,64,0,1
715,800,6,378,100,0,0,0,0,0,0,63,0,0
716,896,6,378,100,0,0,0,0,0,0,63,0,0
717,1008,6,354,100,0,0,0,0,0,0,59,0,0
718,1156,6,384,100,0,0,0,0,0,0,64,0,0
719,1136,6,372,100,0,0,0,0,0,0,62,0,0
720,964,6,348,100,0,0,0,0,0,0,58,0,0
721,1036,6.03175,380,100,0,0,0,0,0,0,62,0,1
722,1076,6.03333,362,100,0,0,0,0,0,0,59,0,1
723,972,6.0678,358,100,0,0,0,0,0,0,57,0,2
724,956,6.03226,374,100,0,0,0,0,0,0,61,0,1
725,1092,6,366,100,0,0,0,0,0,0,61,0,0
726,924,6,384,100,0,0,0,0,0,0,64,0,0
727,1056,6.03125,386,100,0,0,0,0,0,0,63,0,1
728,1048,6.0339,356,100,0,0,0,0,0,0,58,0,1
729,936,6.0339,356,100,0,0,0,0,0,0,58,0,1
730,900,6.03333,362,100,0,0,0,0,0,0,59,0,1
731,860,6.03333,362,100,0,0,0,0,0,0,59,0,1
732,996,6.03125,386,100,0,0,0,0,0,0,63,0,1
733,964,6,330,100,0,0,0,0,0,0,55,0,0
734,1192,6,360,100,0,0,0,0,0,0,60,0,0
735,1060,6,360,100,0,0,0,0,0,0,60,0,0
736,980,6,354,100,0,0,0,0,0,0,59,0,0
737,1000,6,378,100,0,0,0,0,0,0,63,0,0
738,840,6,366,100,0,0,0,0,0,0,61,0,0
739,848,6,336,100,0,0,0,0,0,0,56,0,0
740,776,6,342,100,0,0,0,0,0,0,57,0,0
741,756,6,360,100,0,0,0,0,0,0,60,0,0
742,844,6,372,100,0,0,0,0,0,0,62,0,0
743,780,6,378,100,0,0,0,0,0,0,63,0,0
744,904,6.06557,370,100,0,0,0,0,0,0,59,0,2
745,856,6.06897,352,100,0,0,0,0,0,0,56,0,2
746,892,6.09677,378,100,0,0,0,0,0,0,59,0,3
747,916,6.0625,388,100,0,0,0,0,0,0,62,0,2
748,828,6.03333,362,100,0,0,0,0,0,0,59,0,1
749,932,6.03226,374,100,0,0,0,0,0,0,61,0,1
750,1036,6.06557,370,100,0,0,0,0,0,0,59,0,2
751,932,6.06897,352,100,0,0,0,0,0,0,56,0,2
752,920,6,312,100,0,0,0,0,0,0,52,0,0
753,1140,6,354,100,0,0,0,0,0,0,59,0,0
754,864,6.0339,356,100,0,0,0,0,0,0,58,0,1
755,920,6.06897,352,100,0,0,0,0,0,0,56,0,2
756,900,6.06557,370,100,0,0,0,0,0,0,59,0,2
757,888,6.03333,362,100,0,0,0,0,0,0,59,0,1
758,976,6.06349,382,100,0,0,0,0,0,0,61,0,2
759,984,6,396,100,0,0,0,0,0,0,66,0,0
760,796,6,372,100,0,0,0,0,0,0,62,0,0
761,896,6,396,100,0,0,0,0,0,0,66,0,0
762,904,6.08955,408,100,0,0,0,0,0,0,64,0,3
763,912,6.03125,386,100,0,0,0,0,0,0,63,0,1
764,860,6.12698,386,100,0,0,0,0,0,0,59,0,4
765,884,6.14493,424,100,0,0,0,0,0,0,64,0,5
766,824,6.13115,374,100,0,0,0,0,0,0,57,0,4
767,840,6.20339,366,100,0,0,0,0,0,0,53,0,6
768,916,6.2,372,100,0,0,0,0,0,0,54,0,6
769,872,6.12698,386,100,0,0,0,0,0,0,59,0,4
770,1008,6.19048,390,100,0,0,0,0,0,0,57,0,6
771,1012,6.19048,390,100,0,0,0,0,0,0,57,0,6
772,1064,6.12903,380,100,0,0,0,0,0,0,58,0,4
773,936,6.09836,372,100,0,0,0,0,0,0,58,0,3
774,816,6.0339,356,100,0,0,0,0,0,0,58,0,1
775,852,6.09677,378,100,0,0,0,0,0,0,59,0,3
776,804,6.06557,370,100,0,0,0,0,0,0,59,0,2
777,824,6.03175,380,100,0,0,0,0,0,0,62,0,1
778,692,6.0339,356,100,0,0,0,0,0,0,58,0,1
779,856,6,372,100,0,0,0,0,0,0,62,0,0
780,844,6,372,100,0,0,0,0,0,0,62,0,0
781,976,6,372,100,0,0,0,0,0,0,62,0,0
782,916,6,348,100,0,0,0,0,0,0,58,0,0
783,1048,6,354,100,0,0,0,0,0,0,59,0,0
784,1356,6.03175,380,100,0,0,0,0,0,0,62,0,1
785,1052,6.03448,350,100,0,0,0,0,0,0,57,0,1
786,976,6.07273,334,100,0,0,0,0,0,0,53,0,2
787,1020,6,348,100,0,0,0,0,0,0,58,0,0
788,1120,6,378,100,0,0,0,0,0,0,63,0,0
789,1068,6,354,100,0,0,0,0,0,0,59,0,0
790,1040,6,360,100,0,0,0,0,0,0,60,0,0
791,1152,6,372,100,0,0,0,0,0,0,62,0,0
792,1056,6.03279,368,100,0,0,0,0,0,0,60,0,1
793,1096,6.06667,364,100,0,0,0,0,0,0,58,0,2
794,1248,6.03571,338,100,0,0,0,0,0,0,55,0,1
795,1340,6,396,100,0,0,0,0,0,0,66,0,0
796,1564,6.03279,368,100,0,0,0,0,0,0,60,0,1
797,1256,6,372,100,0,0,0,0,0,0,62,0,0
798,1304,6.03333,362,100,0,0,0,0,0,0,59,0,1
799,1152,6.03509,344,100,0,0,0,0,0,0,56,0,1
800,948,6,360,100,0,0,0,0,0,0,60,0,0
801,1156,6.0678,358,100,0,0,0,0,0,0,57,0,2
802,1220,6,372,100,0,0,0,0,0,0,62,0,0
803,1016,6.03279,368,100,0,0,0,0,0,0,60,0,1
804,1088,6.09524,384,100,0,0,0,0,0,0,60,0,3
805,1248,6.05797,418,100,0,0,0,0,0,0,67,0,2
806,1216,6,390,100,0,0,0,0,0,0,65,0,0
807,1024,6.03279,368,100,0,0,0,0,0,0,60,0,1
808,1228,6.0678,358,100,0,0,0,0,0,0,57,0,2
809,1248,6.13559,362,100,0,0,0,0,0,0,55,0,4
810,1328,6.13559,362,100,0,0,0,0,0,0,55,0,4
811,1208,6.09375,390,100,0,0,0,0,0,0,61,0,3
812,892,6.06349,382,100,0,0,0,0,0,0,61,0,2
813,1020,6.0625,388,100,0,0,0,0,0,0,62,0,2
814,900,6.03279,368,100,0,0,0,0,0,0,60,0,1
815,1048,6,402,100,0,0,0,0,0,0,67,0,0
816,1200,6.09375,390,100,0,0,0,0,0,0,61,0,3
817,1392,6.11594,422,100,0,0,0,0,0,0,65,0,4
818,1264,6.09836,372,100,0,0,0,0,0,0,58,0,3
819,1424,6.09231,396,100,0,0,0,0,0,0,62,0,3
820,1292,6.12698,386,100,0,0,0,0,0,0,59,0,4
821,1316,6.12698,386,100,0,0,0,0,0,0,59,0,4
822,1464,6.15152,406,100,0,0,0,0,0,0,61,0,5
823,1312,6.03279,368,100,0,0,0,0,0,0,60,0,1
824,1472,6.06557,370,100,0,0,0,0,0,0,59,0,2
825,1428,6.0339,356,100,0,0,0,0,0,0,58,0,1
826,1468,6.03448,350,100,0,0,0,0,0,0,57,0,1
827,1436,6.09375,390,100,0,0,0,0,0,0,61,0,3
828,1204,6,342,100,0,0,0,0,0,0,57,0,0
829,1292,6,372,100,0,0,0,0,0,0,62,0,0
830,1304,6.12903,380,100,0,0,0,0,0,0,58,0,4
831,1068,6.10169,360,100,0,0,0,0,0,0,56,0,3
832,1352,6.03077,392,100,0,0,0,0,0,0,64,0,1
833,968,6.12903,380,100,0,0,0,0,0,0,58,0,4
834,820,6.1,366,100,0,0,0,0,0,0,57,0,3
835,1188,6.125,392,100,0,0,0,0,0,0,60,0,4
836,1228,6.06154,394,100,0,0,0,0,0,0,63,0,2
837,1332,6.09836,372,100,0,0,0,0,0,0,58,0,3
838,1280,6.17544,352,100,0,0,0,0,0,0,52,0,5
839,1564,6.16393,376,100,0,0,0,0,0,0,56,0,5
840,1412,6.03571,338,100,0,0,0,0,0,0,55,0,1
841,1292,6.10169,360,100,0,0,0,0,0,0,56,0,3
842,1040,6.07273,334,100,0,0,0,0,0,0,53,0,2
843,1228,6.06667,364,100,0,0,0,0,0,0,58,0,2
844,1420,6.09524,384,100,0,0,0,0,0,0,60,0,3
845,1504,6.10345,354,100,0,0,0,0,0,0,55,0,3
846,1820,6.06667,364,100,0,0,0,0,0,0,58,0,2
847,1928,6.06154,394,100,0,0,0,0,0,0,63,0,2
848,1704,6.06897,352,100,0,0,0,0,0,0,56,0,2
849,1356,6.11111,330,100,0,0,0,0,0,0,51,0,3
850,1524,6.06452,376,100,0,0,0,0,0,0,60,0,2
851,1512,6.09677,378,100,0,0,0,0,0,0,59,0,3
852,1296,6.10345,354,100,0,0,0,0,0,0,55,0,3
853,1480,6.06061,400,100,0,0,0,0,0,0,64,0,2
854,1464,6.09524,384,100,0,0,0,0,0,0,60,0,3
855,1392,6.09836,372,100,0,0,0,0,0,0,58,0,3
856,1412,6.03077,392,100,0,0,0,0,0,0,64,0,1
857,1308,6.03226,374,100,0,0,0,0,0,0,61,0,1
858,1124,6.06349,382,100,0,0,0,0,0,0,61,0,2
859,1356,6.05882,412,100,0,0,0,0,0,0,66,0,2
860,1524,6.03226,374,100,0,0,0,0,0,0,61,0,1
861,1496,6.06557,370,100,0,0,0,0,0,0,59,0,2
862,1688,6.09524,384,100,0,0,0,0,0,0,60,0,3
863,1716,6.15385,400,100,0,0,0,0,0,0,60,0,5
864,1804,6.2,372,100,0,0,0,0,0,0,54,0,6
865,1884,6.22951,380,100,0,0,0,0,0,0,54,0,7
866,1988,6.13115,374,100,0,0,0,0,0,0,57,0,4
867,1588,6.13115,374,100,0,0,0,0,0,0,57,0,4
868,1508,6.07018,346,100,0,0,0,0,0,0,55,0,2
869,1920,6,384,100,0,0,0,0,0,0,64,0,0
870,2008,6.03226,374,100,0,0,0,0,0,0,61,0,1
871,1820,6.09836,372,100,0,0,0,0,0,0,58,0,3
872,1688,6.03333,362,100,0,0,0,0,0,0,59,0,1
873,2124,6.0678,358,100,0,0,0,0,0,0,57,0,2
874,1696,6.03448,350,100,0,0,0,0,0,0,57,0,1
875,1468,6.03704,326,100,0,0,0,0,0,0,53,0,1
876,1604,6.03448,350,100,0,0,0,0,0,0,57,0,1
877,1436,6.10169,360,100,0,0,0,0,0,0,56,0,3
878,1740,6.1,366,100,0,0,0,0,0,0,57,0,3
879,1792,6.10169,360,100,0,0,0,0,0,0,56,0,3
880,1976,6.10526,348,100,0,0,0,0,0,0,54,0,3
881,2104,6.14035,350,100,0,0,0,0,0,0,53,0,4
882,2124,6.14286,344,100,0,0,0,0,0,0,52,0,4
883,2592,6.2069,360,100,0,0,0,0,0,0,52,0,6
884,2820,6.23729,368,100,0,0,0,0,0,0,52,0,7
885,2872,6.22581,386,100,0,0,0,0,0,0,55,0,7
886,2120,6.15094,326,100,0,0,0,0,0,0,49,0,4
887,1144,6.14035,350,100,0,0,0,0,0,0,53,0,4
888,1228,6.03774,320,100,0,0,0,0,0,0,52,0,1
889,1324,6,336,100,0,0,0,0,0,0,56,0,0
890,1200,6.07692,316,100,0,0,0,0,0,0,50,0,2
891,1328,6.07273,334,100,0,0,0,0,0,0,53,0,2
892,1556,6.09677,378,100,0,0,0,0,0,0,59,0,3
893,1176,6.10169,360,100,0,0,0,0,0,0,56,0,3
894,1440,6.03077,392,100,0,0,0,0,0,0,64,0,1
895,1292,6.0339,356,100,0,0,0,0,0,0,58,0,1
896,1280,6,354,100,0,0,0,0,0,0,59,0,0
897,1396,6,366,100,0,0,0,0,0,0,61,0,0
898,1472,6,348,100,0,0,0,0,0,0,58,0,0
899,1564,6,366,100,0,0,0,0,0,0,61,0,0
900,1488,6,354,100,0,0,0,0,0,0,59,0,0
901,944,6,348,100,0,0,0,0,0,0,58,0,0
902,976,6,372,100,0,0,0,0,0,0,62,0,0
903,928,6,366,100,0,0,0,0,0,0,61,0,0
904,928,6.03279,368,100,0,0,0,0,0,0,60,0,1
905,796,6.06897,352,100,0,0,0,0,0,0,56,0,2
906,868,6.09836,372,100,0,0,0,0,0,0,58,0,3
907,860,6.06154,394,100,0,0,0,0,0,0,63,0,2
908,836,6.0339,356,100,0,0,0,0,0,0,58,0,1
909,972,6.06557,370,100,0,0,0,0,0,0,59,0,2
910,848,6.07018,346,100,0,0,0,0,0,0,55,0,2
911,972,6.12698,386,100,0,0,0,0,0,0,59,0,4
912,900,6.10169,360,100,0,0,0,0,0,0,56,0,3
913,916,6.06557,370,100,0,0,0,0,0,0,59,0,2
914,904,6.03226,374,100,0,0,0,0,0,0,61,0,1
915,1036,6.03333,362,100,0,0,0,0,0,0,59,0,1
916,976,6.06349,382,100,0,0,0,0,0,0,61,0,2
917,908,6.07143,340,100,0,0,0,0,0,0,54,0,2
918,936,6.16949,364,100,0,0,0,0,0,0,54,0,5
919,1040,6.17544,352,100,0,0,0,0,0,0,52,0,5
920,992,6.14545,338,100,0,0,0,0,0,0,51,0,4
921,940,6.21053,354,100,0,0,0,0,0,0,51,0,6
922,900,6.10714,342,100,0,0,0,0,0,0,53,0,3
923,1052,6.06557,370,100,0,0,0,0,0,0,59,0,2
924,1064,6.13793,356,100,0,0,0,0,0,0,54,0,4
925,1128,6.13793,356,100,0,0,0,0,0,0,54,0,4
926,940,6.10714,342,100,0,0,0,0,0,0,53,0,3
927,980,6.13559,362,100,0,0,0,0,0,0,55,0,4
928,908,6.07143,340,100,0,0,0,0,0,0,54,0,2
929,996,6.13559,362,100,0,0,0,0,0,0,55,0,4
930,1012,6.0678,358,100,0,0,0,0,0,0,57,0,2
931,1028,6.0678,358,100,0,0,0,0,0,0,57,0,2
932,1008,6.06897,352,100,0,0,0,0,0,0,56,0,2
933,1044,6.03448,350,100,0,0,0,0,0,0,57,0,1
934,1160,6.03509,344,100,0,0,0,0,0,0,56,0,1
935,1152,6,348,100,0,0,0,0,0,0,58,0,0
936,1108,6.0339,356,100,0,0,0,0,0,0,58,0,1
937,1208,6.09524,384,100,0,0,0,0,0,0,60,0,3
938,1136,6.07018,346,100,0,0,0,0,0,0,55,0,2
939,1012,6.09836,372,100,0,0,0,0,0,0,58,0,3
940,1064,6.03125,386,100,0,0,0,0,0,0,63,0,1
941,1108,6.02985,404,100,0,0,0,0,0,0,66,0,1
942,1028,6.06667,364,100,0,0,0,0,0,0,58,0,2
943,904,6,318,100,0,0,0,0,0,0,53,0,0
944,1068,6,360,100,0,0,0,0,0,0,60,0,0
945,944,6.03509,344,100,0,0,0,0,0,0,56,0,1
946,1044,6.07018,346,100,0,0,0,0,0,0,55,0,2
947,1124,6.0339,356,100,0,0,0,0,0,0,58,0,1
948,1068,6.11321,324,100,0,0,0,0,0,0,50,0,3
949,1256,6.07407,328,100,0,0,0,0,0,0,52,0,2
950,1248,6.07692,316,100,0,0,0,0,0,0,50,0,2
951,1360,6.06557,370,100,0,0,0,0,0,0,59,0,2
952,1296,6.13559,362,100,0,0,0,0,0,0,55,0,4
953,1300,6.06557,370,100,0,0,0,0,0,0,59,0,2
954,1284,6.03509,344,100,0,0,0,0,0,0,56,0,1
955,1212,6.03636,332,100,0,0,0,0,0,0,54,0,1
956,1392,6,360,100,0,0,0,0,0,0,60,0,0
957,1144,6.0678,358,100,0,0,0,0,0,0,57,0,2
958,1152,6.09677,378,100,0,0,0,0,0,0,59,0,3
959,1168,6.03175,380,100,0,0,0,0,0,0,62,0,1
960,1232,6.10526,348,100,0,0,0,0,0,0,54,0,3
961,1400,6.10909,336,100,0,0,0,0,0,0,52,0,3
962,1180,6,318,100,0,0,0,0,0,0,53,0,0
963,1224,6.06557,370,100,0,0,0,0,0,0,59,0,2
964,1344,6.0339,356,100,0,0,0,0,0,0,58,0,1
965,1260,6.03279,368,100,0,0,0,0,0,0,60,0,1
966,1368,6.16129,382,100,0,0,0,0,0,0,57,0,5
967,1324,6.03226,374,100,0,0,0,0,0,0,61,0,1
968,1140,6.03077,392,100,0,0,0,0,0,0,64,0,1
969,996,6,390,100,0,0,0,0,0,0,65,0,0
970,1000,6.03175,380,100,0,0,0,0,0,0,62,0,1
971,1088,6.0303,398,100,0,0,0,0,0,0,65,0,1
972,1124,6.03077,392,100,0,0,0,0,0,0,64,0,1
973,1036,6.09375,390,100,0,0,0,0,0,0,61,0,3
974,800,6.03125,386,100,0,0,0,0,0,0,63,0,1
975,1024,6.12698,386,100,0,0,0,0,0,0,59,0,4
976,992,6.10169,360,100,0,0,0,0,0,0,56,0,3
977,1056,6.07143,340,100,0,0,0,0,0,0,54,0,2
978,1164,6.0339,356,100,0,0,0,0,0,0,58,0,1
979,1200,6.03448,350,100,0,0,0,0,0,0,57,0,1
980,1268,6.03125,386,100,0,0,0,0,0,0,63,0,1
981,1180,6.0625,388,100,0,0,0,0,0,0,62,0,2
982,1224,6.08824,414,100,0,0,0,0,0,0,65,0,3
983,968,6.02985,404,100,0,0,0,0,0,0,66,0,1
984,1136,6.0303,398,100,0,0,0,0,0,0,65,0,1
985,1096,6.02985,404,100,0,0,0,0,0,0,66,0,1
986,940,6.03509,344,100,0,0,0,0,0,0,56,0,1
987,1124,6.03279,368,100,0,0,0,0,0,0,60,0,1
988,1136,6,390,100,0,0,0,0,0,0,65,0,0
989,996,6.03226,374,100,0,0,0,0,0,0,61,0,1
990,1160,6.09375,390,100,0,0,0,0,0,0,61,0,3
991,1256,6.03509,344,100,0,0,0,0,0,0,56,0,1
992,1216,6,342,100,0,0,0,0,0,0,57,0,0
993,1236,6,348,100,0,0,0,0,0,0,58,0,0
994,1068,6.03509,344,100,0,0,0,0,0,0,56,0,1
995,1184,6.03448,350,100,0,0,0,0,0,0,57,0,1
996,1088,6,336,100,0,0,0,0,0,0,56,0,0
997,1132,6.07018,346,100,0,0,0,0,0,0,55,0,2
998,1264,6.03125,386,100,0,0,0,0,0,0,63,0,1
999,1224,6.0339,356,100,0,0,0,0,0,0,58,0,1
