update,points,mean_tasks,total_tasks,total_orgs,task_0,task_1,task_2,task_3,task_4,task_5,task_6,task_7,task_8
0,0,nan,0,10,0,0,0,0,0,0,0,0,0
1,76,6,30,11,0,0,0,0,0,0,5,0,0
2,108,6,42,11,0,0,0,0,0,0,7,0,0
3,120,6,48,12,0,0,0,0,0,0,8,0,0
4,132,6,54,16,0,0,0,0,0,0,9,0,0
5,132,6,66,19,0,0,0,0,0,0,11,0,0
6,140,6,72,21,0,0,0,0,0,0,12,0,0
7,192,6,90,26,0,0,0,0,0,0,15,0,0
8,256,6.1,122,30,0,0,0,0,0,0,19,0,1
9,268,6,126,33,0,0,0,0,0,0,21,0,0
10,304,6,144,37,0,0,0,0,0,0,24,0,0
11,356,6.08,152,41,0,0,0,0,0,0,24,0,1
12,412,6.06061,200,47,0,0,0,0,0,0,32,0,1
13,432,6.05714,212,53,0,0,0,0,0,0,34,0,1
14,472,6.11111,220,58,0,0,0,0,0,0,34,0,2
15,572,6.04651,260,65,0,0,0,0,0,0,42,0,1
16,560,6.09091,268,69,0,0,0,0,0,0,42,0,2
17,700,6.12245,300,70,0,0,0,0,0,0,46,0,3
18,644,6.08333,292,75,0,0,0,0,0,0,46,0,2
19,736,6.03704,326,80,0,0,0,0,0,0,53,0,1
20,716,6.15385,320,81,0,0,0,0,0,0,48,0,4
21,772,6.14035,350,84,0,0,0,0,0,0,53,0,4
22,740,6.10526,348,86,0,0,0,0,0,0,54,0,3
23,864,6.16949,364,87,0,0,0,0,0,0,54,0,5
24,776,6.14035,350,91,0,0,0,0,0,0,53,0,4
25,936,6.13793,356,92,0,0,0,0,0,0,54,0,4
26,892,6.13793,356,96,0,0,0,0,0,0,54,0,4
27,868,6.16949,364,98,0,0,0,0,0,0,54,0,5
28,992,6.13333,368,98,0,0,0,0,0,0,56,0,4
29,1044,6.09524,384,100,0,0,0,0,0,0,60,0,3
30,1120,6.08824,414,100,0,0,0,0,0,0,65,0,3
31,972,6.06667,364,100,0,0,0,0,0,0,58,0,2
32,1008,6.03226,374,100,0,0,0,0,0,0,61,0,1
33,980,6.0678,358,100,0,0,0,0,0,0,57,0,2
34,1084,6.03125,386,100,0,0,0,0,0,0,63,0,1
35,868,6.03571,338,100,0,0,0,0,0,0,55,0,1
36,852,6.10909,336,100,0,0,0,0,0,0,52,0,3
37,992,6.09375,390,100,0,0,0,0,0,0,61,0,3
38,844,6.10345,354,100,0,0,0,0,0,0,55,0,3
39,880,6.0678,358,100,0,0,0,0,0,0,57,0,2
40,844,6.14815,332,100,0,0,0,0,0,0,50,0,4
41,860,6.03636,332,100,0,0,0,0,0,0,54,0,1
42,812,6.06897,352,100,0,0,0,0,0,0,56,0,2
43,952,6.03175,380,100,0,0,0,0,0,0,62,0,1
44,776,6.03279,368,100,0,0,0,0,0,0,60,0,1
45,888,6.06452,376,100,0,0,0,0,0,0,60,0,2
46,932,6.12903,380,100,0,0,0,0,0,0,58,0,4
47,956,6.14545,338,100,0,0,0,0,0,0,51,0,4
48,960,6.13559,362,100,0,0,0,0,0,0,55,0,4
49,992,6.19355,384,100,0,0,0,0,0,0,56,0,6
50,880,6.16393,376,100,0,0,0,0,0,0,56,0,5
51,1000,6.09091,402,100,0,0,0,0,0,0,63,0,3
52,888,6.16667,370,100,0,0,0,0,0,0,55,0,5
53,908,6.1,366,100,0,0,0,0,0,0,57,0,3
54,868,6.03333,362,100,0,0,0,0,0,0,59,0,1
55,856,6.17241,358,100,0,0,0,0,0,0,53,0,5
56,800,6.17241,358,100,0,0,0,0,0,0,53,0,5
57,752,6.17544,352,100,0,0,0,0,0,0,52,0,5
58,964,6.19048,390,100,0,0,0,0,0,0,57,0,6
59,1012,6.06897,352,100,0,0,0,0,0,0,56,0,2
60,1108,6.13115,374,100,0,0,0,0,0,0,57,0,4
61,964,6.06897,352,100,0,0,0,0,0,0,56,0,2
62,916,6.03279,368,100,0,0,0,0,0,0,60,0,1
63,860,6.03226,374,100,0,0,0,0,0,0,61,0,1
64,764,6,372,100,0,0,0,0,0,0,62,0,0
65,760,6.03279,368,100,0,0,0,0,0,0,60,0,1
66,812,6.06667,364,100,0,0,0,0,0,0,58,0,2
67,880,6.03175,380,100,0,0,0,0,0,0,62,0,1
68,1016,6.0339,356,100,0,0,0,0,0,0,58,0,1
69,1100,6.0625,388,100,0,0,0,0,0,0,62,0,2
70,1000,6.06557,370,100,0,0,0,0,0,0,59,0,2
71,936,6.03509,344,100,0,0,0,0,0,0,56,0,1
72,920,6.03509,344,100,0,0,0,0,0,0,56,0,1
73,1008,6.03077,392,100,0,0,0,0,0,0,64,0,1
74,808,6.07018,346,100,0,0,0,0,0,0,55,0,2
75,888,6.06452,376,100,0,0,0,0,0,0,60,0,2
76,992,6.02985,404,100,0,0,0,0,0,0,66,0,1
77,924,6.03226,374,100,0,0,0,0,0,0,61,0,1
78,792,6.03448,350,100,0,0,0,0,0,0,57,0,1
79,844,6.03125,386,100,0,0,0,0,0,0,63,0,1
80,836,6.06557,370,100,0,0,0,0,0,0,59,0,2
81,768,6.06452,376,100,0,0,0,0,0,0,60,0,2
82,992,6.1194,410,100,0,0,0,0,0,0,63,0,4
83,852,6.13333,368,100,0,0,0,0,0,0,56,0,4
84,908,6.2,372,100,0,0,0,0,0,0,54,0,6
85,916,6.26667,376,100,0,0,0,0,0,0,52,0,8
86,1052,6.16667,370,100,0,0,0,0,0,0,55,0,5
87,920,6.10526,348,100,0,0,0,0,0,0,54,0,3
88,980,6.13559,362,100,0,0,0,0,0,0,55,0,4
89,1020,6.16667,370,100,0,0,0,0,0,0,55,0,5
90,980,6.12308,398,100,0,0,0,0,0,0,61,0,4
91,1064,6.125,392,100,0,0,0,0,0,0,60,0,4
92,968,6.125,392,100,0,0,0,0,0,0,60,0,4
93,880,6.19048,390,100,0,0,0,0,0,0,57,0,6
94,900,6.16667,370,100,0,0,0,0,0,0,55,0,5
95,820,6.19355,384,100,0,0,0,0,0,0,56,0,6
96,832,6.15152,406,100,0,0,0,0,0,0,61,0,5
97,880,6.09231,396,100,0,0,0,0,0,0,62,0,3
98,740,6.07018,346,100,0,0,0,0,0,0,55,0,2
99,840,6.21053,354,100,0,0,0,0,0,0,51,0,6
100,892,6.16949,364,100,0,0,0,0,0,0,54,0,5
101,952,6.15152,406,100,0,0,0,0,0,0,61,0,5
102,820,6.10345,354,100,0,0,0,0,0,0,55,0,3
103,844,6.16129,382,100,0,0,0,0,0,0,57,0,5
104,864,6.16949,364,100,0,0,0,0,0,0,54,0,5
105,964,6.13559,362,100,0,0,0,0,0,0,55,0,4
106,888,6.06667,364,100,0,0,0,0,0,0,58,0,2
107,916,6.13333,368,100,0,0,0,0,0,0,56,0,4
108,976,6.06154,394,100,0,0,0,0,0,0,63,0,2
109,964,6.09231,396,100,0,0,0,0,0,0,62,0,3
110,852,6.19355,384,100,0,0,0,0,0,0,56,0,6
111,940,6.12121,404,100,0,0,0,0,0,0,62,0,4
112,852,6.15625,394,100,0,0,0,0,0,0,59,0,5
113,808,6.22581,386,100,0,0,0,0,0,0,55,0,7
114,832,6.24615,406,100,0,0,0,0,0,0,57,0,8
115,692,6.09836,372,100,0,0,0,0,0,0,58,0,3
116,868,6.1,366,100,0,0,0,0,0,0,57,0,3
117,916,6.03279,368,100,0,0,0,0,0,0,60,0,1
118,880,6.06349,382,100,0,0,0,0,0,0,61,0,2
119,880,6.06349,382,100,0,0,0,0,0,0,61,0,2
120,936,6.125,392,100,0,0,0,0,0,0,60,0,4
121,844,6,360,100,0,0,0,0,0,0,60,0,0
122,904,6.09836,372,100,0,0,0,0,0,0,58,0,3
123,920,6.03226,374,100,0,0,0,0,0,0,61,0,1
124,876,6.03571,338,100,0,0,0,0,0,0,55,0,1
125,804,6.03636,332,100,0,0,0,0,0,0,54,0,1
126,928,6.03571,338,100,0,0,0,0,0,0,55,0,1
127,908,6.06897,352,100,0,0,0,0,0,0,56,0,2
128,1060,6.0678,358,100,0,0,0,0,0,0,57,0,2
129,900,6.03636,332,100,0,0,0,0,0,0,54,0,1
130,956,6.0678,358,100,0,0,0,0,0,0,57,0,2
131,888,6.03448,350,100,0,0,0,0,0,0,57,0,1
132,896,6,348,100,0,0,0,0,0,0,58,0,0
133,824,6,342,100,0,0,0,0,0,0,57,0,0
134,1044,6,402,100,0,0,0,0,0,0,67,0,0
135,956,6.03226,374,100,0,0,0,0,0,0,61,0,1
136,968,6.03448,350,100,0,0,0,0,0,0,57,0,1
137,1080,6.09091,402,100,0,0,0,0,0,0,63,0,3
138,1012,6.05797,418,100,0,0,0,0,0,0,67,0,2
139,1008,6,402,100,0,0,0,0,0,0,67,0,0
140,1064,6,426,100,0,0,0,0,0,0,71,0,0
141,1028,6,396,100,0,0,0,0,0,0,66,0,0
142,1108,6.08955,408,100,0,0,0,0,0,0,64,0,3
143,920,6.03077,392,100,0,0,0,0,0,0,64,0,1
144,932,6.06154,394,100,0,0,0,0,0,0,63,0,2
145,936,6,378,100,0,0,0,0,0,0,63,0,0
146,980,6.0339,356,100,0,0,0,0,0,0,58,0,1
147,1072,6,372,100,0,0,0,0,0,0,62,0,0
148,940,6.06667,364,100,0,0,0,0,0,0,58,0,2
149,900,6.03175,380,100,0,0,0,0,0,0,62,0,1
150,912,6.10169,360,100,0,0,0,0,0,0,56,0,3
151,860,6.07018,346,100,0,0,0,0,0,0,55,0,2
152,1044,6.0303,398,100,0,0,0,0,0,0,65,0,1
153,1004,6.09677,378,100,0,0,0,0,0,0,59,0,3
154,1108,6.03333,362,100,0,0,0,0,0,0,59,0,1
155,1076,6.06349,382,100,0,0,0,0,0,0,61,0,2
156,1024,6.06154,394,100,0,0,0,0,0,0,63,0,2
157,1108,6.0303,398,100,0,0,0,0,0,0,65,0,1
158,924,6.06667,364,100,0,0,0,0,0,0,58,0,2
159,960,6.03226,374,100,0,0,0,0,0,0,61,0,1
160,892,6.03571,338,100,0,0,0,0,0,0,55,0,1
161,928,6.06667,364,100,0,0,0,0,0,0,58,0,2
162,936,6.0339,356,100,0,0,0,0,0,0,58,0,1
163,956,6.17857,346,100,0,0,0,0,0,0,51,0,5
164,1036,6.06154,394,100,0,0,0,0,0,0,63,0,2
165,816,6.13333,368,100,0,0,0,0,0,0,56,0,4
166,880,6.19672,378,100,0,0,0,0,0,0,55,0,6
167,928,6.13115,374,100,0,0,0,0,0,0,57,0,4
168,860,6.22222,392,100,0,0,0,0,0,0,56,0,7
169,908,6.16129,382,100,0,0,0,0,0,0,57,0,5
170,784,6.1,366,100,0,0,0,0,0,0,57,0,3
171,900,6.13559,362,100,0,0,0,0,0,0,55,0,4
172,844,6.14545,338,100,0,0,0,0,0,0,51,0,4
173,888,6.13793,356,100,0,0,0,0,0,0,54,0,4
174,880,6.03448,350,100,0,0,0,0,0,0,57,0,1
175,820,6.10526,348,100,0,0,0,0,0,0,54,0,3
176,828,6.10345,354,100,0,0,0,0,0,0,55,0,3
177,868,6.0625,388,100,0,0,0,0,0,0,62,0,2
178,948,6.0625,388,100,0,0,0,0,0,0,62,0,2
179,912,6.09677,378,100,0,0,0,0,0,0,59,0,3
180,932,6.06349,382,100,0,0,0,0,0,0,61,0,2
181,880,6.13559,362,100,0,0,0,0,0,0,55,0,4
182,964,6.10345,354,100,0,0,0,0,0,0,55,0,3
183,868,6,336,100,0,0,0,0,0,0,56,0,0
184,1012,6.1,366,100,0,0,0,0,0,0,57,0,3
185,880,6.07273,334,100,0,0,0,0,0,0,53,0,2
186,976,6.09231,396,100,0,0,0,0,0,0,62,0,3
187,964,6.10169,360,100,0,0,0,0,0,0,56,0,3
188,996,6.16393,376,100,0,0,0,0,0,0,56,0,5
189,1048,6.06061,400,100,0,0,0,0,0,0,64,0,2
190,1040,6.1,366,100,0,0,0,0,0,0,57,0,3
191,980,6.06667,364,100,0,0,0,0,0,0,58,0,2
192,872,6.10345,354,100,0,0,0,0,0,0,55,0,3
193,1112,6.13115,374,100,0,0,0,0,0,0,57,0,4
194,1148,6.16393,376,100,0,0,0,0,0,0,56,0,5
195,1064,6.16129,382,100,0,0,0,0,0,0,57,0,5
196,1128,6.12903,380,100,0,0,0,0,0,0,58,0,4
197,1108,6.19048,390,100,0,0,0,0,0,0,57,0,6
198,1288,6.27692,408,100,0,0,0,0,0,0,56,0,9
199,1052,6.31034,366,100,0,0,0,0,0,0,49,0,9
200,1032,6.31579,360,100,0,0,0,0,0,0,48,0,9
201,1092,6.27692,408,100,0,0,0,0,0,0,56,0,9
202,1076,6.34921,400,100,0,0,0,0,0,0,52,0,11
203,1060,6.35484,394,100,0,0,0,0,0,0,51,0,11
204,1196,6.33333,418,100,0,0,0,0,0,0,55,0,11
205,1040,6.37288,376,100,0,0,0,0,0,0,48,0,11
206,1020,6.53571,366,100,0,0,0,0,0,0,41,0,15
207,1184,6.41935,398,100,0,0,0,0,0,0,49,0,13
208,996,6.40625,410,100,0,0,0,0,0,0,51,0,13
209,1140,6.44118,438,100,0,0,0,0,0,0,53,0,15
210,1056,6.4375,412,100,0,0,0,0,0,0,50,0,14
211,1016,6.50794,410,100,0,0,0,0,0,0,47,0,16
212,900,6.34921,400,100,0,0,0,0,0,0,52,0,11
213,1124,6.30769,410,100,0,0,0,0,0,0,55,0,10
214,1108,6.30303,416,100,0,0,0,0,0,0,56,0,10
215,1148,6.31034,366,100,0,0,0,0,0,0,49,0,9
216,1128,6.27119,370,100,0,0,0,0,0,0,51,0,8
217,1056,6.27119,370,100,0,0,0,0,0,0,51,0,8
218,1140,6.2623,382,100,0,0,0,0,0,0,53,0,8
219,880,6.26415,332,100,0,0,0,0,0,0,46,0,7
220,1036,6.31579,360,100,0,0,0,0,0,0,48,0,9
221,1276,6.36066,388,100,0,0,0,0,0,0,50,0,11
222,1088,6.28571,352,100,0,0,0,0,0,0,48,0,8
223,1048,6.36364,350,100,0,0,0,0,0,0,45,0,10
224,996,6.38596,364,100,0,0,0,0,0,0,46,0,11
225,1008,6.25,350,100,0,0,0,0,0,0,49,0,7
226,1016,6.25,350,100,0,0,0,0,0,0,49,0,7
227,1180,6.17544,352,100,0,0,0,0,0,0,52,0,5
228,968,6.15094,326,100,0,0,0,0,0,0,49,0,4
229,1032,6.17544,352,100,0,0,0,0,0,0,52,0,5
230,1032,6.16393,376,100,0,0,0,0,0,0,56,0,5
231,828,6.07547,322,100,0,0,0,0,0,0,51,0,2
232,996,6.17241,358,100,0,0,0,0,0,0,53,0,5
233,996,6.03636,332,100,0,0,0,0,0,0,54,0,1
234,952,6.07143,340,100,0,0,0,0,0,0,54,0,2
235,1028,6.0678,358,100,0,0,0,0,0,0,57,0,2
236,960,6.03509,344,100,0,0,0,0,0,0,56,0,1
237,944,6.03448,350,100,0,0,0,0,0,0,57,0,1
238,972,6.11111,330,100,0,0,0,0,0,0,51,0,3
239,924,6.15873,388,100,0,0,0,0,0,0,58,0,5
240,1116,6.09231,396,100,0,0,0,0,0,0,62,0,3
241,824,6.14286,344,100,0,0,0,0,0,0,52,0,4
242,976,6.17241,358,100,0,0,0,0,0,0,53,0,5
243,1020,6.37037,344,100,0,0,0,0,0,0,44,0,10
244,1000,6.34483,368,100,0,0,0,0,0,0,48,0,10
245,996,6.29508,384,100,0,0,0,0,0,0,52,0,9
246,1020,6.36667,382,100,0,0,0,0,0,0,49,0,11
247,948,6.37931,370,100,0,0,0,0,0,0,47,0,11
248,764,6.2963,340,100,0,0,0,0,0,0,46,0,8
249,992,6.25397,394,100,0,0,0,0,0,0,55,0,8
250,952,6.35088,362,100,0,0,0,0,0,0,47,0,10
251,1024,6.34375,406,100,0,0,0,0,0,0,53,0,11
252,840,6.1875,396,100,0,0,0,0,0,0,58,0,6
253,844,6.3,378,100,0,0,0,0,0,0,51,0,9
254,836,6.39286,358,100,0,0,0,0,0,0,45,0,11
255,844,6.5,364,100,0,0,0,0,0,0,42,0,14
256,856,6.46429,362,100,0,0,0,0,0,0,43,0,13
257,840,6.37288,376,100,0,0,0,0,0,0,48,0,11
258,908,6.30508,372,100,0,0,0,0,0,0,50,0,9
259,1076,6.22951,380,100,0,0,0,0,0,0,54,0,7
260,1104,6.17544,352,100,0,0,0,0,0,0,52,0,5
261,1200,6.23333,374,100,0,0,0,0,0,0,53,0,7
262,1036,6.15385,320,100,0,0,0,0,0,0,48,0,4
263,1300,6.19672,378,100,0,0,0,0,0,0,55,0,6
264,1216,6.32787,386,100,0,0,0,0,0,0,51,0,10
265,1208,6.33333,380,100,0,0,0,0,0,0,50,0,10
266,1272,6.16129,382,100,0,0,0,0,0,0,57,0,5
267,1056,6.16393,376,100,0,0,0,0,0,0,56,0,5
268,972,6.2069,360,100,0,0,0,0,0,0,52,0,6
269,1072,6.16393,376,100,0,0,0,0,0,0,56,0,5
270,1128,6.09836,372,100,0,0,0,0,0,0,58,0,3
271,1012,6.0339,356,100,0,0,0,0,0,0,58,0,1
272,844,6.07143,340,100,0,0,0,0,0,0,54,0,2
273,888,6.11321,324,100,0,0,0,0,0,0,50,0,3
274,832,6,348,100,0,0,0,0,0,0,58,0,0
275,744,6,348,100,0,0,0,0,0,0,58,0,0
276,940,6.03333,362,100,0,0,0,0,0,0,59,0,1
277,828,6,366,100,0,0,0,0,0,0,61,0,0
278,736,6,348,100,0,0,0,0,0,0,58,0,0
279,828,6,354,100,0,0,0,0,0,0,59,0,0
280,964,6,378,100,0,0,0,0,0,0,63,0,0
281,840,6,360,100,0,0,0,0,0,0,60,0,0
282,916,6.03509,344,100,0,0,0,0,0,0,56,0,1
283,1044,6.03448,350,100,0,0,0,0,0,0,57,0,1
284,836,6.07273,334,100,0,0,0,0,0,0,53,0,2
285,764,6.03846,314,100,0,0,0,0,0,0,51,0,1
286,876,6.03509,344,100,0,0,0,0,0,0,56,0,1
287,856,6,348,100,0,0,0,0,0,0,58,0,0
288,828,6.0339,356,100,0,0,0,0,0,0,58,0,1
289,936,6.06667,364,100,0,0,0,0,0,0,58,0,2
290,812,6.06667,364,100,0,0,0,0,0,0,58,0,2
291,828,6.13793,356,100,0,0,0,0,0,0,54,0,4
292,1020,6.12903,380,100,0,0,0,0,0,0,58,0,4
293,1172,6.09091,402,100,0,0,0,0,0,0,63,0,3
294,1164,6.09677,378,100,0,0,0,0,0,0,59,0,3
295,1280,6.0625,388,100,0,0,0,0,0,0,62,0,2
296,1348,6.03279,368,100,0,0,0,0,0,0,60,0,1
297,1036,6.06349,382,100,0,0,0,0,0,0,61,0,2
298,940,6.0625,388,100,0,0,0,0,0,0,62,0,2
299,996,6.08824,414,100,0,0,0,0,0,0,65,0,3
300,956,6.09091,402,100,0,0,0,0,0,0,63,0,3
301,872,6.06154,394,100,0,0,0,0,0,0,63,0,2
302,928,6.09524,384,100,0,0,0,0,0,0,60,0,3
303,1020,6.06061,400,100,0,0,0,0,0,0,64,0,2
304,1128,6.0597,406,100,0,0,0,0,0,0,65,0,2
305,996,6.03175,380,100,0,0,0,0,0,0,62,0,1
306,972,6.03509,344,100,0,0,0,0,0,0,56,0,1
307,968,6.09836,372,100,0,0,0,0,0,0,58,0,3
308,924,6.03175,380,100,0,0,0,0,0,0,62,0,1
309,956,6.10345,354,100,0,0,0,0,0,0,55,0,3
310,876,6.12903,380,100,0,0,0,0,0,0,58,0,4
311,852,6.1,366,100,0,0,0,0,0,0,57,0,3
312,868,6.06452,376,100,0,0,0,0,0,0,60,0,2
313,824,6.06897,352,100,0,0,0,0,0,0,56,0,2
314,972,6.06349,382,100,0,0,0,0,0,0,61,0,2
315,860,6.10526,348,100,0,0,0,0,0,0,54,0,3
316,1028,6.13559,362,100,0,0,0,0,0,0,55,0,4
317,976,6.03571,338,100,0,0,0,0,0,0,55,0,1
318,884,6.03704,326,100,0,0,0,0,0,0,53,0,1
319,1072,6.09836,372,100,0,0,0,0,0,0,58,0,3
320,1144,6.06452,376,100,0,0,0,0,0,0,60,0,2
321,1004,6.14286,344,100,0,0,0,0,0,0,52,0,4
322,896,6.10714,342,100,0,0,0,0,0,0,53,0,3
323,924,6,360,100,0,0,0,0,0,0,60,0,0
324,960,6.03125,386,100,0,0,0,0,0,0,63,0,1
325,984,6.09677,378,100,0,0,0,0,0,0,59,0,3
326,1000,6.09836,372,100,0,0,0,0,0,0,58,0,3
327,1004,6,378,100,0,0,0,0,0,0,63,0,0
328,1000,6.07018,346,100,0,0,0,0,0,0,55,0,2
329,960,6.06897,352,100,0,0,0,0,0,0,56,0,2
330,912,6.06667,364,100,0,0,0,0,0,0,58,0,2
331,952,6.06452,376,100,0,0,0,0,0,0,60,0,2
332,956,6.0339,356,100,0,0,0,0,0,0,58,0,1
333,976,6.06897,352,100,0,0,0,0,0,0,56,0,2
334,936,6.03509,344,100,0,0,0,0,0,0,56,0,1
335,976,6,342,100,0,0,0,0,0,0,57,0,0
336,1156,6.03226,374,100,0,0,0,0,0,0,61,0,1
337,1316,6,360,100,0,0,0,0,0,0,60,0,0
338,1000,6,342,100,0,0,0,0,0,0,57,0,0
339,1196,6,354,100,0,0,0,0,0,0,59,0,0
340,1304,6,336,100,0,0,0,0,0,0,56,0,0
341,1324,6.06897,352,100,0,0,0,0,0,0,56,0,2
342,1172,6.03509,344,100,0,0,0,0,0,0,56,0,1
343,1364,6.03226,374,100,0,0,0,0,0,0,61,0,1
344,1184,6.03226,374,100,0,0,0,0,0,0,61,0,1
345,1056,6.03448,350,100,0,0,0,0,0,0,57,0,1
346,816,6,336,100,0,0,0,0,0,0,56,0,0
347,932,6,348,100,0,0,0,0,0,0,58,0,0
348,968,6,354,100,0,0,0,0,0,0,59,0,0
349,956,6,336,100,0,0,0,0,0,0,56,0,0
350,960,6,336,100,0,0,0,0,0,0,56,0,0
351,1100,6,360,100,0,0,0,0,0,0,60,0,0
352,1112,6,330,100,0,0,0,0,0,0,55,0,0
353,1400,6,348,100,0,0,0,0,0,0,58,0,0
354,1516,6.0339,356,100,0,0,0,0,0,0,58,0,1
355,1612,6.07018,346,100,0,0,0,0,0,0,55,0,2
356,1640,6.0678,358,100,0,0,0,0,0,0,57,0,2
357,1704,6.0339,356,100,0,0,0,0,0,0,58,0,1
358,1620,6,348,100,0,0,0,0,0,0,58,0,0
359,1600,6,360,100,0,0,0,0,0,0,60,0,0
360,1616,6,348,100,0,0,0,0,0,0,58,0,0
361,1388,6,366,100,0,0,0,0,0,0,61,0,0
362,1232,6,342,100,0,0,0,0,0,0,57,0,0
363,1228,6.03279,368,100,0,0,0,0,0,0,60,0,1
364,1408,6.0625,388,100,0,0,0,0,0,0,62,0,2
365,1532,6.1,366,100,0,0,0,0,0,0,57,0,3
366,1476,6.14286,344,100,0,0,0,0,0,0,52,0,4
367,1684,6.09524,384,100,0,0,0,0,0,0,60,0,3
368,1824,6.06349,382,100,0,0,0,0,0,0,61,0,2
369,1292,6.14815,332,100,0,0,0,0,0,0,50,0,4
370,1144,6.13559,362,100,0,0,0,0,0,0,55,0,4
371,1280,6.0339,356,100,0,0,0,0,0,0,58,0,1
372,1480,6.1,366,100,0,0,0,0,0,0,57,0,3
373,1192,6.10526,348,100,0,0,0,0,0,0,54,0,3
374,1208,6.10169,360,100,0,0,0,0,0,0,56,0,3
375,1072,6.06897,352,100,0,0,0,0,0,0,56,0,2
376,1056,6.03226,374,100,0,0,0,0,0,0,61,0,1
377,1020,6.0678,358,100,0,0,0,0,0,0,57,0,2
378,1076,6.24561,356,100,0,0,0,0,0,0,50,0,7
379,1172,6.2,372,100,0,0,0,0,0,0,54,0,6
380,1252,6.1875,396,100,0,0,0,0,0,0,58,0,6
381,1064,6.25926,338,100,0,0,0,0,0,0,47,0,7
382,996,6.16949,364,100,0,0,0,0,0,0,54,0,5
383,928,6.31579,360,100,0,0,0,0,0,0,48,0,9
384,1140,6.23333,374,100,0,0,0,0,0,0,53,0,7
385,1248,6.13333,368,100,0,0,0,0,0,0,56,0,4
386,1164,6.2069,360,100,0,0,0,0,0,0,52,0,6
387,1328,6.17241,358,100,0,0,0,0,0,0,53,0,5
388,1012,6.10909,336,100,0,0,0,0,0,0,52,0,3
389,1280,6.07018,346,100,0,0,0,0,0,0,55,0,2
390,1444,6.03279,368,100,0,0,0,0,0,0,60,0,1
391,1552,6.13793,356,100,0,0,0,0,0,0,54,0,4
392,1504,6.14035,350,100,0,0,0,0,0,0,53,0,4
393,1824,6.17241,358,100,0,0,0,0,0,0,53,0,5
394,2052,6.16393,376,100,0,0,0,0,0,0,56,0,5
395,1356,6.19048,390,100,0,0,0,0,0,0,57,0,6
396,1076,6.17544,352,100,0,0,0,0,0,0,52,0,5
397,1272,6.13793,356,100,0,0,0,0,0,0,54,0,4
398,1328,6.15152,406,100,0,0,0,0,0,0,61,0,5
399,988,6.06557,370,100,0,0,0,0,0,0,59,0,2
400,880,6.09677,378,100,0,0,0,0,0,0,59,0,3
401,968,6.09836,372,100,0,0,0,0,0,0,58,0,3
402,984,6.03279,368,100,0,0,0,0,0,0,60,0,1
403,1116,6.0625,388,100,0,0,0,0,0,0,62,0,2
404,920,6.06667,364,100,0,0,0,0,0,0,58,0,2
405,912,6,336,100,0,0,0,0,0,0,56,0,0
406,876,6.07018,346,100,0,0,0,0,0,0,55,0,2
407,920,6.03279,368,100,0,0,0,0,0,0,60,0,1
408,988,6.14035,350,100,0,0,0,0,0,0,53,0,4
409,932,6.13115,374,100,0,0,0,0,0,0,57,0,4
410,1084,6.09836,372,100,0,0,0,0,0,0,58,0,3
411,900,6.06557,370,100,0,0,0,0,0,0,59,0,2
412,912,6.07143,340,100,0,0,0,0,0,0,54,0,2
413,948,6.03448,350,100,0,0,0,0,0,0,57,0,1
414,904,6.06557,370,100,0,0,0,0,0,0,59,0,2
415,1000,6.06557,370,100,0,0,0,0,0,0,59,0,2
416,920,6.03279,368,100,0,0,0,0,0,0,60,0,1
417,1060,6.06557,370,100,0,0,0,0,0,0,59,0,2
418,1032,6.03279,368,100,0,0,0,0,0,0,60,0,1
419,932,6.0678,358,100,0,0,0,0,0,0,57,0,2
420,852,6.06557,370,100,0,0,0,0,0,0,59,0,2
421,908,6.03333,362,100,0,0,0,0,0,0,59,0,1
422,940,6.03509,344,100,0,0,0,0,0,0,56,0,1
423,924,6.03077,392,100,0,0,0,0,0,0,64,0,1
424,776,6,348,100,0,0,0,0,0,0,58,0,0
425,948,6,378,100,0,0,0,0,0,0,63,0,0
426,976,6,354,100,0,0,0,0,0,0,59,0,0
427,1140,6.1,366,100,0,0,0,0,0,0,57,0,3
428,1048,6.03333,362,100,0,0,0,0,0,0,59,0,1
429,1188,6.0339,356,100,0,0,0,0,0,0,58,0,1
430,1052,6.03448,350,100,0,0,0,0,0,0,57,0,1
431,1076,6.03333,362,100,0,0,0,0,0,0,59,0,1
432,908,6,354,100,0,0,0,0,0,0,59,0,0
433,1244,6,384,100,0,0,0,0,0,0,64,0,0
434,1140,6.03333,362,100,0,0,0,0,0,0,59,0,1
435,1128,6,354,100,0,0,0,0,0,0,59,0,0
436,1248,6.03333,362,100,0,0,0,0,0,0,59,0,1
437,1336,6,372,100,0,0,0,0,0,0,62,0,0
438,1316,6.03333,362,100,0,0,0,0,0,0,59,0,1
439,1080,6.03333,362,100,0,0,0,0,0,0,59,0,1
440,1124,6,366,100,0,0,0,0,0,0,61,0,0
441,780,6.03448,350,100,0,0,0,0,0,0,57,0,1
442,972,6.09231,396,100,0,0,0,0,0,0,62,0,3
443,864,6.0303,398,100,0,0,0,0,0,0,65,0,1
444,980,6.06452,376,100,0,0,0,0,0,0,60,0,2
445,1028,6.03279,368,100,0,0,0,0,0,0,60,0,1
446,972,6.03125,386,100,0,0,0,0,0,0,63,0,1
447,948,6,402,100,0,0,0,0,0,0,67,0,0
448,892,6,408,100,0,0,0,0,0,0,68,0,0
449,984,6.0625,388,100,0,0,0,0,0,0,62,0,2
450,1012,6,408,100,0,0,0,0,0,0,68,0,0
451,1156,6.02941,410,100,0,0,0,0,0,0,67,0,1
452,1128,6.09524,384,100,0,0,0,0,0,0,60,0,3
453,1204,6.06061,400,100,0,0,0,0,0,0,64,0,2
454,1192,6.03226,374,100,0,0,0,0,0,0,61,0,1
455,1272,6.09524,384,100,0,0,0,0,0,0,60,0,3
456,1440,6.13115,374,100,0,0,0,0,0,0,57,0,4
457,1300,6.2069,360,100,0,0,0,0,0,0,52,0,6
458,1124,6.06349,382,100,0,0,0,0,0,0,61,0,2
459,1080,6.03226,374,100,0,0,0,0,0,0,61,0,1
460,968,6.06349,382,100,0,0,0,0,0,0,61,0,2
461,1016,6.03226,374,100,0,0,0,0,0,0,61,0,1
462,1104,6.06667,364,100,0,0,0,0,0,0,58,0,2
463,1256,6.06154,394,100,0,0,0,0,0,0,63,0,2
464,1056,6.09524,384,100,0,0,0,0,0,0,60,0,3
465,936,6.03226,374,100,0,0,0,0,0,0,61,0,1
466,1008,6.06667,364,100,0,0,0,0,0,0,58,0,2
467,968,6.06452,376,100,0,0,0,0,0,0,60,0,2
468,1108,6.06452,376,100,0,0,0,0,0,0,60,0,2
469,1044,6.03125,386,100,0,0,0,0,0,0,63,0,1
470,1132,6.03333,362,100,0,0,0,0,0,0,59,0,1
471,1224,6.03279,368,100,0,0,0,0,0,0,60,0,1
472,1148,6.03279,368,100,0,0,0,0,0,0,60,0,1
473,1060,6.0339,356,100,0,0,0,0,0,0,58,0,1
474,1264,6,372,100,0,0,0,0,0,0,62,0,0
475,1152,6,342,100,0,0,0,0,0,0,57,0,0
476,1284,6.03077,392,100,0,0,0,0,0,0,64,0,1
477,1288,6.03125,386,100,0,0,0,0,0,0,63,0,1
478,1120,6.03571,338,100,0,0,0,0,0,0,55,0,1
479,1136,6.03571,338,100,0,0,0,0,0,0,55,0,1
480,1208,6.03636,332,100,0,0,0,0,0,0,54,0,1
481,1192,6.03509,344,100,0,0,0,0,0,0,56,0,1
482,1028,6,330,100,0,0,0,0,0,0,55,0,0
483,1020,6.03509,344,100,0,0,0,0,0,0,56,0,1
484,924,6.07273,334,100,0,0,0,0,0,0,53,0,2
485,1164,6.09677,378,100,0,0,0,0,0,0,59,0,3
486,1204,6.1,366,100,0,0,0,0,0,0,57,0,3
487,904,6.10714,342,100,0,0,0,0,0,0,53,0,3
488,980,6.09524,384,100,0,0,0,0,0,0,60,0,3
489,936,6.13115,374,100,0,0,0,0,0,0,57,0,4
490,1180,6.09677,378,100,0,0,0,0,0,0,59,0,3
491,1092,6.09677,378,100,0,0,0,0,0,0,59,0,3
492,1172,6,378,100,0,0,0,0,0,0,63,0,0
493,984,6.06667,364,100,0,0,0,0,0,0,58,0,2
494,984,6.03333,362,100,0,0,0,0,0,0,59,0,1
495,1008,6.16393,376,100,0,0,0,0,0,0,56,0,5
496,892,6.07273,334,100,0,0,0,0,0,0,53,0,2
497,996,6.03448,350,100,0,0,0,0,0,0,57,0,1
498,836,6,330,100,0,0,0,0,0,0,55,0,0
499,872,6,372,100,0,0,0,0,0,0,62,0,0
500,968,6,384,100,0,0,0,0,0,0,64,0,0
501,968,6,390,100,0,0,0,0,0,0,65,0,0
502,1012,6.03226,374,100,0,0,0,0,0,0,61,0,1
503,948,6.09677,378,100,0,0,0,0,0,0,59,0,3
504,940,6.06154,394,100,0,0,0,0,0,0,63,0,2
505,784,6.03333,362,100,0,0,0,0,0,0,59,0,1
506,1056,6.08955,408,100,0,0,0,0,0,0,64,0,3
507,996,6.0625,388,100,0,0,0,0,0,0,62,0,2
508,872,6.03333,362,100,0,0,0,0,0,0,59,0,1
509,896,6.0678,358,100,0,0,0,0,0,0,57,0,2
510,952,6.12698,386,100,0,0,0,0,0,0,59,0,4
511,940,6.12308,398,100,0,0,0,0,0,0,61,0,4
512,1028,6.13333,368,100,0,0,0,0,0,0,56,0,4
513,928,6.10169,360,100,0,0,0,0,0,0,56,0,3
514,1048,6.0625,388,100,0,0,0,0,0,0,62,0,2
515,992,6.10526,348,100,0,0,0,0,0,0,54,0,3
516,1120,6.10169,360,100,0,0,0,0,0,0,56,0,3
517,1024,6.17241,358,100,0,0,0,0,0,0,53,0,5
518,1064,6.10169,360,100,0,0,0,0,0,0,56,0,3
519,1092,6.12698,386,100,0,0,0,0,0,0,59,0,4
520,956,6.07143,340,100,0,0,0,0,0,0,54,0,2
521,1184,6.06349,382,100,0,0,0,0,0,0,61,0,2
522,1272,6.07018,346,100,0,0,0,0,0,0,55,0,2
523,1332,6.10169,360,100,0,0,0,0,0,0,56,0,3
524,1200,6.03333,362,100,0,0,0,0,0,0,59,0,1
525,1136,6.06349,382,100,0,0,0,0,0,0,61,0,2
526,1288,6.0625,388,100,0,0,0,0,0,0,62,0,2
527,1136,6.09375,390,100,0,0,0,0,0,0,61,0,3
528,1100,6.03279,368,100,0,0,0,0,0,0,60,0,1
529,1120,6.06349,382,100,0,0,0,0,0,0,61,0,2
530,1244,6.09677,378,100,0,0,0,0,0,0,59,0,3
531,972,6.10169,360,100,0,0,0,0,0,0,56,0,3
532,1112,6.15152,406,100,0,0,0,0,0,0,61,0,5
533,992,6.17857,346,100,0,0,0,0,0,0,51,0,5
534,1176,6.16129,382,100,0,0,0,0,0,0,57,0,5
535,876,6.14035,350,100,0,0,0,0,0,0,53,0,4
536,916,6.09677,378,100,0,0,0,0,0,0,59,0,3
537,1024,6.09231,396,100,0,0,0,0,0,0,62,0,3
538,960,6.18182,408,100,0,0,0,0,0,0,60,0,6
539,864,6.125,392,100,0,0,0,0,0,0,60,0,4
540,828,6.09836,372,100,0,0,0,0,0,0,58,0,3
541,968,6.10345,354,100,0,0,0,0,0,0,55,0,3
542,952,6.13115,374,100,0,0,0,0,0,0,57,0,4
543,1032,6.17544,352,100,0,0,0,0,0,0,52,0,5
544,988,6.21429,348,100,0,0,0,0,0,0,50,0,6
545,1052,6.13333,368,100,0,0,0,0,0,0,56,0,4
546,1028,6.15873,388,100,0,0,0,0,0,0,58,0,5
547,1048,6.16667,370,100,0,0,0,0,0,0,55,0,5
548,1040,6.0678,358,100,0,0,0,0,0,0,57,0,2
549,1172,6.09091,402,100,0,0,0,0,0,0,63,0,3
550,1244,6.16129,382,100,0,0,0,0,0,0,57,0,5
551,1124,6.12903,380,100,0,0,0,0,0,0,58,0,4
552,1280,6.06452,376,100,0,0,0,0,0,0,60,0,2
553,1228,6.13793,356,100,0,0,0,0,0,0,54,0,4
554,1168,6.03333,362,100,0,0,0,0,0,0,59,0,1
555,1108,6.07018,346,100,0,0,0,0,0,0,55,0,2
556,1136,6,348,100,0,0,0,0,0,0,58,0,0
557,1084,6,318,100,0,0,0,0,0,0,53,0,0
558,1040,6,330,100,0,0,0,0,0,0,55,0,0
559,1088,6.06897,352,100,0,0,0,0,0,0,56,0,2
560,780,6.03704,326,100,0,0,0,0,0,0,53,0,1
561,992,6.07273,334,100,0,0,0,0,0,0,53,0,2
562,1140,6.03279,368,100,0,0,0,0,0,0,60,0,1
563,1056,6.0678,358,100,0,0,0,0,0,0,57,0,2
564,936,6.07143,340,100,0,0,0,0,0,0,54,0,2
565,1060,6.10169,360,100,0,0,0,0,0,0,56,0,3
566,1100,6.06154,394,100,0,0,0,0,0,0,63,0,2
567,1084,6.0678,358,100,0,0,0,0,0,0,57,0,2
568,1124,6.06897,352,100,0,0,0,0,0,0,56,0,2
569,1208,6.0625,388,100,0,0,0,0,0,0,62,0,2
570,1176,6.03279,368,100,0,0,0,0,0,0,60,0,1
571,1180,6.03333,362,100,0,0,0,0,0,0,59,0,1
572,1572,6.03125,386,100,0,0,0,0,0,0,63,0,1
573,1628,6.03125,386,100,0,0,0,0,0,0,63,0,1
574,1668,6.03448,350,100,0,0,0,0,0,0,57,0,1
575,1864,6,354,100,0,0,0,0,0,0,59,0,0
576,1620,6.03448,350,100,0,0,0,0,0,0,57,0,1
577,1336,6,354,100,0,0,0,0,0,0,59,0,0
578,1260,6.07407,328,100,0,0,0,0,0,0,52,0,2
579,1208,6.10345,354,100,0,0,0,0,0,0,55,0,3
580,1148,6.0678,358,100,0,0,0,0,0,0,57,0,2
581,1216,6.07143,340,100,0,0,0,0,0,0,54,0,2
582,1396,6.03448,350,100,0,0,0,0,0,0,57,0,1
583,1416,6.0678,358,100,0,0,0,0,0,0,57,0,2
584,1936,6.1,366,100,0,0,0,0,0,0,57,0,3
585,2036,6.03509,344,100,0,0,0,0,0,0,56,0,1
586,1960,6.07692,316,100,0,0,0,0,0,0,50,0,2
587,2364,6.13333,368,100,0,0,0,0,0,0,56,0,4
588,2224,6.09836,372,100,0,0,0,0,0,0,58,0,3
589,2584,6.0625,388,100,0,0,0,0,0,0,62,0,2
590,2312,6.09231,396,100,0,0,0,0,0,0,62,0,3
591,2716,6.06667,364,100,0,0,0,0,0,0,58,0,2
592,2668,6.06557,370,100,0,0,0,0,0,0,59,0,2
593,2660,6,372,100,0,0,0,0,0,0,62,0,0
594,2328,6,360,100,0,0,0,0,0,0,60,0,0
595,2816,6.05714,424,100,0,0,0,0,0,0,68,0,2
596,2720,6.06897,352,100,0,0,0,0,0,0,56,0,2
597,3080,6.03279,368,100,0,0,0,0,0,0,60,0,1
598,2152,6.03448,350,100,0,0,0,0,0,0,57,0,1
599,1636,6,342,100,0,0,0,0,0,0,57,0,0
600,1980,6.03226,374,100,0,0,0,0,0,0,61,0,1
601,2020,6,366,100,0,0,0,0,0,0,61,0,0
602,2172,6.03509,344,100,0,0,0,0,0,0,56,0,1
603,2228,6.2,372,100,0,0,0,0,0,0,54,0,6
604,1724,6.0339,356,100,0,0,0,0,0,0,58,0,1
605,1684,6.03636,332,100,0,0,0,0,0,0,54,0,1
606,2108,6.13793,356,100,0,0,0,0,0,0,54,0,4
607,2268,6,336,100,0,0,0,0,0,0,56,0,0
608,2096,6.03509,344,100,0,0,0,0,0,0,56,0,1
609,2128,6.07547,322,100,0,0,0,0,0,0,51,0,2
610,2504,6.03774,320,100,0,0,0,0,0,0,52,0,1
611,3020,6.03509,344,100,0,0,0,0,0,0,56,0,1
612,2836,6.03509,344,100,0,0,0,0,0,0,56,0,1
613,3408,6,342,100,0,0,0,0,0,0,57,0,0
614,3480,6,336,100,0,0,0,0,0,0,56,0,0
615,2332,6.03509,344,100,0,0,0,0,0,0,56,0,1
616,2156,6.03774,320,100,0,0,0,0,0,0,52,0,1
617,1892,6.03448,350,100,0,0,0,0,0,0,57,0,1
618,1644,6,354,100,0,0,0,0,0,0,59,0,0
619,1900,6.03125,386,100,0,0,0,0,0,0,63,0,1
620,2164,6,348,100,0,0,0,0,0,0,58,0,0
621,2792,6.07018,346,100,0,0,0,0,0,0,55,0,2
622,1980,6.03774,320,100,0,0,0,0,0,0,52,0,1
623,1876,6,318,100,0,0,0,0,0,0,53,0,0
624,1608,6.03636,332,100,0,0,0,0,0,0,54,0,1
625,1304,6.10714,342,100,0,0,0,0,0,0,53,0,3
626,1268,6.0678,358,100,0,0,0,0,0,0,57,0,2
627,1248,6.07143,340,100,0,0,0,0,0,0,54,0,2
628,1260,6,384,100,0,0,0,0,0,0,64,0,0
629,1360,6.03279,368,100,0,0,0,0,0,0,60,0,1
630,1368,6.06667,364,100,0,0,0,0,0,0,58,0,2
631,1324,6.10169,360,100,0,0,0,0,0,0,56,0,3
632,1104,6.07143,340,100,0,0,0,0,0,0,54,0,2
633,1232,6.10169,360,100,0,0,0,0,0,0,56,0,3
634,1476,6.16667,370,100,0,0,0,0,0,0,55,0,5
635,1228,6.13559,362,100,0,0,0,0,0,0,55,0,4
636,1028,6.16949,364,100,0,0,0,0,0,0,54,0,5
637,980,6.14286,344,100,0,0,0,0,0,0,52,0,4
638,1040,6.09836,372,100,0,0,0,0,0,0,58,0,3
639,1044,6.21053,354,100,0,0,0,0,0,0,51,0,6
640,1128,6.09836,372,100,0,0,0,0,0,0,58,0,3
641,988,6.14286,344,100,0,0,0,0,0,0,52,0,4
642,1016,6.10345,354,100,0,0,0,0,0,0,55,0,3
643,824,6.07018,346,100,0,0,0,0,0,0,55,0,2
644,1028,6.15873,388,100,0,0,0,0,0,0,58,0,5
645,1152,6.19355,384,100,0,0,0,0,0,0,56,0,6
646,1032,6.17241,358,100,0,0,0,0,0,0,53,0,5
647,1088,6.12903,380,100,0,0,0,0,0,0,58,0,4
648,964,6.07143,340,100,0,0,0,0,0,0,54,0,2
649,968,6.15873,388,100,0,0,0,0,0,0,58,0,5
650,968,6.22951,380,100,0,0,0,0,0,0,54,0,7
651,980,6.28125,402,100,0,0,0,0,0,0,55,0,9
652,936,6.23333,374,100,0,0,0,0,0,0,53,0,7
653,1048,6.23729,368,100,0,0,0,0,0,0,52,0,7
654,1052,6.19672,378,100,0,0,0,0,0,0,55,0,6
655,1012,6.13559,362,100,0,0,0,0,0,0,55,0,4
656,900,6.14035,350,100,0,0,0,0,0,0,53,0,4
657,1080,6.06349,382,100,0,0,0,0,0,0,61,0,2
658,1048,6.19355,384,100,0,0,0,0,0,0,56,0,6
659,892,6.0625,388,100,0,0,0,0,0,0,62,0,2
660,976,6,402,100,0,0,0,0,0,0,67,0,0
661,932,6,390,100,0,0,0,0,0,0,65,0,0
662,1104,6.08571,426,100,0,0,0,0,0,0,67,0,3
663,1032,6.02899,416,100,0,0,0,0,0,0,68,0,1
664,952,6.03226,374,100,0,0,0,0,0,0,61,0,1
665,980,6,384,100,0,0,0,0,0,0,64,0,0
666,1084,6,390,100,0,0,0,0,0,0,65,0,0
667,1012,6,378,100,0,0,0,0,0,0,63,0,0
668,1112,6,372,100,0,0,0,0,0,0,62,0,0
669,1064,6,348,100,0,0,0,0,0,0,58,0,0
670,1220,6,384,100,0,0,0,0,0,0,64,0,0
671,1292,6.03125,386,100,0,0,0,0,0,0,63,0,1
672,1128,6,324,100,0,0,0,0,0,0,54,0,0
673,952,6.13559,362,100,0,0,0,0,0,0,55,0,4
674,856,6.12903,380,100,0,0,0,0,0,0,58,0,4
675,1072,6.09091,402,100,0,0,0,0,0,0,63,0,3
676,832,6.10345,354,100,0,0,0,0,0,0,55,0,3
677,1016,6.06349,382,100,0,0,0,0,0,0,61,0,2
678,772,6.10526,348,100,0,0,0,0,0,0,54,0,3
679,840,6.0678,358,100,0,0,0,0,0,0,57,0,2
680,848,6.16393,376,100,0,0,0,0,0,0,56,0,5
681,916,6.13559,362,100,0,0,0,0,0,0,55,0,4
682,732,6.03448,350,100,0,0,0,0,0,0,57,0,1
683,892,6.09375,390,100,0,0,0,0,0,0,61,0,3
684,944,6.06667,364,100,0,0,0,0,0,0,58,0,2
685,960,6.1194,410,100,0,0,0,0,0,0,63,0,4
686,968,6.22222,392,100,0,0,0,0,0,0,56,0,7
687,976,6.25397,394,100,0,0,0,0,0,0,55,0,8
688,876,6.12698,386,100,0,0,0,0,0,0,59,0,4
689,908,6.09375,390,100,0,0,0,0,0,0,61,0,3
690,964,6.03077,392,100,0,0,0,0,0,0,64,0,1
691,1004,6,396,100,0,0,0,0,0,0,66,0,0
692,1100,6,390,100,0,0,0,0,0,0,65,0,0
693,808,6,366,100,0,0,0,0,0,0,61,0,0
694,924,6.03279,368,100,0,0,0,0,0,0,60,0,1
695,904,6.0678,358,100,0,0,0,0,0,0,57,0,2
696,876,6.07018,346,100,0,0,0,0,0,0,55,0,2
697,976,6.03175,380,100,0,0,0,0,0,0,62,0,1
698,1020,6.06667,364,100,0,0,0,0,0,0,58,0,2
699,948,6.03333,362,100,0,0,0,0,0,0,59,0,1
700,1080,6.12903,380,100,0,0,0,0,0,0,58,0,4
701,1024,6.10169,360,100,0,0,0,0,0,0,56,0,3
702,1096,6.08955,408,100,0,0,0,0,0,0,64,0,3
703,1164,6.08955,408,100,0,0,0,0,0,0,64,0,3
704,1160,6.06349,382,100,0,0,0,0,0,0,61,0,2
705,1272,6.06452,376,100,0,0,0,0,0,0,60,0,2
706,1004,6.06667,364,100,0,0,0,0,0,0,58,0,2
707,1084,6.0678,358,100,0,0,0,0,0,0,57,0,2
708,964,6.09524,384,100,0,0,0,0,0,0,60,0,3
709,1064,6.0678,358,100,0,0,0,0,0,0,57,0,2
710,1116,6.03448,350,100,0,0,0,0,0,0,57,0,1
711,1256,6.06349,382,100,0,0,0,0,0,0,61,0,2
712,1152,6.06557,370,100,0,0,0,0,0,0,59,0,2
713,1308,6.09091,402,100,0,0,0,0,0,0,63,0,3
714,1104,6.06349,382,100,0,0,0,0,0,0,61,0,2
715,1128,6.09524,384,100,0,0,0,0,0,0,60,0,3
716,1220,6.12698,386,100,0,0,0,0,0,0,59,0,4
717,1140,6.16949,364,100,0,0,0,0,0,0,54,0,5
718,1184,6.12698,386,100,0,0,0,0,0,0,59,0,4
719,1004,6.12121,404,100,0,0,0,0,0,0,62,0,4
720,1148,6.11765,416,100,0,0,0,0,0,0,64,0,4
721,992,6.09375,390,100,0,0,0,0,0,0,61,0,3
722,984,6.09677,378,100,0,0,0,0,0,0,59,0,3
723,1076,6.03125,386,100,0,0,0,0,0,0,63,0,1
724,1036,6.125,392,100,0,0,0,0,0,0,60,0,4
725,948,6.23729,368,100,0,0,0,0,0,0,52,0,7
726,884,6.18519,334,100,0,0,0,0,0,0,49,0,5
727,952,6.17544,352,100,0,0,0,0,0,0,52,0,5
728,1004,6.14286,344,100,0,0,0,0,0,0,52,0,4
729,1032,6.20339,366,100,0,0,0,0,0,0,53,0,6
730,1096,6.2,372,100,0,0,0,0,0,0,54,0,6
731,1052,6.29032,390,100,0,0,0,0,0,0,53,0,9
732,1136,6.21875,398,100,0,0,0,0,0,0,57,0,7
733,1240,6.20339,366,100,0,0,0,0,0,0,53,0,6
734,1432,6.12308,398,100,0,0,0,0,0,0,61,0,4
735,1280,6.12698,386,100,0,0,0,0,0,0,59,0,4
736,1264,6.06667,364,100,0,0,0,0,0,0,58,0,2
737,1248,6,408,100,0,0,0,0,0,0,68,0,0
738,1028,6.03448,350,100,0,0,0,0,0,0,57,0,1
739,912,6.1,366,100,0,0,0,0,0,0,57,0,3
740,872,6.06667,364,100,0,0,0,0,0,0,58,0,2
741,948,6.0625,388,100,0,0,0,0,0,0,62,0,2
742,1108,6.23333,374,100,0,0,0,0,0,0,53,0,7
743,1028,6.06452,376,100,0,0,0,0,0,0,60,0,2
744,948,6.12903,380,100,0,0,0,0,0,0,58,0,4
745,952,6.14516,381,100,0,0,0,0,0,0,57,1,4
746,872,6.09836,372,100,0,0,0,0,0,0,58,0,3
747,932,6.1,366,100,0,0,0,0,0,0,57,0,3
748,920,6.19672,378,100,0,0,0,0,0,0,55,0,6
749,760,6.2069,360,100,0,0,0,0,0,0,52,0,6
750,776,6.09677,378,100,0,0,0,0,0,0,59,0,3
751,852,6.16393,376,100,0,0,0,0,0,0,56,0,5
752,780,6.03333,362,100,0,0,0,0,0,0,59,0,1
753,892,6.10526,348,100,0,0,0,0,0,0,54,0,3
754,816,6.07018,346,100,0,0,0,0,0,0,55,0,2
755,804,6.03333,362,100,0,0,0,0,0,0,59,0,1
756,916,6.06897,352,100,0,0,0,0,0,0,56,0,2
757,884,6.07273,334,100,0,0,0,0,0,0,53,0,2
758,920,6.03448,350,100,0,0,0,0,0,0,57,0,1
759,904,6.07018,346,100,0,0,0,0,0,0,55,0,2
760,1044,6.07143,340,100,0,0,0,0,0,0,54,0,2
761,1052,6.03571,338,100,0,0,0,0,0,0,55,0,1
762,1156,6.06452,376,100,0,0,0,0,0,0,60,0,2
763,1040,6,342,100,0,0,0,0,0,0,57,0,0
764,1104,6,336,100,0,0,0,0,0,0,56,0,0
765,1144,6.07143,340,100,0,0,0,0,0,0,54,0,2
766,1052,6,336,100,0,0,0,0,0,0,56,0,0
767,1216,6.06897,352,100,0,0,0,0,0,0,56,0,2
768,1172,6.07018,346,100,0,0,0,0,0,0,55,0,2
769,1184,6.1,366,100,0,0,0,0,0,0,57,0,3
770,1072,6.07143,340,100,0,0,0,0,0,0,54,0,2
771,1008,6.06897,352,100,0,0,0,0,0,0,56,0,2
772,1088,6.03333,362,100,0,0,0,0,0,0,59,0,1
773,1144,6.06452,376,100,0,0,0,0,0,0,60,0,2
774,1180,6.07273,334,100,0,0,0,0,0,0,53,0,2
775,1088,6.03448,350,100,0,0,0,0,0,0,57,0,1
776,876,6,300,100,0,0,0,0,0,0,50,0,0
777,940,6,348,100,0,0,0,0,0,0,58,0,0
778,868,6.07143,340,100,0,0,0,0,0,0,54,0,2
779,956,6.10714,342,100,0,0,0,0,0,0,53,0,3
780,952,6.10169,360,100,0,0,0,0,0,0,56,0,3
781,1068,6.0339,356,100,0,0,0,0,0,0,58,0,1
782,1092,6.07273,334,100,0,0,0,0,0,0,53,0,2
783,1056,6.0678,358,100,0,0,0,0,0,0,57,0,2
784,1000,6.03333,362,100,0,0,0,0,0,0,59,0,1
785,1056,6.09677,378,100,0,0,0,0,0,0,59,0,3
786,968,6.06557,370,100,0,0,0,0,0,0,59,0,2
787,944,6,360,100,0,0,0,0,0,0,60,0,0
788,1032,6.03279,368,100,0,0,0,0,0,0,60,0,1
789,1108,6.03077,392,100,0,0,0,0,0,0,64,0,1
790,1112,6.12308,398,100,0,0,0,0,0,0,61,0,4
791,1168,6.02985,404,100,0,0,0,0,0,0,66,0,1
792,1132,6,378,100,0,0,0,0,0,0,63,0,0
793,1332,6,354,100,0,0,0,0,0,0,59,0,0
794,1416,6.0339,356,100,0,0,0,0,0,0,58,0,1
795,1284,6.10714,342,100,0,0,0,0,0,0,53,0,3
796,1236,6.06667,364,100,0,0,0,0,0,0,58,0,2
797,1288,6.09836,372,100,0,0,0,0,0,0,58,0,3
798,1296,6.06557,370,100,0,0,0,0,0,0,59,0,2
799,1188,6.0339,356,100,0,0,0,0,0,0,58,0,1
800,1400,6.0678,358,100,0,0,0,0,0,0,57,0,2
801,1260,6.06452,376,100,0,0,0,0,0,0,60,0,2
802,1212,6.10526,348,100,0,0,0,0,0,0,54,0,3
803,1136,6.07018,346,100,0,0,0,0,0,0,55,0,2
804,1184,6,366,100,0,0,0,0,0,0,61,0,0
805,980,6,360,100,0,0,0,0,0,0,60,0,0
806,992,6.03333,362,100,0,0,0,0,0,0,59,0,1
807,920,6.03125,386,100,0,0,0,0,0,0,63,0,1
808,1048,6.0625,388,100,0,0,0,0,0,0,62,0,2
809,992,6.0625,388,100,0,0,0,0,0,0,62,0,2
810,880,6.10169,360,100,0,0,0,0,0,0,56,0,3
811,948,6,384,100,0,0,0,0,0,0,64,0,0
812,940,6.0339,356,100,0,0,0,0,0,0,58,0,1
813,1204,6.06557,370,100,0,0,0,0,0,0,59,0,2
814,1064,6.03448,350,100,0,0,0,0,0,0,57,0,1
815,1184,6.03333,362,100,0,0,0,0,0,0,59,0,1
816,972,6.06667,364,100,0,0,0,0,0,0,58,0,2
817,1076,6.12121,404,100,0,0,0,0,0,0,62,0,4
818,1060,6.15873,388,100,0,0,0,0,0,0,58,0,5
819,908,6.23729,368,100,0,0,0,0,0,0,52,0,7
820,748,6.12698,386,100,0,0,0,0,0,0,59,0,4
821,892,6.21538,404,100,0,0,0,0,0,0,58,0,7
822,808,6.15152,406,100,0,0,0,0,0,0,61,0,5
823,928,6.16949,364,100,0,0,0,0,0,0,54,0,5
824,1004,6.18182,408,100,0,0,0,0,0,0,60,0,6
825,984,6.13333,368,100,0,0,0,0,0,0,56,0,4
826,956,6.03333,362,100,0,0,0,0,0,0,59,0,1
827,960,6.06667,364,100,0,0,0,0,0,0,58,0,2
828,1120,6.12698,386,100,0,0,0,0,0,0,59,0,4
829,1104,6.03226,374,100,0,0,0,0,0,0,61,0,1
830,1088,6.10169,360,100,0,0,0,0,0,0,56,0,3
831,972,6.11321,324,100,0,0,0,0,0,0,50,0,3
832,1056,6.06897,352,100,0,0,0,0,0,0,56,0,2
833,904,6.14035,350,100,0,0,0,0,0,0,53,0,4
834,984,6.09836,372,100,0,0,0,0,0,0,58,0,3
835,1164,6.25397,394,100,0,0,0,0,0,0,55,0,8
836,1192,6.15385,400,100,0,0,0,0,0,0,60,0,5
837,1020,6.19672,378,100,0,0,0,0,0,0,55,0,6
838,1024,6.18462,402,100,0,0,0,0,0,0,59,0,6
839,932,6.20339,366,100,0,0,0,0,0,0,53,0,6
840,1040,6.09836,372,100,0,0,0,0,0,0,58,0,3
841,984,6.16949,364,100,0,0,0,0,0,0,54,0,5
842,1116,6.13115,374,100,0,0,0,0,0,0,57,0,4
843,960,6.10345,354,100,0,0,0,0,0,0,55,0,3
844,1080,6.09524,384,100,0,0,0,0,0,0,60,0,3
845,860,6.10909,336,100,0,0,0,0,0,0,52,0,3
846,988,6.13559,362,100,0,0,0,0,0,0,55,0,4
847,1008,6.07143,340,100,0,0,0,0,0,0,54,0,2
848,1128,6.12903,380,100,0,0,0,0,0,0,58,0,4
849,1144,6.17857,346,100,0,0,0,0,0,0,51,0,5
850,1240,6.10169,360,100,0,0,0,0,0,0,56,0,3
851,1408,6.10345,354,100,0,0,0,0,0,0,55,0,3
852,1648,6.03077,392,100,0,0,0,0,0,0,64,0,1
853,1728,6.06667,364,100,0,0,0,0,0,0,58,0,2
854,944,6.03279,368,100,0,0,0,0,0,0,60,0,1
855,1048,6.02985,404,100,0,0,0,0,0,0,66,0,1
856,1000,6.06154,394,100,0,0,0,0,0,0,63,0,2
857,968,6.03226,374,100,0,0,0,0,0,0,61,0,1
858,1116,6.05882,412,100,0,0,0,0,0,0,66,0,2
859,936,6.09375,390,100,0,0,0,0,0,0,61,0,3
860,924,6.05882,412,100,0,0,0,0,0,0,66,0,2
861,932,6.12308,398,100,0,0,0,0,0,0,61,0,4
862,900,6.15873,388,100,0,0,0,0,0,0,58,0,5
863,888,6.09677,378,100,0,0,0,0,0,0,59,0,3
864,876,6.1,366,100,0,0,0,0,0,0,57,0,3
865,976,6.12698,386,100,0,0,0,0,0,0,59,0,4
866,900,6.09375,390,100,0,0,0,0,0,0,61,0,3
867,1020,6.12903,380,100,0,0,0,0,0,0,58,0,4
868,940,6.22581,386,100,0,0,0,0,0,0,55,0,7
869,932,6.09677,378,100,0,0,0,0,0,0,59,0,3
870,1092,6.0597,406,100,0,0,0,0,0,0,65,0,2
871,980,6.19672,378,100,0,0,0,0,0,0,55,0,6
872,968,6.06667,364,100,0,0,0,0,0,0,58,0,2
873,900,6.03509,344,100,0,0,0,0,0,0,56,0,1
874,928,6.0339,356,100,0,0,0,0,0,0,58,0,1
875,1076,6.03125,386,100,0,0,0,0,0,0,63,0,1
876,892,6,354,100,0,0,0,0,0,0,59,0,0
877,912,6.16129,382,100,0,0,0,0,0,0,57,0,5
878,1016,6.06154,394,100,0,0,0,0,0,0,63,0,2
879,928,6.09375,390,100,0,0,0,0,0,0,61,0,3
880,960,6.03125,386,100,0,0,0,0,0,0,63,0,1
881,820,6.03226,374,100,0,0,0,0,0,0,61,0,1
882,1020,6.06154,394,100,0,0,0,0,0,0,63,0,2
883,1008,6.0625,388,100,0,0,0,0,0,0,62,0,2
884,1084,6.1,366,100,0,0,0,0,0,0,57,0,3
885,940,6.13559,362,100,0,0,0,0,0,0,55,0,4
886,992,6.06557,370,100,0,0,0,0,0,0,59,0,2
887,988,6,354,100,0,0,0,0,0,0,59,0,0
888,1032,6.03333,362,100,0,0,0,0,0,0,59,0,1
889,940,6.06667,364,100,0,0,0,0,0,0,58,0,2
890,884,6.09231,396,100,0,0,0,0,0,0,62,0,3
891,960,6.06452,376,100,0,0,0,0,0,0,60,0,2
892,864,6.10345,354,100,0,0,0,0,0,0,55,0,3
893,1020,6.09524,384,100,0,0,0,0,0,0,60,0,3
894,948,6.03448,350,100,0,0,0,0,0,0,57,0,1
895,1020,6,330,100,0,0,0,0,0,0,55,0,0
896,1124,6,348,100,0,0,0,0,0,0,58,0,0
897,1160,6.03333,362,100,0,0,0,0,0,0,59,0,1
898,1128,6.03448,350,100,0,0,0,0,0,0,57,0,1
899,1024,6,330,100,0,0,0,0,0,0,55,0,0
900,1132,6.07143,340,100,0,0,0,0,0,0,54,0,2
901,928,6.03704,326,100,0,0,0,0,0,0,53,0,1
902,848,6.03333,362,100,0,0,0,0,0,0,59,0,1
903,988,6,384,100,0,0,0,0,0,0,64,0,0
904,924,6,366,100,0,0,0,0,0,0,61,0,0
905,928,6,336,100,0,0,0,0,0,0,56,0,0
906,1084,6,360,100,0,0,0,0,0,0,60,0,0
907,932,6.03571,338,100,0,0,0,0,0,0,55,0,1
908,960,6,348,100,0,0,0,0,0,0,58,0,0
909,948,6.06349,382,100,0,0,0,0,0,0,61,0,2
910,928,6.0678,358,100,0,0,0,0,0,0,57,0,2
911,888,6.1,366,100,0,0,0,0,0,0,57,0,3
912,764,6.1,366,100,0,0,0,0,0,0,57,0,3
913,884,6.0678,358,100,0,0,0,0,0,0,57,0,2
914,876,6.06897,352,100,0,0,0,0,0,0,56,0,2
915,912,6.0678,358,100,0,0,0,0,0,0,57,0,2
916,1140,6.06557,370,100,0,0,0,0,0,0,59,0,2
917,1016,6.13559,362,100,0,0,0,0,0,0,55,0,4
918,1064,6.12698,386,100,0,0,0,0,0,0,59,0,4
919,968,6.03448,350,100,0,0,0,0,0,0,57,0,1
920,916,6.03571,338,100,0,0,0,0,0,0,55,0,1
921,912,6.03333,362,100,0,0,0,0,0,0,59,0,1
922,916,6,360,100,0,0,0,0,0,0,60,0,0
923,924,6.06452,376,100,0,0,0,0,0,0,60,0,2
924,980,6.06349,382,100,0,0,0,0,0,0,61,0,2
925,960,6.03175,380,100,0,0,0,0,0,0,62,0,1
926,1052,6,390,100,0,0,0,0,0,0,65,0,0
927,1136,6.06061,400,100,0,0,0,0,0,0,64,0,2
928,1084,6.10169,360,100,0,0,0,0,0,0,56,0,3
929,1016,6,360,100,0,0,0,0,0,0,60,0,0
930,952,6.03077,392,100,0,0,0,0,0,0,64,0,1
931,1012,6.06452,376,100,0,0,0,0,0,0,60,0,2
932,1080,6,378,100,0,0,0,0,0,0,63,0,0
933,1224,6,336,100,0,0,0,0,0,0,56,0,0
934,1076,6.03333,362,100,0,0,0,0,0,0,59,0,1
935,1060,6.03226,374,100,0,0,0,0,0,0,61,0,1
936,1044,6,318,100,0,0,0,0,0,0,53,0,0
937,1280,6,348,100,0,0,0,0,0,0,58,0,0
938,1076,6,348,100,0,0,0,0,0,0,58,0,0
939,1240,6,354,100,0,0,0,0,0,0,59,0,0
940,1040,6,348,100,0,0,0,0,0,0,58,0,0
941,1180,6.03333,362,100,0,0,0,0,0,0,59,0,1
942,1172,6.03509,344,100,0,0,0,0,0,0,56,0,1
943,1448,6,378,100,0,0,0,0,0,0,63,0,0
944,1252,6,336,100,0,0,0,0,0,0,56,0,0
945,1336,6,402,100,0,0,0,0,0,0,67,0,0
946,1284,6,330,100,0,0,0,0,0,0,55,0,0
947,1412,6,366,100,0,0,0,0,0,0,61,0,0
948,912,6.07018,346,100,0,0,0,0,0,0,55,0,2
949,1148,6.08955,408,100,0,0,0,0,0,0,64,0,3
950,1056,6.06897,352,100,0,0,0,0,0,0,56,0,2
951,1040,6.03226,374,100,0,0,0,0,0,0,61,0,1
952,1072,6,354,100,0,0,0,0,0,0,59,0,0
953,1160,6.06557,370,100,0,0,0,0,0,0,59,0,2
954,1280,6.06452,376,100,0,0,0,0,0,0,60,0,2
955,1332,6.12698,386,100,0,0,0,0,0,0,59,0,4
956,992,6.15873,388,100,0,0,0,0,0,0,58,0,5
957,1148,6.15152,406,100,0,0,0,0,0,0,61,0,5
958,1068,6.06452,376,100,0,0,0,0,0,0,60,0,2
959,1136,6.03279,368,100,0,0,0,0,0,0,60,0,1
960,1052,6.03448,350,100,0,0,0,0,0,0,57,0,1
961,996,6.11111,330,100,0,0,0,0,0,0,51,0,3
962,932,6,336,100,0,0,0,0,0,0,56,0,0
963,1116,6.03226,374,100,0,0,0,0,0,0,61,0,1
964,1144,6,354,100,0,0,0,0,0,0,59,0,0
965,864,6,336,100,0,0,0,0,0,0,56,0,0
966,1060,6.07018,346,100,0,0,0,0,0,0,55,0,2
967,916,6.03571,338,100,0,0,0,0,0,0,55,0,1
968,1116,6.06897,352,100,0,0,0,0,0,0,56,0,2
969,940,6.10909,336,100,0,0,0,0,0,0,52,0,3
970,876,6.07018,346,100,0,0,0,0,0,0,55,0,2
971,964,6.03175,380,100,0,0,0,0,0,0,62,0,1
972,836,6.0339,356,100,0,0,0,0,0,0,58,0,1
973,840,6.03175,380,100,0,0,0,0,0,0,62,0,1
974,996,6.09524,384,100,0,0,0,0,0,0,60,0,3
975,900,6.12903,380,100,0,0,0,0,0,0,58,0,4
976,984,6.23729,368,100,0,0,0,0,0,0,52,0,7
977,872,6.17857,346,100,0,0,0,0,0,0,51,0,5
978,824,6.18182,340,100,0,0,0,0,0,0,50,0,5
979,1040,6.13333,368,100,0,0,0,0,0,0,56,0,4
980,900,6.17857,346,100,0,0,0,0,0,0,51,0,5
981,888,6.2069,360,100,0,0,0,0,0,0,52,0,6
982,788,6.15094,326,100,0,0,0,0,0,0,49,0,4
983,944,6.17857,346,100,0,0,0,0,0,0,51,0,5
984,884,6.10345,354,100,0,0,0,0,0,0,55,0,3
985,956,6.16949,364,100,0,0,0,0,0,0,54,0,5
986,1024,6.0625,388,100,0,0,0,0,0,0,62,0,2
987,908,6.12903,380,100,0,0,0,0,0,0,58,0,4
988,940,6.12308,398,100,0,0,0,0,0,0,61,0,4
989,840,6.13559,362,100,0,0,0,0,0,0,55,0,4
990,896,6.13333,368,100,0,0,0,0,0,0,56,0,4
991,944,6.09091,402,100,0,0,0,0,0,0,63,0,3
992,920,6.12308,398,100,0,0,0,0,0,0,61,0,4
993,968,6.0625,388,100,0,0,0,0,0,0,62,0,2
994,948,6.12121,404,100,0,0,0,0,0,0,62,0,4
995,876,6.09677,378,100,0,0,0,0,0,0,59,0,3
996,968,6.1194,410,100,0,0,0,0,0,0,63,0,4
997,956,6.1875,396,100,0,0,0,0,0,0,58,0,6
998,1076,6.2,372,100,0,0,0,0,0,0,54,0,6
999,1200,6.12698,386,100,0,0,0,0,0,0,59,0,4
