update,points,mean_tasks,total_tasks,total_orgs,task_0,task_1,task_2,task_3,task_4,task_5,task_6,task_7,task_8
0,0,nan,0,9,0,0,0,0,0,0,0,0,0
1,12,6,6,9,0,0,0,0,0,0,1,0,0
2,40,6,18,9,0,0,0,0,0,0,3,0,0
3,60,6.5,26,12,0,0,0,0,0,0,3,0,1
4,44,6.4,32,15,0,0,0,0,0,0,4,0,1
5,104,6.22222,56,16,0,0,0,0,0,0,8,0,1
6,136,6.18182,68,19,0,0,0,0,0,0,10,0,1
7,96,6.44444,58,22,0,0,0,0,0,0,7,0,2
8,204,6.4,96,31,0,0,0,0,0,0,12,0,3
9,292,6.35294,108,36,0,0,0,0,0,0,14,0,3
10,392,6.17391,142,41,0,0,0,0,0,0,21,0,2
11,420,6.23077,162,49,0,0,0,0,0,0,23,0,3
12,536,6.34483,184,52,0,0,0,0,0,0,24,0,5
13,548,6.25,200,62,0,0,0,0,0,0,28,0,4
14,728,6.18182,272,71,0,0,0,0,0,0,40,0,4
15,740,6.08696,280,76,0,0,0,0,0,0,44,0,2
16,692,6.08163,298,76,0,0,0,0,0,0,47,0,2
17,724,6.08511,286,82,0,0,0,0,0,0,45,0,2
18,800,6.11765,312,88,0,0,0,0,0,0,48,0,3
19,832,6.17544,352,94,0,0,0,0,0,0,52,0,5
20,1032,6.12308,398,95,0,0,0,0,0,0,61,0,4
21,852,6.13115,374,98,0,0,0,0,0,0,57,0,4
22,1032,6,396,98,0,0,0,0,0,0,66,0,0
23,920,6.0678,358,100,0,0,0,0,0,0,57,0,2
24,1088,6.02985,404,100,0,0,0,0,0,0,66,0,1
25,996,6.09375,390,100,0,0,0,0,0,0,61,0,3
26,1076,6.12903,380,100,0,0,0,0,0,0,58,0,4
27,1000,6.09524,384,100,0,0,0,0,0,0,60,0,3
28,928,6.14925,412,100,0,0,0,0,0,0,62,0,5
29,920,6.1194,410,100,0,0,0,0,0,0,63,0,4
30,852,6.09375,390,100,0,0,0,0,0,0,61,0,3
31,880,6.15873,388,100,0,0,0,0,0,0,58,0,5
32,968,6.18182,408,100,0,0,0,0,0,0,60,0,6
33,1012,6.2029,428,100,0,0,0,0,0,0,62,0,7
34,1072,6.1791,414,100,0,0,0,0,0,0,61,0,6
35,1000,6.12698,386,100,0,0,0,0,0,0,59,0,4
36,892,6.10714,342,100,0,0,0,0,0,0,53,0,3
37,1128,6.12308,398,100,0,0,0,0,0,0,61,0,4
38,1132,6.1875,396,100,0,0,0,0,0,0,58,0,6
39,1008,6.13559,362,100,0,0,0,0,0,0,55,0,4
40,968,6.2,372,100,0,0,0,0,0,0,54,0,6
41,1000,6.3,378,100,0,0,0,0,0,0,51,0,9
42,1020,6.22581,386,100,0,0,0,0,0,0,55,0,7
43,1096,6.09677,378,100,0,0,0,0,0,0,59,0,3
44,1028,6.2,372,100,0,0,0,0,0,0,54,0,6
45,1120,6.09231,396,100,0,0,0,0,0,0,62,0,3
46,1136,6.12903,380,100,0,0,0,0,0,0,58,0,4
47,1092,6.16667,370,100,0,0,0,0,0,0,55,0,5
48,1060,6.2069,360,100,0,0,0,0,0,0,52,0,6
49,980,6.19672,378,100,0,0,0,0,0,0,55,0,6
50,1016,6.32258,392,100,0,0,0,0,0,0,52,0,10
51,996,6.25397,394,100,0,0,0,0,0,0,55,0,8
52,992,6.16949,364,100,0,0,0,0,0,0,54,0,5
53,820,6.07018,346,100,0,0,0,0,0,0,55,0,2
54,1052,6.24242,412,100,0,0,0,0,0,0,58,0,8
55,1000,6.24615,406,100,0,0,0,0,0,0,57,0,8
56,1104,6.25397,394,100,0,0,0,0,0,0,55,0,8
57,1016,6.27586,364,100,0,0,0,0,0,0,50,0,8
58,924,6.36667,382,100,0,0,0,0,0,0,49,0,11
59,932,6.2,372,100,0,0,0,0,0,0,54,0,6
60,944,6.2,372,100,0,0,0,0,0,0,54,0,6
61,1084,6.25,400,100,0,0,0,0,0,0,56,0,8
62,984,6.30769,410,100,0,0,0,0,0,0,55,0,10
63,972,6.39344,390,100,0,0,0,0,0,0,49,0,12
64,884,6.41935,398,100,0,0,0,0,0,0,49,0,13
65,904,6.38095,402,100,0,0,0,0,0,0,51,0,12
66,944,6.34921,400,100,0,0,0,0,0,0,52,0,11
67,928,6.36667,382,100,0,0,0,0,0,0,49,0,11
68,924,6.29091,346,100,0,0,0,0,0,0,47,0,8
69,1088,6.29032,390,100,0,0,0,0,0,0,53,0,9
70,1024,6.31746,398,100,0,0,0,0,0,0,53,0,10
71,976,6.22581,386,100,0,0,0,0,0,0,55,0,7
72,980,6.17544,352,100,0,0,0,0,0,0,52,0,5
73,1096,6.22951,380,100,0,0,0,0,0,0,54,0,7
74,1148,6.26866,420,100,0,0,0,0,0,0,58,0,9
75,1120,6.26667,376,100,0,0,0,0,0,0,52,0,8
76,1316,6.34921,400,100,0,0,0,0,0,0,52,0,11
77,1104,6.36923,414,100,0,0,0,0,0,0,53,0,12
78,1012,6.39344,390,100,0,0,0,0,0,0,49,0,12
79,944,6.53333,392,100,0,0,0,0,0,0,44,0,16
80,1128,6.50794,410,100,0,0,0,0,0,0,47,0,16
81,1112,6.54237,386,100,0,0,0,0,0,0,43,0,16
82,1128,6.52459,398,100,0,0,0,0,0,0,45,0,16
83,1116,6.3125,404,100,0,0,0,0,0,0,54,0,10
84,1264,6.53125,418,100,0,0,0,0,0,0,47,0,17
85,1344,6.40625,410,100,0,0,0,0,0,0,51,0,13
86,1276,6.36667,382,100,0,0,0,0,0,0,49,0,11
87,1328,6.54839,406,100,0,0,0,0,0,0,45,0,17
88,1188,6.29032,390,100,0,0,0,0,0,0,53,0,9
89,1024,6.4,352,100,0,0,0,0,0,0,44,0,11
90,1052,6.32787,386,100,0,0,0,0,0,0,51,0,10
91,1112,6.39286,358,100,0,0,0,0,0,0,45,0,11
92,1192,6.29091,346,100,0,0,0,0,0,0,47,0,8
93,1172,6.43636,354,100,0,0,0,0,0,0,43,0,12
94,1412,6.36066,388,100,0,0,0,0,0,0,50,0,11
95,1128,6.32143,354,100,0,0,0,0,0,0,47,0,9
96,1292,6.32258,392,100,0,0,0,0,0,0,52,0,10
97,1184,6.37288,376,100,0,0,0,0,0,0,48,0,11
98,1380,6.36923,414,100,0,0,0,0,0,0,53,0,12
99,1412,6.32353,430,100,0,0,0,0,0,0,57,0,11
100,1264,6.2807,358,100,0,0,0,0,0,0,49,0,8
101,1464,6.30508,372,100,0,0,0,0,0,0,50,0,9
102,1556,6.42857,360,100,0,0,0,0,0,0,44,0,12
103,1688,6.37931,370,100,0,0,0,0,0,0,47,0,11
104,1516,6.35484,394,100,0,0,0,0,0,0,51,0,11
105,1164,6.25,350,100,0,0,0,0,0,0,49,0,7
106,1416,6.22222,392,100,0,0,0,0,0,0,56,0,7
107,1516,6.42857,360,100,0,0,0,0,0,0,44,0,12
108,1608,6.32787,386,100,0,0,0,0,0,0,51,0,10
109,1364,6.45614,368,100,0,0,0,0,0,0,44,0,13
110,1400,6.42623,392,100,0,0,0,0,0,0,48,0,13
111,1456,6.41379,372,100,0,0,0,0,0,0,46,0,12
112,1208,6.45614,368,100,0,0,0,0,0,0,44,0,13
113,1252,6.2963,340,100,0,0,0,0,0,0,46,0,8
114,1332,6.25926,338,100,0,0,0,0,0,0,47,0,7
115,1288,6.33333,380,100,0,0,0,0,0,0,50,0,10
116,1384,6.4,384,100,0,0,0,0,0,0,48,0,12
117,1392,6.3,378,100,0,0,0,0,0,0,51,0,9
118,1504,6.17241,358,100,0,0,0,0,0,0,53,0,5
119,1460,6.21429,348,100,0,0,0,0,0,0,50,0,6
120,1468,6.13793,356,100,0,0,0,0,0,0,54,0,4
121,1472,6.10909,336,100,0,0,0,0,0,0,52,0,3
122,1424,6.06349,382,100,0,0,0,0,0,0,61,0,2
123,1380,6.16129,382,100,0,0,0,0,0,0,57,0,5
124,1048,6.06452,376,100,0,0,0,0,0,0,60,0,2
125,1208,6.09231,396,100,0,0,0,0,0,0,62,0,3
126,1016,6.10345,354,100,0,0,0,0,0,0,55,0,3
127,1020,6.10526,348,100,0,0,0,0,0,0,54,0,3
128,912,6.0678,358,100,0,0,0,0,0,0,57,0,2
129,992,6.16393,376,100,0,0,0,0,0,0,56,0,5
130,868,6.06452,376,100,0,0,0,0,0,0,60,0,2
131,988,6.06061,400,100,0,0,0,0,0,0,64,0,2
132,948,6.0678,358,100,0,0,0,0,0,0,57,0,2
133,1108,6.06452,376,100,0,0,0,0,0,0,60,0,2
134,1156,6.09836,372,100,0,0,0,0,0,0,58,0,3
135,1068,6.0339,356,100,0,0,0,0,0,0,58,0,1
136,1132,6.06452,376,100,0,0,0,0,0,0,60,0,2
137,976,6.10526,348,100,0,0,0,0,0,0,54,0,3
138,964,6.125,392,100,0,0,0,0,0,0,60,0,4
139,1024,6.09375,390,100,0,0,0,0,0,0,61,0,3
140,988,6.03226,374,100,0,0,0,0,0,0,61,0,1
141,1028,6.09375,390,100,0,0,0,0,0,0,61,0,3
142,1048,6.06452,376,100,0,0,0,0,0,0,60,0,2
143,1140,6.15385,400,100,0,0,0,0,0,0,60,0,5
144,1112,6.06349,382,100,0,0,0,0,0,0,61,0,2
145,1252,6.0597,406,100,0,0,0,0,0,0,65,0,2
146,1212,6.15873,388,100,0,0,0,0,0,0,58,0,5
147,1320,6.12308,398,100,0,0,0,0,0,0,61,0,4
148,1244,6.0597,406,100,0,0,0,0,0,0,65,0,2
149,1028,6.23333,374,100,0,0,0,0,0,0,53,0,7
150,1172,6.22222,392,100,0,0,0,0,0,0,56,0,7
151,1096,6.17544,352,100,0,0,0,0,0,0,52,0,5
152,956,6.09836,372,100,0,0,0,0,0,0,58,0,3
153,1040,6.16667,370,100,0,0,0,0,0,0,55,0,5
154,1040,6.10169,360,100,0,0,0,0,0,0,56,0,3
155,1116,6.14815,332,100,0,0,0,0,0,0,50,0,4
156,928,6.18519,334,100,0,0,0,0,0,0,49,0,5
157,940,6.1,366,100,0,0,0,0,0,0,57,0,3
158,1028,6.0678,358,100,0,0,0,0,0,0,57,0,2
159,1144,6.09836,372,100,0,0,0,0,0,0,58,0,3
160,1216,6.16393,376,100,0,0,0,0,0,0,56,0,5
161,1296,6.07018,346,100,0,0,0,0,0,0,55,0,2
162,1096,6.10714,342,100,0,0,0,0,0,0,53,0,3
163,836,6.07018,346,100,0,0,0,0,0,0,55,0,2
164,936,6.0339,356,100,0,0,0,0,0,0,58,0,1
165,992,6.05882,412,100,0,0,0,0,0,0,66,0,2
166,848,6.05797,418,100,0,0,0,0,0,0,67,0,2
167,856,6,402,100,0,0,0,0,0,0,67,0,0
168,888,6,372,100,0,0,0,0,0,0,62,0,0
169,988,6,402,100,0,0,0,0,0,0,67,0,0
170,916,6.06667,364,100,0,0,0,0,0,0,58,0,2
171,984,6.06557,370,100,0,0,0,0,0,0,59,0,2
172,876,6.06349,382,100,0,0,0,0,0,0,61,0,2
173,992,6.0597,406,100,0,0,0,0,0,0,65,0,2
174,876,6.03125,386,100,0,0,0,0,0,0,63,0,1
175,932,6,402,100,0,0,0,0,0,0,67,0,0
176,912,6.09677,378,100,0,0,0,0,0,0,59,0,3
177,768,6,348,100,0,0,0,0,0,0,58,0,0
178,980,6,396,100,0,0,0,0,0,0,66,0,0
179,1060,6.06557,370,100,0,0,0,0,0,0,59,0,2
180,984,6.03448,350,100,0,0,0,0,0,0,57,0,1
181,1056,6.03571,338,100,0,0,0,0,0,0,55,0,1
182,1020,6,354,100,0,0,0,0,0,0,59,0,0
183,1092,6.03279,368,100,0,0,0,0,0,0,60,0,1
184,1092,6.06557,370,100,0,0,0,0,0,0,59,0,2
185,1224,6.0339,356,100,0,0,0,0,0,0,58,0,1
186,1252,6,366,100,0,0,0,0,0,0,61,0,0
187,1192,6,354,100,0,0,0,0,0,0,59,0,0
188,912,6.03448,350,100,0,0,0,0,0,0,57,0,1
189,976,6,360,100,0,0,0,0,0,0,60,0,0
190,1220,6.03125,386,100,0,0,0,0,0,0,63,0,1
191,1172,6.06667,364,100,0,0,0,0,0,0,58,0,2
192,1224,6.0339,356,100,0,0,0,0,0,0,58,0,1
193,1260,6.17857,346,100,0,0,0,0,0,0,51,0,5
194,1344,6.0339,356,100,0,0,0,0,0,0,58,0,1
195,1332,6.07143,340,100,0,0,0,0,0,0,54,0,2
196,1120,6.03571,338,100,0,0,0,0,0,0,55,0,1
197,1100,6.09677,378,100,0,0,0,0,0,0,59,0,3
198,1140,6.06154,394,100,0,0,0,0,0,0,63,0,2
199,1416,6,372,100,0,0,0,0,0,0,62,0,0
200,1256,6.03509,344,100,0,0,0,0,0,0,56,0,1
201,1232,6.03279,368,100,0,0,0,0,0,0,60,0,1
202,1248,6.06667,364,100,0,0,0,0,0,0,58,0,2
203,1360,6.09231,396,100,0,0,0,0,0,0,62,0,3
204,1040,6.09677,378,100,0,0,0,0,0,0,59,0,3
205,1036,6.13333,368,100,0,0,0,0,0,0,56,0,4
206,996,6.13333,368,100,0,0,0,0,0,0,56,0,4
207,1116,6.14815,332,100,0,0,0,0,0,0,50,0,4
208,1240,6.16949,364,100,0,0,0,0,0,0,54,0,5
209,1408,6.13793,356,100,0,0,0,0,0,0,54,0,4
210,1580,6.13333,368,100,0,0,0,0,0,0,56,0,4
211,1440,6.10909,336,100,0,0,0,0,0,0,52,0,3
212,1156,6.07692,316,100,0,0,0,0,0,0,50,0,2
213,1264,6.09836,372,100,0,0,0,0,0,0,58,0,3
214,1356,6.10526,348,100,0,0,0,0,0,0,54,0,3
215,1124,6.03571,338,100,0,0,0,0,0,0,55,0,1
216,1164,6.10345,354,100,0,0,0,0,0,0,55,0,3
217,1316,6.06349,382,100,0,0,0,0,0,0,61,0,2
218,972,6.14545,338,100,0,0,0,0,0,0,51,0,4
219,900,6.07407,328,100,0,0,0,0,0,0,52,0,2
220,876,6.14286,344,100,0,0,0,0,0,0,52,0,4
221,1204,6.13793,356,100,0,0,0,0,0,0,54,0,4
222,1176,6.19231,322,100,0,0,0,0,0,0,47,0,5
223,1240,6.21053,354,100,0,0,0,0,0,0,51,0,6
224,1236,6.25455,344,100,0,0,0,0,0,0,48,0,7
225,1428,6.17857,346,100,0,0,0,0,0,0,51,0,5
226,1304,6.10169,360,100,0,0,0,0,0,0,56,0,3
227,1320,6.10169,360,100,0,0,0,0,0,0,56,0,3
228,1460,6.03175,380,100,0,0,0,0,0,0,62,0,1
229,1424,6,372,100,0,0,0,0,0,0,62,0,0
230,1216,6.0339,356,100,0,0,0,0,0,0,58,0,1
231,1096,6.03448,350,100,0,0,0,0,0,0,57,0,1
232,1024,6.0339,356,100,0,0,0,0,0,0,58,0,1
233,896,6.07407,328,100,0,0,0,0,0,0,52,0,2
234,904,6.0678,358,100,0,0,0,0,0,0,57,0,2
235,988,6.06452,376,100,0,0,0,0,0,0,60,0,2
236,1016,6.10169,360,100,0,0,0,0,0,0,56,0,3
237,880,6.06667,364,100,0,0,0,0,0,0,58,0,2
238,924,6.06452,376,100,0,0,0,0,0,0,60,0,2
239,1016,6.12698,386,100,0,0,0,0,0,0,59,0,4
240,928,6.16393,376,100,0,0,0,0,0,0,56,0,5
241,880,6.15873,388,100,0,0,0,0,0,0,58,0,5
242,920,6.15385,400,100,0,0,0,0,0,0,60,0,5
243,928,6.18182,408,100,0,0,0,0,0,0,60,0,6
244,908,6.13333,368,100,0,0,0,0,0,0,56,0,4
245,940,6.15385,400,100,0,0,0,0,0,0,60,0,5
246,960,6.16129,382,100,0,0,0,0,0,0,57,0,5
247,872,6.15152,406,100,0,0,0,0,0,0,61,0,5
248,936,6.125,392,100,0,0,0,0,0,0,60,0,4
249,752,6.16393,376,100,0,0,0,0,0,0,56,0,5
250,872,6.18182,408,100,0,0,0,0,0,0,60,0,6
251,1008,6.14706,418,100,0,0,0,0,0,0,63,0,5
252,956,6.15873,388,100,0,0,0,0,0,0,58,0,5
253,868,6.12903,380,100,0,0,0,0,0,0,58,0,4
254,864,6.06452,376,100,0,0,0,0,0,0,60,0,2
255,952,6.16393,376,100,0,0,0,0,0,0,56,0,5
256,996,6.10714,342,100,0,0,0,0,0,0,53,0,3
257,1040,6.07143,340,100,0,0,0,0,0,0,54,0,2
258,1156,6.27586,364,100,0,0,0,0,0,0,50,0,8
259,940,6.22951,380,100,0,0,0,0,0,0,54,0,7
260,956,6.2,372,100,0,0,0,0,0,0,54,0,6
261,724,6.10714,342,100,0,0,0,0,0,0,53,0,3
262,856,6.13793,356,100,0,0,0,0,0,0,54,0,4
263,896,6.06667,364,100,0,0,0,0,0,0,58,0,2
264,936,6.06897,352,100,0,0,0,0,0,0,56,0,2
265,1148,6.0625,388,100,0,0,0,0,0,0,62,0,2
266,884,6.03571,338,100,0,0,0,0,0,0,55,0,1
267,1276,6.1,366,100,0,0,0,0,0,0,57,0,3
268,1136,6.06349,382,100,0,0,0,0,0,0,61,0,2
269,960,6.06667,364,100,0,0,0,0,0,0,58,0,2
270,1052,6.03279,368,100,0,0,0,0,0,0,60,0,1
271,1156,6.09836,372,100,0,0,0,0,0,0,58,0,3
272,1100,6.18462,402,100,0,0,0,0,0,0,59,0,6
273,1072,6.19048,390,100,0,0,0,0,0,0,57,0,6
274,996,6.20339,366,100,0,0,0,0,0,0,53,0,6
275,1340,6.15625,394,100,0,0,0,0,0,0,59,0,5
276,1288,6.2623,382,100,0,0,0,0,0,0,53,0,8
277,1464,6.27119,370,100,0,0,0,0,0,0,51,0,8
278,1348,6.13333,368,100,0,0,0,0,0,0,56,0,4
279,1108,6.15625,394,100,0,0,0,0,0,0,59,0,5
280,1076,6.22222,392,100,0,0,0,0,0,0,56,0,7
281,1120,6.3,378,100,0,0,0,0,0,0,51,0,9
282,1212,6.44828,374,100,0,0,0,0,0,0,45,0,13
283,1104,6.33333,418,100,0,0,0,0,0,0,55,0,11
284,1132,6.38095,402,100,0,0,0,0,0,0,51,0,12
285,1220,6.39344,390,100,0,0,0,0,0,0,49,0,12
286,1388,6.25806,388,100,0,0,0,0,0,0,54,0,8
287,1656,6.37931,370,100,0,0,0,0,0,0,47,0,11
288,1412,6.29508,384,100,0,0,0,0,0,0,52,0,9
289,1452,6.33898,374,100,0,0,0,0,0,0,49,0,10
290,1760,6.34375,406,100,0,0,0,0,0,0,53,0,11
291,1520,6.39344,390,100,0,0,0,0,0,0,49,0,12
292,1700,6.35484,394,100,0,0,0,0,0,0,51,0,11
293,1708,6.3871,396,100,0,0,0,0,0,0,50,0,12
294,1860,6.36667,382,100,0,0,0,0,0,0,49,0,11
295,1996,6.36066,388,100,0,0,0,0,0,0,50,0,11
296,2204,6.3125,404,100,0,0,0,0,0,0,54,0,10
297,2184,6.36066,388,100,0,0,0,0,0,0,50,0,11
298,2384,6.31746,398,100,0,0,0,0,0,0,53,0,10
299,1216,6.27586,364,100,0,0,0,0,0,0,50,0,8
300,1420,6.35088,362,100,0,0,0,0,0,0,47,0,10
301,1408,6.24138,362,100,0,0,0,0,0,0,51,0,7
302,1184,6.25,350,100,0,0,0,0,0,0,49,0,7
303,1116,6.26667,376,100,0,0,0,0,0,0,52,0,8
304,1384,6.21538,404,100,0,0,0,0,0,0,58,0,7
305,1144,6.37288,376,100,0,0,0,0,0,0,48,0,11
306,1084,6.29508,384,100,0,0,0,0,0,0,52,0,9
307,1008,6.18182,408,100,0,0,0,0,0,0,60,0,6
308,1012,6.19672,378,100,0,0,0,0,0,0,55,0,6
309,988,6.15385,400,100,0,0,0,0,0,0,60,0,5
310,1112,6.13889,442,100,0,0,0,0,0,0,67,0,5
311,1068,6.19048,390,100,0,0,0,0,0,0,57,0,6
312,1148,6.08955,408,100,0,0,0,0,0,0,64,0,3
313,1216,6.11765,416,100,0,0,0,0,0,0,64,0,4
314,1152,6.14493,424,100,0,0,0,0,0,0,64,0,5
315,1240,6.11429,428,100,0,0,0,0,0,0,66,0,4
316,1384,6.05882,412,100,0,0,0,0,0,0,66,0,2
317,1296,6.09524,384,100,0,0,0,0,0,0,60,0,3
318,1104,6.09375,390,100,0,0,0,0,0,0,61,0,3
319,1324,6.14925,412,100,0,0,0,0,0,0,62,0,5
320,1332,6.2069,360,100,0,0,0,0,0,0,52,0,6
321,1388,6.22222,392,100,0,0,0,0,0,0,56,0,7
322,1452,6.12308,398,100,0,0,0,0,0,0,61,0,4
323,1320,6.25806,388,100,0,0,0,0,0,0,54,0,8
324,1380,6.21538,404,100,0,0,0,0,0,0,58,0,7
325,1232,6.13333,368,100,0,0,0,0,0,0,56,0,4
326,1328,6.19355,384,100,0,0,0,0,0,0,56,0,6
327,1356,6.16949,364,100,0,0,0,0,0,0,54,0,5
328,1624,6.10345,354,100,0,0,0,0,0,0,55,0,3
329,1924,6.10169,360,100,0,0,0,0,0,0,56,0,3
330,1872,6.06667,364,100,0,0,0,0,0,0,58,0,2
331,1840,6,342,100,0,0,0,0,0,0,57,0,0
332,1492,6,318,100,0,0,0,0,0,0,53,0,0
333,1740,6,348,100,0,0,0,0,0,0,58,0,0
334,1708,6,336,100,0,0,0,0,0,0,56,0,0
335,1300,6,348,100,0,0,0,0,0,0,58,0,0
336,1196,6,336,100,0,0,0,0,0,0,56,0,0
337,1384,6.03333,362,100,0,0,0,0,0,0,59,0,1
338,1020,6,324,100,0,0,0,0,0,0,54,0,0
339,1208,6,354,100,0,0,0,0,0,0,59,0,0
340,1256,6,348,100,0,0,0,0,0,0,58,0,0
341,1232,6,312,100,0,0,0,0,0,0,52,0,0
342,1148,6,318,100,0,0,0,0,0,0,53,0,0
343,1124,6.03774,320,100,0,0,0,0,0,0,52,0,1
344,1216,6,324,100,0,0,0,0,0,0,54,0,0
345,1128,6,342,100,0,0,0,0,0,0,57,0,0
346,1024,6,318,100,0,0,0,0,0,0,53,0,0
347,1104,6,348,100,0,0,0,0,0,0,58,0,0
348,1084,6,342,100,0,0,0,0,0,0,57,0,0
349,1180,6,378,100,0,0,0,0,0,0,63,0,0
350,1264,6,336,100,0,0,0,0,0,0,56,0,0
351,1396,6.0339,356,100,0,0,0,0,0,0,58,0,1
352,1256,6,354,100,0,0,0,0,0,0,59,0,0
353,1292,6.0339,356,100,0,0,0,0,0,0,58,0,1
354,1536,6.03226,374,100,0,0,0,0,0,0,61,0,1
355,1480,6.09677,378,100,0,0,0,0,0,0,59,0,3
356,1092,6,378,100,0,0,0,0,0,0,63,0,0
357,1020,6,354,100,0,0,0,0,0,0,59,0,0
358,1076,6.06452,376,100,0,0,0,0,0,0,60,0,2
359,1004,6.03226,374,100,0,0,0,0,0,0,61,0,1
360,900,6.06667,364,100,0,0,0,0,0,0,58,0,2
361,1116,6.0625,388,100,0,0,0,0,0,0,62,0,2
362,908,6.03636,332,100,0,0,0,0,0,0,54,0,1
363,988,6.03448,350,100,0,0,0,0,0,0,57,0,1
364,1004,6.0678,358,100,0,0,0,0,0,0,57,0,2
365,900,6.0678,358,100,0,0,0,0,0,0,57,0,2
366,884,6.03636,332,100,0,0,0,0,0,0,54,0,1
367,972,6.03175,380,100,0,0,0,0,0,0,62,0,1
368,912,6.03226,374,100,0,0,0,0,0,0,61,0,1
369,900,6.125,392,100,0,0,0,0,0,0,60,0,4
370,968,6.15385,400,100,0,0,0,0,0,0,60,0,5
371,1104,6.03077,392,100,0,0,0,0,0,0,64,0,1
372,892,6.06557,370,100,0,0,0,0,0,0,59,0,2
373,1024,6.08955,408,100,0,0,0,0,0,0,64,0,3
374,904,6.06557,370,100,0,0,0,0,0,0,59,0,2
375,900,6.09836,372,100,0,0,0,0,0,0,58,0,3
376,1056,6.03175,380,100,0,0,0,0,0,0,62,0,1
377,1144,6.03125,386,100,0,0,0,0,0,0,63,0,1
378,1152,6.09677,378,100,0,0,0,0,0,0,59,0,3
379,1084,6.13115,374,100,0,0,0,0,0,0,57,0,4
380,1056,6.12903,380,100,0,0,0,0,0,0,58,0,4
381,916,6.03509,344,100,0,0,0,0,0,0,56,0,1
382,1060,6.09677,378,100,0,0,0,0,0,0,59,0,3
383,976,6.09677,378,100,0,0,0,0,0,0,59,0,3
384,960,6.06557,370,100,0,0,0,0,0,0,59,0,2
385,1012,6.12698,386,100,0,0,0,0,0,0,59,0,4
386,1112,6.16393,376,100,0,0,0,0,0,0,56,0,5
387,852,6.18519,334,100,0,0,0,0,0,0,49,0,5
388,916,6.06452,376,100,0,0,0,0,0,0,60,0,2
389,1060,6.22222,392,100,0,0,0,0,0,0,56,0,7
390,880,6.25397,394,100,0,0,0,0,0,0,55,0,8
391,872,6.29508,384,100,0,0,0,0,0,0,52,0,9
392,812,6.2069,360,100,0,0,0,0,0,0,52,0,6
393,924,6.13115,374,100,0,0,0,0,0,0,57,0,4
394,1080,6.06452,376,100,0,0,0,0,0,0,60,0,2
395,880,6.14286,344,100,0,0,0,0,0,0,52,0,4
396,896,6.09375,390,100,0,0,0,0,0,0,61,0,3
397,964,6.06452,376,100,0,0,0,0,0,0,60,0,2
398,928,6.0339,356,100,0,0,0,0,0,0,58,0,1
399,808,6.03448,350,100,0,0,0,0,0,0,57,0,1
400,904,6.03125,386,100,0,0,0,0,0,0,63,0,1
401,808,6.06897,352,100,0,0,0,0,0,0,56,0,2
402,820,6.09677,378,100,0,0,0,0,0,0,59,0,3
403,792,6.14035,350,100,0,0,0,0,0,0,53,0,4
404,880,6.06452,376,100,0,0,0,0,0,0,60,0,2
405,740,6.11111,330,100,0,0,0,0,0,0,51,0,3
406,908,6.13115,374,100,0,0,0,0,0,0,57,0,4
407,892,6.19355,384,100,0,0,0,0,0,0,56,0,6
408,816,6.23333,374,100,0,0,0,0,0,0,53,0,7
409,952,6.12121,404,100,0,0,0,0,0,0,62,0,4
410,1024,6.14286,430,100,0,0,0,0,0,0,65,0,5
411,1064,6.12121,404,100,0,0,0,0,0,0,62,0,4
412,1024,6.25397,394,100,0,0,0,0,0,0,55,0,8
413,816,6.2069,360,100,0,0,0,0,0,0,52,0,6
414,944,6.09524,384,100,0,0,0,0,0,0,60,0,3
415,1108,6.09231,396,100,0,0,0,0,0,0,62,0,3
416,1020,6.06154,394,100,0,0,0,0,0,0,63,0,2
417,1156,6.125,392,100,0,0,0,0,0,0,60,0,4
418,1036,6.06452,376,100,0,0,0,0,0,0,60,0,2
419,1044,6.13559,362,100,0,0,0,0,0,0,55,0,4
420,1024,6.12698,386,100,0,0,0,0,0,0,59,0,4
421,1064,6.0625,388,100,0,0,0,0,0,0,62,0,2
422,976,6.10169,360,100,0,0,0,0,0,0,56,0,3
423,1076,6.03226,374,100,0,0,0,0,0,0,61,0,1
424,916,6.06452,376,100,0,0,0,0,0,0,60,0,2
425,976,6.06667,364,100,0,0,0,0,0,0,58,0,2
426,1036,6.12903,380,100,0,0,0,0,0,0,58,0,4
427,1172,6.09375,390,100,0,0,0,0,0,0,61,0,3
428,1104,6.03571,338,100,0,0,0,0,0,0,55,0,1
429,1152,6.07407,328,100,0,0,0,0,0,0,52,0,2
430,1488,6.06557,370,100,0,0,0,0,0,0,59,0,2
431,1220,6.0678,358,100,0,0,0,0,0,0,57,0,2
432,1252,6.07018,346,100,0,0,0,0,0,0,55,0,2
433,1116,6.16,308,100,0,0,0,0,0,0,46,0,4
434,892,6.07143,340,100,0,0,0,0,0,0,54,0,2
435,1068,6.10714,342,100,0,0,0,0,0,0,53,0,3
436,1112,6.06667,364,100,0,0,0,0,0,0,58,0,2
437,1368,6.0678,358,100,0,0,0,0,0,0,57,0,2
438,1520,6.0678,358,100,0,0,0,0,0,0,57,0,2
439,1672,6.0678,358,100,0,0,0,0,0,0,57,0,2
440,1548,6.06897,352,100,0,0,0,0,0,0,56,0,2
441,1508,6.03509,344,100,0,0,0,0,0,0,56,0,1
442,1852,6.03509,344,100,0,0,0,0,0,0,56,0,1
443,1548,6.03922,308,100,0,0,0,0,0,0,50,0,1
444,1528,6.06897,352,100,0,0,0,0,0,0,56,0,2
445,1076,6.0678,358,100,0,0,0,0,0,0,57,0,2
446,1068,6.03509,344,100,0,0,0,0,0,0,56,0,1
447,1312,6.06557,370,100,0,0,0,0,0,0,59,0,2
448,1368,6.03509,344,100,0,0,0,0,0,0,56,0,1
449,1532,6,300,100,0,0,0,0,0,0,50,0,0
450,1544,6.03636,332,100,0,0,0,0,0,0,54,0,1
451,1436,6.06452,376,100,0,0,0,0,0,0,60,0,2
452,1348,6.07407,328,100,0,0,0,0,0,0,52,0,2
453,1740,6.03448,350,100,0,0,0,0,0,0,57,0,1
454,1800,6.10714,342,100,0,0,0,0,0,0,53,0,3
455,1996,6.06897,352,100,0,0,0,0,0,0,56,0,2
456,2068,6.07018,346,100,0,0,0,0,0,0,55,0,2
457,2252,6.10714,342,100,0,0,0,0,0,0,53,0,3
458,2104,6.03448,350,100,0,0,0,0,0,0,57,0,1
459,1984,6.07547,322,100,0,0,0,0,0,0,51,0,2
460,1784,6.14815,332,100,0,0,0,0,0,0,50,0,4
461,1912,6.14815,332,100,0,0,0,0,0,0,50,0,4
462,1224,6.14035,350,100,0,0,0,0,0,0,53,0,4
463,1408,6.16393,376,100,0,0,0,0,0,0,56,0,5
464,1584,6.125,392,100,0,0,0,0,0,0,60,0,4
465,1660,6.12698,386,100,0,0,0,0,0,0,59,0,4
466,1552,6.1875,396,100,0,0,0,0,0,0,58,0,6
467,1372,6.20339,366,100,0,0,0,0,0,0,53,0,6
468,1240,6.16393,376,100,0,0,0,0,0,0,56,0,5
469,1124,6.27586,364,100,0,0,0,0,0,0,50,0,8
470,1092,6.18519,334,100,0,0,0,0,0,0,49,0,5
471,1200,6.2,372,100,0,0,0,0,0,0,54,0,6
472,1196,6.19672,378,100,0,0,0,0,0,0,55,0,6
473,1176,6.16949,364,100,0,0,0,0,0,0,54,0,5
474,1288,6.2,372,100,0,0,0,0,0,0,54,0,6
475,1444,6.15625,394,100,0,0,0,0,0,0,59,0,5
476,1808,6.1,366,100,0,0,0,0,0,0,57,0,3
477,1832,6.06667,364,100,0,0,0,0,0,0,58,0,2
478,1828,6.0339,356,100,0,0,0,0,0,0,58,0,1
479,1948,6.03333,362,100,0,0,0,0,0,0,59,0,1
480,1680,6.03571,338,100,0,0,0,0,0,0,55,0,1
481,1764,6.10526,348,100,0,0,0,0,0,0,54,0,3
482,1940,6.03509,344,100,0,0,0,0,0,0,56,0,1
483,976,6.03774,320,100,0,0,0,0,0,0,52,0,1
484,1124,6.06897,352,100,0,0,0,0,0,0,56,0,2
485,1208,6.10909,336,100,0,0,0,0,0,0,52,0,3
486,1264,6.03509,344,100,0,0,0,0,0,0,56,0,1
487,1248,6.03448,350,100,0,0,0,0,0,0,57,0,1
488,1248,6.0339,356,100,0,0,0,0,0,0,58,0,1
489,1480,6.06349,382,100,0,0,0,0,0,0,61,0,2
490,1532,6.0625,388,100,0,0,0,0,0,0,62,0,2
491,1436,6,336,100,0,0,0,0,0,0,56,0,0
492,928,6.03509,344,100,0,0,0,0,0,0,56,0,1
493,1072,6,354,100,0,0,0,0,0,0,59,0,0
494,1424,6.03175,380,100,0,0,0,0,0,0,62,0,1
495,1632,6.03448,350,100,0,0,0,0,0,0,57,0,1
496,1616,6.03226,374,100,0,0,0,0,0,0,61,0,1
497,1644,6,354,100,0,0,0,0,0,0,59,0,0
498,1204,6,366,100,0,0,0,0,0,0,61,0,0
499,1464,6.06452,376,100,0,0,0,0,0,0,60,0,2
500,1356,6.03125,386,100,0,0,0,0,0,0,63,0,1
501,1144,6.03333,362,100,0,0,0,0,0,0,59,0,1
502,1244,6.03448,350,100,0,0,0,0,0,0,57,0,1
503,988,6.03175,380,100,0,0,0,0,0,0,62,0,1
504,904,6,324,100,0,0,0,0,0,0,54,0,0
505,1136,6,366,100,0,0,0,0,0,0,61,0,0
506,872,6,324,100,0,0,0,0,0,0,54,0,0
507,1112,6,336,100,0,0,0,0,0,0,56,0,0
508,1332,6.03448,350,100,0,0,0,0,0,0,57,0,1
509,1352,6.06897,352,100,0,0,0,0,0,0,56,0,2
510,1292,6.03279,368,100,0,0,0,0,0,0,60,0,1
511,1616,6.0597,406,100,0,0,0,0,0,0,65,0,2
512,1100,6.03279,368,100,0,0,0,0,0,0,60,0,1
513,1304,6.06154,394,100,0,0,0,0,0,0,63,0,2
514,1352,6.06557,370,100,0,0,0,0,0,0,59,0,2
515,992,6.03175,380,100,0,0,0,0,0,0,62,0,1
516,1260,6.09375,390,100,0,0,0,0,0,0,61,0,3
517,916,6.2,372,100,0,0,0,0,0,0,54,0,6
518,952,6.2,372,100,0,0,0,0,0,0,54,0,6
519,1048,6.13333,368,100,0,0,0,0,0,0,56,0,4
520,980,6.2807,358,100,0,0,0,0,0,0,49,0,8
521,860,6.19048,390,100,0,0,0,0,0,0,57,0,6
522,1004,6.12698,386,100,0,0,0,0,0,0,59,0,4
523,1008,6.09836,372,100,0,0,0,0,0,0,58,0,3
524,864,6.14545,338,100,0,0,0,0,0,0,51,0,4
525,1020,6.17544,352,100,0,0,0,0,0,0,52,0,5
526,1196,6.09375,390,100,0,0,0,0,0,0,61,0,3
527,1028,6.16949,364,100,0,0,0,0,0,0,54,0,5
528,1184,6.1875,396,100,0,0,0,0,0,0,58,0,6
529,1092,6.13333,368,100,0,0,0,0,0,0,56,0,4
530,1252,6.07018,346,100,0,0,0,0,0,0,55,0,2
531,1152,6.07018,346,100,0,0,0,0,0,0,55,0,2
532,1348,6.09375,390,100,0,0,0,0,0,0,61,0,3
533,1112,6.07018,346,100,0,0,0,0,0,0,55,0,2
534,1080,6.06557,370,100,0,0,0,0,0,0,59,0,2
535,1180,6.10345,354,100,0,0,0,0,0,0,55,0,3
536,1408,6,360,100,0,0,0,0,0,0,60,0,0
537,1300,6.0339,356,100,0,0,0,0,0,0,58,0,1
538,1392,6.0303,398,100,0,0,0,0,0,0,65,0,1
539,1512,6.0678,358,100,0,0,0,0,0,0,57,0,2
540,1472,6.10345,354,100,0,0,0,0,0,0,55,0,3
541,1636,6,336,100,0,0,0,0,0,0,56,0,0
542,1548,6,354,100,0,0,0,0,0,0,59,0,0
543,1820,6.06557,370,100,0,0,0,0,0,0,59,0,2
544,1436,6.10169,360,100,0,0,0,0,0,0,56,0,3
545,1708,6.06349,382,100,0,0,0,0,0,0,61,0,2
546,1696,6.0339,356,100,0,0,0,0,0,0,58,0,1
547,1536,6.03333,362,100,0,0,0,0,0,0,59,0,1
548,1748,6.0339,356,100,0,0,0,0,0,0,58,0,1
549,1592,6.09836,372,100,0,0,0,0,0,0,58,0,3
550,1376,6.09836,372,100,0,0,0,0,0,0,58,0,3
551,1512,6.25,400,100,0,0,0,0,0,0,56,0,8
552,1484,6.12308,398,100,0,0,0,0,0,0,61,0,4
553,1020,6.09677,378,100,0,0,0,0,0,0,59,0,3
554,1236,6.09375,390,100,0,0,0,0,0,0,61,0,3
555,1248,6.09524,384,100,0,0,0,0,0,0,60,0,3
556,1608,6.12903,380,100,0,0,0,0,0,0,58,0,4
557,1700,6.09524,384,100,0,0,0,0,0,0,60,0,3
558,1400,6.06667,364,100,0,0,0,0,0,0,58,0,2
559,1144,6.03279,368,100,0,0,0,0,0,0,60,0,1
560,1200,6.09375,390,100,0,0,0,0,0,0,61,0,3
561,1288,6.03125,386,100,0,0,0,0,0,0,63,0,1
562,1316,6.16393,376,100,0,0,0,0,0,0,56,0,5
563,1344,6.12903,380,100,0,0,0,0,0,0,58,0,4
564,1356,6.10345,354,100,0,0,0,0,0,0,55,0,3
565,1652,6.22581,386,100,0,0,0,0,0,0,55,0,7
566,1424,6.29508,384,100,0,0,0,0,0,0,52,0,9
567,1116,6.23333,374,100,0,0,0,0,0,0,53,0,7
568,1164,6.2069,360,100,0,0,0,0,0,0,52,0,6
569,1080,6.16393,376,100,0,0,0,0,0,0,56,0,5
570,1064,6.19355,384,100,0,0,0,0,0,0,56,0,6
571,1028,6.19672,378,100,0,0,0,0,0,0,55,0,6
572,892,6.17241,358,100,0,0,0,0,0,0,53,0,5
573,844,6.27119,370,100,0,0,0,0,0,0,51,0,8
574,1100,6.12698,386,100,0,0,0,0,0,0,59,0,4
575,908,6.19672,378,100,0,0,0,0,0,0,55,0,6
576,916,6.22951,380,100,0,0,0,0,0,0,54,0,7
577,1016,6.15625,394,100,0,0,0,0,0,0,59,0,5
578,1024,6.19355,384,100,0,0,0,0,0,0,56,0,6
579,1144,6.22951,380,100,0,0,0,0,0,0,54,0,7
580,1376,6.19672,378,100,0,0,0,0,0,0,55,0,6
581,1184,6.22951,380,100,0,0,0,0,0,0,54,0,7
582,912,6.27586,364,100,0,0,0,0,0,0,50,0,8
583,1268,6.25397,394,100,0,0,0,0,0,0,55,0,8
584,1384,6.28571,396,100,0,0,0,0,0,0,54,0,9
585,1260,6.23729,368,100,0,0,0,0,0,0,52,0,7
586,872,6.10169,360,100,0,0,0,0,0,0,56,0,3
587,1060,6.12308,398,100,0,0,0,0,0,0,61,0,4
588,1028,6.0303,398,100,0,0,0,0,0,0,65,0,1
589,1004,6.16129,382,100,0,0,0,0,0,0,57,0,5
590,964,6.13793,356,100,0,0,0,0,0,0,54,0,4
591,1052,6.09524,384,100,0,0,0,0,0,0,60,0,3
592,864,6.1,366,100,0,0,0,0,0,0,57,0,3
593,1048,6.03175,380,100,0,0,0,0,0,0,62,0,1
594,920,6.0678,358,100,0,0,0,0,0,0,57,0,2
595,1024,6.16667,370,100,0,0,0,0,0,0,55,0,5
596,908,6.23333,374,100,0,0,0,0,0,0,53,0,7
597,912,6.19355,384,100,0,0,0,0,0,0,56,0,6
598,932,6.09836,372,100,0,0,0,0,0,0,58,0,3
599,984,6.09836,372,100,0,0,0,0,0,0,58,0,3
600,860,6.07143,340,100,0,0,0,0,0,0,54,0,2
601,856,6.16949,364,100,0,0,0,0,0,0,54,0,5
602,760,6.07143,340,100,0,0,0,0,0,0,54,0,2
603,880,6.03333,362,100,0,0,0,0,0,0,59,0,1
604,932,6.06557,370,100,0,0,0,0,0,0,59,0,2
605,860,6.10714,342,100,0,0,0,0,0,0,53,0,3
606,960,6.06897,352,100,0,0,0,0,0,0,56,0,2
607,1024,6.09677,378,100,0,0,0,0,0,0,59,0,3
608,988,6.16667,370,100,0,0,0,0,0,0,55,0,5
609,864,6.14035,350,100,0,0,0,0,0,0,53,0,4
610,1036,6.03279,368,100,0,0,0,0,0,0,60,0,1
611,952,6,330,100,0,0,0,0,0,0,55,0,0
612,948,6.03509,344,100,0,0,0,0,0,0,56,0,1
613,976,6.10526,348,100,0,0,0,0,0,0,54,0,3
614,1028,6.0678,358,100,0,0,0,0,0,0,57,0,2
615,896,6,348,100,0,0,0,0,0,0,58,0,0
616,868,6,384,100,0,0,0,0,0,0,64,0,0
617,816,6,366,100,0,0,0,0,0,0,61,0,0
618,984,6,384,100,0,0,0,0,0,0,64,0,0
619,936,6.03333,362,100,0,0,0,0,0,0,59,0,1
620,892,6,360,100,0,0,0,0,0,0,60,0,0
621,860,6.03636,332,100,0,0,0,0,0,0,54,0,1
622,1000,6.03333,362,100,0,0,0,0,0,0,59,0,1
623,1016,6.10345,354,100,0,0,0,0,0,0,55,0,3
624,956,6.14035,350,100,0,0,0,0,0,0,53,0,4
625,984,6.15385,400,100,0,0,0,0,0,0,60,0,5
626,888,6.16393,376,100,0,0,0,0,0,0,56,0,5
627,900,6.25397,394,100,0,0,0,0,0,0,55,0,8
628,1048,6.15385,400,100,0,0,0,0,0,0,60,0,5
629,1092,6.16129,382,100,0,0,0,0,0,0,57,0,5
630,980,6.1194,410,100,0,0,0,0,0,0,63,0,4
631,1060,6.15385,400,100,0,0,0,0,0,0,60,0,5
632,1064,6.06349,382,100,0,0,0,0,0,0,61,0,2
633,1140,6.09524,384,100,0,0,0,0,0,0,60,0,3
634,1100,6.1,366,100,0,0,0,0,0,0,57,0,3
635,1080,6.13115,374,100,0,0,0,0,0,0,57,0,4
636,952,6.03175,380,100,0,0,0,0,0,0,62,0,1
637,1004,6.03175,380,100,0,0,0,0,0,0,62,0,1
638,888,6.10169,360,100,0,0,0,0,0,0,56,0,3
639,960,6.15152,406,100,0,0,0,0,0,0,61,0,5
640,920,6.13333,368,100,0,0,0,0,0,0,56,0,4
641,996,6.14925,412,100,0,0,0,0,0,0,62,0,5
642,1088,6.19048,390,100,0,0,0,0,0,0,57,0,6
643,996,6.12903,380,100,0,0,0,0,0,0,58,0,4
644,872,6.09375,390,100,0,0,0,0,0,0,61,0,3
645,944,6.09836,372,100,0,0,0,0,0,0,58,0,3
646,1016,6.03175,380,100,0,0,0,0,0,0,62,0,1
647,940,6,360,100,0,0,0,0,0,0,60,0,0
648,1124,6.03448,350,100,0,0,0,0,0,0,57,0,1
649,996,6,306,100,0,0,0,0,0,0,51,0,0
650,1248,6,372,100,0,0,0,0,0,0,62,0,0
651,1116,6,300,100,0,0,0,0,0,0,50,0,0
652,1112,6,348,100,0,0,0,0,0,0,58,0,0
653,1056,6.03279,368,100,0,0,0,0,0,0,60,0,1
654,956,6,348,100,0,0,0,0,0,0,58,0,0
655,1192,6.03279,368,100,0,0,0,0,0,0,60,0,1
656,836,6.03636,332,100,0,0,0,0,0,0,54,0,1
657,996,6.03226,374,100,0,0,0,0,0,0,61,0,1
658,1156,6.03333,362,100,0,0,0,0,0,0,59,0,1
659,1024,6.03636,332,100,0,0,0,0,0,0,54,0,1
660,1064,6.07018,346,100,0,0,0,0,0,0,55,0,2
661,1032,6.03636,332,100,0,0,0,0,0,0,54,0,1
662,1128,6.0339,356,100,0,0,0,0,0,0,58,0,1
663,1244,6.0678,358,100,0,0,0,0,0,0,57,0,2
664,1020,6.03509,344,100,0,0,0,0,0,0,56,0,1
665,948,6,318,100,0,0,0,0,0,0,53,0,0
666,1052,6.03333,362,100,0,0,0,0,0,0,59,0,1
667,1120,6.03333,362,100,0,0,0,0,0,0,59,0,1
668,1180,6.06557,370,100,0,0,0,0,0,0,59,0,2
669,1216,6.03175,380,100,0,0,0,0,0,0,62,0,1
670,1112,6,354,100,0,0,0,0,0,0,59,0,0
671,1148,6,336,100,0,0,0,0,0,0,56,0,0
672,1080,6.0339,356,100,0,0,0,0,0,0,58,0,1
673,1228,6.09836,372,100,0,0,0,0,0,0,58,0,3
674,976,6.10169,360,100,0,0,0,0,0,0,56,0,3
675,1092,6.13115,374,100,0,0,0,0,0,0,57,0,4
676,940,6.07407,328,100,0,0,0,0,0,0,52,0,2
677,1232,6.09836,372,100,0,0,0,0,0,0,58,0,3
678,1404,6.13333,368,100,0,0,0,0,0,0,56,0,4
679,1152,6.03704,326,100,0,0,0,0,0,0,53,0,1
680,1436,6.03333,362,100,0,0,0,0,0,0,59,0,1
681,1124,6,330,100,0,0,0,0,0,0,55,0,0
682,1044,6.03448,350,100,0,0,0,0,0,0,57,0,1
683,988,6.06667,364,100,0,0,0,0,0,0,58,0,2
684,996,6.06897,352,100,0,0,0,0,0,0,56,0,2
685,1004,6.12903,380,100,0,0,0,0,0,0,58,0,4
686,1104,6.14035,350,100,0,0,0,0,0,0,53,0,4
687,1028,6.12903,380,100,0,0,0,0,0,0,58,0,4
688,1128,6.09836,372,100,0,0,0,0,0,0,58,0,3
689,1152,6.06154,394,100,0,0,0,0,0,0,63,0,2
690,956,6.07018,346,100,0,0,0,0,0,0,55,0,2
691,928,6.10714,342,100,0,0,0,0,0,0,53,0,3
692,1144,6.06349,382,100,0,0,0,0,0,0,61,0,2
693,1060,6.12308,398,100,0,0,0,0,0,0,61,0,4
694,1068,6.10169,360,100,0,0,0,0,0,0,56,0,3
695,920,6.13115,374,100,0,0,0,0,0,0,57,0,4
696,812,6.07407,328,100,0,0,0,0,0,0,52,0,2
697,960,6.03448,350,100,0,0,0,0,0,0,57,0,1
698,968,6.10526,348,100,0,0,0,0,0,0,54,0,3
699,920,6.07843,310,100,0,0,0,0,0,0,49,0,2
700,956,6.1,366,100,0,0,0,0,0,0,57,0,3
701,908,6,354,100,0,0,0,0,0,0,59,0,0
702,1004,6,348,100,0,0,0,0,0,0,58,0,0
703,1208,6,360,100,0,0,0,0,0,0,60,0,0
704,924,6,354,100,0,0,0,0,0,0,59,0,0
705,944,6,354,100,0,0,0,0,0,0,59,0,0
706,992,6.03636,332,100,0,0,0,0,0,0,54,0,1
707,1044,6,360,100,0,0,0,0,0,0,60,0,0
708,1148,6.03333,362,100,0,0,0,0,0,0,59,0,1
709,1176,6.03333,362,100,0,0,0,0,0,0,59,0,1
710,1172,6.10526,348,100,0,0,0,0,0,0,54,0,3
711,1028,6.03279,368,100,0,0,0,0,0,0,60,0,1
712,1100,6.1,366,100,0,0,0,0,0,0,57,0,3
713,1180,6.15873,388,100,0,0,0,0,0,0,58,0,5
714,900,6.14286,344,100,0,0,0,0,0,0,52,0,4
715,952,6.13559,362,100,0,0,0,0,0,0,55,0,4
716,1032,6.15625,394,100,0,0,0,0,0,0,59,0,5
717,900,6.16949,364,100,0,0,0,0,0,0,54,0,5
718,984,6.31579,360,100,0,0,0,0,0,0,48,0,9
719,860,6.25,350,100,0,0,0,0,0,0,49,0,7
720,848,6.25926,338,100,0,0,0,0,0,0,47,0,7
721,1036,6.12698,386,100,0,0,0,0,0,0,59,0,4
722,1120,6.26667,376,100,0,0,0,0,0,0,52,0,8
723,1132,6.25397,394,100,0,0,0,0,0,0,55,0,8
724,1164,6.22581,386,100,0,0,0,0,0,0,55,0,7
725,1300,6.2069,360,100,0,0,0,0,0,0,52,0,6
726,1244,6.19355,384,100,0,0,0,0,0,0,56,0,6
727,1092,6.23729,368,100,0,0,0,0,0,0,52,0,7
728,1296,6.06557,370,100,0,0,0,0,0,0,59,0,2
729,1336,6.17241,358,100,0,0,0,0,0,0,53,0,5
730,1120,6.07018,346,100,0,0,0,0,0,0,55,0,2
731,1208,6.2623,382,100,0,0,0,0,0,0,53,0,8
732,1348,6.24561,356,100,0,0,0,0,0,0,50,0,7
733,1308,6.11321,324,100,0,0,0,0,0,0,50,0,3
734,1456,6.17544,352,100,0,0,0,0,0,0,52,0,5
735,1644,6.11321,324,100,0,0,0,0,0,0,50,0,3
736,1904,6.21053,354,100,0,0,0,0,0,0,51,0,6
737,2072,6.10345,354,100,0,0,0,0,0,0,55,0,3
738,2052,6.14286,344,100,0,0,0,0,0,0,52,0,4
739,1912,6.06667,364,100,0,0,0,0,0,0,58,0,2
740,1968,6.0678,358,100,0,0,0,0,0,0,57,0,2
741,2476,6.09375,390,100,0,0,0,0,0,0,61,0,3
742,1456,6.07692,316,100,0,0,0,0,0,0,50,0,2
743,1680,6.13559,362,100,0,0,0,0,0,0,55,0,4
744,1700,6.20339,366,100,0,0,0,0,0,0,53,0,6
745,1884,6.09677,378,100,0,0,0,0,0,0,59,0,3
746,1820,6.17544,352,100,0,0,0,0,0,0,52,0,5
747,996,6.3,378,100,0,0,0,0,0,0,51,0,9
748,1076,6.2,372,100,0,0,0,0,0,0,54,0,6
749,1156,6.20339,366,100,0,0,0,0,0,0,53,0,6
750,1168,6.21212,410,100,0,0,0,0,0,0,59,0,7
751,1204,6.27119,370,100,0,0,0,0,0,0,51,0,8
752,1040,6.24138,362,100,0,0,0,0,0,0,51,0,7
753,1456,6.23729,368,100,0,0,0,0,0,0,52,0,7
754,1264,6.21053,354,100,0,0,0,0,0,0,51,0,6
755,1420,6.16393,376,100,0,0,0,0,0,0,56,0,5
756,1520,6.17544,352,100,0,0,0,0,0,0,52,0,5
757,1604,6.13333,368,100,0,0,0,0,0,0,56,0,4
758,1568,6.06452,376,100,0,0,0,0,0,0,60,0,2
759,992,6.10169,360,100,0,0,0,0,0,0,56,0,3
760,1268,6.09677,378,100,0,0,0,0,0,0,59,0,3
761,1324,6.12903,380,100,0,0,0,0,0,0,58,0,4
762,1128,6.16129,382,100,0,0,0,0,0,0,57,0,5
763,1028,6.12698,386,100,0,0,0,0,0,0,59,0,4
764,900,6.125,392,100,0,0,0,0,0,0,60,0,4
765,828,6,366,100,0,0,0,0,0,0,61,0,0
766,976,6.03333,362,100,0,0,0,0,0,0,59,0,1
767,944,6.03333,362,100,0,0,0,0,0,0,59,0,1
768,1108,6.02985,404,100,0,0,0,0,0,0,66,0,1
769,1148,6.0303,398,100,0,0,0,0,0,0,65,0,1
770,1180,6.03333,362,100,0,0,0,0,0,0,59,0,1
771,1220,6.0303,398,100,0,0,0,0,0,0,65,0,1
772,1012,6.05882,412,100,0,0,0,0,0,0,66,0,2
773,948,6,378,100,0,0,0,0,0,0,63,0,0
774,916,6.03333,362,100,0,0,0,0,0,0,59,0,1
775,920,6.10526,348,100,0,0,0,0,0,0,54,0,3
776,940,6.06557,370,100,0,0,0,0,0,0,59,0,2
777,1016,6.13115,374,100,0,0,0,0,0,0,57,0,4
778,980,6.16393,376,100,0,0,0,0,0,0,56,0,5
779,1044,6.06557,370,100,0,0,0,0,0,0,59,0,2
780,1032,6.13115,374,100,0,0,0,0,0,0,57,0,4
781,1128,6.125,392,100,0,0,0,0,0,0,60,0,4
782,1092,6.09677,378,100,0,0,0,0,0,0,59,0,3
783,944,6.10169,360,100,0,0,0,0,0,0,56,0,3
784,1096,6.09836,372,100,0,0,0,0,0,0,58,0,3
785,968,6.03279,368,100,0,0,0,0,0,0,60,0,1
786,920,6.16129,382,100,0,0,0,0,0,0,57,0,5
787,940,6.16129,382,100,0,0,0,0,0,0,57,0,5
788,964,6.15873,388,100,0,0,0,0,0,0,58,0,5
789,1008,6.13793,356,100,0,0,0,0,0,0,54,0,4
790,1080,6.1791,414,100,0,0,0,0,0,0,61,0,6
791,1052,6.16667,370,100,0,0,0,0,0,0,55,0,5
792,1120,6.15385,400,100,0,0,0,0,0,0,60,0,5
793,1128,6.09524,384,100,0,0,0,0,0,0,60,0,3
794,980,6.13559,362,100,0,0,0,0,0,0,55,0,4
795,976,6.16129,382,100,0,0,0,0,0,0,57,0,5
796,1180,6.03175,380,100,0,0,0,0,0,0,62,0,1
797,984,6.09524,384,100,0,0,0,0,0,0,60,0,3
798,1116,6.06897,352,100,0,0,0,0,0,0,56,0,2
799,1192,6.06452,376,100,0,0,0,0,0,0,60,0,2
800,940,6.03333,362,100,0,0,0,0,0,0,59,0,1
801,992,6.03448,350,100,0,0,0,0,0,0,57,0,1
802,1088,6.16393,376,100,0,0,0,0,0,0,56,0,5
803,1140,6.13333,368,100,0,0,0,0,0,0,56,0,4
804,1012,6.16949,364,100,0,0,0,0,0,0,54,0,5
805,1000,6.21818,342,100,0,0,0,0,0,0,49,0,6
806,1168,6.23333,374,100,0,0,0,0,0,0,53,0,7
807,1040,6.24138,362,100,0,0,0,0,0,0,51,0,7
808,1160,6.13559,362,100,0,0,0,0,0,0,55,0,4
809,1056,6.13559,362,100,0,0,0,0,0,0,55,0,4
810,1056,6.17241,358,100,0,0,0,0,0,0,53,0,5
811,1216,6.17241,358,100,0,0,0,0,0,0,53,0,5
812,1336,6.16667,370,100,0,0,0,0,0,0,55,0,5
813,1248,6.18182,340,100,0,0,0,0,0,0,50,0,5
814,1372,6.23729,368,100,0,0,0,0,0,0,52,0,7
815,1216,6.21053,354,100,0,0,0,0,0,0,51,0,6
816,1220,6.17857,346,100,0,0,0,0,0,0,51,0,5
817,1528,6.13793,356,100,0,0,0,0,0,0,54,0,4
818,1228,6.07407,328,100,0,0,0,0,0,0,52,0,2
819,1680,6.15873,388,100,0,0,0,0,0,0,58,0,5
820,1632,6.09836,372,100,0,0,0,0,0,0,58,0,3
821,1356,6.06897,352,100,0,0,0,0,0,0,56,0,2
822,1496,6.07018,346,100,0,0,0,0,0,0,55,0,2
823,1544,6.06349,382,100,0,0,0,0,0,0,61,0,2
824,1300,6.03571,338,100,0,0,0,0,0,0,55,0,1
825,1408,6.03448,350,100,0,0,0,0,0,0,57,0,1
826,1588,6.10714,342,100,0,0,0,0,0,0,53,0,3
827,1284,6.07273,334,100,0,0,0,0,0,0,53,0,2
828,1384,6.06557,370,100,0,0,0,0,0,0,59,0,2
829,1204,6.0339,356,100,0,0,0,0,0,0,58,0,1
830,1144,6.11321,324,100,0,0,0,0,0,0,50,0,3
831,1348,6.24138,362,100,0,0,0,0,0,0,51,0,7
832,1520,6.13333,368,100,0,0,0,0,0,0,56,0,4
833,1288,6.17544,352,100,0,0,0,0,0,0,52,0,5
834,1228,6.21429,348,100,0,0,0,0,0,0,50,0,6
835,1252,6.30508,372,100,0,0,0,0,0,0,50,0,9
836,1180,6.17857,346,100,0,0,0,0,0,0,51,0,5
837,1044,6.26923,326,100,0,0,0,0,0,0,45,0,7
838,1024,6.17241,358,100,0,0,0,0,0,0,53,0,5
839,1024,6.13115,374,100,0,0,0,0,0,0,57,0,4
840,896,6.10169,360,100,0,0,0,0,0,0,56,0,3
841,1012,6.19048,390,100,0,0,0,0,0,0,57,0,6
842,996,6.09375,390,100,0,0,0,0,0,0,61,0,3
843,956,6.0678,358,100,0,0,0,0,0,0,57,0,2
844,920,6.03448,350,100,0,0,0,0,0,0,57,0,1
845,884,6.1,366,100,0,0,0,0,0,0,57,0,3
846,828,6.03448,350,100,0,0,0,0,0,0,57,0,1
847,1004,6,396,100,0,0,0,0,0,0,66,0,0
848,880,6,354,100,0,0,0,0,0,0,59,0,0
849,880,6,342,100,0,0,0,0,0,0,57,0,0
850,964,6,378,100,0,0,0,0,0,0,63,0,0
851,1064,6.03125,386,100,0,0,0,0,0,0,63,0,1
852,848,6,354,100,0,0,0,0,0,0,59,0,0
853,1032,6,378,100,0,0,0,0,0,0,63,0,0
854,1064,6,390,100,0,0,0,0,0,0,65,0,0
855,964,6.03175,380,100,0,0,0,0,0,0,62,0,1
856,936,6.03636,332,100,0,0,0,0,0,0,54,0,1
857,1008,6.09836,372,100,0,0,0,0,0,0,58,0,3
858,860,6.07273,334,100,0,0,0,0,0,0,53,0,2
859,920,6.03333,362,100,0,0,0,0,0,0,59,0,1
860,1024,6.03448,350,100,0,0,0,0,0,0,57,0,1
861,1020,6.10169,360,100,0,0,0,0,0,0,56,0,3
862,1032,6.06897,352,100,0,0,0,0,0,0,56,0,2
863,1128,6.03279,368,100,0,0,0,0,0,0,60,0,1
864,1024,6.08824,414,100,0,0,0,0,0,0,65,0,3
865,800,6.10169,360,100,0,0,0,0,0,0,56,0,3
866,936,6.03333,362,100,0,0,0,0,0,0,59,0,1
867,1036,6.09677,378,100,0,0,0,0,0,0,59,0,3
868,956,6.09677,378,100,0,0,0,0,0,0,59,0,3
869,844,6.03509,344,100,0,0,0,0,0,0,56,0,1
870,956,6.13333,368,100,0,0,0,0,0,0,56,0,4
871,896,6.03571,338,100,0,0,0,0,0,0,55,0,1
872,944,6.09677,378,100,0,0,0,0,0,0,59,0,3
873,868,6.07273,334,100,0,0,0,0,0,0,53,0,2
874,960,6.03175,380,100,0,0,0,0,0,0,62,0,1
875,988,6.06452,376,100,0,0,0,0,0,0,60,0,2
876,1068,6.03226,374,100,0,0,0,0,0,0,61,0,1
877,1032,6.0339,356,100,0,0,0,0,0,0,58,0,1
878,1160,6.06557,370,100,0,0,0,0,0,0,59,0,2
879,1068,6.03636,332,100,0,0,0,0,0,0,54,0,1
880,1148,6.06557,370,100,0,0,0,0,0,0,59,0,2
881,988,6.0678,358,100,0,0,0,0,0,0,57,0,2
882,828,6.10909,336,100,0,0,0,0,0,0,52,0,3
883,1032,6.20339,366,100,0,0,0,0,0,0,53,0,6
884,916,6.14516,381,100,0,0,0,0,0,0,57,1,4
885,1016,6.09836,372,100,0,0,0,0,0,0,58,0,3
886,952,6.10169,360,100,0,0,0,0,0,0,56,0,3
887,868,6.06897,352,100,0,0,0,0,0,0,56,0,2
888,868,6.03448,350,100,0,0,0,0,0,0,57,0,1
889,936,6.09677,378,100,0,0,0,0,0,0,59,0,3
890,824,6,372,100,0,0,0,0,0,0,62,0,0
891,772,6.03448,350,100,0,0,0,0,0,0,57,0,1
892,856,6.06667,364,100,0,0,0,0,0,0,58,0,2
893,888,6.06452,376,100,0,0,0,0,0,0,60,0,2
894,972,6.0625,388,100,0,0,0,0,0,0,62,0,2
895,956,6.03279,368,100,0,0,0,0,0,0,60,0,1
896,928,6.09836,372,100,0,0,0,0,0,0,58,0,3
897,920,6.10345,354,100,0,0,0,0,0,0,55,0,3
898,956,6.10345,354,100,0,0,0,0,0,0,55,0,3
899,1104,6.10345,354,100,0,0,0,0,0,0,55,0,3
900,1096,6.03226,374,100,0,0,0,0,0,0,61,0,1
901,1220,6,360,100,0,0,0,0,0,0,60,0,0
902,1064,6.03448,350,100,0,0,0,0,0,0,57,0,1
903,1036,6,342,100,0,0,0,0,0,0,57,0,0
904,1164,6,354,100,0,0,0,0,0,0,59,0,0
905,1060,6,354,100,0,0,0,0,0,0,59,0,0
906,1168,6.03279,368,100,0,0,0,0,0,0,60,0,1
907,944,6,312,100,0,0,0,0,0,0,52,0,0
908,1128,6,342,100,0,0,0,0,0,0,57,0,0
909,1108,6,324,100,0,0,0,0,0,0,54,0,0
910,1296,6.06897,352,100,0,0,0,0,0,0,56,0,2
911,1140,6,348,100,0,0,0,0,0,0,58,0,0
912,1116,6.03846,314,100,0,0,0,0,0,0,51,0,1
913,1224,6.03704,326,100,0,0,0,0,0,0,53,0,1
914,1012,6.0339,356,100,0,0,0,0,0,0,58,0,1
915,876,6.03333,362,100,0,0,0,0,0,0,59,0,1
916,904,6,354,100,0,0,0,0,0,0,59,0,0
917,936,6.03279,368,100,0,0,0,0,0,0,60,0,1
918,868,6.03571,338,100,0,0,0,0,0,0,55,0,1
919,920,6.10345,354,100,0,0,0,0,0,0,55,0,3
920,944,6.03175,380,100,0,0,0,0,0,0,62,0,1
921,956,6,384,100,0,0,0,0,0,0,64,0,0
922,1024,6.03226,374,100,0,0,0,0,0,0,61,0,1
923,1060,6.06557,370,100,0,0,0,0,0,0,59,0,2
924,1096,6,372,100,0,0,0,0,0,0,62,0,0
925,1052,6.03448,350,100,0,0,0,0,0,0,57,0,1
926,1140,6.09677,378,100,0,0,0,0,0,0,59,0,3
927,1100,6.06452,376,100,0,0,0,0,0,0,60,0,2
928,1052,6.09677,378,100,0,0,0,0,0,0,59,0,3
929,1068,6.09677,378,100,0,0,0,0,0,0,59,0,3
930,1172,6.13559,362,100,0,0,0,0,0,0,55,0,4
931,936,6.15094,326,100,0,0,0,0,0,0,49,0,4
932,1152,6.1,366,100,0,0,0,0,0,0,57,0,3
933,1148,6.06349,382,100,0,0,0,0,0,0,61,0,2
934,1128,6.10169,360,100,0,0,0,0,0,0,56,0,3
935,1208,6.06667,364,100,0,0,0,0,0,0,58,0,2
936,1232,6.03226,374,100,0,0,0,0,0,0,61,0,1
937,1340,6.03125,386,100,0,0,0,0,0,0,63,0,1
938,1264,6.06897,352,100,0,0,0,0,0,0,56,0,2
939,1208,6.07143,340,100,0,0,0,0,0,0,54,0,2
940,1024,6.03774,320,100,0,0,0,0,0,0,52,0,1
941,1168,6.10169,360,100,0,0,0,0,0,0,56,0,3
942,1244,6.07143,340,100,0,0,0,0,0,0,54,0,2
943,1200,6.03774,320,100,0,0,0,0,0,0,52,0,1
944,1364,6.03509,344,100,0,0,0,0,0,0,56,0,1
945,1456,6.10526,348,100,0,0,0,0,0,0,54,0,3
946,1324,6.10714,342,100,0,0,0,0,0,0,53,0,3
947,1092,6.13793,356,100,0,0,0,0,0,0,54,0,4
948,1388,6.13115,374,100,0,0,0,0,0,0,57,0,4
949,1520,6.17241,358,100,0,0,0,0,0,0,53,0,5
950,1444,6.07273,334,100,0,0,0,0,0,0,53,0,2
951,1068,6.07843,310,100,0,0,0,0,0,0,49,0,2
952,928,6.10714,342,100,0,0,0,0,0,0,53,0,3
953,1032,6.10345,354,100,0,0,0,0,0,0,55,0,3
954,1080,6.13115,374,100,0,0,0,0,0,0,57,0,4
955,1216,6.0678,358,100,0,0,0,0,0,0,57,0,2
956,1044,6.07018,346,100,0,0,0,0,0,0,55,0,2
957,1236,6.03509,344,100,0,0,0,0,0,0,56,0,1
958,1064,6.03636,332,100,0,0,0,0,0,0,54,0,1
959,1036,6.03077,392,100,0,0,0,0,0,0,64,0,1
960,952,6.10526,348,100,0,0,0,0,0,0,54,0,3
961,1048,6.03333,362,100,0,0,0,0,0,0,59,0,1
962,1004,6,330,100,0,0,0,0,0,0,55,0,0
963,980,6.10526,348,100,0,0,0,0,0,0,54,0,3
964,992,6.10714,342,100,0,0,0,0,0,0,53,0,3
965,1136,6.06667,364,100,0,0,0,0,0,0,58,0,2
966,968,6.03922,308,100,0,0,0,0,0,0,50,0,1
967,1160,6,354,100,0,0,0,0,0,0,59,0,0
968,1164,6.03333,362,100,0,0,0,0,0,0,59,0,1
969,1052,6.03125,386,100,0,0,0,0,0,0,63,0,1
970,1080,6.06897,352,100,0,0,0,0,0,0,56,0,2
971,1204,6.06452,376,100,0,0,0,0,0,0,60,0,2
972,1120,6.10526,348,100,0,0,0,0,0,0,54,0,3
973,1248,6.03509,344,100,0,0,0,0,0,0,56,0,1
974,1196,6,336,100,0,0,0,0,0,0,56,0,0
975,1184,6,354,100,0,0,0,0,0,0,59,0,0
976,1384,6.03175,380,100,0,0,0,0,0,0,62,0,1
977,1028,6.03509,344,100,0,0,0,0,0,0,56,0,1
978,1036,6.14286,344,100,0,0,0,0,0,0,52,0,4
979,1112,6.06557,370,100,0,0,0,0,0,0,59,0,2
980,1076,6.06557,370,100,0,0,0,0,0,0,59,0,2
981,1016,6.03333,362,100,0,0,0,0,0,0,59,0,1
982,1052,6.10526,348,100,0,0,0,0,0,0,54,0,3
983,1044,6.10169,360,100,0,0,0,0,0,0,56,0,3
984,1080,6.0339,356,100,0,0,0,0,0,0,58,0,1
985,996,6.07143,340,100,0,0,0,0,0,0,54,0,2
986,1016,6,354,100,0,0,0,0,0,0,59,0,0
987,984,6.07018,346,100,0,0,0,0,0,0,55,0,2
988,940,6,336,100,0,0,0,0,0,0,56,0,0
989,1016,6.03279,368,100,0,0,0,0,0,0,60,0,1
990,960,6.09836,372,100,0,0,0,0,0,0,58,0,3
991,916,6.03333,362,100,0,0,0,0,0,0,59,0,1
992,992,6.03175,380,100,0,0,0,0,0,0,62,0,1
993,1140,6.0625,388,100,0,0,0,0,0,0,62,0,2
994,1132,6.03125,386,100,0,0,0,0,0,0,63,0,1
995,1016,6.10169,360,100,0,0,0,0,0,0,56,0,3
996,1204,6.10169,360,100,0,0,0,0,0,0,56,0,3
997,1200,6.18182,340,100,0,0,0,0,0,0,50,0,5
998,1364,6.19355,384,100,0,0,0,0,0,0,56,0,6
999,1292,6.17544,352,100,0,0,0,0,0,0,52,0,5
