update,points,mean_tasks,total_tasks,total_orgs,task_0,task_1,task_2,task_3,task_4,task_5,task_6,task_7,task_8
0,0,nan,0,9,0,0,0,0,0,0,0,0,0
1,16,6,6,9,0,0,0,0,0,0,1,0,0
2,32,6,12,9,0,0,0,0,0,0,2,0,0
3,48,6,18,9,0,0,0,0,0,0,3,0,0
4,64,6,24,9,0,0,0,0,0,0,4,0,0
5,80,6,30,9,0,0,0,0,0,0,5,0,0
6,72,6,30,10,0,0,0,0,0,0,5,0,0
7,68,6,30,11,0,0,0,0,0,0,5,0,0
8,76,6.33333,38,13,0,0,0,0,0,0,5,0,1
9,104,6.25,50,14,0,0,0,0,0,0,7,0,1
10,104,6.22222,56,14,0,0,0,0,0,0,8,0,1
11,116,6.2,62,14,0,0,0,0,0,0,9,0,1
12,72,6.22222,56,14,0,0,0,0,0,0,8,0,1
13,100,6.22222,56,15,0,0,0,0,0,0,8,0,1
14,144,6.18182,68,16,0,0,0,0,0,0,10,0,1
15,152,6.33333,76,18,0,0,0,0,0,0,10,0,2
16,160,6.30769,82,19,0,0,0,0,0,0,11,0,2
17,120,6.33333,76,20,0,0,0,0,0,0,10,0,2
18,136,6.30769,82,20,0,0,0,0,0,0,11,0,2
19,140,6.28571,88,22,0,0,0,0,0,0,12,0,2
20,136,6.13333,92,23,0,0,0,0,0,0,14,0,1
21,152,6.13333,92,23,0,0,0,0,0,0,14,0,1
22,160,6.125,98,24,0,0,0,0,0,0,15,0,1
23,164,6.25,100,27,0,0,0,0,0,0,14,0,2
24,188,6.22222,112,29,0,0,0,0,0,0,16,0,2
25,208,6.52632,124,32,0,0,0,0,0,0,14,0,5
26,252,6.47619,136,32,0,0,0,0,0,0,16,0,5
27,292,6.52174,150,33,0,0,0,0,0,0,17,0,6
28,316,6.5,156,34,0,0,0,0,0,0,18,0,6
29,312,6.52174,150,37,0,0,0,0,0,0,17,0,6
30,348,6.46154,168,40,0,0,0,0,0,0,20,0,6
31,312,6.51852,176,42,0,0,0,0,0,0,20,0,7
32,324,6.37037,172,42,0,0,0,0,0,0,22,0,5
33,308,6.28571,176,44,0,0,0,0,0,0,24,0,4
34,320,6.34483,184,46,0,0,0,0,0,0,24,0,5
35,324,6.53333,196,47,0,0,0,0,0,0,22,0,8
36,364,6.5625,210,48,0,0,0,0,0,0,23,0,9
37,460,6.44444,232,50,0,0,0,0,0,0,28,0,8
38,420,6.33333,228,52,0,0,0,0,0,0,30,0,6
39,420,6.4,224,55,0,0,0,0,0,0,28,0,7
40,376,6.3125,202,58,0,0,0,0,0,0,27,0,5
41,476,6.32432,234,59,0,0,0,0,0,0,31,0,6
42,544,6.42857,270,62,0,0,0,0,0,0,33,0,9
43,472,6.43902,264,63,0,0,0,0,0,0,32,0,9
44,516,6.45455,284,64,0,0,0,0,0,0,34,0,10
45,564,6.41667,308,64,0,0,0,0,0,0,38,0,10
46,588,6.38298,300,66,0,0,0,0,0,0,38,0,9
47,480,6.5,286,68,0,0,0,0,0,0,33,0,11
48,504,6.3913,294,72,0,0,0,0,0,0,37,0,9
49,528,6.29167,302,75,0,0,0,0,0,0,41,0,7
50,596,6.28571,308,76,0,0,0,0,0,0,42,0,7
51,584,6.31373,322,78,0,0,0,0,0,0,43,0,8
52,600,6.30189,334,80,0,0,0,0,0,0,45,0,8
53,564,6.22222,336,82,0,0,0,0,0,0,48,0,6
54,680,6.31034,366,84,0,0,0,0,0,0,49,0,9
55,592,6.37037,344,84,0,0,0,0,0,0,44,0,10
56,712,6.27586,364,87,0,0,0,0,0,0,50,0,8
57,664,6.25,350,89,0,0,0,0,0,0,49,0,7
58,636,6.23077,324,92,0,0,0,0,0,0,46,0,6
59,576,6.2069,360,93,0,0,0,0,0,0,52,0,6
60,640,6.24138,362,94,0,0,0,0,0,0,51,0,7
61,692,6.27119,370,96,0,0,0,0,0,0,51,0,8
62,704,6.2069,360,96,0,0,0,0,0,0,52,0,6
63,656,6.14286,344,97,0,0,0,0,0,0,52,0,4
64,568,6.18519,334,97,0,0,0,0,0,0,49,0,5
65,636,6.16129,382,97,0,0,0,0,0,0,57,0,5
66,692,6.17241,358,98,0,0,0,0,0,0,53,0,5
67,736,6.2069,360,98,0,0,0,0,0,0,52,0,6
68,684,6.17241,358,99,0,0,0,0,0,0,53,0,5
69,776,6.20339,366,100,0,0,0,0,0,0,53,0,6
70,824,6.12698,386,100,0,0,0,0,0,0,59,0,4
71,896,6.12903,380,100,0,0,0,0,0,0,58,0,4
72,828,6.10169,360,100,0,0,0,0,0,0,56,0,3
73,860,6.0625,388,100,0,0,0,0,0,0,62,0,2
74,772,6.06452,376,100,0,0,0,0,0,0,60,0,2
75,700,6.03509,344,100,0,0,0,0,0,0,56,0,1
76,888,6.15152,406,100,0,0,0,0,0,0,61,0,5
77,792,6.03226,374,100,0,0,0,0,0,0,61,0,1
78,780,6.15625,394,100,0,0,0,0,0,0,59,0,5
79,888,6.12121,404,100,0,0,0,0,0,0,62,0,4
80,716,6.03509,344,100,0,0,0,0,0,0,56,0,1
81,752,6.03175,380,100,0,0,0,0,0,0,62,0,1
82,904,6.08955,408,100,0,0,0,0,0,0,64,0,3
83,992,6.06154,394,100,0,0,0,0,0,0,63,0,2
84,960,6.125,392,100,0,0,0,0,0,0,60,0,4
85,1036,6.06349,382,100,0,0,0,0,0,0,61,0,2
86,1028,6.09524,384,100,0,0,0,0,0,0,60,0,3
87,1048,6.13115,374,100,0,0,0,0,0,0,57,0,4
88,1088,6.16949,364,100,0,0,0,0,0,0,54,0,5
89,1156,6.08955,408,100,0,0,0,0,0,0,64,0,3
90,936,6.12121,404,100,0,0,0,0,0,0,62,0,4
91,1012,6.16393,376,100,0,0,0,0,0,0,56,0,5
92,1068,6.14035,350,100,0,0,0,0,0,0,53,0,4
93,1096,6.06349,382,100,0,0,0,0,0,0,61,0,2
94,1092,6.06667,364,100,0,0,0,0,0,0,58,0,2
95,960,6.03333,362,100,0,0,0,0,0,0,59,0,1
96,1012,6.09836,372,100,0,0,0,0,0,0,58,0,3
97,1000,6.1,366,100,0,0,0,0,0,0,57,0,3
98,892,6.10169,360,100,0,0,0,0,0,0,56,0,3
99,928,6.03125,386,100,0,0,0,0,0,0,63,0,1
100,1004,6.0625,388,100,0,0,0,0,0,0,62,0,2
101,952,6.03226,374,100,0,0,0,0,0,0,61,0,1
102,1176,6,384,100,0,0,0,0,0,0,64,0,0
103,1040,6,342,100,0,0,0,0,0,0,57,0,0
104,1180,6,396,100,0,0,0,0,0,0,66,0,0
105,1108,6.03226,374,100,0,0,0,0,0,0,61,0,1
106,992,6.03448,350,100,0,0,0,0,0,0,57,0,1
107,1100,6.03279,368,100,0,0,0,0,0,0,60,0,1
108,1088,6.03175,380,100,0,0,0,0,0,0,62,0,1
109,1100,6.09677,378,100,0,0,0,0,0,0,59,0,3
110,1080,6.10345,354,100,0,0,0,0,0,0,55,0,3
111,1120,6.03448,350,100,0,0,0,0,0,0,57,0,1
112,1100,6.15094,326,100,0,0,0,0,0,0,49,0,4
113,1168,6.13793,356,100,0,0,0,0,0,0,54,0,4
114,1252,6.16949,364,100,0,0,0,0,0,0,54,0,5
115,1360,6.06667,364,100,0,0,0,0,0,0,58,0,2
116,1396,6.07143,340,100,0,0,0,0,0,0,54,0,2
117,1316,6.06452,376,100,0,0,0,0,0,0,60,0,2
118,1276,6.10909,336,100,0,0,0,0,0,0,52,0,3
119,1384,6.12698,386,100,0,0,0,0,0,0,59,0,4
120,1412,6.1,366,100,0,0,0,0,0,0,57,0,3
121,908,6.14035,350,100,0,0,0,0,0,0,53,0,4
122,1020,6.06452,376,100,0,0,0,0,0,0,60,0,2
123,992,6.06452,376,100,0,0,0,0,0,0,60,0,2
124,1116,6.06452,376,100,0,0,0,0,0,0,60,0,2
125,1132,6.03279,368,100,0,0,0,0,0,0,60,0,1
126,1164,6.07143,340,100,0,0,0,0,0,0,54,0,2
127,1192,6.0339,356,100,0,0,0,0,0,0,58,0,1
128,1172,6.06452,376,100,0,0,0,0,0,0,60,0,2
129,1168,6.0625,388,100,0,0,0,0,0,0,62,0,2
130,1108,6.09524,384,100,0,0,0,0,0,0,60,0,3
131,1104,6.06897,352,100,0,0,0,0,0,0,56,0,2
132,888,6.13333,368,100,0,0,0,0,0,0,56,0,4
133,1024,6.16129,382,100,0,0,0,0,0,0,57,0,5
134,1048,6.13333,368,100,0,0,0,0,0,0,56,0,4
135,1064,6.16667,370,100,0,0,0,0,0,0,55,0,5
136,1164,6.26667,376,100,0,0,0,0,0,0,52,0,8
137,1048,6.2069,360,100,0,0,0,0,0,0,52,0,6
138,1096,6.21212,410,100,0,0,0,0,0,0,59,0,7
139,1144,6.27586,364,100,0,0,0,0,0,0,50,0,8
140,1280,6.31746,398,100,0,0,0,0,0,0,53,0,10
141,1296,6.40678,378,100,0,0,0,0,0,0,47,0,12
142,1328,6.27586,364,100,0,0,0,0,0,0,50,0,8
143,1276,6.46667,388,100,0,0,0,0,0,0,46,0,14
144,1428,6.48276,376,100,0,0,0,0,0,0,44,0,14
145,972,6.41379,372,100,0,0,0,0,0,0,46,0,12
146,968,6.38596,364,100,0,0,0,0,0,0,46,0,11
147,820,6.48148,350,100,0,0,0,0,0,0,41,0,13
148,1044,6.32258,392,100,0,0,0,0,0,0,52,0,10
149,1068,6.47458,382,100,0,0,0,0,0,0,45,0,14
150,1172,6.35484,394,100,0,0,0,0,0,0,51,0,11
151,972,6.24561,356,100,0,0,0,0,0,0,50,0,7
152,1012,6.30508,372,100,0,0,0,0,0,0,50,0,9
153,1060,6.4,416,100,0,0,0,0,0,0,52,0,13
154,904,6.27119,370,100,0,0,0,0,0,0,51,0,8
155,984,6.25806,388,100,0,0,0,0,0,0,54,0,8
156,1172,6.23188,430,100,0,0,0,0,0,0,61,0,8
157,1064,6.17241,358,100,0,0,0,0,0,0,53,0,5
158,1108,6.24561,356,100,0,0,0,0,0,0,50,0,7
159,1108,6.30508,372,100,0,0,0,0,0,0,50,0,9
160,1116,6.25806,388,100,0,0,0,0,0,0,54,0,8
161,984,6.22951,380,100,0,0,0,0,0,0,54,0,7
162,1220,6.3,378,100,0,0,0,0,0,0,51,0,9
163,1344,6.22222,392,100,0,0,0,0,0,0,56,0,7
164,1180,6.2069,360,100,0,0,0,0,0,0,52,0,6
165,1044,6.16129,382,100,0,0,0,0,0,0,57,0,5
166,1064,6.19355,384,100,0,0,0,0,0,0,56,0,6
167,1136,6.12308,398,100,0,0,0,0,0,0,61,0,4
168,1132,6.22222,392,100,0,0,0,0,0,0,56,0,7
169,960,6.16393,376,100,0,0,0,0,0,0,56,0,5
170,896,6.24138,362,100,0,0,0,0,0,0,51,0,7
171,948,6.44068,380,100,0,0,0,0,0,0,46,0,13
172,908,6.2069,360,100,0,0,0,0,0,0,52,0,6
173,1036,6.21538,404,100,0,0,0,0,0,0,58,0,7
174,784,6.13333,368,100,0,0,0,0,0,0,56,0,4
175,1012,6.20896,416,100,0,0,0,0,0,0,60,0,7
176,864,6.30508,372,100,0,0,0,0,0,0,50,0,9
177,980,6.17647,420,100,0,0,0,0,0,0,62,0,6
178,948,6.20339,366,100,0,0,0,0,0,0,53,0,6
179,920,6.16129,382,100,0,0,0,0,0,0,57,0,5
180,908,6.2623,382,100,0,0,0,0,0,0,53,0,8
181,820,6.19048,390,100,0,0,0,0,0,0,57,0,6
182,896,6.24615,406,100,0,0,0,0,0,0,57,0,8
183,900,6.2029,428,100,0,0,0,0,0,0,62,0,7
184,888,6.25806,388,100,0,0,0,0,0,0,54,0,8
185,952,6.1875,396,100,0,0,0,0,0,0,58,0,6
186,1212,6.16393,376,100,0,0,0,0,0,0,56,0,5
187,1008,6.16393,376,100,0,0,0,0,0,0,56,0,5
188,1144,6.19355,384,100,0,0,0,0,0,0,56,0,6
189,1212,6.1875,396,100,0,0,0,0,0,0,58,0,6
190,1108,6.12903,380,100,0,0,0,0,0,0,58,0,4
191,1092,6.18868,328,100,0,0,0,0,0,0,48,0,5
192,1188,6.29091,346,100,0,0,0,0,0,0,47,0,8
193,1448,6.17857,346,100,0,0,0,0,0,0,51,0,5
194,1260,6.14035,350,100,0,0,0,0,0,0,53,0,4
195,1112,6.14286,344,100,0,0,0,0,0,0,52,0,4
196,1408,6.09524,384,100,0,0,0,0,0,0,60,0,3
197,1728,6.125,392,100,0,0,0,0,0,0,60,0,4
198,1856,6.10169,360,100,0,0,0,0,0,0,56,0,3
199,1568,6.0339,356,100,0,0,0,0,0,0,58,0,1
200,1408,6.06557,370,100,0,0,0,0,0,0,59,0,2
201,1264,6.10169,360,100,0,0,0,0,0,0,56,0,3
202,1196,6.0339,356,100,0,0,0,0,0,0,58,0,1
203,1240,6.13559,362,100,0,0,0,0,0,0,55,0,4
204,1184,6.0339,356,100,0,0,0,0,0,0,58,0,1
205,1292,6,360,100,0,0,0,0,0,0,60,0,0
206,1216,6.03704,326,100,0,0,0,0,0,0,53,0,1
207,1200,6.03774,320,100,0,0,0,0,0,0,52,0,1
208,1252,6.03571,338,100,0,0,0,0,0,0,55,0,1
209,1432,6.10526,348,100,0,0,0,0,0,0,54,0,3
210,1212,6.07018,346,100,0,0,0,0,0,0,55,0,2
211,1148,6.07018,346,100,0,0,0,0,0,0,55,0,2
212,1096,6.10526,348,100,0,0,0,0,0,0,54,0,3
213,1272,6.10526,348,100,0,0,0,0,0,0,54,0,3
214,1100,6.06897,352,100,0,0,0,0,0,0,56,0,2
215,1208,6.03175,380,100,0,0,0,0,0,0,62,0,1
216,1356,6.06897,352,100,0,0,0,0,0,0,56,0,2
217,1216,6.15094,326,100,0,0,0,0,0,0,49,0,4
218,1408,6.10345,354,100,0,0,0,0,0,0,55,0,3
219,1376,6.03509,344,100,0,0,0,0,0,0,56,0,1
220,1280,6.03226,374,100,0,0,0,0,0,0,61,0,1
221,1204,6,348,100,0,0,0,0,0,0,58,0,0
222,1236,6,366,100,0,0,0,0,0,0,61,0,0
223,1068,6.03226,374,100,0,0,0,0,0,0,61,0,1
224,1076,6.0339,356,100,0,0,0,0,0,0,58,0,1
225,1032,6,378,100,0,0,0,0,0,0,63,0,0
226,956,6,366,100,0,0,0,0,0,0,61,0,0
227,840,6.03571,338,100,0,0,0,0,0,0,55,0,1
228,880,6.03333,362,100,0,0,0,0,0,0,59,0,1
229,964,6.02941,410,100,0,0,0,0,0,0,67,0,1
230,1080,6.09836,372,100,0,0,0,0,0,0,58,0,3
231,896,6.12698,386,100,0,0,0,0,0,0,59,0,4
232,892,6.19672,378,100,0,0,0,0,0,0,55,0,6
233,1252,6.1875,396,100,0,0,0,0,0,0,58,0,6
234,1216,6.06897,352,100,0,0,0,0,0,0,56,0,2
235,1440,6.13559,362,100,0,0,0,0,0,0,55,0,4
236,1440,6.17857,346,100,0,0,0,0,0,0,51,0,5
237,1292,6.16667,370,100,0,0,0,0,0,0,55,0,5
238,1736,6.17241,358,100,0,0,0,0,0,0,53,0,5
239,1752,6.13559,362,100,0,0,0,0,0,0,55,0,4
240,1764,6.10169,360,100,0,0,0,0,0,0,56,0,3
241,1528,6.13115,374,100,0,0,0,0,0,0,57,0,4
242,1152,6.13115,374,100,0,0,0,0,0,0,57,0,4
243,1092,6.21538,404,100,0,0,0,0,0,0,58,0,7
244,1352,6.21538,404,100,0,0,0,0,0,0,58,0,7
245,1116,6.16667,370,100,0,0,0,0,0,0,55,0,5
246,1316,6.15385,400,100,0,0,0,0,0,0,60,0,5
247,1088,6.21053,354,100,0,0,0,0,0,0,51,0,6
248,1176,6.13793,356,100,0,0,0,0,0,0,54,0,4
249,1236,6.15873,388,100,0,0,0,0,0,0,58,0,5
250,1484,6.12903,380,100,0,0,0,0,0,0,58,0,4
251,1316,6.06557,370,100,0,0,0,0,0,0,59,0,2
252,1032,6.22642,330,100,0,0,0,0,0,0,47,0,6
253,1136,6.10169,360,100,0,0,0,0,0,0,56,0,3
254,1468,6.03175,380,100,0,0,0,0,0,0,62,0,1
255,1636,6.1,366,100,0,0,0,0,0,0,57,0,3
256,1380,6,354,100,0,0,0,0,0,0,59,0,0
257,1488,6.06897,352,100,0,0,0,0,0,0,56,0,2
258,1432,6.10345,354,100,0,0,0,0,0,0,55,0,3
259,1448,6.06897,352,100,0,0,0,0,0,0,56,0,2
260,1516,6.13559,362,100,0,0,0,0,0,0,55,0,4
261,1760,6.03279,368,100,0,0,0,0,0,0,60,0,1
262,1848,6.0678,358,100,0,0,0,0,0,0,57,0,2
263,2116,6.02941,410,100,0,0,0,0,0,0,67,0,1
264,1324,6.13793,356,100,0,0,0,0,0,0,54,0,4
265,1536,6.13333,368,100,0,0,0,0,0,0,56,0,4
266,1564,6.06667,364,100,0,0,0,0,0,0,58,0,2
267,1060,6.13333,368,100,0,0,0,0,0,0,56,0,4
268,1276,6.09375,390,100,0,0,0,0,0,0,61,0,3
269,1480,6.10169,360,100,0,0,0,0,0,0,56,0,3
270,1328,6.23333,374,100,0,0,0,0,0,0,53,0,7
271,1124,6.26415,332,100,0,0,0,0,0,0,46,0,7
272,1372,6.19672,378,100,0,0,0,0,0,0,55,0,6
273,1464,6.09524,384,100,0,0,0,0,0,0,60,0,3
274,1308,6.09524,384,100,0,0,0,0,0,0,60,0,3
275,1420,6.09677,378,100,0,0,0,0,0,0,59,0,3
276,1220,6.09677,378,100,0,0,0,0,0,0,59,0,3
277,1132,6.22642,330,100,0,0,0,0,0,0,47,0,6
278,1196,6.17544,352,100,0,0,0,0,0,0,52,0,5
279,1368,6.19355,384,100,0,0,0,0,0,0,56,0,6
280,1448,6.19355,384,100,0,0,0,0,0,0,56,0,6
281,936,6.19048,390,100,0,0,0,0,0,0,57,0,6
282,868,6.19672,378,100,0,0,0,0,0,0,55,0,6
283,1008,6.2,372,100,0,0,0,0,0,0,54,0,6
284,1036,6.2069,360,100,0,0,0,0,0,0,52,0,6
285,1212,6.23333,374,100,0,0,0,0,0,0,53,0,7
286,892,6.19672,378,100,0,0,0,0,0,0,55,0,6
287,1176,6.19355,384,100,0,0,0,0,0,0,56,0,6
288,1216,6.15152,406,100,0,0,0,0,0,0,61,0,5
289,1164,6.15873,388,100,0,0,0,0,0,0,58,0,5
290,1208,6.16949,364,100,0,0,0,0,0,0,54,0,5
291,1148,6.15873,388,100,0,0,0,0,0,0,58,0,5
292,1024,6.14925,412,100,0,0,0,0,0,0,62,0,5
293,1124,6.21538,404,100,0,0,0,0,0,0,58,0,7
294,1164,6.1875,396,100,0,0,0,0,0,0,58,0,6
295,1256,6.15152,406,100,0,0,0,0,0,0,61,0,5
296,1412,6.08955,408,100,0,0,0,0,0,0,64,0,3
297,1528,6.2069,360,100,0,0,0,0,0,0,52,0,6
298,1288,6.03448,350,100,0,0,0,0,0,0,57,0,1
299,1232,6.10526,348,100,0,0,0,0,0,0,54,0,3
300,1436,6.16667,370,100,0,0,0,0,0,0,55,0,5
301,1372,6.21053,354,100,0,0,0,0,0,0,51,0,6
302,1536,6.24138,362,100,0,0,0,0,0,0,51,0,7
303,1572,6.23729,368,100,0,0,0,0,0,0,52,0,7
304,1628,6.12903,380,100,0,0,0,0,0,0,58,0,4
305,1744,6.19355,384,100,0,0,0,0,0,0,56,0,6
306,1844,6.16129,382,100,0,0,0,0,0,0,57,0,5
307,832,6.07273,334,100,0,0,0,0,0,0,53,0,2
308,1040,6.13559,362,100,0,0,0,0,0,0,55,0,4
309,1072,6.06452,376,100,0,0,0,0,0,0,60,0,2
310,1064,6.03333,362,100,0,0,0,0,0,0,59,0,1
311,1236,6.09677,378,100,0,0,0,0,0,0,59,0,3
312,1448,6.11594,422,100,0,0,0,0,0,0,65,0,4
313,1336,6.22951,380,100,0,0,0,0,0,0,54,0,7
314,1520,6.12308,398,100,0,0,0,0,0,0,61,0,4
315,1640,6.20896,416,100,0,0,0,0,0,0,60,0,7
316,1652,6.14706,418,100,0,0,0,0,0,0,63,0,5
317,1656,6.13559,362,100,0,0,0,0,0,0,55,0,4
318,920,6.13333,368,100,0,0,0,0,0,0,56,0,4
319,1044,6.06452,376,100,0,0,0,0,0,0,60,0,2
320,1108,6.13559,362,100,0,0,0,0,0,0,55,0,4
321,1164,6.16393,376,100,0,0,0,0,0,0,56,0,5
322,980,6.23729,368,100,0,0,0,0,0,0,52,0,7
323,936,6.30769,328,100,0,0,0,0,0,0,44,0,8
324,1100,6.28571,352,100,0,0,0,0,0,0,48,0,8
325,1080,6.21053,354,100,0,0,0,0,0,0,51,0,6
326,1072,6.10526,348,100,0,0,0,0,0,0,54,0,3
327,1232,6.22222,392,100,0,0,0,0,0,0,56,0,7
328,1064,6.12903,380,100,0,0,0,0,0,0,58,0,4
329,1028,6.13115,374,100,0,0,0,0,0,0,57,0,4
330,1192,6.15625,394,100,0,0,0,0,0,0,59,0,5
331,1008,6.06557,370,100,0,0,0,0,0,0,59,0,2
332,1004,6.15873,388,100,0,0,0,0,0,0,58,0,5
333,1064,6.19355,384,100,0,0,0,0,0,0,56,0,6
334,1068,6.2,372,100,0,0,0,0,0,0,54,0,6
335,952,6.23333,374,100,0,0,0,0,0,0,53,0,7
336,924,6.2069,360,100,0,0,0,0,0,0,52,0,6
337,956,6.3,378,100,0,0,0,0,0,0,51,0,9
338,896,6.35714,356,100,0,0,0,0,0,0,46,0,10
339,852,6.31034,366,100,0,0,0,0,0,0,49,0,9
340,868,6.23729,368,100,0,0,0,0,0,0,52,0,7
341,972,6.16667,370,100,0,0,0,0,0,0,55,0,5
342,904,6.16667,370,100,0,0,0,0,0,0,55,0,5
343,852,6.25806,388,100,0,0,0,0,0,0,54,0,8
344,736,6.17544,352,100,0,0,0,0,0,0,52,0,5
345,764,6.14286,344,100,0,0,0,0,0,0,52,0,4
346,876,6.10345,354,100,0,0,0,0,0,0,55,0,3
347,876,6.13793,356,100,0,0,0,0,0,0,54,0,4
348,896,6.16667,370,100,0,0,0,0,0,0,55,0,5
349,888,6.03333,362,100,0,0,0,0,0,0,59,0,1
350,940,6.2069,360,100,0,0,0,0,0,0,52,0,6
351,1044,6.26667,376,100,0,0,0,0,0,0,52,0,8
352,892,6.10169,360,100,0,0,0,0,0,0,56,0,3
353,976,6.1,366,100,0,0,0,0,0,0,57,0,3
354,952,6.1875,396,100,0,0,0,0,0,0,58,0,6
355,900,6.1875,396,100,0,0,0,0,0,0,58,0,6
356,896,6.26667,376,100,0,0,0,0,0,0,52,0,8
357,892,6.16667,370,100,0,0,0,0,0,0,55,0,5
358,932,6.25,350,100,0,0,0,0,0,0,49,0,7
359,1116,6.25,400,100,0,0,0,0,0,0,56,0,8
360,1172,6.35294,432,100,0,0,0,0,0,0,56,0,12
361,1008,6.45161,400,100,0,0,0,0,0,0,48,0,14
362,1044,6.36066,388,100,0,0,0,0,0,0,50,0,11
363,1216,6.35821,426,100,0,0,0,0,0,0,55,0,12
364,1056,6.33333,380,100,0,0,0,0,0,0,50,0,10
365,976,6.2807,358,100,0,0,0,0,0,0,49,0,8
366,1096,6.46875,414,100,0,0,0,0,0,0,49,0,15
367,1080,6.29851,422,100,0,0,0,0,0,0,57,0,10
368,1064,6.38095,402,100,0,0,0,0,0,0,51,0,12
369,1080,6.35821,426,100,0,0,0,0,0,0,55,0,12
370,968,6.44444,406,100,0,0,0,0,0,0,49,0,14
371,936,6.41935,398,100,0,0,0,0,0,0,49,0,13
372,960,6.38983,377,100,0,0,0,0,0,0,47,1,11
373,1100,6.4375,412,100,0,0,0,0,0,0,50,0,14
374,1084,6.46667,388,100,0,0,0,0,0,0,46,0,14
375,1092,6.45614,368,100,0,0,0,0,0,0,44,0,13
376,1016,6.39344,390,100,0,0,0,0,0,0,49,0,12
377,1088,6.2623,382,100,0,0,0,0,0,0,53,0,8
378,900,6.33898,374,100,0,0,0,0,0,0,49,0,10
379,1104,6.22581,386,100,0,0,0,0,0,0,55,0,7
380,1064,6.19672,378,100,0,0,0,0,0,0,55,0,6
381,1108,6.22581,386,100,0,0,0,0,0,0,55,0,7
382,892,6.32258,392,100,0,0,0,0,0,0,52,0,10
383,1032,6.36842,363,100,0,0,0,0,0,0,46,1,10
384,1236,6.15873,388,100,0,0,0,0,0,0,58,0,5
385,1088,6.2807,358,100,0,0,0,0,0,0,49,0,8
386,1032,6.22951,380,100,0,0,0,0,0,0,54,0,7
387,944,6.24561,356,100,0,0,0,0,0,0,50,0,7
388,1140,6.25,350,100,0,0,0,0,0,0,49,0,7
389,1072,6.37288,376,100,0,0,0,0,0,0,48,0,11
390,1020,6.28571,352,100,0,0,0,0,0,0,48,0,8
391,976,6.35714,356,100,0,0,0,0,0,0,46,0,10
392,1028,6.26667,376,100,0,0,0,0,0,0,52,0,8
393,844,6.13559,362,100,0,0,0,0,0,0,55,0,4
394,952,6.22951,380,100,0,0,0,0,0,0,54,0,7
395,968,6.25397,394,100,0,0,0,0,0,0,55,0,8
396,808,6.21053,354,100,0,0,0,0,0,0,51,0,6
397,1012,6.46667,388,100,0,0,0,0,0,0,46,0,14
398,1056,6.36667,382,100,0,0,0,0,0,0,49,0,11
399,1000,6.22951,380,100,0,0,0,0,0,0,54,0,7
400,936,6.29032,390,100,0,0,0,0,0,0,53,0,9
401,872,6.14035,350,100,0,0,0,0,0,0,53,0,4
402,1092,6.30303,416,100,0,0,0,0,0,0,56,0,10
403,1000,6.32143,354,100,0,0,0,0,0,0,47,0,9
404,932,6.27119,370,100,0,0,0,0,0,0,51,0,8
405,1000,6.18462,402,100,0,0,0,0,0,0,59,0,6
406,892,6.24138,362,100,0,0,0,0,0,0,51,0,7
407,1072,6.21875,398,100,0,0,0,0,0,0,57,0,7
408,1076,6.22581,386,100,0,0,0,0,0,0,55,0,7
409,1160,6.1875,396,100,0,0,0,0,0,0,58,0,6
410,1072,6.16949,364,100,0,0,0,0,0,0,54,0,5
411,1032,6.03333,362,100,0,0,0,0,0,0,59,0,1
412,1020,6.14545,338,100,0,0,0,0,0,0,51,0,4
413,964,6.06667,364,100,0,0,0,0,0,0,58,0,2
414,988,6.09677,378,100,0,0,0,0,0,0,59,0,3
415,880,6.16667,370,100,0,0,0,0,0,0,55,0,5
416,968,6.26667,376,100,0,0,0,0,0,0,52,0,8
417,1136,6.10345,354,100,0,0,0,0,0,0,55,0,3
418,1344,6.15625,394,100,0,0,0,0,0,0,59,0,5
419,888,6.14035,350,100,0,0,0,0,0,0,53,0,4
420,1016,6.09836,372,100,0,0,0,0,0,0,58,0,3
421,1180,6.12903,380,100,0,0,0,0,0,0,58,0,4
422,1040,6.09836,372,100,0,0,0,0,0,0,58,0,3
423,952,6.12308,398,100,0,0,0,0,0,0,61,0,4
424,888,6.14035,350,100,0,0,0,0,0,0,53,0,4
425,816,6.13793,356,100,0,0,0,0,0,0,54,0,4
426,972,6.10345,354,100,0,0,0,0,0,0,55,0,3
427,1100,6.1875,396,100,0,0,0,0,0,0,58,0,6
428,932,6.1875,396,100,0,0,0,0,0,0,58,0,6
429,1044,6.26866,420,100,0,0,0,0,0,0,58,0,9
430,948,6.19672,378,100,0,0,0,0,0,0,55,0,6
431,1160,6.2623,382,100,0,0,0,0,0,0,53,0,8
432,1184,6.1,366,100,0,0,0,0,0,0,57,0,3
433,1420,6.19355,384,100,0,0,0,0,0,0,56,0,6
434,1288,6.13793,356,100,0,0,0,0,0,0,54,0,4
435,1172,6.21053,354,100,0,0,0,0,0,0,51,0,6
436,1124,6.32143,354,100,0,0,0,0,0,0,47,0,9
437,1224,6.25,350,100,0,0,0,0,0,0,49,0,7
438,1304,6.19048,390,100,0,0,0,0,0,0,57,0,6
439,1276,6.28571,352,100,0,0,0,0,0,0,48,0,8
440,1176,6.35714,356,100,0,0,0,0,0,0,46,0,10
441,1152,6.29091,346,100,0,0,0,0,0,0,47,0,8
442,1172,6.34375,406,100,0,0,0,0,0,0,53,0,11
443,1120,6.50847,384,100,0,0,0,0,0,0,44,0,15
444,1028,6.55556,354,100,0,0,0,0,0,0,39,0,15
445,1212,6.36364,350,100,0,0,0,0,0,0,45,0,10
446,1204,6.32787,386,100,0,0,0,0,0,0,51,0,10
447,988,6.33333,380,100,0,0,0,0,0,0,50,0,10
448,944,6.45614,368,100,0,0,0,0,0,0,44,0,13
449,924,6.31579,360,100,0,0,0,0,0,0,48,0,9
450,900,6.2069,360,100,0,0,0,0,0,0,52,0,6
451,908,6.37288,376,100,0,0,0,0,0,0,48,0,11
452,916,6.28125,402,100,0,0,0,0,0,0,55,0,9
453,1020,6.31746,398,100,0,0,0,0,0,0,53,0,10
454,940,6.27586,364,100,0,0,0,0,0,0,50,0,8
455,1064,6.28571,396,100,0,0,0,0,0,0,54,0,9
456,1000,6.36667,382,100,0,0,0,0,0,0,49,0,11
457,1100,6.22951,380,100,0,0,0,0,0,0,54,0,7
458,1080,6.38596,364,100,0,0,0,0,0,0,46,0,11
459,1012,6.30508,372,100,0,0,0,0,0,0,50,0,9
460,948,6.2623,382,100,0,0,0,0,0,0,53,0,8
461,1144,6.34921,400,100,0,0,0,0,0,0,52,0,11
462,1292,6.16949,364,100,0,0,0,0,0,0,54,0,5
463,1276,6.23729,368,100,0,0,0,0,0,0,52,0,7
464,1076,6.17857,346,100,0,0,0,0,0,0,51,0,5
465,1236,6.2,372,100,0,0,0,0,0,0,54,0,6
466,1136,6.13333,368,100,0,0,0,0,0,0,56,0,4
467,972,6.10909,336,100,0,0,0,0,0,0,52,0,3
468,1148,6.13793,356,100,0,0,0,0,0,0,54,0,4
469,1160,6.16129,382,100,0,0,0,0,0,0,57,0,5
470,1184,6.19048,390,100,0,0,0,0,0,0,57,0,6
471,960,6.17544,352,100,0,0,0,0,0,0,52,0,5
472,1136,6.16949,364,100,0,0,0,0,0,0,54,0,5
473,960,6.13559,362,100,0,0,0,0,0,0,55,0,4
474,888,6.06349,382,100,0,0,0,0,0,0,61,0,2
475,972,6.16129,382,100,0,0,0,0,0,0,57,0,5
476,1068,6.03175,380,100,0,0,0,0,0,0,62,0,1
477,972,6.0339,356,100,0,0,0,0,0,0,58,0,1
478,984,6.09677,378,100,0,0,0,0,0,0,59,0,3
479,936,6.10345,354,100,0,0,0,0,0,0,55,0,3
480,1056,6.19048,390,100,0,0,0,0,0,0,57,0,6
481,1044,6.06667,364,100,0,0,0,0,0,0,58,0,2
482,1000,6.16949,364,100,0,0,0,0,0,0,54,0,5
483,892,6.09677,378,100,0,0,0,0,0,0,59,0,3
484,940,6.0625,388,100,0,0,0,0,0,0,62,0,2
485,960,6.25806,388,100,0,0,0,0,0,0,54,0,8
486,1028,6.28571,396,100,0,0,0,0,0,0,54,0,9
487,940,6.2069,360,100,0,0,0,0,0,0,52,0,6
488,984,6.25397,394,100,0,0,0,0,0,0,55,0,8
489,1000,6.22222,392,100,0,0,0,0,0,0,56,0,7
490,948,6.33898,374,100,0,0,0,0,0,0,49,0,10
491,960,6.33898,374,100,0,0,0,0,0,0,49,0,10
492,1036,6.34483,368,100,0,0,0,0,0,0,48,0,10
493,1000,6.29091,346,100,0,0,0,0,0,0,47,0,8
494,824,6.24138,362,100,0,0,0,0,0,0,51,0,7
495,1000,6.32787,386,100,0,0,0,0,0,0,51,0,10
496,972,6.31746,398,100,0,0,0,0,0,0,53,0,10
497,940,6.27119,370,100,0,0,0,0,0,0,51,0,8
498,1116,6.43077,418,100,0,0,0,0,0,0,51,0,14
499,1044,6.47458,382,100,0,0,0,0,0,0,45,0,14
500,920,6.41379,372,100,0,0,0,0,0,0,46,0,12
501,1004,6.62295,404,100,0,0,0,0,0,0,42,0,19
502,900,6.40678,378,100,0,0,0,0,0,0,47,0,12
503,908,6.6,396,100,0,0,0,0,0,0,42,0,18
504,1060,6.51515,430,100,0,0,0,0,0,0,49,0,17
505,1152,6.75,432,100,0,0,0,0,0,0,40,0,24
506,1072,6.64286,372,100,0,0,0,0,0,0,38,0,18
507,1124,6.52632,372,100,0,0,0,0,0,0,42,0,15
508,1096,6.5,390,100,0,0,0,0,0,0,45,0,15
509,1192,6.4918,396,100,0,0,0,0,0,0,46,0,15
510,1048,6.43333,386,100,0,0,0,0,0,0,47,0,13
511,1080,6.5,390,100,0,0,0,0,0,0,45,0,15
512,1136,6.55172,380,100,0,0,0,0,0,0,42,0,16
513,1028,6.39344,390,100,0,0,0,0,0,0,49,0,12
514,1304,6.40625,410,100,0,0,0,0,0,0,51,0,13
515,1024,6.46429,362,100,0,0,0,0,0,0,43,0,13
516,1188,6.31034,366,100,0,0,0,0,0,0,49,0,9
517,1228,6.37931,370,100,0,0,0,0,0,0,47,0,11
518,1288,6.43333,386,100,0,0,0,0,0,0,47,0,13
519,1108,6.36667,382,100,0,0,0,0,0,0,49,0,11
520,1244,6.37288,376,100,0,0,0,0,0,0,48,0,11
521,1212,6.31579,360,100,0,0,0,0,0,0,48,0,9
522,1132,6.44828,374,100,0,0,0,0,0,0,45,0,13
523,1128,6.42857,360,100,0,0,0,0,0,0,44,0,12
524,1172,6.34483,368,100,0,0,0,0,0,0,48,0,10
525,1236,6.35484,394,100,0,0,0,0,0,0,51,0,11
526,1248,6.4918,396,100,0,0,0,0,0,0,46,0,15
527,1160,6.55172,380,100,0,0,0,0,0,0,42,0,16
528,1068,6.46429,362,100,0,0,0,0,0,0,43,0,13
529,1224,6.32143,354,100,0,0,0,0,0,0,47,0,9
530,1136,6.41379,372,100,0,0,0,0,0,0,46,0,12
531,1236,6.49123,370,100,0,0,0,0,0,0,43,0,14
532,1096,6.46429,362,100,0,0,0,0,0,0,43,0,13
533,1456,6.54237,386,100,0,0,0,0,0,0,43,0,16
534,1376,6.60377,350,100,0,0,0,0,0,0,37,0,16
535,1336,6.67857,374,100,0,0,0,0,0,0,37,0,19
536,1268,6.64151,352,100,0,0,0,0,0,0,36,0,17
537,1248,6.57627,388,100,0,0,0,0,0,0,42,0,17
538,1252,6.64407,392,100,0,0,0,0,0,0,40,0,19
539,1256,6.46667,388,100,0,0,0,0,0,0,46,0,14
540,1252,6.42105,366,100,0,0,0,0,0,0,45,0,12
541,1204,6.44068,380,100,0,0,0,0,0,0,46,0,13
542,1160,6.43333,386,100,0,0,0,0,0,0,47,0,13
543,1188,6.38596,364,100,0,0,0,0,0,0,46,0,11
544,1164,6.33333,380,100,0,0,0,0,0,0,50,0,10
545,1200,6.47273,356,100,0,0,0,0,0,0,42,0,13
546,1068,6.25455,344,100,0,0,0,0,0,0,48,0,7
547,1116,6.34483,368,100,0,0,0,0,0,0,48,0,10
548,1136,6.38596,364,100,0,0,0,0,0,0,46,0,11
549,1168,6.36066,388,100,0,0,0,0,0,0,50,0,11
550,1156,6.37288,376,100,0,0,0,0,0,0,48,0,11
551,1092,6.27586,364,100,0,0,0,0,0,0,50,0,8
552,1116,6.31579,360,100,0,0,0,0,0,0,48,0,9
553,984,6.32143,354,100,0,0,0,0,0,0,47,0,9
554,1176,6.39344,390,100,0,0,0,0,0,0,49,0,12
555,1200,6.23729,368,100,0,0,0,0,0,0,52,0,7
556,1276,6.42105,366,100,0,0,0,0,0,0,45,0,12
557,1180,6.33333,380,100,0,0,0,0,0,0,50,0,10
558,1308,6.27119,370,100,0,0,0,0,0,0,51,0,8
559,1288,6.22581,386,100,0,0,0,0,0,0,55,0,7
560,1072,6.14035,350,100,0,0,0,0,0,0,53,0,4
561,924,6.13559,362,100,0,0,0,0,0,0,55,0,4
562,1080,6.15873,388,100,0,0,0,0,0,0,58,0,5
563,1052,6.3,378,100,0,0,0,0,0,0,51,0,9
564,1004,6.30508,372,100,0,0,0,0,0,0,50,0,9
565,740,6.24138,362,100,0,0,0,0,0,0,51,0,7
566,968,6.22951,380,100,0,0,0,0,0,0,54,0,7
567,968,6.29508,384,100,0,0,0,0,0,0,52,0,9
568,956,6.16667,370,100,0,0,0,0,0,0,55,0,5
569,1140,6.16393,376,100,0,0,0,0,0,0,56,0,5
570,1204,6.22951,380,100,0,0,0,0,0,0,54,0,7
571,1304,6.22581,386,100,0,0,0,0,0,0,55,0,7
572,1336,6.27119,370,100,0,0,0,0,0,0,51,0,8
573,1496,6.32787,386,100,0,0,0,0,0,0,51,0,10
574,1200,6.21875,398,100,0,0,0,0,0,0,57,0,7
575,1416,6.21212,410,100,0,0,0,0,0,0,59,0,7
576,1260,6.2623,382,100,0,0,0,0,0,0,53,0,8
577,1204,6.22581,386,100,0,0,0,0,0,0,55,0,7
578,1124,6.20339,366,100,0,0,0,0,0,0,53,0,6
579,1160,6.24138,362,100,0,0,0,0,0,0,51,0,7
580,956,6.13115,374,100,0,0,0,0,0,0,57,0,4
581,876,6.07273,334,100,0,0,0,0,0,0,53,0,2
582,1060,6.03226,374,100,0,0,0,0,0,0,61,0,1
583,1032,6.03571,338,100,0,0,0,0,0,0,55,0,1
584,1076,6.07018,346,100,0,0,0,0,0,0,55,0,2
585,1060,6.0678,358,100,0,0,0,0,0,0,57,0,2
586,1048,6.03509,344,100,0,0,0,0,0,0,56,0,1
587,1116,6.03333,362,100,0,0,0,0,0,0,59,0,1
588,1084,6.10169,360,100,0,0,0,0,0,0,56,0,3
589,1160,6.06452,376,100,0,0,0,0,0,0,60,0,2
590,1260,6,360,100,0,0,0,0,0,0,60,0,0
591,1080,6,348,100,0,0,0,0,0,0,58,0,0
592,1016,6.03571,338,100,0,0,0,0,0,0,55,0,1
593,988,6.03333,362,100,0,0,0,0,0,0,59,0,1
594,1008,6,366,100,0,0,0,0,0,0,61,0,0
595,956,6.06154,394,100,0,0,0,0,0,0,63,0,2
596,948,6.03333,362,100,0,0,0,0,0,0,59,0,1
597,856,6.09836,372,100,0,0,0,0,0,0,58,0,3
598,904,6.03279,368,100,0,0,0,0,0,0,60,0,1
599,968,6.09836,372,100,0,0,0,0,0,0,58,0,3
600,856,6.1,366,100,0,0,0,0,0,0,57,0,3
601,1004,6.09231,396,100,0,0,0,0,0,0,62,0,3
602,904,6.12903,380,100,0,0,0,0,0,0,58,0,4
603,872,6.13115,374,100,0,0,0,0,0,0,57,0,4
604,884,6.13559,362,100,0,0,0,0,0,0,55,0,4
605,988,6.20339,366,100,0,0,0,0,0,0,53,0,6
606,924,6.17857,346,100,0,0,0,0,0,0,51,0,5
607,1064,6.10169,360,100,0,0,0,0,0,0,56,0,3
608,912,6.25926,338,100,0,0,0,0,0,0,47,0,7
609,900,6.13559,362,100,0,0,0,0,0,0,55,0,4
610,916,6.19672,378,100,0,0,0,0,0,0,55,0,6
611,860,6.13559,362,100,0,0,0,0,0,0,55,0,4
612,840,6.17241,358,100,0,0,0,0,0,0,53,0,5
613,896,6.1,366,100,0,0,0,0,0,0,57,0,3
614,980,6.1,366,100,0,0,0,0,0,0,57,0,3
615,808,6.0678,358,100,0,0,0,0,0,0,57,0,2
616,872,6.13333,368,100,0,0,0,0,0,0,56,0,4
617,880,6.12698,386,100,0,0,0,0,0,0,59,0,4
618,932,6.16129,382,100,0,0,0,0,0,0,57,0,5
619,776,6.10169,360,100,0,0,0,0,0,0,56,0,3
620,812,6.13793,356,100,0,0,0,0,0,0,54,0,4
621,956,6.19672,378,100,0,0,0,0,0,0,55,0,6
622,744,6.17241,358,100,0,0,0,0,0,0,53,0,5
623,1004,6.26667,376,100,0,0,0,0,0,0,52,0,8
624,916,6.1,366,100,0,0,0,0,0,0,57,0,3
625,912,6.16393,376,100,0,0,0,0,0,0,56,0,5
626,1028,6.15625,394,100,0,0,0,0,0,0,59,0,5
627,940,6.06897,352,100,0,0,0,0,0,0,56,0,2
628,908,6.06667,364,100,0,0,0,0,0,0,58,0,2
629,928,6.14815,332,100,0,0,0,0,0,0,50,0,4
630,1096,6.13559,362,100,0,0,0,0,0,0,55,0,4
631,1032,6.03226,374,100,0,0,0,0,0,0,61,0,1
632,1068,6.13115,374,100,0,0,0,0,0,0,57,0,4
633,848,6.10526,348,100,0,0,0,0,0,0,54,0,3
634,976,6.06667,364,100,0,0,0,0,0,0,58,0,2
635,952,6.03571,338,100,0,0,0,0,0,0,55,0,1
636,984,6,342,100,0,0,0,0,0,0,57,0,0
637,1032,6,348,100,0,0,0,0,0,0,58,0,0
638,1072,6.03279,368,100,0,0,0,0,0,0,60,0,1
639,984,6.09836,372,100,0,0,0,0,0,0,58,0,3
640,996,6.20339,366,100,0,0,0,0,0,0,53,0,6
641,1004,6.16949,364,100,0,0,0,0,0,0,54,0,5
642,1188,6.1,366,100,0,0,0,0,0,0,57,0,3
643,1168,6.26415,332,100,0,0,0,0,0,0,46,0,7
644,1020,6.16,308,100,0,0,0,0,0,0,46,0,4
645,1304,6.13333,368,100,0,0,0,0,0,0,56,0,4
646,1436,6.18519,334,100,0,0,0,0,0,0,49,0,5
647,1516,6.20339,366,100,0,0,0,0,0,0,53,0,6
648,1172,6.27119,370,100,0,0,0,0,0,0,51,0,8
649,1332,6.17241,358,100,0,0,0,0,0,0,53,0,5
650,1604,6.17241,358,100,0,0,0,0,0,0,53,0,5
651,1708,6.16949,364,100,0,0,0,0,0,0,54,0,5
652,1592,6.16393,376,100,0,0,0,0,0,0,56,0,5
653,1708,6.13333,368,100,0,0,0,0,0,0,56,0,4
654,1892,6.10526,348,100,0,0,0,0,0,0,54,0,3
655,1788,6.10909,336,100,0,0,0,0,0,0,52,0,3
656,1568,6.03333,362,100,0,0,0,0,0,0,59,0,1
657,1884,6.03226,374,100,0,0,0,0,0,0,61,0,1
658,2128,6.06452,376,100,0,0,0,0,0,0,60,0,2
659,1620,6.0339,356,100,0,0,0,0,0,0,58,0,1
660,1220,6.03279,368,100,0,0,0,0,0,0,60,0,1
661,1404,6.1,366,100,0,0,0,0,0,0,57,0,3
662,1692,6.06349,382,100,0,0,0,0,0,0,61,0,2
663,1216,6.10714,342,100,0,0,0,0,0,0,53,0,3
664,1516,6.03571,338,100,0,0,0,0,0,0,55,0,1
665,1580,6.03509,344,100,0,0,0,0,0,0,56,0,1
666,1596,6.09836,372,100,0,0,0,0,0,0,58,0,3
667,1252,6.03636,332,100,0,0,0,0,0,0,54,0,1
668,1072,6.11111,330,100,0,0,0,0,0,0,51,0,3
669,1308,6.10169,360,100,0,0,0,0,0,0,56,0,3
670,1252,6.0339,356,100,0,0,0,0,0,0,58,0,1
671,1420,6.10526,348,100,0,0,0,0,0,0,54,0,3
672,1432,6.03571,338,100,0,0,0,0,0,0,55,0,1
673,1784,6.07018,346,100,0,0,0,0,0,0,55,0,2
674,1564,6.0678,358,100,0,0,0,0,0,0,57,0,2
675,1316,6.03448,350,100,0,0,0,0,0,0,57,0,1
676,1248,6,342,100,0,0,0,0,0,0,57,0,0
677,1108,6,360,100,0,0,0,0,0,0,60,0,0
678,1308,6,366,100,0,0,0,0,0,0,61,0,0
679,1244,6,378,100,0,0,0,0,0,0,63,0,0
680,1424,6.03333,362,100,0,0,0,0,0,0,59,0,1
681,1500,6.03279,368,100,0,0,0,0,0,0,60,0,1
682,1596,6,354,100,0,0,0,0,0,0,59,0,0
683,1540,6.14286,344,100,0,0,0,0,0,0,52,0,4
684,1436,6.09836,372,100,0,0,0,0,0,0,58,0,3
685,1236,6.03636,332,100,0,0,0,0,0,0,54,0,1
686,1172,6.07143,340,100,0,0,0,0,0,0,54,0,2
687,1060,6.10169,360,100,0,0,0,0,0,0,56,0,3
688,1184,6.07547,322,100,0,0,0,0,0,0,51,0,2
689,1512,6.13333,368,100,0,0,0,0,0,0,56,0,4
690,1312,6.21429,348,100,0,0,0,0,0,0,50,0,6
691,1412,6.24138,362,100,0,0,0,0,0,0,51,0,7
692,1332,6.18182,340,100,0,0,0,0,0,0,50,0,5
693,1272,6.20339,366,100,0,0,0,0,0,0,53,0,6
694,1228,6.17544,352,100,0,0,0,0,0,0,52,0,5
695,1080,6.11765,312,100,0,0,0,0,0,0,48,0,3
696,1352,6.16949,364,100,0,0,0,0,0,0,54,0,5
697,1328,6.03509,344,100,0,0,0,0,0,0,56,0,1
698,1264,6.09836,372,100,0,0,0,0,0,0,58,0,3
699,1236,6.10169,360,100,0,0,0,0,0,0,56,0,3
700,1328,6.25,350,100,0,0,0,0,0,0,49,0,7
701,1268,6.17544,352,100,0,0,0,0,0,0,52,0,5
702,1188,6.2,372,100,0,0,0,0,0,0,54,0,6
703,1360,6.15873,388,100,0,0,0,0,0,0,58,0,5
704,1056,6.09677,378,100,0,0,0,0,0,0,59,0,3
705,1084,6.09836,372,100,0,0,0,0,0,0,58,0,3
706,1160,6.10169,360,100,0,0,0,0,0,0,56,0,3
707,1292,6.13333,368,100,0,0,0,0,0,0,56,0,4
708,1460,6.16393,376,100,0,0,0,0,0,0,56,0,5
709,1520,6.12903,380,100,0,0,0,0,0,0,58,0,4
710,1364,6.1,366,100,0,0,0,0,0,0,57,0,3
711,1292,6.16667,370,100,0,0,0,0,0,0,55,0,5
712,1424,6.13793,356,100,0,0,0,0,0,0,54,0,4
713,1728,6.2,372,100,0,0,0,0,0,0,54,0,6
714,1656,6.2069,360,100,0,0,0,0,0,0,52,0,6
715,1764,6.13115,374,100,0,0,0,0,0,0,57,0,4
716,1268,6.29508,384,100,0,0,0,0,0,0,52,0,9
717,1096,6.25,400,100,0,0,0,0,0,0,56,0,8
718,1152,6.19355,384,100,0,0,0,0,0,0,56,0,6
719,1400,6.16393,376,100,0,0,0,0,0,0,56,0,5
720,1376,6.22951,380,100,0,0,0,0,0,0,54,0,7
721,1584,6.06349,382,100,0,0,0,0,0,0,61,0,2
722,1656,6.19672,378,100,0,0,0,0,0,0,55,0,6
723,1784,6.19672,378,100,0,0,0,0,0,0,55,0,6
724,1840,6.21429,348,100,0,0,0,0,0,0,50,0,6
725,1748,6.14286,344,100,0,0,0,0,0,0,52,0,4
726,1936,6.23333,374,100,0,0,0,0,0,0,53,0,7
727,2080,6.22222,392,100,0,0,0,0,0,0,56,0,7
728,1420,6.27586,364,100,0,0,0,0,0,0,50,0,8
729,996,6.38596,364,100,0,0,0,0,0,0,46,0,11
730,1136,6.42623,392,100,0,0,0,0,0,0,48,0,13
731,1060,6.33846,412,100,0,0,0,0,0,0,54,0,11
732,1192,6.3,378,100,0,0,0,0,0,0,51,0,9
733,1280,6.34375,406,100,0,0,0,0,0,0,53,0,11
734,1420,6.19672,378,100,0,0,0,0,0,0,55,0,6
735,1100,6.13559,362,100,0,0,0,0,0,0,55,0,4
736,924,6.16949,364,100,0,0,0,0,0,0,54,0,5
737,884,6.13115,374,100,0,0,0,0,0,0,57,0,4
738,956,6.15385,400,100,0,0,0,0,0,0,60,0,5
739,760,6.03279,368,100,0,0,0,0,0,0,60,0,1
740,872,6.03125,386,100,0,0,0,0,0,0,63,0,1
741,900,6.0303,398,100,0,0,0,0,0,0,65,0,1
742,1004,6.05634,430,100,0,0,0,0,0,0,69,0,2
743,884,6.15385,400,100,0,0,0,0,0,0,60,0,5
744,992,6.06452,376,100,0,0,0,0,0,0,60,0,2
745,1216,6.09375,390,100,0,0,0,0,0,0,61,0,3
746,996,6.03226,374,100,0,0,0,0,0,0,61,0,1
747,948,6.0339,356,100,0,0,0,0,0,0,58,0,1
748,1184,6,402,100,0,0,0,0,0,0,67,0,0
749,1272,6,396,100,0,0,0,0,0,0,66,0,0
750,1560,6,372,100,0,0,0,0,0,0,62,0,0
751,1324,6,378,100,0,0,0,0,0,0,63,0,0
752,1268,6.06667,364,100,0,0,0,0,0,0,58,0,2
753,1188,6.03279,368,100,0,0,0,0,0,0,60,0,1
754,984,6.03175,380,100,0,0,0,0,0,0,62,0,1
755,1012,6.06452,376,100,0,0,0,0,0,0,60,0,2
756,848,6.09375,390,100,0,0,0,0,0,0,61,0,3
757,1048,6.12121,404,100,0,0,0,0,0,0,62,0,4
758,968,6.09524,384,100,0,0,0,0,0,0,60,0,3
759,1132,6.125,392,100,0,0,0,0,0,0,60,0,4
760,996,6.0625,388,100,0,0,0,0,0,0,62,0,2
761,980,6.16129,382,100,0,0,0,0,0,0,57,0,5
762,1196,6.18182,408,100,0,0,0,0,0,0,60,0,6
763,1044,6.23729,368,100,0,0,0,0,0,0,52,0,7
764,1140,6.12698,386,100,0,0,0,0,0,0,59,0,4
765,976,6.03226,374,100,0,0,0,0,0,0,61,0,1
766,1024,6.09524,384,100,0,0,0,0,0,0,60,0,3
767,1164,6.12698,386,100,0,0,0,0,0,0,59,0,4
768,1100,6.09677,378,100,0,0,0,0,0,0,59,0,3
769,1144,6.13115,374,100,0,0,0,0,0,0,57,0,4
770,1332,6.13333,368,100,0,0,0,0,0,0,56,0,4
771,1468,6.10714,342,100,0,0,0,0,0,0,53,0,3
772,1232,6.07547,322,100,0,0,0,0,0,0,51,0,2
773,1360,6.03636,332,100,0,0,0,0,0,0,54,0,1
774,1396,6.03636,332,100,0,0,0,0,0,0,54,0,1
775,984,6.03636,332,100,0,0,0,0,0,0,54,0,1
776,1248,6.06557,370,100,0,0,0,0,0,0,59,0,2
777,1132,6.07143,340,100,0,0,0,0,0,0,54,0,2
778,892,6.11111,330,100,0,0,0,0,0,0,51,0,3
779,1180,6.12903,380,100,0,0,0,0,0,0,58,0,4
780,1072,6.10526,348,100,0,0,0,0,0,0,54,0,3
781,1052,6.17241,358,100,0,0,0,0,0,0,53,0,5
782,1276,6.125,392,100,0,0,0,0,0,0,60,0,4
783,1068,6.09231,396,100,0,0,0,0,0,0,62,0,3
784,1288,6.06452,376,100,0,0,0,0,0,0,60,0,2
785,1144,6.10169,360,100,0,0,0,0,0,0,56,0,3
786,1200,6.12698,386,100,0,0,0,0,0,0,59,0,4
787,960,6.10526,348,100,0,0,0,0,0,0,54,0,3
788,1128,6.09375,390,100,0,0,0,0,0,0,61,0,3
789,1140,6.12698,386,100,0,0,0,0,0,0,59,0,4
790,1172,6.0678,358,100,0,0,0,0,0,0,57,0,2
791,1128,6.06897,352,100,0,0,0,0,0,0,56,0,2
792,1316,6.03704,326,100,0,0,0,0,0,0,53,0,1
793,1596,6.03125,386,100,0,0,0,0,0,0,63,0,1
794,1516,6.0339,356,100,0,0,0,0,0,0,58,0,1
795,1492,6.03333,362,100,0,0,0,0,0,0,59,0,1
796,1460,6.06557,370,100,0,0,0,0,0,0,59,0,2
797,1540,6.09677,378,100,0,0,0,0,0,0,59,0,3
798,1504,6.09836,372,100,0,0,0,0,0,0,58,0,3
799,1356,6.1,366,100,0,0,0,0,0,0,57,0,3
800,1388,6.17544,352,100,0,0,0,0,0,0,52,0,5
801,1048,6.14035,350,100,0,0,0,0,0,0,53,0,4
802,1128,6.09677,378,100,0,0,0,0,0,0,59,0,3
803,1164,6.06557,370,100,0,0,0,0,0,0,59,0,2
804,1052,6.07547,322,100,0,0,0,0,0,0,51,0,2
805,1300,6.03175,380,100,0,0,0,0,0,0,62,0,1
806,1352,6.03175,380,100,0,0,0,0,0,0,62,0,1
807,1072,6,342,100,0,0,0,0,0,0,57,0,0
808,1324,6.06349,382,100,0,0,0,0,0,0,61,0,2
809,1364,6.06349,382,100,0,0,0,0,0,0,61,0,2
810,1272,6.1,366,100,0,0,0,0,0,0,57,0,3
811,1348,6.10345,354,100,0,0,0,0,0,0,55,0,3
812,1208,6.0339,356,100,0,0,0,0,0,0,58,0,1
813,1084,6.07143,340,100,0,0,0,0,0,0,54,0,2
814,1328,6,354,100,0,0,0,0,0,0,59,0,0
815,1336,6.03279,368,100,0,0,0,0,0,0,60,0,1
816,1076,6.03448,350,100,0,0,0,0,0,0,57,0,1
817,1200,6.06897,352,100,0,0,0,0,0,0,56,0,2
818,1268,6.0678,358,100,0,0,0,0,0,0,57,0,2
819,1280,6.03571,338,100,0,0,0,0,0,0,55,0,1
820,1520,6.13793,356,100,0,0,0,0,0,0,54,0,4
821,1356,6,354,100,0,0,0,0,0,0,59,0,0
822,1432,6.07273,334,100,0,0,0,0,0,0,53,0,2
823,1244,6.0339,356,100,0,0,0,0,0,0,58,0,1
824,1280,6.07018,346,100,0,0,0,0,0,0,55,0,2
825,1196,6.10345,354,100,0,0,0,0,0,0,55,0,3
826,1456,6.06667,364,100,0,0,0,0,0,0,58,0,2
827,1340,6,348,100,0,0,0,0,0,0,58,0,0
828,1460,6.10169,360,100,0,0,0,0,0,0,56,0,3
829,1444,6.12698,386,100,0,0,0,0,0,0,59,0,4
830,1320,6.17857,346,100,0,0,0,0,0,0,51,0,5
831,1348,6.03571,338,100,0,0,0,0,0,0,55,0,1
832,1072,6.10345,354,100,0,0,0,0,0,0,55,0,3
833,1116,6.1,366,100,0,0,0,0,0,0,57,0,3
834,1040,6.10714,342,100,0,0,0,0,0,0,53,0,3
835,1048,6,360,100,0,0,0,0,0,0,60,0,0
836,1104,6.1,366,100,0,0,0,0,0,0,57,0,3
837,976,6.07018,346,100,0,0,0,0,0,0,55,0,2
838,1028,6.09836,372,100,0,0,0,0,0,0,58,0,3
839,1032,6.10345,354,100,0,0,0,0,0,0,55,0,3
840,1016,6.06349,382,100,0,0,0,0,0,0,61,0,2
841,1004,6.03175,380,100,0,0,0,0,0,0,62,0,1
842,956,6.09677,378,100,0,0,0,0,0,0,59,0,3
843,1072,6.10169,360,100,0,0,0,0,0,0,56,0,3
844,1132,6.14545,338,100,0,0,0,0,0,0,51,0,4
845,1072,6.07273,334,100,0,0,0,0,0,0,53,0,2
846,1308,6.1,366,100,0,0,0,0,0,0,57,0,3
847,1048,6.03509,344,100,0,0,0,0,0,0,56,0,1
848,1116,6.10345,354,100,0,0,0,0,0,0,55,0,3
849,960,6.09677,378,100,0,0,0,0,0,0,59,0,3
850,1064,6.09375,390,100,0,0,0,0,0,0,61,0,3
851,1016,6.18182,408,100,0,0,0,0,0,0,60,0,6
852,1048,6.08955,408,100,0,0,0,0,0,0,64,0,3
853,872,6.09677,378,100,0,0,0,0,0,0,59,0,3
854,828,6.1,366,100,0,0,0,0,0,0,57,0,3
855,988,6.06154,394,100,0,0,0,0,0,0,63,0,2
856,1172,6.1194,410,100,0,0,0,0,0,0,63,0,4
857,1132,6.14925,412,100,0,0,0,0,0,0,62,0,5
858,1068,6.10345,354,100,0,0,0,0,0,0,55,0,3
859,920,6.07143,340,100,0,0,0,0,0,0,54,0,2
860,1140,6.13333,368,100,0,0,0,0,0,0,56,0,4
861,1216,6.10526,348,100,0,0,0,0,0,0,54,0,3
862,1224,6.14035,350,100,0,0,0,0,0,0,53,0,4
863,1336,6.09836,372,100,0,0,0,0,0,0,58,0,3
864,1196,6.15873,388,100,0,0,0,0,0,0,58,0,5
865,1048,6.24561,356,100,0,0,0,0,0,0,50,0,7
866,1096,6.21875,398,100,0,0,0,0,0,0,57,0,7
867,1004,6.22581,386,100,0,0,0,0,0,0,55,0,7
868,1020,6.31746,398,100,0,0,0,0,0,0,53,0,10
869,924,6.2,372,100,0,0,0,0,0,0,54,0,6
870,812,6.11321,324,100,0,0,0,0,0,0,50,0,3
871,896,6.10526,348,100,0,0,0,0,0,0,54,0,3
872,904,6.18519,334,100,0,0,0,0,0,0,49,0,5
873,872,6.16949,364,100,0,0,0,0,0,0,54,0,5
874,800,6.10909,336,100,0,0,0,0,0,0,52,0,3
875,1072,6.24561,356,100,0,0,0,0,0,0,50,0,7
876,988,6.13333,368,100,0,0,0,0,0,0,56,0,4
877,952,6.13559,362,100,0,0,0,0,0,0,55,0,4
878,876,6.29091,346,100,0,0,0,0,0,0,47,0,8
879,1000,6.22951,380,100,0,0,0,0,0,0,54,0,7
880,964,6.23333,374,100,0,0,0,0,0,0,53,0,7
881,972,6.21818,342,100,0,0,0,0,0,0,49,0,6
882,1172,6.24561,356,100,0,0,0,0,0,0,50,0,7
883,1152,6.24561,356,100,0,0,0,0,0,0,50,0,7
884,1024,6.14815,332,100,0,0,0,0,0,0,50,0,4
885,1064,6.13559,362,100,0,0,0,0,0,0,55,0,4
886,1144,6.25926,338,100,0,0,0,0,0,0,47,0,7
887,1220,6.32787,386,100,0,0,0,0,0,0,51,0,10
888,1212,6.31579,360,100,0,0,0,0,0,0,48,0,9
889,1364,6.33898,374,100,0,0,0,0,0,0,49,0,10
890,1236,6.2963,340,100,0,0,0,0,0,0,46,0,8
891,1212,6.34483,368,100,0,0,0,0,0,0,48,0,10
892,1128,6.16667,370,100,0,0,0,0,0,0,55,0,5
893,860,6.10169,360,100,0,0,0,0,0,0,56,0,3
894,896,6.21818,342,100,0,0,0,0,0,0,49,0,6
895,944,6.07273,334,100,0,0,0,0,0,0,53,0,2
896,984,6.07273,334,100,0,0,0,0,0,0,53,0,2
897,1076,6.17241,358,100,0,0,0,0,0,0,53,0,5
898,992,6.07143,340,100,0,0,0,0,0,0,54,0,2
899,992,6.16393,376,100,0,0,0,0,0,0,56,0,5
900,1184,6.1,366,100,0,0,0,0,0,0,57,0,3
901,1296,6.06557,370,100,0,0,0,0,0,0,59,0,2
902,1076,6.14035,350,100,0,0,0,0,0,0,53,0,4
903,1024,6.0678,358,100,0,0,0,0,0,0,57,0,2
904,1160,6.13333,368,100,0,0,0,0,0,0,56,0,4
905,1052,6.03448,350,100,0,0,0,0,0,0,57,0,1
906,1196,6.0339,356,100,0,0,0,0,0,0,58,0,1
907,1176,6.10526,348,100,0,0,0,0,0,0,54,0,3
908,1268,6.13333,368,100,0,0,0,0,0,0,56,0,4
909,1084,6.07547,322,100,0,0,0,0,0,0,51,0,2
910,1176,6.1,366,100,0,0,0,0,0,0,57,0,3
911,956,6.07018,346,100,0,0,0,0,0,0,55,0,2
912,1084,6.06452,376,100,0,0,0,0,0,0,60,0,2
913,1068,6.03175,380,100,0,0,0,0,0,0,62,0,1
914,1032,6,378,100,0,0,0,0,0,0,63,0,0
915,1076,6,396,100,0,0,0,0,0,0,66,0,0
916,1024,6.0339,356,100,0,0,0,0,0,0,58,0,1
917,1304,6.09091,402,100,0,0,0,0,0,0,63,0,3
918,1168,6.06452,376,100,0,0,0,0,0,0,60,0,2
919,1124,6.06154,394,100,0,0,0,0,0,0,63,0,2
920,968,6.10169,360,100,0,0,0,0,0,0,56,0,3
921,944,6.09836,372,100,0,0,0,0,0,0,58,0,3
922,988,6.0678,358,100,0,0,0,0,0,0,57,0,2
923,932,6.06349,382,100,0,0,0,0,0,0,61,0,2
924,1040,6.13793,356,100,0,0,0,0,0,0,54,0,4
925,1060,6.16667,370,100,0,0,0,0,0,0,55,0,5
926,1016,6.12698,386,100,0,0,0,0,0,0,59,0,4
927,1008,6.06061,400,100,0,0,0,0,0,0,64,0,2
928,1088,6.11594,422,100,0,0,0,0,0,0,65,0,4
929,1168,6.09231,396,100,0,0,0,0,0,0,62,0,3
930,1116,6.2,372,100,0,0,0,0,0,0,54,0,6
931,1220,6.125,392,100,0,0,0,0,0,0,60,0,4
932,1112,6.125,392,100,0,0,0,0,0,0,60,0,4
933,1128,6.19672,378,100,0,0,0,0,0,0,55,0,6
934,1128,6.18182,340,100,0,0,0,0,0,0,50,0,5
935,1124,6.21429,348,100,0,0,0,0,0,0,50,0,6
936,1036,6.09375,390,100,0,0,0,0,0,0,61,0,3
937,1024,6.06667,364,100,0,0,0,0,0,0,58,0,2
938,1000,6.12903,380,100,0,0,0,0,0,0,58,0,4
939,1108,6.07018,346,100,0,0,0,0,0,0,55,0,2
940,964,6.03448,350,100,0,0,0,0,0,0,57,0,1
941,1068,6.0339,356,100,0,0,0,0,0,0,58,0,1
942,948,6,330,100,0,0,0,0,0,0,55,0,0
943,1020,6.06667,364,100,0,0,0,0,0,0,58,0,2
944,1088,6.06452,376,100,0,0,0,0,0,0,60,0,2
945,1000,6.06349,382,100,0,0,0,0,0,0,61,0,2
946,1108,6.09836,372,100,0,0,0,0,0,0,58,0,3
947,1216,6,366,100,0,0,0,0,0,0,61,0,0
948,1076,6.14035,350,100,0,0,0,0,0,0,53,0,4
949,1268,6.13559,362,100,0,0,0,0,0,0,55,0,4
950,1108,6.09836,372,100,0,0,0,0,0,0,58,0,3
951,1256,6.03279,368,100,0,0,0,0,0,0,60,0,1
952,1128,6.10526,348,100,0,0,0,0,0,0,54,0,3
953,1020,6.10345,354,100,0,0,0,0,0,0,55,0,3
954,1024,6.06897,352,100,0,0,0,0,0,0,56,0,2
955,1044,6,342,100,0,0,0,0,0,0,57,0,0
956,1048,6,336,100,0,0,0,0,0,0,56,0,0
957,1276,6,342,100,0,0,0,0,0,0,57,0,0
958,1380,6.03333,362,100,0,0,0,0,0,0,59,0,1
959,1112,6,342,100,0,0,0,0,0,0,57,0,0
960,1196,6.07273,334,100,0,0,0,0,0,0,53,0,2
961,1280,6.06557,370,100,0,0,0,0,0,0,59,0,2
962,1316,6,324,100,0,0,0,0,0,0,54,0,0
963,1248,6.07407,328,100,0,0,0,0,0,0,52,0,2
964,1220,6.07018,346,100,0,0,0,0,0,0,55,0,2
965,1092,6.07143,340,100,0,0,0,0,0,0,54,0,2
966,1028,6.06557,370,100,0,0,0,0,0,0,59,0,2
967,820,6,348,100,0,0,0,0,0,0,58,0,0
968,1000,6.09836,372,100,0,0,0,0,0,0,58,0,3
969,1056,6.03226,374,100,0,0,0,0,0,0,61,0,1
970,1044,6.13559,362,100,0,0,0,0,0,0,55,0,4
971,1120,6.125,392,100,0,0,0,0,0,0,60,0,4
972,996,6.10345,354,100,0,0,0,0,0,0,55,0,3
973,1244,6.02985,404,100,0,0,0,0,0,0,66,0,1
974,1072,6,390,100,0,0,0,0,0,0,65,0,0
975,932,6.03125,386,100,0,0,0,0,0,0,63,0,1
976,892,6.03125,386,100,0,0,0,0,0,0,63,0,1
977,944,6.13559,362,100,0,0,0,0,0,0,55,0,4
978,884,6.0678,358,100,0,0,0,0,0,0,57,0,2
979,996,6,372,100,0,0,0,0,0,0,62,0,0
980,888,6.0339,356,100,0,0,0,0,0,0,58,0,1
981,1048,6.16949,364,100,0,0,0,0,0,0,54,0,5
982,1064,6.2,372,100,0,0,0,0,0,0,54,0,6
983,1008,6.20339,366,100,0,0,0,0,0,0,53,0,6
984,1140,6.20339,366,100,0,0,0,0,0,0,53,0,6
985,1188,6.23729,368,100,0,0,0,0,0,0,52,0,7
986,884,6.14545,338,100,0,0,0,0,0,0,51,0,4
987,960,6.10169,360,100,0,0,0,0,0,0,56,0,3
988,1104,6.12121,404,100,0,0,0,0,0,0,62,0,4
989,1180,6.12903,380,100,0,0,0,0,0,0,58,0,4
990,1144,6.06897,352,100,0,0,0,0,0,0,56,0,2
991,1212,6.03333,362,100,0,0,0,0,0,0,59,0,1
992,1244,6,396,100,0,0,0,0,0,0,66,0,0
993,1408,6,342,100,0,0,0,0,0,0,57,0,0
994,1332,6,360,100,0,0,0,0,0,0,60,0,0
995,1480,6.06452,376,100,0,0,0,0,0,0,60,0,2
996,1476,6.06154,394,100,0,0,0,0,0,0,63,0,2
997,1164,6.07143,340,100,0,0,0,0,0,0,54,0,2
998,1068,6,354,100,0,0,0,0,0,0,59,0,0
999,1364,6.06349,382,100,0,0,0,0,0,0,61,0,2
