update,points,mean_tasks,total_tasks,total_orgs,task_0,task_1,task_2,task_3,task_4,task_5,task_6,task_7,task_8
0,0,nan,0,9,0,0,0,0,0,0,0,0,0
1,32,6,12,9,0,0,0,0,0,0,2,0,0
2,60,6,24,10,0,0,0,0,0,0,4,0,0
3,104,6.28571,44,11,0,0,0,0,0,0,6,0,1
4,144,6.28571,44,12,0,0,0,0,0,0,6,0,1
5,168,6.25,50,14,0,0,0,0,0,0,7,0,1
6,204,6.4,64,16,0,0,0,0,0,0,8,0,2
7,284,6.33333,76,20,0,0,0,0,0,0,10,0,2
8,324,6.33333,76,24,0,0,0,0,0,0,10,0,2
9,392,6.375,102,25,0,0,0,0,0,0,13,0,3
10,440,6.58824,112,28,0,0,0,0,0,0,12,0,5
11,296,6.22222,112,29,0,0,0,0,0,0,16,0,2
12,348,6.44444,116,37,0,0,0,0,0,0,14,0,4
13,508,6.54545,144,39,0,0,0,0,0,0,16,0,6
14,520,6.63636,146,44,0,0,0,0,0,0,15,0,7
15,600,6.46154,168,47,0,0,0,0,0,0,20,0,6
16,700,6.45161,200,48,0,0,0,0,0,0,24,0,7
17,812,6.55172,190,50,0,0,0,0,0,0,21,0,8
18,840,6.51613,202,53,0,0,0,0,0,0,23,0,8
19,1024,6.52941,222,56,0,0,0,0,0,0,25,0,9
20,936,6.42424,212,61,0,0,0,0,0,0,26,0,7
21,1028,6.30769,246,63,0,0,0,0,0,0,33,0,6
22,1232,6.32432,234,67,0,0,0,0,0,0,31,0,6
23,1236,6.15385,240,70,0,0,0,0,0,0,36,0,3
24,1396,6.13043,282,75,0,0,0,0,0,0,43,0,3
25,1264,6.22727,274,77,0,0,0,0,0,0,39,0,5
26,1044,6.23256,268,78,0,0,0,0,0,0,38,0,5
27,1112,6.28571,264,80,0,0,0,0,0,0,36,0,6
28,1344,6.20833,298,83,0,0,0,0,0,0,43,0,5
29,1520,6.20408,304,86,0,0,0,0,0,0,44,0,5
30,1796,6.22222,336,89,0,0,0,0,0,0,48,0,6
31,1904,6.17544,352,93,0,0,0,0,0,0,52,0,5
32,1808,6.17857,346,95,0,0,0,0,0,0,51,0,5
33,1636,6.16327,302,97,0,0,0,0,0,0,45,0,4
34,1508,6.07407,328,98,0,0,0,0,0,0,52,0,2
35,1800,6.07143,340,99,0,0,0,0,0,0,54,0,2
36,1968,6.16129,382,99,0,0,0,0,0,0,57,0,5
37,2048,6.07273,334,100,0,0,0,0,0,0,53,0,2
38,2392,6.03226,374,100,0,0,0,0,0,0,61,0,1
39,2452,6.1,366,100,0,0,0,0,0,0,57,0,3
40,2232,6.06349,382,100,0,0,0,0,0,0,61,0,2
41,1652,6.03509,344,100,0,0,0,0,0,0,56,0,1
42,1412,6,366,100,0,0,0,0,0,0,61,0,0
43,1664,6,378,100,0,0,0,0,0,0,63,0,0
44,1544,6,366,100,0,0,0,0,0,0,61,0,0
45,1780,6.03279,368,100,0,0,0,0,0,0,60,0,1
46,1532,6.03226,374,100,0,0,0,0,0,0,61,0,1
47,1324,6,336,100,0,0,0,0,0,0,56,0,0
48,1592,6.03226,374,100,0,0,0,0,0,0,61,0,1
49,1636,6.0625,388,100,0,0,0,0,0,0,62,0,2
50,1508,6.09677,378,100,0,0,0,0,0,0,59,0,3
51,1404,6.06349,382,100,0,0,0,0,0,0,61,0,2
52,1320,6.03175,380,100,0,0,0,0,0,0,62,0,1
53,1500,6.03226,374,100,0,0,0,0,0,0,61,0,1
54,1548,6.03226,374,100,0,0,0,0,0,0,61,0,1
55,1472,6.0339,356,100,0,0,0,0,0,0,58,0,1
56,1668,6.07018,346,100,0,0,0,0,0,0,55,0,2
57,2044,6.07018,346,100,0,0,0,0,0,0,55,0,2
58,2260,6.03448,350,100,0,0,0,0,0,0,57,0,1
59,2564,6,342,100,0,0,0,0,0,0,57,0,0
60,2736,6,348,100,0,0,0,0,0,0,58,0,0
61,2392,6.03448,350,100,0,0,0,0,0,0,57,0,1
62,2432,6.06897,352,100,0,0,0,0,0,0,56,0,2
63,2012,6.16949,364,100,0,0,0,0,0,0,54,0,5
64,2268,6.10526,348,100,0,0,0,0,0,0,54,0,3
65,2128,6.03226,374,100,0,0,0,0,0,0,61,0,1
66,2076,6.03846,314,100,0,0,0,0,0,0,51,0,1
67,2348,6.03333,362,100,0,0,0,0,0,0,59,0,1
68,1872,6.14035,350,100,0,0,0,0,0,0,53,0,4
69,2160,6.16129,382,100,0,0,0,0,0,0,57,0,5
70,2324,6.06667,364,100,0,0,0,0,0,0,58,0,2
71,2868,6,384,100,0,0,0,0,0,0,64,0,0
72,2824,6.16393,376,100,0,0,0,0,0,0,56,0,5
73,3204,6.03333,362,100,0,0,0,0,0,0,59,0,1
74,2900,6.10526,348,100,0,0,0,0,0,0,54,0,3
75,2564,6.14545,338,100,0,0,0,0,0,0,51,0,4
76,2172,6.10345,354,100,0,0,0,0,0,0,55,0,3
77,2160,6.10345,354,100,0,0,0,0,0,0,55,0,3
78,2460,6.07018,346,100,0,0,0,0,0,0,55,0,2
79,2368,6.07018,346,100,0,0,0,0,0,0,55,0,2
80,2168,6.13793,356,100,0,0,0,0,0,0,54,0,4
81,2140,6.11321,324,100,0,0,0,0,0,0,50,0,3
82,2284,6.03774,320,100,0,0,0,0,0,0,52,0,1
83,1772,6,342,100,0,0,0,0,0,0,57,0,0
84,1512,6.06667,364,100,0,0,0,0,0,0,58,0,2
85,1324,6,348,100,0,0,0,0,0,0,58,0,0
86,1484,6.03774,320,100,0,0,0,0,0,0,52,0,1
87,1716,6.0625,388,100,0,0,0,0,0,0,62,0,2
88,1948,6.0339,356,100,0,0,0,0,0,0,58,0,1
89,1892,6,354,100,0,0,0,0,0,0,59,0,0
90,1944,6,342,100,0,0,0,0,0,0,57,0,0
91,2448,6,384,100,0,0,0,0,0,0,64,0,0
92,2300,6,372,100,0,0,0,0,0,0,62,0,0
93,2268,6,360,100,0,0,0,0,0,0,60,0,0
94,2464,6,354,100,0,0,0,0,0,0,59,0,0
95,2972,6.03175,380,100,0,0,0,0,0,0,62,0,1
96,2636,6,366,100,0,0,0,0,0,0,61,0,0
97,2132,6,336,100,0,0,0,0,0,0,56,0,0
98,2592,6.07143,340,100,0,0,0,0,0,0,54,0,2
99,3196,6,360,100,0,0,0,0,0,0,60,0,0
100,2732,6.03509,344,100,0,0,0,0,0,0,56,0,1
101,2296,6.03571,338,100,0,0,0,0,0,0,55,0,1
102,1976,6,306,100,0,0,0,0,0,0,51,0,0
103,1604,6,330,100,0,0,0,0,0,0,55,0,0
104,2292,6.09677,378,100,0,0,0,0,0,0,59,0,3
105,2212,6.07143,340,100,0,0,0,0,0,0,54,0,2
106,1900,6.0678,358,100,0,0,0,0,0,0,57,0,2
107,2340,6.07407,328,100,0,0,0,0,0,0,52,0,2
108,2376,6.10714,342,100,0,0,0,0,0,0,53,0,3
109,2240,6.07273,334,100,0,0,0,0,0,0,53,0,2
110,2604,6,360,100,0,0,0,0,0,0,60,0,0
111,2644,6,336,100,0,0,0,0,0,0,56,0,0
112,2724,6.03448,350,100,0,0,0,0,0,0,57,0,1
113,2552,6,342,100,0,0,0,0,0,0,57,0,0
114,2540,6.0678,358,100,0,0,0,0,0,0,57,0,2
115,3124,6.0678,358,100,0,0,0,0,0,0,57,0,2
116,3096,6.06667,364,100,0,0,0,0,0,0,58,0,2
117,3552,6.07273,334,100,0,0,0,0,0,0,53,0,2
118,2100,6.04,302,100,0,0,0,0,0,0,49,0,1
119,2272,6.03636,332,100,0,0,0,0,0,0,54,0,1
120,1936,6,336,100,0,0,0,0,0,0,56,0,0
121,2020,6,372,100,0,0,0,0,0,0,62,0,0
122,1956,6.03704,326,100,0,0,0,0,0,0,53,0,1
123,1628,6.03636,332,100,0,0,0,0,0,0,54,0,1
124,1668,6.03571,338,100,0,0,0,0,0,0,55,0,1
125,1488,6.15094,326,100,0,0,0,0,0,0,49,0,4
126,1252,6.16667,370,100,0,0,0,0,0,0,55,0,5
127,1408,6.03571,338,100,0,0,0,0,0,0,55,0,1
128,1532,6.0678,358,100,0,0,0,0,0,0,57,0,2
129,1460,6,342,100,0,0,0,0,0,0,57,0,0
130,1292,6,324,100,0,0,0,0,0,0,54,0,0
131,1616,6.03636,332,100,0,0,0,0,0,0,54,0,1
132,1856,6.03226,374,100,0,0,0,0,0,0,61,0,1
133,2108,6.06154,394,100,0,0,0,0,0,0,63,0,2
134,2040,6.1,366,100,0,0,0,0,0,0,57,0,3
135,1676,6.03125,386,100,0,0,0,0,0,0,63,0,1
136,1396,6.0339,356,100,0,0,0,0,0,0,58,0,1
137,1096,6.03333,362,100,0,0,0,0,0,0,59,0,1
138,1176,6.03333,362,100,0,0,0,0,0,0,59,0,1
139,1444,6.0597,406,100,0,0,0,0,0,0,65,0,2
140,1408,6.12903,380,100,0,0,0,0,0,0,58,0,4
141,1684,6.06061,400,100,0,0,0,0,0,0,64,0,2
142,1552,6.03279,368,100,0,0,0,0,0,0,60,0,1
143,1492,6,354,100,0,0,0,0,0,0,59,0,0
144,1064,6,348,100,0,0,0,0,0,0,58,0,0
145,1184,6,372,100,0,0,0,0,0,0,62,0,0
146,1120,6.03509,344,100,0,0,0,0,0,0,56,0,1
147,1404,6.03333,362,100,0,0,0,0,0,0,59,0,1
148,1464,6,336,100,0,0,0,0,0,0,56,0,0
149,1724,6,378,100,0,0,0,0,0,0,63,0,0
150,1764,6.03226,374,100,0,0,0,0,0,0,61,0,1
151,1468,6,348,100,0,0,0,0,0,0,58,0,0
152,1544,6,378,100,0,0,0,0,0,0,63,0,0
153,1632,6.03125,386,100,0,0,0,0,0,0,63,0,1
154,1636,6.0303,398,100,0,0,0,0,0,0,65,0,1
155,1776,6,342,100,0,0,0,0,0,0,57,0,0
156,1072,6,348,100,0,0,0,0,0,0,58,0,0
157,1392,6.06349,382,100,0,0,0,0,0,0,61,0,2
158,1352,6,342,100,0,0,0,0,0,0,57,0,0
159,1480,6,378,100,0,0,0,0,0,0,63,0,0
160,1236,6.06557,370,100,0,0,0,0,0,0,59,0,2
161,928,6.03333,362,100,0,0,0,0,0,0,59,0,1
162,908,6.13559,362,100,0,0,0,0,0,0,55,0,4
163,944,6.03448,350,100,0,0,0,0,0,0,57,0,1
164,904,6.10526,348,100,0,0,0,0,0,0,54,0,3
165,1084,6.09524,384,100,0,0,0,0,0,0,60,0,3
166,1172,6.1,366,100,0,0,0,0,0,0,57,0,3
167,944,6.13333,368,100,0,0,0,0,0,0,56,0,4
168,1000,6.10909,336,100,0,0,0,0,0,0,52,0,3
169,1084,6.10909,336,100,0,0,0,0,0,0,52,0,3
170,1188,6.07018,346,100,0,0,0,0,0,0,55,0,2
171,1100,6.22222,392,100,0,0,0,0,0,0,56,0,7
172,1000,6.13559,362,100,0,0,0,0,0,0,55,0,4
173,924,6.10909,336,100,0,0,0,0,0,0,52,0,3
174,1132,6.03448,350,100,0,0,0,0,0,0,57,0,1
175,1144,6.03333,362,100,0,0,0,0,0,0,59,0,1
176,1184,6,348,100,0,0,0,0,0,0,58,0,0
177,1160,6,354,100,0,0,0,0,0,0,59,0,0
178,1112,6,354,100,0,0,0,0,0,0,59,0,0
179,1036,6.03077,392,100,0,0,0,0,0,0,64,0,1
180,960,6.03333,362,100,0,0,0,0,0,0,59,0,1
181,992,6.07143,340,100,0,0,0,0,0,0,54,0,2
182,900,6.09231,396,100,0,0,0,0,0,0,62,0,3
183,916,6.06667,364,100,0,0,0,0,0,0,58,0,2
184,928,6.03175,380,100,0,0,0,0,0,0,62,0,1
185,840,6.06667,364,100,0,0,0,0,0,0,58,0,2
186,784,6.06557,370,100,0,0,0,0,0,0,59,0,2
187,888,6.06349,382,100,0,0,0,0,0,0,61,0,2
188,772,6.06349,382,100,0,0,0,0,0,0,61,0,2
189,896,6.03175,380,100,0,0,0,0,0,0,62,0,1
190,936,6.0625,388,100,0,0,0,0,0,0,62,0,2
191,868,6.02985,404,100,0,0,0,0,0,0,66,0,1
192,876,6.03077,392,100,0,0,0,0,0,0,64,0,1
193,952,6,402,100,0,0,0,0,0,0,67,0,0
194,824,6,390,100,0,0,0,0,0,0,65,0,0
195,868,6.03226,374,100,0,0,0,0,0,0,61,0,1
196,944,6,354,100,0,0,0,0,0,0,59,0,0
197,880,6,378,100,0,0,0,0,0,0,63,0,0
198,780,6.0339,356,100,0,0,0,0,0,0,58,0,1
199,932,6,378,100,0,0,0,0,0,0,63,0,0
200,908,6,372,100,0,0,0,0,0,0,62,0,0
201,932,6,372,100,0,0,0,0,0,0,62,0,0
202,752,6.0339,356,100,0,0,0,0,0,0,58,0,1
203,884,6.0339,356,100,0,0,0,0,0,0,58,0,1
204,824,6,336,100,0,0,0,0,0,0,56,0,0
205,796,6.03509,344,100,0,0,0,0,0,0,56,0,1
206,828,6,330,100,0,0,0,0,0,0,55,0,0
207,976,6.03226,374,100,0,0,0,0,0,0,61,0,1
208,816,6,324,100,0,0,0,0,0,0,54,0,0
209,1068,6.0678,358,100,0,0,0,0,0,0,57,0,2
210,1076,6.03509,344,100,0,0,0,0,0,0,56,0,1
211,1176,6.03333,362,100,0,0,0,0,0,0,59,0,1
212,960,6.07407,328,100,0,0,0,0,0,0,52,0,2
213,948,6.21053,354,100,0,0,0,0,0,0,51,0,6
214,940,6.125,392,100,0,0,0,0,0,0,60,0,4
215,1132,6.09524,384,100,0,0,0,0,0,0,60,0,3
216,1300,6.12698,386,100,0,0,0,0,0,0,59,0,4
217,892,6.09836,372,100,0,0,0,0,0,0,58,0,3
218,976,6.06154,394,100,0,0,0,0,0,0,63,0,2
219,1108,6.06061,400,100,0,0,0,0,0,0,64,0,2
220,960,6.06154,394,100,0,0,0,0,0,0,63,0,2
221,952,6.10345,354,100,0,0,0,0,0,0,55,0,3
222,1152,6.06061,400,100,0,0,0,0,0,0,64,0,2
223,1088,6,360,100,0,0,0,0,0,0,60,0,0
224,1216,6.03333,362,100,0,0,0,0,0,0,59,0,1
225,1344,6.06452,376,100,0,0,0,0,0,0,60,0,2
226,1456,6.06557,370,100,0,0,0,0,0,0,59,0,2
227,1368,6.10526,348,100,0,0,0,0,0,0,54,0,3
228,1436,6.14035,350,100,0,0,0,0,0,0,53,0,4
229,1160,6.19672,378,100,0,0,0,0,0,0,55,0,6
230,1308,6.16667,370,100,0,0,0,0,0,0,55,0,5
231,1060,6.13115,374,100,0,0,0,0,0,0,57,0,4
232,1308,6.13115,374,100,0,0,0,0,0,0,57,0,4
233,1124,6.11321,324,100,0,0,0,0,0,0,50,0,3
234,1240,6.06349,382,100,0,0,0,0,0,0,61,0,2
235,1088,6.11111,330,100,0,0,0,0,0,0,51,0,3
236,996,6.12903,380,100,0,0,0,0,0,0,58,0,4
237,924,6.15686,314,100,0,0,0,0,0,0,47,0,4
238,988,6.06897,352,100,0,0,0,0,0,0,56,0,2
239,896,6.03333,362,100,0,0,0,0,0,0,59,0,1
240,1048,6.06897,352,100,0,0,0,0,0,0,56,0,2
241,1136,6.03226,374,100,0,0,0,0,0,0,61,0,1
242,920,6.03279,368,100,0,0,0,0,0,0,60,0,1
243,1092,6.06154,394,100,0,0,0,0,0,0,63,0,2
244,1060,6.06349,382,100,0,0,0,0,0,0,61,0,2
245,988,6.06897,352,100,0,0,0,0,0,0,56,0,2
246,932,6,366,100,0,0,0,0,0,0,61,0,0
247,940,6.0339,356,100,0,0,0,0,0,0,58,0,1
248,972,6.1,366,100,0,0,0,0,0,0,57,0,3
249,1064,6.06557,370,100,0,0,0,0,0,0,59,0,2
250,932,6.07018,346,100,0,0,0,0,0,0,55,0,2
251,1096,6.16129,382,100,0,0,0,0,0,0,57,0,5
252,1084,6.10714,342,100,0,0,0,0,0,0,53,0,3
253,1016,6.15094,326,100,0,0,0,0,0,0,49,0,4
254,1136,6.17857,346,100,0,0,0,0,0,0,51,0,5
255,1132,6.30508,372,100,0,0,0,0,0,0,50,0,9
256,1084,6.27586,364,100,0,0,0,0,0,0,50,0,8
257,1036,6.28571,352,100,0,0,0,0,0,0,48,0,8
258,1028,6.2623,382,100,0,0,0,0,0,0,53,0,8
259,1104,6.21212,410,100,0,0,0,0,0,0,59,0,7
260,1084,6.31746,398,100,0,0,0,0,0,0,53,0,10
261,1028,6.27586,364,100,0,0,0,0,0,0,50,0,8
262,1048,6.27119,370,100,0,0,0,0,0,0,51,0,8
263,1136,6.31579,360,100,0,0,0,0,0,0,48,0,9
264,1080,6.32727,348,100,0,0,0,0,0,0,46,0,9
265,1136,6.33898,374,100,0,0,0,0,0,0,49,0,10
266,1272,6.25,400,100,0,0,0,0,0,0,56,0,8
267,1192,6.13793,356,100,0,0,0,0,0,0,54,0,4
268,1420,6.16949,364,100,0,0,0,0,0,0,54,0,5
269,1472,6.22581,386,100,0,0,0,0,0,0,55,0,7
270,1580,6.29508,384,100,0,0,0,0,0,0,52,0,9
271,1144,6.31579,360,100,0,0,0,0,0,0,48,0,9
272,1284,6.38596,364,100,0,0,0,0,0,0,46,0,11
273,1072,6.41379,372,100,0,0,0,0,0,0,46,0,12
274,968,6.34483,368,100,0,0,0,0,0,0,48,0,10
275,1200,6.21212,410,100,0,0,0,0,0,0,59,0,7
276,1068,6.22581,386,100,0,0,0,0,0,0,55,0,7
277,1116,6.3,378,100,0,0,0,0,0,0,51,0,9
278,988,6.26667,376,100,0,0,0,0,0,0,52,0,8
279,1052,6.27119,370,100,0,0,0,0,0,0,51,0,8
280,1144,6.19672,378,100,0,0,0,0,0,0,55,0,6
281,1100,6.31034,366,100,0,0,0,0,0,0,49,0,9
282,1152,6.33333,380,100,0,0,0,0,0,0,50,0,10
283,1260,6.29508,384,100,0,0,0,0,0,0,52,0,9
284,1160,6.29032,390,100,0,0,0,0,0,0,53,0,9
285,976,6.31034,366,100,0,0,0,0,0,0,49,0,9
286,956,6.24561,356,100,0,0,0,0,0,0,50,0,7
287,1028,6.30508,372,100,0,0,0,0,0,0,50,0,9
288,968,6.25806,388,100,0,0,0,0,0,0,54,0,8
289,916,6.13793,356,100,0,0,0,0,0,0,54,0,4
290,1040,6.32787,386,100,0,0,0,0,0,0,51,0,10
291,1080,6.23333,374,100,0,0,0,0,0,0,53,0,7
292,1100,6.18462,402,100,0,0,0,0,0,0,59,0,6
293,1056,6.12903,380,100,0,0,0,0,0,0,58,0,4
294,956,6.0339,356,100,0,0,0,0,0,0,58,0,1
295,928,6.06897,352,100,0,0,0,0,0,0,56,0,2
296,1044,6.09524,384,100,0,0,0,0,0,0,60,0,3
297,1036,6.13559,362,100,0,0,0,0,0,0,55,0,4
298,968,6.13115,374,100,0,0,0,0,0,0,57,0,4
299,1044,6.2807,358,100,0,0,0,0,0,0,49,0,8
300,1072,6.22222,336,100,0,0,0,0,0,0,48,0,6
301,796,6.11538,318,100,0,0,0,0,0,0,49,0,3
302,1064,6.0678,358,100,0,0,0,0,0,0,57,0,2
303,756,6.07692,316,100,0,0,0,0,0,0,50,0,2
304,1040,6.22581,386,100,0,0,0,0,0,0,55,0,7
305,820,6.22222,336,100,0,0,0,0,0,0,48,0,6
306,944,6.23729,368,100,0,0,0,0,0,0,52,0,7
307,944,6.16393,376,100,0,0,0,0,0,0,56,0,5
308,916,6.2623,382,100,0,0,0,0,0,0,53,0,8
309,960,6.25397,394,100,0,0,0,0,0,0,55,0,8
310,980,6.2,372,100,0,0,0,0,0,0,54,0,6
311,1068,6.15385,400,100,0,0,0,0,0,0,60,0,5
312,1012,6.19048,390,100,0,0,0,0,0,0,57,0,6
313,924,6.23333,374,100,0,0,0,0,0,0,53,0,7
314,1028,6.26667,376,100,0,0,0,0,0,0,52,0,8
315,1016,6.35088,362,100,0,0,0,0,0,0,47,0,10
316,1124,6.13115,374,100,0,0,0,0,0,0,57,0,4
317,948,6.16393,376,100,0,0,0,0,0,0,56,0,5
318,876,6.10169,360,100,0,0,0,0,0,0,56,0,3
319,1004,6.12903,380,100,0,0,0,0,0,0,58,0,4
320,1004,6.14815,332,100,0,0,0,0,0,0,50,0,4
321,1160,6.2,372,100,0,0,0,0,0,0,54,0,6
322,1124,6.23729,368,100,0,0,0,0,0,0,52,0,7
323,1136,6.19672,378,100,0,0,0,0,0,0,55,0,6
324,928,6.17241,358,100,0,0,0,0,0,0,53,0,5
325,1128,6.16667,370,100,0,0,0,0,0,0,55,0,5
326,1192,6.09677,378,100,0,0,0,0,0,0,59,0,3
327,1212,6.10169,360,100,0,0,0,0,0,0,56,0,3
328,1268,6.10345,354,100,0,0,0,0,0,0,55,0,3
329,1340,6.1,366,100,0,0,0,0,0,0,57,0,3
330,1424,6.07018,346,100,0,0,0,0,0,0,55,0,2
331,1428,6.0678,358,100,0,0,0,0,0,0,57,0,2
332,1300,6,372,100,0,0,0,0,0,0,62,0,0
333,1360,6.06349,382,100,0,0,0,0,0,0,61,0,2
334,1400,6,384,100,0,0,0,0,0,0,64,0,0
335,1168,6.03279,368,100,0,0,0,0,0,0,60,0,1
336,972,6.03448,350,100,0,0,0,0,0,0,57,0,1
337,1232,6.1129,379,100,0,0,0,0,0,0,58,1,3
338,860,6.03636,332,100,0,0,0,0,0,0,54,0,1
339,936,6,348,100,0,0,0,0,0,0,58,0,0
340,996,6,354,100,0,0,0,0,0,0,59,0,0
341,1216,6,378,100,0,0,0,0,0,0,63,0,0
342,1116,6,336,100,0,0,0,0,0,0,56,0,0
343,1252,6,360,100,0,0,0,0,0,0,60,0,0
344,1368,6,360,100,0,0,0,0,0,0,60,0,0
345,1352,6,384,100,0,0,0,0,0,0,64,0,0
346,1052,6,330,100,0,0,0,0,0,0,55,0,0
347,1032,6.0339,356,100,0,0,0,0,0,0,58,0,1
348,876,6.07273,334,100,0,0,0,0,0,0,53,0,2
349,940,6.03333,362,100,0,0,0,0,0,0,59,0,1
350,1028,6.03279,368,100,0,0,0,0,0,0,60,0,1
351,996,6.10169,360,100,0,0,0,0,0,0,56,0,3
352,944,6.10714,342,100,0,0,0,0,0,0,53,0,3
353,1040,6.14545,338,100,0,0,0,0,0,0,51,0,4
354,996,6.0678,358,100,0,0,0,0,0,0,57,0,2
355,1080,6,366,100,0,0,0,0,0,0,61,0,0
356,1048,6.03571,338,100,0,0,0,0,0,0,55,0,1
357,1032,6.07018,346,100,0,0,0,0,0,0,55,0,2
358,1072,6.0339,356,100,0,0,0,0,0,0,58,0,1
359,1284,6.06061,400,100,0,0,0,0,0,0,64,0,2
360,1008,6.07018,346,100,0,0,0,0,0,0,55,0,2
361,1180,6.03226,374,100,0,0,0,0,0,0,61,0,1
362,1272,6.06897,352,100,0,0,0,0,0,0,56,0,2
363,1040,6.0678,358,100,0,0,0,0,0,0,57,0,2
364,988,6.14545,338,100,0,0,0,0,0,0,51,0,4
365,1404,6.06349,382,100,0,0,0,0,0,0,61,0,2
366,1144,6.09677,378,100,0,0,0,0,0,0,59,0,3
367,1148,6.0625,388,100,0,0,0,0,0,0,62,0,2
368,1072,6.09836,372,100,0,0,0,0,0,0,58,0,3
369,1356,6.12308,398,100,0,0,0,0,0,0,61,0,4
370,1196,6.09836,372,100,0,0,0,0,0,0,58,0,3
371,1288,6.03333,362,100,0,0,0,0,0,0,59,0,1
372,948,6.03333,362,100,0,0,0,0,0,0,59,0,1
373,892,6.03571,338,100,0,0,0,0,0,0,55,0,1
374,1064,6.03125,386,100,0,0,0,0,0,0,63,0,1
375,988,6.07143,340,100,0,0,0,0,0,0,54,0,2
376,1144,6.06667,364,100,0,0,0,0,0,0,58,0,2
377,1040,6.0625,388,100,0,0,0,0,0,0,62,0,2
378,1108,6,366,100,0,0,0,0,0,0,61,0,0
379,900,6.07143,340,100,0,0,0,0,0,0,54,0,2
380,908,6,384,100,0,0,0,0,0,0,64,0,0
381,1008,6,396,100,0,0,0,0,0,0,66,0,0
382,948,6.03279,368,100,0,0,0,0,0,0,60,0,1
383,1032,6.09836,372,100,0,0,0,0,0,0,58,0,3
384,1048,6.11111,330,100,0,0,0,0,0,0,51,0,3
385,1044,6.10909,336,100,0,0,0,0,0,0,52,0,3
386,1072,6.03922,308,100,0,0,0,0,0,0,50,0,1
387,1112,6,324,100,0,0,0,0,0,0,54,0,0
388,1264,6,348,100,0,0,0,0,0,0,58,0,0
389,928,6,336,100,0,0,0,0,0,0,56,0,0
390,892,6.03448,350,100,0,0,0,0,0,0,57,0,1
391,1052,6.03333,362,100,0,0,0,0,0,0,59,0,1
392,1324,6,366,100,0,0,0,0,0,0,61,0,0
393,1392,6.03279,368,100,0,0,0,0,0,0,60,0,1
394,1496,6.03333,362,100,0,0,0,0,0,0,59,0,1
395,1592,6,342,100,0,0,0,0,0,0,57,0,0
396,1860,6.06667,364,100,0,0,0,0,0,0,58,0,2
397,1596,6.06897,352,100,0,0,0,0,0,0,56,0,2
398,1792,6.12698,386,100,0,0,0,0,0,0,59,0,4
399,888,6.09836,372,100,0,0,0,0,0,0,58,0,3
400,1080,6.10526,348,100,0,0,0,0,0,0,54,0,3
401,1132,6.07143,340,100,0,0,0,0,0,0,54,0,2
402,1060,6.10345,354,100,0,0,0,0,0,0,55,0,3
403,1392,6.10169,360,100,0,0,0,0,0,0,56,0,3
404,1368,6.10526,348,100,0,0,0,0,0,0,54,0,3
405,1400,6.03636,332,100,0,0,0,0,0,0,54,0,1
406,1696,6.09677,378,100,0,0,0,0,0,0,59,0,3
407,1484,6.10526,348,100,0,0,0,0,0,0,54,0,3
408,1068,6.14545,338,100,0,0,0,0,0,0,51,0,4
409,1052,6.10345,354,100,0,0,0,0,0,0,55,0,3
410,1036,6.1,366,100,0,0,0,0,0,0,57,0,3
411,1152,6.03448,350,100,0,0,0,0,0,0,57,0,1
412,1164,6.0678,358,100,0,0,0,0,0,0,57,0,2
413,1032,6.03279,368,100,0,0,0,0,0,0,60,0,1
414,1044,6.0678,358,100,0,0,0,0,0,0,57,0,2
415,1196,6.06349,382,100,0,0,0,0,0,0,61,0,2
416,1136,6,366,100,0,0,0,0,0,0,61,0,0
417,1136,6,354,100,0,0,0,0,0,0,59,0,0
418,1356,6.03226,374,100,0,0,0,0,0,0,61,0,1
419,1344,6,354,100,0,0,0,0,0,0,59,0,0
420,1144,6.07273,334,100,0,0,0,0,0,0,53,0,2
421,1024,6.03509,344,100,0,0,0,0,0,0,56,0,1
422,936,6.03571,338,100,0,0,0,0,0,0,55,0,1
423,1064,6.0339,356,100,0,0,0,0,0,0,58,0,1
424,1124,6,372,100,0,0,0,0,0,0,62,0,0
425,1064,6,366,100,0,0,0,0,0,0,61,0,0
426,1096,6.03226,374,100,0,0,0,0,0,0,61,0,1
427,1032,6,360,100,0,0,0,0,0,0,60,0,0
428,920,6,354,100,0,0,0,0,0,0,59,0,0
429,1096,6,354,100,0,0,0,0,0,0,59,0,0
430,952,6.03333,362,100,0,0,0,0,0,0,59,0,1
431,1108,6,378,100,0,0,0,0,0,0,63,0,0
432,1128,6.03279,368,100,0,0,0,0,0,0,60,0,1
433,1156,6.03125,386,100,0,0,0,0,0,0,63,0,1
434,1228,6.03279,368,100,0,0,0,0,0,0,60,0,1
435,964,6.06897,352,100,0,0,0,0,0,0,56,0,2
436,896,6,324,100,0,0,0,0,0,0,54,0,0
437,980,6,342,100,0,0,0,0,0,0,57,0,0
438,1088,6.03175,380,100,0,0,0,0,0,0,62,0,1
439,1004,6.06667,364,100,0,0,0,0,0,0,58,0,2
440,1028,6.06557,370,100,0,0,0,0,0,0,59,0,2
441,1048,6,366,100,0,0,0,0,0,0,61,0,0
442,1128,6,396,100,0,0,0,0,0,0,66,0,0
443,1044,6.03636,332,100,0,0,0,0,0,0,54,0,1
444,848,6,324,100,0,0,0,0,0,0,54,0,0
445,924,6,354,100,0,0,0,0,0,0,59,0,0
446,1244,6,372,100,0,0,0,0,0,0,62,0,0
447,944,6,330,100,0,0,0,0,0,0,55,0,0
448,1024,6,354,100,0,0,0,0,0,0,59,0,0
449,968,6,336,100,0,0,0,0,0,0,56,0,0
450,996,6,360,100,0,0,0,0,0,0,60,0,0
451,944,6,354,100,0,0,0,0,0,0,59,0,0
452,896,6,336,100,0,0,0,0,0,0,56,0,0
453,1072,6,360,100,0,0,0,0,0,0,60,0,0
454,1068,6,360,100,0,0,0,0,0,0,60,0,0
455,1000,6,354,100,0,0,0,0,0,0,59,0,0
456,1020,6.0339,356,100,0,0,0,0,0,0,58,0,1
457,1164,6.03175,380,100,0,0,0,0,0,0,62,0,1
458,740,6.03636,332,100,0,0,0,0,0,0,54,0,1
459,944,6.06452,376,100,0,0,0,0,0,0,60,0,2
460,896,6.09524,384,100,0,0,0,0,0,0,60,0,3
461,816,6.10169,360,100,0,0,0,0,0,0,56,0,3
462,1008,6.03077,392,100,0,0,0,0,0,0,64,0,1
463,924,6.03333,362,100,0,0,0,0,0,0,59,0,1
464,1044,6.0597,406,100,0,0,0,0,0,0,65,0,2
465,760,6.06452,376,100,0,0,0,0,0,0,60,0,2
466,908,6.06061,400,100,0,0,0,0,0,0,64,0,2
467,796,6.06667,364,100,0,0,0,0,0,0,58,0,2
468,904,6.10169,360,100,0,0,0,0,0,0,56,0,3
469,952,6.09524,384,100,0,0,0,0,0,0,60,0,3
470,944,6.0678,358,100,0,0,0,0,0,0,57,0,2
471,832,6.03636,332,100,0,0,0,0,0,0,54,0,1
472,908,6.03448,350,100,0,0,0,0,0,0,57,0,1
473,984,6.03279,368,100,0,0,0,0,0,0,60,0,1
474,944,6.03448,350,100,0,0,0,0,0,0,57,0,1
475,972,6.0339,356,100,0,0,0,0,0,0,58,0,1
476,1068,6.0339,356,100,0,0,0,0,0,0,58,0,1
477,1204,6.03333,362,100,0,0,0,0,0,0,59,0,1
478,1112,6.03125,386,100,0,0,0,0,0,0,63,0,1
479,1180,6.03448,350,100,0,0,0,0,0,0,57,0,1
480,988,6.0339,356,100,0,0,0,0,0,0,58,0,1
481,1300,6.0303,398,100,0,0,0,0,0,0,65,0,1
482,1204,6.09375,390,100,0,0,0,0,0,0,61,0,3
483,1312,6.06667,364,100,0,0,0,0,0,0,58,0,2
484,1592,6.03333,362,100,0,0,0,0,0,0,59,0,1
485,1752,6,366,100,0,0,0,0,0,0,61,0,0
486,1768,6,342,100,0,0,0,0,0,0,57,0,0
487,1268,6,360,100,0,0,0,0,0,0,60,0,0
488,1020,6,360,100,0,0,0,0,0,0,60,0,0
489,1200,6,366,100,0,0,0,0,0,0,61,0,0
490,1156,6,342,100,0,0,0,0,0,0,57,0,0
491,1156,6.03125,386,100,0,0,0,0,0,0,63,0,1
492,1240,6,366,100,0,0,0,0,0,0,61,0,0
493,1252,6.03226,374,100,0,0,0,0,0,0,61,0,1
494,1160,6,354,100,0,0,0,0,0,0,59,0,0
495,1248,6,354,100,0,0,0,0,0,0,59,0,0
496,1244,6,342,100,0,0,0,0,0,0,57,0,0
497,1404,6,360,100,0,0,0,0,0,0,60,0,0
498,1112,6.03448,350,100,0,0,0,0,0,0,57,0,1
499,1176,6.03448,350,100,0,0,0,0,0,0,57,0,1
500,1064,6.03333,362,100,0,0,0,0,0,0,59,0,1
501,1160,6.03333,362,100,0,0,0,0,0,0,59,0,1
502,920,6,342,100,0,0,0,0,0,0,57,0,0
503,1052,6,372,100,0,0,0,0,0,0,62,0,0
504,952,6.03279,368,100,0,0,0,0,0,0,60,0,1
505,1168,6.06557,370,100,0,0,0,0,0,0,59,0,2
506,976,6.19355,384,100,0,0,0,0,0,0,56,0,6
507,872,6.1,366,100,0,0,0,0,0,0,57,0,3
508,948,6.0625,388,100,0,0,0,0,0,0,62,0,2
509,960,6.09836,372,100,0,0,0,0,0,0,58,0,3
510,1092,6.17857,346,100,0,0,0,0,0,0,51,0,5
511,1312,6.06349,382,100,0,0,0,0,0,0,61,0,2
512,1128,6.10345,354,100,0,0,0,0,0,0,55,0,3
513,1144,6.10909,336,100,0,0,0,0,0,0,52,0,3
514,1080,6.14035,350,100,0,0,0,0,0,0,53,0,4
515,1132,6.07143,340,100,0,0,0,0,0,0,54,0,2
516,856,6.09677,378,100,0,0,0,0,0,0,59,0,3
517,872,6.0339,356,100,0,0,0,0,0,0,58,0,1
518,844,6.10169,360,100,0,0,0,0,0,0,56,0,3
519,960,6.07018,346,100,0,0,0,0,0,0,55,0,2
520,992,6.07018,346,100,0,0,0,0,0,0,55,0,2
521,1120,6.125,392,100,0,0,0,0,0,0,60,0,4
522,956,6.1,366,100,0,0,0,0,0,0,57,0,3
523,972,6.12903,380,100,0,0,0,0,0,0,58,0,4
524,1100,6.09524,384,100,0,0,0,0,0,0,60,0,3
525,1160,6.125,392,100,0,0,0,0,0,0,60,0,4
526,1036,6.13333,368,100,0,0,0,0,0,0,56,0,4
527,988,6.10169,360,100,0,0,0,0,0,0,56,0,3
528,1012,6.12903,380,100,0,0,0,0,0,0,58,0,4
529,1096,6.10526,348,100,0,0,0,0,0,0,54,0,3
530,936,6.10526,348,100,0,0,0,0,0,0,54,0,3
531,964,6,354,100,0,0,0,0,0,0,59,0,0
532,868,6,360,100,0,0,0,0,0,0,60,0,0
533,1144,6,378,100,0,0,0,0,0,0,63,0,0
534,1104,6,360,100,0,0,0,0,0,0,60,0,0
535,1092,6.06557,370,100,0,0,0,0,0,0,59,0,2
536,848,6.07843,310,100,0,0,0,0,0,0,49,0,2
537,988,6.06897,352,100,0,0,0,0,0,0,56,0,2
538,928,6.10714,342,100,0,0,0,0,0,0,53,0,3
539,1020,6.13115,374,100,0,0,0,0,0,0,57,0,4
540,1004,6.13115,374,100,0,0,0,0,0,0,57,0,4
541,1160,6.09375,390,100,0,0,0,0,0,0,61,0,3
542,1032,6.06667,364,100,0,0,0,0,0,0,58,0,2
543,1072,6.06452,376,100,0,0,0,0,0,0,60,0,2
544,1144,6.06557,370,100,0,0,0,0,0,0,59,0,2
545,1216,6.19048,390,100,0,0,0,0,0,0,57,0,6
546,1072,6.15625,394,100,0,0,0,0,0,0,59,0,5
547,904,6.06557,370,100,0,0,0,0,0,0,59,0,2
548,936,6.06349,382,100,0,0,0,0,0,0,61,0,2
549,992,6.0303,398,100,0,0,0,0,0,0,65,0,1
550,868,6.16129,382,100,0,0,0,0,0,0,57,0,5
551,944,6.18462,402,100,0,0,0,0,0,0,59,0,6
552,924,6.125,392,100,0,0,0,0,0,0,60,0,4
553,988,6,372,100,0,0,0,0,0,0,62,0,0
554,1144,6.12308,398,100,0,0,0,0,0,0,61,0,4
555,1020,6.1,366,100,0,0,0,0,0,0,57,0,3
556,956,6.10526,348,100,0,0,0,0,0,0,54,0,3
557,1044,6.13115,374,100,0,0,0,0,0,0,57,0,4
558,1016,6.06349,382,100,0,0,0,0,0,0,61,0,2
559,1112,6.09375,390,100,0,0,0,0,0,0,61,0,3
560,832,6.14545,338,100,0,0,0,0,0,0,51,0,4
561,1128,6.06061,400,100,0,0,0,0,0,0,64,0,2
562,1148,6.16129,382,100,0,0,0,0,0,0,57,0,5
563,1060,6.1875,396,100,0,0,0,0,0,0,58,0,6
564,968,6.12903,380,100,0,0,0,0,0,0,58,0,4
565,924,6.19355,384,100,0,0,0,0,0,0,56,0,6
566,1036,6.09231,396,100,0,0,0,0,0,0,62,0,3
567,948,6.23729,368,100,0,0,0,0,0,0,52,0,7
568,980,6.27692,408,100,0,0,0,0,0,0,56,0,9
569,956,6.24615,406,100,0,0,0,0,0,0,57,0,8
570,976,6.22951,380,100,0,0,0,0,0,0,54,0,7
571,1052,6.29032,390,100,0,0,0,0,0,0,53,0,9
572,988,6.19048,390,100,0,0,0,0,0,0,57,0,6
573,916,6.34483,368,100,0,0,0,0,0,0,48,0,10
574,1084,6.26667,376,100,0,0,0,0,0,0,52,0,8
575,1016,6.16949,364,100,0,0,0,0,0,0,54,0,5
576,888,6.21053,354,100,0,0,0,0,0,0,51,0,6
577,1048,6.19672,378,100,0,0,0,0,0,0,55,0,6
578,968,6.19048,390,100,0,0,0,0,0,0,57,0,6
579,972,6.13793,356,100,0,0,0,0,0,0,54,0,4
580,952,6.13115,374,100,0,0,0,0,0,0,57,0,4
581,1012,6.24138,362,100,0,0,0,0,0,0,51,0,7
582,1080,6.22581,386,100,0,0,0,0,0,0,55,0,7
583,1120,6.23729,368,100,0,0,0,0,0,0,52,0,7
584,952,6.18182,340,100,0,0,0,0,0,0,50,0,5
585,1060,6.29508,384,100,0,0,0,0,0,0,52,0,9
586,1132,6.4127,404,100,0,0,0,0,0,0,50,0,13
587,920,6.29091,346,100,0,0,0,0,0,0,47,0,8
588,948,6.2069,360,100,0,0,0,0,0,0,52,0,6
589,944,6.32143,354,100,0,0,0,0,0,0,47,0,9
590,928,6.21053,354,100,0,0,0,0,0,0,51,0,6
591,1068,6.15385,400,100,0,0,0,0,0,0,60,0,5
592,1120,6.25,400,100,0,0,0,0,0,0,56,0,8
593,1064,6.13559,362,100,0,0,0,0,0,0,55,0,4
594,948,6.13333,368,100,0,0,0,0,0,0,56,0,4
595,1008,6.09375,390,100,0,0,0,0,0,0,61,0,3
596,1084,6.03125,386,100,0,0,0,0,0,0,63,0,1
597,952,6.03509,344,100,0,0,0,0,0,0,56,0,1
598,944,6.0678,358,100,0,0,0,0,0,0,57,0,2
599,1100,6.10345,354,100,0,0,0,0,0,0,55,0,3
600,1172,6.03226,374,100,0,0,0,0,0,0,61,0,1
601,1280,6.0339,356,100,0,0,0,0,0,0,58,0,1
602,1008,6.0678,358,100,0,0,0,0,0,0,57,0,2
603,992,6.03704,326,100,0,0,0,0,0,0,53,0,1
604,1116,6,366,100,0,0,0,0,0,0,61,0,0
605,1008,6,360,100,0,0,0,0,0,0,60,0,0
606,1000,6.03333,362,100,0,0,0,0,0,0,59,0,1
607,1104,6.06452,376,100,0,0,0,0,0,0,60,0,2
608,1152,6,366,100,0,0,0,0,0,0,61,0,0
609,948,6.07143,340,100,0,0,0,0,0,0,54,0,2
610,1032,6.0678,358,100,0,0,0,0,0,0,57,0,2
611,1000,6.14035,350,100,0,0,0,0,0,0,53,0,4
612,984,6.13333,368,100,0,0,0,0,0,0,56,0,4
613,876,6,318,100,0,0,0,0,0,0,53,0,0
614,1060,6.03571,338,100,0,0,0,0,0,0,55,0,1
615,1012,6.06897,352,100,0,0,0,0,0,0,56,0,2
616,900,6,366,100,0,0,0,0,0,0,61,0,0
617,1016,6.03226,374,100,0,0,0,0,0,0,61,0,1
618,996,6,330,100,0,0,0,0,0,0,55,0,0
619,1124,6.06154,394,100,0,0,0,0,0,0,63,0,2
620,1092,6.10345,354,100,0,0,0,0,0,0,55,0,3
621,1092,6,366,100,0,0,0,0,0,0,61,0,0
622,1116,6,366,100,0,0,0,0,0,0,61,0,0
623,1200,6.09677,378,100,0,0,0,0,0,0,59,0,3
624,1156,6.03571,338,100,0,0,0,0,0,0,55,0,1
625,1244,6.03333,362,100,0,0,0,0,0,0,59,0,1
626,1100,6.03774,320,100,0,0,0,0,0,0,52,0,1
627,1056,6.03448,350,100,0,0,0,0,0,0,57,0,1
628,1036,6,348,100,0,0,0,0,0,0,58,0,0
629,1096,6.07843,310,100,0,0,0,0,0,0,49,0,2
630,1056,6.03571,338,100,0,0,0,0,0,0,55,0,1
631,1056,6.09836,372,100,0,0,0,0,0,0,58,0,3
632,1080,6.03571,338,100,0,0,0,0,0,0,55,0,1
633,1016,6,324,100,0,0,0,0,0,0,54,0,0
634,1212,6.0339,356,100,0,0,0,0,0,0,58,0,1
635,1020,6.03704,326,100,0,0,0,0,0,0,53,0,1
636,1080,6.03636,332,100,0,0,0,0,0,0,54,0,1
637,1256,6.03226,374,100,0,0,0,0,0,0,61,0,1
638,1240,6,354,100,0,0,0,0,0,0,59,0,0
639,1080,6.06349,382,100,0,0,0,0,0,0,61,0,2
640,1040,6.02899,416,100,0,0,0,0,0,0,68,0,1
641,1052,6.09091,402,100,0,0,0,0,0,0,63,0,3
642,1024,6.06452,376,100,0,0,0,0,0,0,60,0,2
643,948,6.06557,370,100,0,0,0,0,0,0,59,0,2
644,1076,6.0303,398,100,0,0,0,0,0,0,65,0,1
645,980,6.06154,394,100,0,0,0,0,0,0,63,0,2
646,920,6.06557,370,100,0,0,0,0,0,0,59,0,2
647,1104,6.09375,390,100,0,0,0,0,0,0,61,0,3
648,864,6.10526,348,100,0,0,0,0,0,0,54,0,3
649,956,6.03175,380,100,0,0,0,0,0,0,62,0,1
650,1004,6,378,100,0,0,0,0,0,0,63,0,0
651,1036,6.03175,380,100,0,0,0,0,0,0,62,0,1
652,1224,6.09524,384,100,0,0,0,0,0,0,60,0,3
653,1064,6,372,100,0,0,0,0,0,0,62,0,0
654,1008,6,360,100,0,0,0,0,0,0,60,0,0
655,904,6.06897,352,100,0,0,0,0,0,0,56,0,2
656,1024,6.03279,368,100,0,0,0,0,0,0,60,0,1
657,1004,6.0303,398,100,0,0,0,0,0,0,65,0,1
658,944,6,354,100,0,0,0,0,0,0,59,0,0
659,1068,6,366,100,0,0,0,0,0,0,61,0,0
660,752,6,318,100,0,0,0,0,0,0,53,0,0
661,928,6,366,100,0,0,0,0,0,0,61,0,0
662,900,6,342,100,0,0,0,0,0,0,57,0,0
663,1196,6.06349,382,100,0,0,0,0,0,0,61,0,2
664,928,6.03704,326,100,0,0,0,0,0,0,53,0,1
665,996,6.03333,362,100,0,0,0,0,0,0,59,0,1
666,1020,6.03448,350,100,0,0,0,0,0,0,57,0,1
667,1092,6.09677,378,100,0,0,0,0,0,0,59,0,3
668,1112,6.13115,374,100,0,0,0,0,0,0,57,0,4
669,1004,6.06897,352,100,0,0,0,0,0,0,56,0,2
670,944,6.09677,378,100,0,0,0,0,0,0,59,0,3
671,972,6.06349,382,100,0,0,0,0,0,0,61,0,2
672,1000,6.06557,370,100,0,0,0,0,0,0,59,0,2
673,944,6.17857,346,100,0,0,0,0,0,0,51,0,5
674,896,6.10526,348,100,0,0,0,0,0,0,54,0,3
675,984,6.16393,376,100,0,0,0,0,0,0,56,0,5
676,1012,6.1875,396,100,0,0,0,0,0,0,58,0,6
677,1020,6.13115,374,100,0,0,0,0,0,0,57,0,4
678,1212,6.2,372,100,0,0,0,0,0,0,54,0,6
679,1116,6.13115,374,100,0,0,0,0,0,0,57,0,4
680,1064,6.16949,364,100,0,0,0,0,0,0,54,0,5
681,1168,6.28571,352,100,0,0,0,0,0,0,48,0,8
682,1080,6.14545,338,100,0,0,0,0,0,0,51,0,4
683,1048,6.2069,360,100,0,0,0,0,0,0,52,0,6
684,884,6.15385,320,100,0,0,0,0,0,0,48,0,4
685,1120,6.26667,376,100,0,0,0,0,0,0,52,0,8
686,1080,6.2963,340,100,0,0,0,0,0,0,46,0,8
687,1212,6.28571,396,100,0,0,0,0,0,0,54,0,9
688,1076,6.27586,364,100,0,0,0,0,0,0,50,0,8
689,984,6.10345,354,100,0,0,0,0,0,0,55,0,3
690,1028,6.16949,364,100,0,0,0,0,0,0,54,0,5
691,956,6.22951,380,100,0,0,0,0,0,0,54,0,7
692,956,6.13115,374,100,0,0,0,0,0,0,57,0,4
693,976,6.16667,370,100,0,0,0,0,0,0,55,0,5
694,972,6.09524,384,100,0,0,0,0,0,0,60,0,3
695,1140,6.16667,370,100,0,0,0,0,0,0,55,0,5
696,1076,6.07143,340,100,0,0,0,0,0,0,54,0,2
697,1172,6.06897,352,100,0,0,0,0,0,0,56,0,2
698,1100,6,336,100,0,0,0,0,0,0,56,0,0
699,1112,6.10345,354,100,0,0,0,0,0,0,55,0,3
700,1108,6.03279,368,100,0,0,0,0,0,0,60,0,1
701,1324,6,360,100,0,0,0,0,0,0,60,0,0
702,1400,6,342,100,0,0,0,0,0,0,57,0,0
703,1116,6.03636,332,100,0,0,0,0,0,0,54,0,1
704,1156,6.03509,344,100,0,0,0,0,0,0,56,0,1
705,1212,6.03226,374,100,0,0,0,0,0,0,61,0,1
706,1056,6.03279,368,100,0,0,0,0,0,0,60,0,1
707,1140,6.1,366,100,0,0,0,0,0,0,57,0,3
708,924,6.03175,380,100,0,0,0,0,0,0,62,0,1
709,988,6.0678,358,100,0,0,0,0,0,0,57,0,2
710,960,6.14286,344,100,0,0,0,0,0,0,52,0,4
711,892,6.10526,348,100,0,0,0,0,0,0,54,0,3
712,964,6.03175,380,100,0,0,0,0,0,0,62,0,1
713,932,6,378,100,0,0,0,0,0,0,63,0,0
714,880,6.0339,356,100,0,0,0,0,0,0,58,0,1
715,936,6.03226,374,100,0,0,0,0,0,0,61,0,1
716,996,6.03279,368,100,0,0,0,0,0,0,60,0,1
717,964,6.10526,348,100,0,0,0,0,0,0,54,0,3
718,824,6.03448,350,100,0,0,0,0,0,0,57,0,1
719,900,6,360,100,0,0,0,0,0,0,60,0,0
720,940,6.03175,380,100,0,0,0,0,0,0,62,0,1
721,960,6,372,100,0,0,0,0,0,0,62,0,0
722,1004,6,372,100,0,0,0,0,0,0,62,0,0
723,872,6.06897,352,100,0,0,0,0,0,0,56,0,2
724,828,6.06667,364,100,0,0,0,0,0,0,58,0,2
725,932,6.06557,370,100,0,0,0,0,0,0,59,0,2
726,972,6.13115,374,100,0,0,0,0,0,0,57,0,4
727,776,6.09836,372,100,0,0,0,0,0,0,58,0,3
728,808,6,390,100,0,0,0,0,0,0,65,0,0
729,888,6.03226,374,100,0,0,0,0,0,0,61,0,1
730,752,6.03448,350,100,0,0,0,0,0,0,57,0,1
731,796,6.06667,364,100,0,0,0,0,0,0,58,0,2
732,864,6.06061,400,100,0,0,0,0,0,0,64,0,2
733,876,6.12698,386,100,0,0,0,0,0,0,59,0,4
734,1016,6.0625,388,100,0,0,0,0,0,0,62,0,2
735,984,6.1,366,100,0,0,0,0,0,0,57,0,3
736,868,6.09231,396,100,0,0,0,0,0,0,62,0,3
737,916,6.06349,382,100,0,0,0,0,0,0,61,0,2
738,852,6.09836,372,100,0,0,0,0,0,0,58,0,3
739,852,6.0678,358,100,0,0,0,0,0,0,57,0,2
740,952,6,378,100,0,0,0,0,0,0,63,0,0
741,1008,6.09677,378,100,0,0,0,0,0,0,59,0,3
742,1080,6.05882,412,100,0,0,0,0,0,0,66,0,2
743,1044,6,378,100,0,0,0,0,0,0,63,0,0
744,1068,6.06897,352,100,0,0,0,0,0,0,56,0,2
745,1112,6.03226,374,100,0,0,0,0,0,0,61,0,1
746,1056,6.0339,356,100,0,0,0,0,0,0,58,0,1
747,1088,6.03175,380,100,0,0,0,0,0,0,62,0,1
748,992,6.09375,390,100,0,0,0,0,0,0,61,0,3
749,1108,6.0339,356,100,0,0,0,0,0,0,58,0,1
750,1076,6.03279,368,100,0,0,0,0,0,0,60,0,1
751,1004,6.13115,374,100,0,0,0,0,0,0,57,0,4
752,864,6.10169,360,100,0,0,0,0,0,0,56,0,3
753,1172,6.06452,376,100,0,0,0,0,0,0,60,0,2
754,1076,6.0625,388,100,0,0,0,0,0,0,62,0,2
755,936,6.06557,370,100,0,0,0,0,0,0,59,0,2
756,1020,6.03077,392,100,0,0,0,0,0,0,64,0,1
757,1072,6.03175,380,100,0,0,0,0,0,0,62,0,1
758,1080,6.03226,374,100,0,0,0,0,0,0,61,0,1
759,1184,6.06349,382,100,0,0,0,0,0,0,61,0,2
760,1080,6.07143,340,100,0,0,0,0,0,0,54,0,2
761,900,6.07143,340,100,0,0,0,0,0,0,54,0,2
762,956,6.16667,370,100,0,0,0,0,0,0,55,0,5
763,956,6.10526,348,100,0,0,0,0,0,0,54,0,3
764,1048,6.16129,382,100,0,0,0,0,0,0,57,0,5
765,980,6.20339,366,100,0,0,0,0,0,0,53,0,6
766,1020,6.1,366,100,0,0,0,0,0,0,57,0,3
767,1064,6.13559,362,100,0,0,0,0,0,0,55,0,4
768,996,6.10714,342,100,0,0,0,0,0,0,53,0,3
769,1092,6.10345,354,100,0,0,0,0,0,0,55,0,3
770,1148,6.0339,356,100,0,0,0,0,0,0,58,0,1
771,1112,6.06349,382,100,0,0,0,0,0,0,61,0,2
772,1068,6.0339,356,100,0,0,0,0,0,0,58,0,1
773,1096,6.13333,368,100,0,0,0,0,0,0,56,0,4
774,1320,6.09677,378,100,0,0,0,0,0,0,59,0,3
775,1112,6.09836,372,100,0,0,0,0,0,0,58,0,3
776,892,6.20339,366,100,0,0,0,0,0,0,53,0,6
777,752,6.03509,344,100,0,0,0,0,0,0,56,0,1
778,896,6.03636,332,100,0,0,0,0,0,0,54,0,1
779,884,6.06667,364,100,0,0,0,0,0,0,58,0,2
780,844,6.09836,372,100,0,0,0,0,0,0,58,0,3
781,1120,6.16393,376,100,0,0,0,0,0,0,56,0,5
782,1080,6.16393,376,100,0,0,0,0,0,0,56,0,5
783,996,6.13559,362,100,0,0,0,0,0,0,55,0,4
784,1068,6.15152,406,100,0,0,0,0,0,0,61,0,5
785,1176,6.19672,378,100,0,0,0,0,0,0,55,0,6
786,1340,6.12903,380,100,0,0,0,0,0,0,58,0,4
787,1488,6.09524,384,100,0,0,0,0,0,0,60,0,3
788,1452,6.14035,350,100,0,0,0,0,0,0,53,0,4
789,1320,6,354,100,0,0,0,0,0,0,59,0,0
790,1448,6.0339,356,100,0,0,0,0,0,0,58,0,1
791,960,6,342,100,0,0,0,0,0,0,57,0,0
792,812,6,354,100,0,0,0,0,0,0,59,0,0
793,924,6,330,100,0,0,0,0,0,0,55,0,0
794,904,6.03448,350,100,0,0,0,0,0,0,57,0,1
795,956,6.03226,374,100,0,0,0,0,0,0,61,0,1
796,964,6.06667,364,100,0,0,0,0,0,0,58,0,2
797,1056,6.15873,388,100,0,0,0,0,0,0,58,0,5
798,956,6.09836,372,100,0,0,0,0,0,0,58,0,3
799,1024,6.09836,372,100,0,0,0,0,0,0,58,0,3
800,1168,6.1,366,100,0,0,0,0,0,0,57,0,3
801,764,6,366,100,0,0,0,0,0,0,61,0,0
802,852,6.09375,390,100,0,0,0,0,0,0,61,0,3
803,880,6.03125,386,100,0,0,0,0,0,0,63,0,1
804,932,6.10169,360,100,0,0,0,0,0,0,56,0,3
805,1156,6.03175,380,100,0,0,0,0,0,0,62,0,1
806,968,6.03226,374,100,0,0,0,0,0,0,61,0,1
807,1036,6.06557,370,100,0,0,0,0,0,0,59,0,2
808,1208,6.09524,384,100,0,0,0,0,0,0,60,0,3
809,1124,6.09375,390,100,0,0,0,0,0,0,61,0,3
810,1112,6.09677,378,100,0,0,0,0,0,0,59,0,3
811,1080,6.09677,378,100,0,0,0,0,0,0,59,0,3
812,1268,6.125,392,100,0,0,0,0,0,0,60,0,4
813,1220,6.09836,372,100,0,0,0,0,0,0,58,0,3
814,900,6.06452,376,100,0,0,0,0,0,0,60,0,2
815,1032,6.13559,362,100,0,0,0,0,0,0,55,0,4
816,920,6.16949,364,100,0,0,0,0,0,0,54,0,5
817,1180,6.03077,392,100,0,0,0,0,0,0,64,0,1
818,1012,6.0339,356,100,0,0,0,0,0,0,58,0,1
819,1020,6.03175,380,100,0,0,0,0,0,0,62,0,1
820,1044,6.03077,392,100,0,0,0,0,0,0,64,0,1
821,1036,6.1,366,100,0,0,0,0,0,0,57,0,3
822,1080,6.0625,388,100,0,0,0,0,0,0,62,0,2
823,1240,6.06349,382,100,0,0,0,0,0,0,61,0,2
824,1268,6.03226,374,100,0,0,0,0,0,0,61,0,1
825,1396,6.06557,370,100,0,0,0,0,0,0,59,0,2
826,1396,6.06452,376,100,0,0,0,0,0,0,60,0,2
827,1372,6.0339,356,100,0,0,0,0,0,0,58,0,1
828,1524,6,396,100,0,0,0,0,0,0,66,0,0
829,1516,6,372,100,0,0,0,0,0,0,62,0,0
830,1800,6.03509,344,100,0,0,0,0,0,0,56,0,1
831,1708,6.06557,370,100,0,0,0,0,0,0,59,0,2
832,1472,6.03226,374,100,0,0,0,0,0,0,61,0,1
833,1576,6.07018,346,100,0,0,0,0,0,0,55,0,2
834,1456,6.13333,368,100,0,0,0,0,0,0,56,0,4
835,1512,6.10169,360,100,0,0,0,0,0,0,56,0,3
836,1204,6.13793,356,100,0,0,0,0,0,0,54,0,4
837,1384,6.16667,370,100,0,0,0,0,0,0,55,0,5
838,1200,6.25,350,100,0,0,0,0,0,0,49,0,7
839,1088,6.25926,338,100,0,0,0,0,0,0,47,0,7
840,1156,6.2807,358,100,0,0,0,0,0,0,49,0,8
841,996,6.14035,350,100,0,0,0,0,0,0,53,0,4
842,1032,6.16949,364,100,0,0,0,0,0,0,54,0,5
843,1180,6.07143,340,100,0,0,0,0,0,0,54,0,2
844,1208,6.19672,378,100,0,0,0,0,0,0,55,0,6
845,1200,6.21053,354,100,0,0,0,0,0,0,51,0,6
846,1284,6.2069,360,100,0,0,0,0,0,0,52,0,6
847,1236,6.22581,386,100,0,0,0,0,0,0,55,0,7
848,1132,6.38596,364,100,0,0,0,0,0,0,46,0,11
849,1140,6.23333,374,100,0,0,0,0,0,0,53,0,7
850,1312,6.2807,358,100,0,0,0,0,0,0,49,0,8
851,1332,6.23333,374,100,0,0,0,0,0,0,53,0,7
852,1248,6.10526,348,100,0,0,0,0,0,0,54,0,3
853,1180,6.13793,356,100,0,0,0,0,0,0,54,0,4
854,1272,6.13793,356,100,0,0,0,0,0,0,54,0,4
855,1304,6.03571,338,100,0,0,0,0,0,0,55,0,1
856,1468,6.12903,380,100,0,0,0,0,0,0,58,0,4
857,1284,6.10169,360,100,0,0,0,0,0,0,56,0,3
858,1248,6.11321,324,100,0,0,0,0,0,0,50,0,3
859,1336,6.21053,354,100,0,0,0,0,0,0,51,0,6
860,1480,6.19672,378,100,0,0,0,0,0,0,55,0,6
861,1488,6.12698,386,100,0,0,0,0,0,0,59,0,4
862,1168,6.13115,374,100,0,0,0,0,0,0,57,0,4
863,1100,6.03571,338,100,0,0,0,0,0,0,55,0,1
864,1088,6.03279,368,100,0,0,0,0,0,0,60,0,1
865,1304,6.06349,382,100,0,0,0,0,0,0,61,0,2
866,1288,6.03226,374,100,0,0,0,0,0,0,61,0,1
867,1120,6.07143,340,100,0,0,0,0,0,0,54,0,2
868,1340,6.06897,352,100,0,0,0,0,0,0,56,0,2
869,1232,6.0678,358,100,0,0,0,0,0,0,57,0,2
870,1184,6.03333,362,100,0,0,0,0,0,0,59,0,1
871,1228,6,342,100,0,0,0,0,0,0,57,0,0
872,1312,6,330,100,0,0,0,0,0,0,55,0,0
873,1312,6.03509,344,100,0,0,0,0,0,0,56,0,1
874,1276,6.03448,350,100,0,0,0,0,0,0,57,0,1
875,1268,6.10169,360,100,0,0,0,0,0,0,56,0,3
876,1180,6.10714,342,100,0,0,0,0,0,0,53,0,3
877,1284,6,354,100,0,0,0,0,0,0,59,0,0
878,1068,6.03571,338,100,0,0,0,0,0,0,55,0,1
879,1208,6,330,100,0,0,0,0,0,0,55,0,0
880,1112,6.07407,328,100,0,0,0,0,0,0,52,0,2
881,1080,6.07143,340,100,0,0,0,0,0,0,54,0,2
882,1288,6.03571,338,100,0,0,0,0,0,0,55,0,1
883,1440,6.0339,356,100,0,0,0,0,0,0,58,0,1
884,1200,6,354,100,0,0,0,0,0,0,59,0,0
885,1292,6.12903,380,100,0,0,0,0,0,0,58,0,4
886,1352,6.10345,354,100,0,0,0,0,0,0,55,0,3
887,1284,6.06557,370,100,0,0,0,0,0,0,59,0,2
888,1132,6.13793,356,100,0,0,0,0,0,0,54,0,4
889,908,6.14286,344,100,0,0,0,0,0,0,52,0,4
890,1040,6.13559,362,100,0,0,0,0,0,0,55,0,4
891,1176,6.14286,344,100,0,0,0,0,0,0,52,0,4
892,1168,6.14545,338,100,0,0,0,0,0,0,51,0,4
893,1440,6.10345,354,100,0,0,0,0,0,0,55,0,3
894,1396,6.16327,302,100,0,0,0,0,0,0,45,0,4
895,1512,6.2,372,100,0,0,0,0,0,0,54,0,6
896,1448,6.17241,358,100,0,0,0,0,0,0,53,0,5
897,1016,6.21429,348,100,0,0,0,0,0,0,50,0,6
898,1276,6.13333,368,100,0,0,0,0,0,0,56,0,4
899,1300,6.13793,356,100,0,0,0,0,0,0,54,0,4
900,980,6.33333,342,100,0,0,0,0,0,0,45,0,9
901,1104,6.22951,380,100,0,0,0,0,0,0,54,0,7
902,1016,6.16667,370,100,0,0,0,0,0,0,55,0,5
903,1180,6.26667,376,100,0,0,0,0,0,0,52,0,8
904,1288,6.27586,364,100,0,0,0,0,0,0,50,0,8
905,1056,6.25,350,100,0,0,0,0,0,0,49,0,7
906,1244,6.25397,394,100,0,0,0,0,0,0,55,0,8
907,1056,6.21818,342,100,0,0,0,0,0,0,49,0,6
908,1064,6.14545,338,100,0,0,0,0,0,0,51,0,4
909,1084,6.24138,362,100,0,0,0,0,0,0,51,0,7
910,1196,6.28571,352,100,0,0,0,0,0,0,48,0,8
911,1112,6.2963,340,100,0,0,0,0,0,0,46,0,8
912,1124,6.26667,376,100,0,0,0,0,0,0,52,0,8
913,1384,6.22951,380,100,0,0,0,0,0,0,54,0,7
914,1408,6.2069,360,100,0,0,0,0,0,0,52,0,6
915,1252,6.20339,366,100,0,0,0,0,0,0,53,0,6
916,1364,6.23729,368,100,0,0,0,0,0,0,52,0,7
917,1248,6.3,378,100,0,0,0,0,0,0,51,0,9
918,1164,6.16667,370,100,0,0,0,0,0,0,55,0,5
919,1160,6.1,366,100,0,0,0,0,0,0,57,0,3
920,1080,6.12903,380,100,0,0,0,0,0,0,58,0,4
921,1152,6.16667,370,100,0,0,0,0,0,0,55,0,5
922,1256,6.13333,368,100,0,0,0,0,0,0,56,0,4
923,1188,6.21053,354,100,0,0,0,0,0,0,51,0,6
924,1156,6.18519,334,100,0,0,0,0,0,0,49,0,5
925,992,6.03636,332,100,0,0,0,0,0,0,54,0,1
926,1008,6.0678,358,100,0,0,0,0,0,0,57,0,2
927,1000,6.13333,368,100,0,0,0,0,0,0,56,0,4
928,1084,6.06154,394,100,0,0,0,0,0,0,63,0,2
929,972,6.19355,384,100,0,0,0,0,0,0,56,0,6
930,1072,6.16667,370,100,0,0,0,0,0,0,55,0,5
931,804,6.13333,368,100,0,0,0,0,0,0,56,0,4
932,1020,6.06452,376,100,0,0,0,0,0,0,60,0,2
933,1000,6,360,100,0,0,0,0,0,0,60,0,0
934,1024,6,372,100,0,0,0,0,0,0,62,0,0
935,1152,6,354,100,0,0,0,0,0,0,59,0,0
936,1140,6.03571,338,100,0,0,0,0,0,0,55,0,1
937,1148,6.0339,356,100,0,0,0,0,0,0,58,0,1
938,1240,6.0339,356,100,0,0,0,0,0,0,58,0,1
939,1168,6,384,100,0,0,0,0,0,0,64,0,0
940,900,6.03636,332,100,0,0,0,0,0,0,54,0,1
941,1080,6.05882,412,100,0,0,0,0,0,0,66,0,2
942,972,6.13559,362,100,0,0,0,0,0,0,55,0,4
943,1020,6.0625,388,100,0,0,0,0,0,0,62,0,2
944,856,6.06557,370,100,0,0,0,0,0,0,59,0,2
945,1060,6.06557,370,100,0,0,0,0,0,0,59,0,2
946,988,6.0339,356,100,0,0,0,0,0,0,58,0,1
947,1068,6,390,100,0,0,0,0,0,0,65,0,0
948,1056,6.03175,380,100,0,0,0,0,0,0,62,0,1
949,1008,6.03509,344,100,0,0,0,0,0,0,56,0,1
950,1172,6.03125,386,100,0,0,0,0,0,0,63,0,1
951,1060,6.0339,356,100,0,0,0,0,0,0,58,0,1
952,1220,6.06667,364,100,0,0,0,0,0,0,58,0,2
953,1456,6.03333,362,100,0,0,0,0,0,0,59,0,1
954,1604,6.09836,372,100,0,0,0,0,0,0,58,0,3
955,1688,6.10169,360,100,0,0,0,0,0,0,56,0,3
956,1744,6.10714,342,100,0,0,0,0,0,0,53,0,3
957,1724,6.10169,360,100,0,0,0,0,0,0,56,0,3
958,1052,6.11321,324,100,0,0,0,0,0,0,50,0,3
959,1132,6.0678,358,100,0,0,0,0,0,0,57,0,2
960,848,6.07547,322,100,0,0,0,0,0,0,51,0,2
961,968,6.09677,378,100,0,0,0,0,0,0,59,0,3
962,1356,6.2,372,100,0,0,0,0,0,0,54,0,6
963,1076,6.13559,362,100,0,0,0,0,0,0,55,0,4
964,1408,6.13115,374,100,0,0,0,0,0,0,57,0,4
965,1412,6.16393,376,100,0,0,0,0,0,0,56,0,5
966,1380,6.06452,376,100,0,0,0,0,0,0,60,0,2
967,1360,6.09231,396,100,0,0,0,0,0,0,62,0,3
968,1424,6.13793,356,100,0,0,0,0,0,0,54,0,4
969,1272,6.17241,358,100,0,0,0,0,0,0,53,0,5
970,1268,6.10909,336,100,0,0,0,0,0,0,52,0,3
971,1128,6.13333,368,100,0,0,0,0,0,0,56,0,4
972,1172,6.2807,358,100,0,0,0,0,0,0,49,0,8
973,1152,6.16393,376,100,0,0,0,0,0,0,56,0,5
974,1124,6.13333,368,100,0,0,0,0,0,0,56,0,4
975,1240,6.19355,384,100,0,0,0,0,0,0,56,0,6
976,1272,6.25806,388,100,0,0,0,0,0,0,54,0,8
977,1356,6.22581,386,100,0,0,0,0,0,0,55,0,7
978,1148,6.26667,376,100,0,0,0,0,0,0,52,0,8
979,1084,6.22951,380,100,0,0,0,0,0,0,54,0,7
980,1020,6.19672,378,100,0,0,0,0,0,0,55,0,6
981,1088,6.25806,388,100,0,0,0,0,0,0,54,0,8
982,1108,6.20339,366,100,0,0,0,0,0,0,53,0,6
983,916,6.07843,310,100,0,0,0,0,0,0,49,0,2
984,1180,6.06897,352,100,0,0,0,0,0,0,56,0,2
985,1088,6.07018,346,100,0,0,0,0,0,0,55,0,2
986,1172,6.03333,362,100,0,0,0,0,0,0,59,0,1
987,1052,6.03226,374,100,0,0,0,0,0,0,61,0,1
988,1196,6.06349,382,100,0,0,0,0,0,0,61,0,2
989,1300,6.07018,346,100,0,0,0,0,0,0,55,0,2
990,1344,6.03448,350,100,0,0,0,0,0,0,57,0,1
991,1356,6.10526,348,100,0,0,0,0,0,0,54,0,3
992,1212,6.03509,344,100,0,0,0,0,0,0,56,0,1
993,1108,6.09524,384,100,0,0,0,0,0,0,60,0,3
994,1160,6.15873,388,100,0,0,0,0,0,0,58,0,5
995,1000,6.2069,360,100,0,0,0,0,0,0,52,0,6
996,1020,6.19672,378,100,0,0,0,0,0,0,55,0,6
997,1156,6.15873,388,100,0,0,0,0,0,0,58,0,5
998,1256,6.27273,414,100,0,0,0,0,0,0,57,0,9
999,1368,6.30769,410,100,0,0,0,0,0,0,55,0,10
