update,points,mean_tasks,total_tasks,total_orgs,task_0,task_1,task_2,task_3,task_4,task_5,task_6,task_7,task_8
0,0,nan,0,8,0,0,0,0,0,0,0,0,0
1,32,6,12,8,0,0,0,0,0,0,2,0,0
2,80,6,30,8,0,0,0,0,0,0,5,0,0
3,92,6,36,9,0,0,0,0,0,0,6,0,0
4,116,6,42,11,0,0,0,0,0,0,7,0,0
5,120,6,54,14,0,0,0,0,0,0,9,0,0
6,164,6,78,15,0,0,0,0,0,0,13,0,0
7,172,6,72,15,0,0,0,0,0,0,12,0,0
8,192,6,90,16,0,0,0,0,0,0,15,0,0
9,168,6,84,20,0,0,0,0,0,0,14,0,0
10,204,6,96,21,0,0,0,0,0,0,16,0,0
11,236,6,102,23,0,0,0,0,0,0,17,0,0
12,248,6,114,24,0,0,0,0,0,0,19,0,0
13,312,6,132,28,0,0,0,0,0,0,22,0,0
14,336,6,144,31,0,0,0,0,0,0,24,0,0
15,368,6,156,33,0,0,0,0,0,0,26,0,0
16,380,6,174,40,0,0,0,0,0,0,29,0,0
17,420,6.06452,188,43,0,0,0,0,0,0,30,0,1
18,512,6,198,48,0,0,0,0,0,0,33,0,0
19,420,6,198,50,0,0,0,0,0,0,33,0,0
20,488,6,222,52,0,0,0,0,0,0,37,0,0
21,484,6,222,54,0,0,0,0,0,0,37,0,0
22,496,6,228,60,0,0,0,0,0,0,38,0,0
23,640,6,282,64,0,0,0,0,0,0,47,0,0
24,776,6.08163,298,69,0,0,0,0,0,0,47,0,2
25,648,6.04348,278,72,0,0,0,0,0,0,45,0,1
26,736,6.03571,338,77,0,0,0,0,0,0,55,0,1
27,776,6.03704,326,80,0,0,0,0,0,0,53,0,1
28,836,6,336,83,0,0,0,0,0,0,56,0,0
29,824,6.03846,314,88,0,0,0,0,0,0,51,0,1
30,912,6,360,90,0,0,0,0,0,0,60,0,0
31,860,6.10345,354,92,0,0,0,0,0,0,55,0,3
32,904,6.12903,380,94,0,0,0,0,0,0,58,0,4
33,820,6.03636,332,94,0,0,0,0,0,0,54,0,1
34,716,6.03636,332,96,0,0,0,0,0,0,54,0,1
35,964,6.06667,364,97,0,0,0,0,0,0,58,0,2
36,1008,6.1,366,97,0,0,0,0,0,0,57,0,3
37,1312,6.125,392,98,0,0,0,0,0,0,60,0,4
38,1312,6.0678,358,99,0,0,0,0,0,0,57,0,2
39,1196,6.06897,352,100,0,0,0,0,0,0,56,0,2
40,1500,6.06154,394,100,0,0,0,0,0,0,63,0,2
41,1660,6.10169,360,100,0,0,0,0,0,0,56,0,3
42,960,6.0678,358,100,0,0,0,0,0,0,57,0,2
43,1256,6,354,100,0,0,0,0,0,0,59,0,0
44,1604,6.09836,372,100,0,0,0,0,0,0,58,0,3
45,1556,6.11111,330,100,0,0,0,0,0,0,51,0,3
46,1352,6.10526,348,100,0,0,0,0,0,0,54,0,3
47,1336,6,348,100,0,0,0,0,0,0,58,0,0
48,1292,6,354,100,0,0,0,0,0,0,59,0,0
49,1588,6.03333,362,100,0,0,0,0,0,0,59,0,1
50,1716,6.03571,338,100,0,0,0,0,0,0,55,0,1
51,2160,6,348,100,0,0,0,0,0,0,58,0,0
52,1712,6.03636,332,100,0,0,0,0,0,0,54,0,1
53,1228,6.03509,344,100,0,0,0,0,0,0,56,0,1
54,1372,6.03571,338,100,0,0,0,0,0,0,55,0,1
55,1532,6,366,100,0,0,0,0,0,0,61,0,0
56,1764,6.0339,356,100,0,0,0,0,0,0,58,0,1
57,1632,6.03448,350,100,0,0,0,0,0,0,57,0,1
58,1372,6.07273,334,100,0,0,0,0,0,0,53,0,2
59,1252,6.03571,338,100,0,0,0,0,0,0,55,0,1
60,1428,6.0339,356,100,0,0,0,0,0,0,58,0,1
61,1196,6.0678,358,100,0,0,0,0,0,0,57,0,2
62,1156,6.06897,352,100,0,0,0,0,0,0,56,0,2
63,1300,6.03279,368,100,0,0,0,0,0,0,60,0,1
64,1272,6.03333,362,100,0,0,0,0,0,0,59,0,1
65,1344,6,342,100,0,0,0,0,0,0,57,0,0
66,1180,6.06452,376,100,0,0,0,0,0,0,60,0,2
67,1212,6.03175,380,100,0,0,0,0,0,0,62,0,1
68,1448,6,378,100,0,0,0,0,0,0,63,0,0
69,1080,6,384,100,0,0,0,0,0,0,64,0,0
70,1140,6.06452,376,100,0,0,0,0,0,0,60,0,2
71,1168,6.07018,346,100,0,0,0,0,0,0,55,0,2
72,1088,6.03333,362,100,0,0,0,0,0,0,59,0,1
73,1128,6,372,100,0,0,0,0,0,0,62,0,0
74,1260,6.03226,374,100,0,0,0,0,0,0,61,0,1
75,1188,6.06452,376,100,0,0,0,0,0,0,60,0,2
76,1044,6.0625,388,100,0,0,0,0,0,0,62,0,2
77,1024,6.06452,376,100,0,0,0,0,0,0,60,0,2
78,1200,6.06061,400,100,0,0,0,0,0,0,64,0,2
79,868,6.03125,386,100,0,0,0,0,0,0,63,0,1
80,940,6.09231,396,100,0,0,0,0,0,0,62,0,3
81,1044,6.05714,424,100,0,0,0,0,0,0,68,0,2
82,944,6.05882,412,100,0,0,0,0,0,0,66,0,2
83,904,6.05797,418,100,0,0,0,0,0,0,67,0,2
84,904,6.02941,410,100,0,0,0,0,0,0,67,0,1
85,880,6.0303,398,100,0,0,0,0,0,0,65,0,1
86,928,6.09677,378,100,0,0,0,0,0,0,59,0,3
87,880,6.03125,386,100,0,0,0,0,0,0,63,0,1
88,1016,6.03226,374,100,0,0,0,0,0,0,61,0,1
89,1184,6.03279,368,100,0,0,0,0,0,0,60,0,1
90,1104,6.06349,382,100,0,0,0,0,0,0,61,0,2
91,1016,6.06061,400,100,0,0,0,0,0,0,64,0,2
92,1044,6.09524,384,100,0,0,0,0,0,0,60,0,3
93,1036,6.06667,364,100,0,0,0,0,0,0,58,0,2
94,948,6.03448,350,100,0,0,0,0,0,0,57,0,1
95,1088,6.03333,362,100,0,0,0,0,0,0,59,0,1
96,1152,6.03333,362,100,0,0,0,0,0,0,59,0,1
97,1092,6.0339,356,100,0,0,0,0,0,0,58,0,1
98,1228,6.03448,350,100,0,0,0,0,0,0,57,0,1
99,1256,6.09836,372,100,0,0,0,0,0,0,58,0,3
100,1272,6.10345,354,100,0,0,0,0,0,0,55,0,3
101,1112,6,354,100,0,0,0,0,0,0,59,0,0
102,964,6.07273,334,100,0,0,0,0,0,0,53,0,2
103,1040,6.0339,356,100,0,0,0,0,0,0,58,0,1
104,1088,6.0678,358,100,0,0,0,0,0,0,57,0,2
105,1112,6.14035,350,100,0,0,0,0,0,0,53,0,4
106,1208,6.13559,362,100,0,0,0,0,0,0,55,0,4
107,1168,6.10169,360,100,0,0,0,0,0,0,56,0,3
108,1208,6.13115,374,100,0,0,0,0,0,0,57,0,4
109,1084,6.10169,360,100,0,0,0,0,0,0,56,0,3
110,1092,6.07143,340,100,0,0,0,0,0,0,54,0,2
111,1092,6.07407,328,100,0,0,0,0,0,0,52,0,2
112,1052,6.06667,364,100,0,0,0,0,0,0,58,0,2
113,1192,6.09524,384,100,0,0,0,0,0,0,60,0,3
114,1000,6.07018,346,100,0,0,0,0,0,0,55,0,2
115,996,6.03571,338,100,0,0,0,0,0,0,55,0,1
116,1128,6.0678,358,100,0,0,0,0,0,0,57,0,2
117,1112,6,360,100,0,0,0,0,0,0,60,0,0
118,1300,6.06557,370,100,0,0,0,0,0,0,59,0,2
119,1224,6.0625,388,100,0,0,0,0,0,0,62,0,2
120,1064,6,372,100,0,0,0,0,0,0,62,0,0
121,1096,6,372,100,0,0,0,0,0,0,62,0,0
122,1212,6.06557,370,100,0,0,0,0,0,0,59,0,2
123,1152,6.09375,390,100,0,0,0,0,0,0,61,0,3
124,1220,6.09836,372,100,0,0,0,0,0,0,58,0,3
125,1384,6.12121,404,100,0,0,0,0,0,0,62,0,4
126,1092,6.13115,374,100,0,0,0,0,0,0,57,0,4
127,1020,6.09375,390,100,0,0,0,0,0,0,61,0,3
128,992,6,372,100,0,0,0,0,0,0,62,0,0
129,1044,6,372,100,0,0,0,0,0,0,62,0,0
130,1360,6.0597,406,100,0,0,0,0,0,0,65,0,2
131,1376,6.03125,386,100,0,0,0,0,0,0,63,0,1
132,1272,6.03448,350,100,0,0,0,0,0,0,57,0,1
133,1108,6.0339,356,100,0,0,0,0,0,0,58,0,1
134,968,6.03509,344,100,0,0,0,0,0,0,56,0,1
135,1044,6.09677,378,100,0,0,0,0,0,0,59,0,3
136,1080,6.06452,376,100,0,0,0,0,0,0,60,0,2
137,1228,6.06061,400,100,0,0,0,0,0,0,64,0,2
138,1232,6.10169,360,100,0,0,0,0,0,0,56,0,3
139,1328,6.03333,362,100,0,0,0,0,0,0,59,0,1
140,1256,6.03448,350,100,0,0,0,0,0,0,57,0,1
141,1108,6.03509,344,100,0,0,0,0,0,0,56,0,1
142,1236,6,354,100,0,0,0,0,0,0,59,0,0
143,1136,6,360,100,0,0,0,0,0,0,60,0,0
144,1160,6,342,100,0,0,0,0,0,0,57,0,0
145,1304,6,366,100,0,0,0,0,0,0,61,0,0
146,1336,6.0678,358,100,0,0,0,0,0,0,57,0,2
147,1348,6.06154,394,100,0,0,0,0,0,0,63,0,2
148,1380,6,366,100,0,0,0,0,0,0,61,0,0
149,1464,6,354,100,0,0,0,0,0,0,59,0,0
150,1312,6,360,100,0,0,0,0,0,0,60,0,0
151,1200,6,372,100,0,0,0,0,0,0,62,0,0
152,976,6,348,100,0,0,0,0,0,0,58,0,0
153,1124,6,348,100,0,0,0,0,0,0,58,0,0
154,1088,6.07143,340,100,0,0,0,0,0,0,54,0,2
155,1224,6.03333,362,100,0,0,0,0,0,0,59,0,1
156,1232,6.03226,374,100,0,0,0,0,0,0,61,0,1
157,1068,6.03448,350,100,0,0,0,0,0,0,57,0,1
158,1200,6.06154,394,100,0,0,0,0,0,0,63,0,2
159,1088,6.09677,378,100,0,0,0,0,0,0,59,0,3
160,1004,6.06667,364,100,0,0,0,0,0,0,58,0,2
161,1052,6.14035,350,100,0,0,0,0,0,0,53,0,4
162,884,6.13793,356,100,0,0,0,0,0,0,54,0,4
163,920,6.10169,360,100,0,0,0,0,0,0,56,0,3
164,1028,6.06154,394,100,0,0,0,0,0,0,63,0,2
165,900,6.06154,394,100,0,0,0,0,0,0,63,0,2
166,852,6.12903,380,100,0,0,0,0,0,0,58,0,4
167,872,6.16129,382,100,0,0,0,0,0,0,57,0,5
168,944,6.13115,374,100,0,0,0,0,0,0,57,0,4
169,888,6.06349,382,100,0,0,0,0,0,0,61,0,2
170,1096,6.09836,372,100,0,0,0,0,0,0,58,0,3
171,1092,6.09375,390,100,0,0,0,0,0,0,61,0,3
172,1056,6.09524,384,100,0,0,0,0,0,0,60,0,3
173,1092,6.06349,382,100,0,0,0,0,0,0,61,0,2
174,1052,6.09677,378,100,0,0,0,0,0,0,59,0,3
175,832,6.06897,352,100,0,0,0,0,0,0,56,0,2
176,1128,6.1,366,100,0,0,0,0,0,0,57,0,3
177,1028,6.0678,358,100,0,0,0,0,0,0,57,0,2
178,1160,6.09677,378,100,0,0,0,0,0,0,59,0,3
179,872,6.0678,358,100,0,0,0,0,0,0,57,0,2
180,1088,6.09524,384,100,0,0,0,0,0,0,60,0,3
181,1088,6.16949,364,100,0,0,0,0,0,0,54,0,5
182,844,6.30769,328,100,0,0,0,0,0,0,44,0,8
183,836,6.10526,348,100,0,0,0,0,0,0,54,0,3
184,928,6.25455,344,100,0,0,0,0,0,0,48,0,7
185,816,6.21818,342,100,0,0,0,0,0,0,49,0,6
186,892,6.13115,374,100,0,0,0,0,0,0,57,0,4
187,884,6.09836,372,100,0,0,0,0,0,0,58,0,3
188,976,6.09375,390,100,0,0,0,0,0,0,61,0,3
189,932,6.13333,368,100,0,0,0,0,0,0,56,0,4
190,932,6.16393,376,100,0,0,0,0,0,0,56,0,5
191,780,6.18182,340,100,0,0,0,0,0,0,50,0,5
192,900,6.1875,396,100,0,0,0,0,0,0,58,0,6
193,884,6.16129,382,100,0,0,0,0,0,0,57,0,5
194,952,6.1194,410,100,0,0,0,0,0,0,63,0,4
195,932,6.1,366,100,0,0,0,0,0,0,57,0,3
196,1040,6.15873,388,100,0,0,0,0,0,0,58,0,5
197,1032,6.13115,374,100,0,0,0,0,0,0,57,0,4
198,1228,6.12121,404,100,0,0,0,0,0,0,62,0,4
199,1192,6.19048,390,100,0,0,0,0,0,0,57,0,6
200,1132,6.0625,388,100,0,0,0,0,0,0,62,0,2
201,1092,6.10526,348,100,0,0,0,0,0,0,54,0,3
202,1152,6.10169,360,100,0,0,0,0,0,0,56,0,3
203,1232,6.16129,382,100,0,0,0,0,0,0,57,0,5
204,1036,6.09836,372,100,0,0,0,0,0,0,58,0,3
205,1156,6.13333,368,100,0,0,0,0,0,0,56,0,4
206,1072,6.16949,364,100,0,0,0,0,0,0,54,0,5
207,1208,6.16393,376,100,0,0,0,0,0,0,56,0,5
208,1040,6.18462,402,100,0,0,0,0,0,0,59,0,6
209,1068,6.21212,410,100,0,0,0,0,0,0,59,0,7
210,1012,6.2069,360,100,0,0,0,0,0,0,52,0,6
211,1076,6.15385,400,100,0,0,0,0,0,0,60,0,5
212,984,6.13333,368,100,0,0,0,0,0,0,56,0,4
213,1224,6.15385,400,100,0,0,0,0,0,0,60,0,5
214,980,6.16129,382,100,0,0,0,0,0,0,57,0,5
215,1036,6.12698,386,100,0,0,0,0,0,0,59,0,4
216,1032,6.13115,374,100,0,0,0,0,0,0,57,0,4
217,1144,6.25806,388,100,0,0,0,0,0,0,54,0,8
218,1224,6.1,366,100,0,0,0,0,0,0,57,0,3
219,1472,6.13559,362,100,0,0,0,0,0,0,55,0,4
220,1360,6.125,392,100,0,0,0,0,0,0,60,0,4
221,1176,6.06349,382,100,0,0,0,0,0,0,61,0,2
222,1124,6.12903,380,100,0,0,0,0,0,0,58,0,4
223,1248,6.13115,374,100,0,0,0,0,0,0,57,0,4
224,1016,6.24138,362,100,0,0,0,0,0,0,51,0,7
225,1080,6.27119,370,100,0,0,0,0,0,0,51,0,8
226,1056,6.32258,392,100,0,0,0,0,0,0,52,0,10
227,1000,6.33898,374,100,0,0,0,0,0,0,49,0,10
228,920,6.30303,416,100,0,0,0,0,0,0,56,0,10
229,1024,6.22581,386,100,0,0,0,0,0,0,55,0,7
230,1100,6.19672,378,100,0,0,0,0,0,0,55,0,6
231,1072,6.16667,370,100,0,0,0,0,0,0,55,0,5
232,940,6.1,366,100,0,0,0,0,0,0,57,0,3
233,952,6.13115,374,100,0,0,0,0,0,0,57,0,4
234,968,6.14286,344,100,0,0,0,0,0,0,52,0,4
235,964,6.16667,370,100,0,0,0,0,0,0,55,0,5
236,880,6.06897,352,100,0,0,0,0,0,0,56,0,2
237,1004,6.23333,374,100,0,0,0,0,0,0,53,0,7
238,828,6.17544,352,100,0,0,0,0,0,0,52,0,5
239,984,6.12903,380,100,0,0,0,0,0,0,58,0,4
240,956,6.07143,340,100,0,0,0,0,0,0,54,0,2
241,1008,6.13115,374,100,0,0,0,0,0,0,57,0,4
242,1176,6.25806,388,100,0,0,0,0,0,0,54,0,8
243,1028,6.10714,342,100,0,0,0,0,0,0,53,0,3
244,1100,6.13115,374,100,0,0,0,0,0,0,57,0,4
245,1012,6.19672,378,100,0,0,0,0,0,0,55,0,6
246,1024,6.23333,374,100,0,0,0,0,0,0,53,0,7
247,1216,6.12308,398,100,0,0,0,0,0,0,61,0,4
248,1040,6.1,366,100,0,0,0,0,0,0,57,0,3
249,1140,6.06897,352,100,0,0,0,0,0,0,56,0,2
250,1092,6,342,100,0,0,0,0,0,0,57,0,0
251,996,6.07143,340,100,0,0,0,0,0,0,54,0,2
252,1096,6.1,366,100,0,0,0,0,0,0,57,0,3
253,1008,6.03509,344,100,0,0,0,0,0,0,56,0,1
254,1020,6,342,100,0,0,0,0,0,0,57,0,0
255,1244,6.07018,346,100,0,0,0,0,0,0,55,0,2
256,1276,6.14545,338,100,0,0,0,0,0,0,51,0,4
257,1168,6.14286,344,100,0,0,0,0,0,0,52,0,4
258,1256,6.14286,344,100,0,0,0,0,0,0,52,0,4
259,1064,6.10345,354,100,0,0,0,0,0,0,55,0,3
260,912,6,330,100,0,0,0,0,0,0,55,0,0
261,1012,6.07143,340,100,0,0,0,0,0,0,54,0,2
262,1020,6.03509,344,100,0,0,0,0,0,0,56,0,1
263,1052,6.03448,350,100,0,0,0,0,0,0,57,0,1
264,1104,6.06667,364,100,0,0,0,0,0,0,58,0,2
265,1092,6.06154,394,100,0,0,0,0,0,0,63,0,2
266,944,6,354,100,0,0,0,0,0,0,59,0,0
267,972,6.0339,356,100,0,0,0,0,0,0,58,0,1
268,944,6.03175,380,100,0,0,0,0,0,0,62,0,1
269,1060,6,414,100,0,0,0,0,0,0,69,0,0
270,960,6.0339,356,100,0,0,0,0,0,0,58,0,1
271,1196,6.06349,382,100,0,0,0,0,0,0,61,0,2
272,1180,6.03279,368,100,0,0,0,0,0,0,60,0,1
273,1320,6.03279,368,100,0,0,0,0,0,0,60,0,1
274,1300,6.06667,364,100,0,0,0,0,0,0,58,0,2
275,1368,6.03448,350,100,0,0,0,0,0,0,57,0,1
276,1700,6.03333,362,100,0,0,0,0,0,0,59,0,1
277,1880,6.06667,364,100,0,0,0,0,0,0,58,0,2
278,1956,6,360,100,0,0,0,0,0,0,60,0,0
279,1596,6,342,100,0,0,0,0,0,0,57,0,0
280,1012,6.03279,368,100,0,0,0,0,0,0,60,0,1
281,800,6,372,100,0,0,0,0,0,0,62,0,0
282,832,6,348,100,0,0,0,0,0,0,58,0,0
283,868,6.0339,356,100,0,0,0,0,0,0,58,0,1
284,968,6,348,100,0,0,0,0,0,0,58,0,0
285,968,6,336,100,0,0,0,0,0,0,56,0,0
286,1060,6,336,100,0,0,0,0,0,0,56,0,0
287,884,6.03333,362,100,0,0,0,0,0,0,59,0,1
288,792,6,360,100,0,0,0,0,0,0,60,0,0
289,1028,6.0625,388,100,0,0,0,0,0,0,62,0,2
290,1012,6.0339,356,100,0,0,0,0,0,0,58,0,1
291,948,6,360,100,0,0,0,0,0,0,60,0,0
292,988,6,366,100,0,0,0,0,0,0,61,0,0
293,988,6,360,100,0,0,0,0,0,0,60,0,0
294,1100,6,384,100,0,0,0,0,0,0,64,0,0
295,1032,6.0625,388,100,0,0,0,0,0,0,62,0,2
296,1160,6.03175,380,100,0,0,0,0,0,0,62,0,1
297,1136,6.03333,362,100,0,0,0,0,0,0,59,0,1
298,1184,6.0339,356,100,0,0,0,0,0,0,58,0,1
299,1204,6,366,100,0,0,0,0,0,0,61,0,0
300,1104,6.03279,368,100,0,0,0,0,0,0,60,0,1
301,1248,6,420,100,0,0,0,0,0,0,70,0,0
302,1028,6.06667,364,100,0,0,0,0,0,0,58,0,2
303,1160,6.03333,362,100,0,0,0,0,0,0,59,0,1
304,1184,6.03571,338,100,0,0,0,0,0,0,55,0,1
305,1080,6,336,100,0,0,0,0,0,0,56,0,0
306,1132,6.03509,344,100,0,0,0,0,0,0,56,0,1
307,1080,6,354,100,0,0,0,0,0,0,59,0,0
308,872,6,348,100,0,0,0,0,0,0,58,0,0
309,904,6,348,100,0,0,0,0,0,0,58,0,0
310,988,6.03571,338,100,0,0,0,0,0,0,55,0,1
311,1032,6.0339,356,100,0,0,0,0,0,0,58,0,1
312,1024,6.10169,360,100,0,0,0,0,0,0,56,0,3
313,1164,6.13115,374,100,0,0,0,0,0,0,57,0,4
314,1000,6.13115,374,100,0,0,0,0,0,0,57,0,4
315,1176,6.06557,370,100,0,0,0,0,0,0,59,0,2
316,1204,6.09836,372,100,0,0,0,0,0,0,58,0,3
317,1268,6.09524,384,100,0,0,0,0,0,0,60,0,3
318,1320,6.03077,392,100,0,0,0,0,0,0,64,0,1
319,1448,6,384,100,0,0,0,0,0,0,64,0,0
320,1532,6.03175,380,100,0,0,0,0,0,0,62,0,1
321,1068,6.03571,338,100,0,0,0,0,0,0,55,0,1
322,1096,6.06557,370,100,0,0,0,0,0,0,59,0,2
323,1024,6.03175,380,100,0,0,0,0,0,0,62,0,1
324,1116,6,378,100,0,0,0,0,0,0,63,0,0
325,1164,6,372,100,0,0,0,0,0,0,62,0,0
326,1144,6.03279,368,100,0,0,0,0,0,0,60,0,1
327,1000,6.03333,362,100,0,0,0,0,0,0,59,0,1
328,1040,6.03175,380,100,0,0,0,0,0,0,62,0,1
329,996,6.03448,350,100,0,0,0,0,0,0,57,0,1
330,1100,6.03279,368,100,0,0,0,0,0,0,60,0,1
331,1052,6,372,100,0,0,0,0,0,0,62,0,0
332,1092,6,342,100,0,0,0,0,0,0,57,0,0
333,1072,6.0625,388,100,0,0,0,0,0,0,62,0,2
334,912,6.06349,382,100,0,0,0,0,0,0,61,0,2
335,1012,6.06349,382,100,0,0,0,0,0,0,61,0,2
336,1008,6.07273,334,100,0,0,0,0,0,0,53,0,2
337,1084,6.03448,350,100,0,0,0,0,0,0,57,0,1
338,1132,6,366,100,0,0,0,0,0,0,61,0,0
339,1224,6.0303,398,100,0,0,0,0,0,0,65,0,1
340,1088,6.10169,360,100,0,0,0,0,0,0,56,0,3
341,1164,6.07018,346,100,0,0,0,0,0,0,55,0,2
342,928,6,318,100,0,0,0,0,0,0,53,0,0
343,948,6,336,100,0,0,0,0,0,0,56,0,0
344,1036,6,360,100,0,0,0,0,0,0,60,0,0
345,1044,6.03704,326,100,0,0,0,0,0,0,53,0,1
346,1012,6.03333,362,100,0,0,0,0,0,0,59,0,1
347,952,6.0339,356,100,0,0,0,0,0,0,58,0,1
348,996,6,372,100,0,0,0,0,0,0,62,0,0
349,1116,6.03226,374,100,0,0,0,0,0,0,61,0,1
350,1204,6.0678,358,100,0,0,0,0,0,0,57,0,2
351,1228,6.03279,368,100,0,0,0,0,0,0,60,0,1
352,1020,6.03125,386,100,0,0,0,0,0,0,63,0,1
353,996,6.03509,344,100,0,0,0,0,0,0,56,0,1
354,1184,6.0339,356,100,0,0,0,0,0,0,58,0,1
355,1132,6,336,100,0,0,0,0,0,0,56,0,0
356,1016,6.03333,362,100,0,0,0,0,0,0,59,0,1
357,964,6.03333,362,100,0,0,0,0,0,0,59,0,1
358,1064,6.03125,386,100,0,0,0,0,0,0,63,0,1
359,1072,6.06557,370,100,0,0,0,0,0,0,59,0,2
360,888,6.03279,368,100,0,0,0,0,0,0,60,0,1
361,824,6.03509,344,100,0,0,0,0,0,0,56,0,1
362,816,6.06667,364,100,0,0,0,0,0,0,58,0,2
363,968,6.0339,356,100,0,0,0,0,0,0,58,0,1
364,972,6.03175,380,100,0,0,0,0,0,0,62,0,1
365,992,6.03226,374,100,0,0,0,0,0,0,61,0,1
366,1020,6,348,100,0,0,0,0,0,0,58,0,0
367,1188,6.12698,386,100,0,0,0,0,0,0,59,0,4
368,1052,6.16949,364,100,0,0,0,0,0,0,54,0,5
369,1072,6.19355,384,100,0,0,0,0,0,0,56,0,6
370,1208,6.15625,394,100,0,0,0,0,0,0,59,0,5
371,1076,6.15385,320,100,0,0,0,0,0,0,48,0,4
372,1140,6.22222,392,100,0,0,0,0,0,0,56,0,7
373,1112,6.22222,392,100,0,0,0,0,0,0,56,0,7
374,1136,6.13559,362,100,0,0,0,0,0,0,55,0,4
375,1256,6.13793,356,100,0,0,0,0,0,0,54,0,4
376,1324,6.16667,370,100,0,0,0,0,0,0,55,0,5
377,1188,6.21053,354,100,0,0,0,0,0,0,51,0,6
378,1296,6.13115,374,100,0,0,0,0,0,0,57,0,4
379,1096,6.10526,348,100,0,0,0,0,0,0,54,0,3
380,1048,6.13559,362,100,0,0,0,0,0,0,55,0,4
381,1204,6.23729,368,100,0,0,0,0,0,0,52,0,7
382,920,6.17544,352,100,0,0,0,0,0,0,52,0,5
383,940,6.1,366,100,0,0,0,0,0,0,57,0,3
384,996,6.15625,394,100,0,0,0,0,0,0,59,0,5
385,1052,6.16667,370,100,0,0,0,0,0,0,55,0,5
386,908,6.09836,372,100,0,0,0,0,0,0,58,0,3
387,1084,6.1,366,100,0,0,0,0,0,0,57,0,3
388,1156,6.03279,368,100,0,0,0,0,0,0,60,0,1
389,932,6,366,100,0,0,0,0,0,0,61,0,0
390,1148,6.09375,390,100,0,0,0,0,0,0,61,0,3
391,940,6.2069,360,100,0,0,0,0,0,0,52,0,6
392,1188,6.17544,352,100,0,0,0,0,0,0,52,0,5
393,1152,6.07273,334,100,0,0,0,0,0,0,53,0,2
394,1140,6.0339,356,100,0,0,0,0,0,0,58,0,1
395,1124,6.06349,382,100,0,0,0,0,0,0,61,0,2
396,1180,6.16393,376,100,0,0,0,0,0,0,56,0,5
397,1028,6.16949,364,100,0,0,0,0,0,0,54,0,5
398,1196,6.0339,356,100,0,0,0,0,0,0,58,0,1
399,1160,6.07407,328,100,0,0,0,0,0,0,52,0,2
400,1100,6.10345,354,100,0,0,0,0,0,0,55,0,3
401,1212,6.13333,368,100,0,0,0,0,0,0,56,0,4
402,1144,6.06452,376,100,0,0,0,0,0,0,60,0,2
403,1244,6.06897,352,100,0,0,0,0,0,0,56,0,2
404,1060,6,366,100,0,0,0,0,0,0,61,0,0
405,1144,6.03077,392,100,0,0,0,0,0,0,64,0,1
406,1024,6.07273,334,100,0,0,0,0,0,0,53,0,2
407,1192,6.0678,358,100,0,0,0,0,0,0,57,0,2
408,1108,6.1,366,100,0,0,0,0,0,0,57,0,3
409,912,6.1,366,100,0,0,0,0,0,0,57,0,3
410,1000,6.10345,354,100,0,0,0,0,0,0,55,0,3
411,1068,6.03509,344,100,0,0,0,0,0,0,56,0,1
412,992,6.09524,384,100,0,0,0,0,0,0,60,0,3
413,992,6.09375,390,100,0,0,0,0,0,0,61,0,3
414,920,6.0339,356,100,0,0,0,0,0,0,58,0,1
415,952,6.06452,376,100,0,0,0,0,0,0,60,0,2
416,1064,6.03175,380,100,0,0,0,0,0,0,62,0,1
417,1044,6.03279,368,100,0,0,0,0,0,0,60,0,1
418,1064,6.03279,368,100,0,0,0,0,0,0,60,0,1
419,1184,6.0339,356,100,0,0,0,0,0,0,58,0,1
420,1136,6.06557,370,100,0,0,0,0,0,0,59,0,2
421,980,6.06452,376,100,0,0,0,0,0,0,60,0,2
422,988,6.06452,376,100,0,0,0,0,0,0,60,0,2
423,944,6.0678,358,100,0,0,0,0,0,0,57,0,2
424,1144,6,378,100,0,0,0,0,0,0,63,0,0
425,1148,6.03125,386,100,0,0,0,0,0,0,63,0,1
426,1092,6.10526,348,100,0,0,0,0,0,0,54,0,3
427,1268,6.03175,380,100,0,0,0,0,0,0,62,0,1
428,1216,6.13333,368,100,0,0,0,0,0,0,56,0,4
429,968,6.13559,362,100,0,0,0,0,0,0,55,0,4
430,1060,6.13115,374,100,0,0,0,0,0,0,57,0,4
431,1000,6.03509,344,100,0,0,0,0,0,0,56,0,1
432,972,6,348,100,0,0,0,0,0,0,58,0,0
433,1132,6,372,100,0,0,0,0,0,0,62,0,0
434,1144,6.03279,368,100,0,0,0,0,0,0,60,0,1
435,1124,6.07018,346,100,0,0,0,0,0,0,55,0,2
436,1132,6,348,100,0,0,0,0,0,0,58,0,0
437,1272,6.0339,356,100,0,0,0,0,0,0,58,0,1
438,1144,6.03279,368,100,0,0,0,0,0,0,60,0,1
439,1132,6.06154,394,100,0,0,0,0,0,0,63,0,2
440,944,6.06667,364,100,0,0,0,0,0,0,58,0,2
441,848,6.06897,352,100,0,0,0,0,0,0,56,0,2
442,1132,6.09231,396,100,0,0,0,0,0,0,62,0,3
443,836,6.07407,328,100,0,0,0,0,0,0,52,0,2
444,936,6.10169,360,100,0,0,0,0,0,0,56,0,3
445,1056,6.03279,368,100,0,0,0,0,0,0,60,0,1
446,928,6.03571,338,100,0,0,0,0,0,0,55,0,1
447,904,6.0339,356,100,0,0,0,0,0,0,58,0,1
448,960,6.03279,368,100,0,0,0,0,0,0,60,0,1
449,812,6.03333,362,100,0,0,0,0,0,0,59,0,1
450,884,6.06557,370,100,0,0,0,0,0,0,59,0,2
451,968,6.0339,356,100,0,0,0,0,0,0,58,0,1
452,960,6.03448,350,100,0,0,0,0,0,0,57,0,1
453,912,6,342,100,0,0,0,0,0,0,57,0,0
454,1088,6.03333,362,100,0,0,0,0,0,0,59,0,1
455,1104,6.0678,358,100,0,0,0,0,0,0,57,0,2
456,1024,6.09836,372,100,0,0,0,0,0,0,58,0,3
457,976,6.06667,364,100,0,0,0,0,0,0,58,0,2
458,1060,6,384,100,0,0,0,0,0,0,64,0,0
459,932,6,390,100,0,0,0,0,0,0,65,0,0
460,856,6.03279,368,100,0,0,0,0,0,0,60,0,1
461,896,6.03077,392,100,0,0,0,0,0,0,64,0,1
462,872,6,378,100,0,0,0,0,0,0,63,0,0
463,944,6,390,100,0,0,0,0,0,0,65,0,0
464,848,6,342,100,0,0,0,0,0,0,57,0,0
465,864,6.0339,356,100,0,0,0,0,0,0,58,0,1
466,876,6.03448,350,100,0,0,0,0,0,0,57,0,1
467,928,6.03333,362,100,0,0,0,0,0,0,59,0,1
468,1048,6.0339,356,100,0,0,0,0,0,0,58,0,1
469,1148,6.03448,350,100,0,0,0,0,0,0,57,0,1
470,1180,6.06667,364,100,0,0,0,0,0,0,58,0,2
471,1208,6.06557,370,100,0,0,0,0,0,0,59,0,2
472,1008,6.06557,370,100,0,0,0,0,0,0,59,0,2
473,1120,6.10169,360,100,0,0,0,0,0,0,56,0,3
474,1032,6.03509,344,100,0,0,0,0,0,0,56,0,1
475,1080,6.06897,352,100,0,0,0,0,0,0,56,0,2
476,1084,6,348,100,0,0,0,0,0,0,58,0,0
477,1060,6.06897,352,100,0,0,0,0,0,0,56,0,2
478,1236,6.0678,358,100,0,0,0,0,0,0,57,0,2
479,912,6.10909,336,100,0,0,0,0,0,0,52,0,3
480,1200,6.13115,374,100,0,0,0,0,0,0,57,0,4
481,1112,6.14545,338,100,0,0,0,0,0,0,51,0,4
482,916,6.03704,326,100,0,0,0,0,0,0,53,0,1
483,968,6.03448,350,100,0,0,0,0,0,0,57,0,1
484,1092,6.06667,364,100,0,0,0,0,0,0,58,0,2
485,920,6.03509,344,100,0,0,0,0,0,0,56,0,1
486,1024,6.03636,332,100,0,0,0,0,0,0,54,0,1
487,1088,6.03448,350,100,0,0,0,0,0,0,57,0,1
488,944,6.03448,350,100,0,0,0,0,0,0,57,0,1
489,964,6.03509,344,100,0,0,0,0,0,0,56,0,1
490,904,6.03279,368,100,0,0,0,0,0,0,60,0,1
491,1024,6,366,100,0,0,0,0,0,0,61,0,0
492,1056,6,372,100,0,0,0,0,0,0,62,0,0
493,1208,6,354,100,0,0,0,0,0,0,59,0,0
494,792,6,342,100,0,0,0,0,0,0,57,0,0
495,1036,6,342,100,0,0,0,0,0,0,57,0,0
496,948,6.06667,364,100,0,0,0,0,0,0,58,0,2
497,1108,6.03448,350,100,0,0,0,0,0,0,57,0,1
498,1392,6,384,100,0,0,0,0,0,0,64,0,0
499,1368,6.03509,344,100,0,0,0,0,0,0,56,0,1
500,1396,6,384,100,0,0,0,0,0,0,64,0,0
501,1068,6.03704,326,100,0,0,0,0,0,0,53,0,1
502,1148,6.03509,344,100,0,0,0,0,0,0,56,0,1
503,1240,6.06349,382,100,0,0,0,0,0,0,61,0,2
504,1196,6.06667,364,100,0,0,0,0,0,0,58,0,2
505,1044,6.03636,332,100,0,0,0,0,0,0,54,0,1
506,1164,6.03571,338,100,0,0,0,0,0,0,55,0,1
507,1164,6,348,100,0,0,0,0,0,0,58,0,0
508,1168,6.03571,338,100,0,0,0,0,0,0,55,0,1
509,1124,6.03279,368,100,0,0,0,0,0,0,60,0,1
510,1076,6.03226,374,100,0,0,0,0,0,0,61,0,1
511,992,6.0678,358,100,0,0,0,0,0,0,57,0,2
512,1184,6.06897,352,100,0,0,0,0,0,0,56,0,2
513,1252,6.03571,338,100,0,0,0,0,0,0,55,0,1
514,884,6.06667,364,100,0,0,0,0,0,0,58,0,2
515,920,6.07143,340,100,0,0,0,0,0,0,54,0,2
516,888,6.03448,350,100,0,0,0,0,0,0,57,0,1
517,912,6.06667,364,100,0,0,0,0,0,0,58,0,2
518,932,6.06557,370,100,0,0,0,0,0,0,59,0,2
519,1064,6.03125,386,100,0,0,0,0,0,0,63,0,1
520,956,6.0678,358,100,0,0,0,0,0,0,57,0,2
521,924,6.03509,344,100,0,0,0,0,0,0,56,0,1
522,936,6.0625,388,100,0,0,0,0,0,0,62,0,2
523,832,6.03279,368,100,0,0,0,0,0,0,60,0,1
524,852,6.03279,368,100,0,0,0,0,0,0,60,0,1
525,944,6.125,392,100,0,0,0,0,0,0,60,0,4
526,980,6.13559,362,100,0,0,0,0,0,0,55,0,4
527,1112,6.10909,336,100,0,0,0,0,0,0,52,0,3
528,984,6.10345,354,100,0,0,0,0,0,0,55,0,3
529,1048,6.19672,378,100,0,0,0,0,0,0,55,0,6
530,1036,6.24138,362,100,0,0,0,0,0,0,51,0,7
531,1092,6.2,372,100,0,0,0,0,0,0,54,0,6
532,1180,6.09375,390,100,0,0,0,0,0,0,61,0,3
533,832,6.14286,344,100,0,0,0,0,0,0,52,0,4
534,932,6.06667,364,100,0,0,0,0,0,0,58,0,2
535,956,6.15625,394,100,0,0,0,0,0,0,59,0,5
536,792,6.0678,358,100,0,0,0,0,0,0,57,0,2
537,880,6,384,100,0,0,0,0,0,0,64,0,0
538,944,6.13115,374,100,0,0,0,0,0,0,57,0,4
539,1068,6.12308,398,100,0,0,0,0,0,0,61,0,4
540,980,6.15873,388,100,0,0,0,0,0,0,58,0,5
541,1088,6.16129,382,100,0,0,0,0,0,0,57,0,5
542,1056,6.09375,390,100,0,0,0,0,0,0,61,0,3
543,1020,6.15873,388,100,0,0,0,0,0,0,58,0,5
544,1112,6.1194,410,100,0,0,0,0,0,0,63,0,4
545,1084,6.06667,364,100,0,0,0,0,0,0,58,0,2
546,1212,6.09375,390,100,0,0,0,0,0,0,61,0,3
547,1260,6.12121,404,100,0,0,0,0,0,0,62,0,4
548,1032,6.1,366,100,0,0,0,0,0,0,57,0,3
549,1060,6.13559,362,100,0,0,0,0,0,0,55,0,4
550,1156,6.09836,372,100,0,0,0,0,0,0,58,0,3
551,1060,6.09677,378,100,0,0,0,0,0,0,59,0,3
552,1056,6.13333,368,100,0,0,0,0,0,0,56,0,4
553,1116,6.0625,388,100,0,0,0,0,0,0,62,0,2
554,1088,6.19355,384,100,0,0,0,0,0,0,56,0,6
555,1180,6.20339,366,100,0,0,0,0,0,0,53,0,6
556,1124,6.16949,364,100,0,0,0,0,0,0,54,0,5
557,1280,6.1875,396,100,0,0,0,0,0,0,58,0,6
558,1296,6.16129,382,100,0,0,0,0,0,0,57,0,5
559,1312,6.09524,384,100,0,0,0,0,0,0,60,0,3
560,1196,6.16949,364,100,0,0,0,0,0,0,54,0,5
561,1100,6.17857,346,100,0,0,0,0,0,0,51,0,5
562,1320,6.07018,346,100,0,0,0,0,0,0,55,0,2
563,1032,6.07407,328,100,0,0,0,0,0,0,52,0,2
564,1152,6.07273,334,100,0,0,0,0,0,0,53,0,2
565,1064,6.19231,322,100,0,0,0,0,0,0,47,0,5
566,1168,6.03571,338,100,0,0,0,0,0,0,55,0,1
567,988,6.06452,376,100,0,0,0,0,0,0,60,0,2
568,1096,6.0678,358,100,0,0,0,0,0,0,57,0,2
569,1004,6.17241,358,100,0,0,0,0,0,0,53,0,5
570,1036,6.10909,336,100,0,0,0,0,0,0,52,0,3
571,1084,6.09524,384,100,0,0,0,0,0,0,60,0,3
572,1140,6,348,100,0,0,0,0,0,0,58,0,0
573,1264,6.0678,358,100,0,0,0,0,0,0,57,0,2
574,1172,6.07018,346,100,0,0,0,0,0,0,55,0,2
575,1068,6.1,366,100,0,0,0,0,0,0,57,0,3
576,972,6.10526,348,100,0,0,0,0,0,0,54,0,3
577,1048,6.06897,352,100,0,0,0,0,0,0,56,0,2
578,1016,6.06557,370,100,0,0,0,0,0,0,59,0,2
579,1128,6.11594,422,100,0,0,0,0,0,0,65,0,4
580,1128,6.12903,380,100,0,0,0,0,0,0,58,0,4
581,1068,6.06452,376,100,0,0,0,0,0,0,60,0,2
582,1088,6.0678,358,100,0,0,0,0,0,0,57,0,2
583,1232,6.09231,396,100,0,0,0,0,0,0,62,0,3
584,1060,6.06452,376,100,0,0,0,0,0,0,60,0,2
585,1152,6.17857,346,100,0,0,0,0,0,0,51,0,5
586,1036,6.13793,356,100,0,0,0,0,0,0,54,0,4
587,1192,6.21875,398,100,0,0,0,0,0,0,57,0,7
588,976,6.12121,404,100,0,0,0,0,0,0,62,0,4
589,968,6.10169,360,100,0,0,0,0,0,0,56,0,3
590,1008,6.14545,338,100,0,0,0,0,0,0,51,0,4
591,972,6.1,366,100,0,0,0,0,0,0,57,0,3
592,888,6.06897,352,100,0,0,0,0,0,0,56,0,2
593,980,6.14035,350,100,0,0,0,0,0,0,53,0,4
594,812,6.16949,364,100,0,0,0,0,0,0,54,0,5
595,808,6.24561,356,100,0,0,0,0,0,0,50,0,7
596,800,6.11111,330,100,0,0,0,0,0,0,51,0,3
597,836,6.06452,376,100,0,0,0,0,0,0,60,0,2
598,828,6.03448,350,100,0,0,0,0,0,0,57,0,1
599,964,6.12698,386,100,0,0,0,0,0,0,59,0,4
600,916,6.19048,390,100,0,0,0,0,0,0,57,0,6
601,804,6.22951,380,100,0,0,0,0,0,0,54,0,7
602,788,6.13115,374,100,0,0,0,0,0,0,57,0,4
603,956,6.09231,396,100,0,0,0,0,0,0,62,0,3
604,892,6.06349,382,100,0,0,0,0,0,0,61,0,2
605,904,6.13793,356,100,0,0,0,0,0,0,54,0,4
606,884,6.21212,410,100,0,0,0,0,0,0,59,0,7
607,756,6.14035,350,100,0,0,0,0,0,0,53,0,4
608,956,6.15625,394,100,0,0,0,0,0,0,59,0,5
609,1024,6.15873,388,100,0,0,0,0,0,0,58,0,5
610,1028,6.31034,366,100,0,0,0,0,0,0,49,0,9
611,864,6.23529,318,100,0,0,0,0,0,0,45,0,6
612,944,6.21053,354,100,0,0,0,0,0,0,51,0,6
613,912,6.10714,342,100,0,0,0,0,0,0,53,0,3
614,1168,6.34483,368,100,0,0,0,0,0,0,48,0,10
615,1128,6.32258,392,100,0,0,0,0,0,0,52,0,10
616,944,6.24561,356,100,0,0,0,0,0,0,50,0,7
617,1152,6.23729,368,100,0,0,0,0,0,0,52,0,7
618,1072,6.30508,372,100,0,0,0,0,0,0,50,0,9
619,1020,6.22581,386,100,0,0,0,0,0,0,55,0,7
620,788,6.24138,362,100,0,0,0,0,0,0,51,0,7
621,868,6.19672,378,100,0,0,0,0,0,0,55,0,6
622,832,6.19672,378,100,0,0,0,0,0,0,55,0,6
623,860,6.14925,412,100,0,0,0,0,0,0,62,0,5
624,772,6.125,392,100,0,0,0,0,0,0,60,0,4
625,1000,6.1875,396,100,0,0,0,0,0,0,58,0,6
626,932,6.15873,388,100,0,0,0,0,0,0,58,0,5
627,1044,6.12698,386,100,0,0,0,0,0,0,59,0,4
628,1160,6.125,392,100,0,0,0,0,0,0,60,0,4
629,1048,6.07143,340,100,0,0,0,0,0,0,54,0,2
630,848,6.07143,340,100,0,0,0,0,0,0,54,0,2
631,892,6,354,100,0,0,0,0,0,0,59,0,0
632,956,6,360,100,0,0,0,0,0,0,60,0,0
633,952,6.03448,350,100,0,0,0,0,0,0,57,0,1
634,936,6.03279,368,100,0,0,0,0,0,0,60,0,1
635,1096,6.06349,382,100,0,0,0,0,0,0,61,0,2
636,1164,6.03175,380,100,0,0,0,0,0,0,62,0,1
637,980,6.03333,362,100,0,0,0,0,0,0,59,0,1
638,1232,6,396,100,0,0,0,0,0,0,66,0,0
639,988,6,348,100,0,0,0,0,0,0,58,0,0
640,1088,6.03279,368,100,0,0,0,0,0,0,60,0,1
641,972,6.10909,336,100,0,0,0,0,0,0,52,0,3
642,1000,6.10169,360,100,0,0,0,0,0,0,56,0,3
643,988,6.06557,370,100,0,0,0,0,0,0,59,0,2
644,1220,6.06452,376,100,0,0,0,0,0,0,60,0,2
645,1148,6.03333,362,100,0,0,0,0,0,0,59,0,1
646,1008,6.07143,340,100,0,0,0,0,0,0,54,0,2
647,1244,6.03125,386,100,0,0,0,0,0,0,63,0,1
648,1192,6,354,100,0,0,0,0,0,0,59,0,0
649,1080,6.03279,368,100,0,0,0,0,0,0,60,0,1
650,1204,6,372,100,0,0,0,0,0,0,62,0,0
651,1312,6.09524,384,100,0,0,0,0,0,0,60,0,3
652,1288,6.09524,384,100,0,0,0,0,0,0,60,0,3
653,1124,6.09836,372,100,0,0,0,0,0,0,58,0,3
654,1224,6.12121,404,100,0,0,0,0,0,0,62,0,4
655,1380,6.03175,380,100,0,0,0,0,0,0,62,0,1
656,1300,6.06349,382,100,0,0,0,0,0,0,61,0,2
657,1136,6.06452,376,100,0,0,0,0,0,0,60,0,2
658,1144,6.10526,348,100,0,0,0,0,0,0,54,0,3
659,1500,6.15873,388,100,0,0,0,0,0,0,58,0,5
660,1428,6.13333,368,100,0,0,0,0,0,0,56,0,4
661,1108,6.13333,368,100,0,0,0,0,0,0,56,0,4
662,912,6.23077,324,100,0,0,0,0,0,0,46,0,6
663,1152,6.22951,380,100,0,0,0,0,0,0,54,0,7
664,1100,6.10526,348,100,0,0,0,0,0,0,54,0,3
665,1292,6.0625,388,100,0,0,0,0,0,0,62,0,2
666,1596,6.09524,384,100,0,0,0,0,0,0,60,0,3
667,1568,6.03333,362,100,0,0,0,0,0,0,59,0,1
668,2060,6.09836,372,100,0,0,0,0,0,0,58,0,3
669,1296,6.07143,340,100,0,0,0,0,0,0,54,0,2
670,1656,6.06061,400,100,0,0,0,0,0,0,64,0,2
671,1740,6.13559,362,100,0,0,0,0,0,0,55,0,4
672,1668,6.1,366,100,0,0,0,0,0,0,57,0,3
673,2032,6.2,372,100,0,0,0,0,0,0,54,0,6
674,2368,6.0339,356,100,0,0,0,0,0,0,58,0,1
675,2356,6.06897,352,100,0,0,0,0,0,0,56,0,2
676,2120,6.03448,350,100,0,0,0,0,0,0,57,0,1
677,1716,6.13793,356,100,0,0,0,0,0,0,54,0,4
678,1660,6.0678,358,100,0,0,0,0,0,0,57,0,2
679,1844,6.06897,352,100,0,0,0,0,0,0,56,0,2
680,1496,6.14035,350,100,0,0,0,0,0,0,53,0,4
681,1388,6.06897,352,100,0,0,0,0,0,0,56,0,2
682,1672,6.06452,376,100,0,0,0,0,0,0,60,0,2
683,1648,6,366,100,0,0,0,0,0,0,61,0,0
684,1964,6.10714,342,100,0,0,0,0,0,0,53,0,3
685,1776,6.10714,342,100,0,0,0,0,0,0,53,0,3
686,1580,6.06349,382,100,0,0,0,0,0,0,61,0,2
687,1680,6.10169,360,100,0,0,0,0,0,0,56,0,3
688,1160,6.03333,362,100,0,0,0,0,0,0,59,0,1
689,1116,6,366,100,0,0,0,0,0,0,61,0,0
690,1156,6,372,100,0,0,0,0,0,0,62,0,0
691,1264,6.07018,346,100,0,0,0,0,0,0,55,0,2
692,1008,6.03333,362,100,0,0,0,0,0,0,59,0,1
693,1052,6.0339,356,100,0,0,0,0,0,0,58,0,1
694,948,6.03448,350,100,0,0,0,0,0,0,57,0,1
695,944,6.10345,354,100,0,0,0,0,0,0,55,0,3
696,1300,6.13115,374,100,0,0,0,0,0,0,57,0,4
697,1420,6.13333,368,100,0,0,0,0,0,0,56,0,4
698,1092,6.13793,356,100,0,0,0,0,0,0,54,0,4
699,1384,6.17544,352,100,0,0,0,0,0,0,52,0,5
700,1164,6.2,372,100,0,0,0,0,0,0,54,0,6
701,1228,6.25397,394,100,0,0,0,0,0,0,55,0,8
702,1396,6.14286,344,100,0,0,0,0,0,0,52,0,4
703,1464,6.13333,368,100,0,0,0,0,0,0,56,0,4
704,1448,6.13793,356,100,0,0,0,0,0,0,54,0,4
705,852,6.12903,380,100,0,0,0,0,0,0,58,0,4
706,964,6.09677,378,100,0,0,0,0,0,0,59,0,3
707,1032,6.14286,344,100,0,0,0,0,0,0,52,0,4
708,792,6.11111,330,100,0,0,0,0,0,0,51,0,3
709,840,6.10526,348,100,0,0,0,0,0,0,54,0,3
710,844,6.10526,348,100,0,0,0,0,0,0,54,0,3
711,884,6.1,366,100,0,0,0,0,0,0,57,0,3
712,1116,6.15152,406,100,0,0,0,0,0,0,61,0,5
713,1072,6.12698,386,100,0,0,0,0,0,0,59,0,4
714,928,6.10169,360,100,0,0,0,0,0,0,56,0,3
715,1008,6.17241,358,100,0,0,0,0,0,0,53,0,5
716,1036,6.09524,384,100,0,0,0,0,0,0,60,0,3
717,1008,6.19355,384,100,0,0,0,0,0,0,56,0,6
718,1044,6.2,372,100,0,0,0,0,0,0,54,0,6
719,1036,6.16949,364,100,0,0,0,0,0,0,54,0,5
720,884,6.17544,352,100,0,0,0,0,0,0,52,0,5
721,1036,6.1,366,100,0,0,0,0,0,0,57,0,3
722,980,6.03571,338,100,0,0,0,0,0,0,55,0,1
723,1032,6.03636,332,100,0,0,0,0,0,0,54,0,1
724,1352,6.03175,380,100,0,0,0,0,0,0,62,0,1
725,1196,6.12698,386,100,0,0,0,0,0,0,59,0,4
726,1036,6.06557,370,100,0,0,0,0,0,0,59,0,2
727,980,6.07018,346,100,0,0,0,0,0,0,55,0,2
728,948,6.06154,394,100,0,0,0,0,0,0,63,0,2
729,1000,6.06897,352,100,0,0,0,0,0,0,56,0,2
730,1124,6.06349,382,100,0,0,0,0,0,0,61,0,2
731,1044,6,348,100,0,0,0,0,0,0,58,0,0
732,1436,6.03175,380,100,0,0,0,0,0,0,62,0,1
733,1220,6,312,100,0,0,0,0,0,0,52,0,0
734,1604,6,348,100,0,0,0,0,0,0,58,0,0
735,1172,6,324,100,0,0,0,0,0,0,54,0,0
736,1248,6,336,100,0,0,0,0,0,0,56,0,0
737,1312,6.03571,338,100,0,0,0,0,0,0,55,0,1
738,980,6.03636,332,100,0,0,0,0,0,0,54,0,1
739,1116,6,360,100,0,0,0,0,0,0,60,0,0
740,1328,6.10169,360,100,0,0,0,0,0,0,56,0,3
741,1296,6.08,304,100,0,0,0,0,0,0,48,0,2
742,1372,6.07143,340,100,0,0,0,0,0,0,54,0,2
743,1192,6.14545,338,100,0,0,0,0,0,0,51,0,4
744,1360,6.10526,348,100,0,0,0,0,0,0,54,0,3
745,1312,6.03226,374,100,0,0,0,0,0,0,61,0,1
746,1336,6.03509,344,100,0,0,0,0,0,0,56,0,1
747,1172,6.03509,344,100,0,0,0,0,0,0,56,0,1
748,1236,6.06897,352,100,0,0,0,0,0,0,56,0,2
749,1348,6.13559,362,100,0,0,0,0,0,0,55,0,4
750,1104,6.07018,346,100,0,0,0,0,0,0,55,0,2
751,1036,6.06557,370,100,0,0,0,0,0,0,59,0,2
752,1176,6.12121,404,100,0,0,0,0,0,0,62,0,4
753,1036,6.07018,346,100,0,0,0,0,0,0,55,0,2
754,1276,6.09677,378,100,0,0,0,0,0,0,59,0,3
755,1084,6.11111,330,100,0,0,0,0,0,0,51,0,3
756,1260,6.16949,364,100,0,0,0,0,0,0,54,0,5
757,860,6.14815,332,100,0,0,0,0,0,0,50,0,4
758,1032,6.10526,348,100,0,0,0,0,0,0,54,0,3
759,1092,6.14286,344,100,0,0,0,0,0,0,52,0,4
760,1028,6.14545,338,100,0,0,0,0,0,0,51,0,4
761,1240,6.16129,382,100,0,0,0,0,0,0,57,0,5
762,1168,6.25,350,100,0,0,0,0,0,0,49,0,7
763,1064,6.14035,350,100,0,0,0,0,0,0,53,0,4
764,1164,6.20339,366,100,0,0,0,0,0,0,53,0,6
765,1288,6.13793,356,100,0,0,0,0,0,0,54,0,4
766,1020,6.16949,364,100,0,0,0,0,0,0,54,0,5
767,920,6.17857,346,100,0,0,0,0,0,0,51,0,5
768,1056,6.16949,364,100,0,0,0,0,0,0,54,0,5
769,1272,6.15873,388,100,0,0,0,0,0,0,58,0,5
770,1368,6.1,366,100,0,0,0,0,0,0,57,0,3
771,1320,6.1,366,100,0,0,0,0,0,0,57,0,3
772,1040,6.10714,342,100,0,0,0,0,0,0,53,0,3
773,1096,6.09524,384,100,0,0,0,0,0,0,60,0,3
774,1052,6.16667,370,100,0,0,0,0,0,0,55,0,5
775,1208,6.12698,386,100,0,0,0,0,0,0,59,0,4
776,1004,6.10345,354,100,0,0,0,0,0,0,55,0,3
777,1032,6.30189,334,100,0,0,0,0,0,0,45,0,8
778,976,6.25455,344,100,0,0,0,0,0,0,48,0,7
779,1020,6.28571,396,100,0,0,0,0,0,0,54,0,9
780,1136,6.4127,404,100,0,0,0,0,0,0,50,0,13
781,1096,6.38095,402,100,0,0,0,0,0,0,51,0,12
782,932,6.23333,374,100,0,0,0,0,0,0,53,0,7
783,1092,6.43077,418,100,0,0,0,0,0,0,51,0,14
784,1156,6.33333,418,100,0,0,0,0,0,0,55,0,11
785,1156,6.19672,378,100,0,0,0,0,0,0,55,0,6
786,1340,6.12903,380,100,0,0,0,0,0,0,58,0,4
787,1288,6.15625,394,100,0,0,0,0,0,0,59,0,5
788,1452,6.08955,408,100,0,0,0,0,0,0,64,0,3
789,1596,6.09677,378,100,0,0,0,0,0,0,59,0,3
790,1220,6.16393,376,100,0,0,0,0,0,0,56,0,5
791,1272,6.1,366,100,0,0,0,0,0,0,57,0,3
792,1276,6.13333,368,100,0,0,0,0,0,0,56,0,4
793,1228,6.10526,348,100,0,0,0,0,0,0,54,0,3
794,1356,6.03571,338,100,0,0,0,0,0,0,55,0,1
795,1240,6.12903,380,100,0,0,0,0,0,0,58,0,4
796,1028,6.10909,336,100,0,0,0,0,0,0,52,0,3
797,1096,6.25455,344,100,0,0,0,0,0,0,48,0,7
798,1192,6.10345,354,100,0,0,0,0,0,0,55,0,3
799,1308,6.0678,358,100,0,0,0,0,0,0,57,0,2
800,1208,6.03509,344,100,0,0,0,0,0,0,56,0,1
801,1220,6.10169,360,100,0,0,0,0,0,0,56,0,3
802,1112,6.10526,348,100,0,0,0,0,0,0,54,0,3
803,1204,6.10345,354,100,0,0,0,0,0,0,55,0,3
804,1368,6.03333,362,100,0,0,0,0,0,0,59,0,1
805,1296,6.09836,372,100,0,0,0,0,0,0,58,0,3
806,1340,6,342,100,0,0,0,0,0,0,57,0,0
807,1336,6,390,100,0,0,0,0,0,0,65,0,0
808,1316,6.13115,374,100,0,0,0,0,0,0,57,0,4
809,1388,6.15873,388,100,0,0,0,0,0,0,58,0,5
810,1352,6.16393,376,100,0,0,0,0,0,0,56,0,5
811,1232,6.10345,354,100,0,0,0,0,0,0,55,0,3
812,1092,6.0625,388,100,0,0,0,0,0,0,62,0,2
813,1156,6.09375,390,100,0,0,0,0,0,0,61,0,3
814,1268,6.06667,364,100,0,0,0,0,0,0,58,0,2
815,1352,6.13115,374,100,0,0,0,0,0,0,57,0,4
816,1248,6.17857,346,100,0,0,0,0,0,0,51,0,5
817,1092,6.17544,352,100,0,0,0,0,0,0,52,0,5
818,1084,6.14815,332,100,0,0,0,0,0,0,50,0,4
819,1072,6.07407,328,100,0,0,0,0,0,0,52,0,2
820,1244,6.14035,350,100,0,0,0,0,0,0,53,0,4
821,1100,6.03448,350,100,0,0,0,0,0,0,57,0,1
822,1084,6.03509,344,100,0,0,0,0,0,0,56,0,1
823,1064,6.03636,332,100,0,0,0,0,0,0,54,0,1
824,1180,6.10169,360,100,0,0,0,0,0,0,56,0,3
825,1264,6,360,100,0,0,0,0,0,0,60,0,0
826,1228,6.10345,354,100,0,0,0,0,0,0,55,0,3
827,1260,6.07018,346,100,0,0,0,0,0,0,55,0,2
828,1240,6.0678,358,100,0,0,0,0,0,0,57,0,2
829,1156,6.03333,362,100,0,0,0,0,0,0,59,0,1
830,1236,6.10345,354,100,0,0,0,0,0,0,55,0,3
831,1356,6.13559,362,100,0,0,0,0,0,0,55,0,4
832,1184,6.03333,362,100,0,0,0,0,0,0,59,0,1
833,1328,6.10169,360,100,0,0,0,0,0,0,56,0,3
834,1092,6.11111,330,100,0,0,0,0,0,0,51,0,3
835,1228,6.07143,340,100,0,0,0,0,0,0,54,0,2
836,1376,6.14545,338,100,0,0,0,0,0,0,51,0,4
837,1488,6.21818,342,100,0,0,0,0,0,0,49,0,6
838,1332,6.10909,336,100,0,0,0,0,0,0,52,0,3
839,1380,6.24561,356,100,0,0,0,0,0,0,50,0,7
840,1152,6.32727,348,100,0,0,0,0,0,0,46,0,9
841,944,6.14815,332,100,0,0,0,0,0,0,50,0,4
842,1148,6.13793,356,100,0,0,0,0,0,0,54,0,4
843,1172,6.21429,348,100,0,0,0,0,0,0,50,0,6
844,1152,6.07273,334,100,0,0,0,0,0,0,53,0,2
845,1108,6.2,372,100,0,0,0,0,0,0,54,0,6
846,1304,6.2,372,100,0,0,0,0,0,0,54,0,6
847,1216,6.25455,344,100,0,0,0,0,0,0,48,0,7
848,1216,6.13115,374,100,0,0,0,0,0,0,57,0,4
849,1244,6.3,378,100,0,0,0,0,0,0,51,0,9
850,1392,6.16949,364,100,0,0,0,0,0,0,54,0,5
851,1348,6.10526,348,100,0,0,0,0,0,0,54,0,3
852,1576,6.22222,392,100,0,0,0,0,0,0,56,0,7
853,1416,6.2807,358,100,0,0,0,0,0,0,49,0,8
854,1340,6.21429,348,100,0,0,0,0,0,0,50,0,6
855,1220,6.17857,346,100,0,0,0,0,0,0,51,0,5
856,1488,6.13559,362,100,0,0,0,0,0,0,55,0,4
857,1396,6.14545,338,100,0,0,0,0,0,0,51,0,4
858,1176,6.13793,356,100,0,0,0,0,0,0,54,0,4
859,1268,6.19672,378,100,0,0,0,0,0,0,55,0,6
860,1224,6.13333,368,100,0,0,0,0,0,0,56,0,4
861,1268,6.19672,378,100,0,0,0,0,0,0,55,0,6
862,1108,6.06557,370,100,0,0,0,0,0,0,59,0,2
863,1092,6.10345,354,100,0,0,0,0,0,0,55,0,3
864,1088,6.0678,358,100,0,0,0,0,0,0,57,0,2
865,1220,6.13559,362,100,0,0,0,0,0,0,55,0,4
866,1044,6.18868,328,100,0,0,0,0,0,0,48,0,5
867,1132,6.14545,338,100,0,0,0,0,0,0,51,0,4
868,1068,6.18868,328,100,0,0,0,0,0,0,48,0,5
869,1120,6.10345,354,100,0,0,0,0,0,0,55,0,3
870,1132,6.10345,354,100,0,0,0,0,0,0,55,0,3
871,1140,6.07143,340,100,0,0,0,0,0,0,54,0,2
872,1120,6.06897,352,100,0,0,0,0,0,0,56,0,2
873,1048,6.0678,358,100,0,0,0,0,0,0,57,0,2
874,1188,6.07273,334,100,0,0,0,0,0,0,53,0,2
875,1252,6.10526,348,100,0,0,0,0,0,0,54,0,3
876,1240,6.03448,350,100,0,0,0,0,0,0,57,0,1
877,1180,6.13793,356,100,0,0,0,0,0,0,54,0,4
878,1064,6.03571,338,100,0,0,0,0,0,0,55,0,1
879,1144,6.0339,356,100,0,0,0,0,0,0,58,0,1
880,948,6.10909,336,100,0,0,0,0,0,0,52,0,3
881,1080,6.03448,350,100,0,0,0,0,0,0,57,0,1
882,1136,6,336,100,0,0,0,0,0,0,56,0,0
883,1340,6.13115,374,100,0,0,0,0,0,0,57,0,4
884,1368,6.06557,370,100,0,0,0,0,0,0,59,0,2
885,1012,6.19231,322,100,0,0,0,0,0,0,47,0,5
886,1148,6.21875,398,100,0,0,0,0,0,0,57,0,7
887,1200,6.19048,390,100,0,0,0,0,0,0,57,0,6
888,1224,6.31579,360,100,0,0,0,0,0,0,48,0,9
889,1316,6.2623,382,100,0,0,0,0,0,0,53,0,8
890,1432,6.19355,384,100,0,0,0,0,0,0,56,0,6
891,1424,6.23333,374,100,0,0,0,0,0,0,53,0,7
892,1432,6.16667,370,100,0,0,0,0,0,0,55,0,5
893,1252,6.16393,376,100,0,0,0,0,0,0,56,0,5
894,1488,6.16393,376,100,0,0,0,0,0,0,56,0,5
895,1368,6.06349,382,100,0,0,0,0,0,0,61,0,2
896,1176,6.06897,352,100,0,0,0,0,0,0,56,0,2
897,1176,6.13115,374,100,0,0,0,0,0,0,57,0,4
898,1044,6.15873,388,100,0,0,0,0,0,0,58,0,5
899,908,6.06452,376,100,0,0,0,0,0,0,60,0,2
900,828,6.03125,386,100,0,0,0,0,0,0,63,0,1
901,860,6,360,100,0,0,0,0,0,0,60,0,0
902,804,6.03448,350,100,0,0,0,0,0,0,57,0,1
903,772,6,366,100,0,0,0,0,0,0,61,0,0
904,856,6.03226,374,100,0,0,0,0,0,0,61,0,1
905,864,6.09677,378,100,0,0,0,0,0,0,59,0,3
906,872,6.06154,394,100,0,0,0,0,0,0,63,0,2
907,984,6,372,100,0,0,0,0,0,0,62,0,0
908,896,6.03226,374,100,0,0,0,0,0,0,61,0,1
909,940,6,396,100,0,0,0,0,0,0,66,0,0
910,980,6.03226,374,100,0,0,0,0,0,0,61,0,1
911,944,6.0625,388,100,0,0,0,0,0,0,62,0,2
912,864,6.0625,388,100,0,0,0,0,0,0,62,0,2
913,928,6.12121,404,100,0,0,0,0,0,0,62,0,4
914,932,6.125,392,100,0,0,0,0,0,0,60,0,4
915,1016,6.08333,438,100,0,0,0,0,0,0,69,0,3
916,1032,6.08696,420,100,0,0,0,0,0,0,66,0,3
917,1088,6.12121,404,100,0,0,0,0,0,0,62,0,4
918,1056,6.0597,406,100,0,0,0,0,0,0,65,0,2
919,1216,6.06154,394,100,0,0,0,0,0,0,63,0,2
920,1116,6.0625,388,100,0,0,0,0,0,0,62,0,2
921,1044,6.09524,384,100,0,0,0,0,0,0,60,0,3
922,1052,6.09091,402,100,0,0,0,0,0,0,63,0,3
923,1100,6.06061,400,100,0,0,0,0,0,0,64,0,2
924,1180,6.03279,368,100,0,0,0,0,0,0,60,0,1
925,1196,6.06349,382,100,0,0,0,0,0,0,61,0,2
926,1388,6.06557,370,100,0,0,0,0,0,0,59,0,2
927,1516,6.12308,398,100,0,0,0,0,0,0,61,0,4
928,1276,6.06452,376,100,0,0,0,0,0,0,60,0,2
929,1300,6.06061,400,100,0,0,0,0,0,0,64,0,2
930,1100,6.06557,370,100,0,0,0,0,0,0,59,0,2
931,1020,6.06452,376,100,0,0,0,0,0,0,60,0,2
932,980,6,390,100,0,0,0,0,0,0,65,0,0
933,836,6,366,100,0,0,0,0,0,0,61,0,0
934,940,6,396,100,0,0,0,0,0,0,66,0,0
935,896,6.06452,376,100,0,0,0,0,0,0,60,0,2
936,944,6.06154,394,100,0,0,0,0,0,0,63,0,2
937,996,6.03226,374,100,0,0,0,0,0,0,61,0,1
938,1044,6.0625,388,100,0,0,0,0,0,0,62,0,2
939,932,6,354,100,0,0,0,0,0,0,59,0,0
940,996,6,378,100,0,0,0,0,0,0,63,0,0
941,980,6,366,100,0,0,0,0,0,0,61,0,0
942,1056,6.0303,398,100,0,0,0,0,0,0,65,0,1
943,992,6,378,100,0,0,0,0,0,0,63,0,0
944,1088,6,354,100,0,0,0,0,0,0,59,0,0
945,1132,6,330,100,0,0,0,0,0,0,55,0,0
946,1116,6.03448,350,100,0,0,0,0,0,0,57,0,1
947,1168,6,390,100,0,0,0,0,0,0,65,0,0
948,1192,6,372,100,0,0,0,0,0,0,62,0,0
949,1072,6.03636,332,100,0,0,0,0,0,0,54,0,1
950,1060,6,354,100,0,0,0,0,0,0,59,0,0
951,1036,6.03279,368,100,0,0,0,0,0,0,60,0,1
952,912,6.06897,352,100,0,0,0,0,0,0,56,0,2
953,1000,6.06557,370,100,0,0,0,0,0,0,59,0,2
954,996,6.06897,352,100,0,0,0,0,0,0,56,0,2
955,916,6.03636,332,100,0,0,0,0,0,0,54,0,1
956,920,6.03704,326,100,0,0,0,0,0,0,53,0,1
957,1008,6.03636,332,100,0,0,0,0,0,0,54,0,1
958,1272,6.12121,404,100,0,0,0,0,0,0,62,0,4
959,1044,6.10345,354,100,0,0,0,0,0,0,55,0,3
960,864,6.11321,324,100,0,0,0,0,0,0,50,0,3
961,776,6.11111,330,100,0,0,0,0,0,0,51,0,3
962,928,6.16667,370,100,0,0,0,0,0,0,55,0,5
963,976,6.10169,360,100,0,0,0,0,0,0,56,0,3
964,1068,6.14035,350,100,0,0,0,0,0,0,53,0,4
965,996,6.13115,374,100,0,0,0,0,0,0,57,0,4
966,980,6.10714,342,100,0,0,0,0,0,0,53,0,3
967,844,6.07273,334,100,0,0,0,0,0,0,53,0,2
968,992,6.03226,374,100,0,0,0,0,0,0,61,0,1
969,916,6.0678,358,100,0,0,0,0,0,0,57,0,2
970,984,6.07018,346,100,0,0,0,0,0,0,55,0,2
971,988,6.0339,356,100,0,0,0,0,0,0,58,0,1
972,1048,6.03571,338,100,0,0,0,0,0,0,55,0,1
973,904,6.03636,332,100,0,0,0,0,0,0,54,0,1
974,1016,6,330,100,0,0,0,0,0,0,55,0,0
975,1004,6.10526,348,100,0,0,0,0,0,0,54,0,3
976,944,6.10909,336,100,0,0,0,0,0,0,52,0,3
977,1148,6.06557,370,100,0,0,0,0,0,0,59,0,2
978,1024,6.10169,360,100,0,0,0,0,0,0,56,0,3
979,948,6.10345,354,100,0,0,0,0,0,0,55,0,3
980,924,6.03279,368,100,0,0,0,0,0,0,60,0,1
981,852,6.06667,364,100,0,0,0,0,0,0,58,0,2
982,944,6.06061,400,100,0,0,0,0,0,0,64,0,2
983,888,6.1,366,100,0,0,0,0,0,0,57,0,3
984,1064,6.1,366,100,0,0,0,0,0,0,57,0,3
985,996,6.03333,362,100,0,0,0,0,0,0,59,0,1
986,928,6,360,100,0,0,0,0,0,0,60,0,0
987,940,6.03175,380,100,0,0,0,0,0,0,62,0,1
988,828,6.03175,380,100,0,0,0,0,0,0,62,0,1
989,956,6.03279,368,100,0,0,0,0,0,0,60,0,1
990,992,6.09677,378,100,0,0,0,0,0,0,59,0,3
991,1096,6.09677,378,100,0,0,0,0,0,0,59,0,3
992,992,6.09524,384,100,0,0,0,0,0,0,60,0,3
993,908,6.06667,364,100,0,0,0,0,0,0,58,0,2
994,1156,6.03077,392,100,0,0,0,0,0,0,64,0,1
995,1256,6.06667,364,100,0,0,0,0,0,0,58,0,2
996,1240,6.07143,340,100,0,0,0,0,0,0,54,0,2
997,1468,6.10169,360,100,0,0,0,0,0,0,56,0,3
998,1636,6.12698,386,100,0,0,0,0,0,0,59,0,4
999,1352,6.09836,372,100,0,0,0,0,0,0,58,0,3
