update,points,mean_tasks,total_tasks,total_orgs,task_0,task_1,task_2,task_3,task_4,task_5,task_6,task_7,task_8
0,0,nan,0,8,0,0,0,0,0,0,0,0,0
1,32,6,12,8,0,0,0,0,0,0,2,0,0
2,88,6,36,10,0,0,0,0,0,0,6,0,0
3,84,6,42,11,0,0,0,0,0,0,7,0,0
4,84,6,48,15,0,0,0,0,0,0,8,0,0
5,80,6,60,17,0,0,0,0,0,0,10,0,0
6,156,6.30769,82,22,0,0,0,0,0,0,11,0,2
7,152,6.25,100,28,0,0,0,0,0,0,14,0,2
8,256,6.2,124,34,0,0,0,0,0,0,18,0,2
9,348,6.23077,162,39,0,0,0,0,0,0,23,0,3
10,392,6.41379,186,46,0,0,0,0,0,0,23,0,6
11,420,6.32258,196,53,0,0,0,0,0,0,26,0,5
12,484,6.1,244,59,0,0,0,0,0,0,38,0,2
13,492,6.13333,276,67,0,0,0,0,0,0,42,0,3
14,484,6.125,294,74,0,0,0,0,0,0,45,0,3
15,560,6.16,308,76,0,0,0,0,0,0,46,0,4
16,540,6.07843,310,79,0,0,0,0,0,0,49,0,2
17,612,6.11765,312,83,0,0,0,0,0,0,48,0,3
18,728,6.03571,338,86,0,0,0,0,0,0,55,0,1
19,808,6.06154,394,89,0,0,0,0,0,0,63,0,2
20,936,6.1,366,92,0,0,0,0,0,0,57,0,3
21,856,6.09836,372,92,0,0,0,0,0,0,58,0,3
22,932,6.13333,368,93,0,0,0,0,0,0,56,0,4
23,868,6.06154,394,95,0,0,0,0,0,0,63,0,2
24,916,6.1,366,95,0,0,0,0,0,0,57,0,3
25,1048,6.09375,390,95,0,0,0,0,0,0,61,0,3
26,1144,6.0597,406,96,0,0,0,0,0,0,65,0,2
27,1212,6.0597,406,98,0,0,0,0,0,0,65,0,2
28,1080,6.09091,402,98,0,0,0,0,0,0,63,0,3
29,1092,6.09091,402,98,0,0,0,0,0,0,63,0,3
30,1072,6.06557,370,98,0,0,0,0,0,0,59,0,2
31,1160,6.06557,370,99,0,0,0,0,0,0,59,0,2
32,1060,6.1194,410,99,0,0,0,0,0,0,63,0,4
33,1060,6.12308,398,99,0,0,0,0,0,0,61,0,4
34,1028,6.15873,388,99,0,0,0,0,0,0,58,0,5
35,1068,6.19355,384,99,0,0,0,0,0,0,56,0,6
36,892,6.09231,396,99,0,0,0,0,0,0,62,0,3
37,852,6.05714,424,100,0,0,0,0,0,0,68,0,2
38,884,6.12308,398,100,0,0,0,0,0,0,61,0,4
39,860,6.02941,410,100,0,0,0,0,0,0,67,0,1
40,756,6.06452,376,100,0,0,0,0,0,0,60,0,2
41,920,6.03279,368,100,0,0,0,0,0,0,60,0,1
42,940,6,402,100,0,0,0,0,0,0,67,0,0
43,1052,6.02985,404,100,0,0,0,0,0,0,66,0,1
44,1096,6.06061,400,100,0,0,0,0,0,0,64,0,2
45,1140,6.15873,388,100,0,0,0,0,0,0,58,0,5
46,1232,6.09836,372,100,0,0,0,0,0,0,58,0,3
47,1284,6.09231,396,100,0,0,0,0,0,0,62,0,3
48,1400,6.06557,370,100,0,0,0,0,0,0,59,0,2
49,1336,6,360,100,0,0,0,0,0,0,60,0,0
50,1376,6.06349,382,100,0,0,0,0,0,0,61,0,2
51,1232,6.03509,344,100,0,0,0,0,0,0,56,0,1
52,1392,6.09231,396,100,0,0,0,0,0,0,62,0,3
53,1308,6,360,100,0,0,0,0,0,0,60,0,0
54,1420,6.10169,360,100,0,0,0,0,0,0,56,0,3
55,1288,6.09836,372,100,0,0,0,0,0,0,58,0,3
56,1516,6.09677,378,100,0,0,0,0,0,0,59,0,3
57,1476,6.10169,360,100,0,0,0,0,0,0,56,0,3
58,1248,6.09091,402,100,0,0,0,0,0,0,63,0,3
59,1276,6.06897,352,100,0,0,0,0,0,0,56,0,2
60,1432,6.06557,370,100,0,0,0,0,0,0,59,0,2
61,1800,6.03175,380,100,0,0,0,0,0,0,62,0,1
62,1712,6.03226,374,100,0,0,0,0,0,0,61,0,1
63,1276,6.07143,340,100,0,0,0,0,0,0,54,0,2
64,1236,6.03279,368,100,0,0,0,0,0,0,60,0,1
65,1300,6.03448,350,100,0,0,0,0,0,0,57,0,1
66,1688,6.06557,370,100,0,0,0,0,0,0,59,0,2
67,1560,6.03175,380,100,0,0,0,0,0,0,62,0,1
68,1412,6.03333,362,100,0,0,0,0,0,0,59,0,1
69,1732,6.1,366,100,0,0,0,0,0,0,57,0,3
70,1424,6.11538,318,100,0,0,0,0,0,0,49,0,3
71,1064,6.12245,300,100,0,0,0,0,0,0,46,0,3
72,1188,6.07692,316,100,0,0,0,0,0,0,50,0,2
73,1212,6.10345,354,100,0,0,0,0,0,0,55,0,3
74,1016,6.20339,366,100,0,0,0,0,0,0,53,0,6
75,1072,6.15625,394,100,0,0,0,0,0,0,59,0,5
76,1088,6.15625,394,100,0,0,0,0,0,0,59,0,5
77,936,6.16393,376,100,0,0,0,0,0,0,56,0,5
78,1104,6.27119,370,100,0,0,0,0,0,0,51,0,8
79,980,6.10169,360,100,0,0,0,0,0,0,56,0,3
80,972,6.10345,354,100,0,0,0,0,0,0,55,0,3
81,904,6.10526,348,100,0,0,0,0,0,0,54,0,3
82,972,6.10169,360,100,0,0,0,0,0,0,56,0,3
83,1032,6.2,372,100,0,0,0,0,0,0,54,0,6
84,1184,6.16949,364,100,0,0,0,0,0,0,54,0,5
85,1136,6.15625,394,100,0,0,0,0,0,0,59,0,5
86,1136,6.125,392,100,0,0,0,0,0,0,60,0,4
87,1008,6.06897,352,100,0,0,0,0,0,0,56,0,2
88,1084,6.1,366,100,0,0,0,0,0,0,57,0,3
89,904,6.06667,364,100,0,0,0,0,0,0,58,0,2
90,960,6.0625,388,100,0,0,0,0,0,0,62,0,2
91,820,6,378,100,0,0,0,0,0,0,63,0,0
92,768,6,360,100,0,0,0,0,0,0,60,0,0
93,972,6,348,100,0,0,0,0,0,0,58,0,0
94,856,6.03509,344,100,0,0,0,0,0,0,56,0,1
95,944,6,354,100,0,0,0,0,0,0,59,0,0
96,828,6.06667,364,100,0,0,0,0,0,0,58,0,2
97,840,6,378,100,0,0,0,0,0,0,63,0,0
98,928,6.03226,374,100,0,0,0,0,0,0,61,0,1
99,780,6.03509,344,100,0,0,0,0,0,0,56,0,1
100,1040,6.0625,388,100,0,0,0,0,0,0,62,0,2
101,972,6,372,100,0,0,0,0,0,0,62,0,0
102,1104,6.03125,386,100,0,0,0,0,0,0,63,0,1
103,1044,6.03279,368,100,0,0,0,0,0,0,60,0,1
104,816,6.03571,338,100,0,0,0,0,0,0,55,0,1
105,932,6.03279,368,100,0,0,0,0,0,0,60,0,1
106,952,6.06897,352,100,0,0,0,0,0,0,56,0,2
107,968,6.07018,346,100,0,0,0,0,0,0,55,0,2
108,1060,6.06349,382,100,0,0,0,0,0,0,61,0,2
109,1040,6.03509,344,100,0,0,0,0,0,0,56,0,1
110,956,6,342,100,0,0,0,0,0,0,57,0,0
111,980,6,348,100,0,0,0,0,0,0,58,0,0
112,936,6.0339,356,100,0,0,0,0,0,0,58,0,1
113,908,6,318,100,0,0,0,0,0,0,53,0,0
114,948,6.03509,344,100,0,0,0,0,0,0,56,0,1
115,1048,6,360,100,0,0,0,0,0,0,60,0,0
116,1116,6.0339,356,100,0,0,0,0,0,0,58,0,1
117,1112,6.0625,388,100,0,0,0,0,0,0,62,0,2
118,1096,6.03125,386,100,0,0,0,0,0,0,63,0,1
119,956,6.03279,368,100,0,0,0,0,0,0,60,0,1
120,1100,6.06667,364,100,0,0,0,0,0,0,58,0,2
121,1180,6.09677,378,100,0,0,0,0,0,0,59,0,3
122,1352,6.09524,384,100,0,0,0,0,0,0,60,0,3
123,1528,6.06154,394,100,0,0,0,0,0,0,63,0,2
124,1508,6.03125,386,100,0,0,0,0,0,0,63,0,1
125,1640,6.03279,368,100,0,0,0,0,0,0,60,0,1
126,1728,6.03175,380,100,0,0,0,0,0,0,62,0,1
127,1908,6.03279,368,100,0,0,0,0,0,0,60,0,1
128,1616,6.03333,362,100,0,0,0,0,0,0,59,0,1
129,1476,6.10714,342,100,0,0,0,0,0,0,53,0,3
130,1764,6.10345,354,100,0,0,0,0,0,0,55,0,3
131,2036,6.03333,362,100,0,0,0,0,0,0,59,0,1
132,1504,6.03571,338,100,0,0,0,0,0,0,55,0,1
133,1076,6.06667,364,100,0,0,0,0,0,0,58,0,2
134,1152,6.0678,358,100,0,0,0,0,0,0,57,0,2
135,1300,6.03279,368,100,0,0,0,0,0,0,60,0,1
136,1244,6.03226,374,100,0,0,0,0,0,0,61,0,1
137,1348,6.03077,392,100,0,0,0,0,0,0,64,0,1
138,1328,6,348,100,0,0,0,0,0,0,58,0,0
139,1312,6.03448,350,100,0,0,0,0,0,0,57,0,1
140,1408,6.03226,374,100,0,0,0,0,0,0,61,0,1
141,1140,6,354,100,0,0,0,0,0,0,59,0,0
142,1168,6,348,100,0,0,0,0,0,0,58,0,0
143,1176,6.03333,362,100,0,0,0,0,0,0,59,0,1
144,1112,6,342,100,0,0,0,0,0,0,57,0,0
145,1252,6,372,100,0,0,0,0,0,0,62,0,0
146,1000,6.03175,380,100,0,0,0,0,0,0,62,0,1
147,888,6,360,100,0,0,0,0,0,0,60,0,0
148,816,6.07143,340,100,0,0,0,0,0,0,54,0,2
149,1012,6.06452,376,100,0,0,0,0,0,0,60,0,2
150,928,6.09677,378,100,0,0,0,0,0,0,59,0,3
151,1020,6.06349,382,100,0,0,0,0,0,0,61,0,2
152,944,6.125,392,100,0,0,0,0,0,0,60,0,4
153,864,6.0339,356,100,0,0,0,0,0,0,58,0,1
154,932,6.03279,368,100,0,0,0,0,0,0,60,0,1
155,1040,6.03125,386,100,0,0,0,0,0,0,63,0,1
156,872,6.0339,356,100,0,0,0,0,0,0,58,0,1
157,1028,6,378,100,0,0,0,0,0,0,63,0,0
158,960,6.06667,364,100,0,0,0,0,0,0,58,0,2
159,960,6.03226,374,100,0,0,0,0,0,0,61,0,1
160,1060,6.06349,382,100,0,0,0,0,0,0,61,0,2
161,988,6.03226,374,100,0,0,0,0,0,0,61,0,1
162,980,6.1,366,100,0,0,0,0,0,0,57,0,3
163,1032,6,372,100,0,0,0,0,0,0,62,0,0
164,968,6.03448,350,100,0,0,0,0,0,0,57,0,1
165,944,6.07273,334,100,0,0,0,0,0,0,53,0,2
166,808,6,324,100,0,0,0,0,0,0,54,0,0
167,1028,6.06667,364,100,0,0,0,0,0,0,58,0,2
168,1032,6,336,100,0,0,0,0,0,0,56,0,0
169,1044,6.03279,368,100,0,0,0,0,0,0,60,0,1
170,916,6,336,100,0,0,0,0,0,0,56,0,0
171,940,6.07273,334,100,0,0,0,0,0,0,53,0,2
172,912,6.07143,340,100,0,0,0,0,0,0,54,0,2
173,1024,6,378,100,0,0,0,0,0,0,63,0,0
174,892,6,342,100,0,0,0,0,0,0,57,0,0
175,932,6,354,100,0,0,0,0,0,0,59,0,0
176,1040,6.0339,356,100,0,0,0,0,0,0,58,0,1
177,1028,6.10526,348,100,0,0,0,0,0,0,54,0,3
178,1088,6.13559,362,100,0,0,0,0,0,0,55,0,4
179,956,6,360,100,0,0,0,0,0,0,60,0,0
180,1124,6.03175,380,100,0,0,0,0,0,0,62,0,1
181,884,6.03704,326,100,0,0,0,0,0,0,53,0,1
182,892,6.03571,338,100,0,0,0,0,0,0,55,0,1
183,1056,6.03448,350,100,0,0,0,0,0,0,57,0,1
184,1036,6.03509,344,100,0,0,0,0,0,0,56,0,1
185,1184,6.06557,370,100,0,0,0,0,0,0,59,0,2
186,1152,6.03636,332,100,0,0,0,0,0,0,54,0,1
187,1064,6,360,100,0,0,0,0,0,0,60,0,0
188,1132,6.0339,356,100,0,0,0,0,0,0,58,0,1
189,1152,6.03333,362,100,0,0,0,0,0,0,59,0,1
190,1328,6,366,100,0,0,0,0,0,0,61,0,0
191,1332,6,354,100,0,0,0,0,0,0,59,0,0
192,1220,6.03279,368,100,0,0,0,0,0,0,60,0,1
193,1416,6,384,100,0,0,0,0,0,0,64,0,0
194,1348,6.03333,362,100,0,0,0,0,0,0,59,0,1
195,1084,6,330,100,0,0,0,0,0,0,55,0,0
196,1052,6.03509,344,100,0,0,0,0,0,0,56,0,1
197,1124,6.03279,368,100,0,0,0,0,0,0,60,0,1
198,1120,6.0678,358,100,0,0,0,0,0,0,57,0,2
199,1032,6.1,366,100,0,0,0,0,0,0,57,0,3
200,1012,6.09836,372,100,0,0,0,0,0,0,58,0,3
201,1088,6.06897,352,100,0,0,0,0,0,0,56,0,2
202,1252,6.1,366,100,0,0,0,0,0,0,57,0,3
203,832,6.03774,320,100,0,0,0,0,0,0,52,0,1
204,996,6.10909,336,100,0,0,0,0,0,0,52,0,3
205,964,6.13793,356,100,0,0,0,0,0,0,54,0,4
206,912,6.07547,322,100,0,0,0,0,0,0,51,0,2
207,1000,6.06557,370,100,0,0,0,0,0,0,59,0,2
208,1016,6.06154,394,100,0,0,0,0,0,0,63,0,2
209,872,6.08955,408,100,0,0,0,0,0,0,64,0,3
210,736,6.19048,390,100,0,0,0,0,0,0,57,0,6
211,816,6.12698,386,100,0,0,0,0,0,0,59,0,4
212,908,6.09677,378,100,0,0,0,0,0,0,59,0,3
213,840,6.06452,376,100,0,0,0,0,0,0,60,0,2
214,992,6.06349,382,100,0,0,0,0,0,0,61,0,2
215,968,6.03175,380,100,0,0,0,0,0,0,62,0,1
216,972,6.03175,380,100,0,0,0,0,0,0,62,0,1
217,1044,6.03226,374,100,0,0,0,0,0,0,61,0,1
218,1112,6.03226,374,100,0,0,0,0,0,0,61,0,1
219,1096,6.06897,352,100,0,0,0,0,0,0,56,0,2
220,1020,6.0678,358,100,0,0,0,0,0,0,57,0,2
221,1012,6.03509,344,100,0,0,0,0,0,0,56,0,1
222,832,6.10714,342,100,0,0,0,0,0,0,53,0,3
223,980,6.03509,344,100,0,0,0,0,0,0,56,0,1
224,1040,6.0678,358,100,0,0,0,0,0,0,57,0,2
225,892,6.07143,340,100,0,0,0,0,0,0,54,0,2
226,808,6.03333,362,100,0,0,0,0,0,0,59,0,1
227,948,6.0339,356,100,0,0,0,0,0,0,58,0,1
228,1012,6.0678,358,100,0,0,0,0,0,0,57,0,2
229,856,6.03125,386,100,0,0,0,0,0,0,63,0,1
230,968,6.03175,380,100,0,0,0,0,0,0,62,0,1
231,912,6.03279,368,100,0,0,0,0,0,0,60,0,1
232,992,6.09231,396,100,0,0,0,0,0,0,62,0,3
233,1048,6.06061,400,100,0,0,0,0,0,0,64,0,2
234,912,6.09677,378,100,0,0,0,0,0,0,59,0,3
235,896,6.06667,364,100,0,0,0,0,0,0,58,0,2
236,940,6.05882,412,100,0,0,0,0,0,0,66,0,2
237,940,6.1,366,100,0,0,0,0,0,0,57,0,3
238,792,6.09091,402,100,0,0,0,0,0,0,63,0,3
239,924,6.125,392,100,0,0,0,0,0,0,60,0,4
240,784,6.09836,372,100,0,0,0,0,0,0,58,0,3
241,888,6.09231,396,100,0,0,0,0,0,0,62,0,3
242,780,6.06452,376,100,0,0,0,0,0,0,60,0,2
243,1008,6.0597,406,100,0,0,0,0,0,0,65,0,2
244,1072,6.03125,386,100,0,0,0,0,0,0,63,0,1
245,960,6.07018,346,100,0,0,0,0,0,0,55,0,2
246,916,6.03571,338,100,0,0,0,0,0,0,55,0,1
247,944,6.06557,370,100,0,0,0,0,0,0,59,0,2
248,832,6,366,100,0,0,0,0,0,0,61,0,0
249,1052,6.03077,392,100,0,0,0,0,0,0,64,0,1
250,896,6.06557,370,100,0,0,0,0,0,0,59,0,2
251,968,6.13333,368,100,0,0,0,0,0,0,56,0,4
252,1152,6.125,392,100,0,0,0,0,0,0,60,0,4
253,1068,6.10345,354,100,0,0,0,0,0,0,55,0,3
254,1036,6.10345,354,100,0,0,0,0,0,0,55,0,3
255,1076,6.17241,358,100,0,0,0,0,0,0,53,0,5
256,1092,6.17241,358,100,0,0,0,0,0,0,53,0,5
257,1120,6.10345,354,100,0,0,0,0,0,0,55,0,3
258,996,6.1,366,100,0,0,0,0,0,0,57,0,3
259,1012,6.1,366,100,0,0,0,0,0,0,57,0,3
260,1156,6.06349,382,100,0,0,0,0,0,0,61,0,2
261,1132,6.19048,390,100,0,0,0,0,0,0,57,0,6
262,984,6.06667,364,100,0,0,0,0,0,0,58,0,2
263,996,6.15385,400,100,0,0,0,0,0,0,60,0,5
264,912,6.19355,384,100,0,0,0,0,0,0,56,0,6
265,844,6.2,372,100,0,0,0,0,0,0,54,0,6
266,1112,6.23333,374,100,0,0,0,0,0,0,53,0,7
267,1072,6.30508,372,100,0,0,0,0,0,0,50,0,9
268,940,6.2623,382,100,0,0,0,0,0,0,53,0,8
269,948,6.36667,382,100,0,0,0,0,0,0,49,0,11
270,1012,6.29032,390,100,0,0,0,0,0,0,53,0,9
271,1056,6.23729,368,100,0,0,0,0,0,0,52,0,7
272,908,6.26667,376,100,0,0,0,0,0,0,52,0,8
273,1080,6.26866,420,100,0,0,0,0,0,0,58,0,9
274,1120,6.22951,380,100,0,0,0,0,0,0,54,0,7
275,1076,6.19048,390,100,0,0,0,0,0,0,57,0,6
276,1032,6.13333,368,100,0,0,0,0,0,0,56,0,4
277,1012,6.07018,346,100,0,0,0,0,0,0,55,0,2
278,1100,6.0678,358,100,0,0,0,0,0,0,57,0,2
279,1208,6.03125,386,100,0,0,0,0,0,0,63,0,1
280,1272,6.10526,348,100,0,0,0,0,0,0,54,0,3
281,1100,6.13793,356,100,0,0,0,0,0,0,54,0,4
282,1092,6.13333,368,100,0,0,0,0,0,0,56,0,4
283,1204,6.16393,376,100,0,0,0,0,0,0,56,0,5
284,920,6.2069,360,100,0,0,0,0,0,0,52,0,6
285,792,6.10714,342,100,0,0,0,0,0,0,53,0,3
286,900,6.03333,362,100,0,0,0,0,0,0,59,0,1
287,968,6.0339,356,100,0,0,0,0,0,0,58,0,1
288,1068,6,360,100,0,0,0,0,0,0,60,0,0
289,1104,6.12903,380,100,0,0,0,0,0,0,58,0,4
290,1032,6.0339,356,100,0,0,0,0,0,0,58,0,1
291,1044,6.12903,380,100,0,0,0,0,0,0,58,0,4
292,1068,6.0625,388,100,0,0,0,0,0,0,62,0,2
293,812,6.03571,338,100,0,0,0,0,0,0,55,0,1
294,932,6.10526,348,100,0,0,0,0,0,0,54,0,3
295,912,6.15625,394,100,0,0,0,0,0,0,59,0,5
296,980,6.06154,394,100,0,0,0,0,0,0,63,0,2
297,928,6.13115,374,100,0,0,0,0,0,0,57,0,4
298,996,6.09524,384,100,0,0,0,0,0,0,60,0,3
299,1184,6.12308,398,100,0,0,0,0,0,0,61,0,4
300,964,6.10169,360,100,0,0,0,0,0,0,56,0,3
301,1212,6.04478,405,100,0,0,0,0,0,0,65,1,1
302,1044,6.03279,368,100,0,0,0,0,0,0,60,0,1
303,1104,6.06557,370,100,0,0,0,0,0,0,59,0,2
304,1036,6.07018,346,100,0,0,0,0,0,0,55,0,2
305,1192,6.09836,372,100,0,0,0,0,0,0,58,0,3
306,936,6.13333,368,100,0,0,0,0,0,0,56,0,4
307,940,6.06667,364,100,0,0,0,0,0,0,58,0,2
308,976,6.06557,370,100,0,0,0,0,0,0,59,0,2
309,872,6.11111,330,100,0,0,0,0,0,0,51,0,3
310,1032,6.06349,382,100,0,0,0,0,0,0,61,0,2
311,860,6.1,366,100,0,0,0,0,0,0,57,0,3
312,984,6.06667,364,100,0,0,0,0,0,0,58,0,2
313,980,6.0678,358,100,0,0,0,0,0,0,57,0,2
314,1052,6.13559,362,100,0,0,0,0,0,0,55,0,4
315,980,6.09836,372,100,0,0,0,0,0,0,58,0,3
316,996,6.10169,360,100,0,0,0,0,0,0,56,0,3
317,1076,6.09677,378,100,0,0,0,0,0,0,59,0,3
318,896,6.0339,356,100,0,0,0,0,0,0,58,0,1
319,1032,6.09375,390,100,0,0,0,0,0,0,61,0,3
320,988,6.09524,384,100,0,0,0,0,0,0,60,0,3
321,1056,6.0625,388,100,0,0,0,0,0,0,62,0,2
322,1104,6.09231,396,100,0,0,0,0,0,0,62,0,3
323,992,6.06667,364,100,0,0,0,0,0,0,58,0,2
324,908,6.09375,390,100,0,0,0,0,0,0,61,0,3
325,932,6.06349,382,100,0,0,0,0,0,0,61,0,2
326,756,6.14545,338,100,0,0,0,0,0,0,51,0,4
327,944,6.09677,378,100,0,0,0,0,0,0,59,0,3
328,1036,6.09524,384,100,0,0,0,0,0,0,60,0,3
329,972,6.1,366,100,0,0,0,0,0,0,57,0,3
330,932,6.24561,356,100,0,0,0,0,0,0,50,0,7
331,896,6.19672,378,100,0,0,0,0,0,0,55,0,6
332,964,6.12903,380,100,0,0,0,0,0,0,58,0,4
333,932,6.0678,358,100,0,0,0,0,0,0,57,0,2
334,1032,6.09836,372,100,0,0,0,0,0,0,58,0,3
335,976,6.03279,368,100,0,0,0,0,0,0,60,0,1
336,1052,6.06061,400,100,0,0,0,0,0,0,64,0,2
337,1068,6.13559,362,100,0,0,0,0,0,0,55,0,4
338,948,6,378,100,0,0,0,0,0,0,63,0,0
339,1020,6.25,400,100,0,0,0,0,0,0,56,0,8
340,852,6.06349,382,100,0,0,0,0,0,0,61,0,2
341,784,6.1,366,100,0,0,0,0,0,0,57,0,3
342,824,6.10714,342,100,0,0,0,0,0,0,53,0,3
343,960,6.09091,402,100,0,0,0,0,0,0,63,0,3
344,828,6.09836,372,100,0,0,0,0,0,0,58,0,3
345,844,6.10169,360,100,0,0,0,0,0,0,56,0,3
346,916,6.09375,390,100,0,0,0,0,0,0,61,0,3
347,960,6.09091,402,100,0,0,0,0,0,0,63,0,3
348,964,6.12698,386,100,0,0,0,0,0,0,59,0,4
349,1008,6.125,392,100,0,0,0,0,0,0,60,0,4
350,952,6.0678,358,100,0,0,0,0,0,0,57,0,2
351,996,6.06667,364,100,0,0,0,0,0,0,58,0,2
352,828,6.10169,360,100,0,0,0,0,0,0,56,0,3
353,808,6.06667,364,100,0,0,0,0,0,0,58,0,2
354,996,6.10526,348,100,0,0,0,0,0,0,54,0,3
355,960,6.03279,368,100,0,0,0,0,0,0,60,0,1
356,940,6.03175,380,100,0,0,0,0,0,0,62,0,1
357,1048,6.09375,390,100,0,0,0,0,0,0,61,0,3
358,1168,6.0625,388,100,0,0,0,0,0,0,62,0,2
359,880,6,360,100,0,0,0,0,0,0,60,0,0
360,960,6.03226,374,100,0,0,0,0,0,0,61,0,1
361,1152,6.03077,392,100,0,0,0,0,0,0,64,0,1
362,1020,6.03333,362,100,0,0,0,0,0,0,59,0,1
363,1100,6.03125,386,100,0,0,0,0,0,0,63,0,1
364,1056,6.03226,374,100,0,0,0,0,0,0,61,0,1
365,980,6.03448,350,100,0,0,0,0,0,0,57,0,1
366,1008,6.06667,364,100,0,0,0,0,0,0,58,0,2
367,1100,6.06154,394,100,0,0,0,0,0,0,63,0,2
368,1112,6,384,100,0,0,0,0,0,0,64,0,0
369,1020,6.10345,354,100,0,0,0,0,0,0,55,0,3
370,1084,6.03226,374,100,0,0,0,0,0,0,61,0,1
371,944,6,366,100,0,0,0,0,0,0,61,0,0
372,868,6.03226,374,100,0,0,0,0,0,0,61,0,1
373,928,6.09375,390,100,0,0,0,0,0,0,61,0,3
374,1032,6.13559,362,100,0,0,0,0,0,0,55,0,4
375,940,6.03333,362,100,0,0,0,0,0,0,59,0,1
376,956,6.03448,350,100,0,0,0,0,0,0,57,0,1
377,980,6.06061,400,100,0,0,0,0,0,0,64,0,2
378,1068,6.09677,378,100,0,0,0,0,0,0,59,0,3
379,1164,6.13115,374,100,0,0,0,0,0,0,57,0,4
380,864,6.06667,364,100,0,0,0,0,0,0,58,0,2
381,1116,6.09375,390,100,0,0,0,0,0,0,61,0,3
382,1168,6.20339,366,100,0,0,0,0,0,0,53,0,6
383,1144,6.10169,360,100,0,0,0,0,0,0,56,0,3
384,1164,6.10345,354,100,0,0,0,0,0,0,55,0,3
385,1112,6.07018,346,100,0,0,0,0,0,0,55,0,2
386,940,6.13793,356,100,0,0,0,0,0,0,54,0,4
387,908,6.06557,370,100,0,0,0,0,0,0,59,0,2
388,1036,6.17241,358,100,0,0,0,0,0,0,53,0,5
389,1088,6.06557,370,100,0,0,0,0,0,0,59,0,2
390,1032,6.03704,326,100,0,0,0,0,0,0,53,0,1
391,1132,6.0339,356,100,0,0,0,0,0,0,58,0,1
392,1072,6.06557,370,100,0,0,0,0,0,0,59,0,2
393,1060,6.10345,354,100,0,0,0,0,0,0,55,0,3
394,1040,6.09524,384,100,0,0,0,0,0,0,60,0,3
395,1016,6.10345,354,100,0,0,0,0,0,0,55,0,3
396,948,6.11111,330,100,0,0,0,0,0,0,51,0,3
397,1008,6.14035,350,100,0,0,0,0,0,0,53,0,4
398,1056,6.2069,360,100,0,0,0,0,0,0,52,0,6
399,1076,6.18519,334,100,0,0,0,0,0,0,49,0,5
400,1120,6.03509,344,100,0,0,0,0,0,0,56,0,1
401,1264,6.07143,340,100,0,0,0,0,0,0,54,0,2
402,1216,6.03333,362,100,0,0,0,0,0,0,59,0,1
403,1028,6.03333,362,100,0,0,0,0,0,0,59,0,1
404,1372,6.0625,388,100,0,0,0,0,0,0,62,0,2
405,1244,6.0339,356,100,0,0,0,0,0,0,58,0,1
406,1336,6.03077,392,100,0,0,0,0,0,0,64,0,1
407,1324,6,360,100,0,0,0,0,0,0,60,0,0
408,1176,6,342,100,0,0,0,0,0,0,57,0,0
409,1392,6.0625,388,100,0,0,0,0,0,0,62,0,2
410,1440,6.06349,382,100,0,0,0,0,0,0,61,0,2
411,1304,6.03333,362,100,0,0,0,0,0,0,59,0,1
412,1572,6.03448,350,100,0,0,0,0,0,0,57,0,1
413,1672,6.07273,334,100,0,0,0,0,0,0,53,0,2
414,1620,6.10345,354,100,0,0,0,0,0,0,55,0,3
415,1608,6.125,392,100,0,0,0,0,0,0,60,0,4
416,1604,6.1,366,100,0,0,0,0,0,0,57,0,3
417,1640,6.06897,352,100,0,0,0,0,0,0,56,0,2
418,1952,6.10169,360,100,0,0,0,0,0,0,56,0,3
419,1992,6.07407,328,100,0,0,0,0,0,0,52,0,2
420,1768,6,348,100,0,0,0,0,0,0,58,0,0
421,1764,6.17857,346,100,0,0,0,0,0,0,51,0,5
422,1420,6.17857,346,100,0,0,0,0,0,0,51,0,5
423,1724,6.17241,358,100,0,0,0,0,0,0,53,0,5
424,2144,6.06667,364,100,0,0,0,0,0,0,58,0,2
425,1852,6.16129,382,100,0,0,0,0,0,0,57,0,5
426,2056,6.10526,348,100,0,0,0,0,0,0,54,0,3
427,2176,6.13793,356,100,0,0,0,0,0,0,54,0,4
428,1492,6.07273,334,100,0,0,0,0,0,0,53,0,2
429,1436,6.10909,336,100,0,0,0,0,0,0,52,0,3
430,1644,6.15385,320,100,0,0,0,0,0,0,48,0,4
431,1664,6.17241,358,100,0,0,0,0,0,0,53,0,5
432,1700,6.10526,348,100,0,0,0,0,0,0,54,0,3
433,1612,6.11765,312,100,0,0,0,0,0,0,48,0,3
434,1516,6.21818,342,100,0,0,0,0,0,0,49,0,6
435,1620,6.03448,350,100,0,0,0,0,0,0,57,0,1
436,1772,6.11111,330,100,0,0,0,0,0,0,51,0,3
437,1564,6.03509,344,100,0,0,0,0,0,0,56,0,1
438,1344,6,366,100,0,0,0,0,0,0,61,0,0
439,1328,6.17241,358,100,0,0,0,0,0,0,53,0,5
440,1380,6.06897,352,100,0,0,0,0,0,0,56,0,2
441,1512,6,348,100,0,0,0,0,0,0,58,0,0
442,1652,6.03279,368,100,0,0,0,0,0,0,60,0,1
443,1844,6.06349,382,100,0,0,0,0,0,0,61,0,2
444,1852,6.0303,398,100,0,0,0,0,0,0,65,0,1
445,1716,6.03279,368,100,0,0,0,0,0,0,60,0,1
446,1844,6,366,100,0,0,0,0,0,0,61,0,0
447,1884,6,342,100,0,0,0,0,0,0,57,0,0
448,1548,6,348,100,0,0,0,0,0,0,58,0,0
449,1236,6.06897,352,100,0,0,0,0,0,0,56,0,2
450,1188,6,354,100,0,0,0,0,0,0,59,0,0
451,1268,6.07018,346,100,0,0,0,0,0,0,55,0,2
452,1276,6.10345,354,100,0,0,0,0,0,0,55,0,3
453,1132,6.03571,338,100,0,0,0,0,0,0,55,0,1
454,944,6.03448,350,100,0,0,0,0,0,0,57,0,1
455,1012,6.03448,350,100,0,0,0,0,0,0,57,0,1
456,1132,6.06557,370,100,0,0,0,0,0,0,59,0,2
457,1120,6,366,100,0,0,0,0,0,0,61,0,0
458,1188,6.03175,380,100,0,0,0,0,0,0,62,0,1
459,1104,6.03333,362,100,0,0,0,0,0,0,59,0,1
460,1076,6.10169,360,100,0,0,0,0,0,0,56,0,3
461,960,6.14035,350,100,0,0,0,0,0,0,53,0,4
462,1032,6.2,372,100,0,0,0,0,0,0,54,0,6
463,1144,6.10714,342,100,0,0,0,0,0,0,53,0,3
464,1120,6.1,366,100,0,0,0,0,0,0,57,0,3
465,932,6.10526,348,100,0,0,0,0,0,0,54,0,3
466,932,6.06349,382,100,0,0,0,0,0,0,61,0,2
467,888,6.12903,380,100,0,0,0,0,0,0,58,0,4
468,1092,6.17391,426,100,0,0,0,0,0,0,63,0,6
469,1040,6.32258,392,100,0,0,0,0,0,0,52,0,10
470,868,6.16667,370,100,0,0,0,0,0,0,55,0,5
471,872,6.22222,392,100,0,0,0,0,0,0,56,0,7
472,892,6.29032,390,100,0,0,0,0,0,0,53,0,9
473,1016,6.16393,376,100,0,0,0,0,0,0,56,0,5
474,856,6.13559,362,100,0,0,0,0,0,0,55,0,4
475,1056,6.06667,364,100,0,0,0,0,0,0,58,0,2
476,1020,6.12903,380,100,0,0,0,0,0,0,58,0,4
477,1016,6.0625,388,100,0,0,0,0,0,0,62,0,2
478,976,6.06897,352,100,0,0,0,0,0,0,56,0,2
479,940,6.09836,372,100,0,0,0,0,0,0,58,0,3
480,1024,6.16393,376,100,0,0,0,0,0,0,56,0,5
481,952,6.13333,368,100,0,0,0,0,0,0,56,0,4
482,964,6.13115,374,100,0,0,0,0,0,0,57,0,4
483,908,6.17544,352,100,0,0,0,0,0,0,52,0,5
484,984,6.13333,368,100,0,0,0,0,0,0,56,0,4
485,1028,6.19672,378,100,0,0,0,0,0,0,55,0,6
486,972,6.14286,344,100,0,0,0,0,0,0,52,0,4
487,1040,6.0678,358,100,0,0,0,0,0,0,57,0,2
488,1124,6,348,100,0,0,0,0,0,0,58,0,0
489,1108,6.07143,340,100,0,0,0,0,0,0,54,0,2
490,1068,6,342,100,0,0,0,0,0,0,57,0,0
491,1324,6.09677,378,100,0,0,0,0,0,0,59,0,3
492,1272,6.03509,344,100,0,0,0,0,0,0,56,0,1
493,1136,6.0339,356,100,0,0,0,0,0,0,58,0,1
494,1124,6.03333,362,100,0,0,0,0,0,0,59,0,1
495,1152,6,378,100,0,0,0,0,0,0,63,0,0
496,1124,6.03077,392,100,0,0,0,0,0,0,64,0,1
497,1152,6.05797,418,100,0,0,0,0,0,0,67,0,2
498,1100,6.06667,364,100,0,0,0,0,0,0,58,0,2
499,1272,6.09677,378,100,0,0,0,0,0,0,59,0,3
500,1272,6.06667,364,100,0,0,0,0,0,0,58,0,2
501,1344,6,360,100,0,0,0,0,0,0,60,0,0
502,1460,6,360,100,0,0,0,0,0,0,60,0,0
503,1196,6,330,100,0,0,0,0,0,0,55,0,0
504,976,6.0339,356,100,0,0,0,0,0,0,58,0,1
505,1060,6,366,100,0,0,0,0,0,0,61,0,0
506,1232,6,378,100,0,0,0,0,0,0,63,0,0
507,1180,6,360,100,0,0,0,0,0,0,60,0,0
508,1216,6,372,100,0,0,0,0,0,0,62,0,0
509,1188,6.0339,356,100,0,0,0,0,0,0,58,0,1
510,1240,6,354,100,0,0,0,0,0,0,59,0,0
511,1204,6.13793,356,100,0,0,0,0,0,0,54,0,4
512,952,6.03279,368,100,0,0,0,0,0,0,60,0,1
513,904,6.03175,380,100,0,0,0,0,0,0,62,0,1
514,1028,6.06349,382,100,0,0,0,0,0,0,61,0,2
515,1188,6.16129,382,100,0,0,0,0,0,0,57,0,5
516,1216,6.12903,380,100,0,0,0,0,0,0,58,0,4
517,1268,6.03279,368,100,0,0,0,0,0,0,60,0,1
518,1500,6.16949,364,100,0,0,0,0,0,0,54,0,5
519,1512,6.16667,370,100,0,0,0,0,0,0,55,0,5
520,1668,6.09375,390,100,0,0,0,0,0,0,61,0,3
521,1160,6.16129,382,100,0,0,0,0,0,0,57,0,5
522,1072,6.125,392,100,0,0,0,0,0,0,60,0,4
523,920,6.14286,344,100,0,0,0,0,0,0,52,0,4
524,1000,6.12903,380,100,0,0,0,0,0,0,58,0,4
525,944,6.19355,384,100,0,0,0,0,0,0,56,0,6
526,912,6.16129,382,100,0,0,0,0,0,0,57,0,5
527,1092,6.16949,364,100,0,0,0,0,0,0,54,0,5
528,936,6.12903,380,100,0,0,0,0,0,0,58,0,4
529,764,6.11111,330,100,0,0,0,0,0,0,51,0,3
530,852,6.13793,356,100,0,0,0,0,0,0,54,0,4
531,872,6.26667,376,100,0,0,0,0,0,0,52,0,8
532,912,6.1875,396,100,0,0,0,0,0,0,58,0,6
533,848,6.29508,384,100,0,0,0,0,0,0,52,0,9
534,804,6.16393,376,100,0,0,0,0,0,0,56,0,5
535,764,6.09836,372,100,0,0,0,0,0,0,58,0,3
536,780,6.06452,376,100,0,0,0,0,0,0,60,0,2
537,892,6.16129,382,100,0,0,0,0,0,0,57,0,5
538,832,6.0678,358,100,0,0,0,0,0,0,57,0,2
539,812,6.10714,342,100,0,0,0,0,0,0,53,0,3
540,868,6.03333,362,100,0,0,0,0,0,0,59,0,1
541,932,6.09677,378,100,0,0,0,0,0,0,59,0,3
542,956,6.03333,362,100,0,0,0,0,0,0,59,0,1
543,904,6.03509,344,100,0,0,0,0,0,0,56,0,1
544,868,6.03571,338,100,0,0,0,0,0,0,55,0,1
545,872,6.13793,356,100,0,0,0,0,0,0,54,0,4
546,1016,6.10345,354,100,0,0,0,0,0,0,55,0,3
547,884,6.10714,342,100,0,0,0,0,0,0,53,0,3
548,1016,6.10526,348,100,0,0,0,0,0,0,54,0,3
549,1080,6.13115,374,100,0,0,0,0,0,0,57,0,4
550,980,6.17544,352,100,0,0,0,0,0,0,52,0,5
551,1144,6.10345,354,100,0,0,0,0,0,0,55,0,3
552,1088,6.14035,350,100,0,0,0,0,0,0,53,0,4
553,1072,6.2623,382,100,0,0,0,0,0,0,53,0,8
554,1064,6.21053,354,100,0,0,0,0,0,0,51,0,6
555,1080,6.13559,362,100,0,0,0,0,0,0,55,0,4
556,1060,6.23333,374,100,0,0,0,0,0,0,53,0,7
557,1156,6.16949,364,100,0,0,0,0,0,0,54,0,5
558,912,6.14815,332,100,0,0,0,0,0,0,50,0,4
559,1176,6.16129,382,100,0,0,0,0,0,0,57,0,5
560,1296,6.16667,370,100,0,0,0,0,0,0,55,0,5
561,1224,6.0678,358,100,0,0,0,0,0,0,57,0,2
562,1204,6.13793,356,100,0,0,0,0,0,0,54,0,4
563,1244,6.12903,380,100,0,0,0,0,0,0,58,0,4
564,1084,6.09836,372,100,0,0,0,0,0,0,58,0,3
565,972,6.03636,332,100,0,0,0,0,0,0,54,0,1
566,1064,6.06897,352,100,0,0,0,0,0,0,56,0,2
567,832,6.10526,348,100,0,0,0,0,0,0,54,0,3
568,848,6.13333,368,100,0,0,0,0,0,0,56,0,4
569,1004,6.21538,404,100,0,0,0,0,0,0,58,0,7
570,1000,6.22951,380,100,0,0,0,0,0,0,54,0,7
571,960,6.2,372,100,0,0,0,0,0,0,54,0,6
572,944,6.10169,360,100,0,0,0,0,0,0,56,0,3
573,1160,6.15385,400,100,0,0,0,0,0,0,60,0,5
574,1112,6.16393,376,100,0,0,0,0,0,0,56,0,5
575,1032,6.10526,348,100,0,0,0,0,0,0,54,0,3
576,1212,6.15385,400,100,0,0,0,0,0,0,60,0,5
577,984,6.13793,356,100,0,0,0,0,0,0,54,0,4
578,932,6.13793,356,100,0,0,0,0,0,0,54,0,4
579,1092,6.13333,368,100,0,0,0,0,0,0,56,0,4
580,1208,6.10909,336,100,0,0,0,0,0,0,52,0,3
581,1292,6.09677,378,100,0,0,0,0,0,0,59,0,3
582,1268,6.07143,340,100,0,0,0,0,0,0,54,0,2
583,1344,6.12698,386,100,0,0,0,0,0,0,59,0,4
584,1336,6.10345,354,100,0,0,0,0,0,0,55,0,3
585,1348,6.10345,354,100,0,0,0,0,0,0,55,0,3
586,1016,6.07018,346,100,0,0,0,0,0,0,55,0,2
587,1184,6.10714,342,100,0,0,0,0,0,0,53,0,3
588,1224,6.09524,384,100,0,0,0,0,0,0,60,0,3
589,1008,6.03175,380,100,0,0,0,0,0,0,62,0,1
590,1104,6.09677,378,100,0,0,0,0,0,0,59,0,3
591,1124,6.06349,382,100,0,0,0,0,0,0,61,0,2
592,924,6.06154,394,100,0,0,0,0,0,0,63,0,2
593,884,6.06349,382,100,0,0,0,0,0,0,61,0,2
594,892,6.09091,402,100,0,0,0,0,0,0,63,0,3
595,952,6.05797,418,100,0,0,0,0,0,0,67,0,2
596,972,6.0303,398,100,0,0,0,0,0,0,65,0,1
597,840,6.07143,340,100,0,0,0,0,0,0,54,0,2
598,912,6.0597,406,100,0,0,0,0,0,0,65,0,2
599,972,6,378,100,0,0,0,0,0,0,63,0,0
600,952,6,366,100,0,0,0,0,0,0,61,0,0
601,948,6,390,100,0,0,0,0,0,0,65,0,0
602,816,6.03279,368,100,0,0,0,0,0,0,60,0,1
603,900,6,366,100,0,0,0,0,0,0,61,0,0
604,876,6.06667,364,100,0,0,0,0,0,0,58,0,2
605,1104,6.10169,360,100,0,0,0,0,0,0,56,0,3
606,1024,6.03226,374,100,0,0,0,0,0,0,61,0,1
607,952,6.1,366,100,0,0,0,0,0,0,57,0,3
608,980,6.09836,372,100,0,0,0,0,0,0,58,0,3
609,944,6.10345,354,100,0,0,0,0,0,0,55,0,3
610,748,6,330,100,0,0,0,0,0,0,55,0,0
611,980,6.09091,402,100,0,0,0,0,0,0,63,0,3
612,964,6.10526,348,100,0,0,0,0,0,0,54,0,3
613,880,6.10345,354,100,0,0,0,0,0,0,55,0,3
614,940,6.09836,372,100,0,0,0,0,0,0,58,0,3
615,1144,6.06667,364,100,0,0,0,0,0,0,58,0,2
616,1216,6.10169,360,100,0,0,0,0,0,0,56,0,3
617,1328,6.10345,354,100,0,0,0,0,0,0,55,0,3
618,1524,6.09836,372,100,0,0,0,0,0,0,58,0,3
619,1392,6.06349,382,100,0,0,0,0,0,0,61,0,2
620,1588,6,366,100,0,0,0,0,0,0,61,0,0
621,1452,6.03509,344,100,0,0,0,0,0,0,56,0,1
622,1340,6,366,100,0,0,0,0,0,0,61,0,0
623,1020,6,360,100,0,0,0,0,0,0,60,0,0
624,1100,6,360,100,0,0,0,0,0,0,60,0,0
625,1056,6,348,100,0,0,0,0,0,0,58,0,0
626,936,6,360,100,0,0,0,0,0,0,60,0,0
627,988,6,372,100,0,0,0,0,0,0,62,0,0
628,1036,6.06557,370,100,0,0,0,0,0,0,59,0,2
629,888,6.06349,382,100,0,0,0,0,0,0,61,0,2
630,888,6.10169,360,100,0,0,0,0,0,0,56,0,3
631,1076,6.12698,386,100,0,0,0,0,0,0,59,0,4
632,1072,6.06154,394,100,0,0,0,0,0,0,63,0,2
633,1048,6.06452,376,100,0,0,0,0,0,0,60,0,2
634,908,6.03333,362,100,0,0,0,0,0,0,59,0,1
635,932,6,360,100,0,0,0,0,0,0,60,0,0
636,996,6.06349,382,100,0,0,0,0,0,0,61,0,2
637,1060,6.03077,392,100,0,0,0,0,0,0,64,0,1
638,984,6.06452,376,100,0,0,0,0,0,0,60,0,2
639,996,6.0625,388,100,0,0,0,0,0,0,62,0,2
640,1056,6.03077,392,100,0,0,0,0,0,0,64,0,1
641,948,6.06349,382,100,0,0,0,0,0,0,61,0,2
642,1016,6.03077,392,100,0,0,0,0,0,0,64,0,1
643,992,6.03279,368,100,0,0,0,0,0,0,60,0,1
644,976,6.06897,352,100,0,0,0,0,0,0,56,0,2
645,1040,6.09836,372,100,0,0,0,0,0,0,58,0,3
646,1000,6.06557,370,100,0,0,0,0,0,0,59,0,2
647,804,6.06557,370,100,0,0,0,0,0,0,59,0,2
648,972,6.02899,416,100,0,0,0,0,0,0,68,0,1
649,984,6.02985,404,100,0,0,0,0,0,0,66,0,1
650,856,6.0339,356,100,0,0,0,0,0,0,58,0,1
651,880,6.03226,374,100,0,0,0,0,0,0,61,0,1
652,872,6.03448,350,100,0,0,0,0,0,0,57,0,1
653,860,6.03279,368,100,0,0,0,0,0,0,60,0,1
654,932,6.03333,362,100,0,0,0,0,0,0,59,0,1
655,980,6,366,100,0,0,0,0,0,0,61,0,0
656,896,6,372,100,0,0,0,0,0,0,62,0,0
657,884,6,348,100,0,0,0,0,0,0,58,0,0
658,900,6.0339,356,100,0,0,0,0,0,0,58,0,1
659,928,6,372,100,0,0,0,0,0,0,62,0,0
660,1024,6,348,100,0,0,0,0,0,0,58,0,0
661,1084,6,360,100,0,0,0,0,0,0,60,0,0
662,1112,6,372,100,0,0,0,0,0,0,62,0,0
663,928,6,360,100,0,0,0,0,0,0,60,0,0
664,884,6,342,100,0,0,0,0,0,0,57,0,0
665,888,6.03448,350,100,0,0,0,0,0,0,57,0,1
666,976,6,354,100,0,0,0,0,0,0,59,0,0
667,956,6,378,100,0,0,0,0,0,0,63,0,0
668,932,6.0303,398,100,0,0,0,0,0,0,65,0,1
669,948,6.03175,380,100,0,0,0,0,0,0,62,0,1
670,920,6.03448,350,100,0,0,0,0,0,0,57,0,1
671,960,6.03279,368,100,0,0,0,0,0,0,60,0,1
672,912,6.03226,374,100,0,0,0,0,0,0,61,0,1
673,908,6.03279,368,100,0,0,0,0,0,0,60,0,1
674,912,6.03509,344,100,0,0,0,0,0,0,56,0,1
675,936,6,372,100,0,0,0,0,0,0,62,0,0
676,916,6.03175,380,100,0,0,0,0,0,0,62,0,1
677,924,6,372,100,0,0,0,0,0,0,62,0,0
678,948,6,378,100,0,0,0,0,0,0,63,0,0
679,1076,6.03226,374,100,0,0,0,0,0,0,61,0,1
680,1152,6,372,100,0,0,0,0,0,0,62,0,0
681,1088,6,336,100,0,0,0,0,0,0,56,0,0
682,956,6,366,100,0,0,0,0,0,0,61,0,0
683,1180,6.03077,392,100,0,0,0,0,0,0,64,0,1
684,1144,6,360,100,0,0,0,0,0,0,60,0,0
685,828,6,360,100,0,0,0,0,0,0,60,0,0
686,980,6.03226,374,100,0,0,0,0,0,0,61,0,1
687,1036,6,354,100,0,0,0,0,0,0,59,0,0
688,1032,6,348,100,0,0,0,0,0,0,58,0,0
689,1060,6,366,100,0,0,0,0,0,0,61,0,0
690,932,6,348,100,0,0,0,0,0,0,58,0,0
691,1076,6.06349,382,100,0,0,0,0,0,0,61,0,2
692,1108,6.13115,374,100,0,0,0,0,0,0,57,0,4
693,1044,6.07143,340,100,0,0,0,0,0,0,54,0,2
694,1072,6.06897,352,100,0,0,0,0,0,0,56,0,2
695,876,6.10345,354,100,0,0,0,0,0,0,55,0,3
696,956,6.10345,354,100,0,0,0,0,0,0,55,0,3
697,944,6.125,392,100,0,0,0,0,0,0,60,0,4
698,864,6.07407,328,100,0,0,0,0,0,0,52,0,2
699,972,6.03125,386,100,0,0,0,0,0,0,63,0,1
700,972,6.09524,384,100,0,0,0,0,0,0,60,0,3
701,1088,6.0625,388,100,0,0,0,0,0,0,62,0,2
702,992,6.06557,370,100,0,0,0,0,0,0,59,0,2
703,1088,6.09677,378,100,0,0,0,0,0,0,59,0,3
704,1104,6.06154,394,100,0,0,0,0,0,0,63,0,2
705,1188,6.03125,386,100,0,0,0,0,0,0,63,0,1
706,1108,6.03077,392,100,0,0,0,0,0,0,64,0,1
707,1136,6.03509,344,100,0,0,0,0,0,0,56,0,1
708,1108,6,366,100,0,0,0,0,0,0,61,0,0
709,1204,6,372,100,0,0,0,0,0,0,62,0,0
710,1136,6,360,100,0,0,0,0,0,0,60,0,0
711,1104,6,378,100,0,0,0,0,0,0,63,0,0
712,1108,6,384,100,0,0,0,0,0,0,64,0,0
713,1272,6,396,100,0,0,0,0,0,0,66,0,0
714,912,6,384,100,0,0,0,0,0,0,64,0,0
715,1144,6,390,100,0,0,0,0,0,0,65,0,0
716,1048,6.03175,380,100,0,0,0,0,0,0,62,0,1
717,984,6.03125,386,100,0,0,0,0,0,0,63,0,1
718,992,6.06154,394,100,0,0,0,0,0,0,63,0,2
719,944,6.0339,356,100,0,0,0,0,0,0,58,0,1
720,980,6.0625,388,100,0,0,0,0,0,0,62,0,2
721,1084,6.09375,390,100,0,0,0,0,0,0,61,0,3
722,988,6,354,100,0,0,0,0,0,0,59,0,0
723,920,6.03279,368,100,0,0,0,0,0,0,60,0,1
724,1088,6.0625,388,100,0,0,0,0,0,0,62,0,2
725,1084,6.03077,392,100,0,0,0,0,0,0,64,0,1
726,1068,6,396,100,0,0,0,0,0,0,66,0,0
727,1060,6,390,100,0,0,0,0,0,0,65,0,0
728,1072,6.09524,384,100,0,0,0,0,0,0,60,0,3
729,980,6.03226,374,100,0,0,0,0,0,0,61,0,1
730,1020,6.03077,392,100,0,0,0,0,0,0,64,0,1
731,820,6.03125,386,100,0,0,0,0,0,0,63,0,1
732,772,6.03175,380,100,0,0,0,0,0,0,62,0,1
733,824,6,384,100,0,0,0,0,0,0,64,0,0
734,876,6,402,100,0,0,0,0,0,0,67,0,0
735,972,6,396,100,0,0,0,0,0,0,66,0,0
736,900,6,384,100,0,0,0,0,0,0,64,0,0
737,864,6,390,100,0,0,0,0,0,0,65,0,0
738,900,6.06452,376,100,0,0,0,0,0,0,60,0,2
739,920,6.06154,394,100,0,0,0,0,0,0,63,0,2
740,904,6.06061,400,100,0,0,0,0,0,0,64,0,2
741,832,6.03077,392,100,0,0,0,0,0,0,64,0,1
742,972,6.08696,420,100,0,0,0,0,0,0,66,0,3
743,900,6.09677,378,100,0,0,0,0,0,0,59,0,3
744,988,6.09524,384,100,0,0,0,0,0,0,60,0,3
745,920,6.09836,372,100,0,0,0,0,0,0,58,0,3
746,1128,6.06061,400,100,0,0,0,0,0,0,64,0,2
747,864,6.10345,354,100,0,0,0,0,0,0,55,0,3
748,1008,6.06061,400,100,0,0,0,0,0,0,64,0,2
749,1084,6.06452,376,100,0,0,0,0,0,0,60,0,2
750,1128,6.03333,362,100,0,0,0,0,0,0,59,0,1
751,1188,6.06154,394,100,0,0,0,0,0,0,63,0,2
752,1084,6.09524,384,100,0,0,0,0,0,0,60,0,3
753,1036,6.0339,356,100,0,0,0,0,0,0,58,0,1
754,1140,6.03226,374,100,0,0,0,0,0,0,61,0,1
755,1204,6.09375,390,100,0,0,0,0,0,0,61,0,3
756,1136,6.03226,374,100,0,0,0,0,0,0,61,0,1
757,944,6.06349,382,100,0,0,0,0,0,0,61,0,2
758,848,6.13333,368,100,0,0,0,0,0,0,56,0,4
759,880,6.09231,396,100,0,0,0,0,0,0,62,0,3
760,832,6.09677,378,100,0,0,0,0,0,0,59,0,3
761,852,6.12121,404,100,0,0,0,0,0,0,62,0,4
762,884,6.05714,424,100,0,0,0,0,0,0,68,0,2
763,764,6.08824,414,100,0,0,0,0,0,0,65,0,3
764,784,6.06154,394,100,0,0,0,0,0,0,63,0,2
765,728,6.06667,364,100,0,0,0,0,0,0,58,0,2
766,756,6.06897,352,100,0,0,0,0,0,0,56,0,2
767,728,6.09836,372,100,0,0,0,0,0,0,58,0,3
768,920,6,396,100,0,0,0,0,0,0,66,0,0
769,836,6.09231,396,100,0,0,0,0,0,0,62,0,3
770,888,6.0597,406,100,0,0,0,0,0,0,65,0,2
771,844,6.09231,396,100,0,0,0,0,0,0,62,0,3
772,732,6.06061,400,100,0,0,0,0,0,0,64,0,2
773,840,6.05797,418,100,0,0,0,0,0,0,67,0,2
774,820,6.03226,374,100,0,0,0,0,0,0,61,0,1
775,760,6,360,100,0,0,0,0,0,0,60,0,0
776,884,6.03226,374,100,0,0,0,0,0,0,61,0,1
777,784,6.0678,358,100,0,0,0,0,0,0,57,0,2
778,736,6.06557,370,100,0,0,0,0,0,0,59,0,2
779,868,6,378,100,0,0,0,0,0,0,63,0,0
780,648,6.03279,368,100,0,0,0,0,0,0,60,0,1
781,844,6.1,366,100,0,0,0,0,0,0,57,0,3
782,780,6.06349,382,100,0,0,0,0,0,0,61,0,2
783,800,6.03175,380,100,0,0,0,0,0,0,62,0,1
784,772,6,372,100,0,0,0,0,0,0,62,0,0
785,768,6,384,100,0,0,0,0,0,0,64,0,0
786,748,6,372,100,0,0,0,0,0,0,62,0,0
787,968,6.02941,410,100,0,0,0,0,0,0,67,0,1
788,876,6.06452,376,100,0,0,0,0,0,0,60,0,2
789,836,6.09836,372,100,0,0,0,0,0,0,58,0,3
790,852,6.06349,382,100,0,0,0,0,0,0,61,0,2
791,948,6.09231,396,100,0,0,0,0,0,0,62,0,3
792,944,6.10526,348,100,0,0,0,0,0,0,54,0,3
793,828,6.06557,370,100,0,0,0,0,0,0,59,0,2
794,1008,6.06061,400,100,0,0,0,0,0,0,64,0,2
795,1060,6.02941,410,100,0,0,0,0,0,0,67,0,1
796,1028,6.0303,398,100,0,0,0,0,0,0,65,0,1
797,992,6.03175,380,100,0,0,0,0,0,0,62,0,1
798,1060,6,414,100,0,0,0,0,0,0,69,0,0
799,1156,6.06349,382,100,0,0,0,0,0,0,61,0,2
800,1076,6,360,100,0,0,0,0,0,0,60,0,0
801,1144,6.0339,356,100,0,0,0,0,0,0,58,0,1
802,1164,6,390,100,0,0,0,0,0,0,65,0,0
803,1012,6,378,100,0,0,0,0,0,0,63,0,0
804,1112,6.02899,416,100,0,0,0,0,0,0,68,0,1
805,1052,6.03279,368,100,0,0,0,0,0,0,60,0,1
806,1112,6.03125,386,100,0,0,0,0,0,0,63,0,1
807,1036,6.03333,362,100,0,0,0,0,0,0,59,0,1
808,996,6.03279,368,100,0,0,0,0,0,0,60,0,1
809,1048,6,348,100,0,0,0,0,0,0,58,0,0
810,972,6,348,100,0,0,0,0,0,0,58,0,0
811,1008,6,372,100,0,0,0,0,0,0,62,0,0
812,1084,6.0678,358,100,0,0,0,0,0,0,57,0,2
813,948,6.0339,356,100,0,0,0,0,0,0,58,0,1
814,860,6.03704,326,100,0,0,0,0,0,0,53,0,1
815,888,6.07018,346,100,0,0,0,0,0,0,55,0,2
816,920,6.06667,364,100,0,0,0,0,0,0,58,0,2
817,848,6.03279,368,100,0,0,0,0,0,0,60,0,1
818,860,6,336,100,0,0,0,0,0,0,56,0,0
819,944,6.03125,386,100,0,0,0,0,0,0,63,0,1
820,856,6.03333,362,100,0,0,0,0,0,0,59,0,1
821,852,6.07018,346,100,0,0,0,0,0,0,55,0,2
822,1016,6.09677,378,100,0,0,0,0,0,0,59,0,3
823,1156,6.13333,368,100,0,0,0,0,0,0,56,0,4
824,1292,6,336,100,0,0,0,0,0,0,56,0,0
825,1316,6.0339,356,100,0,0,0,0,0,0,58,0,1
826,1456,6.06154,394,100,0,0,0,0,0,0,63,0,2
827,1352,6,372,100,0,0,0,0,0,0,62,0,0
828,1136,6.03279,368,100,0,0,0,0,0,0,60,0,1
829,1192,6.10345,354,100,0,0,0,0,0,0,55,0,3
830,1308,6.03279,368,100,0,0,0,0,0,0,60,0,1
831,1532,6.09375,390,100,0,0,0,0,0,0,61,0,3
832,1376,6.06667,364,100,0,0,0,0,0,0,58,0,2
833,1328,6.03509,344,100,0,0,0,0,0,0,56,0,1
834,1468,6,336,100,0,0,0,0,0,0,56,0,0
835,1492,6.06897,352,100,0,0,0,0,0,0,56,0,2
836,1592,6.10714,342,100,0,0,0,0,0,0,53,0,3
837,1404,6.0339,356,100,0,0,0,0,0,0,58,0,1
838,1332,6.07407,328,100,0,0,0,0,0,0,52,0,2
839,1452,6.07273,334,100,0,0,0,0,0,0,53,0,2
840,1168,6,318,100,0,0,0,0,0,0,53,0,0
841,1324,6.13333,368,100,0,0,0,0,0,0,56,0,4
842,1288,6.10714,342,100,0,0,0,0,0,0,53,0,3
843,1240,6.10909,336,100,0,0,0,0,0,0,52,0,3
844,1376,6.18182,340,100,0,0,0,0,0,0,50,0,5
845,1272,6.30769,328,100,0,0,0,0,0,0,44,0,8
846,1436,6.21818,342,100,0,0,0,0,0,0,49,0,6
847,1312,6.22222,336,100,0,0,0,0,0,0,48,0,6
848,1176,6.11111,330,100,0,0,0,0,0,0,51,0,3
849,996,6.11538,318,100,0,0,0,0,0,0,49,0,3
850,996,6.07143,340,100,0,0,0,0,0,0,54,0,2
851,1088,6.1,366,100,0,0,0,0,0,0,57,0,3
852,960,6.13793,356,100,0,0,0,0,0,0,54,0,4
853,988,6.13793,356,100,0,0,0,0,0,0,54,0,4
854,988,6.19355,384,100,0,0,0,0,0,0,56,0,6
855,988,6.13793,356,100,0,0,0,0,0,0,54,0,4
856,1000,6.125,392,100,0,0,0,0,0,0,60,0,4
857,964,6.13793,356,100,0,0,0,0,0,0,54,0,4
858,972,6.16393,376,100,0,0,0,0,0,0,56,0,5
859,968,6.09836,372,100,0,0,0,0,0,0,58,0,3
860,832,6,354,100,0,0,0,0,0,0,59,0,0
861,904,6.1,366,100,0,0,0,0,0,0,57,0,3
862,1016,6.06154,394,100,0,0,0,0,0,0,63,0,2
863,1064,6.0303,398,100,0,0,0,0,0,0,65,0,1
864,920,6.09677,378,100,0,0,0,0,0,0,59,0,3
865,1112,6.09375,390,100,0,0,0,0,0,0,61,0,3
866,1152,6.06349,382,100,0,0,0,0,0,0,61,0,2
867,1156,6.09836,372,100,0,0,0,0,0,0,58,0,3
868,1268,6.09231,396,100,0,0,0,0,0,0,62,0,3
869,832,6.06452,376,100,0,0,0,0,0,0,60,0,2
870,1052,6.02985,404,100,0,0,0,0,0,0,66,0,1
871,1068,6.03125,386,100,0,0,0,0,0,0,63,0,1
872,1240,6.03175,380,100,0,0,0,0,0,0,62,0,1
873,1088,6.09524,384,100,0,0,0,0,0,0,60,0,3
874,1392,6.0597,406,100,0,0,0,0,0,0,65,0,2
875,1148,6.09524,384,100,0,0,0,0,0,0,60,0,3
876,1100,6.06667,364,100,0,0,0,0,0,0,58,0,2
877,1480,6.0625,388,100,0,0,0,0,0,0,62,0,2
878,1304,6,372,100,0,0,0,0,0,0,62,0,0
879,1452,6.09375,390,100,0,0,0,0,0,0,61,0,3
880,1204,6.07692,316,100,0,0,0,0,0,0,50,0,2
881,1336,6.06667,364,100,0,0,0,0,0,0,58,0,2
882,1284,6.07143,340,100,0,0,0,0,0,0,54,0,2
883,1524,6,342,100,0,0,0,0,0,0,57,0,0
884,1424,6.03448,350,100,0,0,0,0,0,0,57,0,1
885,964,6.03279,368,100,0,0,0,0,0,0,60,0,1
886,1036,6.10909,336,100,0,0,0,0,0,0,52,0,3
887,1052,6,372,100,0,0,0,0,0,0,62,0,0
888,1156,6.09524,384,100,0,0,0,0,0,0,60,0,3
889,1044,6.07143,340,100,0,0,0,0,0,0,54,0,2
890,968,6.06667,364,100,0,0,0,0,0,0,58,0,2
891,1032,6.03448,350,100,0,0,0,0,0,0,57,0,1
892,1064,6.03226,374,100,0,0,0,0,0,0,61,0,1
893,1200,6.13793,356,100,0,0,0,0,0,0,54,0,4
894,1372,6.08955,408,100,0,0,0,0,0,0,64,0,3
895,972,6.13559,362,100,0,0,0,0,0,0,55,0,4
896,864,6.19355,384,100,0,0,0,0,0,0,56,0,6
897,1060,6.09524,384,100,0,0,0,0,0,0,60,0,3
898,936,6.06349,382,100,0,0,0,0,0,0,61,0,2
899,1040,6.06667,364,100,0,0,0,0,0,0,58,0,2
900,1004,6.06349,382,100,0,0,0,0,0,0,61,0,2
901,1024,6.1,366,100,0,0,0,0,0,0,57,0,3
902,972,6.10345,354,100,0,0,0,0,0,0,55,0,3
903,932,6.16667,370,100,0,0,0,0,0,0,55,0,5
904,968,6.03333,362,100,0,0,0,0,0,0,59,0,1
905,1040,6.16393,376,100,0,0,0,0,0,0,56,0,5
906,1128,6.09375,390,100,0,0,0,0,0,0,61,0,3
907,1112,6.03333,362,100,0,0,0,0,0,0,59,0,1
908,1112,6.07018,346,100,0,0,0,0,0,0,55,0,2
909,1128,6.21053,354,100,0,0,0,0,0,0,51,0,6
910,1108,6.2069,360,100,0,0,0,0,0,0,52,0,6
911,1100,6.17241,358,100,0,0,0,0,0,0,53,0,5
912,1128,6.17241,358,100,0,0,0,0,0,0,53,0,5
913,1100,6.10169,360,100,0,0,0,0,0,0,56,0,3
914,1072,6.17544,352,100,0,0,0,0,0,0,52,0,5
915,1060,6.16129,382,100,0,0,0,0,0,0,57,0,5
916,1164,6.16393,376,100,0,0,0,0,0,0,56,0,5
917,1072,6.19672,378,100,0,0,0,0,0,0,55,0,6
918,1168,6.16393,376,100,0,0,0,0,0,0,56,0,5
919,1068,6.13333,368,100,0,0,0,0,0,0,56,0,4
920,1008,6.09836,372,100,0,0,0,0,0,0,58,0,3
921,856,6.09836,372,100,0,0,0,0,0,0,58,0,3
922,916,6,342,100,0,0,0,0,0,0,57,0,0
923,860,6,342,100,0,0,0,0,0,0,57,0,0
924,976,6,354,100,0,0,0,0,0,0,59,0,0
925,912,6.0339,356,100,0,0,0,0,0,0,58,0,1
926,1044,6.06667,364,100,0,0,0,0,0,0,58,0,2
927,1024,6.03279,368,100,0,0,0,0,0,0,60,0,1
928,1020,6,378,100,0,0,0,0,0,0,63,0,0
929,908,6,324,100,0,0,0,0,0,0,54,0,0
930,884,6.03448,350,100,0,0,0,0,0,0,57,0,1
931,900,6.06452,376,100,0,0,0,0,0,0,60,0,2
932,940,6.06557,370,100,0,0,0,0,0,0,59,0,2
933,992,6.06349,382,100,0,0,0,0,0,0,61,0,2
934,1028,6.10526,348,100,0,0,0,0,0,0,54,0,3
935,988,6.03279,368,100,0,0,0,0,0,0,60,0,1
936,1120,6,360,100,0,0,0,0,0,0,60,0,0
937,980,6,336,100,0,0,0,0,0,0,56,0,0
938,960,6,336,100,0,0,0,0,0,0,56,0,0
939,1004,6,354,100,0,0,0,0,0,0,59,0,0
940,1024,6.10345,354,100,0,0,0,0,0,0,55,0,3
941,992,6.0678,358,100,0,0,0,0,0,0,57,0,2
942,892,6.10526,348,100,0,0,0,0,0,0,54,0,3
943,856,6.09524,384,100,0,0,0,0,0,0,60,0,3
944,820,6.12903,380,100,0,0,0,0,0,0,58,0,4
945,1048,6.19355,384,100,0,0,0,0,0,0,56,0,6
946,1032,6.24138,362,100,0,0,0,0,0,0,51,0,7
947,968,6.2,372,100,0,0,0,0,0,0,54,0,6
948,896,6.18182,340,100,0,0,0,0,0,0,50,0,5
949,924,6.27119,370,100,0,0,0,0,0,0,51,0,8
950,856,6.16667,370,100,0,0,0,0,0,0,55,0,5
951,896,6.13559,362,100,0,0,0,0,0,0,55,0,4
952,844,6.10714,342,100,0,0,0,0,0,0,53,0,3
953,960,6.17241,358,100,0,0,0,0,0,0,53,0,5
954,968,6.09836,372,100,0,0,0,0,0,0,58,0,3
955,948,6.2069,360,100,0,0,0,0,0,0,52,0,6
956,1196,6.12903,380,100,0,0,0,0,0,0,58,0,4
957,1188,6.0678,358,100,0,0,0,0,0,0,57,0,2
958,1088,6.0678,358,100,0,0,0,0,0,0,57,0,2
959,952,6.1,366,100,0,0,0,0,0,0,57,0,3
960,1056,6.06061,400,100,0,0,0,0,0,0,64,0,2
961,1056,6.09836,372,100,0,0,0,0,0,0,58,0,3
962,1108,6,348,100,0,0,0,0,0,0,58,0,0
963,1040,6.06557,370,100,0,0,0,0,0,0,59,0,2
964,1216,6.09677,378,100,0,0,0,0,0,0,59,0,3
965,1144,6.12698,386,100,0,0,0,0,0,0,59,0,4
966,1088,6.16949,364,100,0,0,0,0,0,0,54,0,5
967,1244,6.14925,412,100,0,0,0,0,0,0,62,0,5
968,1132,6.14925,412,100,0,0,0,0,0,0,62,0,5
969,1040,6.09677,378,100,0,0,0,0,0,0,59,0,3
970,1052,6.19048,390,100,0,0,0,0,0,0,57,0,6
971,1148,6.12698,386,100,0,0,0,0,0,0,59,0,4
972,1044,6.23333,374,100,0,0,0,0,0,0,53,0,7
973,1056,6.17241,358,100,0,0,0,0,0,0,53,0,5
974,1188,6.13115,374,100,0,0,0,0,0,0,57,0,4
975,1192,6.26667,376,100,0,0,0,0,0,0,52,0,8
976,1136,6.1875,396,100,0,0,0,0,0,0,58,0,6
977,1076,6.15873,388,100,0,0,0,0,0,0,58,0,5
978,1064,6.17544,352,100,0,0,0,0,0,0,52,0,5
979,1088,6.22581,386,100,0,0,0,0,0,0,55,0,7
980,1008,6.22951,380,100,0,0,0,0,0,0,54,0,7
981,1116,6.25806,388,100,0,0,0,0,0,0,54,0,8
982,912,6.21429,348,100,0,0,0,0,0,0,50,0,6
983,1068,6.21875,398,100,0,0,0,0,0,0,57,0,7
984,936,6.1,366,100,0,0,0,0,0,0,57,0,3
985,1168,6.19048,390,100,0,0,0,0,0,0,57,0,6
986,960,6.21429,348,100,0,0,0,0,0,0,50,0,6
987,1120,6.20339,366,100,0,0,0,0,0,0,53,0,6
988,1104,6.26667,376,100,0,0,0,0,0,0,52,0,8
989,1136,6.2623,382,100,0,0,0,0,0,0,53,0,8
990,1064,6.18519,334,100,0,0,0,0,0,0,49,0,5
991,1184,6.16393,376,100,0,0,0,0,0,0,56,0,5
992,1116,6.2,372,100,0,0,0,0,0,0,54,0,6
993,1120,6.21538,404,100,0,0,0,0,0,0,58,0,7
994,1176,6.25806,388,100,0,0,0,0,0,0,54,0,8
995,1208,6.40678,378,100,0,0,0,0,0,0,47,0,12
996,1168,6.29091,346,100,0,0,0,0,0,0,47,0,8
997,1348,6.37288,376,100,0,0,0,0,0,0,48,0,11
998,1244,6.31579,360,100,0,0,0,0,0,0,48,0,9
999,1452,6.22581,386,100,0,0,0,0,0,0,55,0,7
