update,points,mean_tasks,total_tasks,total_orgs,task_0,task_1,task_2,task_3,task_4,task_5,task_6,task_7,task_8,task_9
0,0,nan,0,10,0,0,0,0,0,0,0,0,0,0
1,0,nan,0,10,0,0,0,0,0,0,0,0,0,0
2,0,nan,0,10,0,0,0,0,0,0,0,0,0,0
3,0,nan,0,10,0,0,0,0,0,0,0,0,0,0
4,0,nan,0,10,0,0,0,0,0,0,0,0,0,0
5,0,nan,0,10,0,0,0,0,0,0,0,0,0,0
6,44,9,9,11,0,0,0,0,0,0,0,0,0,1
7,0,9,9,11,0,0,0,0,0,0,0,0,0,1
8,0,9,9,11,0,0,0,0,0,0,0,0,0,1
9,108,9,18,12,0,0,0,0,0,0,0,0,0,2
10,88,9,18,13,0,0,0,0,0,0,0,0,0,2
11,68,9,18,14,0,0,0,0,0,0,0,0,0,2
12,44,9,27,15,0,0,0,0,0,0,0,0,0,3
13,0,9,27,15,0,0,0,0,0,0,0,0,0,3
14,0,9,27,15,0,0,0,0,0,0,0,0,0,3
15,44,9,18,15,0,0,0,0,0,0,0,0,0,2
16,24,9,18,16,0,0,0,0,0,0,0,0,0,2
17,0,9,18,16,0,0,0,0,0,0,0,0,0,2
18,0,9,18,16,0,0,0,0,0,0,0,0,0,2
19,44,9,27,16,0,0,0,0,0,0,0,0,0,3
20,24,9,27,17,0,0,0,0,0,0,0,0,0,3
21,4,9,27,18,0,0,0,0,0,0,0,0,0,3
22,48,9,36,18,0,0,0,0,0,0,0,0,0,4
23,28,9,36,19,0,0,0,0,0,0,0,0,0,4
24,116,9,36,21,0,0,0,0,0,0,0,0,0,4
25,96,9,36,22,0,0,0,0,0,0,0,0,0,4
26,120,9,36,22,0,0,0,0,0,0,0,0,0,4
27,32,9,36,22,0,0,0,0,0,0,0,0,0,4
28,56,9,45,23,0,0,0,0,0,0,0,0,0,5
29,36,9,45,23,0,0,0,0,0,0,0,0,0,5
30,104,9,54,23,0,0,0,0,0,0,0,0,0,6
31,64,9,54,25,0,0,0,0,0,0,0,0,0,6
32,24,9,54,27,0,0,0,0,0,0,0,0,0,6
33,112,9,63,28,0,0,0,0,0,0,0,0,0,7
34,116,9,54,29,0,0,0,0,0,0,0,0,0,6
35,52,9,45,29,0,0,0,0,0,0,0,0,0,5
36,32,9,45,30,0,0,0,0,0,0,0,0,0,5
37,120,9,54,30,0,0,0,0,0,0,0,0,0,6
38,184,9,45,30,0,0,0,0,0,0,0,0,0,5
39,168,9,54,33,0,0,0,0,0,0,0,0,0,6
40,260,9,81,34,0,0,0,0,0,0,0,0,0,9
41,132,9,72,36,0,0,0,0,0,0,0,0,0,8
42,48,9,63,36,0,0,0,0,0,0,0,0,0,7
43,72,9,72,37,0,0,0,0,0,0,0,0,0,8
44,92,9,72,38,0,0,0,0,0,0,0,0,0,8
45,204,9,90,40,0,0,0,0,0,0,0,0,0,10
46,176,9,81,42,0,0,0,0,0,0,0,0,0,9
47,200,9,90,42,0,0,0,0,0,0,0,0,0,10
48,208,9,108,43,0,0,0,0,0,0,0,0,0,12
49,108,9,99,43,0,0,0,0,0,0,0,0,0,11
50,172,9,99,44,0,0,0,0,0,0,0,0,0,11
51,272,9,90,46,0,0,0,0,0,0,0,0,0,10
52,144,9,90,47,0,0,0,0,0,0,0,0,0,10
53,152,9,108,47,0,0,0,0,0,0,0,0,0,12
54,176,9,117,49,0,0,0,0,0,0,0,0,0,13
55,124,9,99,50,0,0,0,0,0,0,0,0,0,11
56,148,9,99,51,0,0,0,0,0,0,0,0,0,11
57,256,9,117,51,0,0,0,0,0,0,0,0,0,13
58,200,9,135,54,0,0,0,0,0,0,0,0,0,15
59,304,9,135,57,0,0,0,0,0,0,0,0,0,15
60,280,9,135,58,0,0,0,0,0,0,0,0,0,15
61,204,9,144,60,0,0,0,0,0,0,0,0,0,16
62,232,9,162,63,0,0,0,0,0,0,0,0,0,18
63,304,9,189,67,0,0,0,0,0,0,0,0,0,21
64,208,9,171,67,0,0,0,0,0,0,0,0,0,19
65,236,9,171,69,0,0,0,0,0,0,0,0,0,19
66,264,9,180,69,0,0,0,0,0,0,0,0,0,20
67,280,9,171,71,0,0,0,0,0,0,0,0,0,19
68,328,9,189,71,0,0,0,0,0,0,0,0,0,21
69,444,9,207,75,0,0,0,0,0,0,0,0,0,23
70,428,9,198,76,0,0,0,0,0,0,0,0,0,22
71,360,9,162,77,0,0,0,0,0,0,0,0,0,18
72,296,9,162,78,0,0,0,0,0,0,0,0,0,18
73,368,9,189,82,0,0,0,0,0,0,0,0,0,21
74,460,9,234,84,0,0,0,0,0,0,0,0,0,26
75,528,9,252,86,0,0,0,0,0,0,0,0,0,28
76,380,9,270,89,0,0,0,0,0,0,0,0,0,30
77,580,9,288,91,0,0,0,0,0,0,0,0,0,32
78,564,9,306,92,0,0,0,0,0,0,0,0,0,34
79,812,9,351,96,0,0,0,0,0,0,0,0,0,39
80,824,9,369,97,0,0,0,0,0,0,0,0,0,41
81,820,9,369,98,0,0,0,0,0,0,0,0,0,41
82,664,9,387,98,0,0,0,0,0,0,0,0,0,43
83,748,9,405,98,0,0,0,0,0,0,0,0,0,45
84,744,9,387,98,0,0,0,0,0,0,0,0,0,43
85,724,9,414,98,0,0,0,0,0,0,0,0,0,46
86,732,9,414,98,0,0,0,0,0,0,0,0,0,46
87,816,9,405,98,0,0,0,0,0,0,0,0,0,45
88,860,9,423,99,0,0,0,0,0,0,0,0,0,47
89,952,9,396,99,0,0,0,0,0,0,0,0,0,44
90,1036,9,396,99,0,0,0,0,0,0,0,0,0,44
91,1048,9,387,99,0,0,0,0,0,0,0,0,0,43
92,960,9,387,99,0,0,0,0,0,0,0,0,0,43
93,928,9,396,99,0,0,0,0,0,0,0,0,0,44
94,1152,9,432,99,0,0,0,0,0,0,0,0,0,48
95,1256,9,441,99,0,0,0,0,0,0,0,0,0,49
96,1284,9,441,99,0,0,0,0,0,0,0,0,0,49
97,1192,9,387,99,0,0,0,0,0,0,0,0,0,43
98,936,9,387,99,0,0,0,0,0,0,0,0,0,43
99,1076,9,396,99,0,0,0,0,0,0,0,0,0,44
100,1152,9,387,100,0,0,0,0,0,0,0,0,0,43
101,1364,9,414,100,0,0,0,0,0,0,0,0,0,46
102,1176,9,405,100,0,0,0,0,0,0,0,0,0,45
103,1344,9,369,100,0,0,0,0,0,0,0,0,0,41
104,1504,9,396,100,0,0,0,0,0,0,0,0,0,44
105,1452,9,396,100,0,0,0,0,0,0,0,0,0,44
106,1792,9,423,100,0,0,0,0,0,0,0,0,0,47
107,1724,9,459,100,0,0,0,0,0,0,0,0,0,51
108,1492,9,468,100,0,0,0,0,0,0,0,0,0,52
109,1312,9,450,100,0,0,0,0,0,0,0,0,0,50
110,1496,9,468,100,0,0,0,0,0,0,0,0,0,52
111,1252,9,441,100,0,0,0,0,0,0,0,0,0,49
112,1268,9,441,100,0,0,0,0,0,0,0,0,0,49
113,1180,9,441,100,0,0,0,0,0,0,0,0,0,49
114,1048,9,414,100,0,0,0,0,0,0,0,0,0,46
115,1212,9,450,100,0,0,0,0,0,0,0,0,0,50
116,1472,9,486,100,0,0,0,0,0,0,0,0,0,54
117,1448,9,468,100,0,0,0,0,0,0,0,0,0,52
118,1232,9,468,100,0,0,0,0,0,0,0,0,0,52
119,1312,9,459,100,0,0,0,0,0,0,0,0,0,51
120,1276,9,468,100,0,0,0,0,0,0,0,0,0,52
121,1424,9,432,100,0,0,0,0,0,0,0,0,0,48
122,1156,9,468,100,0,0,0,0,0,0,0,0,0,52
123,1232,9,468,100,0,0,0,0,0,0,0,0,0,52
124,1540,9,450,100,0,0,0,0,0,0,0,0,0,50
125,1548,9,477,100,0,0,0,0,0,0,0,0,0,53
126,1196,9,432,100,0,0,0,0,0,0,0,0,0,48
127,1260,9,477,100,0,0,0,0,0,0,0,0,0,53
128,1312,9,495,100,0,0,0,0,0,0,0,0,0,55
129,1276,9,450,100,0,0,0,0,0,0,0,0,0,50
130,1596,9,513,100,0,0,0,0,0,0,0,0,0,57
131,1820,9,486,100,0,0,0,0,0,0,0,0,0,54
132,1508,9,459,100,0,0,0,0,0,0,0,0,0,51
133,1648,9,450,100,0,0,0,0,0,0,0,0,0,50
134,1452,9,477,100,0,0,0,0,0,0,0,0,0,53
135,1552,9,468,100,0,0,0,0,0,0,0,0,0,52
136,1556,9,486,100,0,0,0,0,0,0,0,0,0,54
137,1444,9,468,100,0,0,0,0,0,0,0,0,0,52
138,1440,9,441,100,0,0,0,0,0,0,0,0,0,49
139,1532,9,495,100,0,0,0,0,0,0,0,0,0,55
140,1388,9,423,100,0,0,0,0,0,0,0,0,0,47
141,1500,9,441,100,0,0,0,0,0,0,0,0,0,49
142,1380,9,450,100,0,0,0,0,0,0,0,0,0,50
143,1440,9,468,100,0,0,0,0,0,0,0,0,0,52
144,1248,9,414,100,0,0,0,0,0,0,0,0,0,46
145,1376,9,468,100,0,0,0,0,0,0,0,0,0,52
146,1264,9,441,100,0,0,0,0,0,0,0,0,0,49
147,1296,9,450,100,0,0,0,0,0,0,0,0,0,50
148,1264,9,423,100,0,0,0,0,0,0,0,0,0,47
149,1268,9,450,100,0,0,0,0,0,0,0,0,0,50
150,1336,9,477,100,0,0,0,0,0,0,0,0,0,53
151,1216,9,441,100,0,0,0,0,0,0,0,0,0,49
152,1416,9,468,100,0,0,0,0,0,0,0,0,0,52
153,1396,9,477,100,0,0,0,0,0,0,0,0,0,53
154,1504,9,495,100,0,0,0,0,0,0,0,0,0,55
155,1264,9,486,100,0,0,0,0,0,0,0,0,0,54
156,1128,9,423,100,0,0,0,0,0,0,0,0,0,47
157,1396,9,468,100,0,0,0,0,0,0,0,0,0,52
158,996,9,432,100,0,0,0,0,0,0,0,0,0,48
159,1228,9,450,100,0,0,0,0,0,0,0,0,0,50
160,1312,9,414,100,0,0,0,0,0,0,0,0,0,46
161,1472,9,468,100,0,0,0,0,0,0,0,0,0,52
162,1476,9,450,100,0,0,0,0,0,0,0,0,0,50
163,1340,9,423,100,0,0,0,0,0,0,0,0,0,47
164,1448,9,459,100,0,0,0,0,0,0,0,0,0,51
165,1496,9,486,100,0,0,0,0,0,0,0,0,0,54
166,1192,9,423,100,0,0,0,0,0,0,0,0,0,47
167,1452,9,450,100,0,0,0,0,0,0,0,0,0,50
168,1296,9,432,100,0,0,0,0,0,0,0,0,0,48
169,1508,9,432,100,0,0,0,0,0,0,0,0,0,48
170,1508,9,432,100,0,0,0,0,0,0,0,0,0,48
171,1508,9,477,100,0,0,0,0,0,0,0,0,0,53
172,1224,9,432,100,0,0,0,0,0,0,0,0,0,48
173,1472,9,414,100,0,0,0,0,0,0,0,0,0,46
174,1692,9,405,100,0,0,0,0,0,0,0,0,0,45
175,1784,9,414,100,0,0,0,0,0,0,0,0,0,46
176,1804,9,432,100,0,0,0,0,0,0,0,0,0,48
177,1712,9,432,100,0,0,0,0,0,0,0,0,0,48
178,2104,9,441,100,0,0,0,0,0,0,0,0,0,49
179,1848,9,423,100,0,0,0,0,0,0,0,0,0,47
180,2124,9,450,100,0,0,0,0,0,0,0,0,0,50
181,1964,9,450,100,0,0,0,0,0,0,0,0,0,50
182,2088,9,459,100,0,0,0,0,0,0,0,0,0,51
183,1272,9,450,100,0,0,0,0,0,0,0,0,0,50
184,1652,9,441,100,0,0,0,0,0,0,0,0,0,49
185,1300,9,432,100,0,0,0,0,0,0,0,0,0,48
186,1328,9,450,100,0,0,0,0,0,0,0,0,0,50
187,1152,9,441,100,0,0,0,0,0,0,0,0,0,49
188,1388,9,486,100,0,0,0,0,0,0,0,0,0,54
189,1412,9,477,100,0,0,0,0,0,0,0,0,0,53
190,1124,9,432,100,0,0,0,0,0,0,0,0,0,48
191,1280,9,450,100,0,0,0,0,0,0,0,0,0,50
192,1320,9,441,100,0,0,0,0,0,0,0,0,0,49
193,1456,9,441,100,0,0,0,0,0,0,0,0,0,49
194,1404,9,450,100,0,0,0,0,0,0,0,0,0,50
195,1448,9,432,100,0,0,0,0,0,0,0,0,0,48
196,1076,9,405,100,0,0,0,0,0,0,0,0,0,45
197,1416,9,423,100,0,0,0,0,0,0,0,0,0,47
198,1676,9,513,100,0,0,0,0,0,0,0,0,0,57
199,1592,9,468,100,0,0,0,0,0,0,0,0,0,52
200,1636,9,459,100,0,0,0,0,0,0,0,0,0,51
201,1924,9,450,100,0,0,0,0,0,0,0,0,0,50
202,1872,9,450,100,0,0,0,0,0,0,0,0,0,50
203,1656,9,432,100,0,0,0,0,0,0,0,0,0,48
204,2052,9,468,100,0,0,0,0,0,0,0,0,0,52
205,1496,9,450,100,0,0,0,0,0,0,0,0,0,50
206,1608,9,495,100,0,0,0,0,0,0,0,0,0,55
207,1444,9,477,100,0,0,0,0,0,0,0,0,0,53
208,1460,9,459,100,0,0,0,0,0,0,0,0,0,51
209,1660,9,468,100,0,0,0,0,0,0,0,0,0,52
210,1600,9,450,100,0,0,0,0,0,0,0,0,0,50
211,1604,9,441,100,0,0,0,0,0,0,0,0,0,49
212,1380,9,432,100,0,0,0,0,0,0,0,0,0,48
213,1480,9,477,100,0,0,0,0,0,0,0,0,0,53
214,1468,9,450,100,0,0,0,0,0,0,0,0,0,50
215,1468,9,486,100,0,0,0,0,0,0,0,0,0,54
216,1656,9,504,100,0,0,0,0,0,0,0,0,0,56
217,1408,9,477,100,0,0,0,0,0,0,0,0,0,53
218,1432,9,441,100,0,0,0,0,0,0,0,0,0,49
219,1704,9,459,100,0,0,0,0,0,0,0,0,0,51
220,1344,9,423,100,0,0,0,0,0,0,0,0,0,47
221,1468,9,405,100,0,0,0,0,0,0,0,0,0,45
222,1300,9,405,100,0,0,0,0,0,0,0,0,0,45
223,1200,9,414,100,0,0,0,0,0,0,0,0,0,46
224,1380,9,441,100,0,0,0,0,0,0,0,0,0,49
225,1396,9,450,100,0,0,0,0,0,0,0,0,0,50
226,1688,9,459,100,0,0,0,0,0,0,0,0,0,51
227,1604,9,477,100,0,0,0,0,0,0,0,0,0,53
228,1508,9,441,100,0,0,0,0,0,0,0,0,0,49
229,1472,9,423,100,0,0,0,0,0,0,0,0,0,47
230,1332,9,414,100,0,0,0,0,0,0,0,0,0,46
231,1396,9,468,100,0,0,0,0,0,0,0,0,0,52
232,1280,9,450,100,0,0,0,0,0,0,0,0,0,50
233,1360,9,459,100,0,0,0,0,0,0,0,0,0,51
234,1328,9,432,100,0,0,0,0,0,0,0,0,0,48
235,1596,9,477,100,0,0,0,0,0,0,0,0,0,53
236,1376,9,468,100,0,0,0,0,0,0,0,0,0,52
237,1484,9,504,100,0,0,0,0,0,0,0,0,0,56
238,1264,9,459,100,0,0,0,0,0,0,0,0,0,51
239,1232,9,450,100,0,0,0,0,0,0,0,0,0,50
240,1144,9,405,100,0,0,0,0,0,0,0,0,0,45
241,1416,9,423,100,0,0,0,0,0,0,0,0,0,47
242,1508,9,468,100,0,0,0,0,0,0,0,0,0,52
243,1604,9,450,100,0,0,0,0,0,0,0,0,0,50
244,1620,9,450,100,0,0,0,0,0,0,0,0,0,50
245,1716,9,477,100,0,0,0,0,0,0,0,0,0,53
246,1608,9,450,100,0,0,0,0,0,0,0,0,0,50
247,1524,9,468,100,0,0,0,0,0,0,0,0,0,52
248,1448,9,486,100,0,0,0,0,0,0,0,0,0,54
249,1172,9,423,100,0,0,0,0,0,0,0,0,0,47
250,1416,9,459,100,0,0,0,0,0,0,0,0,0,51
251,1216,9,468,100,0,0,0,0,0,0,0,0,0,52
252,1072,9,459,100,0,0,0,0,0,0,0,0,0,51
253,1264,9,486,100,0,0,0,0,0,0,0,0,0,54
254,1396,9,450,100,0,0,0,0,0,0,0,0,0,50
255,1256,9,423,100,0,0,0,0,0,0,0,0,0,47
256,1488,9,432,100,0,0,0,0,0,0,0,0,0,48
257,1304,9,423,100,0,0,0,0,0,0,0,0,0,47
258,1560,9,432,100,0,0,0,0,0,0,0,0,0,48
259,1668,9,432,100,0,0,0,0,0,0,0,0,0,48
260,1720,9,486,100,0,0,0,0,0,0,0,0,0,54
261,1536,9,432,100,0,0,0,0,0,0,0,0,0,48
262,1564,9,441,100,0,0,0,0,0,0,0,0,0,49
263,1248,9,441,100,0,0,0,0,0,0,0,0,0,49
264,1324,9,477,100,0,0,0,0,0,0,0,0,0,53
265,1272,9,459,100,0,0,0,0,0,0,0,0,0,51
266,1332,9,450,100,0,0,0,0,0,0,0,0,0,50
267,1356,9,459,100,0,0,0,0,0,0,0,0,0,51
268,1516,9,486,100,0,0,0,0,0,0,0,0,0,54
269,1504,9,468,100,0,0,0,0,0,0,0,0,0,52
270,1856,9,504,100,0,0,0,0,0,0,0,0,0,56
271,1448,9,441,100,0,0,0,0,0,0,0,0,0,49
272,1288,9,423,100,0,0,0,0,0,0,0,0,0,47
273,1836,9,459,100,0,0,0,0,0,0,0,0,0,51
274,1964,9,432,100,0,0,0,0,0,0,0,0,0,48
275,1500,9,450,100,0,0,0,0,0,0,0,0,0,50
276,1608,9,468,100,0,0,0,0,0,0,0,0,0,52
277,1588,9,459,100,0,0,0,0,0,0,0,0,0,51
278,1484,9,405,100,0,0,0,0,0,0,0,0,0,45
279,1944,9,459,100,0,0,0,0,0,0,0,0,0,51
280,1756,9,477,100,0,0,0,0,0,0,0,0,0,53
281,1804,9,450,100,0,0,0,0,0,0,0,0,0,50
282,1272,9,432,100,0,0,0,0,0,0,0,0,0,48
283,1464,9,441,100,0,0,0,0,0,0,0,0,0,49
284,1768,9,459,100,0,0,0,0,0,0,0,0,0,51
285,1792,9,477,100,0,0,0,0,0,0,0,0,0,53
286,1944,9,459,100,0,0,0,0,0,0,0,0,0,51
287,1668,9,441,100,0,0,0,0,0,0,0,0,0,49
288,1356,9,423,100,0,0,0,0,0,0,0,0,0,47
289,1512,9,414,100,0,0,0,0,0,0,0,0,0,46
290,1316,9,405,100,0,0,0,0,0,0,0,0,0,45
291,1284,9,405,100,0,0,0,0,0,0,0,0,0,45
292,1488,9,423,100,0,0,0,0,0,0,0,0,0,47
293,1560,9,441,100,0,0,0,0,0,0,0,0,0,49
294,1548,9,468,100,0,0,0,0,0,0,0,0,0,52
295,1740,9,459,100,0,0,0,0,0,0,0,0,0,51
296,1760,9,423,100,0,0,0,0,0,0,0,0,0,47
297,2328,9,423,100,0,0,0,0,0,0,0,0,0,47
298,3056,9,468,100,0,0,0,0,0,0,0,0,0,52
299,3896,9,459,100,0,0,0,0,0,0,0,0,0,51
300,3932,9,441,100,0,0,0,0,0,0,0,0,0,49
301,4432,9,468,100,0,0,0,0,0,0,0,0,0,52
302,4172,9,432,100,0,0,0,0,0,0,0,0,0,48
303,1700,9,468,100,0,0,0,0,0,0,0,0,0,52
304,1552,9,486,100,0,0,0,0,0,0,0,0,0,54
305,1132,9,486,100,0,0,0,0,0,0,0,0,0,54
306,1064,9,459,100,0,0,0,0,0,0,0,0,0,51
307,1044,9,495,100,0,0,0,0,0,0,0,0,0,55
308,992,9,441,100,0,0,0,0,0,0,0,0,0,49
309,1188,9,459,100,0,0,0,0,0,0,0,0,0,51
310,1348,9,495,100,0,0,0,0,0,0,0,0,0,55
311,1700,9,486,100,0,0,0,0,0,0,0,0,0,54
312,1740,9,423,100,0,0,0,0,0,0,0,0,0,47
313,1468,9,450,100,0,0,0,0,0,0,0,0,0,50
314,1120,9,441,100,0,0,0,0,0,0,0,0,0,49
315,1184,9,459,100,0,0,0,0,0,0,0,0,0,51
316,1272,9,432,100,0,0,0,0,0,0,0,0,0,48
317,1260,9,414,100,0,0,0,0,0,0,0,0,0,46
318,1248,9,432,100,0,0,0,0,0,0,0,0,0,48
319,1196,9,405,100,0,0,0,0,0,0,0,0,0,45
320,1468,9,459,100,0,0,0,0,0,0,0,0,0,51
321,1344,9,441,100,0,0,0,0,0,0,0,0,0,49
322,1284,9,477,100,0,0,0,0,0,0,0,0,0,53
323,1292,9,459,100,0,0,0,0,0,0,0,0,0,51
324,1296,9,450,100,0,0,0,0,0,0,0,0,0,50
325,1216,9,432,100,0,0,0,0,0,0,0,0,0,48
326,1136,9,405,100,0,0,0,0,0,0,0,0,0,45
327,1244,9,414,100,0,0,0,0,0,0,0,0,0,46
328,1464,9,468,100,0,0,0,0,0,0,0,0,0,52
329,1176,9,450,100,0,0,0,0,0,0,0,0,0,50
330,1244,9,459,100,0,0,0,0,0,0,0,0,0,51
331,1420,9,477,100,0,0,0,0,0,0,0,0,0,53
332,1464,9,477,100,0,0,0,0,0,0,0,0,0,53
333,1528,9,468,100,0,0,0,0,0,0,0,0,0,52
334,1860,9,504,100,0,0,0,0,0,0,0,0,0,56
335,1940,9,513,100,0,0,0,0,0,0,0,0,0,57
336,2120,9,495,100,0,0,0,0,0,0,0,0,0,55
337,2252,9,486,100,0,0,0,0,0,0,0,0,0,54
338,2396,9,468,100,0,0,0,0,0,0,0,0,0,52
339,1916,9,495,100,0,0,0,0,0,0,0,0,0,55
340,1692,9,477,100,0,0,0,0,0,0,0,0,0,53
341,1768,9,432,100,0,0,0,0,0,0,0,0,0,48
342,1804,9,459,100,0,0,0,0,0,0,0,0,0,51
343,1568,9,486,100,0,0,0,0,0,0,0,0,0,54
344,1428,9,477,100,0,0,0,0,0,0,0,0,0,53
345,1280,9,477,100,0,0,0,0,0,0,0,0,0,53
346,1544,9,486,100,0,0,0,0,0,0,0,0,0,54
347,1564,9,486,100,0,0,0,0,0,0,0,0,0,54
348,1416,9,486,100,0,0,0,0,0,0,0,0,0,54
349,1564,9,477,100,0,0,0,0,0,0,0,0,0,53
350,1640,9,495,100,0,0,0,0,0,0,0,0,0,55
351,1408,9,441,100,0,0,0,0,0,0,0,0,0,49
352,1476,9,450,100,0,0,0,0,0,0,0,0,0,50
353,1804,9,459,100,0,0,0,0,0,0,0,0,0,51
354,2188,9,432,100,0,0,0,0,0,0,0,0,0,48
355,1568,9,459,100,0,0,0,0,0,0,0,0,0,51
356,1284,9,423,100,0,0,0,0,0,0,0,0,0,47
357,1304,9,414,100,0,0,0,0,0,0,0,0,0,46
358,1172,9,423,100,0,0,0,0,0,0,0,0,0,47
359,1068,9,378,100,0,0,0,0,0,0,0,0,0,42
360,1368,9,414,100,0,0,0,0,0,0,0,0,0,46
361,1492,9,432,100,0,0,0,0,0,0,0,0,0,48
362,1364,9,432,100,0,0,0,0,0,0,0,0,0,48
363,1116,9,423,100,0,0,0,0,0,0,0,0,0,47
364,1312,9,432,100,0,0,0,0,0,0,0,0,0,48
365,1572,9,441,100,0,0,0,0,0,0,0,0,0,49
366,1596,9,432,100,0,0,0,0,0,0,0,0,0,48
367,1664,9,459,100,0,0,0,0,0,0,0,0,0,51
368,1408,9,477,100,0,0,0,0,0,0,0,0,0,53
369,1348,9,495,100,0,0,0,0,0,0,0,0,0,55
370,1248,9,477,100,0,0,0,0,0,0,0,0,0,53
371,1348,9,432,100,0,0,0,0,0,0,0,0,0,48
372,1388,9,459,100,0,0,0,0,0,0,0,0,0,51
373,1376,9,468,100,0,0,0,0,0,0,0,0,0,52
374,1332,9,450,100,0,0,0,0,0,0,0,0,0,50
375,1596,9,450,100,0,0,0,0,0,0,0,0,0,50
376,1584,9,441,100,0,0,0,0,0,0,0,0,0,49
377,1800,9,477,100,0,0,0,0,0,0,0,0,0,53
378,1928,9,441,100,0,0,0,0,0,0,0,0,0,49
379,1528,9,468,100,0,0,0,0,0,0,0,0,0,52
380,1316,9,432,100,0,0,0,0,0,0,0,0,0,48
381,1660,9,459,100,0,0,0,0,0,0,0,0,0,51
382,1528,9,468,100,0,0,0,0,0,0,0,0,0,52
383,1468,9,450,100,0,0,0,0,0,0,0,0,0,50
384,1484,9,477,100,0,0,0,0,0,0,0,0,0,53
385,1436,9,486,100,0,0,0,0,0,0,0,0,0,54
386,1376,9,486,100,0,0,0,0,0,0,0,0,0,54
387,1344,9,450,100,0,0,0,0,0,0,0,0,0,50
388,1556,9,468,100,0,0,0,0,0,0,0,0,0,52
389,1268,9,468,100,0,0,0,0,0,0,0,0,0,52
390,1164,9,405,100,0,0,0,0,0,0,0,0,0,45
391,1300,9,387,100,0,0,0,0,0,0,0,0,0,43
392,1464,9,423,100,0,0,0,0,0,0,0,0,0,47
393,1248,9,396,100,0,0,0,0,0,0,0,0,0,44
394,1260,9,441,100,0,0,0,0,0,0,0,0,0,49
395,1348,9,450,100,0,0,0,0,0,0,0,0,0,50
396,1288,9,432,100,0,0,0,0,0,0,0,0,0,48
397,1516,9,459,100,0,0,0,0,0,0,0,0,0,51
398,1432,9,387,100,0,0,0,0,0,0,0,0,0,43
399,1384,9,423,100,0,0,0,0,0,0,0,0,0,47
400,1228,9,378,100,0,0,0,0,0,0,0,0,0,42
401,1296,9,405,100,0,0,0,0,0,0,0,0,0,45
402,1560,9,405,100,0,0,0,0,0,0,0,0,0,45
403,1408,9,396,100,0,0,0,0,0,0,0,0,0,44
404,1548,9,432,100,0,0,0,0,0,0,0,0,0,48
405,1272,9,450,100,0,0,0,0,0,0,0,0,0,50
406,1476,9,459,100,0,0,0,0,0,0,0,0,0,51
407,1324,9,405,100,0,0,0,0,0,0,0,0,0,45
408,1284,9,405,100,0,0,0,0,0,0,0,0,0,45
409,1496,9,441,100,0,0,0,0,0,0,0,0,0,49
410,1720,9,450,100,0,0,0,0,0,0,0,0,0,50
411,1480,9,405,100,0,0,0,0,0,0,0,0,0,45
412,1252,9,405,100,0,0,0,0,0,0,0,0,0,45
413,1604,9,468,100,0,0,0,0,0,0,0,0,0,52
414,1640,9,477,100,0,0,0,0,0,0,0,0,0,53
415,1332,9,432,100,0,0,0,0,0,0,0,0,0,48
416,1288,9,432,100,0,0,0,0,0,0,0,0,0,48
417,1408,9,441,100,0,0,0,0,0,0,0,0,0,49
418,1224,9,423,100,0,0,0,0,0,0,0,0,0,47
419,1512,9,468,100,0,0,0,0,0,0,0,0,0,52
420,1408,9,450,100,0,0,0,0,0,0,0,0,0,50
421,1392,9,468,100,0,0,0,0,0,0,0,0,0,52
422,1240,9,432,100,0,0,0,0,0,0,0,0,0,48
423,1080,9,441,100,0,0,0,0,0,0,0,0,0,49
424,1500,9,486,100,0,0,0,0,0,0,0,0,0,54
425,1468,9,441,100,0,0,0,0,0,0,0,0,0,49
426,1676,9,423,100,0,0,0,0,0,0,0,0,0,47
427,1448,9,432,100,0,0,0,0,0,0,0,0,0,48
428,1264,9,396,100,0,0,0,0,0,0,0,0,0,44
429,1400,9,432,100,0,0,0,0,0,0,0,0,0,48
430,1428,9,405,100,0,0,0,0,0,0,0,0,0,45
431,1156,9,396,100,0,0,0,0,0,0,0,0,0,44
432,1536,9,450,100,0,0,0,0,0,0,0,0,0,50
433,1160,9,414,100,0,0,0,0,0,0,0,0,0,46
434,1152,9,432,100,0,0,0,0,0,0,0,0,0,48
435,1380,9,495,100,0,0,0,0,0,0,0,0,0,55
436,1188,9,459,100,0,0,0,0,0,0,0,0,0,51
437,1412,9,423,100,0,0,0,0,0,0,0,0,0,47
438,1620,9,432,100,0,0,0,0,0,0,0,0,0,48
439,1776,9,423,100,0,0,0,0,0,0,0,0,0,47
440,1992,9,432,100,0,0,0,0,0,0,0,0,0,48
441,1480,9,396,100,0,0,0,0,0,0,0,0,0,44
442,1524,9,414,100,0,0,0,0,0,0,0,0,0,46
443,1588,9,378,100,0,0,0,0,0,0,0,0,0,42
444,1444,9,378,100,0,0,0,0,0,0,0,0,0,42
445,2000,9,459,100,0,0,0,0,0,0,0,0,0,51
446,2340,9,450,100,0,0,0,0,0,0,0,0,0,50
447,2752,9,459,100,0,0,0,0,0,0,0,0,0,51
448,2388,9,450,100,0,0,0,0,0,0,0,0,0,50
449,2460,9,441,100,0,0,0,0,0,0,0,0,0,49
450,2572,9,441,100,0,0,0,0,0,0,0,0,0,49
451,2872,9,405,100,0,0,0,0,0,0,0,0,0,45
452,2220,9,414,100,0,0,0,0,0,0,0,0,0,46
453,2884,9,432,100,0,0,0,0,0,0,0,0,0,48
454,2916,9,423,100,0,0,0,0,0,0,0,0,0,47
455,3012,9,405,100,0,0,0,0,0,0,0,0,0,45
456,2856,9,432,100,0,0,0,0,0,0,0,0,0,48
457,2636,9,414,100,0,0,0,0,0,0,0,0,0,46
458,2708,9,414,100,0,0,0,0,0,0,0,0,0,46
459,1408,9,432,100,0,0,0,0,0,0,0,0,0,48
460,1316,9,432,100,0,0,0,0,0,0,0,0,0,48
461,1528,9,432,100,0,0,0,0,0,0,0,0,0,48
462,1620,9,486,100,0,0,0,0,0,0,0,0,0,54
463,1616,9,450,100,0,0,0,0,0,0,0,0,0,50
464,1560,9,450,100,0,0,0,0,0,0,0,0,0,50
465,1548,9,468,100,0,0,0,0,0,0,0,0,0,52
466,1392,9,468,100,0,0,0,0,0,0,0,0,0,52
467,1392,9,414,100,0,0,0,0,0,0,0,0,0,46
468,1440,9,414,100,0,0,0,0,0,0,0,0,0,46
469,1516,9,414,100,0,0,0,0,0,0,0,0,0,46
470,1676,9,459,100,0,0,0,0,0,0,0,0,0,51
471,1332,9,423,100,0,0,0,0,0,0,0,0,0,47
472,1556,9,432,100,0,0,0,0,0,0,0,0,0,48
473,1540,9,414,100,0,0,0,0,0,0,0,0,0,46
474,1120,9,405,100,0,0,0,0,0,0,0,0,0,45
475,1200,9,405,100,0,0,0,0,0,0,0,0,0,45
476,1064,9,396,100,0,0,0,0,0,0,0,0,0,44
477,1008,9,423,100,0,0,0,0,0,0,0,0,0,47
478,880,9,405,100,0,0,0,0,0,0,0,0,0,45
479,908,9,414,100,0,0,0,0,0,0,0,0,0,46
480,928,9,405,100,0,0,0,0,0,0,0,0,0,45
481,1156,9,450,100,0,0,0,0,0,0,0,0,0,50
482,1248,9,459,100,0,0,0,0,0,0,0,0,0,51
483,1240,9,486,100,0,0,0,0,0,0,0,0,0,54
484,1372,9,477,100,0,0,0,0,0,0,0,0,0,53
485,1496,9,468,100,0,0,0,0,0,0,0,0,0,52
486,1596,9,468,100,0,0,0,0,0,0,0,0,0,52
487,960,9,396,100,0,0,0,0,0,0,0,0,0,44
488,1268,9,378,100,0,0,0,0,0,0,0,0,0,42
489,1576,9,405,100,0,0,0,0,0,0,0,0,0,45
490,1372,9,423,100,0,0,0,0,0,0,0,0,0,47
491,1432,9,423,100,0,0,0,0,0,0,0,0,0,47
492,1660,9,432,100,0,0,0,0,0,0,0,0,0,48
493,1700,9,459,100,0,0,0,0,0,0,0,0,0,51
494,1380,9,423,100,0,0,0,0,0,0,0,0,0,47
495,1620,9,450,100,0,0,0,0,0,0,0,0,0,50
496,1476,9,459,100,0,0,0,0,0,0,0,0,0,51
497,1204,9,432,100,0,0,0,0,0,0,0,0,0,48
498,1136,9,450,100,0,0,0,0,0,0,0,0,0,50
499,1076,9,414,100,0,0,0,0,0,0,0,0,0,46
500,1332,9,441,100,0,0,0,0,0,0,0,0,0,49
501,1232,9,441,100,0,0,0,0,0,0,0,0,0,49
502,1280,9,450,100,0,0,0,0,0,0,0,0,0,50
503,1172,9,441,100,0,0,0,0,0,0,0,0,0,49
504,1232,9,450,100,0,0,0,0,0,0,0,0,0,50
505,1188,9,450,100,0,0,0,0,0,0,0,0,0,50
506,1408,9,450,100,0,0,0,0,0,0,0,0,0,50
507,1380,9,459,100,0,0,0,0,0,0,0,0,0,51
508,1572,9,495,100,0,0,0,0,0,0,0,0,0,55
509,1444,9,486,100,0,0,0,0,0,0,0,0,0,54
510,1424,9,477,100,0,0,0,0,0,0,0,0,0,53
511,1284,9,468,100,0,0,0,0,0,0,0,0,0,52
512,1136,9,450,100,0,0,0,0,0,0,0,0,0,50
513,1360,9,423,100,0,0,0,0,0,0,0,0,0,47
514,1552,9,432,100,0,0,0,0,0,0,0,0,0,48
515,1520,9,459,100,0,0,0,0,0,0,0,0,0,51
516,1716,9,486,100,0,0,0,0,0,0,0,0,0,54
517,2036,9,486,100,0,0,0,0,0,0,0,0,0,54
518,1576,9,450,100,0,0,0,0,0,0,0,0,0,50
519,1672,9,450,100,0,0,0,0,0,0,0,0,0,50
520,1292,9,468,100,0,0,0,0,0,0,0,0,0,52
521,1280,9,459,100,0,0,0,0,0,0,0,0,0,51
522,1396,9,486,100,0,0,0,0,0,0,0,0,0,54
523,1348,9,441,100,0,0,0,0,0,0,0,0,0,49
524,1296,9,450,100,0,0,0,0,0,0,0,0,0,50
525,1328,9,468,100,0,0,0,0,0,0,0,0,0,52
526,1588,9,495,100,0,0,0,0,0,0,0,0,0,55
527,1452,9,432,100,0,0,0,0,0,0,0,0,0,48
528,1716,9,477,100,0,0,0,0,0,0,0,0,0,53
529,1684,9,459,100,0,0,0,0,0,0,0,0,0,51
530,1300,9,441,100,0,0,0,0,0,0,0,0,0,49
531,1244,9,450,100,0,0,0,0,0,0,0,0,0,50
532,1280,9,468,100,0,0,0,0,0,0,0,0,0,52
533,1100,9,405,100,0,0,0,0,0,0,0,0,0,45
534,1328,9,432,100,0,0,0,0,0,0,0,0,0,48
535,1308,9,405,100,0,0,0,0,0,0,0,0,0,45
536,1300,9,423,100,0,0,0,0,0,0,0,0,0,47
537,1144,9,405,100,0,0,0,0,0,0,0,0,0,45
538,1108,9,432,100,0,0,0,0,0,0,0,0,0,48
539,1076,9,459,100,0,0,0,0,0,0,0,0,0,51
540,1000,9,468,100,0,0,0,0,0,0,0,0,0,52
541,1048,9,486,100,0,0,0,0,0,0,0,0,0,54
542,1244,9,441,100,0,0,0,0,0,0,0,0,0,49
543,1284,9,441,100,0,0,0,0,0,0,0,0,0,49
544,1288,9,450,100,0,0,0,0,0,0,0,0,0,50
545,1360,9,396,100,0,0,0,0,0,0,0,0,0,44
546,1256,9,414,100,0,0,0,0,0,0,0,0,0,46
547,1348,9,450,100,0,0,0,0,0,0,0,0,0,50
548,1712,9,432,100,0,0,0,0,0,0,0,0,0,48
549,1416,9,378,100,0,0,0,0,0,0,0,0,0,42
550,1164,9,387,100,0,0,0,0,0,0,0,0,0,43
551,1012,9,378,100,0,0,0,0,0,0,0,0,0,42
552,1308,9,432,100,0,0,0,0,0,0,0,0,0,48
553,1544,9,414,100,0,0,0,0,0,0,0,0,0,46
554,1544,9,423,100,0,0,0,0,0,0,0,0,0,47
555,1628,9,441,100,0,0,0,0,0,0,0,0,0,49
556,1592,9,441,100,0,0,0,0,0,0,0,0,0,49
557,1136,9,396,100,0,0,0,0,0,0,0,0,0,44
558,1520,9,441,100,0,0,0,0,0,0,0,0,0,49
559,1544,9,459,100,0,0,0,0,0,0,0,0,0,51
560,1164,9,441,100,0,0,0,0,0,0,0,0,0,49
561,1436,9,459,100,0,0,0,0,0,0,0,0,0,51
562,1492,9,459,100,0,0,0,0,0,0,0,0,0,51
563,1368,9,414,100,0,0,0,0,0,0,0,0,0,46
564,1696,9,459,100,0,0,0,0,0,0,0,0,0,51
565,1588,9,441,100,0,0,0,0,0,0,0,0,0,49
566,1120,9,396,100,0,0,0,0,0,0,0,0,0,44
567,1388,9,450,100,0,0,0,0,0,0,0,0,0,50
568,1568,9,441,100,0,0,0,0,0,0,0,0,0,49
569,1716,9,441,100,0,0,0,0,0,0,0,0,0,49
570,1832,9,441,100,0,0,0,0,0,0,0,0,0,49
571,2044,9,486,100,0,0,0,0,0,0,0,0,0,54
572,1980,9,486,100,0,0,0,0,0,0,0,0,0,54
573,2664,9,468,100,0,0,0,0,0,0,0,0,0,52
574,2144,9,414,100,0,0,0,0,0,0,0,0,0,46
575,2432,9,441,100,0,0,0,0,0,0,0,0,0,49
576,2284,9,450,100,0,0,0,0,0,0,0,0,0,50
577,2660,9,432,100,0,0,0,0,0,0,0,0,0,48
578,2452,9,414,100,0,0,0,0,0,0,0,0,0,46
579,2116,9,432,100,0,0,0,0,0,0,0,0,0,48
580,2036,9,459,100,0,0,0,0,0,0,0,0,0,51
581,1524,9,423,100,0,0,0,0,0,0,0,0,0,47
582,1796,9,450,100,0,0,0,0,0,0,0,0,0,50
583,2248,9,423,100,0,0,0,0,0,0,0,0,0,47
584,2376,9,423,100,0,0,0,0,0,0,0,0,0,47
585,2564,9,432,100,0,0,0,0,0,0,0,0,0,48
586,2608,9,414,100,0,0,0,0,0,0,0,0,0,46
587,2036,9,459,100,0,0,0,0,0,0,0,0,0,51
588,2168,9,432,100,0,0,0,0,0,0,0,0,0,48
589,1980,9,432,100,0,0,0,0,0,0,0,0,0,48
590,2452,9,477,100,0,0,0,0,0,0,0,0,0,53
591,1648,9,423,100,0,0,0,0,0,0,0,0,0,47
592,2052,9,504,100,0,0,0,0,0,0,0,0,0,56
593,1368,9,495,100,0,0,0,0,0,0,0,0,0,55
594,1008,9,432,100,0,0,0,0,0,0,0,0,0,48
595,928,9,405,100,0,0,0,0,0,0,0,0,0,45
596,1280,9,423,100,0,0,0,0,0,0,0,0,0,47
597,1240,9,414,100,0,0,0,0,0,0,0,0,0,46
598,1220,9,432,100,0,0,0,0,0,0,0,0,0,48
599,1200,9,459,100,0,0,0,0,0,0,0,0,0,51
600,1312,9,432,100,0,0,0,0,0,0,0,0,0,48
601,1532,9,459,100,0,0,0,0,0,0,0,0,0,51
602,1204,9,405,100,0,0,0,0,0,0,0,0,0,45
603,1284,9,396,100,0,0,0,0,0,0,0,0,0,44
604,1404,9,450,100,0,0,0,0,0,0,0,0,0,50
605,1528,9,468,100,0,0,0,0,0,0,0,0,0,52
606,1264,9,432,100,0,0,0,0,0,0,0,0,0,48
607,1360,9,450,100,0,0,0,0,0,0,0,0,0,50
608,1316,9,441,100,0,0,0,0,0,0,0,0,0,49
609,1136,9,423,100,0,0,0,0,0,0,0,0,0,47
610,1452,9,468,100,0,0,0,0,0,0,0,0,0,52
611,1304,9,459,100,0,0,0,0,0,0,0,0,0,51
612,1224,9,441,100,0,0,0,0,0,0,0,0,0,49
613,1300,9,432,100,0,0,0,0,0,0,0,0,0,48
614,1284,9,450,100,0,0,0,0,0,0,0,0,0,50
615,1328,9,441,100,0,0,0,0,0,0,0,0,0,49
616,1160,9,459,100,0,0,0,0,0,0,0,0,0,51
617,1592,9,450,100,0,0,0,0,0,0,0,0,0,50
618,1548,9,432,100,0,0,0,0,0,0,0,0,0,48
619,1420,9,450,100,0,0,0,0,0,0,0,0,0,50
620,1472,9,423,100,0,0,0,0,0,0,0,0,0,47
621,1540,9,432,100,0,0,0,0,0,0,0,0,0,48
622,1508,9,396,100,0,0,0,0,0,0,0,0,0,44
623,1792,9,441,100,0,0,0,0,0,0,0,0,0,49
624,1832,9,432,100,0,0,0,0,0,0,0,0,0,48
625,1928,9,441,100,0,0,0,0,0,0,0,0,0,49
626,1492,9,423,100,0,0,0,0,0,0,0,0,0,47
627,1376,9,423,100,0,0,0,0,0,0,0,0,0,47
628,1524,9,477,100,0,0,0,0,0,0,0,0,0,53
629,1588,9,459,100,0,0,0,0,0,0,0,0,0,51
630,1292,9,405,100,0,0,0,0,0,0,0,0,0,45
631,1444,9,432,100,0,0,0,0,0,0,0,0,0,48
632,1152,9,432,100,0,0,0,0,0,0,0,0,0,48
633,1124,9,432,100,0,0,0,0,0,0,0,0,0,48
634,1756,9,486,100,0,0,0,0,0,0,0,0,0,54
635,1324,9,396,100,0,0,0,0,0,0,0,0,0,44
636,2072,9,468,100,0,0,0,0,0,0,0,0,0,52
637,2708,9,450,100,0,0,0,0,0,0,0,0,0,50
638,2740,9,423,100,0,0,0,0,0,0,0,0,0,47
639,1936,9,414,100,0,0,0,0,0,0,0,0,0,46
640,2384,9,468,100,0,0,0,0,0,0,0,0,0,52
641,2256,9,441,100,0,0,0,0,0,0,0,0,0,49
642,1624,9,459,100,0,0,0,0,0,0,0,0,0,51
643,1660,9,459,100,0,0,0,0,0,0,0,0,0,51
644,1836,9,459,100,0,0,0,0,0,0,0,0,0,51
645,1720,9,414,100,0,0,0,0,0,0,0,0,0,46
646,1312,9,405,100,0,0,0,0,0,0,0,0,0,45
647,1020,9,387,100,0,0,0,0,0,0,0,0,0,43
648,1172,9,378,100,0,0,0,0,0,0,0,0,0,42
649,1412,9,423,100,0,0,0,0,0,0,0,0,0,47
650,1692,9,450,100,0,0,0,0,0,0,0,0,0,50
651,1000,9,414,100,0,0,0,0,0,0,0,0,0,46
652,1284,9,441,100,0,0,0,0,0,0,0,0,0,49
653,1208,9,414,100,0,0,0,0,0,0,0,0,0,46
654,1440,9,441,100,0,0,0,0,0,0,0,0,0,49
655,1052,9,423,100,0,0,0,0,0,0,0,0,0,47
656,1164,9,459,100,0,0,0,0,0,0,0,0,0,51
657,1272,9,477,100,0,0,0,0,0,0,0,0,0,53
658,1116,9,441,100,0,0,0,0,0,0,0,0,0,49
659,1328,9,468,100,0,0,0,0,0,0,0,0,0,52
660,1332,9,459,100,0,0,0,0,0,0,0,0,0,51
661,1464,9,513,100,0,0,0,0,0,0,0,0,0,57
662,1432,9,450,100,0,0,0,0,0,0,0,0,0,50
663,1460,9,459,100,0,0,0,0,0,0,0,0,0,51
664,1340,9,459,100,0,0,0,0,0,0,0,0,0,51
665,1336,9,441,100,0,0,0,0,0,0,0,0,0,49
666,1300,9,450,100,0,0,0,0,0,0,0,0,0,50
667,1520,9,495,100,0,0,0,0,0,0,0,0,0,55
668,1224,9,486,100,0,0,0,0,0,0,0,0,0,54
669,1140,9,423,100,0,0,0,0,0,0,0,0,0,47
670,1340,9,477,100,0,0,0,0,0,0,0,0,0,53
671,1312,9,459,100,0,0,0,0,0,0,0,0,0,51
672,1376,9,441,100,0,0,0,0,0,0,0,0,0,49
673,1384,9,477,100,0,0,0,0,0,0,0,0,0,53
674,1324,9,459,100,0,0,0,0,0,0,0,0,0,51
675,1236,9,450,100,0,0,0,0,0,0,0,0,0,50
676,1220,9,450,100,0,0,0,0,0,0,0,0,0,50
677,1160,9,450,100,0,0,0,0,0,0,0,0,0,50
678,1416,9,486,100,0,0,0,0,0,0,0,0,0,54
679,1284,9,432,100,0,0,0,0,0,0,0,0,0,48
680,1548,9,405,100,0,0,0,0,0,0,0,0,0,45
681,1468,9,441,100,0,0,0,0,0,0,0,0,0,49
682,1396,9,441,100,0,0,0,0,0,0,0,0,0,49
683,1536,9,486,100,0,0,0,0,0,0,0,0,0,54
684,1356,9,450,100,0,0,0,0,0,0,0,0,0,50
685,1208,9,423,100,0,0,0,0,0,0,0,0,0,47
686,1240,9,459,100,0,0,0,0,0,0,0,0,0,51
687,1316,9,450,100,0,0,0,0,0,0,0,0,0,50
688,1008,9,432,100,0,0,0,0,0,0,0,0,0,48
689,1364,9,459,100,0,0,0,0,0,0,0,0,0,51
690,1256,9,441,100,0,0,0,0,0,0,0,0,0,49
691,1532,9,450,100,0,0,0,0,0,0,0,0,0,50
692,1816,9,477,100,0,0,0,0,0,0,0,0,0,53
693,1240,9,441,100,0,0,0,0,0,0,0,0,0,49
694,1024,9,423,100,0,0,0,0,0,0,0,0,0,47
695,1104,9,441,100,0,0,0,0,0,0,0,0,0,49
696,1140,9,459,100,0,0,0,0,0,0,0,0,0,51
697,1072,9,495,100,0,0,0,0,0,0,0,0,0,55
698,1224,9,459,100,0,0,0,0,0,0,0,0,0,51
699,1228,9,414,100,0,0,0,0,0,0,0,0,0,46
700,1384,9,486,100,0,0,0,0,0,0,0,0,0,54
701,1320,9,486,100,0,0,0,0,0,0,0,0,0,54
702,1212,9,432,100,0,0,0,0,0,0,0,0,0,48
703,1376,9,459,100,0,0,0,0,0,0,0,0,0,51
704,1652,9,468,100,0,0,0,0,0,0,0,0,0,52
705,1780,9,450,100,0,0,0,0,0,0,0,0,0,50
706,1168,9,414,100,0,0,0,0,0,0,0,0,0,46
707,1092,9,378,100,0,0,0,0,0,0,0,0,0,42
708,1420,9,450,100,0,0,0,0,0,0,0,0,0,50
709,1516,9,450,100,0,0,0,0,0,0,0,0,0,50
710,1252,9,432,100,0,0,0,0,0,0,0,0,0,48
711,1184,9,441,100,0,0,0,0,0,0,0,0,0,49
712,1072,9,432,100,0,0,0,0,0,0,0,0,0,48
713,1160,9,450,100,0,0,0,0,0,0,0,0,0,50
714,1188,9,441,100,0,0,0,0,0,0,0,0,0,49
715,1096,9,387,100,0,0,0,0,0,0,0,0,0,43
716,1292,9,414,100,0,0,0,0,0,0,0,0,0,46
717,1036,9,423,100,0,0,0,0,0,0,0,0,0,47
718,1164,9,441,100,0,0,0,0,0,0,0,0,0,49
719,1244,9,450,100,0,0,0,0,0,0,0,0,0,50
720,1252,9,414,100,0,0,0,0,0,0,0,0,0,46
721,1356,9,432,100,0,0,0,0,0,0,0,0,0,48
722,1472,9,477,100,0,0,0,0,0,0,0,0,0,53
723,1232,9,441,100,0,0,0,0,0,0,0,0,0,49
724,1396,9,459,100,0,0,0,0,0,0,0,0,0,51
725,1248,9,459,100,0,0,0,0,0,0,0,0,0,51
726,1148,9,441,100,0,0,0,0,0,0,0,0,0,49
727,1164,9,459,100,0,0,0,0,0,0,0,0,0,51
728,1032,9,450,100,0,0,0,0,0,0,0,0,0,50
729,1092,9,432,100,0,0,0,0,0,0,0,0,0,48
730,900,9,423,100,0,0,0,0,0,0,0,0,0,47
731,1196,9,432,100,0,0,0,0,0,0,0,0,0,48
732,1012,9,432,100,0,0,0,0,0,0,0,0,0,48
733,1300,9,468,100,0,0,0,0,0,0,0,0,0,52
734,1172,9,432,100,0,0,0,0,0,0,0,0,0,48
735,1284,9,459,100,0,0,0,0,0,0,0,0,0,51
736,1212,9,414,100,0,0,0,0,0,0,0,0,0,46
737,1488,9,468,100,0,0,0,0,0,0,0,0,0,52
738,1320,9,423,100,0,0,0,0,0,0,0,0,0,47
739,1324,9,423,100,0,0,0,0,0,0,0,0,0,47
740,1288,9,459,100,0,0,0,0,0,0,0,0,0,51
741,1304,9,495,100,0,0,0,0,0,0,0,0,0,55
742,1320,9,468,100,0,0,0,0,0,0,0,0,0,52
743,1376,9,450,100,0,0,0,0,0,0,0,0,0,50
744,1316,9,468,100,0,0,0,0,0,0,0,0,0,52
745,1348,9,495,100,0,0,0,0,0,0,0,0,0,55
746,1284,9,477,100,0,0,0,0,0,0,0,0,0,53
747,1208,9,432,100,0,0,0,0,0,0,0,0,0,48
748,1340,9,468,100,0,0,0,0,0,0,0,0,0,52
749,1256,9,450,100,0,0,0,0,0,0,0,0,0,50
750,1152,9,441,100,0,0,0,0,0,0,0,0,0,49
751,1272,9,450,100,0,0,0,0,0,0,0,0,0,50
752,1340,9,486,100,0,0,0,0,0,0,0,0,0,54
753,1128,9,423,100,0,0,0,0,0,0,0,0,0,47
754,1232,9,423,100,0,0,0,0,0,0,0,0,0,47
755,1196,9,414,100,0,0,0,0,0,0,0,0,0,46
756,1260,9,414,100,0,0,0,0,0,0,0,0,0,46
757,1356,9,432,100,0,0,0,0,0,0,0,0,0,48
758,1732,9,441,100,0,0,0,0,0,0,0,0,0,49
759,1372,9,423,100,0,0,0,0,0,0,0,0,0,47
760,1428,9,441,100,0,0,0,0,0,0,0,0,0,49
761,1464,9,477,100,0,0,0,0,0,0,0,0,0,53
762,1280,9,468,100,0,0,0,0,0,0,0,0,0,52
763,1288,9,468,100,0,0,0,0,0,0,0,0,0,52
764,1400,9,450,100,0,0,0,0,0,0,0,0,0,50
765,1412,9,459,100,0,0,0,0,0,0,0,0,0,51
766,1564,9,495,100,0,0,0,0,0,0,0,0,0,55
767,1248,9,432,100,0,0,0,0,0,0,0,0,0,48
768,1396,9,441,100,0,0,0,0,0,0,0,0,0,49
769,1332,9,432,100,0,0,0,0,0,0,0,0,0,48
770,1472,9,396,100,0,0,0,0,0,0,0,0,0,44
771,1800,9,414,100,0,0,0,0,0,0,0,0,0,46
772,1316,9,369,100,0,0,0,0,0,0,0,0,0,41
773,1944,9,450,100,0,0,0,0,0,0,0,0,0,50
774,1520,9,432,100,0,0,0,0,0,0,0,0,0,48
775,1292,9,414,100,0,0,0,0,0,0,0,0,0,46
776,1120,9,405,100,0,0,0,0,0,0,0,0,0,45
777,1472,9,441,100,0,0,0,0,0,0,0,0,0,49
778,1576,9,450,100,0,0,0,0,0,0,0,0,0,50
779,1288,9,414,100,0,0,0,0,0,0,0,0,0,46
780,1252,9,441,100,0,0,0,0,0,0,0,0,0,49
781,1196,9,450,100,0,0,0,0,0,0,0,0,0,50
782,1388,9,441,100,0,0,0,0,0,0,0,0,0,49
783,1372,9,432,100,0,0,0,0,0,0,0,0,0,48
784,1144,9,441,100,0,0,0,0,0,0,0,0,0,49
785,1340,9,423,100,0,0,0,0,0,0,0,0,0,47
786,1316,9,414,100,0,0,0,0,0,0,0,0,0,46
787,1376,9,432,100,0,0,0,0,0,0,0,0,0,48
788,1672,9,486,100,0,0,0,0,0,0,0,0,0,54
789,1392,9,459,100,0,0,0,0,0,0,0,0,0,51
790,1580,9,459,100,0,0,0,0,0,0,0,0,0,51
791,1780,9,432,100,0,0,0,0,0,0,0,0,0,48
792,1680,9,432,100,0,0,0,0,0,0,0,0,0,48
793,1556,9,468,100,0,0,0,0,0,0,0,0,0,52
794,1840,9,495,100,0,0,0,0,0,0,0,0,0,55
795,1628,9,468,100,0,0,0,0,0,0,0,0,0,52
796,1572,9,441,100,0,0,0,0,0,0,0,0,0,49
797,1960,9,468,100,0,0,0,0,0,0,0,0,0,52
798,1972,9,450,100,0,0,0,0,0,0,0,0,0,50
799,1764,9,414,100,0,0,0,0,0,0,0,0,0,46
800,1752,9,441,100,0,0,0,0,0,0,0,0,0,49
801,1908,9,459,100,0,0,0,0,0,0,0,0,0,51
802,1728,9,414,100,0,0,0,0,0,0,0,0,0,46
803,1608,9,405,100,0,0,0,0,0,0,0,0,0,45
804,1836,9,432,100,0,0,0,0,0,0,0,0,0,48
805,1684,9,432,100,0,0,0,0,0,0,0,0,0,48
806,1784,9,441,100,0,0,0,0,0,0,0,0,0,49
807,1776,9,450,100,0,0,0,0,0,0,0,0,0,50
808,1456,9,486,100,0,0,0,0,0,0,0,0,0,54
809,1480,9,441,100,0,0,0,0,0,0,0,0,0,49
810,1716,9,432,100,0,0,0,0,0,0,0,0,0,48
811,1648,9,486,100,0,0,0,0,0,0,0,0,0,54
812,1676,9,459,100,0,0,0,0,0,0,0,0,0,51
813,1772,9,477,100,0,0,0,0,0,0,0,0,0,53
814,1772,9,477,100,0,0,0,0,0,0,0,0,0,53
815,1944,9,486,100,0,0,0,0,0,0,0,0,0,54
816,1524,9,477,100,0,0,0,0,0,0,0,0,0,53
817,1632,9,468,100,0,0,0,0,0,0,0,0,0,52
818,1560,9,468,100,0,0,0,0,0,0,0,0,0,52
819,1628,9,450,100,0,0,0,0,0,0,0,0,0,50
820,1744,9,414,100,0,0,0,0,0,0,0,0,0,46
821,1724,9,441,100,0,0,0,0,0,0,0,0,0,49
822,1556,9,432,100,0,0,0,0,0,0,0,0,0,48
823,1224,9,441,100,0,0,0,0,0,0,0,0,0,49
824,1324,9,432,100,0,0,0,0,0,0,0,0,0,48
825,1420,9,441,100,0,0,0,0,0,0,0,0,0,49
826,1384,9,423,100,0,0,0,0,0,0,0,0,0,47
827,1532,9,459,100,0,0,0,0,0,0,0,0,0,51
828,1112,9,432,100,0,0,0,0,0,0,0,0,0,48
829,1168,9,459,100,0,0,0,0,0,0,0,0,0,51
830,1220,9,441,100,0,0,0,0,0,0,0,0,0,49
831,1068,9,405,100,0,0,0,0,0,0,0,0,0,45
832,1308,9,423,100,0,0,0,0,0,0,0,0,0,47
833,1408,9,450,100,0,0,0,0,0,0,0,0,0,50
834,1552,9,450,100,0,0,0,0,0,0,0,0,0,50
835,1468,9,423,100,0,0,0,0,0,0,0,0,0,47
836,1576,9,459,100,0,0,0,0,0,0,0,0,0,51
837,1508,9,459,100,0,0,0,0,0,0,0,0,0,51
838,1856,9,450,100,0,0,0,0,0,0,0,0,0,50
839,2160,9,432,100,0,0,0,0,0,0,0,0,0,48
840,1708,9,396,100,0,0,0,0,0,0,0,0,0,44
841,1972,9,441,100,0,0,0,0,0,0,0,0,0,49
842,2080,9,441,100,0,0,0,0,0,0,0,0,0,49
843,1840,9,441,100,0,0,0,0,0,0,0,0,0,49
844,1540,9,459,100,0,0,0,0,0,0,0,0,0,51
845,1776,9,432,100,0,0,0,0,0,0,0,0,0,48
846,1480,9,432,100,0,0,0,0,0,0,0,0,0,48
847,1320,9,450,100,0,0,0,0,0,0,0,0,0,50
848,1324,9,486,100,0,0,0,0,0,0,0,0,0,54
849,1528,9,441,100,0,0,0,0,0,0,0,0,0,49
850,1440,9,432,100,0,0,0,0,0,0,0,0,0,48
851,1532,9,468,100,0,0,0,0,0,0,0,0,0,52
852,1556,9,459,100,0,0,0,0,0,0,0,0,0,51
853,1632,9,459,100,0,0,0,0,0,0,0,0,0,51
854,1368,9,405,100,0,0,0,0,0,0,0,0,0,45
855,1600,9,432,100,0,0,0,0,0,0,0,0,0,48
856,1480,9,432,100,0,0,0,0,0,0,0,0,0,48
857,1848,9,468,100,0,0,0,0,0,0,0,0,0,52
858,1772,9,441,100,0,0,0,0,0,0,0,0,0,49
859,1604,9,396,100,0,0,0,0,0,0,0,0,0,44
860,1484,9,369,100,0,0,0,0,0,0,0,0,0,41
861,1576,9,441,100,0,0,0,0,0,0,0,0,0,49
862,1696,9,468,100,0,0,0,0,0,0,0,0,0,52
863,1396,9,423,100,0,0,0,0,0,0,0,0,0,47
864,1428,9,414,100,0,0,0,0,0,0,0,0,0,46
865,1352,9,432,100,0,0,0,0,0,0,0,0,0,48
866,1220,9,387,100,0,0,0,0,0,0,0,0,0,43
867,1332,9,414,100,0,0,0,0,0,0,0,0,0,46
868,1448,9,405,100,0,0,0,0,0,0,0,0,0,45
869,1456,9,387,100,0,0,0,0,0,0,0,0,0,43
870,1464,9,387,100,0,0,0,0,0,0,0,0,0,43
871,1300,9,423,100,0,0,0,0,0,0,0,0,0,47
872,1420,9,450,100,0,0,0,0,0,0,0,0,0,50
873,1660,9,468,100,0,0,0,0,0,0,0,0,0,52
874,1400,9,414,100,0,0,0,0,0,0,0,0,0,46
875,1176,9,405,100,0,0,0,0,0,0,0,0,0,45
876,1108,9,423,100,0,0,0,0,0,0,0,0,0,47
877,1048,9,423,100,0,0,0,0,0,0,0,0,0,47
878,1220,9,441,100,0,0,0,0,0,0,0,0,0,49
879,1396,9,468,100,0,0,0,0,0,0,0,0,0,52
880,1332,9,477,100,0,0,0,0,0,0,0,0,0,53
881,1356,9,477,100,0,0,0,0,0,0,0,0,0,53
882,1276,9,441,100,0,0,0,0,0,0,0,0,0,49
883,1264,9,432,100,0,0,0,0,0,0,0,0,0,48
884,1168,9,423,100,0,0,0,0,0,0,0,0,0,47
885,1260,9,441,100,0,0,0,0,0,0,0,0,0,49
886,1320,9,396,100,0,0,0,0,0,0,0,0,0,44
887,1416,9,405,100,0,0,0,0,0,0,0,0,0,45
888,1340,9,396,100,0,0,0,0,0,0,0,0,0,44
889,1484,9,441,100,0,0,0,0,0,0,0,0,0,49
890,1400,9,468,100,0,0,0,0,0,0,0,0,0,52
891,1396,9,432,100,0,0,0,0,0,0,0,0,0,48
892,1400,9,432,100,0,0,0,0,0,0,0,0,0,48
893,1540,9,432,100,0,0,0,0,0,0,0,0,0,48
894,1456,9,423,100,0,0,0,0,0,0,0,0,0,47
895,1556,9,477,100,0,0,0,0,0,0,0,0,0,53
896,1456,9,432,100,0,0,0,0,0,0,0,0,0,48
897,1544,9,450,100,0,0,0,0,0,0,0,0,0,50
898,1680,9,450,100,0,0,0,0,0,0,0,0,0,50
899,1780,9,450,100,0,0,0,0,0,0,0,0,0,50
900,1832,9,459,100,0,0,0,0,0,0,0,0,0,51
901,1956,9,450,100,0,0,0,0,0,0,0,0,0,50
902,1916,9,432,100,0,0,0,0,0,0,0,0,0,48
903,1916,9,486,100,0,0,0,0,0,0,0,0,0,54
904,1836,9,459,100,0,0,0,0,0,0,0,0,0,51
905,2164,9,477,100,0,0,0,0,0,0,0,0,0,53
906,2236,9,468,100,0,0,0,0,0,0,0,0,0,52
907,2312,9,468,100,0,0,0,0,0,0,0,0,0,52
908,2424,9,441,100,0,0,0,0,0,0,0,0,0,49
909,2172,9,432,100,0,0,0,0,0,0,0,0,0,48
910,1924,9,423,100,0,0,0,0,0,0,0,0,0,47
911,2048,9,459,100,0,0,0,0,0,0,0,0,0,51
912,2128,9,423,100,0,0,0,0,0,0,0,0,0,47
913,2404,9,432,100,0,0,0,0,0,0,0,0,0,48
914,2148,9,441,100,0,0,0,0,0,0,0,0,0,49
915,1968,9,432,100,0,0,0,0,0,0,0,0,0,48
916,2032,9,423,100,0,0,0,0,0,0,0,0,0,47
917,1880,9,414,100,0,0,0,0,0,0,0,0,0,46
918,1960,9,405,100,0,0,0,0,0,0,0,0,0,45
919,1992,9,441,100,0,0,0,0,0,0,0,0,0,49
920,1488,9,423,100,0,0,0,0,0,0,0,0,0,47
921,1868,9,495,100,0,0,0,0,0,0,0,0,0,55
922,1256,9,441,100,0,0,0,0,0,0,0,0,0,49
923,1432,9,450,100,0,0,0,0,0,0,0,0,0,50
924,1332,9,468,100,0,0,0,0,0,0,0,0,0,52
925,1100,9,450,100,0,0,0,0,0,0,0,0,0,50
926,1608,9,477,100,0,0,0,0,0,0,0,0,0,53
927,1716,9,486,100,0,0,0,0,0,0,0,0,0,54
928,1464,9,441,100,0,0,0,0,0,0,0,0,0,49
929,1380,9,441,100,0,0,0,0,0,0,0,0,0,49
930,1408,9,459,100,0,0,0,0,0,0,0,0,0,51
931,1608,9,459,100,0,0,0,0,0,0,0,0,0,51
932,1548,9,459,100,0,0,0,0,0,0,0,0,0,51
933,1556,9,459,100,0,0,0,0,0,0,0,0,0,51
934,1680,9,423,100,0,0,0,0,0,0,0,0,0,47
935,1640,9,405,100,0,0,0,0,0,0,0,0,0,45
936,1992,9,441,100,0,0,0,0,0,0,0,0,0,49
937,1592,9,414,100,0,0,0,0,0,0,0,0,0,46
938,1472,9,405,100,0,0,0,0,0,0,0,0,0,45
939,1500,9,441,100,0,0,0,0,0,0,0,0,0,49
940,1364,9,423,100,0,0,0,0,0,0,0,0,0,47
941,1672,9,477,100,0,0,0,0,0,0,0,0,0,53
942,1532,9,468,100,0,0,0,0,0,0,0,0,0,52
943,1768,9,459,100,0,0,0,0,0,0,0,0,0,51
944,1680,9,468,100,0,0,0,0,0,0,0,0,0,52
945,1612,9,423,100,0,0,0,0,0,0,0,0,0,47
946,1852,9,459,100,0,0,0,0,0,0,0,0,0,51
947,1764,9,414,100,0,0,0,0,0,0,0,0,0,46
948,1640,9,396,100,0,0,0,0,0,0,0,0,0,44
949,1676,9,468,100,0,0,0,0,0,0,0,0,0,52
950,1612,9,414,100,0,0,0,0,0,0,0,0,0,46
951,1824,9,468,100,0,0,0,0,0,0,0,0,0,52
952,1644,9,441,100,0,0,0,0,0,0,0,0,0,49
953,1504,9,468,100,0,0,0,0,0,0,0,0,0,52
954,1508,9,423,100,0,0,0,0,0,0,0,0,0,47
955,1544,9,450,100,0,0,0,0,0,0,0,0,0,50
956,1668,9,459,100,0,0,0,0,0,0,0,0,0,51
957,1864,9,450,100,0,0,0,0,0,0,0,0,0,50
958,1952,9,468,100,0,0,0,0,0,0,0,0,0,52
959,2096,9,450,100,0,0,0,0,0,0,0,0,0,50
960,1808,9,450,100,0,0,0,0,0,0,0,0,0,50
961,1660,9,450,100,0,0,0,0,0,0,0,0,0,50
962,2068,9,441,100,0,0,0,0,0,0,0,0,0,49
963,1996,9,423,100,0,0,0,0,0,0,0,0,0,47
964,2032,9,450,100,0,0,0,0,0,0,0,0,0,50
965,1964,9,441,100,0,0,0,0,0,0,0,0,0,49
966,1684,9,414,100,0,0,0,0,0,0,0,0,0,46
967,1588,9,414,100,0,0,0,0,0,0,0,0,0,46
968,1856,9,459,100,0,0,0,0,0,0,0,0,0,51
969,1788,9,432,100,0,0,0,0,0,0,0,0,0,48
970,2076,9,468,100,0,0,0,0,0,0,0,0,0,52
971,1936,9,432,100,0,0,0,0,0,0,0,0,0,48
972,1884,9,414,100,0,0,0,0,0,0,0,0,0,46
973,2156,9,414,100,0,0,0,0,0,0,0,0,0,46
974,2072,9,441,100,0,0,0,0,0,0,0,0,0,49
975,2168,9,441,100,0,0,0,0,0,0,0,0,0,49
976,1984,9,369,100,0,0,0,0,0,0,0,0,0,41
977,1920,9,405,100,0,0,0,0,0,0,0,0,0,45
978,1772,9,396,100,0,0,0,0,0,0,0,0,0,44
979,1832,9,468,100,0,0,0,0,0,0,0,0,0,52
980,1760,9,414,100,0,0,0,0,0,0,0,0,0,46
981,1980,9,459,100,0,0,0,0,0,0,0,0,0,51
982,2080,9,468,100,0,0,0,0,0,0,0,0,0,52
983,1920,9,423,100,0,0,0,0,0,0,0,0,0,47
984,1804,9,432,100,0,0,0,0,0,0,0,0,0,48
985,1728,9,432,100,0,0,0,0,0,0,0,0,0,48
986,1664,9,423,100,0,0,0,0,0,0,0,0,0,47
987,1872,9,459,100,0,0,0,0,0,0,0,0,0,51
988,1372,9,459,100,0,0,0,0,0,0,0,0,0,51
989,1436,9,486,100,0,0,0,0,0,0,0,0,0,54
990,1296,9,459,100,0,0,0,0,0,0,0,0,0,51
991,1200,9,441,100,0,0,0,0,0,0,0,0,0,49
992,1184,9,414,100,0,0,0,0,0,0,0,0,0,46
993,1120,9,441,100,0,0,0,0,0,0,0,0,0,49
994,1140,9,414,100,0,0,0,0,0,0,0,0,0,46
995,1352,9,423,100,0,0,0,0,0,0,0,0,0,47
996,1312,9,423,100,0,0,0,0,0,0,0,0,0,47
997,1668,9,414,100,0,0,0,0,0,0,0,0,0,46
998,1584,9,423,100,0,0,0,0,0,0,0,0,0,47
999,1476,9,405,100,0,0,0,0,0,0,0,0,0,45
