update,points,mean_tasks,total_tasks,total_orgs,task_0,task_1,task_2,task_3,task_4,task_5,task_6,task_7,task_8,task_9
0,0,nan,0,10,0,0,0,0,0,0,0,0,0,0
1,0,nan,0,10,0,0,0,0,0,0,0,0,0,0
2,0,nan,0,10,0,0,0,0,0,0,0,0,0,0
3,0,nan,0,10,0,0,0,0,0,0,0,0,0,0
4,0,nan,0,10,0,0,0,0,0,0,0,0,0,0
5,0,nan,0,10,0,0,0,0,0,0,0,0,0,0
6,0,nan,0,10,0,0,0,0,0,0,0,0,0,0
7,0,nan,0,10,0,0,0,0,0,0,0,0,0,0
8,0,nan,0,10,0,0,0,0,0,0,0,0,0,0
9,108,9,9,11,0,0,0,0,0,0,0,0,0,1
10,88,9,9,12,0,0,0,0,0,0,0,0,0,1
11,0,9,9,12,0,0,0,0,0,0,0,0,0,1
12,0,9,9,12,0,0,0,0,0,0,0,0,0,1
13,0,9,9,12,0,0,0,0,0,0,0,0,0,1
14,0,9,9,12,0,0,0,0,0,0,0,0,0,1
15,0,9,9,12,0,0,0,0,0,0,0,0,0,1
16,0,9,9,12,0,0,0,0,0,0,0,0,0,1
17,0,9,9,12,0,0,0,0,0,0,0,0,0,1
18,0,9,9,12,0,0,0,0,0,0,0,0,0,1
19,88,9,18,14,0,0,0,0,0,0,0,0,0,2
20,48,9,18,14,0,0,0,0,0,0,0,0,0,2
21,0,9,18,14,0,0,0,0,0,0,0,0,0,2
22,0,9,18,14,0,0,0,0,0,0,0,0,0,2
23,0,9,18,14,0,0,0,0,0,0,0,0,0,2
24,0,9,18,14,0,0,0,0,0,0,0,0,0,2
25,0,9,18,14,0,0,0,0,0,0,0,0,0,2
26,0,9,18,14,0,0,0,0,0,0,0,0,0,2
27,44,9,27,15,0,0,0,0,0,0,0,0,0,3
28,24,9,27,15,0,0,0,0,0,0,0,0,0,3
29,0,9,27,15,0,0,0,0,0,0,0,0,0,3
30,0,9,27,15,0,0,0,0,0,0,0,0,0,3
31,0,9,27,15,0,0,0,0,0,0,0,0,0,3
32,0,9,27,15,0,0,0,0,0,0,0,0,0,3
33,0,9,27,15,0,0,0,0,0,0,0,0,0,3
34,44,9,36,16,0,0,0,0,0,0,0,0,0,4
35,68,9,27,16,0,0,0,0,0,0,0,0,0,3
36,4,9,18,16,0,0,0,0,0,0,0,0,0,2
37,4,9,18,16,0,0,0,0,0,0,0,0,0,2
38,4,9,18,16,0,0,0,0,0,0,0,0,0,2
39,92,9,27,17,0,0,0,0,0,0,0,0,0,3
40,52,9,27,18,0,0,0,0,0,0,0,0,0,3
41,12,9,27,19,0,0,0,0,0,0,0,0,0,3
42,56,9,36,19,0,0,0,0,0,0,0,0,0,4
43,36,9,36,20,0,0,0,0,0,0,0,0,0,4
44,36,9,27,20,0,0,0,0,0,0,0,0,0,3
45,60,9,36,21,0,0,0,0,0,0,0,0,0,4
46,84,9,45,21,0,0,0,0,0,0,0,0,0,5
47,96,9,36,21,0,0,0,0,0,0,0,0,0,4
48,76,9,36,21,0,0,0,0,0,0,0,0,0,4
49,8,9,36,21,0,0,0,0,0,0,0,0,0,4
50,96,9,45,21,0,0,0,0,0,0,0,0,0,5
51,144,9,45,23,0,0,0,0,0,0,0,0,0,5
52,96,9,54,24,0,0,0,0,0,0,0,0,0,6
53,28,9,45,25,0,0,0,0,0,0,0,0,0,5
54,52,9,45,26,0,0,0,0,0,0,0,0,0,5
55,32,9,45,26,0,0,0,0,0,0,0,0,0,5
56,8,9,45,26,0,0,0,0,0,0,0,0,0,5
57,52,9,54,27,0,0,0,0,0,0,0,0,0,6
58,164,9,63,29,0,0,0,0,0,0,0,0,0,7
59,56,9,45,29,0,0,0,0,0,0,0,0,0,5
60,52,9,45,29,0,0,0,0,0,0,0,0,0,5
61,120,9,54,30,0,0,0,0,0,0,0,0,0,6
62,60,9,54,30,0,0,0,0,0,0,0,0,0,6
63,56,9,63,30,0,0,0,0,0,0,0,0,0,7
64,124,9,72,30,0,0,0,0,0,0,0,0,0,8
65,104,9,81,32,0,0,0,0,0,0,0,0,0,9
66,164,9,81,32,0,0,0,0,0,0,0,0,0,9
67,208,9,99,32,0,0,0,0,0,0,0,0,0,11
68,120,9,90,34,0,0,0,0,0,0,0,0,0,10
69,200,9,108,36,0,0,0,0,0,0,0,0,0,12
70,160,9,99,37,0,0,0,0,0,0,0,0,0,11
71,160,9,99,39,0,0,0,0,0,0,0,0,0,11
72,248,9,126,43,0,0,0,0,0,0,0,0,0,14
73,276,9,144,48,0,0,0,0,0,0,0,0,0,16
74,296,9,153,50,0,0,0,0,0,0,0,0,0,17
75,364,9,153,52,0,0,0,0,0,0,0,0,0,17
76,516,9,189,52,0,0,0,0,0,0,0,0,0,21
77,484,9,189,56,0,0,0,0,0,0,0,0,0,21
78,448,9,180,56,0,0,0,0,0,0,0,0,0,20
79,584,9,189,58,0,0,0,0,0,0,0,0,0,21
80,216,9,180,58,0,0,0,0,0,0,0,0,0,20
81,364,9,162,59,0,0,0,0,0,0,0,0,0,18
82,288,9,153,61,0,0,0,0,0,0,0,0,0,17
83,464,9,198,64,0,0,0,0,0,0,0,0,0,22
84,476,9,207,66,0,0,0,0,0,0,0,0,0,23
85,524,9,243,71,0,0,0,0,0,0,0,0,0,27
86,468,9,225,72,0,0,0,0,0,0,0,0,0,25
87,708,9,252,76,0,0,0,0,0,0,0,0,0,28
88,500,9,225,77,0,0,0,0,0,0,0,0,0,25
89,504,9,225,78,0,0,0,0,0,0,0,0,0,25
90,552,9,234,81,0,0,0,0,0,0,0,0,0,26
91,492,9,252,84,0,0,0,0,0,0,0,0,0,28
92,552,9,261,87,0,0,0,0,0,0,0,0,0,29
93,600,9,261,88,0,0,0,0,0,0,0,0,0,29
94,476,9,270,89,0,0,0,0,0,0,0,0,0,30
95,576,9,261,89,0,0,0,0,0,0,0,0,0,29
96,540,9,252,91,0,0,0,0,0,0,0,0,0,28
97,620,9,252,92,0,0,0,0,0,0,0,0,0,28
98,704,9,270,92,0,0,0,0,0,0,0,0,0,30
99,552,9,243,93,0,0,0,0,0,0,0,0,0,27
100,320,9,252,94,0,0,0,0,0,0,0,0,0,28
101,700,9,279,95,0,0,0,0,0,0,0,0,0,31
102,500,9,261,95,0,0,0,0,0,0,0,0,0,29
103,656,9,279,95,0,0,0,0,0,0,0,0,0,31
104,456,9,270,95,0,0,0,0,0,0,0,0,0,30
105,544,9,297,96,0,0,0,0,0,0,0,0,0,33
106,696,9,288,96,0,0,0,0,0,0,0,0,0,32
107,464,9,297,97,0,0,0,0,0,0,0,0,0,33
108,704,9,297,97,0,0,0,0,0,0,0,0,0,33
109,612,9,288,98,0,0,0,0,0,0,0,0,0,32
110,372,9,306,98,0,0,0,0,0,0,0,0,0,34
111,588,9,315,98,0,0,0,0,0,0,0,0,0,35
112,564,9,315,98,0,0,0,0,0,0,0,0,0,35
113,548,9,306,99,0,0,0,0,0,0,0,0,0,34
114,396,9,315,99,0,0,0,0,0,0,0,0,0,35
115,392,9,324,99,0,0,0,0,0,0,0,0,0,36
116,668,9,333,100,0,0,0,0,0,0,0,0,0,37
117,664,9,324,100,0,0,0,0,0,0,0,0,0,36
118,764,9,342,100,0,0,0,0,0,0,0,0,0,38
119,680,9,315,100,0,0,0,0,0,0,0,0,0,35
120,568,9,279,100,0,0,0,0,0,0,0,0,0,31
121,668,9,288,100,0,0,0,0,0,0,0,0,0,32
122,680,9,279,100,0,0,0,0,0,0,0,0,0,31
123,808,9,279,100,0,0,0,0,0,0,0,0,0,31
124,988,9,297,100,0,0,0,0,0,0,0,0,0,33
125,1144,9,324,100,0,0,0,0,0,0,0,0,0,36
126,1416,9,333,100,0,0,0,0,0,0,0,0,0,37
127,1552,9,315,100,0,0,0,0,0,0,0,0,0,35
128,744,9,288,100,0,0,0,0,0,0,0,0,0,32
129,760,9,297,100,0,0,0,0,0,0,0,0,0,33
130,1012,9,288,100,0,0,0,0,0,0,0,0,0,32
131,1024,9,297,100,0,0,0,0,0,0,0,0,0,33
132,1180,9,279,100,0,0,0,0,0,0,0,0,0,31
133,676,9,279,100,0,0,0,0,0,0,0,0,0,31
134,892,9,297,100,0,0,0,0,0,0,0,0,0,33
135,1072,9,324,100,0,0,0,0,0,0,0,0,0,36
136,984,9,297,100,0,0,0,0,0,0,0,0,0,33
137,924,9,333,100,0,0,0,0,0,0,0,0,0,37
138,964,9,342,100,0,0,0,0,0,0,0,0,0,38
139,980,9,333,100,0,0,0,0,0,0,0,0,0,37
140,1180,9,342,100,0,0,0,0,0,0,0,0,0,38
141,1212,9,333,100,0,0,0,0,0,0,0,0,0,37
142,1564,9,351,100,0,0,0,0,0,0,0,0,0,39
143,1268,9,306,100,0,0,0,0,0,0,0,0,0,34
144,936,9,333,100,0,0,0,0,0,0,0,0,0,37
145,1092,9,315,100,0,0,0,0,0,0,0,0,0,35
146,1088,9,324,100,0,0,0,0,0,0,0,0,0,36
147,1204,9,315,100,0,0,0,0,0,0,0,0,0,35
148,1268,9,315,100,0,0,0,0,0,0,0,0,0,35
149,1392,9,333,100,0,0,0,0,0,0,0,0,0,37
150,1764,9,342,100,0,0,0,0,0,0,0,0,0,38
151,1924,9,306,100,0,0,0,0,0,0,0,0,0,34
152,2132,9,315,100,0,0,0,0,0,0,0,0,0,35
153,2124,9,297,100,0,0,0,0,0,0,0,0,0,33
154,2452,9,306,100,0,0,0,0,0,0,0,0,0,34
155,2768,9,324,100,0,0,0,0,0,0,0,0,0,36
156,2148,9,333,100,0,0,0,0,0,0,0,0,0,37
157,2432,9,333,100,0,0,0,0,0,0,0,0,0,37
158,1364,9,351,100,0,0,0,0,0,0,0,0,0,39
159,1792,9,360,100,0,0,0,0,0,0,0,0,0,40
160,1932,9,360,100,0,0,0,0,0,0,0,0,0,40
161,2316,9,387,100,0,0,0,0,0,0,0,0,0,43
162,2764,9,396,100,0,0,0,0,0,0,0,0,0,44
163,2148,9,360,100,0,0,0,0,0,0,0,0,0,40
164,1916,9,369,100,0,0,0,0,0,0,0,0,0,41
165,2268,9,324,100,0,0,0,0,0,0,0,0,0,36
166,2168,9,306,100,0,0,0,0,0,0,0,0,0,34
167,2132,9,288,100,0,0,0,0,0,0,0,0,0,32
168,2720,9,315,100,0,0,0,0,0,0,0,0,0,35
169,2768,9,315,100,0,0,0,0,0,0,0,0,0,35
170,2108,9,306,100,0,0,0,0,0,0,0,0,0,34
171,2608,9,288,100,0,0,0,0,0,0,0,0,0,32
172,2480,9,297,100,0,0,0,0,0,0,0,0,0,33
173,2268,9,297,100,0,0,0,0,0,0,0,0,0,33
174,1320,9,333,100,0,0,0,0,0,0,0,0,0,37
175,1344,9,342,100,0,0,0,0,0,0,0,0,0,38
176,1252,9,324,100,0,0,0,0,0,0,0,0,0,36
177,1344,9,333,100,0,0,0,0,0,0,0,0,0,37
178,1272,9,297,100,0,0,0,0,0,0,0,0,0,33
179,1580,9,297,100,0,0,0,0,0,0,0,0,0,33
180,1524,9,270,100,0,0,0,0,0,0,0,0,0,30
181,1692,9,297,100,0,0,0,0,0,0,0,0,0,33
182,2052,9,342,100,0,0,0,0,0,0,0,0,0,38
183,1580,9,306,100,0,0,0,0,0,0,0,0,0,34
184,1784,9,333,100,0,0,0,0,0,0,0,0,0,37
185,2016,9,360,100,0,0,0,0,0,0,0,0,0,40
186,2336,9,369,100,0,0,0,0,0,0,0,0,0,41
187,2360,9,378,100,0,0,0,0,0,0,0,0,0,42
188,1484,9,369,100,0,0,0,0,0,0,0,0,0,41
189,1928,9,378,100,0,0,0,0,0,0,0,0,0,42
190,1312,9,351,100,0,0,0,0,0,0,0,0,0,39
191,1584,9,369,100,0,0,0,0,0,0,0,0,0,41
192,1560,9,315,100,0,0,0,0,0,0,0,0,0,35
193,1504,9,324,100,0,0,0,0,0,0,0,0,0,36
194,1840,9,342,100,0,0,0,0,0,0,0,0,0,38
195,1952,9,324,100,0,0,0,0,0,0,0,0,0,36
196,2224,9,324,100,0,0,0,0,0,0,0,0,0,36
197,2272,9,306,100,0,0,0,0,0,0,0,0,0,34
198,2840,9,333,100,0,0,0,0,0,0,0,0,0,37
199,3016,9,306,100,0,0,0,0,0,0,0,0,0,34
200,3456,9,315,100,0,0,0,0,0,0,0,0,0,35
201,3908,9,297,100,0,0,0,0,0,0,0,0,0,33
202,3736,9,288,100,0,0,0,0,0,0,0,0,0,32
203,3952,9,288,100,0,0,0,0,0,0,0,0,0,32
204,3648,9,279,100,0,0,0,0,0,0,0,0,0,31
205,4264,9,279,100,0,0,0,0,0,0,0,0,0,31
206,4404,9,288,100,0,0,0,0,0,0,0,0,0,32
207,3624,9,261,100,0,0,0,0,0,0,0,0,0,29
208,3784,9,270,100,0,0,0,0,0,0,0,0,0,30
209,1888,9,297,100,0,0,0,0,0,0,0,0,0,33
210,1236,9,306,100,0,0,0,0,0,0,0,0,0,34
211,1324,9,324,100,0,0,0,0,0,0,0,0,0,36
212,1428,9,324,100,0,0,0,0,0,0,0,0,0,36
213,1288,9,288,100,0,0,0,0,0,0,0,0,0,32
214,1232,9,315,100,0,0,0,0,0,0,0,0,0,35
215,1420,9,342,100,0,0,0,0,0,0,0,0,0,38
216,1740,9,333,100,0,0,0,0,0,0,0,0,0,37
217,2016,9,324,100,0,0,0,0,0,0,0,0,0,36
218,2520,9,351,100,0,0,0,0,0,0,0,0,0,39
219,2456,9,315,100,0,0,0,0,0,0,0,0,0,35
220,1536,9,342,100,0,0,0,0,0,0,0,0,0,38
221,1584,9,315,100,0,0,0,0,0,0,0,0,0,35
222,1960,9,333,100,0,0,0,0,0,0,0,0,0,37
223,1980,9,315,100,0,0,0,0,0,0,0,0,0,35
224,2152,9,315,100,0,0,0,0,0,0,0,0,0,35
225,2008,9,324,100,0,0,0,0,0,0,0,0,0,36
226,1828,9,315,100,0,0,0,0,0,0,0,0,0,35
227,2292,9,351,100,0,0,0,0,0,0,0,0,0,39
228,2452,9,369,100,0,0,0,0,0,0,0,0,0,41
229,2628,9,378,100,0,0,0,0,0,0,0,0,0,42
230,1376,9,342,100,0,0,0,0,0,0,0,0,0,38
231,1320,9,333,100,0,0,0,0,0,0,0,0,0,37
232,724,9,297,100,0,0,0,0,0,0,0,0,0,33
233,972,9,369,100,0,0,0,0,0,0,0,0,0,41
234,820,9,351,100,0,0,0,0,0,0,0,0,0,39
235,904,9,360,100,0,0,0,0,0,0,0,0,0,40
236,1000,9,369,100,0,0,0,0,0,0,0,0,0,41
237,1060,9,369,100,0,0,0,0,0,0,0,0,0,41
238,968,9,333,100,0,0,0,0,0,0,0,0,0,37
239,1016,9,324,100,0,0,0,0,0,0,0,0,0,36
240,1136,9,351,100,0,0,0,0,0,0,0,0,0,39
241,1236,9,369,100,0,0,0,0,0,0,0,0,0,41
242,1292,9,387,100,0,0,0,0,0,0,0,0,0,43
243,1360,9,369,100,0,0,0,0,0,0,0,0,0,41
244,1432,9,369,100,0,0,0,0,0,0,0,0,0,41
245,1532,9,324,100,0,0,0,0,0,0,0,0,0,36
246,1776,9,333,100,0,0,0,0,0,0,0,0,0,37
247,2104,9,360,100,0,0,0,0,0,0,0,0,0,40
248,2020,9,351,100,0,0,0,0,0,0,0,0,0,39
249,964,9,333,100,0,0,0,0,0,0,0,0,0,37
250,860,9,279,100,0,0,0,0,0,0,0,0,0,31
251,948,9,297,100,0,0,0,0,0,0,0,0,0,33
252,1192,9,315,100,0,0,0,0,0,0,0,0,0,35
253,1044,9,315,100,0,0,0,0,0,0,0,0,0,35
254,752,9,315,100,0,0,0,0,0,0,0,0,0,35
255,756,9,297,100,0,0,0,0,0,0,0,0,0,33
256,588,9,252,100,0,0,0,0,0,0,0,0,0,28
257,852,9,306,100,0,0,0,0,0,0,0,0,0,34
258,772,9,297,100,0,0,0,0,0,0,0,0,0,33
259,812,9,306,100,0,0,0,0,0,0,0,0,0,34
260,820,9,288,100,0,0,0,0,0,0,0,0,0,32
261,872,9,279,100,0,0,0,0,0,0,0,0,0,31
262,900,9,279,100,0,0,0,0,0,0,0,0,0,31
263,1032,9,288,100,0,0,0,0,0,0,0,0,0,32
264,892,9,279,100,0,0,0,0,0,0,0,0,0,31
265,748,9,279,100,0,0,0,0,0,0,0,0,0,31
266,836,9,279,100,0,0,0,0,0,0,0,0,0,31
267,944,9,252,100,0,0,0,0,0,0,0,0,0,28
268,1060,9,297,100,0,0,0,0,0,0,0,0,0,33
269,1080,9,297,100,0,0,0,0,0,0,0,0,0,33
270,1204,9,333,100,0,0,0,0,0,0,0,0,0,37
271,1472,9,342,100,0,0,0,0,0,0,0,0,0,38
272,1232,9,288,100,0,0,0,0,0,0,0,0,0,32
273,1372,9,306,100,0,0,0,0,0,0,0,0,0,34
274,1380,9,315,100,0,0,0,0,0,0,0,0,0,35
275,1528,9,315,100,0,0,0,0,0,0,0,0,0,35
276,1480,9,315,100,0,0,0,0,0,0,0,0,0,35
277,1340,9,306,100,0,0,0,0,0,0,0,0,0,34
278,1516,9,324,100,0,0,0,0,0,0,0,0,0,36
279,1720,9,342,100,0,0,0,0,0,0,0,0,0,38
280,1244,9,351,100,0,0,0,0,0,0,0,0,0,39
281,1016,9,351,100,0,0,0,0,0,0,0,0,0,39
282,1032,9,360,100,0,0,0,0,0,0,0,0,0,40
283,1012,9,360,100,0,0,0,0,0,0,0,0,0,40
284,1328,9,387,100,0,0,0,0,0,0,0,0,0,43
285,1004,9,324,100,0,0,0,0,0,0,0,0,0,36
286,1360,9,378,100,0,0,0,0,0,0,0,0,0,42
287,780,9,342,100,0,0,0,0,0,0,0,0,0,38
288,796,9,342,100,0,0,0,0,0,0,0,0,0,38
289,552,9,360,100,0,0,0,0,0,0,0,0,0,40
290,884,9,369,100,0,0,0,0,0,0,0,0,0,41
291,764,9,369,100,0,0,0,0,0,0,0,0,0,41
292,672,9,396,100,0,0,0,0,0,0,0,0,0,44
293,1028,9,387,100,0,0,0,0,0,0,0,0,0,43
294,1028,9,396,100,0,0,0,0,0,0,0,0,0,44
295,788,9,369,100,0,0,0,0,0,0,0,0,0,41
296,904,9,378,100,0,0,0,0,0,0,0,0,0,42
297,916,9,405,100,0,0,0,0,0,0,0,0,0,45
298,1024,9,414,100,0,0,0,0,0,0,0,0,0,46
299,1148,9,432,100,0,0,0,0,0,0,0,0,0,48
300,924,9,387,100,0,0,0,0,0,0,0,0,0,43
301,872,9,360,100,0,0,0,0,0,0,0,0,0,40
302,892,9,378,100,0,0,0,0,0,0,0,0,0,42
303,984,9,396,100,0,0,0,0,0,0,0,0,0,44
304,1000,9,414,100,0,0,0,0,0,0,0,0,0,46
305,984,9,414,100,0,0,0,0,0,0,0,0,0,46
306,1188,9,423,100,0,0,0,0,0,0,0,0,0,47
307,1296,9,387,100,0,0,0,0,0,0,0,0,0,43
308,1432,9,405,100,0,0,0,0,0,0,0,0,0,45
309,1404,9,369,100,0,0,0,0,0,0,0,0,0,41
310,1652,9,378,100,0,0,0,0,0,0,0,0,0,42
311,1328,9,342,100,0,0,0,0,0,0,0,0,0,38
312,1312,9,333,100,0,0,0,0,0,0,0,0,0,37
313,1496,9,351,100,0,0,0,0,0,0,0,0,0,39
314,1444,9,351,100,0,0,0,0,0,0,0,0,0,39
315,1504,9,306,100,0,0,0,0,0,0,0,0,0,34
316,1600,9,315,100,0,0,0,0,0,0,0,0,0,35
317,1664,9,306,100,0,0,0,0,0,0,0,0,0,34
318,1716,9,369,100,0,0,0,0,0,0,0,0,0,41
319,1716,9,369,100,0,0,0,0,0,0,0,0,0,41
320,892,9,333,100,0,0,0,0,0,0,0,0,0,37
321,836,9,324,100,0,0,0,0,0,0,0,0,0,36
322,1120,9,369,100,0,0,0,0,0,0,0,0,0,41
323,1276,9,378,100,0,0,0,0,0,0,0,0,0,42
324,1120,9,378,100,0,0,0,0,0,0,0,0,0,42
325,1112,9,351,100,0,0,0,0,0,0,0,0,0,39
326,1268,9,387,100,0,0,0,0,0,0,0,0,0,43
327,1176,9,378,100,0,0,0,0,0,0,0,0,0,42
328,1112,9,387,100,0,0,0,0,0,0,0,0,0,43
329,1120,9,387,100,0,0,0,0,0,0,0,0,0,43
330,1208,9,396,100,0,0,0,0,0,0,0,0,0,44
331,1100,9,405,100,0,0,0,0,0,0,0,0,0,45
332,1088,9,387,100,0,0,0,0,0,0,0,0,0,43
333,1032,9,369,100,0,0,0,0,0,0,0,0,0,41
334,1056,9,360,100,0,0,0,0,0,0,0,0,0,40
335,1272,9,396,100,0,0,0,0,0,0,0,0,0,44
336,864,9,378,100,0,0,0,0,0,0,0,0,0,42
337,984,9,414,100,0,0,0,0,0,0,0,0,0,46
338,884,9,405,100,0,0,0,0,0,0,0,0,0,45
339,992,9,396,100,0,0,0,0,0,0,0,0,0,44
340,1100,9,414,100,0,0,0,0,0,0,0,0,0,46
341,1332,9,405,100,0,0,0,0,0,0,0,0,0,45
342,1072,9,387,100,0,0,0,0,0,0,0,0,0,43
343,988,9,369,100,0,0,0,0,0,0,0,0,0,41
344,1536,9,387,100,0,0,0,0,0,0,0,0,0,43
345,1596,9,360,100,0,0,0,0,0,0,0,0,0,40
346,1656,9,387,100,0,0,0,0,0,0,0,0,0,43
347,1808,9,405,100,0,0,0,0,0,0,0,0,0,45
348,1984,9,387,100,0,0,0,0,0,0,0,0,0,43
349,1696,9,351,100,0,0,0,0,0,0,0,0,0,39
350,1908,9,351,100,0,0,0,0,0,0,0,0,0,39
351,2360,9,378,100,0,0,0,0,0,0,0,0,0,42
352,2116,9,351,100,0,0,0,0,0,0,0,0,0,39
353,2480,9,369,100,0,0,0,0,0,0,0,0,0,41
354,1920,9,333,100,0,0,0,0,0,0,0,0,0,37
355,2252,9,333,100,0,0,0,0,0,0,0,0,0,37
356,2476,9,333,100,0,0,0,0,0,0,0,0,0,37
357,960,9,333,100,0,0,0,0,0,0,0,0,0,37
358,924,9,333,100,0,0,0,0,0,0,0,0,0,37
359,1100,9,315,100,0,0,0,0,0,0,0,0,0,35
360,1520,9,342,100,0,0,0,0,0,0,0,0,0,38
361,1740,9,360,100,0,0,0,0,0,0,0,0,0,40
362,1632,9,360,100,0,0,0,0,0,0,0,0,0,40
363,1652,9,369,100,0,0,0,0,0,0,0,0,0,41
364,1992,9,405,100,0,0,0,0,0,0,0,0,0,45
365,1820,9,369,100,0,0,0,0,0,0,0,0,0,41
366,2088,9,387,100,0,0,0,0,0,0,0,0,0,43
367,1576,9,378,100,0,0,0,0,0,0,0,0,0,42
368,1352,9,360,100,0,0,0,0,0,0,0,0,0,40
369,1444,9,360,100,0,0,0,0,0,0,0,0,0,40
370,1660,9,333,100,0,0,0,0,0,0,0,0,0,37
371,1828,9,387,100,0,0,0,0,0,0,0,0,0,43
372,1592,9,342,100,0,0,0,0,0,0,0,0,0,38
373,1928,9,369,100,0,0,0,0,0,0,0,0,0,41
374,1792,9,396,100,0,0,0,0,0,0,0,0,0,44
375,1596,9,342,100,0,0,0,0,0,0,0,0,0,38
376,2004,9,396,100,0,0,0,0,0,0,0,0,0,44
377,1568,9,378,100,0,0,0,0,0,0,0,0,0,42
378,1632,9,387,100,0,0,0,0,0,0,0,0,0,43
379,1656,9,351,100,0,0,0,0,0,0,0,0,0,39
380,1464,9,360,100,0,0,0,0,0,0,0,0,0,40
381,1436,9,351,100,0,0,0,0,0,0,0,0,0,39
382,1200,9,369,100,0,0,0,0,0,0,0,0,0,41
383,1420,9,396,100,0,0,0,0,0,0,0,0,0,44
384,1608,9,405,100,0,0,0,0,0,0,0,0,0,45
385,1852,9,468,100,0,0,0,0,0,0,0,0,0,52
386,1760,9,441,100,0,0,0,0,0,0,0,0,0,49
387,1272,9,405,100,0,0,0,0,0,0,0,0,0,45
388,1344,9,396,100,0,0,0,0,0,0,0,0,0,44
389,1500,9,396,100,0,0,0,0,0,0,0,0,0,44
390,1312,9,414,100,0,0,0,0,0,0,0,0,0,46
391,1328,9,405,100,0,0,0,0,0,0,0,0,0,45
392,1092,9,378,100,0,0,0,0,0,0,0,0,0,42
393,1336,9,387,100,0,0,0,0,0,0,0,0,0,43
394,1440,9,387,100,0,0,0,0,0,0,0,0,0,43
395,1692,9,387,100,0,0,0,0,0,0,0,0,0,43
396,1420,9,396,100,0,0,0,0,0,0,0,0,0,44
397,1400,9,405,100,0,0,0,0,0,0,0,0,0,45
398,1288,9,378,100,0,0,0,0,0,0,0,0,0,42
399,1452,9,387,100,0,0,0,0,0,0,0,0,0,43
400,1416,9,378,100,0,0,0,0,0,0,0,0,0,42
401,1780,9,441,100,0,0,0,0,0,0,0,0,0,49
402,1420,9,441,100,0,0,0,0,0,0,0,0,0,49
403,1464,9,450,100,0,0,0,0,0,0,0,0,0,50
404,1360,9,468,100,0,0,0,0,0,0,0,0,0,52
405,1332,9,450,100,0,0,0,0,0,0,0,0,0,50
406,1616,9,468,100,0,0,0,0,0,0,0,0,0,52
407,1692,9,468,100,0,0,0,0,0,0,0,0,0,52
408,1792,9,468,100,0,0,0,0,0,0,0,0,0,52
409,1624,9,441,100,0,0,0,0,0,0,0,0,0,49
410,1712,9,450,100,0,0,0,0,0,0,0,0,0,50
411,1740,9,423,100,0,0,0,0,0,0,0,0,0,47
412,1904,9,396,100,0,0,0,0,0,0,0,0,0,44
413,1944,9,432,100,0,0,0,0,0,0,0,0,0,48
414,2084,9,450,100,0,0,0,0,0,0,0,0,0,50
415,1312,9,432,100,0,0,0,0,0,0,0,0,0,48
416,1432,9,423,100,0,0,0,0,0,0,0,0,0,47
417,1320,9,387,100,0,0,0,0,0,0,0,0,0,43
418,1484,9,378,100,0,0,0,0,0,0,0,0,0,42
419,1640,9,414,100,0,0,0,0,0,0,0,0,0,46
420,1752,9,414,100,0,0,0,0,0,0,0,0,0,46
421,1980,9,432,100,0,0,0,0,0,0,0,0,0,48
422,2308,9,468,100,0,0,0,0,0,0,0,0,0,52
423,1908,9,414,100,0,0,0,0,0,0,0,0,0,46
424,1636,9,441,100,0,0,0,0,0,0,0,0,0,49
425,1848,9,450,100,0,0,0,0,0,0,0,0,0,50
426,1764,9,468,100,0,0,0,0,0,0,0,0,0,52
427,2068,9,486,100,0,0,0,0,0,0,0,0,0,54
428,1348,9,423,100,0,0,0,0,0,0,0,0,0,47
429,1352,9,468,100,0,0,0,0,0,0,0,0,0,52
430,976,9,432,100,0,0,0,0,0,0,0,0,0,48
431,1096,9,450,100,0,0,0,0,0,0,0,0,0,50
432,1208,9,459,100,0,0,0,0,0,0,0,0,0,51
433,1064,9,468,100,0,0,0,0,0,0,0,0,0,52
434,1120,9,450,100,0,0,0,0,0,0,0,0,0,50
435,1448,9,531,100,0,0,0,0,0,0,0,0,0,59
436,1352,9,450,100,0,0,0,0,0,0,0,0,0,50
437,1524,9,450,100,0,0,0,0,0,0,0,0,0,50
438,1924,9,477,100,0,0,0,0,0,0,0,0,0,53
439,2172,9,486,100,0,0,0,0,0,0,0,0,0,54
440,2236,9,486,100,0,0,0,0,0,0,0,0,0,54
441,2120,9,450,100,0,0,0,0,0,0,0,0,0,50
442,1984,9,459,100,0,0,0,0,0,0,0,0,0,51
443,1968,9,477,100,0,0,0,0,0,0,0,0,0,53
444,2152,9,432,100,0,0,0,0,0,0,0,0,0,48
445,2448,9,477,100,0,0,0,0,0,0,0,0,0,53
446,2420,9,495,100,0,0,0,0,0,0,0,0,0,55
447,2372,9,468,100,0,0,0,0,0,0,0,0,0,52
448,2116,9,477,100,0,0,0,0,0,0,0,0,0,53
449,2280,9,477,100,0,0,0,0,0,0,0,0,0,53
450,1868,9,450,100,0,0,0,0,0,0,0,0,0,50
451,1936,9,504,100,0,0,0,0,0,0,0,0,0,56
452,1696,9,477,100,0,0,0,0,0,0,0,0,0,53
453,1764,9,495,100,0,0,0,0,0,0,0,0,0,55
454,2224,9,495,100,0,0,0,0,0,0,0,0,0,55
455,2336,9,486,100,0,0,0,0,0,0,0,0,0,54
456,2132,9,459,100,0,0,0,0,0,0,0,0,0,51
457,1900,9,432,100,0,0,0,0,0,0,0,0,0,48
458,2476,9,468,100,0,0,0,0,0,0,0,0,0,52
459,2276,9,432,100,0,0,0,0,0,0,0,0,0,48
460,2536,9,441,100,0,0,0,0,0,0,0,0,0,49
461,2328,9,405,100,0,0,0,0,0,0,0,0,0,45
462,2624,9,414,100,0,0,0,0,0,0,0,0,0,46
463,2200,9,423,100,0,0,0,0,0,0,0,0,0,47
464,2340,9,423,100,0,0,0,0,0,0,0,0,0,47
465,2836,9,441,100,0,0,0,0,0,0,0,0,0,49
466,3088,9,414,100,0,0,0,0,0,0,0,0,0,46
467,3892,9,396,100,0,0,0,0,0,0,0,0,0,44
468,3928,9,441,100,0,0,0,0,0,0,0,0,0,49
469,3872,9,414,100,0,0,0,0,0,0,0,0,0,46
470,5056,9,423,100,0,0,0,0,0,0,0,0,0,47
471,5296,9,423,100,0,0,0,0,0,0,0,0,0,47
472,5360,9,396,100,0,0,0,0,0,0,0,0,0,44
473,5544,9,450,100,0,0,0,0,0,0,0,0,0,50
474,3448,9,450,100,0,0,0,0,0,0,0,0,0,50
475,3404,9,414,100,0,0,0,0,0,0,0,0,0,46
476,3348,9,432,100,0,0,0,0,0,0,0,0,0,48
477,2868,9,414,100,0,0,0,0,0,0,0,0,0,46
478,3028,9,414,100,0,0,0,0,0,0,0,0,0,46
479,3468,9,432,100,0,0,0,0,0,0,0,0,0,48
480,4116,9,405,100,0,0,0,0,0,0,0,0,0,45
481,4220,9,468,100,0,0,0,0,0,0,0,0,0,52
482,2220,9,450,100,0,0,0,0,0,0,0,0,0,50
483,2664,9,468,100,0,0,0,0,0,0,0,0,0,52
484,1856,9,423,100,0,0,0,0,0,0,0,0,0,47
485,1672,9,459,100,0,0,0,0,0,0,0,0,0,51
486,1304,9,450,100,0,0,0,0,0,0,0,0,0,50
487,1048,9,432,100,0,0,0,0,0,0,0,0,0,48
488,1744,9,486,100,0,0,0,0,0,0,0,0,0,54
489,1696,9,468,100,0,0,0,0,0,0,0,0,0,52
490,1568,9,459,100,0,0,0,0,0,0,0,0,0,51
491,1916,9,477,100,0,0,0,0,0,0,0,0,0,53
492,1616,9,450,100,0,0,0,0,0,0,0,0,0,50
493,1364,9,441,100,0,0,0,0,0,0,0,0,0,49
494,1752,9,414,100,0,0,0,0,0,0,0,0,0,46
495,1744,9,414,100,0,0,0,0,0,0,0,0,0,46
496,1512,9,414,100,0,0,0,0,0,0,0,0,0,46
497,1856,9,450,100,0,0,0,0,0,0,0,0,0,50
498,2044,9,441,100,0,0,0,0,0,0,0,0,0,49
499,1316,9,432,100,0,0,0,0,0,0,0,0,0,48
500,1200,9,432,100,0,0,0,0,0,0,0,0,0,48
501,1280,9,423,100,0,0,0,0,0,0,0,0,0,47
502,1440,9,441,100,0,0,0,0,0,0,0,0,0,49
503,1596,9,441,100,0,0,0,0,0,0,0,0,0,49
504,1332,9,405,100,0,0,0,0,0,0,0,0,0,45
505,1244,9,405,100,0,0,0,0,0,0,0,0,0,45
506,1488,9,450,100,0,0,0,0,0,0,0,0,0,50
507,1440,9,405,100,0,0,0,0,0,0,0,0,0,45
508,1544,9,414,100,0,0,0,0,0,0,0,0,0,46
509,1888,9,468,100,0,0,0,0,0,0,0,0,0,52
510,1664,9,414,100,0,0,0,0,0,0,0,0,0,46
511,1752,9,414,100,0,0,0,0,0,0,0,0,0,46
512,1492,9,423,100,0,0,0,0,0,0,0,0,0,47
513,1348,9,378,100,0,0,0,0,0,0,0,0,0,42
514,1568,9,396,100,0,0,0,0,0,0,0,0,0,44
515,1352,9,405,100,0,0,0,0,0,0,0,0,0,45
516,1400,9,441,100,0,0,0,0,0,0,0,0,0,49
517,1372,9,450,100,0,0,0,0,0,0,0,0,0,50
518,1236,9,441,100,0,0,0,0,0,0,0,0,0,49
519,1168,9,423,100,0,0,0,0,0,0,0,0,0,47
520,1532,9,495,100,0,0,0,0,0,0,0,0,0,55
521,1224,9,441,100,0,0,0,0,0,0,0,0,0,49
522,1336,9,459,100,0,0,0,0,0,0,0,0,0,51
523,1248,9,459,100,0,0,0,0,0,0,0,0,0,51
524,1316,9,441,100,0,0,0,0,0,0,0,0,0,49
525,1468,9,450,100,0,0,0,0,0,0,0,0,0,50
526,1288,9,423,100,0,0,0,0,0,0,0,0,0,47
527,1044,9,405,100,0,0,0,0,0,0,0,0,0,45
528,1052,9,414,100,0,0,0,0,0,0,0,0,0,46
529,1096,9,450,100,0,0,0,0,0,0,0,0,0,50
530,1128,9,423,100,0,0,0,0,0,0,0,0,0,47
531,1152,9,432,100,0,0,0,0,0,0,0,0,0,48
532,1380,9,459,100,0,0,0,0,0,0,0,0,0,51
533,1348,9,504,100,0,0,0,0,0,0,0,0,0,56
534,1268,9,513,100,0,0,0,0,0,0,0,0,0,57
535,1424,9,495,100,0,0,0,0,0,0,0,0,0,55
536,1188,9,459,100,0,0,0,0,0,0,0,0,0,51
537,1404,9,495,100,0,0,0,0,0,0,0,0,0,55
538,1332,9,477,100,0,0,0,0,0,0,0,0,0,53
539,1176,9,459,100,0,0,0,0,0,0,0,0,0,51
540,1232,9,459,100,0,0,0,0,0,0,0,0,0,51
541,1288,9,477,100,0,0,0,0,0,0,0,0,0,53
542,1340,9,468,100,0,0,0,0,0,0,0,0,0,52
543,1348,9,477,100,0,0,0,0,0,0,0,0,0,53
544,1324,9,459,100,0,0,0,0,0,0,0,0,0,51
545,1484,9,441,100,0,0,0,0,0,0,0,0,0,49
546,1632,9,486,100,0,0,0,0,0,0,0,0,0,54
547,1444,9,441,100,0,0,0,0,0,0,0,0,0,49
548,1768,9,468,100,0,0,0,0,0,0,0,0,0,52
549,1448,9,459,100,0,0,0,0,0,0,0,0,0,51
550,1456,9,450,100,0,0,0,0,0,0,0,0,0,50
551,1204,9,450,100,0,0,0,0,0,0,0,0,0,50
552,1312,9,477,100,0,0,0,0,0,0,0,0,0,53
553,1076,9,414,100,0,0,0,0,0,0,0,0,0,46
554,1436,9,477,100,0,0,0,0,0,0,0,0,0,53
555,1408,9,504,100,0,0,0,0,0,0,0,0,0,56
556,1348,9,468,100,0,0,0,0,0,0,0,0,0,52
557,1516,9,486,100,0,0,0,0,0,0,0,0,0,54
558,1644,9,468,100,0,0,0,0,0,0,0,0,0,52
559,1556,9,441,100,0,0,0,0,0,0,0,0,0,49
560,1256,9,468,100,0,0,0,0,0,0,0,0,0,52
561,1308,9,486,100,0,0,0,0,0,0,0,0,0,54
562,1276,9,477,100,0,0,0,0,0,0,0,0,0,53
563,1304,9,468,100,0,0,0,0,0,0,0,0,0,52
564,1404,9,477,100,0,0,0,0,0,0,0,0,0,53
565,1144,9,477,100,0,0,0,0,0,0,0,0,0,53
566,1324,9,468,100,0,0,0,0,0,0,0,0,0,52
567,1140,9,441,100,0,0,0,0,0,0,0,0,0,49
568,1320,9,477,100,0,0,0,0,0,0,0,0,0,53
569,1264,9,486,100,0,0,0,0,0,0,0,0,0,54
570,1124,9,468,100,0,0,0,0,0,0,0,0,0,52
571,1180,9,477,100,0,0,0,0,0,0,0,0,0,53
572,1276,9,477,100,0,0,0,0,0,0,0,0,0,53
573,1156,9,414,100,0,0,0,0,0,0,0,0,0,46
574,1160,9,450,100,0,0,0,0,0,0,0,0,0,50
575,1236,9,432,100,0,0,0,0,0,0,0,0,0,48
576,1312,9,441,100,0,0,0,0,0,0,0,0,0,49
577,1248,9,450,100,0,0,0,0,0,0,0,0,0,50
578,1284,9,423,100,0,0,0,0,0,0,0,0,0,47
579,1220,9,423,100,0,0,0,0,0,0,0,0,0,47
580,1368,9,450,100,0,0,0,0,0,0,0,0,0,50
581,1488,9,495,100,0,0,0,0,0,0,0,0,0,55
582,1408,9,504,100,0,0,0,0,0,0,0,0,0,56
583,1464,9,468,100,0,0,0,0,0,0,0,0,0,52
584,1044,9,414,100,0,0,0,0,0,0,0,0,0,46
585,1112,9,432,100,0,0,0,0,0,0,0,0,0,48
586,1348,9,450,100,0,0,0,0,0,0,0,0,0,50
587,1488,9,432,100,0,0,0,0,0,0,0,0,0,48
588,1312,9,387,100,0,0,0,0,0,0,0,0,0,43
589,1336,9,369,100,0,0,0,0,0,0,0,0,0,41
590,1540,9,378,100,0,0,0,0,0,0,0,0,0,42
591,1556,9,396,100,0,0,0,0,0,0,0,0,0,44
592,1864,9,414,100,0,0,0,0,0,0,0,0,0,46
593,1920,9,405,100,0,0,0,0,0,0,0,0,0,45
594,1940,9,414,100,0,0,0,0,0,0,0,0,0,46
595,1884,9,450,100,0,0,0,0,0,0,0,0,0,50
596,1700,9,405,100,0,0,0,0,0,0,0,0,0,45
597,1776,9,432,100,0,0,0,0,0,0,0,0,0,48
598,1652,9,405,100,0,0,0,0,0,0,0,0,0,45
599,1528,9,459,100,0,0,0,0,0,0,0,0,0,51
600,1444,9,414,100,0,0,0,0,0,0,0,0,0,46
601,1724,9,477,100,0,0,0,0,0,0,0,0,0,53
602,1612,9,441,100,0,0,0,0,0,0,0,0,0,49
603,1436,9,441,100,0,0,0,0,0,0,0,0,0,49
604,1624,9,459,100,0,0,0,0,0,0,0,0,0,51
605,1664,9,459,100,0,0,0,0,0,0,0,0,0,51
606,1360,9,432,100,0,0,0,0,0,0,0,0,0,48
607,1500,9,405,100,0,0,0,0,0,0,0,0,0,45
608,1604,9,432,100,0,0,0,0,0,0,0,0,0,48
609,1508,9,450,100,0,0,0,0,0,0,0,0,0,50
610,1664,9,477,100,0,0,0,0,0,0,0,0,0,53
611,1396,9,486,100,0,0,0,0,0,0,0,0,0,54
612,1472,9,423,100,0,0,0,0,0,0,0,0,0,47
613,1504,9,477,100,0,0,0,0,0,0,0,0,0,53
614,1420,9,468,100,0,0,0,0,0,0,0,0,0,52
615,1244,9,405,100,0,0,0,0,0,0,0,0,0,45
616,1284,9,450,100,0,0,0,0,0,0,0,0,0,50
617,1588,9,459,100,0,0,0,0,0,0,0,0,0,51
618,1384,9,432,100,0,0,0,0,0,0,0,0,0,48
619,1396,9,450,100,0,0,0,0,0,0,0,0,0,50
620,1584,9,477,100,0,0,0,0,0,0,0,0,0,53
621,1480,9,414,100,0,0,0,0,0,0,0,0,0,46
622,1772,9,423,100,0,0,0,0,0,0,0,0,0,47
623,1848,9,396,100,0,0,0,0,0,0,0,0,0,44
624,2124,9,441,100,0,0,0,0,0,0,0,0,0,49
625,2188,9,423,100,0,0,0,0,0,0,0,0,0,47
626,1928,9,432,100,0,0,0,0,0,0,0,0,0,48
627,1464,9,405,100,0,0,0,0,0,0,0,0,0,45
628,1668,9,432,100,0,0,0,0,0,0,0,0,0,48
629,1620,9,441,100,0,0,0,0,0,0,0,0,0,49
630,1732,9,468,100,0,0,0,0,0,0,0,0,0,52
631,1452,9,423,100,0,0,0,0,0,0,0,0,0,47
632,1532,9,486,100,0,0,0,0,0,0,0,0,0,54
633,1568,9,459,100,0,0,0,0,0,0,0,0,0,51
634,1364,9,477,100,0,0,0,0,0,0,0,0,0,53
635,1004,9,432,100,0,0,0,0,0,0,0,0,0,48
636,1404,9,459,100,0,0,0,0,0,0,0,0,0,51
637,1412,9,441,100,0,0,0,0,0,0,0,0,0,49
638,1336,9,450,100,0,0,0,0,0,0,0,0,0,50
639,1560,9,441,100,0,0,0,0,0,0,0,0,0,49
640,1588,9,477,100,0,0,0,0,0,0,0,0,0,53
641,1436,9,432,100,0,0,0,0,0,0,0,0,0,48
642,1808,9,468,100,0,0,0,0,0,0,0,0,0,52
643,1816,9,441,100,0,0,0,0,0,0,0,0,0,49
644,1784,9,450,100,0,0,0,0,0,0,0,0,0,50
645,1868,9,459,100,0,0,0,0,0,0,0,0,0,51
646,1696,9,468,100,0,0,0,0,0,0,0,0,0,52
647,1540,9,468,100,0,0,0,0,0,0,0,0,0,52
648,1708,9,495,100,0,0,0,0,0,0,0,0,0,55
649,1512,9,477,100,0,0,0,0,0,0,0,0,0,53
650,1492,9,504,100,0,0,0,0,0,0,0,0,0,56
651,1444,9,495,100,0,0,0,0,0,0,0,0,0,55
652,1388,9,477,100,0,0,0,0,0,0,0,0,0,53
653,1416,9,504,100,0,0,0,0,0,0,0,0,0,56
654,1576,9,522,100,0,0,0,0,0,0,0,0,0,58
655,1520,9,495,100,0,0,0,0,0,0,0,0,0,55
656,1308,9,441,100,0,0,0,0,0,0,0,0,0,49
657,1472,9,486,100,0,0,0,0,0,0,0,0,0,54
658,1216,9,495,100,0,0,0,0,0,0,0,0,0,55
659,1276,9,495,100,0,0,0,0,0,0,0,0,0,55
660,1328,9,441,100,0,0,0,0,0,0,0,0,0,49
661,1328,9,432,100,0,0,0,0,0,0,0,0,0,48
662,1216,9,432,100,0,0,0,0,0,0,0,0,0,48
663,1364,9,450,100,0,0,0,0,0,0,0,0,0,50
664,1228,9,450,100,0,0,0,0,0,0,0,0,0,50
665,1220,9,450,100,0,0,0,0,0,0,0,0,0,50
666,1324,9,486,100,0,0,0,0,0,0,0,0,0,54
667,1260,9,450,100,0,0,0,0,0,0,0,0,0,50
668,1224,9,468,100,0,0,0,0,0,0,0,0,0,52
669,1240,9,468,100,0,0,0,0,0,0,0,0,0,52
670,1292,9,486,100,0,0,0,0,0,0,0,0,0,54
671,1248,9,432,100,0,0,0,0,0,0,0,0,0,48
672,1168,9,450,100,0,0,0,0,0,0,0,0,0,50
673,1472,9,477,100,0,0,0,0,0,0,0,0,0,53
674,1044,9,450,100,0,0,0,0,0,0,0,0,0,50
675,1408,9,486,100,0,0,0,0,0,0,0,0,0,54
676,1256,9,432,100,0,0,0,0,0,0,0,0,0,48
677,1436,9,432,100,0,0,0,0,0,0,0,0,0,48
678,1340,9,441,100,0,0,0,0,0,0,0,0,0,49
679,1156,9,423,100,0,0,0,0,0,0,0,0,0,47
680,1220,9,441,100,0,0,0,0,0,0,0,0,0,49
681,1216,9,441,100,0,0,0,0,0,0,0,0,0,49
682,1216,9,450,100,0,0,0,0,0,0,0,0,0,50
683,1384,9,441,100,0,0,0,0,0,0,0,0,0,49
684,1320,9,468,100,0,0,0,0,0,0,0,0,0,52
685,1268,9,441,100,0,0,0,0,0,0,0,0,0,49
686,1236,9,441,100,0,0,0,0,0,0,0,0,0,49
687,1276,9,486,100,0,0,0,0,0,0,0,0,0,54
688,1192,9,459,100,0,0,0,0,0,0,0,0,0,51
689,1216,9,477,100,0,0,0,0,0,0,0,0,0,53
690,1284,9,495,100,0,0,0,0,0,0,0,0,0,55
691,1152,9,441,100,0,0,0,0,0,0,0,0,0,49
692,1460,9,441,100,0,0,0,0,0,0,0,0,0,49
693,1468,9,441,100,0,0,0,0,0,0,0,0,0,49
694,1336,9,468,100,0,0,0,0,0,0,0,0,0,52
695,1360,9,486,100,0,0,0,0,0,0,0,0,0,54
696,1500,9,477,100,0,0,0,0,0,0,0,0,0,53
697,1624,9,459,100,0,0,0,0,0,0,0,0,0,51
698,1752,9,477,100,0,0,0,0,0,0,0,0,0,53
699,1908,9,495,100,0,0,0,0,0,0,0,0,0,55
700,1996,9,477,100,0,0,0,0,0,0,0,0,0,53
701,1776,9,441,100,0,0,0,0,0,0,0,0,0,49
702,1640,9,441,100,0,0,0,0,0,0,0,0,0,49
703,1624,9,459,100,0,0,0,0,0,0,0,0,0,51
704,2232,9,495,100,0,0,0,0,0,0,0,0,0,55
705,1816,9,441,100,0,0,0,0,0,0,0,0,0,49
706,1620,9,405,100,0,0,0,0,0,0,0,0,0,45
707,1596,9,459,100,0,0,0,0,0,0,0,0,0,51
708,1924,9,468,100,0,0,0,0,0,0,0,0,0,52
709,2052,9,468,100,0,0,0,0,0,0,0,0,0,52
710,2000,9,441,100,0,0,0,0,0,0,0,0,0,49
711,1676,9,432,100,0,0,0,0,0,0,0,0,0,48
712,1224,9,396,100,0,0,0,0,0,0,0,0,0,44
713,1328,9,441,100,0,0,0,0,0,0,0,0,0,49
714,1328,9,441,100,0,0,0,0,0,0,0,0,0,49
715,1276,9,405,100,0,0,0,0,0,0,0,0,0,45
716,1300,9,441,100,0,0,0,0,0,0,0,0,0,49
717,996,9,387,100,0,0,0,0,0,0,0,0,0,43
718,1080,9,387,100,0,0,0,0,0,0,0,0,0,43
719,1144,9,396,100,0,0,0,0,0,0,0,0,0,44
720,1064,9,405,100,0,0,0,0,0,0,0,0,0,45
721,1160,9,468,100,0,0,0,0,0,0,0,0,0,52
722,1056,9,432,100,0,0,0,0,0,0,0,0,0,48
723,1576,9,468,100,0,0,0,0,0,0,0,0,0,52
724,1564,9,468,100,0,0,0,0,0,0,0,0,0,52
725,1792,9,477,100,0,0,0,0,0,0,0,0,0,53
726,1436,9,468,100,0,0,0,0,0,0,0,0,0,52
727,1456,9,504,100,0,0,0,0,0,0,0,0,0,56
728,1964,9,468,100,0,0,0,0,0,0,0,0,0,52
729,1564,9,450,100,0,0,0,0,0,0,0,0,0,50
730,1876,9,495,100,0,0,0,0,0,0,0,0,0,55
731,1876,9,486,100,0,0,0,0,0,0,0,0,0,54
732,1900,9,468,100,0,0,0,0,0,0,0,0,0,52
733,2128,9,459,100,0,0,0,0,0,0,0,0,0,51
734,1484,9,459,100,0,0,0,0,0,0,0,0,0,51
735,1516,9,477,100,0,0,0,0,0,0,0,0,0,53
736,1692,9,441,100,0,0,0,0,0,0,0,0,0,49
737,1984,9,486,100,0,0,0,0,0,0,0,0,0,54
738,1848,9,459,100,0,0,0,0,0,0,0,0,0,51
739,1716,9,459,100,0,0,0,0,0,0,0,0,0,51
740,1920,9,459,100,0,0,0,0,0,0,0,0,0,51
741,1428,9,477,100,0,0,0,0,0,0,0,0,0,53
742,1320,9,432,100,0,0,0,0,0,0,0,0,0,48
743,1580,9,477,100,0,0,0,0,0,0,0,0,0,53
744,1612,9,468,100,0,0,0,0,0,0,0,0,0,52
745,1692,9,477,100,0,0,0,0,0,0,0,0,0,53
746,1904,9,450,100,0,0,0,0,0,0,0,0,0,50
747,1800,9,423,100,0,0,0,0,0,0,0,0,0,47
748,2096,9,405,100,0,0,0,0,0,0,0,0,0,45
749,1652,9,396,100,0,0,0,0,0,0,0,0,0,44
750,1416,9,396,100,0,0,0,0,0,0,0,0,0,44
751,1252,9,432,100,0,0,0,0,0,0,0,0,0,48
752,1284,9,450,100,0,0,0,0,0,0,0,0,0,50
753,1268,9,468,100,0,0,0,0,0,0,0,0,0,52
754,1252,9,504,100,0,0,0,0,0,0,0,0,0,56
755,1260,9,513,100,0,0,0,0,0,0,0,0,0,57
756,1136,9,468,100,0,0,0,0,0,0,0,0,0,52
757,1208,9,432,100,0,0,0,0,0,0,0,0,0,48
758,1400,9,486,100,0,0,0,0,0,0,0,0,0,54
759,1520,9,459,100,0,0,0,0,0,0,0,0,0,51
760,1732,9,468,100,0,0,0,0,0,0,0,0,0,52
761,1472,9,468,100,0,0,0,0,0,0,0,0,0,52
762,1636,9,450,100,0,0,0,0,0,0,0,0,0,50
763,1352,9,423,100,0,0,0,0,0,0,0,0,0,47
764,1008,9,378,100,0,0,0,0,0,0,0,0,0,42
765,1324,9,459,100,0,0,0,0,0,0,0,0,0,51
766,1260,9,459,100,0,0,0,0,0,0,0,0,0,51
767,1252,9,450,100,0,0,0,0,0,0,0,0,0,50
768,1312,9,414,100,0,0,0,0,0,0,0,0,0,46
769,1272,9,432,100,0,0,0,0,0,0,0,0,0,48
770,1552,9,468,100,0,0,0,0,0,0,0,0,0,52
771,1408,9,396,100,0,0,0,0,0,0,0,0,0,44
772,1620,9,450,100,0,0,0,0,0,0,0,0,0,50
773,1616,9,432,100,0,0,0,0,0,0,0,0,0,48
774,1348,9,387,100,0,0,0,0,0,0,0,0,0,43
775,1784,9,423,100,0,0,0,0,0,0,0,0,0,47
776,1780,9,405,100,0,0,0,0,0,0,0,0,0,45
777,1584,9,405,100,0,0,0,0,0,0,0,0,0,45
778,1672,9,387,100,0,0,0,0,0,0,0,0,0,43
779,1348,9,405,100,0,0,0,0,0,0,0,0,0,45
780,1284,9,441,100,0,0,0,0,0,0,0,0,0,49
781,1224,9,378,100,0,0,0,0,0,0,0,0,0,42
782,1188,9,423,100,0,0,0,0,0,0,0,0,0,47
783,1032,9,423,100,0,0,0,0,0,0,0,0,0,47
784,1200,9,468,100,0,0,0,0,0,0,0,0,0,52
785,1232,9,468,100,0,0,0,0,0,0,0,0,0,52
786,1148,9,459,100,0,0,0,0,0,0,0,0,0,51
787,1328,9,495,100,0,0,0,0,0,0,0,0,0,55
788,1296,9,441,100,0,0,0,0,0,0,0,0,0,49
789,1216,9,441,100,0,0,0,0,0,0,0,0,0,49
790,1300,9,423,100,0,0,0,0,0,0,0,0,0,47
791,1108,9,405,100,0,0,0,0,0,0,0,0,0,45
792,1104,9,432,100,0,0,0,0,0,0,0,0,0,48
793,1272,9,441,100,0,0,0,0,0,0,0,0,0,49
794,1304,9,450,100,0,0,0,0,0,0,0,0,0,50
795,1228,9,459,100,0,0,0,0,0,0,0,0,0,51
796,1300,9,432,100,0,0,0,0,0,0,0,0,0,48
797,1528,9,486,100,0,0,0,0,0,0,0,0,0,54
798,980,9,396,100,0,0,0,0,0,0,0,0,0,44
799,1300,9,450,100,0,0,0,0,0,0,0,0,0,50
800,1300,9,450,100,0,0,0,0,0,0,0,0,0,50
801,1172,9,423,100,0,0,0,0,0,0,0,0,0,47
802,1452,9,486,100,0,0,0,0,0,0,0,0,0,54
803,1344,9,459,100,0,0,0,0,0,0,0,0,0,51
804,1336,9,468,100,0,0,0,0,0,0,0,0,0,52
805,1408,9,477,100,0,0,0,0,0,0,0,0,0,53
806,1160,9,477,100,0,0,0,0,0,0,0,0,0,53
807,1376,9,495,100,0,0,0,0,0,0,0,0,0,55
808,1248,9,495,100,0,0,0,0,0,0,0,0,0,55
809,1348,9,495,100,0,0,0,0,0,0,0,0,0,55
810,1300,9,486,100,0,0,0,0,0,0,0,0,0,54
811,1236,9,468,100,0,0,0,0,0,0,0,0,0,52
812,1208,9,513,100,0,0,0,0,0,0,0,0,0,57
813,1040,9,450,100,0,0,0,0,0,0,0,0,0,50
814,1308,9,477,100,0,0,0,0,0,0,0,0,0,53
815,1224,9,432,100,0,0,0,0,0,0,0,0,0,48
816,1280,9,423,100,0,0,0,0,0,0,0,0,0,47
817,1368,9,423,100,0,0,0,0,0,0,0,0,0,47
818,1368,9,450,100,0,0,0,0,0,0,0,0,0,50
819,1392,9,423,100,0,0,0,0,0,0,0,0,0,47
820,1116,9,405,100,0,0,0,0,0,0,0,0,0,45
821,1592,9,486,100,0,0,0,0,0,0,0,0,0,54
822,1592,9,450,100,0,0,0,0,0,0,0,0,0,50
823,1332,9,441,100,0,0,0,0,0,0,0,0,0,49
824,1424,9,450,100,0,0,0,0,0,0,0,0,0,50
825,1492,9,468,100,0,0,0,0,0,0,0,0,0,52
826,1532,9,450,100,0,0,0,0,0,0,0,0,0,50
827,1728,9,468,100,0,0,0,0,0,0,0,0,0,52
828,1216,9,414,100,0,0,0,0,0,0,0,0,0,46
829,1280,9,405,100,0,0,0,0,0,0,0,0,0,45
830,1256,9,432,100,0,0,0,0,0,0,0,0,0,48
831,1200,9,441,100,0,0,0,0,0,0,0,0,0,49
832,1332,9,459,100,0,0,0,0,0,0,0,0,0,51
833,1200,9,459,100,0,0,0,0,0,0,0,0,0,51
834,1428,9,441,100,0,0,0,0,0,0,0,0,0,49
835,1456,9,468,100,0,0,0,0,0,0,0,0,0,52
836,1492,9,450,100,0,0,0,0,0,0,0,0,0,50
837,1476,9,441,100,0,0,0,0,0,0,0,0,0,49
838,1700,9,486,100,0,0,0,0,0,0,0,0,0,54
839,1288,9,441,100,0,0,0,0,0,0,0,0,0,49
840,1240,9,441,100,0,0,0,0,0,0,0,0,0,49
841,1508,9,495,100,0,0,0,0,0,0,0,0,0,55
842,1272,9,450,100,0,0,0,0,0,0,0,0,0,50
843,1508,9,468,100,0,0,0,0,0,0,0,0,0,52
844,1432,9,495,100,0,0,0,0,0,0,0,0,0,55
845,1168,9,441,100,0,0,0,0,0,0,0,0,0,49
846,1240,9,459,100,0,0,0,0,0,0,0,0,0,51
847,1336,9,423,100,0,0,0,0,0,0,0,0,0,47
848,1680,9,432,100,0,0,0,0,0,0,0,0,0,48
849,1224,9,396,100,0,0,0,0,0,0,0,0,0,44
850,1584,9,441,100,0,0,0,0,0,0,0,0,0,49
851,1616,9,432,100,0,0,0,0,0,0,0,0,0,48
852,1400,9,468,100,0,0,0,0,0,0,0,0,0,52
853,1620,9,477,100,0,0,0,0,0,0,0,0,0,53
854,1552,9,504,100,0,0,0,0,0,0,0,0,0,56
855,1376,9,468,100,0,0,0,0,0,0,0,0,0,52
856,1476,9,495,100,0,0,0,0,0,0,0,0,0,55
857,1096,9,405,100,0,0,0,0,0,0,0,0,0,45
858,1164,9,459,100,0,0,0,0,0,0,0,0,0,51
859,1284,9,441,100,0,0,0,0,0,0,0,0,0,49
860,1532,9,441,100,0,0,0,0,0,0,0,0,0,49
861,1192,9,423,100,0,0,0,0,0,0,0,0,0,47
862,1240,9,423,100,0,0,0,0,0,0,0,0,0,47
863,1400,9,486,100,0,0,0,0,0,0,0,0,0,54
864,1344,9,459,100,0,0,0,0,0,0,0,0,0,51
865,1192,9,459,100,0,0,0,0,0,0,0,0,0,51
866,1132,9,504,100,0,0,0,0,0,0,0,0,0,56
867,1180,9,513,100,0,0,0,0,0,0,0,0,0,57
868,1180,9,495,100,0,0,0,0,0,0,0,0,0,55
869,1136,9,450,100,0,0,0,0,0,0,0,0,0,50
870,1212,9,432,100,0,0,0,0,0,0,0,0,0,48
871,1092,9,423,100,0,0,0,0,0,0,0,0,0,47
872,1240,9,441,100,0,0,0,0,0,0,0,0,0,49
873,1224,9,450,100,0,0,0,0,0,0,0,0,0,50
874,1252,9,423,100,0,0,0,0,0,0,0,0,0,47
875,1456,9,441,100,0,0,0,0,0,0,0,0,0,49
876,1460,9,459,100,0,0,0,0,0,0,0,0,0,51
877,1120,9,396,100,0,0,0,0,0,0,0,0,0,44
878,1480,9,423,100,0,0,0,0,0,0,0,0,0,47
879,1556,9,468,100,0,0,0,0,0,0,0,0,0,52
880,1360,9,459,100,0,0,0,0,0,0,0,0,0,51
881,1440,9,441,100,0,0,0,0,0,0,0,0,0,49
882,1344,9,459,100,0,0,0,0,0,0,0,0,0,51
883,1256,9,441,100,0,0,0,0,0,0,0,0,0,49
884,1348,9,441,100,0,0,0,0,0,0,0,0,0,49
885,1424,9,441,100,0,0,0,0,0,0,0,0,0,49
886,1528,9,450,100,0,0,0,0,0,0,0,0,0,50
887,1568,9,414,100,0,0,0,0,0,0,0,0,0,46
888,1312,9,441,100,0,0,0,0,0,0,0,0,0,49
889,1700,9,468,100,0,0,0,0,0,0,0,0,0,52
890,1684,9,486,100,0,0,0,0,0,0,0,0,0,54
891,1504,9,459,100,0,0,0,0,0,0,0,0,0,51
892,1384,9,450,100,0,0,0,0,0,0,0,0,0,50
893,1820,9,441,100,0,0,0,0,0,0,0,0,0,49
894,1656,9,468,100,0,0,0,0,0,0,0,0,0,52
895,1624,9,459,100,0,0,0,0,0,0,0,0,0,51
896,1712,9,495,100,0,0,0,0,0,0,0,0,0,55
897,1180,9,396,100,0,0,0,0,0,0,0,0,0,44
898,1564,9,432,100,0,0,0,0,0,0,0,0,0,48
899,1564,9,441,100,0,0,0,0,0,0,0,0,0,49
900,1512,9,405,100,0,0,0,0,0,0,0,0,0,45
901,1628,9,450,100,0,0,0,0,0,0,0,0,0,50
902,1548,9,441,100,0,0,0,0,0,0,0,0,0,49
903,1628,9,432,100,0,0,0,0,0,0,0,0,0,48
904,1656,9,414,100,0,0,0,0,0,0,0,0,0,46
905,1700,9,423,100,0,0,0,0,0,0,0,0,0,47
906,2052,9,477,100,0,0,0,0,0,0,0,0,0,53
907,1900,9,423,100,0,0,0,0,0,0,0,0,0,47
908,1068,9,423,100,0,0,0,0,0,0,0,0,0,47
909,1660,9,459,100,0,0,0,0,0,0,0,0,0,51
910,1284,9,477,100,0,0,0,0,0,0,0,0,0,53
911,1076,9,486,100,0,0,0,0,0,0,0,0,0,54
912,1408,9,468,100,0,0,0,0,0,0,0,0,0,52
913,1452,9,450,100,0,0,0,0,0,0,0,0,0,50
914,1452,9,423,100,0,0,0,0,0,0,0,0,0,47
915,1848,9,414,100,0,0,0,0,0,0,0,0,0,46
916,1504,9,432,100,0,0,0,0,0,0,0,0,0,48
917,1824,9,450,100,0,0,0,0,0,0,0,0,0,50
918,1684,9,441,100,0,0,0,0,0,0,0,0,0,49
919,1956,9,441,100,0,0,0,0,0,0,0,0,0,49
920,2332,9,450,100,0,0,0,0,0,0,0,0,0,50
921,2532,9,441,100,0,0,0,0,0,0,0,0,0,49
922,1828,9,432,100,0,0,0,0,0,0,0,0,0,48
923,1952,9,468,100,0,0,0,0,0,0,0,0,0,52
924,1488,9,432,100,0,0,0,0,0,0,0,0,0,48
925,1452,9,459,100,0,0,0,0,0,0,0,0,0,51
926,1668,9,468,100,0,0,0,0,0,0,0,0,0,52
927,1720,9,459,100,0,0,0,0,0,0,0,0,0,51
928,1752,9,486,100,0,0,0,0,0,0,0,0,0,54
929,1912,9,531,100,0,0,0,0,0,0,0,0,0,59
930,1292,9,441,100,0,0,0,0,0,0,0,0,0,49
931,1660,9,432,100,0,0,0,0,0,0,0,0,0,48
932,1732,9,441,100,0,0,0,0,0,0,0,0,0,49
933,1732,9,414,100,0,0,0,0,0,0,0,0,0,46
934,1516,9,414,100,0,0,0,0,0,0,0,0,0,46
935,1356,9,405,100,0,0,0,0,0,0,0,0,0,45
936,1556,9,432,100,0,0,0,0,0,0,0,0,0,48
937,1548,9,459,100,0,0,0,0,0,0,0,0,0,51
938,1548,9,441,100,0,0,0,0,0,0,0,0,0,49
939,1644,9,468,100,0,0,0,0,0,0,0,0,0,52
940,1644,9,477,100,0,0,0,0,0,0,0,0,0,53
941,1536,9,423,100,0,0,0,0,0,0,0,0,0,47
942,1492,9,477,100,0,0,0,0,0,0,0,0,0,53
943,1160,9,432,100,0,0,0,0,0,0,0,0,0,48
944,1088,9,423,100,0,0,0,0,0,0,0,0,0,47
945,1088,9,423,100,0,0,0,0,0,0,0,0,0,47
946,1048,9,423,100,0,0,0,0,0,0,0,0,0,47
947,1452,9,468,100,0,0,0,0,0,0,0,0,0,52
948,1548,9,477,100,0,0,0,0,0,0,0,0,0,53
949,1540,9,459,100,0,0,0,0,0,0,0,0,0,51
950,1688,9,468,100,0,0,0,0,0,0,0,0,0,52
951,1384,9,459,100,0,0,0,0,0,0,0,0,0,51
952,1340,9,432,100,0,0,0,0,0,0,0,0,0,48
953,1316,9,423,100,0,0,0,0,0,0,0,0,0,47
954,1272,9,432,100,0,0,0,0,0,0,0,0,0,48
955,1096,9,414,100,0,0,0,0,0,0,0,0,0,46
956,1332,9,450,100,0,0,0,0,0,0,0,0,0,50
957,1100,9,405,100,0,0,0,0,0,0,0,0,0,45
958,1260,9,432,100,0,0,0,0,0,0,0,0,0,48
959,1336,9,441,100,0,0,0,0,0,0,0,0,0,49
960,1340,9,441,100,0,0,0,0,0,0,0,0,0,49
961,932,9,432,100,0,0,0,0,0,0,0,0,0,48
962,924,9,441,100,0,0,0,0,0,0,0,0,0,49
963,1100,9,459,100,0,0,0,0,0,0,0,0,0,51
964,1324,9,477,100,0,0,0,0,0,0,0,0,0,53
965,1236,9,450,100,0,0,0,0,0,0,0,0,0,50
966,1336,9,468,100,0,0,0,0,0,0,0,0,0,52
967,1344,9,513,100,0,0,0,0,0,0,0,0,0,57
968,1116,9,468,100,0,0,0,0,0,0,0,0,0,52
969,1340,9,468,100,0,0,0,0,0,0,0,0,0,52
970,1224,9,477,100,0,0,0,0,0,0,0,0,0,53
971,1204,9,468,100,0,0,0,0,0,0,0,0,0,52
972,1236,9,459,100,0,0,0,0,0,0,0,0,0,51
973,1152,9,459,100,0,0,0,0,0,0,0,0,0,51
974,1316,9,459,100,0,0,0,0,0,0,0,0,0,51
975,1448,9,450,100,0,0,0,0,0,0,0,0,0,50
976,1224,9,441,100,0,0,0,0,0,0,0,0,0,49
977,1140,9,405,100,0,0,0,0,0,0,0,0,0,45
978,1140,9,405,100,0,0,0,0,0,0,0,0,0,45
979,1176,9,441,100,0,0,0,0,0,0,0,0,0,49
980,1364,9,450,100,0,0,0,0,0,0,0,0,0,50
981,1308,9,441,100,0,0,0,0,0,0,0,0,0,49
982,1488,9,477,100,0,0,0,0,0,0,0,0,0,53
983,1680,9,459,100,0,0,0,0,0,0,0,0,0,51
984,1580,9,432,100,0,0,0,0,0,0,0,0,0,48
985,1700,9,450,100,0,0,0,0,0,0,0,0,0,50
986,1608,9,450,100,0,0,0,0,0,0,0,0,0,50
987,1524,9,432,100,0,0,0,0,0,0,0,0,0,48
988,1508,9,441,100,0,0,0,0,0,0,0,0,0,49
989,1284,9,432,100,0,0,0,0,0,0,0,0,0,48
990,1412,9,423,100,0,0,0,0,0,0,0,0,0,47
991,1580,9,450,100,0,0,0,0,0,0,0,0,0,50
992,1504,9,477,100,0,0,0,0,0,0,0,0,0,53
993,904,9,387,100,0,0,0,0,0,0,0,0,0,43
994,1232,9,432,100,0,0,0,0,0,0,0,0,0,48
995,1420,9,432,100,0,0,0,0,0,0,0,0,0,48
996,1292,9,387,100,0,0,0,0,0,0,0,0,0,43
997,1432,9,414,100,0,0,0,0,0,0,0,0,0,46
998,1480,9,486,100,0,0,0,0,0,0,0,0,0,54
999,1520,9,459,100,0,0,0,0,0,0,0,0,0,51
