update,points,mean_tasks,total_tasks,total_orgs,task_0,task_1,task_2,task_3,task_4,task_5,task_6,task_7,task_8,task_9
0,0,nan,0,10,0,0,0,0,0,0,0,0,0,0
1,0,nan,0,10,0,0,0,0,0,0,0,0,0,0
2,0,9,9,10,0,0,0,0,0,0,0,0,0,1
3,0,9,9,10,0,0,0,0,0,0,0,0,0,1
4,108,9,18,11,0,0,0,0,0,0,0,0,0,2
5,88,9,18,12,0,0,0,0,0,0,0,0,0,2
6,68,9,18,13,0,0,0,0,0,0,0,0,0,2
7,92,9,27,14,0,0,0,0,0,0,0,0,0,3
8,28,9,27,14,0,0,0,0,0,0,0,0,0,3
9,8,9,27,14,0,0,0,0,0,0,0,0,0,3
10,8,9,27,14,0,0,0,0,0,0,0,0,0,3
11,116,9,36,15,0,0,0,0,0,0,0,0,0,4
12,88,9,27,15,0,0,0,0,0,0,0,0,0,3
13,220,9,45,18,0,0,0,0,0,0,0,0,0,5
14,204,9,54,20,0,0,0,0,0,0,0,0,0,6
15,100,9,54,22,0,0,0,0,0,0,0,0,0,6
16,60,9,54,22,0,0,0,0,0,0,0,0,0,6
17,40,9,54,23,0,0,0,0,0,0,0,0,0,6
18,164,9,63,24,0,0,0,0,0,0,0,0,0,7
19,168,9,72,26,0,0,0,0,0,0,0,0,0,8
20,108,9,72,28,0,0,0,0,0,0,0,0,0,8
21,216,9,90,30,0,0,0,0,0,0,0,0,0,10
22,276,9,90,32,0,0,0,0,0,0,0,0,0,10
23,196,9,90,34,0,0,0,0,0,0,0,0,0,10
24,224,9,99,35,0,0,0,0,0,0,0,0,0,11
25,180,9,99,36,0,0,0,0,0,0,0,0,0,11
26,112,9,81,37,0,0,0,0,0,0,0,0,0,9
27,52,9,81,38,0,0,0,0,0,0,0,0,0,9
28,180,9,90,38,0,0,0,0,0,0,0,0,0,10
29,228,9,108,39,0,0,0,0,0,0,0,0,0,12
30,244,9,108,41,0,0,0,0,0,0,0,0,0,12
31,144,9,117,42,0,0,0,0,0,0,0,0,0,13
32,24,9,99,43,0,0,0,0,0,0,0,0,0,11
33,188,9,108,44,0,0,0,0,0,0,0,0,0,12
34,236,9,126,47,0,0,0,0,0,0,0,0,0,14
35,168,9,99,48,0,0,0,0,0,0,0,0,0,11
36,112,9,90,48,0,0,0,0,0,0,0,0,0,10
37,116,9,117,48,0,0,0,0,0,0,0,0,0,13
38,252,9,144,50,0,0,0,0,0,0,0,0,0,16
39,192,9,153,52,0,0,0,0,0,0,0,0,0,17
40,148,9,153,53,0,0,0,0,0,0,0,0,0,17
41,172,9,144,54,0,0,0,0,0,0,0,0,0,16
42,284,9,171,56,0,0,0,0,0,0,0,0,0,19
43,228,9,180,57,0,0,0,0,0,0,0,0,0,20
44,144,9,171,57,0,0,0,0,0,0,0,0,0,19
45,296,9,207,60,0,0,0,0,0,0,0,0,0,23
46,388,9,234,64,0,0,0,0,0,0,0,0,0,26
47,260,9,216,66,0,0,0,0,0,0,0,0,0,24
48,240,9,207,67,0,0,0,0,0,0,0,0,0,23
49,372,9,234,68,0,0,0,0,0,0,0,0,0,26
50,440,9,252,70,0,0,0,0,0,0,0,0,0,28
51,252,9,252,71,0,0,0,0,0,0,0,0,0,28
52,444,9,279,73,0,0,0,0,0,0,0,0,0,31
53,468,9,297,76,0,0,0,0,0,0,0,0,0,33
54,472,9,306,80,0,0,0,0,0,0,0,0,0,34
55,536,9,315,81,0,0,0,0,0,0,0,0,0,35
56,548,9,333,83,0,0,0,0,0,0,0,0,0,37
57,500,9,333,84,0,0,0,0,0,0,0,0,0,37
58,372,9,333,86,0,0,0,0,0,0,0,0,0,37
59,616,9,360,86,0,0,0,0,0,0,0,0,0,40
60,580,9,342,87,0,0,0,0,0,0,0,0,0,38
61,612,9,360,90,0,0,0,0,0,0,0,0,0,40
62,732,9,351,91,0,0,0,0,0,0,0,0,0,39
63,652,9,369,91,0,0,0,0,0,0,0,0,0,41
64,788,9,396,93,0,0,0,0,0,0,0,0,0,44
65,892,9,405,94,0,0,0,0,0,0,0,0,0,45
66,716,9,351,95,0,0,0,0,0,0,0,0,0,39
67,748,9,351,96,0,0,0,0,0,0,0,0,0,39
68,848,9,396,96,0,0,0,0,0,0,0,0,0,44
69,808,9,405,97,0,0,0,0,0,0,0,0,0,45
70,836,9,396,98,0,0,0,0,0,0,0,0,0,44
71,744,9,405,99,0,0,0,0,0,0,0,0,0,45
72,864,9,450,99,0,0,0,0,0,0,0,0,0,50
73,532,9,405,99,0,0,0,0,0,0,0,0,0,45
74,692,9,432,100,0,0,0,0,0,0,0,0,0,48
75,940,9,405,100,0,0,0,0,0,0,0,0,0,45
76,780,9,396,100,0,0,0,0,0,0,0,0,0,44
77,704,9,414,100,0,0,0,0,0,0,0,0,0,46
78,656,9,414,100,0,0,0,0,0,0,0,0,0,46
79,696,9,396,100,0,0,0,0,0,0,0,0,0,44
80,828,9,396,100,0,0,0,0,0,0,0,0,0,44
81,852,9,351,100,0,0,0,0,0,0,0,0,0,39
82,912,9,387,100,0,0,0,0,0,0,0,0,0,43
83,736,9,378,100,0,0,0,0,0,0,0,0,0,42
84,856,9,396,100,0,0,0,0,0,0,0,0,0,44
85,716,9,396,100,0,0,0,0,0,0,0,0,0,44
86,916,9,423,100,0,0,0,0,0,0,0,0,0,47
87,1048,9,423,100,0,0,0,0,0,0,0,0,0,47
88,856,9,441,100,0,0,0,0,0,0,0,0,0,49
89,960,9,432,100,0,0,0,0,0,0,0,0,0,48
90,1352,9,459,100,0,0,0,0,0,0,0,0,0,51
91,1056,9,423,100,0,0,0,0,0,0,0,0,0,47
92,908,9,432,100,0,0,0,0,0,0,0,0,0,48
93,1004,9,432,100,0,0,0,0,0,0,0,0,0,48
94,1120,9,432,100,0,0,0,0,0,0,0,0,0,48
95,1056,9,432,100,0,0,0,0,0,0,0,0,0,48
96,844,9,414,100,0,0,0,0,0,0,0,0,0,46
97,1072,9,405,100,0,0,0,0,0,0,0,0,0,45
98,1240,9,450,100,0,0,0,0,0,0,0,0,0,50
99,1232,9,459,100,0,0,0,0,0,0,0,0,0,51
100,972,9,432,100,0,0,0,0,0,0,0,0,0,48
101,1188,9,423,100,0,0,0,0,0,0,0,0,0,47
102,1012,9,396,100,0,0,0,0,0,0,0,0,0,44
103,1020,9,405,100,0,0,0,0,0,0,0,0,0,45
104,1184,9,468,100,0,0,0,0,0,0,0,0,0,52
105,864,9,378,100,0,0,0,0,0,0,0,0,0,42
106,1072,9,423,100,0,0,0,0,0,0,0,0,0,47
107,876,9,387,100,0,0,0,0,0,0,0,0,0,43
108,1120,9,459,100,0,0,0,0,0,0,0,0,0,51
109,908,9,432,100,0,0,0,0,0,0,0,0,0,48
110,1052,9,423,100,0,0,0,0,0,0,0,0,0,47
111,964,9,405,100,0,0,0,0,0,0,0,0,0,45
112,1336,9,459,100,0,0,0,0,0,0,0,0,0,51
113,960,9,396,100,0,0,0,0,0,0,0,0,0,44
114,1292,9,423,100,0,0,0,0,0,0,0,0,0,47
115,1240,9,414,100,0,0,0,0,0,0,0,0,0,46
116,1400,9,378,100,0,0,0,0,0,0,0,0,0,42
117,1368,9,351,100,0,0,0,0,0,0,0,0,0,39
118,1500,9,405,100,0,0,0,0,0,0,0,0,0,45
119,1596,9,405,100,0,0,0,0,0,0,0,0,0,45
120,1304,9,405,100,0,0,0,0,0,0,0,0,0,45
121,1260,9,441,100,0,0,0,0,0,0,0,0,0,49
122,1364,9,441,100,0,0,0,0,0,0,0,0,0,49
123,1340,9,450,100,0,0,0,0,0,0,0,0,0,50
124,1500,9,441,100,0,0,0,0,0,0,0,0,0,49
125,1480,9,441,100,0,0,0,0,0,0,0,0,0,49
126,1516,9,432,100,0,0,0,0,0,0,0,0,0,48
127,1612,9,423,100,0,0,0,0,0,0,0,0,0,47
128,1088,9,396,100,0,0,0,0,0,0,0,0,0,44
129,1156,9,405,100,0,0,0,0,0,0,0,0,0,45
130,1064,9,423,100,0,0,0,0,0,0,0,0,0,47
131,1288,9,450,100,0,0,0,0,0,0,0,0,0,50
132,1180,9,423,100,0,0,0,0,0,0,0,0,0,47
133,1420,9,450,100,0,0,0,0,0,0,0,0,0,50
134,1244,9,423,100,0,0,0,0,0,0,0,0,0,47
135,1404,9,459,100,0,0,0,0,0,0,0,0,0,51
136,1236,9,450,100,0,0,0,0,0,0,0,0,0,50
137,1108,9,441,100,0,0,0,0,0,0,0,0,0,49
138,1376,9,459,100,0,0,0,0,0,0,0,0,0,51
139,1308,9,450,100,0,0,0,0,0,0,0,0,0,50
140,1376,9,414,100,0,0,0,0,0,0,0,0,0,46
141,1472,9,450,100,0,0,0,0,0,0,0,0,0,50
142,1236,9,432,100,0,0,0,0,0,0,0,0,0,48
143,1244,9,441,100,0,0,0,0,0,0,0,0,0,49
144,1288,9,423,100,0,0,0,0,0,0,0,0,0,47
145,1312,9,432,100,0,0,0,0,0,0,0,0,0,48
146,1264,9,450,100,0,0,0,0,0,0,0,0,0,50
147,1364,9,468,100,0,0,0,0,0,0,0,0,0,52
148,1336,9,423,100,0,0,0,0,0,0,0,0,0,47
149,1524,9,432,100,0,0,0,0,0,0,0,0,0,48
150,1248,9,468,100,0,0,0,0,0,0,0,0,0,52
151,1080,9,414,100,0,0,0,0,0,0,0,0,0,46
152,1324,9,423,100,0,0,0,0,0,0,0,0,0,47
153,1268,9,414,100,0,0,0,0,0,0,0,0,0,46
154,1200,9,396,100,0,0,0,0,0,0,0,0,0,44
155,1180,9,405,100,0,0,0,0,0,0,0,0,0,45
156,1224,9,423,100,0,0,0,0,0,0,0,0,0,47
157,1244,9,432,100,0,0,0,0,0,0,0,0,0,48
158,1176,9,405,100,0,0,0,0,0,0,0,0,0,45
159,1224,9,414,100,0,0,0,0,0,0,0,0,0,46
160,1120,9,414,100,0,0,0,0,0,0,0,0,0,46
161,1108,9,405,100,0,0,0,0,0,0,0,0,0,45
162,1156,9,405,100,0,0,0,0,0,0,0,0,0,45
163,1412,9,468,100,0,0,0,0,0,0,0,0,0,52
164,1056,9,378,100,0,0,0,0,0,0,0,0,0,42
165,1116,9,423,100,0,0,0,0,0,0,0,0,0,47
166,1080,9,414,100,0,0,0,0,0,0,0,0,0,46
167,1044,9,414,100,0,0,0,0,0,0,0,0,0,46
168,1016,9,405,100,0,0,0,0,0,0,0,0,0,45
169,1252,9,423,100,0,0,0,0,0,0,0,0,0,47
170,1084,9,405,100,0,0,0,0,0,0,0,0,0,45
171,1248,9,423,100,0,0,0,0,0,0,0,0,0,47
172,1216,9,414,100,0,0,0,0,0,0,0,0,0,46
173,1296,9,441,100,0,0,0,0,0,0,0,0,0,49
174,1324,9,450,100,0,0,0,0,0,0,0,0,0,50
175,1424,9,477,100,0,0,0,0,0,0,0,0,0,53
176,1244,9,477,100,0,0,0,0,0,0,0,0,0,53
177,1180,9,459,100,0,0,0,0,0,0,0,0,0,51
178,1008,9,423,100,0,0,0,0,0,0,0,0,0,47
179,1088,9,432,100,0,0,0,0,0,0,0,0,0,48
180,1056,9,405,100,0,0,0,0,0,0,0,0,0,45
181,1228,9,432,100,0,0,0,0,0,0,0,0,0,48
182,1208,9,423,100,0,0,0,0,0,0,0,0,0,47
183,1188,9,405,100,0,0,0,0,0,0,0,0,0,45
184,1348,9,450,100,0,0,0,0,0,0,0,0,0,50
185,1292,9,423,100,0,0,0,0,0,0,0,0,0,47
186,1388,9,441,100,0,0,0,0,0,0,0,0,0,49
187,1216,9,441,100,0,0,0,0,0,0,0,0,0,49
188,1452,9,414,100,0,0,0,0,0,0,0,0,0,46
189,1136,9,396,100,0,0,0,0,0,0,0,0,0,44
190,1196,9,405,100,0,0,0,0,0,0,0,0,0,45
191,968,9,387,100,0,0,0,0,0,0,0,0,0,43
192,1308,9,414,100,0,0,0,0,0,0,0,0,0,46
193,1232,9,441,100,0,0,0,0,0,0,0,0,0,49
194,1236,9,450,100,0,0,0,0,0,0,0,0,0,50
195,1264,9,477,100,0,0,0,0,0,0,0,0,0,53
196,1256,9,450,100,0,0,0,0,0,0,0,0,0,50
197,872,9,396,100,0,0,0,0,0,0,0,0,0,44
198,1216,9,405,100,0,0,0,0,0,0,0,0,0,45
199,1224,9,405,100,0,0,0,0,0,0,0,0,0,45
200,1036,9,378,100,0,0,0,0,0,0,0,0,0,42
201,1136,9,396,100,0,0,0,0,0,0,0,0,0,44
202,1296,9,378,100,0,0,0,0,0,0,0,0,0,42
203,1488,9,423,100,0,0,0,0,0,0,0,0,0,47
204,1372,9,432,100,0,0,0,0,0,0,0,0,0,48
205,1436,9,414,100,0,0,0,0,0,0,0,0,0,46
206,1268,9,441,100,0,0,0,0,0,0,0,0,0,49
207,1104,9,378,100,0,0,0,0,0,0,0,0,0,42
208,1392,9,405,100,0,0,0,0,0,0,0,0,0,45
209,1152,9,441,100,0,0,0,0,0,0,0,0,0,49
210,1260,9,414,100,0,0,0,0,0,0,0,0,0,46
211,1120,9,423,100,0,0,0,0,0,0,0,0,0,47
212,1060,9,405,100,0,0,0,0,0,0,0,0,0,45
213,1100,9,414,100,0,0,0,0,0,0,0,0,0,46
214,1236,9,423,100,0,0,0,0,0,0,0,0,0,47
215,1464,9,450,100,0,0,0,0,0,0,0,0,0,50
216,1608,9,414,100,0,0,0,0,0,0,0,0,0,46
217,1324,9,414,100,0,0,0,0,0,0,0,0,0,46
218,1460,9,405,100,0,0,0,0,0,0,0,0,0,45
219,1568,9,405,100,0,0,0,0,0,0,0,0,0,45
220,1476,9,396,100,0,0,0,0,0,0,0,0,0,44
221,1564,9,432,100,0,0,0,0,0,0,0,0,0,48
222,1748,9,414,100,0,0,0,0,0,0,0,0,0,46
223,1660,9,432,100,0,0,0,0,0,0,0,0,0,48
224,1336,9,414,100,0,0,0,0,0,0,0,0,0,46
225,1052,9,387,100,0,0,0,0,0,0,0,0,0,43
226,1192,9,423,100,0,0,0,0,0,0,0,0,0,47
227,1196,9,432,100,0,0,0,0,0,0,0,0,0,48
228,1004,9,405,100,0,0,0,0,0,0,0,0,0,45
229,1212,9,423,100,0,0,0,0,0,0,0,0,0,47
230,1280,9,432,100,0,0,0,0,0,0,0,0,0,48
231,1372,9,450,100,0,0,0,0,0,0,0,0,0,50
232,1572,9,486,100,0,0,0,0,0,0,0,0,0,54
233,1412,9,459,100,0,0,0,0,0,0,0,0,0,51
234,1356,9,468,100,0,0,0,0,0,0,0,0,0,52
235,1388,9,450,100,0,0,0,0,0,0,0,0,0,50
236,996,9,405,100,0,0,0,0,0,0,0,0,0,45
237,1128,9,369,100,0,0,0,0,0,0,0,0,0,41
238,1228,9,414,100,0,0,0,0,0,0,0,0,0,46
239,1248,9,423,100,0,0,0,0,0,0,0,0,0,47
240,1116,9,405,100,0,0,0,0,0,0,0,0,0,45
241,1132,9,378,100,0,0,0,0,0,0,0,0,0,42
242,1228,9,405,100,0,0,0,0,0,0,0,0,0,45
243,1228,9,396,100,0,0,0,0,0,0,0,0,0,44
244,1268,9,432,100,0,0,0,0,0,0,0,0,0,48
245,1428,9,432,100,0,0,0,0,0,0,0,0,0,48
246,1096,9,423,100,0,0,0,0,0,0,0,0,0,47
247,1148,9,414,100,0,0,0,0,0,0,0,0,0,46
248,1368,9,423,100,0,0,0,0,0,0,0,0,0,47
249,1172,9,378,100,0,0,0,0,0,0,0,0,0,42
250,1188,9,405,100,0,0,0,0,0,0,0,0,0,45
251,1116,9,423,100,0,0,0,0,0,0,0,0,0,47
252,1352,9,441,100,0,0,0,0,0,0,0,0,0,49
253,1432,9,495,100,0,0,0,0,0,0,0,0,0,55
254,1372,9,450,100,0,0,0,0,0,0,0,0,0,50
255,1168,9,450,100,0,0,0,0,0,0,0,0,0,50
256,1336,9,432,100,0,0,0,0,0,0,0,0,0,48
257,1272,9,450,100,0,0,0,0,0,0,0,0,0,50
258,1312,9,423,100,0,0,0,0,0,0,0,0,0,47
259,1228,9,414,100,0,0,0,0,0,0,0,0,0,46
260,1404,9,450,100,0,0,0,0,0,0,0,0,0,50
261,1444,9,468,100,0,0,0,0,0,0,0,0,0,52
262,1272,9,450,100,0,0,0,0,0,0,0,0,0,50
263,1440,9,441,100,0,0,0,0,0,0,0,0,0,49
264,1556,9,477,100,0,0,0,0,0,0,0,0,0,53
265,1552,9,495,100,0,0,0,0,0,0,0,0,0,55
266,1308,9,450,100,0,0,0,0,0,0,0,0,0,50
267,1208,9,450,100,0,0,0,0,0,0,0,0,0,50
268,1072,9,432,100,0,0,0,0,0,0,0,0,0,48
269,1176,9,396,100,0,0,0,0,0,0,0,0,0,44
270,1136,9,387,100,0,0,0,0,0,0,0,0,0,43
271,1176,9,378,100,0,0,0,0,0,0,0,0,0,42
272,1212,9,441,100,0,0,0,0,0,0,0,0,0,49
273,1236,9,441,100,0,0,0,0,0,0,0,0,0,49
274,1316,9,459,100,0,0,0,0,0,0,0,0,0,51
275,1448,9,468,100,0,0,0,0,0,0,0,0,0,52
276,1344,9,477,100,0,0,0,0,0,0,0,0,0,53
277,1520,9,495,100,0,0,0,0,0,0,0,0,0,55
278,1384,9,468,100,0,0,0,0,0,0,0,0,0,52
279,1448,9,414,100,0,0,0,0,0,0,0,0,0,46
280,1624,9,432,100,0,0,0,0,0,0,0,0,0,48
281,1696,9,459,100,0,0,0,0,0,0,0,0,0,51
282,1252,9,423,100,0,0,0,0,0,0,0,0,0,47
283,1204,9,414,100,0,0,0,0,0,0,0,0,0,46
284,1060,9,405,100,0,0,0,0,0,0,0,0,0,45
285,1128,9,414,100,0,0,0,0,0,0,0,0,0,46
286,984,9,369,100,0,0,0,0,0,0,0,0,0,41
287,900,9,387,100,0,0,0,0,0,0,0,0,0,43
288,1180,9,405,100,0,0,0,0,0,0,0,0,0,45
289,1280,9,423,100,0,0,0,0,0,0,0,0,0,47
290,1196,9,414,100,0,0,0,0,0,0,0,0,0,46
291,1456,9,432,100,0,0,0,0,0,0,0,0,0,48
292,1244,9,414,100,0,0,0,0,0,0,0,0,0,46
293,1160,9,396,100,0,0,0,0,0,0,0,0,0,44
294,1276,9,432,100,0,0,0,0,0,0,0,0,0,48
295,1156,9,414,100,0,0,0,0,0,0,0,0,0,46
296,1156,9,450,100,0,0,0,0,0,0,0,0,0,50
297,1476,9,441,100,0,0,0,0,0,0,0,0,0,49
298,1452,9,468,100,0,0,0,0,0,0,0,0,0,52
299,1464,9,450,100,0,0,0,0,0,0,0,0,0,50
300,1572,9,441,100,0,0,0,0,0,0,0,0,0,49
301,1336,9,396,100,0,0,0,0,0,0,0,0,0,44
302,1372,9,423,100,0,0,0,0,0,0,0,0,0,47
303,1320,9,423,100,0,0,0,0,0,0,0,0,0,47
304,1588,9,423,100,0,0,0,0,0,0,0,0,0,47
305,1376,9,405,100,0,0,0,0,0,0,0,0,0,45
306,1632,9,423,100,0,0,0,0,0,0,0,0,0,47
307,1696,9,450,100,0,0,0,0,0,0,0,0,0,50
308,1404,9,468,100,0,0,0,0,0,0,0,0,0,52
309,1592,9,450,100,0,0,0,0,0,0,0,0,0,50
310,1576,9,450,100,0,0,0,0,0,0,0,0,0,50
311,1708,9,459,100,0,0,0,0,0,0,0,0,0,51
312,1864,9,450,100,0,0,0,0,0,0,0,0,0,50
313,1500,9,450,100,0,0,0,0,0,0,0,0,0,50
314,1488,9,450,100,0,0,0,0,0,0,0,0,0,50
315,1636,9,441,100,0,0,0,0,0,0,0,0,0,49
316,1708,9,441,100,0,0,0,0,0,0,0,0,0,49
317,1460,9,378,100,0,0,0,0,0,0,0,0,0,42
318,1524,9,405,100,0,0,0,0,0,0,0,0,0,45
319,1528,9,459,100,0,0,0,0,0,0,0,0,0,51
320,1548,9,441,100,0,0,0,0,0,0,0,0,0,49
321,1404,9,414,100,0,0,0,0,0,0,0,0,0,46
322,1504,9,441,100,0,0,0,0,0,0,0,0,0,49
323,1320,9,414,100,0,0,0,0,0,0,0,0,0,46
324,1564,9,450,100,0,0,0,0,0,0,0,0,0,50
325,1772,9,423,100,0,0,0,0,0,0,0,0,0,47
326,1524,9,396,100,0,0,0,0,0,0,0,0,0,44
327,1380,9,369,100,0,0,0,0,0,0,0,0,0,41
328,1432,9,369,100,0,0,0,0,0,0,0,0,0,41
329,1436,9,387,100,0,0,0,0,0,0,0,0,0,43
330,1260,9,387,100,0,0,0,0,0,0,0,0,0,43
331,1316,9,405,100,0,0,0,0,0,0,0,0,0,45
332,1252,9,387,100,0,0,0,0,0,0,0,0,0,43
333,1316,9,360,100,0,0,0,0,0,0,0,0,0,40
334,1532,9,342,100,0,0,0,0,0,0,0,0,0,38
335,1316,9,342,100,0,0,0,0,0,0,0,0,0,38
336,1248,9,405,100,0,0,0,0,0,0,0,0,0,45
337,1392,9,423,100,0,0,0,0,0,0,0,0,0,47
338,1332,9,414,100,0,0,0,0,0,0,0,0,0,46
339,1408,9,441,100,0,0,0,0,0,0,0,0,0,49
340,1220,9,405,100,0,0,0,0,0,0,0,0,0,45
341,1348,9,459,100,0,0,0,0,0,0,0,0,0,51
342,1200,9,432,100,0,0,0,0,0,0,0,0,0,48
343,1220,9,423,100,0,0,0,0,0,0,0,0,0,47
344,1196,9,414,100,0,0,0,0,0,0,0,0,0,46
345,1208,9,387,100,0,0,0,0,0,0,0,0,0,43
346,1224,9,369,100,0,0,0,0,0,0,0,0,0,41
347,1180,9,360,100,0,0,0,0,0,0,0,0,0,40
348,1232,9,378,100,0,0,0,0,0,0,0,0,0,42
349,1148,9,351,100,0,0,0,0,0,0,0,0,0,39
350,1372,9,387,100,0,0,0,0,0,0,0,0,0,43
351,1268,9,369,100,0,0,0,0,0,0,0,0,0,41
352,1472,9,405,100,0,0,0,0,0,0,0,0,0,45
353,1628,9,423,100,0,0,0,0,0,0,0,0,0,47
354,1540,9,387,100,0,0,0,0,0,0,0,0,0,43
355,2088,9,468,100,0,0,0,0,0,0,0,0,0,52
356,1932,9,459,100,0,0,0,0,0,0,0,0,0,51
357,1580,9,450,100,0,0,0,0,0,0,0,0,0,50
358,2008,9,477,100,0,0,0,0,0,0,0,0,0,53
359,1928,9,477,100,0,0,0,0,0,0,0,0,0,53
360,1716,9,450,100,0,0,0,0,0,0,0,0,0,50
361,1636,9,441,100,0,0,0,0,0,0,0,0,0,49
362,1512,9,432,100,0,0,0,0,0,0,0,0,0,48
363,1520,9,414,100,0,0,0,0,0,0,0,0,0,46
364,1268,9,432,100,0,0,0,0,0,0,0,0,0,48
365,1396,9,459,100,0,0,0,0,0,0,0,0,0,51
366,1400,9,423,100,0,0,0,0,0,0,0,0,0,47
367,1468,9,432,100,0,0,0,0,0,0,0,0,0,48
368,1756,9,450,100,0,0,0,0,0,0,0,0,0,50
369,1404,9,432,100,0,0,0,0,0,0,0,0,0,48
370,1524,9,459,100,0,0,0,0,0,0,0,0,0,51
371,1544,9,513,100,0,0,0,0,0,0,0,0,0,57
372,1668,9,477,100,0,0,0,0,0,0,0,0,0,53
373,1660,9,441,100,0,0,0,0,0,0,0,0,0,49
374,1784,9,495,100,0,0,0,0,0,0,0,0,0,55
375,1552,9,441,100,0,0,0,0,0,0,0,0,0,49
376,1448,9,432,100,0,0,0,0,0,0,0,0,0,48
377,1848,9,486,100,0,0,0,0,0,0,0,0,0,54
378,1464,9,459,100,0,0,0,0,0,0,0,0,0,51
379,1424,9,414,100,0,0,0,0,0,0,0,0,0,46
380,1632,9,432,100,0,0,0,0,0,0,0,0,0,48
381,1716,9,414,100,0,0,0,0,0,0,0,0,0,46
382,1672,9,423,100,0,0,0,0,0,0,0,0,0,47
383,1232,9,414,100,0,0,0,0,0,0,0,0,0,46
384,1488,9,468,100,0,0,0,0,0,0,0,0,0,52
385,1544,9,441,100,0,0,0,0,0,0,0,0,0,49
386,1544,9,432,100,0,0,0,0,0,0,0,0,0,48
387,1420,9,414,100,0,0,0,0,0,0,0,0,0,46
388,1288,9,441,100,0,0,0,0,0,0,0,0,0,49
389,1240,9,405,100,0,0,0,0,0,0,0,0,0,45
390,1632,9,423,100,0,0,0,0,0,0,0,0,0,47
391,1848,9,396,100,0,0,0,0,0,0,0,0,0,44
392,1544,9,378,100,0,0,0,0,0,0,0,0,0,42
393,1504,9,405,100,0,0,0,0,0,0,0,0,0,45
394,1688,9,414,100,0,0,0,0,0,0,0,0,0,46
395,1696,9,441,100,0,0,0,0,0,0,0,0,0,49
396,1924,9,468,100,0,0,0,0,0,0,0,0,0,52
397,1592,9,405,100,0,0,0,0,0,0,0,0,0,45
398,1648,9,387,100,0,0,0,0,0,0,0,0,0,43
399,1800,9,414,100,0,0,0,0,0,0,0,0,0,46
400,1492,9,369,100,0,0,0,0,0,0,0,0,0,41
401,1664,9,423,100,0,0,0,0,0,0,0,0,0,47
402,1640,9,414,100,0,0,0,0,0,0,0,0,0,46
403,1688,9,414,100,0,0,0,0,0,0,0,0,0,46
404,1508,9,351,100,0,0,0,0,0,0,0,0,0,39
405,1680,9,405,100,0,0,0,0,0,0,0,0,0,45
406,1820,9,441,100,0,0,0,0,0,0,0,0,0,49
407,1604,9,450,100,0,0,0,0,0,0,0,0,0,50
408,1720,9,441,100,0,0,0,0,0,0,0,0,0,49
409,1512,9,450,100,0,0,0,0,0,0,0,0,0,50
410,1476,9,414,100,0,0,0,0,0,0,0,0,0,46
411,1608,9,450,100,0,0,0,0,0,0,0,0,0,50
412,1800,9,477,100,0,0,0,0,0,0,0,0,0,53
413,1696,9,459,100,0,0,0,0,0,0,0,0,0,51
414,2004,9,468,100,0,0,0,0,0,0,0,0,0,52
415,1788,9,432,100,0,0,0,0,0,0,0,0,0,48
416,1980,9,468,100,0,0,0,0,0,0,0,0,0,52
417,1832,9,477,100,0,0,0,0,0,0,0,0,0,53
418,2288,9,459,100,0,0,0,0,0,0,0,0,0,51
419,2448,9,468,100,0,0,0,0,0,0,0,0,0,52
420,2700,9,450,100,0,0,0,0,0,0,0,0,0,50
421,3100,9,396,100,0,0,0,0,0,0,0,0,0,44
422,2880,9,387,100,0,0,0,0,0,0,0,0,0,43
423,2948,9,450,100,0,0,0,0,0,0,0,0,0,50
424,2096,9,441,100,0,0,0,0,0,0,0,0,0,49
425,2732,9,432,100,0,0,0,0,0,0,0,0,0,48
426,2896,9,432,100,0,0,0,0,0,0,0,0,0,48
427,1712,9,387,100,0,0,0,0,0,0,0,0,0,43
428,1796,9,405,100,0,0,0,0,0,0,0,0,0,45
429,2120,9,387,100,0,0,0,0,0,0,0,0,0,43
430,2156,9,396,100,0,0,0,0,0,0,0,0,0,44
431,2052,9,423,100,0,0,0,0,0,0,0,0,0,47
432,1968,9,423,100,0,0,0,0,0,0,0,0,0,47
433,1836,9,414,100,0,0,0,0,0,0,0,0,0,46
434,2228,9,459,100,0,0,0,0,0,0,0,0,0,51
435,1904,9,423,100,0,0,0,0,0,0,0,0,0,47
436,1884,9,450,100,0,0,0,0,0,0,0,0,0,50
437,1812,9,450,100,0,0,0,0,0,0,0,0,0,50
438,1548,9,450,100,0,0,0,0,0,0,0,0,0,50
439,1864,9,450,100,0,0,0,0,0,0,0,0,0,50
440,1912,9,414,100,0,0,0,0,0,0,0,0,0,46
441,1960,9,450,100,0,0,0,0,0,0,0,0,0,50
442,1452,9,477,100,0,0,0,0,0,0,0,0,0,53
443,1468,9,423,100,0,0,0,0,0,0,0,0,0,47
444,1552,9,414,100,0,0,0,0,0,0,0,0,0,46
445,1724,9,414,100,0,0,0,0,0,0,0,0,0,46
446,1576,9,414,100,0,0,0,0,0,0,0,0,0,46
447,1732,9,405,100,0,0,0,0,0,0,0,0,0,45
448,1816,9,441,100,0,0,0,0,0,0,0,0,0,49
449,1716,9,432,100,0,0,0,0,0,0,0,0,0,48
450,2304,9,423,100,0,0,0,0,0,0,0,0,0,47
451,2800,9,486,100,0,0,0,0,0,0,0,0,0,54
452,1256,9,432,100,0,0,0,0,0,0,0,0,0,48
453,1296,9,450,100,0,0,0,0,0,0,0,0,0,50
454,1460,9,432,100,0,0,0,0,0,0,0,0,0,48
455,1744,9,486,100,0,0,0,0,0,0,0,0,0,54
456,1788,9,459,100,0,0,0,0,0,0,0,0,0,51
457,1196,9,432,100,0,0,0,0,0,0,0,0,0,48
458,1472,9,441,100,0,0,0,0,0,0,0,0,0,49
459,1420,9,441,100,0,0,0,0,0,0,0,0,0,49
460,1540,9,450,100,0,0,0,0,0,0,0,0,0,50
461,1776,9,459,100,0,0,0,0,0,0,0,0,0,51
462,1912,9,441,100,0,0,0,0,0,0,0,0,0,49
463,1712,9,432,100,0,0,0,0,0,0,0,0,0,48
464,1752,9,423,100,0,0,0,0,0,0,0,0,0,47
465,1584,9,414,100,0,0,0,0,0,0,0,0,0,46
466,1792,9,432,100,0,0,0,0,0,0,0,0,0,48
467,2000,9,468,100,0,0,0,0,0,0,0,0,0,52
468,2152,9,450,100,0,0,0,0,0,0,0,0,0,50
469,1924,9,459,100,0,0,0,0,0,0,0,0,0,51
470,2012,9,468,100,0,0,0,0,0,0,0,0,0,52
471,1952,9,486,100,0,0,0,0,0,0,0,0,0,54
472,1944,9,441,100,0,0,0,0,0,0,0,0,0,49
473,1780,9,414,100,0,0,0,0,0,0,0,0,0,46
474,1844,9,423,100,0,0,0,0,0,0,0,0,0,47
475,1812,9,414,100,0,0,0,0,0,0,0,0,0,46
476,1932,9,441,100,0,0,0,0,0,0,0,0,0,49
477,1976,9,459,100,0,0,0,0,0,0,0,0,0,51
478,1916,9,405,100,0,0,0,0,0,0,0,0,0,45
479,1684,9,450,100,0,0,0,0,0,0,0,0,0,50
480,1680,9,459,100,0,0,0,0,0,0,0,0,0,51
481,1620,9,441,100,0,0,0,0,0,0,0,0,0,49
482,1544,9,432,100,0,0,0,0,0,0,0,0,0,48
483,1788,9,477,100,0,0,0,0,0,0,0,0,0,53
484,1772,9,441,100,0,0,0,0,0,0,0,0,0,49
485,1780,9,423,100,0,0,0,0,0,0,0,0,0,47
486,1544,9,387,100,0,0,0,0,0,0,0,0,0,43
487,1708,9,414,100,0,0,0,0,0,0,0,0,0,46
488,1296,9,414,100,0,0,0,0,0,0,0,0,0,46
489,1568,9,441,100,0,0,0,0,0,0,0,0,0,49
490,1588,9,405,100,0,0,0,0,0,0,0,0,0,45
491,1560,9,441,100,0,0,0,0,0,0,0,0,0,49
492,1460,9,450,100,0,0,0,0,0,0,0,0,0,50
493,1608,9,423,100,0,0,0,0,0,0,0,0,0,47
494,1888,9,477,100,0,0,0,0,0,0,0,0,0,53
495,1784,9,468,100,0,0,0,0,0,0,0,0,0,52
496,1944,9,450,100,0,0,0,0,0,0,0,0,0,50
497,2188,9,486,100,0,0,0,0,0,0,0,0,0,54
498,1316,9,432,100,0,0,0,0,0,0,0,0,0,48
499,1420,9,441,100,0,0,0,0,0,0,0,0,0,49
500,1356,9,441,100,0,0,0,0,0,0,0,0,0,49
501,1324,9,432,100,0,0,0,0,0,0,0,0,0,48
502,1476,9,450,100,0,0,0,0,0,0,0,0,0,50
503,1248,9,414,100,0,0,0,0,0,0,0,0,0,46
504,1276,9,432,100,0,0,0,0,0,0,0,0,0,48
505,1136,9,441,100,0,0,0,0,0,0,0,0,0,49
506,1328,9,441,100,0,0,0,0,0,0,0,0,0,49
507,1452,9,468,100,0,0,0,0,0,0,0,0,0,52
508,1392,9,468,100,0,0,0,0,0,0,0,0,0,52
509,1284,9,441,100,0,0,0,0,0,0,0,0,0,49
510,1316,9,477,100,0,0,0,0,0,0,0,0,0,53
511,1176,9,441,100,0,0,0,0,0,0,0,0,0,49
512,1296,9,486,100,0,0,0,0,0,0,0,0,0,54
513,1208,9,450,100,0,0,0,0,0,0,0,0,0,50
514,1500,9,450,100,0,0,0,0,0,0,0,0,0,50
515,1280,9,378,100,0,0,0,0,0,0,0,0,0,42
516,1108,9,360,100,0,0,0,0,0,0,0,0,0,40
517,1252,9,378,100,0,0,0,0,0,0,0,0,0,42
518,1220,9,396,100,0,0,0,0,0,0,0,0,0,44
519,1384,9,441,100,0,0,0,0,0,0,0,0,0,49
520,1356,9,468,100,0,0,0,0,0,0,0,0,0,52
521,1092,9,432,100,0,0,0,0,0,0,0,0,0,48
522,1044,9,459,100,0,0,0,0,0,0,0,0,0,51
523,1360,9,432,100,0,0,0,0,0,0,0,0,0,48
524,1352,9,414,100,0,0,0,0,0,0,0,0,0,46
525,1392,9,432,100,0,0,0,0,0,0,0,0,0,48
526,1528,9,432,100,0,0,0,0,0,0,0,0,0,48
527,1476,9,432,100,0,0,0,0,0,0,0,0,0,48
528,1464,9,423,100,0,0,0,0,0,0,0,0,0,47
529,1764,9,477,100,0,0,0,0,0,0,0,0,0,53
530,1660,9,441,100,0,0,0,0,0,0,0,0,0,49
531,1408,9,414,100,0,0,0,0,0,0,0,0,0,46
532,1364,9,459,100,0,0,0,0,0,0,0,0,0,51
533,1308,9,432,100,0,0,0,0,0,0,0,0,0,48
534,1436,9,450,100,0,0,0,0,0,0,0,0,0,50
535,1444,9,468,100,0,0,0,0,0,0,0,0,0,52
536,1324,9,459,100,0,0,0,0,0,0,0,0,0,51
537,1356,9,432,100,0,0,0,0,0,0,0,0,0,48
538,1352,9,432,100,0,0,0,0,0,0,0,0,0,48
539,1512,9,486,100,0,0,0,0,0,0,0,0,0,54
540,1296,9,477,100,0,0,0,0,0,0,0,0,0,53
541,1316,9,432,100,0,0,0,0,0,0,0,0,0,48
542,1040,9,405,100,0,0,0,0,0,0,0,0,0,45
543,1312,9,423,100,0,0,0,0,0,0,0,0,0,47
544,1408,9,459,100,0,0,0,0,0,0,0,0,0,51
545,1664,9,468,100,0,0,0,0,0,0,0,0,0,52
546,1696,9,450,100,0,0,0,0,0,0,0,0,0,50
547,1448,9,432,100,0,0,0,0,0,0,0,0,0,48
548,1604,9,423,100,0,0,0,0,0,0,0,0,0,47
549,1568,9,441,100,0,0,0,0,0,0,0,0,0,49
550,1428,9,432,100,0,0,0,0,0,0,0,0,0,48
551,1492,9,486,100,0,0,0,0,0,0,0,0,0,54
552,1356,9,486,100,0,0,0,0,0,0,0,0,0,54
553,1216,9,423,100,0,0,0,0,0,0,0,0,0,47
554,1596,9,450,100,0,0,0,0,0,0,0,0,0,50
555,1712,9,477,100,0,0,0,0,0,0,0,0,0,53
556,1484,9,459,100,0,0,0,0,0,0,0,0,0,51
557,1792,9,486,100,0,0,0,0,0,0,0,0,0,54
558,1836,9,405,100,0,0,0,0,0,0,0,0,0,45
559,1452,9,423,100,0,0,0,0,0,0,0,0,0,47
560,1648,9,450,100,0,0,0,0,0,0,0,0,0,50
561,1664,9,414,100,0,0,0,0,0,0,0,0,0,46
562,1392,9,441,100,0,0,0,0,0,0,0,0,0,49
563,1080,9,423,100,0,0,0,0,0,0,0,0,0,47
564,1156,9,459,100,0,0,0,0,0,0,0,0,0,51
565,1504,9,513,100,0,0,0,0,0,0,0,0,0,57
566,1288,9,405,100,0,0,0,0,0,0,0,0,0,45
567,1292,9,441,100,0,0,0,0,0,0,0,0,0,49
568,1328,9,405,100,0,0,0,0,0,0,0,0,0,45
569,1316,9,414,100,0,0,0,0,0,0,0,0,0,46
570,1572,9,441,100,0,0,0,0,0,0,0,0,0,49
571,1760,9,441,100,0,0,0,0,0,0,0,0,0,49
572,1740,9,450,100,0,0,0,0,0,0,0,0,0,50
573,1564,9,432,100,0,0,0,0,0,0,0,0,0,48
574,1844,9,432,100,0,0,0,0,0,0,0,0,0,48
575,1596,9,441,100,0,0,0,0,0,0,0,0,0,49
576,1620,9,432,100,0,0,0,0,0,0,0,0,0,48
577,1544,9,459,100,0,0,0,0,0,0,0,0,0,51
578,1440,9,432,100,0,0,0,0,0,0,0,0,0,48
579,1656,9,441,100,0,0,0,0,0,0,0,0,0,49
580,1040,9,396,100,0,0,0,0,0,0,0,0,0,44
581,1044,9,432,100,0,0,0,0,0,0,0,0,0,48
582,1312,9,459,100,0,0,0,0,0,0,0,0,0,51
583,1248,9,468,100,0,0,0,0,0,0,0,0,0,52
584,1468,9,477,100,0,0,0,0,0,0,0,0,0,53
585,1372,9,432,100,0,0,0,0,0,0,0,0,0,48
586,1292,9,468,100,0,0,0,0,0,0,0,0,0,52
587,1232,9,432,100,0,0,0,0,0,0,0,0,0,48
588,1352,9,432,100,0,0,0,0,0,0,0,0,0,48
589,1368,9,441,100,0,0,0,0,0,0,0,0,0,49
590,1260,9,441,100,0,0,0,0,0,0,0,0,0,49
591,1032,9,396,100,0,0,0,0,0,0,0,0,0,44
592,1168,9,459,100,0,0,0,0,0,0,0,0,0,51
593,1296,9,414,100,0,0,0,0,0,0,0,0,0,46
594,1312,9,396,100,0,0,0,0,0,0,0,0,0,44
595,1484,9,405,100,0,0,0,0,0,0,0,0,0,45
596,1620,9,405,100,0,0,0,0,0,0,0,0,0,45
597,1800,9,414,100,0,0,0,0,0,0,0,0,0,46
598,1532,9,405,100,0,0,0,0,0,0,0,0,0,45
599,1104,9,387,100,0,0,0,0,0,0,0,0,0,43
600,1548,9,459,100,0,0,0,0,0,0,0,0,0,51
601,1556,9,468,100,0,0,0,0,0,0,0,0,0,52
602,1768,9,414,100,0,0,0,0,0,0,0,0,0,46
603,1540,9,432,100,0,0,0,0,0,0,0,0,0,48
604,1724,9,450,100,0,0,0,0,0,0,0,0,0,50
605,1072,9,396,100,0,0,0,0,0,0,0,0,0,44
606,1248,9,414,100,0,0,0,0,0,0,0,0,0,46
607,1156,9,387,100,0,0,0,0,0,0,0,0,0,43
608,1356,9,387,100,0,0,0,0,0,0,0,0,0,43
609,1500,9,432,100,0,0,0,0,0,0,0,0,0,48
610,1492,9,432,100,0,0,0,0,0,0,0,0,0,48
611,1748,9,450,100,0,0,0,0,0,0,0,0,0,50
612,1720,9,477,100,0,0,0,0,0,0,0,0,0,53
613,1728,9,432,100,0,0,0,0,0,0,0,0,0,48
614,1872,9,450,100,0,0,0,0,0,0,0,0,0,50
615,1928,9,441,100,0,0,0,0,0,0,0,0,0,49
616,2168,9,450,100,0,0,0,0,0,0,0,0,0,50
617,1928,9,414,100,0,0,0,0,0,0,0,0,0,46
618,2528,9,423,100,0,0,0,0,0,0,0,0,0,47
619,2164,9,423,100,0,0,0,0,0,0,0,0,0,47
620,2208,9,423,100,0,0,0,0,0,0,0,0,0,47
621,2012,9,405,100,0,0,0,0,0,0,0,0,0,45
622,2156,9,423,100,0,0,0,0,0,0,0,0,0,47
623,2312,9,378,100,0,0,0,0,0,0,0,0,0,42
624,2476,9,450,100,0,0,0,0,0,0,0,0,0,50
625,2392,9,468,100,0,0,0,0,0,0,0,0,0,52
626,2636,9,441,100,0,0,0,0,0,0,0,0,0,49
627,2484,9,423,100,0,0,0,0,0,0,0,0,0,47
628,2676,9,450,100,0,0,0,0,0,0,0,0,0,50
629,1964,9,441,100,0,0,0,0,0,0,0,0,0,49
630,1304,9,414,100,0,0,0,0,0,0,0,0,0,46
631,1504,9,432,100,0,0,0,0,0,0,0,0,0,48
632,1784,9,468,100,0,0,0,0,0,0,0,0,0,52
633,1300,9,405,100,0,0,0,0,0,0,0,0,0,45
634,1724,9,468,100,0,0,0,0,0,0,0,0,0,52
635,1292,9,432,100,0,0,0,0,0,0,0,0,0,48
636,1496,9,468,100,0,0,0,0,0,0,0,0,0,52
637,1780,9,468,100,0,0,0,0,0,0,0,0,0,52
638,1396,9,378,100,0,0,0,0,0,0,0,0,0,42
639,1720,9,450,100,0,0,0,0,0,0,0,0,0,50
640,1600,9,414,100,0,0,0,0,0,0,0,0,0,46
641,1760,9,432,100,0,0,0,0,0,0,0,0,0,48
642,1568,9,423,100,0,0,0,0,0,0,0,0,0,47
643,1640,9,405,100,0,0,0,0,0,0,0,0,0,45
644,1788,9,387,100,0,0,0,0,0,0,0,0,0,43
645,1592,9,414,100,0,0,0,0,0,0,0,0,0,46
646,1608,9,369,100,0,0,0,0,0,0,0,0,0,41
647,1460,9,396,100,0,0,0,0,0,0,0,0,0,44
648,1400,9,405,100,0,0,0,0,0,0,0,0,0,45
649,1200,9,396,100,0,0,0,0,0,0,0,0,0,44
650,1012,9,360,100,0,0,0,0,0,0,0,0,0,40
651,1296,9,387,100,0,0,0,0,0,0,0,0,0,43
652,1392,9,432,100,0,0,0,0,0,0,0,0,0,48
653,1056,9,423,100,0,0,0,0,0,0,0,0,0,47
654,1356,9,459,100,0,0,0,0,0,0,0,0,0,51
655,1116,9,432,100,0,0,0,0,0,0,0,0,0,48
656,1052,9,414,100,0,0,0,0,0,0,0,0,0,46
657,1232,9,423,100,0,0,0,0,0,0,0,0,0,47
658,1036,9,450,100,0,0,0,0,0,0,0,0,0,50
659,1040,9,414,100,0,0,0,0,0,0,0,0,0,46
660,1320,9,423,100,0,0,0,0,0,0,0,0,0,47
661,1268,9,405,100,0,0,0,0,0,0,0,0,0,45
662,1260,9,432,100,0,0,0,0,0,0,0,0,0,48
663,1484,9,423,100,0,0,0,0,0,0,0,0,0,47
664,1376,9,441,100,0,0,0,0,0,0,0,0,0,49
665,1652,9,441,100,0,0,0,0,0,0,0,0,0,49
666,1460,9,432,100,0,0,0,0,0,0,0,0,0,48
667,1408,9,450,100,0,0,0,0,0,0,0,0,0,50
668,1468,9,450,100,0,0,0,0,0,0,0,0,0,50
669,1524,9,432,100,0,0,0,0,0,0,0,0,0,48
670,1452,9,387,100,0,0,0,0,0,0,0,0,0,43
671,1548,9,405,100,0,0,0,0,0,0,0,0,0,45
672,1396,9,405,100,0,0,0,0,0,0,0,0,0,45
673,1268,9,396,100,0,0,0,0,0,0,0,0,0,44
674,1728,9,459,100,0,0,0,0,0,0,0,0,0,51
675,1468,9,432,100,0,0,0,0,0,0,0,0,0,48
676,1328,9,414,100,0,0,0,0,0,0,0,0,0,46
677,1220,9,387,100,0,0,0,0,0,0,0,0,0,43
678,1284,9,396,100,0,0,0,0,0,0,0,0,0,44
679,1464,9,405,100,0,0,0,0,0,0,0,0,0,45
680,1392,9,423,100,0,0,0,0,0,0,0,0,0,47
681,1628,9,432,100,0,0,0,0,0,0,0,0,0,48
682,1844,9,441,100,0,0,0,0,0,0,0,0,0,49
683,1224,9,423,100,0,0,0,0,0,0,0,0,0,47
684,1188,9,414,100,0,0,0,0,0,0,0,0,0,46
685,1620,9,450,100,0,0,0,0,0,0,0,0,0,50
686,1408,9,414,100,0,0,0,0,0,0,0,0,0,46
687,1780,9,441,100,0,0,0,0,0,0,0,0,0,49
688,1832,9,423,100,0,0,0,0,0,0,0,0,0,47
689,1668,9,387,100,0,0,0,0,0,0,0,0,0,43
690,2048,9,405,100,0,0,0,0,0,0,0,0,0,45
691,2236,9,450,100,0,0,0,0,0,0,0,0,0,50
692,1476,9,432,100,0,0,0,0,0,0,0,0,0,48
693,1660,9,369,100,0,0,0,0,0,0,0,0,0,41
694,1724,9,387,100,0,0,0,0,0,0,0,0,0,43
695,1520,9,378,100,0,0,0,0,0,0,0,0,0,42
696,1640,9,387,100,0,0,0,0,0,0,0,0,0,43
697,1544,9,378,100,0,0,0,0,0,0,0,0,0,42
698,2128,9,351,100,0,0,0,0,0,0,0,0,0,39
699,2764,9,396,100,0,0,0,0,0,0,0,0,0,44
700,3080,9,360,100,0,0,0,0,0,0,0,0,0,40
701,3428,9,387,100,0,0,0,0,0,0,0,0,0,43
702,3984,9,378,100,0,0,0,0,0,0,0,0,0,42
703,4008,9,405,100,0,0,0,0,0,0,0,0,0,45
704,3932,9,414,100,0,0,0,0,0,0,0,0,0,46
705,2756,9,441,100,0,0,0,0,0,0,0,0,0,49
706,2376,9,414,100,0,0,0,0,0,0,0,0,0,46
707,1848,9,396,100,0,0,0,0,0,0,0,0,0,44
708,2036,9,396,100,0,0,0,0,0,0,0,0,0,44
709,2136,9,387,100,0,0,0,0,0,0,0,0,0,43
710,1804,9,369,100,0,0,0,0,0,0,0,0,0,41
711,2252,9,441,100,0,0,0,0,0,0,0,0,0,49
712,2644,9,432,100,0,0,0,0,0,0,0,0,0,48
713,2400,9,396,100,0,0,0,0,0,0,0,0,0,44
714,2016,9,414,100,0,0,0,0,0,0,0,0,0,46
715,2600,9,423,100,0,0,0,0,0,0,0,0,0,47
716,2684,9,441,100,0,0,0,0,0,0,0,0,0,49
717,1756,9,414,100,0,0,0,0,0,0,0,0,0,46
718,1548,9,414,100,0,0,0,0,0,0,0,0,0,46
719,1656,9,450,100,0,0,0,0,0,0,0,0,0,50
720,2160,9,450,100,0,0,0,0,0,0,0,0,0,50
721,1976,9,450,100,0,0,0,0,0,0,0,0,0,50
722,1936,9,414,100,0,0,0,0,0,0,0,0,0,46
723,1936,9,414,100,0,0,0,0,0,0,0,0,0,46
724,1888,9,414,100,0,0,0,0,0,0,0,0,0,46
725,1960,9,423,100,0,0,0,0,0,0,0,0,0,47
726,2104,9,414,100,0,0,0,0,0,0,0,0,0,46
727,1408,9,414,100,0,0,0,0,0,0,0,0,0,46
728,1344,9,423,100,0,0,0,0,0,0,0,0,0,47
729,1436,9,432,100,0,0,0,0,0,0,0,0,0,48
730,1472,9,405,100,0,0,0,0,0,0,0,0,0,45
731,1552,9,369,100,0,0,0,0,0,0,0,0,0,41
732,1500,9,396,100,0,0,0,0,0,0,0,0,0,44
733,1408,9,378,100,0,0,0,0,0,0,0,0,0,42
734,1316,9,414,100,0,0,0,0,0,0,0,0,0,46
735,1428,9,423,100,0,0,0,0,0,0,0,0,0,47
736,1488,9,414,100,0,0,0,0,0,0,0,0,0,46
737,1476,9,441,100,0,0,0,0,0,0,0,0,0,49
738,1392,9,441,100,0,0,0,0,0,0,0,0,0,49
739,1672,9,405,100,0,0,0,0,0,0,0,0,0,45
740,1896,9,450,100,0,0,0,0,0,0,0,0,0,50
741,1800,9,405,100,0,0,0,0,0,0,0,0,0,45
742,1612,9,396,100,0,0,0,0,0,0,0,0,0,44
743,2216,9,450,100,0,0,0,0,0,0,0,0,0,50
744,1808,9,450,100,0,0,0,0,0,0,0,0,0,50
745,1268,9,414,100,0,0,0,0,0,0,0,0,0,46
746,1252,9,423,100,0,0,0,0,0,0,0,0,0,47
747,1480,9,450,100,0,0,0,0,0,0,0,0,0,50
748,1400,9,414,100,0,0,0,0,0,0,0,0,0,46
749,1328,9,414,100,0,0,0,0,0,0,0,0,0,46
750,1712,9,450,100,0,0,0,0,0,0,0,0,0,50
751,1448,9,369,100,0,0,0,0,0,0,0,0,0,41
752,1480,9,387,100,0,0,0,0,0,0,0,0,0,43
753,1788,9,432,100,0,0,0,0,0,0,0,0,0,48
754,1860,9,441,100,0,0,0,0,0,0,0,0,0,49
755,1864,9,441,100,0,0,0,0,0,0,0,0,0,49
756,1928,9,486,100,0,0,0,0,0,0,0,0,0,54
757,1820,9,450,100,0,0,0,0,0,0,0,0,0,50
758,1896,9,459,100,0,0,0,0,0,0,0,0,0,51
759,1816,9,477,100,0,0,0,0,0,0,0,0,0,53
760,1584,9,423,100,0,0,0,0,0,0,0,0,0,47
761,2036,9,450,100,0,0,0,0,0,0,0,0,0,50
762,1780,9,423,100,0,0,0,0,0,0,0,0,0,47
763,1692,9,423,100,0,0,0,0,0,0,0,0,0,47
764,1884,9,414,100,0,0,0,0,0,0,0,0,0,46
765,1788,9,432,100,0,0,0,0,0,0,0,0,0,48
766,1620,9,387,100,0,0,0,0,0,0,0,0,0,43
767,1472,9,378,100,0,0,0,0,0,0,0,0,0,42
768,1996,9,414,100,0,0,0,0,0,0,0,0,0,46
769,1880,9,414,100,0,0,0,0,0,0,0,0,0,46
770,1792,9,441,100,0,0,0,0,0,0,0,0,0,49
771,1740,9,450,100,0,0,0,0,0,0,0,0,0,50
772,1700,9,450,100,0,0,0,0,0,0,0,0,0,50
773,1892,9,432,100,0,0,0,0,0,0,0,0,0,48
774,1816,9,396,100,0,0,0,0,0,0,0,0,0,44
775,2160,9,450,100,0,0,0,0,0,0,0,0,0,50
776,2372,9,459,100,0,0,0,0,0,0,0,0,0,51
777,2400,9,450,100,0,0,0,0,0,0,0,0,0,50
778,2684,9,441,100,0,0,0,0,0,0,0,0,0,49
779,1684,9,414,100,0,0,0,0,0,0,0,0,0,46
780,1764,9,432,100,0,0,0,0,0,0,0,0,0,48
781,1876,9,414,100,0,0,0,0,0,0,0,0,0,46
782,2060,9,396,100,0,0,0,0,0,0,0,0,0,44
783,2132,9,432,100,0,0,0,0,0,0,0,0,0,48
784,2472,9,432,100,0,0,0,0,0,0,0,0,0,48
785,2716,9,432,100,0,0,0,0,0,0,0,0,0,48
786,2740,9,414,100,0,0,0,0,0,0,0,0,0,46
787,2636,9,414,100,0,0,0,0,0,0,0,0,0,46
788,2928,9,432,100,0,0,0,0,0,0,0,0,0,48
789,3096,9,432,100,0,0,0,0,0,0,0,0,0,48
790,1800,9,468,100,0,0,0,0,0,0,0,0,0,52
791,1468,9,414,100,0,0,0,0,0,0,0,0,0,46
792,1264,9,405,100,0,0,0,0,0,0,0,0,0,45
793,1584,9,432,100,0,0,0,0,0,0,0,0,0,48
794,1472,9,441,100,0,0,0,0,0,0,0,0,0,49
795,1440,9,450,100,0,0,0,0,0,0,0,0,0,50
796,1440,9,468,100,0,0,0,0,0,0,0,0,0,52
797,1184,9,423,100,0,0,0,0,0,0,0,0,0,47
798,1248,9,432,100,0,0,0,0,0,0,0,0,0,48
799,1296,9,414,100,0,0,0,0,0,0,0,0,0,46
800,1256,9,441,100,0,0,0,0,0,0,0,0,0,49
801,1420,9,450,100,0,0,0,0,0,0,0,0,0,50
802,1476,9,405,100,0,0,0,0,0,0,0,0,0,45
803,1764,9,459,100,0,0,0,0,0,0,0,0,0,51
804,1356,9,396,100,0,0,0,0,0,0,0,0,0,44
805,1340,9,414,100,0,0,0,0,0,0,0,0,0,46
806,1552,9,405,100,0,0,0,0,0,0,0,0,0,45
807,1828,9,459,100,0,0,0,0,0,0,0,0,0,51
808,1832,9,450,100,0,0,0,0,0,0,0,0,0,50
809,1624,9,468,100,0,0,0,0,0,0,0,0,0,52
810,1524,9,441,100,0,0,0,0,0,0,0,0,0,49
811,1488,9,459,100,0,0,0,0,0,0,0,0,0,51
812,1252,9,432,100,0,0,0,0,0,0,0,0,0,48
813,1404,9,414,100,0,0,0,0,0,0,0,0,0,46
814,1608,9,396,100,0,0,0,0,0,0,0,0,0,44
815,1576,9,405,100,0,0,0,0,0,0,0,0,0,45
816,1716,9,414,100,0,0,0,0,0,0,0,0,0,46
817,1336,9,378,100,0,0,0,0,0,0,0,0,0,42
818,1292,9,360,100,0,0,0,0,0,0,0,0,0,40
819,1532,9,423,100,0,0,0,0,0,0,0,0,0,47
820,1076,9,396,100,0,0,0,0,0,0,0,0,0,44
821,1112,9,405,100,0,0,0,0,0,0,0,0,0,45
822,1068,9,396,100,0,0,0,0,0,0,0,0,0,44
823,1304,9,396,100,0,0,0,0,0,0,0,0,0,44
824,1224,9,387,100,0,0,0,0,0,0,0,0,0,43
825,1348,9,414,100,0,0,0,0,0,0,0,0,0,46
826,1428,9,450,100,0,0,0,0,0,0,0,0,0,50
827,1664,9,432,100,0,0,0,0,0,0,0,0,0,48
828,1184,9,441,100,0,0,0,0,0,0,0,0,0,49
829,1128,9,414,100,0,0,0,0,0,0,0,0,0,46
830,1440,9,441,100,0,0,0,0,0,0,0,0,0,49
831,1292,9,396,100,0,0,0,0,0,0,0,0,0,44
832,1644,9,387,100,0,0,0,0,0,0,0,0,0,43
833,1560,9,414,100,0,0,0,0,0,0,0,0,0,46
834,1248,9,414,100,0,0,0,0,0,0,0,0,0,46
835,1604,9,459,100,0,0,0,0,0,0,0,0,0,51
836,1332,9,432,100,0,0,0,0,0,0,0,0,0,48
837,1452,9,396,100,0,0,0,0,0,0,0,0,0,44
838,1336,9,405,100,0,0,0,0,0,0,0,0,0,45
839,1296,9,396,100,0,0,0,0,0,0,0,0,0,44
840,1400,9,369,100,0,0,0,0,0,0,0,0,0,41
841,1620,9,414,100,0,0,0,0,0,0,0,0,0,46
842,2088,9,441,100,0,0,0,0,0,0,0,0,0,49
843,1820,9,414,100,0,0,0,0,0,0,0,0,0,46
844,1824,9,414,100,0,0,0,0,0,0,0,0,0,46
845,2176,9,432,100,0,0,0,0,0,0,0,0,0,48
846,2128,9,432,100,0,0,0,0,0,0,0,0,0,48
847,1796,9,432,100,0,0,0,0,0,0,0,0,0,48
848,2160,9,459,100,0,0,0,0,0,0,0,0,0,51
849,1980,9,450,100,0,0,0,0,0,0,0,0,0,50
850,2208,9,468,100,0,0,0,0,0,0,0,0,0,52
851,1784,9,441,100,0,0,0,0,0,0,0,0,0,49
852,1352,9,378,100,0,0,0,0,0,0,0,0,0,42
853,1636,9,414,100,0,0,0,0,0,0,0,0,0,46
854,1680,9,432,100,0,0,0,0,0,0,0,0,0,48
855,1432,9,396,100,0,0,0,0,0,0,0,0,0,44
856,1840,9,360,100,0,0,0,0,0,0,0,0,0,40
857,1752,9,387,100,0,0,0,0,0,0,0,0,0,43
858,1528,9,396,100,0,0,0,0,0,0,0,0,0,44
859,1936,9,432,100,0,0,0,0,0,0,0,0,0,48
860,2080,9,477,100,0,0,0,0,0,0,0,0,0,53
861,1748,9,423,100,0,0,0,0,0,0,0,0,0,47
862,1728,9,414,100,0,0,0,0,0,0,0,0,0,46
863,1828,9,441,100,0,0,0,0,0,0,0,0,0,49
864,1900,9,450,100,0,0,0,0,0,0,0,0,0,50
865,1724,9,423,100,0,0,0,0,0,0,0,0,0,47
866,1988,9,414,100,0,0,0,0,0,0,0,0,0,46
867,2116,9,432,100,0,0,0,0,0,0,0,0,0,48
868,2132,9,459,100,0,0,0,0,0,0,0,0,0,51
869,1876,9,450,100,0,0,0,0,0,0,0,0,0,50
870,1944,9,432,100,0,0,0,0,0,0,0,0,0,48
871,1576,9,405,100,0,0,0,0,0,0,0,0,0,45
872,1408,9,459,100,0,0,0,0,0,0,0,0,0,51
873,1452,9,423,100,0,0,0,0,0,0,0,0,0,47
874,1816,9,450,100,0,0,0,0,0,0,0,0,0,50
875,1860,9,441,100,0,0,0,0,0,0,0,0,0,49
876,1840,9,423,100,0,0,0,0,0,0,0,0,0,47
877,1952,9,423,100,0,0,0,0,0,0,0,0,0,47
878,1832,9,441,100,0,0,0,0,0,0,0,0,0,49
879,1588,9,414,100,0,0,0,0,0,0,0,0,0,46
880,1644,9,414,100,0,0,0,0,0,0,0,0,0,46
881,1864,9,450,100,0,0,0,0,0,0,0,0,0,50
882,1644,9,441,100,0,0,0,0,0,0,0,0,0,49
883,1344,9,432,100,0,0,0,0,0,0,0,0,0,48
884,1684,9,459,100,0,0,0,0,0,0,0,0,0,51
885,1804,9,441,100,0,0,0,0,0,0,0,0,0,49
886,1728,9,432,100,0,0,0,0,0,0,0,0,0,48
887,1364,9,414,100,0,0,0,0,0,0,0,0,0,46
888,1700,9,405,100,0,0,0,0,0,0,0,0,0,45
889,1816,9,432,100,0,0,0,0,0,0,0,0,0,48
890,1708,9,396,100,0,0,0,0,0,0,0,0,0,44
891,1716,9,405,100,0,0,0,0,0,0,0,0,0,45
892,1708,9,369,100,0,0,0,0,0,0,0,0,0,41
893,1544,9,432,100,0,0,0,0,0,0,0,0,0,48
894,1628,9,468,100,0,0,0,0,0,0,0,0,0,52
895,1596,9,432,100,0,0,0,0,0,0,0,0,0,48
896,1772,9,423,100,0,0,0,0,0,0,0,0,0,47
897,1664,9,477,100,0,0,0,0,0,0,0,0,0,53
898,1752,9,468,100,0,0,0,0,0,0,0,0,0,52
899,1700,9,468,100,0,0,0,0,0,0,0,0,0,52
900,1820,9,459,100,0,0,0,0,0,0,0,0,0,51
901,1796,9,486,100,0,0,0,0,0,0,0,0,0,54
902,1896,9,486,100,0,0,0,0,0,0,0,0,0,54
903,1476,9,450,100,0,0,0,0,0,0,0,0,0,50
904,1892,9,486,100,0,0,0,0,0,0,0,0,0,54
905,2004,9,477,100,0,0,0,0,0,0,0,0,0,53
906,2220,9,477,100,0,0,0,0,0,0,0,0,0,53
907,1856,9,459,100,0,0,0,0,0,0,0,0,0,51
908,1704,9,432,100,0,0,0,0,0,0,0,0,0,48
909,1784,9,477,100,0,0,0,0,0,0,0,0,0,53
910,1412,9,450,100,0,0,0,0,0,0,0,0,0,50
911,1560,9,450,100,0,0,0,0,0,0,0,0,0,50
912,1332,9,423,100,0,0,0,0,0,0,0,0,0,47
913,1508,9,477,100,0,0,0,0,0,0,0,0,0,53
914,1492,9,468,100,0,0,0,0,0,0,0,0,0,52
915,1472,9,441,100,0,0,0,0,0,0,0,0,0,49
916,1680,9,495,100,0,0,0,0,0,0,0,0,0,55
917,1624,9,459,100,0,0,0,0,0,0,0,0,0,51
918,1488,9,441,100,0,0,0,0,0,0,0,0,0,49
919,1568,9,432,100,0,0,0,0,0,0,0,0,0,48
920,1512,9,450,100,0,0,0,0,0,0,0,0,0,50
921,1376,9,414,100,0,0,0,0,0,0,0,0,0,46
922,1432,9,414,100,0,0,0,0,0,0,0,0,0,46
923,1992,9,477,100,0,0,0,0,0,0,0,0,0,53
924,1956,9,477,100,0,0,0,0,0,0,0,0,0,53
925,1600,9,450,100,0,0,0,0,0,0,0,0,0,50
926,1524,9,450,100,0,0,0,0,0,0,0,0,0,50
927,1776,9,504,100,0,0,0,0,0,0,0,0,0,56
928,1624,9,504,100,0,0,0,0,0,0,0,0,0,56
929,1600,9,477,100,0,0,0,0,0,0,0,0,0,53
930,1736,9,459,100,0,0,0,0,0,0,0,0,0,51
931,1212,9,423,100,0,0,0,0,0,0,0,0,0,47
932,1564,9,441,100,0,0,0,0,0,0,0,0,0,49
933,1264,9,432,100,0,0,0,0,0,0,0,0,0,48
934,1564,9,450,100,0,0,0,0,0,0,0,0,0,50
935,1648,9,423,100,0,0,0,0,0,0,0,0,0,47
936,1732,9,432,100,0,0,0,0,0,0,0,0,0,48
937,1872,9,423,100,0,0,0,0,0,0,0,0,0,47
938,1884,9,450,100,0,0,0,0,0,0,0,0,0,50
939,1644,9,423,100,0,0,0,0,0,0,0,0,0,47
940,1512,9,432,100,0,0,0,0,0,0,0,0,0,48
941,1528,9,459,100,0,0,0,0,0,0,0,0,0,51
942,1300,9,414,100,0,0,0,0,0,0,0,0,0,46
943,1236,9,387,100,0,0,0,0,0,0,0,0,0,43
944,1720,9,459,100,0,0,0,0,0,0,0,0,0,51
945,1076,9,423,100,0,0,0,0,0,0,0,0,0,47
946,1420,9,432,100,0,0,0,0,0,0,0,0,0,48
947,1256,9,441,100,0,0,0,0,0,0,0,0,0,49
948,1044,9,432,100,0,0,0,0,0,0,0,0,0,48
949,972,9,459,100,0,0,0,0,0,0,0,0,0,51
950,1024,9,441,100,0,0,0,0,0,0,0,0,0,49
951,940,9,450,100,0,0,0,0,0,0,0,0,0,50
952,1220,9,459,100,0,0,0,0,0,0,0,0,0,51
953,1084,9,432,100,0,0,0,0,0,0,0,0,0,48
954,1272,9,468,100,0,0,0,0,0,0,0,0,0,52
955,1440,9,468,100,0,0,0,0,0,0,0,0,0,52
956,1160,9,432,100,0,0,0,0,0,0,0,0,0,48
957,1260,9,423,100,0,0,0,0,0,0,0,0,0,47
958,1384,9,396,100,0,0,0,0,0,0,0,0,0,44
959,1360,9,450,100,0,0,0,0,0,0,0,0,0,50
960,1172,9,405,100,0,0,0,0,0,0,0,0,0,45
961,1316,9,432,100,0,0,0,0,0,0,0,0,0,48
962,1364,9,441,100,0,0,0,0,0,0,0,0,0,49
963,1464,9,459,100,0,0,0,0,0,0,0,0,0,51
964,1336,9,450,100,0,0,0,0,0,0,0,0,0,50
965,1564,9,423,100,0,0,0,0,0,0,0,0,0,47
966,1628,9,450,100,0,0,0,0,0,0,0,0,0,50
967,1420,9,423,100,0,0,0,0,0,0,0,0,0,47
968,1144,9,342,100,0,0,0,0,0,0,0,0,0,38
969,1240,9,378,100,0,0,0,0,0,0,0,0,0,42
970,1512,9,441,100,0,0,0,0,0,0,0,0,0,49
971,1484,9,414,100,0,0,0,0,0,0,0,0,0,46
972,1512,9,432,100,0,0,0,0,0,0,0,0,0,48
973,1840,9,459,100,0,0,0,0,0,0,0,0,0,51
974,1808,9,441,100,0,0,0,0,0,0,0,0,0,49
975,1720,9,432,100,0,0,0,0,0,0,0,0,0,48
976,1568,9,432,100,0,0,0,0,0,0,0,0,0,48
977,1496,9,405,100,0,0,0,0,0,0,0,0,0,45
978,1504,9,432,100,0,0,0,0,0,0,0,0,0,48
979,1324,9,387,100,0,0,0,0,0,0,0,0,0,43
980,1432,9,423,100,0,0,0,0,0,0,0,0,0,47
981,1324,9,405,100,0,0,0,0,0,0,0,0,0,45
982,1432,9,414,100,0,0,0,0,0,0,0,0,0,46
983,1124,9,414,100,0,0,0,0,0,0,0,0,0,46
984,1320,9,450,100,0,0,0,0,0,0,0,0,0,50
985,1316,9,450,100,0,0,0,0,0,0,0,0,0,50
986,1396,9,459,100,0,0,0,0,0,0,0,0,0,51
987,1336,9,459,100,0,0,0,0,0,0,0,0,0,51
988,1548,9,495,100,0,0,0,0,0,0,0,0,0,55
989,1080,9,432,100,0,0,0,0,0,0,0,0,0,48
990,1336,9,396,100,0,0,0,0,0,0,0,0,0,44
991,1268,9,432,100,0,0,0,0,0,0,0,0,0,48
992,1108,9,387,100,0,0,0,0,0,0,0,0,0,43
993,1236,9,441,100,0,0,0,0,0,0,0,0,0,49
994,1052,9,396,100,0,0,0,0,0,0,0,0,0,44
995,1316,9,423,100,0,0,0,0,0,0,0,0,0,47
996,1252,9,459,100,0,0,0,0,0,0,0,0,0,51
997,1324,9,468,100,0,0,0,0,0,0,0,0,0,52
998,1272,9,495,100,0,0,0,0,0,0,0,0,0,55
999,1420,9,441,100,0,0,0,0,0,0,0,0,0,49
