update,points,mean_tasks,total_tasks,total_orgs,task_0,task_1,task_2,task_3,task_4,task_5,task_6,task_7,task_8,task_9
0,0,nan,0,10,0,0,0,0,0,0,0,0,0,0
1,0,nan,0,10,0,0,0,0,0,0,0,0,0,0
2,0,nan,0,10,0,0,0,0,0,0,0,0,0,0
3,0,nan,0,10,0,0,0,0,0,0,0,0,0,0
4,0,nan,0,10,0,0,0,0,0,0,0,0,0,0
5,44,9,9,11,0,0,0,0,0,0,0,0,0,1
6,68,9,18,13,0,0,0,0,0,0,0,0,0,2
7,72,9,27,16,0,0,0,0,0,0,0,0,0,3
8,4,9,27,16,0,0,0,0,0,0,0,0,0,3
9,4,9,36,16,0,0,0,0,0,0,0,0,0,4
10,48,9,45,17,0,0,0,0,0,0,0,0,0,5
11,92,9,45,17,0,0,0,0,0,0,0,0,0,5
12,72,9,45,17,0,0,0,0,0,0,0,0,0,5
13,52,9,45,18,0,0,0,0,0,0,0,0,0,5
14,4,9,45,18,0,0,0,0,0,0,0,0,0,5
15,4,9,45,18,0,0,0,0,0,0,0,0,0,5
16,92,9,54,19,0,0,0,0,0,0,0,0,0,6
17,52,9,54,19,0,0,0,0,0,0,0,0,0,6
18,8,9,54,19,0,0,0,0,0,0,0,0,0,6
19,8,9,54,19,0,0,0,0,0,0,0,0,0,6
20,8,9,54,19,0,0,0,0,0,0,0,0,0,6
21,52,9,45,19,0,0,0,0,0,0,0,0,0,5
22,76,9,54,20,0,0,0,0,0,0,0,0,0,6
23,56,9,54,20,0,0,0,0,0,0,0,0,0,6
24,100,9,54,21,0,0,0,0,0,0,0,0,0,6
25,124,9,54,23,0,0,0,0,0,0,0,0,0,6
26,128,9,54,24,0,0,0,0,0,0,0,0,0,6
27,84,9,63,25,0,0,0,0,0,0,0,0,0,7
28,28,9,54,25,0,0,0,0,0,0,0,0,0,6
29,8,9,54,25,0,0,0,0,0,0,0,0,0,6
30,52,9,63,26,0,0,0,0,0,0,0,0,0,7
31,32,9,63,26,0,0,0,0,0,0,0,0,0,7
32,144,9,81,28,0,0,0,0,0,0,0,0,0,9
33,84,9,81,30,0,0,0,0,0,0,0,0,0,9
34,20,9,81,30,0,0,0,0,0,0,0,0,0,9
35,60,9,72,30,0,0,0,0,0,0,0,0,0,8
36,128,9,72,30,0,0,0,0,0,0,0,0,0,8
37,148,9,63,31,0,0,0,0,0,0,0,0,0,7
38,108,9,72,33,0,0,0,0,0,0,0,0,0,8
39,40,9,63,33,0,0,0,0,0,0,0,0,0,7
40,60,9,63,33,0,0,0,0,0,0,0,0,0,7
41,168,9,81,35,0,0,0,0,0,0,0,0,0,9
42,48,9,72,35,0,0,0,0,0,0,0,0,0,8
43,48,9,81,35,0,0,0,0,0,0,0,0,0,9
44,72,9,81,36,0,0,0,0,0,0,0,0,0,9
45,140,9,99,38,0,0,0,0,0,0,0,0,0,11
46,100,9,90,38,0,0,0,0,0,0,0,0,0,10
47,168,9,99,40,0,0,0,0,0,0,0,0,0,11
48,144,9,99,42,0,0,0,0,0,0,0,0,0,11
49,76,9,99,43,0,0,0,0,0,0,0,0,0,11
50,124,9,108,44,0,0,0,0,0,0,0,0,0,12
51,100,9,90,46,0,0,0,0,0,0,0,0,0,10
52,80,9,99,46,0,0,0,0,0,0,0,0,0,11
53,208,9,108,47,0,0,0,0,0,0,0,0,0,12
54,208,9,108,49,0,0,0,0,0,0,0,0,0,12
55,76,9,99,49,0,0,0,0,0,0,0,0,0,11
56,212,9,117,50,0,0,0,0,0,0,0,0,0,13
57,324,9,117,52,0,0,0,0,0,0,0,0,0,13
58,132,9,117,53,0,0,0,0,0,0,0,0,0,13
59,92,9,117,54,0,0,0,0,0,0,0,0,0,13
60,248,9,135,56,0,0,0,0,0,0,0,0,0,15
61,204,9,135,56,0,0,0,0,0,0,0,0,0,15
62,124,9,126,57,0,0,0,0,0,0,0,0,0,14
63,372,9,153,60,0,0,0,0,0,0,0,0,0,17
64,288,9,135,61,0,0,0,0,0,0,0,0,0,15
65,372,9,153,63,0,0,0,0,0,0,0,0,0,17
66,156,9,144,64,0,0,0,0,0,0,0,0,0,16
67,312,9,162,64,0,0,0,0,0,0,0,0,0,18
68,320,9,153,66,0,0,0,0,0,0,0,0,0,17
69,408,9,162,69,0,0,0,0,0,0,0,0,0,18
70,296,9,144,70,0,0,0,0,0,0,0,0,0,16
71,208,9,126,71,0,0,0,0,0,0,0,0,0,14
72,212,9,135,72,0,0,0,0,0,0,0,0,0,15
73,352,9,162,73,0,0,0,0,0,0,0,0,0,18
74,268,9,171,76,0,0,0,0,0,0,0,0,0,19
75,240,9,171,78,0,0,0,0,0,0,0,0,0,19
76,284,9,189,78,0,0,0,0,0,0,0,0,0,21
77,288,9,162,79,0,0,0,0,0,0,0,0,0,18
78,180,9,171,80,0,0,0,0,0,0,0,0,0,19
79,108,9,171,80,0,0,0,0,0,0,0,0,0,19
80,328,9,216,80,0,0,0,0,0,0,0,0,0,24
81,316,9,234,82,0,0,0,0,0,0,0,0,0,26
82,260,9,225,84,0,0,0,0,0,0,0,0,0,25
83,332,9,243,85,0,0,0,0,0,0,0,0,0,27
84,292,9,225,86,0,0,0,0,0,0,0,0,0,25
85,272,9,216,86,0,0,0,0,0,0,0,0,0,24
86,212,9,225,87,0,0,0,0,0,0,0,0,0,25
87,292,9,243,87,0,0,0,0,0,0,0,0,0,27
88,516,9,252,88,0,0,0,0,0,0,0,0,0,28
89,416,9,225,89,0,0,0,0,0,0,0,0,0,25
90,196,9,225,90,0,0,0,0,0,0,0,0,0,25
91,332,9,252,91,0,0,0,0,0,0,0,0,0,28
92,428,9,261,93,0,0,0,0,0,0,0,0,0,29
93,500,9,261,93,0,0,0,0,0,0,0,0,0,29
94,412,9,252,93,0,0,0,0,0,0,0,0,0,28
95,384,9,270,94,0,0,0,0,0,0,0,0,0,30
96,300,9,270,95,0,0,0,0,0,0,0,0,0,30
97,480,9,297,95,0,0,0,0,0,0,0,0,0,33
98,484,9,306,95,0,0,0,0,0,0,0,0,0,34
99,492,9,315,96,0,0,0,0,0,0,0,0,0,35
100,472,9,306,96,0,0,0,0,0,0,0,0,0,34
101,524,9,333,96,0,0,0,0,0,0,0,0,0,37
102,540,9,306,96,0,0,0,0,0,0,0,0,0,34
103,636,9,297,97,0,0,0,0,0,0,0,0,0,33
104,668,9,342,97,0,0,0,0,0,0,0,0,0,38
105,700,9,297,97,0,0,0,0,0,0,0,0,0,33
106,832,9,324,98,0,0,0,0,0,0,0,0,0,36
107,920,9,324,98,0,0,0,0,0,0,0,0,0,36
108,800,9,315,98,0,0,0,0,0,0,0,0,0,35
109,1156,9,333,98,0,0,0,0,0,0,0,0,0,37
110,1052,9,324,99,0,0,0,0,0,0,0,0,0,36
111,1080,9,342,99,0,0,0,0,0,0,0,0,0,38
112,1072,9,342,99,0,0,0,0,0,0,0,0,0,38
113,1040,9,351,99,0,0,0,0,0,0,0,0,0,39
114,1304,9,396,100,0,0,0,0,0,0,0,0,0,44
115,1064,9,369,100,0,0,0,0,0,0,0,0,0,41
116,1036,9,378,100,0,0,0,0,0,0,0,0,0,42
117,1068,9,414,100,0,0,0,0,0,0,0,0,0,46
118,1200,9,441,100,0,0,0,0,0,0,0,0,0,49
119,1220,9,441,100,0,0,0,0,0,0,0,0,0,49
120,1244,9,423,100,0,0,0,0,0,0,0,0,0,47
121,1128,9,423,100,0,0,0,0,0,0,0,0,0,47
122,1348,9,414,100,0,0,0,0,0,0,0,0,0,46
123,1412,9,441,100,0,0,0,0,0,0,0,0,0,49
124,1420,9,459,100,0,0,0,0,0,0,0,0,0,51
125,1500,9,468,100,0,0,0,0,0,0,0,0,0,52
126,1400,9,450,100,0,0,0,0,0,0,0,0,0,50
127,1484,9,495,100,0,0,0,0,0,0,0,0,0,55
128,1508,9,459,100,0,0,0,0,0,0,0,0,0,51
129,1400,9,441,100,0,0,0,0,0,0,0,0,0,49
130,1132,9,459,100,0,0,0,0,0,0,0,0,0,51
131,1300,9,477,100,0,0,0,0,0,0,0,0,0,53
132,1336,9,441,100,0,0,0,0,0,0,0,0,0,49
133,1472,9,405,100,0,0,0,0,0,0,0,0,0,45
134,1408,9,450,100,0,0,0,0,0,0,0,0,0,50
135,1608,9,486,100,0,0,0,0,0,0,0,0,0,54
136,1260,9,459,100,0,0,0,0,0,0,0,0,0,51
137,1304,9,486,100,0,0,0,0,0,0,0,0,0,54
138,1500,9,504,100,0,0,0,0,0,0,0,0,0,56
139,1416,9,432,100,0,0,0,0,0,0,0,0,0,48
140,1616,9,414,100,0,0,0,0,0,0,0,0,0,46
141,1584,9,414,100,0,0,0,0,0,0,0,0,0,46
142,1336,9,405,100,0,0,0,0,0,0,0,0,0,45
143,1660,9,432,100,0,0,0,0,0,0,0,0,0,48
144,1912,9,468,100,0,0,0,0,0,0,0,0,0,52
145,1788,9,423,100,0,0,0,0,0,0,0,0,0,47
146,1712,9,423,100,0,0,0,0,0,0,0,0,0,47
147,1548,9,387,100,0,0,0,0,0,0,0,0,0,43
148,1564,9,396,100,0,0,0,0,0,0,0,0,0,44
149,1024,9,414,100,0,0,0,0,0,0,0,0,0,46
150,1160,9,441,100,0,0,0,0,0,0,0,0,0,49
151,988,9,432,100,0,0,0,0,0,0,0,0,0,48
152,1076,9,441,100,0,0,0,0,0,0,0,0,0,49
153,1180,9,441,100,0,0,0,0,0,0,0,0,0,49
154,1400,9,468,100,0,0,0,0,0,0,0,0,0,52
155,1484,9,486,100,0,0,0,0,0,0,0,0,0,54
156,1336,9,486,100,0,0,0,0,0,0,0,0,0,54
157,1312,9,468,100,0,0,0,0,0,0,0,0,0,52
158,1300,9,477,100,0,0,0,0,0,0,0,0,0,53
159,1028,9,459,100,0,0,0,0,0,0,0,0,0,51
160,1224,9,441,100,0,0,0,0,0,0,0,0,0,49
161,1152,9,423,100,0,0,0,0,0,0,0,0,0,47
162,1424,9,468,100,0,0,0,0,0,0,0,0,0,52
163,1108,9,432,100,0,0,0,0,0,0,0,0,0,48
164,1380,9,432,100,0,0,0,0,0,0,0,0,0,48
165,1464,9,477,100,0,0,0,0,0,0,0,0,0,53
166,1232,9,504,100,0,0,0,0,0,0,0,0,0,56
167,1296,9,459,100,0,0,0,0,0,0,0,0,0,51
168,1308,9,423,100,0,0,0,0,0,0,0,0,0,47
169,1688,9,468,100,0,0,0,0,0,0,0,0,0,52
170,1372,9,450,100,0,0,0,0,0,0,0,0,0,50
171,1376,9,423,100,0,0,0,0,0,0,0,0,0,47
172,1928,9,450,100,0,0,0,0,0,0,0,0,0,50
173,1908,9,468,100,0,0,0,0,0,0,0,0,0,52
174,1616,9,432,100,0,0,0,0,0,0,0,0,0,48
175,1528,9,432,100,0,0,0,0,0,0,0,0,0,48
176,1796,9,486,100,0,0,0,0,0,0,0,0,0,54
177,1056,9,423,100,0,0,0,0,0,0,0,0,0,47
178,1204,9,441,100,0,0,0,0,0,0,0,0,0,49
179,1220,9,459,100,0,0,0,0,0,0,0,0,0,51
180,1188,9,405,100,0,0,0,0,0,0,0,0,0,45
181,1264,9,432,100,0,0,0,0,0,0,0,0,0,48
182,1344,9,450,100,0,0,0,0,0,0,0,0,0,50
183,1172,9,459,100,0,0,0,0,0,0,0,0,0,51
184,1080,9,486,100,0,0,0,0,0,0,0,0,0,54
185,1136,9,486,100,0,0,0,0,0,0,0,0,0,54
186,996,9,468,100,0,0,0,0,0,0,0,0,0,52
187,1140,9,459,100,0,0,0,0,0,0,0,0,0,51
188,1032,9,441,100,0,0,0,0,0,0,0,0,0,49
189,1176,9,396,100,0,0,0,0,0,0,0,0,0,44
190,1096,9,432,100,0,0,0,0,0,0,0,0,0,48
191,1212,9,432,100,0,0,0,0,0,0,0,0,0,48
192,1116,9,414,100,0,0,0,0,0,0,0,0,0,46
193,1268,9,450,100,0,0,0,0,0,0,0,0,0,50
194,1364,9,414,100,0,0,0,0,0,0,0,0,0,46
195,1284,9,423,100,0,0,0,0,0,0,0,0,0,47
196,1144,9,441,100,0,0,0,0,0,0,0,0,0,49
197,1364,9,405,100,0,0,0,0,0,0,0,0,0,45
198,1168,9,396,100,0,0,0,0,0,0,0,0,0,44
199,1208,9,414,100,0,0,0,0,0,0,0,0,0,46
200,1236,9,450,100,0,0,0,0,0,0,0,0,0,50
201,1324,9,486,100,0,0,0,0,0,0,0,0,0,54
202,1172,9,468,100,0,0,0,0,0,0,0,0,0,52
203,1324,9,432,100,0,0,0,0,0,0,0,0,0,48
204,1336,9,441,100,0,0,0,0,0,0,0,0,0,49
205,1312,9,468,100,0,0,0,0,0,0,0,0,0,52
206,1312,9,486,100,0,0,0,0,0,0,0,0,0,54
207,1268,9,441,100,0,0,0,0,0,0,0,0,0,49
208,1424,9,459,100,0,0,0,0,0,0,0,0,0,51
209,1392,9,468,100,0,0,0,0,0,0,0,0,0,52
210,1452,9,459,100,0,0,0,0,0,0,0,0,0,51
211,1312,9,423,100,0,0,0,0,0,0,0,0,0,47
212,1200,9,414,100,0,0,0,0,0,0,0,0,0,46
213,1420,9,459,100,0,0,0,0,0,0,0,0,0,51
214,1208,9,441,100,0,0,0,0,0,0,0,0,0,49
215,1300,9,450,100,0,0,0,0,0,0,0,0,0,50
216,1212,9,423,100,0,0,0,0,0,0,0,0,0,47
217,1148,9,432,100,0,0,0,0,0,0,0,0,0,48
218,1100,9,423,100,0,0,0,0,0,0,0,0,0,47
219,1112,9,396,100,0,0,0,0,0,0,0,0,0,44
220,1560,9,450,100,0,0,0,0,0,0,0,0,0,50
221,1348,9,504,100,0,0,0,0,0,0,0,0,0,56
222,1168,9,486,100,0,0,0,0,0,0,0,0,0,54
223,924,9,441,100,0,0,0,0,0,0,0,0,0,49
224,1116,9,468,100,0,0,0,0,0,0,0,0,0,52
225,968,9,450,100,0,0,0,0,0,0,0,0,0,50
226,1344,9,522,100,0,0,0,0,0,0,0,0,0,58
227,1048,9,468,100,0,0,0,0,0,0,0,0,0,52
228,1276,9,486,100,0,0,0,0,0,0,0,0,0,54
229,1076,9,423,100,0,0,0,0,0,0,0,0,0,47
230,1340,9,459,100,0,0,0,0,0,0,0,0,0,51
231,1288,9,468,100,0,0,0,0,0,0,0,0,0,52
232,1164,9,450,100,0,0,0,0,0,0,0,0,0,50
233,1112,9,495,100,0,0,0,0,0,0,0,0,0,55
234,996,9,468,100,0,0,0,0,0,0,0,0,0,52
235,1272,9,468,100,0,0,0,0,0,0,0,0,0,52
236,1240,9,513,100,0,0,0,0,0,0,0,0,0,57
237,1200,9,486,100,0,0,0,0,0,0,0,0,0,54
238,1248,9,459,100,0,0,0,0,0,0,0,0,0,51
239,1260,9,450,100,0,0,0,0,0,0,0,0,0,50
240,1008,9,423,100,0,0,0,0,0,0,0,0,0,47
241,1092,9,459,100,0,0,0,0,0,0,0,0,0,51
242,1128,9,495,100,0,0,0,0,0,0,0,0,0,55
243,948,9,477,100,0,0,0,0,0,0,0,0,0,53
244,1012,9,504,100,0,0,0,0,0,0,0,0,0,56
245,1140,9,540,100,0,0,0,0,0,0,0,0,0,60
246,1200,9,522,100,0,0,0,0,0,0,0,0,0,58
247,1204,9,486,100,0,0,0,0,0,0,0,0,0,54
248,1152,9,513,100,0,0,0,0,0,0,0,0,0,57
249,1040,9,477,100,0,0,0,0,0,0,0,0,0,53
250,1096,9,468,100,0,0,0,0,0,0,0,0,0,52
251,1324,9,504,100,0,0,0,0,0,0,0,0,0,56
252,1492,9,468,100,0,0,0,0,0,0,0,0,0,52
253,1516,9,459,100,0,0,0,0,0,0,0,0,0,51
254,1372,9,486,100,0,0,0,0,0,0,0,0,0,54
255,1380,9,495,100,0,0,0,0,0,0,0,0,0,55
256,1376,9,486,100,0,0,0,0,0,0,0,0,0,54
257,1152,9,423,100,0,0,0,0,0,0,0,0,0,47
258,1216,9,441,100,0,0,0,0,0,0,0,0,0,49
259,1252,9,450,100,0,0,0,0,0,0,0,0,0,50
260,1264,9,459,100,0,0,0,0,0,0,0,0,0,51
261,1260,9,459,100,0,0,0,0,0,0,0,0,0,51
262,1188,9,477,100,0,0,0,0,0,0,0,0,0,53
263,1108,9,513,100,0,0,0,0,0,0,0,0,0,57
264,1260,9,495,100,0,0,0,0,0,0,0,0,0,55
265,1092,9,486,100,0,0,0,0,0,0,0,0,0,54
266,980,9,468,100,0,0,0,0,0,0,0,0,0,52
267,1252,9,459,100,0,0,0,0,0,0,0,0,0,51
268,1368,9,441,100,0,0,0,0,0,0,0,0,0,49
269,1208,9,387,100,0,0,0,0,0,0,0,0,0,43
270,1232,9,405,100,0,0,0,0,0,0,0,0,0,45
271,932,9,396,100,0,0,0,0,0,0,0,0,0,44
272,1140,9,414,100,0,0,0,0,0,0,0,0,0,46
273,1048,9,405,100,0,0,0,0,0,0,0,0,0,45
274,900,9,369,100,0,0,0,0,0,0,0,0,0,41
275,1448,9,432,100,0,0,0,0,0,0,0,0,0,48
276,1376,9,414,100,0,0,0,0,0,0,0,0,0,46
277,1132,9,414,100,0,0,0,0,0,0,0,0,0,46
278,1012,9,405,100,0,0,0,0,0,0,0,0,0,45
279,1228,9,432,100,0,0,0,0,0,0,0,0,0,48
280,1280,9,405,100,0,0,0,0,0,0,0,0,0,45
281,1216,9,432,100,0,0,0,0,0,0,0,0,0,48
282,1184,9,378,100,0,0,0,0,0,0,0,0,0,42
283,1400,9,396,100,0,0,0,0,0,0,0,0,0,44
284,1312,9,387,100,0,0,0,0,0,0,0,0,0,43
285,1280,9,396,100,0,0,0,0,0,0,0,0,0,44
286,1352,9,396,100,0,0,0,0,0,0,0,0,0,44
287,1400,9,405,100,0,0,0,0,0,0,0,0,0,45
288,1352,9,432,100,0,0,0,0,0,0,0,0,0,48
289,1292,9,423,100,0,0,0,0,0,0,0,0,0,47
290,1488,9,441,100,0,0,0,0,0,0,0,0,0,49
291,1428,9,441,100,0,0,0,0,0,0,0,0,0,49
292,1428,9,423,100,0,0,0,0,0,0,0,0,0,47
293,1404,9,441,100,0,0,0,0,0,0,0,0,0,49
294,1420,9,468,100,0,0,0,0,0,0,0,0,0,52
295,1468,9,450,100,0,0,0,0,0,0,0,0,0,50
296,1280,9,450,100,0,0,0,0,0,0,0,0,0,50
297,1344,9,468,100,0,0,0,0,0,0,0,0,0,52
298,1384,9,504,100,0,0,0,0,0,0,0,0,0,56
299,1064,9,432,100,0,0,0,0,0,0,0,0,0,48
300,1500,9,477,100,0,0,0,0,0,0,0,0,0,53
301,1368,9,423,100,0,0,0,0,0,0,0,0,0,47
302,1492,9,423,100,0,0,0,0,0,0,0,0,0,47
303,1220,9,387,100,0,0,0,0,0,0,0,0,0,43
304,1364,9,396,100,0,0,0,0,0,0,0,0,0,44
305,1340,9,387,100,0,0,0,0,0,0,0,0,0,43
306,1396,9,432,100,0,0,0,0,0,0,0,0,0,48
307,1424,9,450,100,0,0,0,0,0,0,0,0,0,50
308,1436,9,477,100,0,0,0,0,0,0,0,0,0,53
309,1208,9,405,100,0,0,0,0,0,0,0,0,0,45
310,1568,9,441,100,0,0,0,0,0,0,0,0,0,49
311,1044,9,405,100,0,0,0,0,0,0,0,0,0,45
312,1196,9,423,100,0,0,0,0,0,0,0,0,0,47
313,1484,9,468,100,0,0,0,0,0,0,0,0,0,52
314,1164,9,468,100,0,0,0,0,0,0,0,0,0,52
315,1324,9,495,100,0,0,0,0,0,0,0,0,0,55
316,976,9,414,100,0,0,0,0,0,0,0,0,0,46
317,1360,9,432,100,0,0,0,0,0,0,0,0,0,48
318,1276,9,423,100,0,0,0,0,0,0,0,0,0,47
319,1352,9,405,100,0,0,0,0,0,0,0,0,0,45
320,1536,9,432,100,0,0,0,0,0,0,0,0,0,48
321,1304,9,423,100,0,0,0,0,0,0,0,0,0,47
322,1408,9,414,100,0,0,0,0,0,0,0,0,0,46
323,1396,9,432,100,0,0,0,0,0,0,0,0,0,48
324,1340,9,423,100,0,0,0,0,0,0,0,0,0,47
325,1496,9,405,100,0,0,0,0,0,0,0,0,0,45
326,1392,9,405,100,0,0,0,0,0,0,0,0,0,45
327,1536,9,423,100,0,0,0,0,0,0,0,0,0,47
328,1760,9,441,100,0,0,0,0,0,0,0,0,0,49
329,1368,9,405,100,0,0,0,0,0,0,0,0,0,45
330,1452,9,396,100,0,0,0,0,0,0,0,0,0,44
331,1792,9,441,100,0,0,0,0,0,0,0,0,0,49
332,1484,9,396,100,0,0,0,0,0,0,0,0,0,44
333,1964,9,423,100,0,0,0,0,0,0,0,0,0,47
334,1860,9,414,100,0,0,0,0,0,0,0,0,0,46
335,1716,9,423,100,0,0,0,0,0,0,0,0,0,47
336,1680,9,414,100,0,0,0,0,0,0,0,0,0,46
337,1732,9,441,100,0,0,0,0,0,0,0,0,0,49
338,1236,9,387,100,0,0,0,0,0,0,0,0,0,43
339,1312,9,396,100,0,0,0,0,0,0,0,0,0,44
340,1296,9,396,100,0,0,0,0,0,0,0,0,0,44
341,1312,9,414,100,0,0,0,0,0,0,0,0,0,46
342,1584,9,459,100,0,0,0,0,0,0,0,0,0,51
343,1880,9,450,100,0,0,0,0,0,0,0,0,0,50
344,1768,9,450,100,0,0,0,0,0,0,0,0,0,50
345,1356,9,432,100,0,0,0,0,0,0,0,0,0,48
346,1392,9,468,100,0,0,0,0,0,0,0,0,0,52
347,1436,9,441,100,0,0,0,0,0,0,0,0,0,49
348,1404,9,468,100,0,0,0,0,0,0,0,0,0,52
349,1444,9,432,100,0,0,0,0,0,0,0,0,0,48
350,1320,9,459,100,0,0,0,0,0,0,0,0,0,51
351,1228,9,414,100,0,0,0,0,0,0,0,0,0,46
352,1196,9,423,100,0,0,0,0,0,0,0,0,0,47
353,1500,9,486,100,0,0,0,0,0,0,0,0,0,54
354,1408,9,441,100,0,0,0,0,0,0,0,0,0,49
355,1408,9,468,100,0,0,0,0,0,0,0,0,0,52
356,1324,9,432,100,0,0,0,0,0,0,0,0,0,48
357,1524,9,423,100,0,0,0,0,0,0,0,0,0,47
358,1244,9,405,100,0,0,0,0,0,0,0,0,0,45
359,1432,9,468,100,0,0,0,0,0,0,0,0,0,52
360,1304,9,441,100,0,0,0,0,0,0,0,0,0,49
361,1440,9,468,100,0,0,0,0,0,0,0,0,0,52
362,1496,9,405,100,0,0,0,0,0,0,0,0,0,45
363,1660,9,432,100,0,0,0,0,0,0,0,0,0,48
364,1836,9,432,100,0,0,0,0,0,0,0,0,0,48
365,1572,9,414,100,0,0,0,0,0,0,0,0,0,46
366,1448,9,432,100,0,0,0,0,0,0,0,0,0,48
367,1620,9,441,100,0,0,0,0,0,0,0,0,0,49
368,1584,9,423,100,0,0,0,0,0,0,0,0,0,47
369,1476,9,396,100,0,0,0,0,0,0,0,0,0,44
370,1592,9,423,100,0,0,0,0,0,0,0,0,0,47
371,1384,9,441,100,0,0,0,0,0,0,0,0,0,49
372,1428,9,423,100,0,0,0,0,0,0,0,0,0,47
373,1680,9,495,100,0,0,0,0,0,0,0,0,0,55
374,1380,9,441,100,0,0,0,0,0,0,0,0,0,49
375,1468,9,468,100,0,0,0,0,0,0,0,0,0,52
376,1384,9,432,100,0,0,0,0,0,0,0,0,0,48
377,1248,9,423,100,0,0,0,0,0,0,0,0,0,47
378,1436,9,459,100,0,0,0,0,0,0,0,0,0,51
379,1468,9,441,100,0,0,0,0,0,0,0,0,0,49
380,1232,9,414,100,0,0,0,0,0,0,0,0,0,46
381,1468,9,486,100,0,0,0,0,0,0,0,0,0,54
382,1264,9,504,100,0,0,0,0,0,0,0,0,0,56
383,1396,9,459,100,0,0,0,0,0,0,0,0,0,51
384,1424,9,468,100,0,0,0,0,0,0,0,0,0,52
385,1240,9,423,100,0,0,0,0,0,0,0,0,0,47
386,1352,9,405,100,0,0,0,0,0,0,0,0,0,45
387,1412,9,414,100,0,0,0,0,0,0,0,0,0,46
388,1876,9,468,100,0,0,0,0,0,0,0,0,0,52
389,1564,9,414,100,0,0,0,0,0,0,0,0,0,46
390,1328,9,369,100,0,0,0,0,0,0,0,0,0,41
391,1624,9,405,100,0,0,0,0,0,0,0,0,0,45
392,1692,9,450,100,0,0,0,0,0,0,0,0,0,50
393,1520,9,432,100,0,0,0,0,0,0,0,0,0,48
394,1400,9,423,100,0,0,0,0,0,0,0,0,0,47
395,1548,9,459,100,0,0,0,0,0,0,0,0,0,51
396,1440,9,441,100,0,0,0,0,0,0,0,0,0,49
397,1248,9,396,100,0,0,0,0,0,0,0,0,0,44
398,1536,9,414,100,0,0,0,0,0,0,0,0,0,46
399,1676,9,396,100,0,0,0,0,0,0,0,0,0,44
400,1664,9,387,100,0,0,0,0,0,0,0,0,0,43
401,1732,9,396,100,0,0,0,0,0,0,0,0,0,44
402,1616,9,414,100,0,0,0,0,0,0,0,0,0,46
403,1512,9,405,100,0,0,0,0,0,0,0,0,0,45
404,1644,9,414,100,0,0,0,0,0,0,0,0,0,46
405,1680,9,432,100,0,0,0,0,0,0,0,0,0,48
406,1552,9,450,100,0,0,0,0,0,0,0,0,0,50
407,1508,9,396,100,0,0,0,0,0,0,0,0,0,44
408,1656,9,396,100,0,0,0,0,0,0,0,0,0,44
409,1580,9,423,100,0,0,0,0,0,0,0,0,0,47
410,1188,9,423,100,0,0,0,0,0,0,0,0,0,47
411,1336,9,405,100,0,0,0,0,0,0,0,0,0,45
412,1124,9,387,100,0,0,0,0,0,0,0,0,0,43
413,1164,9,351,100,0,0,0,0,0,0,0,0,0,39
414,1096,9,333,100,0,0,0,0,0,0,0,0,0,37
415,1032,9,342,100,0,0,0,0,0,0,0,0,0,38
416,1372,9,396,100,0,0,0,0,0,0,0,0,0,44
417,1300,9,414,100,0,0,0,0,0,0,0,0,0,46
418,1256,9,432,100,0,0,0,0,0,0,0,0,0,48
419,1544,9,468,100,0,0,0,0,0,0,0,0,0,52
420,1540,9,450,100,0,0,0,0,0,0,0,0,0,50
421,1424,9,450,100,0,0,0,0,0,0,0,0,0,50
422,1464,9,432,100,0,0,0,0,0,0,0,0,0,48
423,1240,9,405,100,0,0,0,0,0,0,0,0,0,45
424,1040,9,396,100,0,0,0,0,0,0,0,0,0,44
425,1344,9,432,100,0,0,0,0,0,0,0,0,0,48
426,1316,9,432,100,0,0,0,0,0,0,0,0,0,48
427,1564,9,423,100,0,0,0,0,0,0,0,0,0,47
428,1216,9,414,100,0,0,0,0,0,0,0,0,0,46
429,1108,9,378,100,0,0,0,0,0,0,0,0,0,42
430,1040,9,387,100,0,0,0,0,0,0,0,0,0,43
431,1032,9,414,100,0,0,0,0,0,0,0,0,0,46
432,1260,9,459,100,0,0,0,0,0,0,0,0,0,51
433,1248,9,450,100,0,0,0,0,0,0,0,0,0,50
434,1172,9,432,100,0,0,0,0,0,0,0,0,0,48
435,1180,9,441,100,0,0,0,0,0,0,0,0,0,49
436,1372,9,432,100,0,0,0,0,0,0,0,0,0,48
437,1204,9,414,100,0,0,0,0,0,0,0,0,0,46
438,1092,9,423,100,0,0,0,0,0,0,0,0,0,47
439,1340,9,432,100,0,0,0,0,0,0,0,0,0,48
440,1284,9,405,100,0,0,0,0,0,0,0,0,0,45
441,1252,9,477,100,0,0,0,0,0,0,0,0,0,53
442,1276,9,432,100,0,0,0,0,0,0,0,0,0,48
443,1640,9,441,100,0,0,0,0,0,0,0,0,0,49
444,1692,9,450,100,0,0,0,0,0,0,0,0,0,50
445,1812,9,450,100,0,0,0,0,0,0,0,0,0,50
446,1952,9,459,100,0,0,0,0,0,0,0,0,0,51
447,1924,9,423,100,0,0,0,0,0,0,0,0,0,47
448,1940,9,396,100,0,0,0,0,0,0,0,0,0,44
449,2084,9,414,100,0,0,0,0,0,0,0,0,0,46
450,2392,9,468,100,0,0,0,0,0,0,0,0,0,52
451,1484,9,432,100,0,0,0,0,0,0,0,0,0,48
452,1412,9,441,100,0,0,0,0,0,0,0,0,0,49
453,1500,9,468,100,0,0,0,0,0,0,0,0,0,52
454,1564,9,468,100,0,0,0,0,0,0,0,0,0,52
455,1480,9,432,100,0,0,0,0,0,0,0,0,0,48
456,1484,9,441,100,0,0,0,0,0,0,0,0,0,49
457,1732,9,459,100,0,0,0,0,0,0,0,0,0,51
458,1784,9,486,100,0,0,0,0,0,0,0,0,0,54
459,1632,9,495,100,0,0,0,0,0,0,0,0,0,55
460,1512,9,468,100,0,0,0,0,0,0,0,0,0,52
461,1396,9,468,100,0,0,0,0,0,0,0,0,0,52
462,1448,9,450,100,0,0,0,0,0,0,0,0,0,50
463,1456,9,432,100,0,0,0,0,0,0,0,0,0,48
464,1296,9,450,100,0,0,0,0,0,0,0,0,0,50
465,1356,9,441,100,0,0,0,0,0,0,0,0,0,49
466,1536,9,396,100,0,0,0,0,0,0,0,0,0,44
467,1488,9,432,100,0,0,0,0,0,0,0,0,0,48
468,1368,9,405,100,0,0,0,0,0,0,0,0,0,45
469,1320,9,414,100,0,0,0,0,0,0,0,0,0,46
470,1432,9,405,100,0,0,0,0,0,0,0,0,0,45
471,1620,9,414,100,0,0,0,0,0,0,0,0,0,46
472,1452,9,441,100,0,0,0,0,0,0,0,0,0,49
473,1640,9,441,100,0,0,0,0,0,0,0,0,0,49
474,1576,9,477,100,0,0,0,0,0,0,0,0,0,53
475,1340,9,459,100,0,0,0,0,0,0,0,0,0,51
476,1288,9,423,100,0,0,0,0,0,0,0,0,0,47
477,1080,9,432,100,0,0,0,0,0,0,0,0,0,48
478,1112,9,378,100,0,0,0,0,0,0,0,0,0,42
479,1240,9,423,100,0,0,0,0,0,0,0,0,0,47
480,1224,9,405,100,0,0,0,0,0,0,0,0,0,45
481,1304,9,414,100,0,0,0,0,0,0,0,0,0,46
482,1624,9,432,100,0,0,0,0,0,0,0,0,0,48
483,1284,9,405,100,0,0,0,0,0,0,0,0,0,45
484,1348,9,459,100,0,0,0,0,0,0,0,0,0,51
485,1508,9,477,100,0,0,0,0,0,0,0,0,0,53
486,1380,9,459,100,0,0,0,0,0,0,0,0,0,51
487,1288,9,432,100,0,0,0,0,0,0,0,0,0,48
488,1476,9,459,100,0,0,0,0,0,0,0,0,0,51
489,1384,9,432,100,0,0,0,0,0,0,0,0,0,48
490,1492,9,450,100,0,0,0,0,0,0,0,0,0,50
491,1576,9,441,100,0,0,0,0,0,0,0,0,0,49
492,1468,9,459,100,0,0,0,0,0,0,0,0,0,51
493,1632,9,432,100,0,0,0,0,0,0,0,0,0,48
494,1668,9,441,100,0,0,0,0,0,0,0,0,0,49
495,1796,9,405,100,0,0,0,0,0,0,0,0,0,45
496,1808,9,432,100,0,0,0,0,0,0,0,0,0,48
497,1808,9,432,100,0,0,0,0,0,0,0,0,0,48
498,1452,9,423,100,0,0,0,0,0,0,0,0,0,47
499,1304,9,414,100,0,0,0,0,0,0,0,0,0,46
500,1272,9,423,100,0,0,0,0,0,0,0,0,0,47
501,1364,9,432,100,0,0,0,0,0,0,0,0,0,48
502,1232,9,441,100,0,0,0,0,0,0,0,0,0,49
503,1188,9,459,100,0,0,0,0,0,0,0,0,0,51
504,1428,9,450,100,0,0,0,0,0,0,0,0,0,50
505,1844,9,486,100,0,0,0,0,0,0,0,0,0,54
506,1364,9,432,100,0,0,0,0,0,0,0,0,0,48
507,1584,9,441,100,0,0,0,0,0,0,0,0,0,49
508,1528,9,405,100,0,0,0,0,0,0,0,0,0,45
509,1232,9,396,100,0,0,0,0,0,0,0,0,0,44
510,1288,9,378,100,0,0,0,0,0,0,0,0,0,42
511,1640,9,423,100,0,0,0,0,0,0,0,0,0,47
512,1880,9,423,100,0,0,0,0,0,0,0,0,0,47
513,1660,9,450,100,0,0,0,0,0,0,0,0,0,50
514,1720,9,459,100,0,0,0,0,0,0,0,0,0,51
515,1436,9,477,100,0,0,0,0,0,0,0,0,0,53
516,1476,9,459,100,0,0,0,0,0,0,0,0,0,51
517,1704,9,450,100,0,0,0,0,0,0,0,0,0,50
518,1644,9,459,100,0,0,0,0,0,0,0,0,0,51
519,1780,9,414,100,0,0,0,0,0,0,0,0,0,46
520,1680,9,405,100,0,0,0,0,0,0,0,0,0,45
521,1340,9,423,100,0,0,0,0,0,0,0,0,0,47
522,1496,9,441,100,0,0,0,0,0,0,0,0,0,49
523,1724,9,414,100,0,0,0,0,0,0,0,0,0,46
524,1472,9,441,100,0,0,0,0,0,0,0,0,0,49
525,1300,9,459,100,0,0,0,0,0,0,0,0,0,51
526,1892,9,459,100,0,0,0,0,0,0,0,0,0,51
527,1536,9,414,100,0,0,0,0,0,0,0,0,0,46
528,1164,9,405,100,0,0,0,0,0,0,0,0,0,45
529,1360,9,405,100,0,0,0,0,0,0,0,0,0,45
530,1428,9,450,100,0,0,0,0,0,0,0,0,0,50
531,1372,9,432,100,0,0,0,0,0,0,0,0,0,48
532,1252,9,405,100,0,0,0,0,0,0,0,0,0,45
533,1352,9,459,100,0,0,0,0,0,0,0,0,0,51
534,1420,9,468,100,0,0,0,0,0,0,0,0,0,52
535,956,9,432,100,0,0,0,0,0,0,0,0,0,48
536,1160,9,423,100,0,0,0,0,0,0,0,0,0,47
537,1124,9,423,100,0,0,0,0,0,0,0,0,0,47
538,1048,9,396,100,0,0,0,0,0,0,0,0,0,44
539,1136,9,414,100,0,0,0,0,0,0,0,0,0,46
540,1216,9,405,100,0,0,0,0,0,0,0,0,0,45
541,1268,9,414,100,0,0,0,0,0,0,0,0,0,46
542,1268,9,396,100,0,0,0,0,0,0,0,0,0,44
543,1552,9,432,100,0,0,0,0,0,0,0,0,0,48
544,1428,9,486,100,0,0,0,0,0,0,0,0,0,54
545,1180,9,450,100,0,0,0,0,0,0,0,0,0,50
546,992,9,432,100,0,0,0,0,0,0,0,0,0,48
547,1200,9,486,100,0,0,0,0,0,0,0,0,0,54
548,1360,9,513,100,0,0,0,0,0,0,0,0,0,57
549,1208,9,450,100,0,0,0,0,0,0,0,0,0,50
550,1284,9,504,100,0,0,0,0,0,0,0,0,0,56
551,976,9,405,100,0,0,0,0,0,0,0,0,0,45
552,1316,9,468,100,0,0,0,0,0,0,0,0,0,52
553,1288,9,441,100,0,0,0,0,0,0,0,0,0,49
554,1400,9,423,100,0,0,0,0,0,0,0,0,0,47
555,1264,9,432,100,0,0,0,0,0,0,0,0,0,48
556,1352,9,468,100,0,0,0,0,0,0,0,0,0,52
557,1356,9,405,100,0,0,0,0,0,0,0,0,0,45
558,1592,9,432,100,0,0,0,0,0,0,0,0,0,48
559,1488,9,441,100,0,0,0,0,0,0,0,0,0,49
560,1456,9,459,100,0,0,0,0,0,0,0,0,0,51
561,1364,9,468,100,0,0,0,0,0,0,0,0,0,52
562,1256,9,477,100,0,0,0,0,0,0,0,0,0,53
563,1408,9,450,100,0,0,0,0,0,0,0,0,0,50
564,1556,9,459,100,0,0,0,0,0,0,0,0,0,51
565,1416,9,387,100,0,0,0,0,0,0,0,0,0,43
566,1688,9,432,100,0,0,0,0,0,0,0,0,0,48
567,1536,9,450,100,0,0,0,0,0,0,0,0,0,50
568,1172,9,396,100,0,0,0,0,0,0,0,0,0,44
569,1328,9,423,100,0,0,0,0,0,0,0,0,0,47
570,1368,9,441,100,0,0,0,0,0,0,0,0,0,49
571,1312,9,432,100,0,0,0,0,0,0,0,0,0,48
572,1736,9,477,100,0,0,0,0,0,0,0,0,0,53
573,1248,9,459,100,0,0,0,0,0,0,0,0,0,51
574,1312,9,450,100,0,0,0,0,0,0,0,0,0,50
575,1328,9,477,100,0,0,0,0,0,0,0,0,0,53
576,1200,9,450,100,0,0,0,0,0,0,0,0,0,50
577,1336,9,468,100,0,0,0,0,0,0,0,0,0,52
578,1532,9,495,100,0,0,0,0,0,0,0,0,0,55
579,1328,9,459,100,0,0,0,0,0,0,0,0,0,51
580,1372,9,486,100,0,0,0,0,0,0,0,0,0,54
581,1364,9,459,100,0,0,0,0,0,0,0,0,0,51
582,1116,9,486,100,0,0,0,0,0,0,0,0,0,54
583,1472,9,513,100,0,0,0,0,0,0,0,0,0,57
584,1280,9,486,100,0,0,0,0,0,0,0,0,0,54
585,1456,9,486,100,0,0,0,0,0,0,0,0,0,54
586,1248,9,441,100,0,0,0,0,0,0,0,0,0,49
587,1332,9,441,100,0,0,0,0,0,0,0,0,0,49
588,1432,9,450,100,0,0,0,0,0,0,0,0,0,50
589,1264,9,468,100,0,0,0,0,0,0,0,0,0,52
590,1204,9,468,100,0,0,0,0,0,0,0,0,0,52
591,1432,9,495,100,0,0,0,0,0,0,0,0,0,55
592,1072,9,450,100,0,0,0,0,0,0,0,0,0,50
593,1204,9,468,100,0,0,0,0,0,0,0,0,0,52
594,1160,9,423,100,0,0,0,0,0,0,0,0,0,47
595,988,9,432,100,0,0,0,0,0,0,0,0,0,48
596,1220,9,450,100,0,0,0,0,0,0,0,0,0,50
597,1248,9,459,100,0,0,0,0,0,0,0,0,0,51
598,1228,9,450,100,0,0,0,0,0,0,0,0,0,50
599,1244,9,486,100,0,0,0,0,0,0,0,0,0,54
600,1392,9,477,100,0,0,0,0,0,0,0,0,0,53
601,1436,9,432,100,0,0,0,0,0,0,0,0,0,48
602,1220,9,423,100,0,0,0,0,0,0,0,0,0,47
603,1328,9,441,100,0,0,0,0,0,0,0,0,0,49
604,1340,9,432,100,0,0,0,0,0,0,0,0,0,48
605,1572,9,441,100,0,0,0,0,0,0,0,0,0,49
606,1288,9,432,100,0,0,0,0,0,0,0,0,0,48
607,1332,9,423,100,0,0,0,0,0,0,0,0,0,47
608,1340,9,405,100,0,0,0,0,0,0,0,0,0,45
609,1616,9,459,100,0,0,0,0,0,0,0,0,0,51
610,1236,9,423,100,0,0,0,0,0,0,0,0,0,47
611,1096,9,432,100,0,0,0,0,0,0,0,0,0,48
612,1368,9,441,100,0,0,0,0,0,0,0,0,0,49
613,1296,9,450,100,0,0,0,0,0,0,0,0,0,50
614,1400,9,477,100,0,0,0,0,0,0,0,0,0,53
615,1348,9,477,100,0,0,0,0,0,0,0,0,0,53
616,1248,9,423,100,0,0,0,0,0,0,0,0,0,47
617,1492,9,432,100,0,0,0,0,0,0,0,0,0,48
618,1440,9,441,100,0,0,0,0,0,0,0,0,0,49
619,1208,9,396,100,0,0,0,0,0,0,0,0,0,44
620,1220,9,432,100,0,0,0,0,0,0,0,0,0,48
621,1292,9,450,100,0,0,0,0,0,0,0,0,0,50
622,1344,9,495,100,0,0,0,0,0,0,0,0,0,55
623,952,9,450,100,0,0,0,0,0,0,0,0,0,50
624,1164,9,468,100,0,0,0,0,0,0,0,0,0,52
625,1208,9,477,100,0,0,0,0,0,0,0,0,0,53
626,952,9,441,100,0,0,0,0,0,0,0,0,0,49
627,1028,9,468,100,0,0,0,0,0,0,0,0,0,52
628,1200,9,459,100,0,0,0,0,0,0,0,0,0,51
629,1184,9,450,100,0,0,0,0,0,0,0,0,0,50
630,1148,9,450,100,0,0,0,0,0,0,0,0,0,50
631,1540,9,468,100,0,0,0,0,0,0,0,0,0,52
632,1188,9,414,100,0,0,0,0,0,0,0,0,0,46
633,1200,9,459,100,0,0,0,0,0,0,0,0,0,51
634,1192,9,450,100,0,0,0,0,0,0,0,0,0,50
635,1216,9,477,100,0,0,0,0,0,0,0,0,0,53
636,1076,9,432,100,0,0,0,0,0,0,0,0,0,48
637,1184,9,423,100,0,0,0,0,0,0,0,0,0,47
638,1084,9,432,100,0,0,0,0,0,0,0,0,0,48
639,1156,9,441,100,0,0,0,0,0,0,0,0,0,49
640,1228,9,432,100,0,0,0,0,0,0,0,0,0,48
641,1408,9,468,100,0,0,0,0,0,0,0,0,0,52
642,1192,9,441,100,0,0,0,0,0,0,0,0,0,49
643,1208,9,432,100,0,0,0,0,0,0,0,0,0,48
644,1384,9,450,100,0,0,0,0,0,0,0,0,0,50
645,1156,9,396,100,0,0,0,0,0,0,0,0,0,44
646,1312,9,432,100,0,0,0,0,0,0,0,0,0,48
647,1392,9,405,100,0,0,0,0,0,0,0,0,0,45
648,1544,9,459,100,0,0,0,0,0,0,0,0,0,51
649,1456,9,441,100,0,0,0,0,0,0,0,0,0,49
650,1352,9,432,100,0,0,0,0,0,0,0,0,0,48
651,1116,9,450,100,0,0,0,0,0,0,0,0,0,50
652,1088,9,468,100,0,0,0,0,0,0,0,0,0,52
653,1060,9,459,100,0,0,0,0,0,0,0,0,0,51
654,1068,9,414,100,0,0,0,0,0,0,0,0,0,46
655,1160,9,441,100,0,0,0,0,0,0,0,0,0,49
656,1300,9,432,100,0,0,0,0,0,0,0,0,0,48
657,1256,9,450,100,0,0,0,0,0,0,0,0,0,50
658,1252,9,414,100,0,0,0,0,0,0,0,0,0,46
659,1304,9,450,100,0,0,0,0,0,0,0,0,0,50
660,1388,9,486,100,0,0,0,0,0,0,0,0,0,54
661,1148,9,450,100,0,0,0,0,0,0,0,0,0,50
662,1408,9,468,100,0,0,0,0,0,0,0,0,0,52
663,1248,9,441,100,0,0,0,0,0,0,0,0,0,49
664,1172,9,450,100,0,0,0,0,0,0,0,0,0,50
665,1176,9,459,100,0,0,0,0,0,0,0,0,0,51
666,1164,9,459,100,0,0,0,0,0,0,0,0,0,51
667,1340,9,450,100,0,0,0,0,0,0,0,0,0,50
668,1448,9,459,100,0,0,0,0,0,0,0,0,0,51
669,1136,9,414,100,0,0,0,0,0,0,0,0,0,46
670,1124,9,414,100,0,0,0,0,0,0,0,0,0,46
671,1432,9,414,100,0,0,0,0,0,0,0,0,0,46
672,1388,9,414,100,0,0,0,0,0,0,0,0,0,46
673,1148,9,378,100,0,0,0,0,0,0,0,0,0,42
674,1100,9,396,100,0,0,0,0,0,0,0,0,0,44
675,1052,9,414,100,0,0,0,0,0,0,0,0,0,46
676,1160,9,441,100,0,0,0,0,0,0,0,0,0,49
677,1328,9,441,100,0,0,0,0,0,0,0,0,0,49
678,1344,9,432,100,0,0,0,0,0,0,0,0,0,48
679,1248,9,414,100,0,0,0,0,0,0,0,0,0,46
680,1492,9,441,100,0,0,0,0,0,0,0,0,0,49
681,1676,9,414,100,0,0,0,0,0,0,0,0,0,46
682,1716,9,441,100,0,0,0,0,0,0,0,0,0,49
683,2056,9,450,100,0,0,0,0,0,0,0,0,0,50
684,1532,9,468,100,0,0,0,0,0,0,0,0,0,52
685,1492,9,405,100,0,0,0,0,0,0,0,0,0,45
686,1420,9,360,100,0,0,0,0,0,0,0,0,0,40
687,1216,9,414,100,0,0,0,0,0,0,0,0,0,46
688,1496,9,432,100,0,0,0,0,0,0,0,0,0,48
689,1472,9,432,100,0,0,0,0,0,0,0,0,0,48
690,1504,9,414,100,0,0,0,0,0,0,0,0,0,46
691,1396,9,432,100,0,0,0,0,0,0,0,0,0,48
692,988,9,369,100,0,0,0,0,0,0,0,0,0,41
693,1420,9,414,100,0,0,0,0,0,0,0,0,0,46
694,1220,9,441,100,0,0,0,0,0,0,0,0,0,49
695,1292,9,486,100,0,0,0,0,0,0,0,0,0,54
696,1108,9,441,100,0,0,0,0,0,0,0,0,0,49
697,1100,9,432,100,0,0,0,0,0,0,0,0,0,48
698,1248,9,459,100,0,0,0,0,0,0,0,0,0,51
699,1220,9,468,100,0,0,0,0,0,0,0,0,0,52
700,1240,9,486,100,0,0,0,0,0,0,0,0,0,54
701,1352,9,432,100,0,0,0,0,0,0,0,0,0,48
702,1480,9,423,100,0,0,0,0,0,0,0,0,0,47
703,1336,9,450,100,0,0,0,0,0,0,0,0,0,50
704,1076,9,405,100,0,0,0,0,0,0,0,0,0,45
705,1192,9,432,100,0,0,0,0,0,0,0,0,0,48
706,1040,9,405,100,0,0,0,0,0,0,0,0,0,45
707,1212,9,441,100,0,0,0,0,0,0,0,0,0,49
708,1260,9,441,100,0,0,0,0,0,0,0,0,0,49
709,1024,9,414,100,0,0,0,0,0,0,0,0,0,46
710,1136,9,432,100,0,0,0,0,0,0,0,0,0,48
711,1088,9,423,100,0,0,0,0,0,0,0,0,0,47
712,1132,9,459,100,0,0,0,0,0,0,0,0,0,51
713,884,9,432,100,0,0,0,0,0,0,0,0,0,48
714,1176,9,432,100,0,0,0,0,0,0,0,0,0,48
715,1380,9,486,100,0,0,0,0,0,0,0,0,0,54
716,1112,9,414,100,0,0,0,0,0,0,0,0,0,46
717,1044,9,441,100,0,0,0,0,0,0,0,0,0,49
718,1160,9,477,100,0,0,0,0,0,0,0,0,0,53
719,1180,9,423,100,0,0,0,0,0,0,0,0,0,47
720,1348,9,486,100,0,0,0,0,0,0,0,0,0,54
721,1428,9,450,100,0,0,0,0,0,0,0,0,0,50
722,1212,9,441,100,0,0,0,0,0,0,0,0,0,49
723,1600,9,441,100,0,0,0,0,0,0,0,0,0,49
724,1512,9,459,100,0,0,0,0,0,0,0,0,0,51
725,1456,9,441,100,0,0,0,0,0,0,0,0,0,49
726,1212,9,441,100,0,0,0,0,0,0,0,0,0,49
727,1220,9,441,100,0,0,0,0,0,0,0,0,0,49
728,1584,9,495,100,0,0,0,0,0,0,0,0,0,55
729,1240,9,477,100,0,0,0,0,0,0,0,0,0,53
730,1476,9,495,100,0,0,0,0,0,0,0,0,0,55
731,1596,9,468,100,0,0,0,0,0,0,0,0,0,52
732,1488,9,432,100,0,0,0,0,0,0,0,0,0,48
733,1428,9,441,100,0,0,0,0,0,0,0,0,0,49
734,1944,9,477,100,0,0,0,0,0,0,0,0,0,53
735,1832,9,450,100,0,0,0,0,0,0,0,0,0,50
736,1808,9,432,100,0,0,0,0,0,0,0,0,0,48
737,2064,9,450,100,0,0,0,0,0,0,0,0,0,50
738,2420,9,423,100,0,0,0,0,0,0,0,0,0,47
739,2236,9,387,100,0,0,0,0,0,0,0,0,0,43
740,1676,9,396,100,0,0,0,0,0,0,0,0,0,44
741,1708,9,441,100,0,0,0,0,0,0,0,0,0,49
742,1380,9,450,100,0,0,0,0,0,0,0,0,0,50
743,1404,9,459,100,0,0,0,0,0,0,0,0,0,51
744,1412,9,450,100,0,0,0,0,0,0,0,0,0,50
745,1916,9,522,100,0,0,0,0,0,0,0,0,0,58
746,1624,9,423,100,0,0,0,0,0,0,0,0,0,47
747,1760,9,477,100,0,0,0,0,0,0,0,0,0,53
748,1708,9,423,100,0,0,0,0,0,0,0,0,0,47
749,1520,9,414,100,0,0,0,0,0,0,0,0,0,46
750,1972,9,450,100,0,0,0,0,0,0,0,0,0,50
751,1896,9,459,100,0,0,0,0,0,0,0,0,0,51
752,1992,9,459,100,0,0,0,0,0,0,0,0,0,51
753,2052,9,468,100,0,0,0,0,0,0,0,0,0,52
754,1820,9,432,100,0,0,0,0,0,0,0,0,0,48
755,1432,9,423,100,0,0,0,0,0,0,0,0,0,47
756,1416,9,432,100,0,0,0,0,0,0,0,0,0,48
757,1556,9,459,100,0,0,0,0,0,0,0,0,0,51
758,1696,9,468,100,0,0,0,0,0,0,0,0,0,52
759,1484,9,459,100,0,0,0,0,0,0,0,0,0,51
760,1012,9,405,100,0,0,0,0,0,0,0,0,0,45
761,1180,9,423,100,0,0,0,0,0,0,0,0,0,47
762,1380,9,432,100,0,0,0,0,0,0,0,0,0,48
763,1368,9,414,100,0,0,0,0,0,0,0,0,0,46
764,1508,9,405,100,0,0,0,0,0,0,0,0,0,45
765,1536,9,423,100,0,0,0,0,0,0,0,0,0,47
766,1404,9,405,100,0,0,0,0,0,0,0,0,0,45
767,1600,9,423,100,0,0,0,0,0,0,0,0,0,47
768,1644,9,504,100,0,0,0,0,0,0,0,0,0,56
769,1596,9,513,100,0,0,0,0,0,0,0,0,0,57
770,1136,9,414,100,0,0,0,0,0,0,0,0,0,46
771,1296,9,504,100,0,0,0,0,0,0,0,0,0,56
772,1200,9,468,100,0,0,0,0,0,0,0,0,0,52
773,1148,9,459,100,0,0,0,0,0,0,0,0,0,51
774,1084,9,432,100,0,0,0,0,0,0,0,0,0,48
775,1128,9,459,100,0,0,0,0,0,0,0,0,0,51
776,1180,9,468,100,0,0,0,0,0,0,0,0,0,52
777,1080,9,450,100,0,0,0,0,0,0,0,0,0,50
778,1200,9,477,100,0,0,0,0,0,0,0,0,0,53
779,1200,9,459,100,0,0,0,0,0,0,0,0,0,51
780,1176,9,450,100,0,0,0,0,0,0,0,0,0,50
781,1232,9,477,100,0,0,0,0,0,0,0,0,0,53
782,1036,9,495,100,0,0,0,0,0,0,0,0,0,55
783,1240,9,486,100,0,0,0,0,0,0,0,0,0,54
784,1340,9,468,100,0,0,0,0,0,0,0,0,0,52
785,1088,9,432,100,0,0,0,0,0,0,0,0,0,48
786,1100,9,459,100,0,0,0,0,0,0,0,0,0,51
787,1344,9,441,100,0,0,0,0,0,0,0,0,0,49
788,1200,9,441,100,0,0,0,0,0,0,0,0,0,49
789,1312,9,459,100,0,0,0,0,0,0,0,0,0,51
790,1220,9,423,100,0,0,0,0,0,0,0,0,0,47
791,1336,9,450,100,0,0,0,0,0,0,0,0,0,50
792,1432,9,459,100,0,0,0,0,0,0,0,0,0,51
793,1536,9,459,100,0,0,0,0,0,0,0,0,0,51
794,1224,9,495,100,0,0,0,0,0,0,0,0,0,55
795,1184,9,495,100,0,0,0,0,0,0,0,0,0,55
796,1260,9,468,100,0,0,0,0,0,0,0,0,0,52
797,1460,9,450,100,0,0,0,0,0,0,0,0,0,50
798,1456,9,486,100,0,0,0,0,0,0,0,0,0,54
799,1736,9,468,100,0,0,0,0,0,0,0,0,0,52
800,1500,9,423,100,0,0,0,0,0,0,0,0,0,47
801,1900,9,450,100,0,0,0,0,0,0,0,0,0,50
802,1868,9,423,100,0,0,0,0,0,0,0,0,0,47
803,1488,9,414,100,0,0,0,0,0,0,0,0,0,46
804,1724,9,459,100,0,0,0,0,0,0,0,0,0,51
805,1496,9,477,100,0,0,0,0,0,0,0,0,0,53
806,1972,9,468,100,0,0,0,0,0,0,0,0,0,52
807,1668,9,441,100,0,0,0,0,0,0,0,0,0,49
808,1720,9,441,100,0,0,0,0,0,0,0,0,0,49
809,1960,9,459,100,0,0,0,0,0,0,0,0,0,51
810,2160,9,459,100,0,0,0,0,0,0,0,0,0,51
811,1960,9,432,100,0,0,0,0,0,0,0,0,0,48
812,1856,9,423,100,0,0,0,0,0,0,0,0,0,47
813,1852,9,468,100,0,0,0,0,0,0,0,0,0,52
814,1664,9,513,100,0,0,0,0,0,0,0,0,0,57
815,1484,9,477,100,0,0,0,0,0,0,0,0,0,53
816,1180,9,432,100,0,0,0,0,0,0,0,0,0,48
817,1552,9,459,100,0,0,0,0,0,0,0,0,0,51
818,1540,9,459,100,0,0,0,0,0,0,0,0,0,51
819,1268,9,477,100,0,0,0,0,0,0,0,0,0,53
820,1460,9,477,100,0,0,0,0,0,0,0,0,0,53
821,1276,9,450,100,0,0,0,0,0,0,0,0,0,50
822,1448,9,450,100,0,0,0,0,0,0,0,0,0,50
823,1500,9,468,100,0,0,0,0,0,0,0,0,0,52
824,1464,9,468,100,0,0,0,0,0,0,0,0,0,52
825,1192,9,405,100,0,0,0,0,0,0,0,0,0,45
826,1660,9,450,100,0,0,0,0,0,0,0,0,0,50
827,1536,9,396,100,0,0,0,0,0,0,0,0,0,44
828,1308,9,414,100,0,0,0,0,0,0,0,0,0,46
829,1460,9,459,100,0,0,0,0,0,0,0,0,0,51
830,1720,9,468,100,0,0,0,0,0,0,0,0,0,52
831,1744,9,432,100,0,0,0,0,0,0,0,0,0,48
832,2024,9,450,100,0,0,0,0,0,0,0,0,0,50
833,1664,9,459,100,0,0,0,0,0,0,0,0,0,51
834,1492,9,486,100,0,0,0,0,0,0,0,0,0,54
835,1596,9,468,100,0,0,0,0,0,0,0,0,0,52
836,1592,9,495,100,0,0,0,0,0,0,0,0,0,55
837,1476,9,450,100,0,0,0,0,0,0,0,0,0,50
838,1668,9,432,100,0,0,0,0,0,0,0,0,0,48
839,1768,9,423,100,0,0,0,0,0,0,0,0,0,47
840,1568,9,432,100,0,0,0,0,0,0,0,0,0,48
841,1584,9,468,100,0,0,0,0,0,0,0,0,0,52
842,1404,9,459,100,0,0,0,0,0,0,0,0,0,51
843,1360,9,441,100,0,0,0,0,0,0,0,0,0,49
844,1612,9,441,100,0,0,0,0,0,0,0,0,0,49
845,2020,9,459,100,0,0,0,0,0,0,0,0,0,51
846,1972,9,441,100,0,0,0,0,0,0,0,0,0,49
847,1924,9,423,100,0,0,0,0,0,0,0,0,0,47
848,2080,9,441,100,0,0,0,0,0,0,0,0,0,49
849,1916,9,423,100,0,0,0,0,0,0,0,0,0,47
850,1856,9,414,100,0,0,0,0,0,0,0,0,0,46
851,2132,9,468,100,0,0,0,0,0,0,0,0,0,52
852,1880,9,459,100,0,0,0,0,0,0,0,0,0,51
853,1648,9,405,100,0,0,0,0,0,0,0,0,0,45
854,1700,9,450,100,0,0,0,0,0,0,0,0,0,50
855,1840,9,450,100,0,0,0,0,0,0,0,0,0,50
856,1328,9,414,100,0,0,0,0,0,0,0,0,0,46
857,1488,9,450,100,0,0,0,0,0,0,0,0,0,50
858,1588,9,432,100,0,0,0,0,0,0,0,0,0,48
859,1448,9,459,100,0,0,0,0,0,0,0,0,0,51
860,1676,9,468,100,0,0,0,0,0,0,0,0,0,52
861,2028,9,504,100,0,0,0,0,0,0,0,0,0,56
862,1712,9,441,100,0,0,0,0,0,0,0,0,0,49
863,1928,9,486,100,0,0,0,0,0,0,0,0,0,54
864,2220,9,432,100,0,0,0,0,0,0,0,0,0,48
865,2200,9,423,100,0,0,0,0,0,0,0,0,0,47
866,2504,9,441,100,0,0,0,0,0,0,0,0,0,49
867,2076,9,450,100,0,0,0,0,0,0,0,0,0,50
868,1992,9,432,100,0,0,0,0,0,0,0,0,0,48
869,2280,9,405,100,0,0,0,0,0,0,0,0,0,45
870,1920,9,396,100,0,0,0,0,0,0,0,0,0,44
871,2220,9,405,100,0,0,0,0,0,0,0,0,0,45
872,2368,9,441,100,0,0,0,0,0,0,0,0,0,49
873,2660,9,477,100,0,0,0,0,0,0,0,0,0,53
874,2148,9,468,100,0,0,0,0,0,0,0,0,0,52
875,1908,9,459,100,0,0,0,0,0,0,0,0,0,51
876,1760,9,441,100,0,0,0,0,0,0,0,0,0,49
877,1356,9,405,100,0,0,0,0,0,0,0,0,0,45
878,1480,9,405,100,0,0,0,0,0,0,0,0,0,45
879,1592,9,450,100,0,0,0,0,0,0,0,0,0,50
880,1844,9,486,100,0,0,0,0,0,0,0,0,0,54
881,1744,9,459,100,0,0,0,0,0,0,0,0,0,51
882,1836,9,477,100,0,0,0,0,0,0,0,0,0,53
883,1220,9,432,100,0,0,0,0,0,0,0,0,0,48
884,1652,9,477,100,0,0,0,0,0,0,0,0,0,53
885,1308,9,432,100,0,0,0,0,0,0,0,0,0,48
886,1484,9,405,100,0,0,0,0,0,0,0,0,0,45
887,1544,9,459,100,0,0,0,0,0,0,0,0,0,51
888,1592,9,459,100,0,0,0,0,0,0,0,0,0,51
889,1784,9,450,100,0,0,0,0,0,0,0,0,0,50
890,1452,9,441,100,0,0,0,0,0,0,0,0,0,49
891,1344,9,432,100,0,0,0,0,0,0,0,0,0,48
892,1324,9,459,100,0,0,0,0,0,0,0,0,0,51
893,1420,9,459,100,0,0,0,0,0,0,0,0,0,51
894,1520,9,477,100,0,0,0,0,0,0,0,0,0,53
895,1436,9,486,100,0,0,0,0,0,0,0,0,0,54
896,1236,9,441,100,0,0,0,0,0,0,0,0,0,49
897,1144,9,441,100,0,0,0,0,0,0,0,0,0,49
898,1528,9,468,100,0,0,0,0,0,0,0,0,0,52
899,1092,9,414,100,0,0,0,0,0,0,0,0,0,46
900,1096,9,459,100,0,0,0,0,0,0,0,0,0,51
901,1064,9,450,100,0,0,0,0,0,0,0,0,0,50
902,1388,9,459,100,0,0,0,0,0,0,0,0,0,51
903,1320,9,495,100,0,0,0,0,0,0,0,0,0,55
904,1060,9,468,100,0,0,0,0,0,0,0,0,0,52
905,1056,9,468,100,0,0,0,0,0,0,0,0,0,52
906,1252,9,477,100,0,0,0,0,0,0,0,0,0,53
907,1428,9,495,100,0,0,0,0,0,0,0,0,0,55
908,1236,9,459,100,0,0,0,0,0,0,0,0,0,51
909,1440,9,432,100,0,0,0,0,0,0,0,0,0,48
910,1308,9,432,100,0,0,0,0,0,0,0,0,0,48
911,1240,9,459,100,0,0,0,0,0,0,0,0,0,51
912,1468,9,477,100,0,0,0,0,0,0,0,0,0,53
913,1516,9,504,100,0,0,0,0,0,0,0,0,0,56
914,1204,9,459,100,0,0,0,0,0,0,0,0,0,51
915,1232,9,441,100,0,0,0,0,0,0,0,0,0,49
916,1380,9,459,100,0,0,0,0,0,0,0,0,0,51
917,1300,9,468,100,0,0,0,0,0,0,0,0,0,52
918,1332,9,450,100,0,0,0,0,0,0,0,0,0,50
919,1484,9,495,100,0,0,0,0,0,0,0,0,0,55
920,1568,9,477,100,0,0,0,0,0,0,0,0,0,53
921,1580,9,450,100,0,0,0,0,0,0,0,0,0,50
922,1848,9,477,100,0,0,0,0,0,0,0,0,0,53
923,1952,9,441,100,0,0,0,0,0,0,0,0,0,49
924,2280,9,495,100,0,0,0,0,0,0,0,0,0,55
925,1960,9,468,100,0,0,0,0,0,0,0,0,0,52
926,2020,9,459,100,0,0,0,0,0,0,0,0,0,51
927,2296,9,459,100,0,0,0,0,0,0,0,0,0,51
928,1492,9,396,100,0,0,0,0,0,0,0,0,0,44
929,1692,9,414,100,0,0,0,0,0,0,0,0,0,46
930,2008,9,423,100,0,0,0,0,0,0,0,0,0,47
931,1960,9,441,100,0,0,0,0,0,0,0,0,0,49
932,2160,9,459,100,0,0,0,0,0,0,0,0,0,51
933,1632,9,450,100,0,0,0,0,0,0,0,0,0,50
934,1484,9,450,100,0,0,0,0,0,0,0,0,0,50
935,1480,9,405,100,0,0,0,0,0,0,0,0,0,45
936,1232,9,423,100,0,0,0,0,0,0,0,0,0,47
937,1188,9,432,100,0,0,0,0,0,0,0,0,0,48
938,1184,9,405,100,0,0,0,0,0,0,0,0,0,45
939,1212,9,423,100,0,0,0,0,0,0,0,0,0,47
940,1052,9,414,100,0,0,0,0,0,0,0,0,0,46
941,1512,9,414,100,0,0,0,0,0,0,0,0,0,46
942,1456,9,423,100,0,0,0,0,0,0,0,0,0,47
943,1320,9,423,100,0,0,0,0,0,0,0,0,0,47
944,1084,9,405,100,0,0,0,0,0,0,0,0,0,45
945,1132,9,414,100,0,0,0,0,0,0,0,0,0,46
946,1076,9,405,100,0,0,0,0,0,0,0,0,0,45
947,1192,9,432,100,0,0,0,0,0,0,0,0,0,48
948,1100,9,414,100,0,0,0,0,0,0,0,0,0,46
949,1132,9,423,100,0,0,0,0,0,0,0,0,0,47
950,1072,9,459,100,0,0,0,0,0,0,0,0,0,51
951,1024,9,495,100,0,0,0,0,0,0,0,0,0,55
952,1304,9,468,100,0,0,0,0,0,0,0,0,0,52
953,1288,9,432,100,0,0,0,0,0,0,0,0,0,48
954,1228,9,423,100,0,0,0,0,0,0,0,0,0,47
955,1184,9,405,100,0,0,0,0,0,0,0,0,0,45
956,1048,9,423,100,0,0,0,0,0,0,0,0,0,47
957,1116,9,441,100,0,0,0,0,0,0,0,0,0,49
958,1456,9,423,100,0,0,0,0,0,0,0,0,0,47
959,1344,9,405,100,0,0,0,0,0,0,0,0,0,45
960,1524,9,441,100,0,0,0,0,0,0,0,0,0,49
961,1184,9,414,100,0,0,0,0,0,0,0,0,0,46
962,1476,9,468,100,0,0,0,0,0,0,0,0,0,52
963,1392,9,432,100,0,0,0,0,0,0,0,0,0,48
964,1404,9,441,100,0,0,0,0,0,0,0,0,0,49
965,1320,9,423,100,0,0,0,0,0,0,0,0,0,47
966,1236,9,414,100,0,0,0,0,0,0,0,0,0,46
967,1140,9,423,100,0,0,0,0,0,0,0,0,0,47
968,1144,9,423,100,0,0,0,0,0,0,0,0,0,47
969,992,9,432,100,0,0,0,0,0,0,0,0,0,48
970,1152,9,423,100,0,0,0,0,0,0,0,0,0,47
971,968,9,414,100,0,0,0,0,0,0,0,0,0,46
972,964,9,432,100,0,0,0,0,0,0,0,0,0,48
973,948,9,441,100,0,0,0,0,0,0,0,0,0,49
974,956,9,432,100,0,0,0,0,0,0,0,0,0,48
975,876,9,405,100,0,0,0,0,0,0,0,0,0,45
976,1060,9,432,100,0,0,0,0,0,0,0,0,0,48
977,1204,9,486,100,0,0,0,0,0,0,0,0,0,54
978,1056,9,486,100,0,0,0,0,0,0,0,0,0,54
979,1004,9,477,100,0,0,0,0,0,0,0,0,0,53
980,996,9,459,100,0,0,0,0,0,0,0,0,0,51
981,1120,9,468,100,0,0,0,0,0,0,0,0,0,52
982,1236,9,459,100,0,0,0,0,0,0,0,0,0,51
983,1260,9,459,100,0,0,0,0,0,0,0,0,0,51
984,1292,9,423,100,0,0,0,0,0,0,0,0,0,47
985,1360,9,432,100,0,0,0,0,0,0,0,0,0,48
986,1472,9,450,100,0,0,0,0,0,0,0,0,0,50
987,1400,9,396,100,0,0,0,0,0,0,0,0,0,44
988,1516,9,450,100,0,0,0,0,0,0,0,0,0,50
989,1556,9,477,100,0,0,0,0,0,0,0,0,0,53
990,1144,9,396,100,0,0,0,0,0,0,0,0,0,44
991,1064,9,414,100,0,0,0,0,0,0,0,0,0,46
992,1088,9,414,100,0,0,0,0,0,0,0,0,0,46
993,1220,9,450,100,0,0,0,0,0,0,0,0,0,50
994,1288,9,477,100,0,0,0,0,0,0,0,0,0,53
995,1324,9,477,100,0,0,0,0,0,0,0,0,0,53
996,1284,9,423,100,0,0,0,0,0,0,0,0,0,47
997,1204,9,432,100,0,0,0,0,0,0,0,0,0,48
998,1220,9,396,100,0,0,0,0,0,0,0,0,0,44
999,1288,9,441,100,0,0,0,0,0,0,0,0,0,49
