update,points,mean_tasks,total_tasks,total_orgs,task_0,task_1,task_2,task_3,task_4,task_5,task_6,task_7,task_8,task_9
0,0,nan,0,8,0,0,0,0,0,0,0,0,0,0
1,0,nan,0,8,0,0,0,0,0,0,0,0,0,0
2,44,9,9,9,0,0,0,0,0,0,0,0,0,1
3,24,9,9,10,0,0,0,0,0,0,0,0,0,1
4,48,9,18,11,0,0,0,0,0,0,0,0,0,2
5,28,9,18,12,0,0,0,0,0,0,0,0,0,2
6,96,9,36,14,0,0,0,0,0,0,0,0,0,4
7,56,9,36,16,0,0,0,0,0,0,0,0,0,4
8,60,9,45,17,0,0,0,0,0,0,0,0,0,5
9,40,9,45,17,0,0,0,0,0,0,0,0,0,5
10,64,9,54,19,0,0,0,0,0,0,0,0,0,6
11,192,9,54,20,0,0,0,0,0,0,0,0,0,6
12,220,9,72,22,0,0,0,0,0,0,0,0,0,8
13,192,9,72,24,0,0,0,0,0,0,0,0,0,8
14,136,9,81,26,0,0,0,0,0,0,0,0,0,9
15,220,9,90,28,0,0,0,0,0,0,0,0,0,10
16,192,9,81,29,0,0,0,0,0,0,0,0,0,9
17,396,9,126,32,0,0,0,0,0,0,0,0,0,14
18,444,9,126,34,0,0,0,0,0,0,0,0,0,14
19,536,9,153,36,0,0,0,0,0,0,0,0,0,17
20,640,9,126,39,0,0,0,0,0,0,0,0,0,14
21,960,9,144,41,0,0,0,0,0,0,0,0,0,16
22,1160,9,180,47,0,0,0,0,0,0,0,0,0,20
23,924,9,153,50,0,0,0,0,0,0,0,0,0,17
24,988,9,153,51,0,0,0,0,0,0,0,0,0,17
25,1012,9,144,52,0,0,0,0,0,0,0,0,0,16
26,500,9,162,54,0,0,0,0,0,0,0,0,0,18
27,800,9,180,59,0,0,0,0,0,0,0,0,0,20
28,632,9,198,62,0,0,0,0,0,0,0,0,0,22
29,944,9,243,65,0,0,0,0,0,0,0,0,0,27
30,912,9,243,72,0,0,0,0,0,0,0,0,0,27
31,860,9,261,74,0,0,0,0,0,0,0,0,0,29
32,968,9,261,76,0,0,0,0,0,0,0,0,0,29
33,1192,9,279,78,0,0,0,0,0,0,0,0,0,31
34,1392,9,306,81,0,0,0,0,0,0,0,0,0,34
35,1456,9,315,83,0,0,0,0,0,0,0,0,0,35
36,1488,9,297,84,0,0,0,0,0,0,0,0,0,33
37,1652,9,342,85,0,0,0,0,0,0,0,0,0,38
38,1032,9,333,89,0,0,0,0,0,0,0,0,0,37
39,1128,9,315,90,0,0,0,0,0,0,0,0,0,35
40,1180,9,351,92,0,0,0,0,0,0,0,0,0,39
41,1184,9,351,94,0,0,0,0,0,0,0,0,0,39
42,1168,9,351,95,0,0,0,0,0,0,0,0,0,39
43,1204,9,369,96,0,0,0,0,0,0,0,0,0,41
44,1408,9,378,99,0,0,0,0,0,0,0,0,0,42
45,1772,9,405,100,0,0,0,0,0,0,0,0,0,45
46,1620,9,378,100,0,0,0,0,0,0,0,0,0,42
47,1896,9,360,100,0,0,0,0,0,0,0,0,0,40
48,1996,9,369,100,0,0,0,0,0,0,0,0,0,41
49,2128,9,369,100,0,0,0,0,0,0,0,0,0,41
50,1460,9,360,100,0,0,0,0,0,0,0,0,0,40
51,1688,9,396,100,0,0,0,0,0,0,0,0,0,44
52,1592,9,369,100,0,0,0,0,0,0,0,0,0,41
53,1720,9,396,100,0,0,0,0,0,0,0,0,0,44
54,1616,9,423,100,0,0,0,0,0,0,0,0,0,47
55,1512,9,414,100,0,0,0,0,0,0,0,0,0,46
56,1612,9,459,100,0,0,0,0,0,0,0,0,0,51
57,1508,9,423,100,0,0,0,0,0,0,0,0,0,47
58,1272,9,405,100,0,0,0,0,0,0,0,0,0,45
59,1588,9,405,100,0,0,0,0,0,0,0,0,0,45
60,1876,9,423,100,0,0,0,0,0,0,0,0,0,47
61,1692,9,432,100,0,0,0,0,0,0,0,0,0,48
62,1712,9,441,100,0,0,0,0,0,0,0,0,0,49
63,1384,9,405,100,0,0,0,0,0,0,0,0,0,45
64,1328,9,432,100,0,0,0,0,0,0,0,0,0,48
65,1340,9,414,100,0,0,0,0,0,0,0,0,0,46
66,1316,9,432,100,0,0,0,0,0,0,0,0,0,48
67,1172,9,423,100,0,0,0,0,0,0,0,0,0,47
68,1648,9,459,100,0,0,0,0,0,0,0,0,0,51
69,1512,9,459,100,0,0,0,0,0,0,0,0,0,51
70,1784,9,459,100,0,0,0,0,0,0,0,0,0,51
71,1648,9,423,100,0,0,0,0,0,0,0,0,0,47
72,1672,9,423,100,0,0,0,0,0,0,0,0,0,47
73,1548,9,432,100,0,0,0,0,0,0,0,0,0,48
74,1840,9,450,100,0,0,0,0,0,0,0,0,0,50
75,1680,9,459,100,0,0,0,0,0,0,0,0,0,51
76,1764,9,441,100,0,0,0,0,0,0,0,0,0,49
77,1584,9,441,100,0,0,0,0,0,0,0,0,0,49
78,1688,9,459,100,0,0,0,0,0,0,0,0,0,51
79,1800,9,459,100,0,0,0,0,0,0,0,0,0,51
80,1956,9,450,100,0,0,0,0,0,0,0,0,0,50
81,2164,9,459,100,0,0,0,0,0,0,0,0,0,51
82,1668,9,459,100,0,0,0,0,0,0,0,0,0,51
83,1512,9,414,100,0,0,0,0,0,0,0,0,0,46
84,1600,9,423,100,0,0,0,0,0,0,0,0,0,47
85,1780,9,450,100,0,0,0,0,0,0,0,0,0,50
86,1320,9,432,100,0,0,0,0,0,0,0,0,0,48
87,1624,9,468,100,0,0,0,0,0,0,0,0,0,52
88,1396,9,450,100,0,0,0,0,0,0,0,0,0,50
89,1356,9,468,100,0,0,0,0,0,0,0,0,0,52
90,1436,9,432,100,0,0,0,0,0,0,0,0,0,48
91,1668,9,459,100,0,0,0,0,0,0,0,0,0,51
92,1592,9,405,100,0,0,0,0,0,0,0,0,0,45
93,1724,9,432,100,0,0,0,0,0,0,0,0,0,48
94,1640,9,414,100,0,0,0,0,0,0,0,0,0,46
95,1936,9,378,100,0,0,0,0,0,0,0,0,0,42
96,2492,9,414,100,0,0,0,0,0,0,0,0,0,46
97,2572,9,441,100,0,0,0,0,0,0,0,0,0,49
98,2032,9,432,100,0,0,0,0,0,0,0,0,0,48
99,1732,9,441,100,0,0,0,0,0,0,0,0,0,49
100,1732,9,441,100,0,0,0,0,0,0,0,0,0,49
101,1916,9,468,100,0,0,0,0,0,0,0,0,0,52
102,2356,9,477,100,0,0,0,0,0,0,0,0,0,53
103,1756,9,459,100,0,0,0,0,0,0,0,0,0,51
104,1888,9,477,100,0,0,0,0,0,0,0,0,0,53
105,1356,9,423,100,0,0,0,0,0,0,0,0,0,47
106,1644,9,405,100,0,0,0,0,0,0,0,0,0,45
107,1920,9,459,100,0,0,0,0,0,0,0,0,0,51
108,1628,9,459,100,0,0,0,0,0,0,0,0,0,51
109,1776,9,459,100,0,0,0,0,0,0,0,0,0,51
110,1796,9,414,100,0,0,0,0,0,0,0,0,0,46
111,2032,9,405,100,0,0,0,0,0,0,0,0,0,45
112,1528,9,369,100,0,0,0,0,0,0,0,0,0,41
113,1756,9,441,100,0,0,0,0,0,0,0,0,0,49
114,1840,9,432,100,0,0,0,0,0,0,0,0,0,48
115,1684,9,423,100,0,0,0,0,0,0,0,0,0,47
116,1564,9,459,100,0,0,0,0,0,0,0,0,0,51
117,1884,9,441,100,0,0,0,0,0,0,0,0,0,49
118,1600,9,441,100,0,0,0,0,0,0,0,0,0,49
119,1928,9,468,100,0,0,0,0,0,0,0,0,0,52
120,1896,9,468,100,0,0,0,0,0,0,0,0,0,52
121,2048,9,459,100,0,0,0,0,0,0,0,0,0,51
122,1540,9,441,100,0,0,0,0,0,0,0,0,0,49
123,1968,9,450,100,0,0,0,0,0,0,0,0,0,50
124,1832,9,486,100,0,0,0,0,0,0,0,0,0,54
125,1788,9,486,100,0,0,0,0,0,0,0,0,0,54
126,1668,9,450,100,0,0,0,0,0,0,0,0,0,50
127,1896,9,486,100,0,0,0,0,0,0,0,0,0,54
128,2000,9,477,100,0,0,0,0,0,0,0,0,0,53
129,1972,9,441,100,0,0,0,0,0,0,0,0,0,49
130,2348,9,450,100,0,0,0,0,0,0,0,0,0,50
131,1464,9,432,100,0,0,0,0,0,0,0,0,0,48
132,1428,9,414,100,0,0,0,0,0,0,0,0,0,46
133,1500,9,396,100,0,0,0,0,0,0,0,0,0,44
134,1744,9,396,100,0,0,0,0,0,0,0,0,0,44
135,1200,9,387,100,0,0,0,0,0,0,0,0,0,43
136,1488,9,405,100,0,0,0,0,0,0,0,0,0,45
137,1424,9,441,100,0,0,0,0,0,0,0,0,0,49
138,1544,9,459,100,0,0,0,0,0,0,0,0,0,51
139,1592,9,477,100,0,0,0,0,0,0,0,0,0,53
140,1368,9,423,100,0,0,0,0,0,0,0,0,0,47
141,1496,9,423,100,0,0,0,0,0,0,0,0,0,47
142,1428,9,432,100,0,0,0,0,0,0,0,0,0,48
143,1412,9,405,100,0,0,0,0,0,0,0,0,0,45
144,1412,9,414,100,0,0,0,0,0,0,0,0,0,46
145,1264,9,432,100,0,0,0,0,0,0,0,0,0,48
146,1388,9,468,100,0,0,0,0,0,0,0,0,0,52
147,1212,9,405,100,0,0,0,0,0,0,0,0,0,45
148,1464,9,450,100,0,0,0,0,0,0,0,0,0,50
149,1268,9,459,100,0,0,0,0,0,0,0,0,0,51
150,1260,9,432,100,0,0,0,0,0,0,0,0,0,48
151,1256,9,414,100,0,0,0,0,0,0,0,0,0,46
152,1412,9,405,100,0,0,0,0,0,0,0,0,0,45
153,1120,9,405,100,0,0,0,0,0,0,0,0,0,45
154,1076,9,387,100,0,0,0,0,0,0,0,0,0,43
155,1344,9,414,100,0,0,0,0,0,0,0,0,0,46
156,1320,9,396,100,0,0,0,0,0,0,0,0,0,44
157,1316,9,423,100,0,0,0,0,0,0,0,0,0,47
158,1432,9,432,100,0,0,0,0,0,0,0,0,0,48
159,1396,9,423,100,0,0,0,0,0,0,0,0,0,47
160,1604,9,486,100,0,0,0,0,0,0,0,0,0,54
161,1584,9,486,100,0,0,0,0,0,0,0,0,0,54
162,1500,9,468,100,0,0,0,0,0,0,0,0,0,52
163,1388,9,468,100,0,0,0,0,0,0,0,0,0,52
164,1396,9,414,100,0,0,0,0,0,0,0,0,0,46
165,1284,9,423,100,0,0,0,0,0,0,0,0,0,47
166,1244,9,441,100,0,0,0,0,0,0,0,0,0,49
167,1224,9,414,100,0,0,0,0,0,0,0,0,0,46
168,1476,9,450,100,0,0,0,0,0,0,0,0,0,50
169,1176,9,396,100,0,0,0,0,0,0,0,0,0,44
170,1540,9,441,100,0,0,0,0,0,0,0,0,0,49
171,1412,9,414,100,0,0,0,0,0,0,0,0,0,46
172,1300,9,432,100,0,0,0,0,0,0,0,0,0,48
173,1272,9,468,100,0,0,0,0,0,0,0,0,0,52
174,1360,9,441,100,0,0,0,0,0,0,0,0,0,49
175,1260,9,423,100,0,0,0,0,0,0,0,0,0,47
176,1332,9,441,100,0,0,0,0,0,0,0,0,0,49
177,1316,9,495,100,0,0,0,0,0,0,0,0,0,55
178,1584,9,432,100,0,0,0,0,0,0,0,0,0,48
179,1376,9,423,100,0,0,0,0,0,0,0,0,0,47
180,1340,9,369,100,0,0,0,0,0,0,0,0,0,41
181,1452,9,405,100,0,0,0,0,0,0,0,0,0,45
182,1196,9,405,100,0,0,0,0,0,0,0,0,0,45
183,1444,9,441,100,0,0,0,0,0,0,0,0,0,49
184,1304,9,378,100,0,0,0,0,0,0,0,0,0,42
185,1580,9,423,100,0,0,0,0,0,0,0,0,0,47
186,1340,9,387,100,0,0,0,0,0,0,0,0,0,43
187,1404,9,414,100,0,0,0,0,0,0,0,0,0,46
188,1268,9,396,100,0,0,0,0,0,0,0,0,0,44
189,1448,9,396,100,0,0,0,0,0,0,0,0,0,44
190,1544,9,423,100,0,0,0,0,0,0,0,0,0,47
191,1468,9,459,100,0,0,0,0,0,0,0,0,0,51
192,1256,9,450,100,0,0,0,0,0,0,0,0,0,50
193,1532,9,477,100,0,0,0,0,0,0,0,0,0,53
194,1328,9,441,100,0,0,0,0,0,0,0,0,0,49
195,1332,9,423,100,0,0,0,0,0,0,0,0,0,47
196,1408,9,414,100,0,0,0,0,0,0,0,0,0,46
197,1288,9,405,100,0,0,0,0,0,0,0,0,0,45
198,1176,9,405,100,0,0,0,0,0,0,0,0,0,45
199,1460,9,432,100,0,0,0,0,0,0,0,0,0,48
200,1476,9,441,100,0,0,0,0,0,0,0,0,0,49
201,1420,9,450,100,0,0,0,0,0,0,0,0,0,50
202,1568,9,441,100,0,0,0,0,0,0,0,0,0,49
203,1392,9,432,100,0,0,0,0,0,0,0,0,0,48
204,1436,9,468,100,0,0,0,0,0,0,0,0,0,52
205,1204,9,441,100,0,0,0,0,0,0,0,0,0,49
206,1456,9,468,100,0,0,0,0,0,0,0,0,0,52
207,1496,9,423,100,0,0,0,0,0,0,0,0,0,47
208,1968,9,441,100,0,0,0,0,0,0,0,0,0,49
209,2484,9,441,100,0,0,0,0,0,0,0,0,0,49
210,2372,9,414,100,0,0,0,0,0,0,0,0,0,46
211,2928,9,396,100,0,0,0,0,0,0,0,0,0,44
212,2960,9,414,100,0,0,0,0,0,0,0,0,0,46
213,2720,9,369,100,0,0,0,0,0,0,0,0,0,41
214,3056,9,378,100,0,0,0,0,0,0,0,0,0,42
215,2816,9,360,100,0,0,0,0,0,0,0,0,0,40
216,1944,9,360,100,0,0,0,0,0,0,0,0,0,40
217,2284,9,369,100,0,0,0,0,0,0,0,0,0,41
218,2044,9,360,100,0,0,0,0,0,0,0,0,0,40
219,1452,9,405,100,0,0,0,0,0,0,0,0,0,45
220,1652,9,441,100,0,0,0,0,0,0,0,0,0,49
221,1196,9,387,100,0,0,0,0,0,0,0,0,0,43
222,1180,9,387,100,0,0,0,0,0,0,0,0,0,43
223,1276,9,432,100,0,0,0,0,0,0,0,0,0,48
224,1232,9,405,100,0,0,0,0,0,0,0,0,0,45
225,1112,9,432,100,0,0,0,0,0,0,0,0,0,48
226,940,9,378,100,0,0,0,0,0,0,0,0,0,42
227,1104,9,423,100,0,0,0,0,0,0,0,0,0,47
228,972,9,396,100,0,0,0,0,0,0,0,0,0,44
229,1188,9,432,100,0,0,0,0,0,0,0,0,0,48
230,1056,9,423,100,0,0,0,0,0,0,0,0,0,47
231,1228,9,450,100,0,0,0,0,0,0,0,0,0,50
232,1084,9,450,100,0,0,0,0,0,0,0,0,0,50
233,1140,9,459,100,0,0,0,0,0,0,0,0,0,51
234,1028,9,423,100,0,0,0,0,0,0,0,0,0,47
235,1232,9,450,100,0,0,0,0,0,0,0,0,0,50
236,1224,9,477,100,0,0,0,0,0,0,0,0,0,53
237,1200,9,477,100,0,0,0,0,0,0,0,0,0,53
238,1160,9,441,100,0,0,0,0,0,0,0,0,0,49
239,1204,9,396,100,0,0,0,0,0,0,0,0,0,44
240,1368,9,414,100,0,0,0,0,0,0,0,0,0,46
241,1760,9,459,100,0,0,0,0,0,0,0,0,0,51
242,1596,9,468,100,0,0,0,0,0,0,0,0,0,52
243,1508,9,486,100,0,0,0,0,0,0,0,0,0,54
244,1524,9,468,100,0,0,0,0,0,0,0,0,0,52
245,1404,9,432,100,0,0,0,0,0,0,0,0,0,48
246,1636,9,459,100,0,0,0,0,0,0,0,0,0,51
247,1424,9,396,100,0,0,0,0,0,0,0,0,0,44
248,1612,9,396,100,0,0,0,0,0,0,0,0,0,44
249,1700,9,423,100,0,0,0,0,0,0,0,0,0,47
250,1980,9,396,100,0,0,0,0,0,0,0,0,0,44
251,1944,9,423,100,0,0,0,0,0,0,0,0,0,47
252,2036,9,414,100,0,0,0,0,0,0,0,0,0,46
253,1756,9,414,100,0,0,0,0,0,0,0,0,0,46
254,1956,9,432,100,0,0,0,0,0,0,0,0,0,48
255,1928,9,441,100,0,0,0,0,0,0,0,0,0,49
256,1964,9,423,100,0,0,0,0,0,0,0,0,0,47
257,2052,9,414,100,0,0,0,0,0,0,0,0,0,46
258,1876,9,432,100,0,0,0,0,0,0,0,0,0,48
259,1732,9,459,100,0,0,0,0,0,0,0,0,0,51
260,1672,9,432,100,0,0,0,0,0,0,0,0,0,48
261,1704,9,405,100,0,0,0,0,0,0,0,0,0,45
262,1556,9,396,100,0,0,0,0,0,0,0,0,0,44
263,1880,9,441,100,0,0,0,0,0,0,0,0,0,49
264,1724,9,405,100,0,0,0,0,0,0,0,0,0,45
265,1432,9,387,100,0,0,0,0,0,0,0,0,0,43
266,1536,9,396,100,0,0,0,0,0,0,0,0,0,44
267,1532,9,351,100,0,0,0,0,0,0,0,0,0,39
268,1640,9,405,100,0,0,0,0,0,0,0,0,0,45
269,1164,9,423,100,0,0,0,0,0,0,0,0,0,47
270,1208,9,396,100,0,0,0,0,0,0,0,0,0,44
271,1444,9,414,100,0,0,0,0,0,0,0,0,0,46
272,1792,9,459,100,0,0,0,0,0,0,0,0,0,51
273,1380,9,414,100,0,0,0,0,0,0,0,0,0,46
274,1376,9,378,100,0,0,0,0,0,0,0,0,0,42
275,1652,9,423,100,0,0,0,0,0,0,0,0,0,47
276,1840,9,450,100,0,0,0,0,0,0,0,0,0,50
277,1848,9,459,100,0,0,0,0,0,0,0,0,0,51
278,1816,9,477,100,0,0,0,0,0,0,0,0,0,53
279,1860,9,459,100,0,0,0,0,0,0,0,0,0,51
280,1616,9,441,100,0,0,0,0,0,0,0,0,0,49
281,1532,9,423,100,0,0,0,0,0,0,0,0,0,47
282,1560,9,432,100,0,0,0,0,0,0,0,0,0,48
283,1316,9,441,100,0,0,0,0,0,0,0,0,0,49
284,1536,9,459,100,0,0,0,0,0,0,0,0,0,51
285,1372,9,396,100,0,0,0,0,0,0,0,0,0,44
286,1252,9,441,100,0,0,0,0,0,0,0,0,0,49
287,1308,9,423,100,0,0,0,0,0,0,0,0,0,47
288,1436,9,450,100,0,0,0,0,0,0,0,0,0,50
289,1228,9,387,100,0,0,0,0,0,0,0,0,0,43
290,1432,9,405,100,0,0,0,0,0,0,0,0,0,45
291,1256,9,423,100,0,0,0,0,0,0,0,0,0,47
292,1028,9,360,100,0,0,0,0,0,0,0,0,0,40
293,1132,9,405,100,0,0,0,0,0,0,0,0,0,45
294,1316,9,432,100,0,0,0,0,0,0,0,0,0,48
295,1140,9,414,100,0,0,0,0,0,0,0,0,0,46
296,1448,9,441,100,0,0,0,0,0,0,0,0,0,49
297,1396,9,477,100,0,0,0,0,0,0,0,0,0,53
298,1272,9,423,100,0,0,0,0,0,0,0,0,0,47
299,1144,9,387,100,0,0,0,0,0,0,0,0,0,43
300,1200,9,396,100,0,0,0,0,0,0,0,0,0,44
301,1424,9,441,100,0,0,0,0,0,0,0,0,0,49
302,1192,9,423,100,0,0,0,0,0,0,0,0,0,47
303,1260,9,432,100,0,0,0,0,0,0,0,0,0,48
304,1320,9,432,100,0,0,0,0,0,0,0,0,0,48
305,1416,9,423,100,0,0,0,0,0,0,0,0,0,47
306,1236,9,441,100,0,0,0,0,0,0,0,0,0,49
307,1404,9,414,100,0,0,0,0,0,0,0,0,0,46
308,1072,9,369,100,0,0,0,0,0,0,0,0,0,41
309,1288,9,414,100,0,0,0,0,0,0,0,0,0,46
310,1328,9,432,100,0,0,0,0,0,0,0,0,0,48
311,1128,9,423,100,0,0,0,0,0,0,0,0,0,47
312,960,9,414,100,0,0,0,0,0,0,0,0,0,46
313,1408,9,432,100,0,0,0,0,0,0,0,0,0,48
314,1348,9,387,100,0,0,0,0,0,0,0,0,0,43
315,1504,9,441,100,0,0,0,0,0,0,0,0,0,49
316,1272,9,414,100,0,0,0,0,0,0,0,0,0,46
317,1464,9,432,100,0,0,0,0,0,0,0,0,0,48
318,1364,9,432,100,0,0,0,0,0,0,0,0,0,48
319,1348,9,450,100,0,0,0,0,0,0,0,0,0,50
320,1292,9,432,100,0,0,0,0,0,0,0,0,0,48
321,1220,9,432,100,0,0,0,0,0,0,0,0,0,48
322,1424,9,450,100,0,0,0,0,0,0,0,0,0,50
323,1568,9,477,100,0,0,0,0,0,0,0,0,0,53
324,1568,9,432,100,0,0,0,0,0,0,0,0,0,48
325,1596,9,450,100,0,0,0,0,0,0,0,0,0,50
326,1172,9,423,100,0,0,0,0,0,0,0,0,0,47
327,1424,9,450,100,0,0,0,0,0,0,0,0,0,50
328,1272,9,423,100,0,0,0,0,0,0,0,0,0,47
329,1236,9,414,100,0,0,0,0,0,0,0,0,0,46
330,1224,9,378,100,0,0,0,0,0,0,0,0,0,42
331,1264,9,459,100,0,0,0,0,0,0,0,0,0,51
332,1416,9,450,100,0,0,0,0,0,0,0,0,0,50
333,1648,9,504,100,0,0,0,0,0,0,0,0,0,56
334,1204,9,468,100,0,0,0,0,0,0,0,0,0,52
335,1316,9,468,100,0,0,0,0,0,0,0,0,0,52
336,1364,9,423,100,0,0,0,0,0,0,0,0,0,47
337,1356,9,378,100,0,0,0,0,0,0,0,0,0,42
338,1688,9,405,100,0,0,0,0,0,0,0,0,0,45
339,1676,9,441,100,0,0,0,0,0,0,0,0,0,49
340,1360,9,414,100,0,0,0,0,0,0,0,0,0,46
341,1228,9,396,100,0,0,0,0,0,0,0,0,0,44
342,1628,9,441,100,0,0,0,0,0,0,0,0,0,49
343,1408,9,450,100,0,0,0,0,0,0,0,0,0,50
344,1248,9,414,100,0,0,0,0,0,0,0,0,0,46
345,1212,9,396,100,0,0,0,0,0,0,0,0,0,44
346,1356,9,450,100,0,0,0,0,0,0,0,0,0,50
347,1396,9,387,100,0,0,0,0,0,0,0,0,0,43
348,1360,9,378,100,0,0,0,0,0,0,0,0,0,42
349,1476,9,387,100,0,0,0,0,0,0,0,0,0,43
350,1632,9,414,100,0,0,0,0,0,0,0,0,0,46
351,1664,9,423,100,0,0,0,0,0,0,0,0,0,47
352,1376,9,378,100,0,0,0,0,0,0,0,0,0,42
353,1388,9,423,100,0,0,0,0,0,0,0,0,0,47
354,1244,9,423,100,0,0,0,0,0,0,0,0,0,47
355,1236,9,423,100,0,0,0,0,0,0,0,0,0,47
356,1300,9,450,100,0,0,0,0,0,0,0,0,0,50
357,1340,9,459,100,0,0,0,0,0,0,0,0,0,51
358,1620,9,450,100,0,0,0,0,0,0,0,0,0,50
359,1504,9,432,100,0,0,0,0,0,0,0,0,0,48
360,1496,9,441,100,0,0,0,0,0,0,0,0,0,49
361,1316,9,405,100,0,0,0,0,0,0,0,0,0,45
362,1356,9,423,100,0,0,0,0,0,0,0,0,0,47
363,1324,9,450,100,0,0,0,0,0,0,0,0,0,50
364,1196,9,441,100,0,0,0,0,0,0,0,0,0,49
365,1204,9,423,100,0,0,0,0,0,0,0,0,0,47
366,1332,9,423,100,0,0,0,0,0,0,0,0,0,47
367,1368,9,450,100,0,0,0,0,0,0,0,0,0,50
368,1640,9,459,100,0,0,0,0,0,0,0,0,0,51
369,1436,9,450,100,0,0,0,0,0,0,0,0,0,50
370,1140,9,432,100,0,0,0,0,0,0,0,0,0,48
371,1032,9,405,100,0,0,0,0,0,0,0,0,0,45
372,1220,9,414,100,0,0,0,0,0,0,0,0,0,46
373,1332,9,441,100,0,0,0,0,0,0,0,0,0,49
374,1252,9,432,100,0,0,0,0,0,0,0,0,0,48
375,1312,9,441,100,0,0,0,0,0,0,0,0,0,49
376,1172,9,414,100,0,0,0,0,0,0,0,0,0,46
377,1228,9,423,100,0,0,0,0,0,0,0,0,0,47
378,1224,9,468,100,0,0,0,0,0,0,0,0,0,52
379,1396,9,468,100,0,0,0,0,0,0,0,0,0,52
380,1136,9,432,100,0,0,0,0,0,0,0,0,0,48
381,1324,9,441,100,0,0,0,0,0,0,0,0,0,49
382,1120,9,423,100,0,0,0,0,0,0,0,0,0,47
383,1128,9,432,100,0,0,0,0,0,0,0,0,0,48
384,1056,9,405,100,0,0,0,0,0,0,0,0,0,45
385,816,9,378,100,0,0,0,0,0,0,0,0,0,42
386,944,9,441,100,0,0,0,0,0,0,0,0,0,49
387,1056,9,432,100,0,0,0,0,0,0,0,0,0,48
388,944,9,441,100,0,0,0,0,0,0,0,0,0,49
389,804,9,441,100,0,0,0,0,0,0,0,0,0,49
390,1084,9,441,100,0,0,0,0,0,0,0,0,0,49
391,988,9,387,100,0,0,0,0,0,0,0,0,0,43
392,1084,9,423,100,0,0,0,0,0,0,0,0,0,47
393,992,9,432,100,0,0,0,0,0,0,0,0,0,48
394,1372,9,405,100,0,0,0,0,0,0,0,0,0,45
395,1164,9,414,100,0,0,0,0,0,0,0,0,0,46
396,1012,9,396,100,0,0,0,0,0,0,0,0,0,44
397,1396,9,432,100,0,0,0,0,0,0,0,0,0,48
398,1320,9,441,100,0,0,0,0,0,0,0,0,0,49
399,1136,9,414,100,0,0,0,0,0,0,0,0,0,46
400,1268,9,414,100,0,0,0,0,0,0,0,0,0,46
401,1692,9,459,100,0,0,0,0,0,0,0,0,0,51
402,1352,9,405,100,0,0,0,0,0,0,0,0,0,45
403,1656,9,405,100,0,0,0,0,0,0,0,0,0,45
404,1480,9,432,100,0,0,0,0,0,0,0,0,0,48
405,1312,9,441,100,0,0,0,0,0,0,0,0,0,49
406,1272,9,432,100,0,0,0,0,0,0,0,0,0,48
407,1240,9,450,100,0,0,0,0,0,0,0,0,0,50
408,1272,9,414,100,0,0,0,0,0,0,0,0,0,46
409,1172,9,414,100,0,0,0,0,0,0,0,0,0,46
410,1620,9,423,100,0,0,0,0,0,0,0,0,0,47
411,1136,9,378,100,0,0,0,0,0,0,0,0,0,42
412,1072,9,378,100,0,0,0,0,0,0,0,0,0,42
413,1764,9,477,100,0,0,0,0,0,0,0,0,0,53
414,1592,9,468,100,0,0,0,0,0,0,0,0,0,52
415,1288,9,432,100,0,0,0,0,0,0,0,0,0,48
416,1400,9,423,100,0,0,0,0,0,0,0,0,0,47
417,1344,9,396,100,0,0,0,0,0,0,0,0,0,44
418,1712,9,414,100,0,0,0,0,0,0,0,0,0,46
419,1440,9,387,100,0,0,0,0,0,0,0,0,0,43
420,1244,9,414,100,0,0,0,0,0,0,0,0,0,46
421,1060,9,387,100,0,0,0,0,0,0,0,0,0,43
422,1528,9,459,100,0,0,0,0,0,0,0,0,0,51
423,1508,9,432,100,0,0,0,0,0,0,0,0,0,48
424,1236,9,414,100,0,0,0,0,0,0,0,0,0,46
425,1552,9,432,100,0,0,0,0,0,0,0,0,0,48
426,1420,9,423,100,0,0,0,0,0,0,0,0,0,47
427,1360,9,414,100,0,0,0,0,0,0,0,0,0,46
428,1484,9,477,100,0,0,0,0,0,0,0,0,0,53
429,1204,9,432,100,0,0,0,0,0,0,0,0,0,48
430,1072,9,405,100,0,0,0,0,0,0,0,0,0,45
431,1436,9,432,100,0,0,0,0,0,0,0,0,0,48
432,1296,9,423,100,0,0,0,0,0,0,0,0,0,47
433,1388,9,441,100,0,0,0,0,0,0,0,0,0,49
434,1392,9,432,100,0,0,0,0,0,0,0,0,0,48
435,1536,9,459,100,0,0,0,0,0,0,0,0,0,51
436,1340,9,441,100,0,0,0,0,0,0,0,0,0,49
437,1368,9,441,100,0,0,0,0,0,0,0,0,0,49
438,1304,9,450,100,0,0,0,0,0,0,0,0,0,50
439,1288,9,441,100,0,0,0,0,0,0,0,0,0,49
440,1404,9,450,100,0,0,0,0,0,0,0,0,0,50
441,1392,9,414,100,0,0,0,0,0,0,0,0,0,46
442,1492,9,423,100,0,0,0,0,0,0,0,0,0,47
443,1632,9,405,100,0,0,0,0,0,0,0,0,0,45
444,1452,9,387,100,0,0,0,0,0,0,0,0,0,43
445,1552,9,387,100,0,0,0,0,0,0,0,0,0,43
446,1780,9,450,100,0,0,0,0,0,0,0,0,0,50
447,1664,9,477,100,0,0,0,0,0,0,0,0,0,53
448,1524,9,432,100,0,0,0,0,0,0,0,0,0,48
449,1300,9,396,100,0,0,0,0,0,0,0,0,0,44
450,1648,9,432,100,0,0,0,0,0,0,0,0,0,48
451,1336,9,441,100,0,0,0,0,0,0,0,0,0,49
452,1220,9,423,100,0,0,0,0,0,0,0,0,0,47
453,1600,9,441,100,0,0,0,0,0,0,0,0,0,49
454,1360,9,405,100,0,0,0,0,0,0,0,0,0,45
455,1344,9,405,100,0,0,0,0,0,0,0,0,0,45
456,1224,9,378,100,0,0,0,0,0,0,0,0,0,42
457,1448,9,414,100,0,0,0,0,0,0,0,0,0,46
458,1316,9,405,100,0,0,0,0,0,0,0,0,0,45
459,1272,9,405,100,0,0,0,0,0,0,0,0,0,45
460,1312,9,432,100,0,0,0,0,0,0,0,0,0,48
461,1296,9,450,100,0,0,0,0,0,0,0,0,0,50
462,1256,9,441,100,0,0,0,0,0,0,0,0,0,49
463,1388,9,405,100,0,0,0,0,0,0,0,0,0,45
464,1076,9,387,100,0,0,0,0,0,0,0,0,0,43
465,1484,9,441,100,0,0,0,0,0,0,0,0,0,49
466,1368,9,423,100,0,0,0,0,0,0,0,0,0,47
467,1380,9,387,100,0,0,0,0,0,0,0,0,0,43
468,1936,9,423,100,0,0,0,0,0,0,0,0,0,47
469,1828,9,396,100,0,0,0,0,0,0,0,0,0,44
470,1840,9,414,100,0,0,0,0,0,0,0,0,0,46
471,1804,9,423,100,0,0,0,0,0,0,0,0,0,47
472,1740,9,441,100,0,0,0,0,0,0,0,0,0,49
473,1692,9,423,100,0,0,0,0,0,0,0,0,0,47
474,1580,9,405,100,0,0,0,0,0,0,0,0,0,45
475,2044,9,414,100,0,0,0,0,0,0,0,0,0,46
476,1712,9,378,100,0,0,0,0,0,0,0,0,0,42
477,1688,9,396,100,0,0,0,0,0,0,0,0,0,44
478,1472,9,405,100,0,0,0,0,0,0,0,0,0,45
479,1708,9,405,100,0,0,0,0,0,0,0,0,0,45
480,1496,9,387,100,0,0,0,0,0,0,0,0,0,43
481,1288,9,405,100,0,0,0,0,0,0,0,0,0,45
482,1256,9,441,100,0,0,0,0,0,0,0,0,0,49
483,1580,9,477,100,0,0,0,0,0,0,0,0,0,53
484,1444,9,441,100,0,0,0,0,0,0,0,0,0,49
485,1116,9,387,100,0,0,0,0,0,0,0,0,0,43
486,1396,9,423,100,0,0,0,0,0,0,0,0,0,47
487,1440,9,423,100,0,0,0,0,0,0,0,0,0,47
488,1232,9,396,100,0,0,0,0,0,0,0,0,0,44
489,1220,9,405,100,0,0,0,0,0,0,0,0,0,45
490,1352,9,423,100,0,0,0,0,0,0,0,0,0,47
491,1044,9,360,100,0,0,0,0,0,0,0,0,0,40
492,1376,9,414,100,0,0,0,0,0,0,0,0,0,46
493,1472,9,459,100,0,0,0,0,0,0,0,0,0,51
494,1424,9,414,100,0,0,0,0,0,0,0,0,0,46
495,1564,9,414,100,0,0,0,0,0,0,0,0,0,46
496,1348,9,423,100,0,0,0,0,0,0,0,0,0,47
497,1368,9,468,100,0,0,0,0,0,0,0,0,0,52
498,1016,9,414,100,0,0,0,0,0,0,0,0,0,46
499,1400,9,459,100,0,0,0,0,0,0,0,0,0,51
500,1276,9,441,100,0,0,0,0,0,0,0,0,0,49
501,1180,9,459,100,0,0,0,0,0,0,0,0,0,51
502,1012,9,405,100,0,0,0,0,0,0,0,0,0,45
503,1376,9,432,100,0,0,0,0,0,0,0,0,0,48
504,1324,9,441,100,0,0,0,0,0,0,0,0,0,49
505,1076,9,387,100,0,0,0,0,0,0,0,0,0,43
506,1396,9,414,100,0,0,0,0,0,0,0,0,0,46
507,1232,9,441,100,0,0,0,0,0,0,0,0,0,49
508,1012,9,414,100,0,0,0,0,0,0,0,0,0,46
509,1300,9,423,100,0,0,0,0,0,0,0,0,0,47
510,1332,9,432,100,0,0,0,0,0,0,0,0,0,48
511,1196,9,414,100,0,0,0,0,0,0,0,0,0,46
512,1512,9,450,100,0,0,0,0,0,0,0,0,0,50
513,1480,9,414,100,0,0,0,0,0,0,0,0,0,46
514,1336,9,450,100,0,0,0,0,0,0,0,0,0,50
515,1168,9,414,100,0,0,0,0,0,0,0,0,0,46
516,1220,9,432,100,0,0,0,0,0,0,0,0,0,48
517,1336,9,405,100,0,0,0,0,0,0,0,0,0,45
518,1700,9,450,100,0,0,0,0,0,0,0,0,0,50
519,1528,9,423,100,0,0,0,0,0,0,0,0,0,47
520,1588,9,423,100,0,0,0,0,0,0,0,0,0,47
521,1496,9,432,100,0,0,0,0,0,0,0,0,0,48
522,1320,9,432,100,0,0,0,0,0,0,0,0,0,48
523,1372,9,423,100,0,0,0,0,0,0,0,0,0,47
524,1076,9,414,100,0,0,0,0,0,0,0,0,0,46
525,1144,9,423,100,0,0,0,0,0,0,0,0,0,47
526,1352,9,432,100,0,0,0,0,0,0,0,0,0,48
527,1416,9,432,100,0,0,0,0,0,0,0,0,0,48
528,1456,9,423,100,0,0,0,0,0,0,0,0,0,47
529,1368,9,369,100,0,0,0,0,0,0,0,0,0,41
530,1248,9,378,100,0,0,0,0,0,0,0,0,0,42
531,1732,9,423,100,0,0,0,0,0,0,0,0,0,47
532,1788,9,378,100,0,0,0,0,0,0,0,0,0,42
533,1704,9,378,100,0,0,0,0,0,0,0,0,0,42
534,1584,9,369,100,0,0,0,0,0,0,0,0,0,41
535,1672,9,432,100,0,0,0,0,0,0,0,0,0,48
536,1508,9,405,100,0,0,0,0,0,0,0,0,0,45
537,1784,9,423,100,0,0,0,0,0,0,0,0,0,47
538,1480,9,414,100,0,0,0,0,0,0,0,0,0,46
539,1360,9,387,100,0,0,0,0,0,0,0,0,0,43
540,1588,9,414,100,0,0,0,0,0,0,0,0,0,46
541,1392,9,369,100,0,0,0,0,0,0,0,0,0,41
542,1728,9,423,100,0,0,0,0,0,0,0,0,0,47
543,1648,9,387,100,0,0,0,0,0,0,0,0,0,43
544,1764,9,405,100,0,0,0,0,0,0,0,0,0,45
545,1860,9,423,100,0,0,0,0,0,0,0,0,0,47
546,1792,9,441,100,0,0,0,0,0,0,0,0,0,49
547,1460,9,450,100,0,0,0,0,0,0,0,0,0,50
548,1424,9,432,100,0,0,0,0,0,0,0,0,0,48
549,1456,9,414,100,0,0,0,0,0,0,0,0,0,46
550,1380,9,405,100,0,0,0,0,0,0,0,0,0,45
551,1596,9,459,100,0,0,0,0,0,0,0,0,0,51
552,1376,9,414,100,0,0,0,0,0,0,0,0,0,46
553,1492,9,423,100,0,0,0,0,0,0,0,0,0,47
554,1164,9,441,100,0,0,0,0,0,0,0,0,0,49
555,1264,9,432,100,0,0,0,0,0,0,0,0,0,48
556,1192,9,432,100,0,0,0,0,0,0,0,0,0,48
557,1424,9,423,100,0,0,0,0,0,0,0,0,0,47
558,1484,9,423,100,0,0,0,0,0,0,0,0,0,47
559,1168,9,378,100,0,0,0,0,0,0,0,0,0,42
560,1376,9,414,100,0,0,0,0,0,0,0,0,0,46
561,1392,9,423,100,0,0,0,0,0,0,0,0,0,47
562,1420,9,378,100,0,0,0,0,0,0,0,0,0,42
563,1852,9,405,100,0,0,0,0,0,0,0,0,0,45
564,2092,9,423,100,0,0,0,0,0,0,0,0,0,47
565,1980,9,423,100,0,0,0,0,0,0,0,0,0,47
566,1544,9,423,100,0,0,0,0,0,0,0,0,0,47
567,1844,9,405,100,0,0,0,0,0,0,0,0,0,45
568,2536,9,423,100,0,0,0,0,0,0,0,0,0,47
569,1480,9,405,100,0,0,0,0,0,0,0,0,0,45
570,1484,9,432,100,0,0,0,0,0,0,0,0,0,48
571,1716,9,405,100,0,0,0,0,0,0,0,0,0,45
572,1636,9,396,100,0,0,0,0,0,0,0,0,0,44
573,1644,9,423,100,0,0,0,0,0,0,0,0,0,47
574,1424,9,450,100,0,0,0,0,0,0,0,0,0,50
575,1836,9,468,100,0,0,0,0,0,0,0,0,0,52
576,1572,9,405,100,0,0,0,0,0,0,0,0,0,45
577,1448,9,423,100,0,0,0,0,0,0,0,0,0,47
578,1512,9,441,100,0,0,0,0,0,0,0,0,0,49
579,1780,9,432,100,0,0,0,0,0,0,0,0,0,48
580,1820,9,441,100,0,0,0,0,0,0,0,0,0,49
581,1504,9,432,100,0,0,0,0,0,0,0,0,0,48
582,1424,9,423,100,0,0,0,0,0,0,0,0,0,47
583,1360,9,396,100,0,0,0,0,0,0,0,0,0,44
584,1648,9,414,100,0,0,0,0,0,0,0,0,0,46
585,1892,9,396,100,0,0,0,0,0,0,0,0,0,44
586,1636,9,378,100,0,0,0,0,0,0,0,0,0,42
587,1656,9,360,100,0,0,0,0,0,0,0,0,0,40
588,1696,9,432,100,0,0,0,0,0,0,0,0,0,48
589,1288,9,387,100,0,0,0,0,0,0,0,0,0,43
590,1412,9,405,100,0,0,0,0,0,0,0,0,0,45
591,1788,9,477,100,0,0,0,0,0,0,0,0,0,53
592,1464,9,477,100,0,0,0,0,0,0,0,0,0,53
593,1568,9,468,100,0,0,0,0,0,0,0,0,0,52
594,1444,9,477,100,0,0,0,0,0,0,0,0,0,53
595,1508,9,459,100,0,0,0,0,0,0,0,0,0,51
596,1216,9,450,100,0,0,0,0,0,0,0,0,0,50
597,1248,9,423,100,0,0,0,0,0,0,0,0,0,47
598,1348,9,450,100,0,0,0,0,0,0,0,0,0,50
599,1512,9,432,100,0,0,0,0,0,0,0,0,0,48
600,1340,9,432,100,0,0,0,0,0,0,0,0,0,48
601,1384,9,441,100,0,0,0,0,0,0,0,0,0,49
602,1716,9,432,100,0,0,0,0,0,0,0,0,0,48
603,1544,9,450,100,0,0,0,0,0,0,0,0,0,50
604,1368,9,396,100,0,0,0,0,0,0,0,0,0,44
605,1316,9,432,100,0,0,0,0,0,0,0,0,0,48
606,1252,9,405,100,0,0,0,0,0,0,0,0,0,45
607,1060,9,387,100,0,0,0,0,0,0,0,0,0,43
608,1132,9,432,100,0,0,0,0,0,0,0,0,0,48
609,1384,9,477,100,0,0,0,0,0,0,0,0,0,53
610,1392,9,450,100,0,0,0,0,0,0,0,0,0,50
611,1160,9,423,100,0,0,0,0,0,0,0,0,0,47
612,1248,9,441,100,0,0,0,0,0,0,0,0,0,49
613,1008,9,378,100,0,0,0,0,0,0,0,0,0,42
614,1412,9,414,100,0,0,0,0,0,0,0,0,0,46
615,1376,9,432,100,0,0,0,0,0,0,0,0,0,48
616,1332,9,441,100,0,0,0,0,0,0,0,0,0,49
617,1528,9,477,100,0,0,0,0,0,0,0,0,0,53
618,1500,9,387,100,0,0,0,0,0,0,0,0,0,43
619,1612,9,396,100,0,0,0,0,0,0,0,0,0,44
620,1440,9,414,100,0,0,0,0,0,0,0,0,0,46
621,1820,9,441,100,0,0,0,0,0,0,0,0,0,49
622,1684,9,396,100,0,0,0,0,0,0,0,0,0,44
623,1884,9,432,100,0,0,0,0,0,0,0,0,0,48
624,1864,9,432,100,0,0,0,0,0,0,0,0,0,48
625,1636,9,423,100,0,0,0,0,0,0,0,0,0,47
626,1964,9,477,100,0,0,0,0,0,0,0,0,0,53
627,1876,9,441,100,0,0,0,0,0,0,0,0,0,49
628,2024,9,423,100,0,0,0,0,0,0,0,0,0,47
629,1944,9,432,100,0,0,0,0,0,0,0,0,0,48
630,1952,9,441,100,0,0,0,0,0,0,0,0,0,49
631,1528,9,396,100,0,0,0,0,0,0,0,0,0,44
632,1804,9,459,100,0,0,0,0,0,0,0,0,0,51
633,1460,9,414,100,0,0,0,0,0,0,0,0,0,46
634,1620,9,450,100,0,0,0,0,0,0,0,0,0,50
635,1760,9,432,100,0,0,0,0,0,0,0,0,0,48
636,1704,9,477,100,0,0,0,0,0,0,0,0,0,53
637,1976,9,450,100,0,0,0,0,0,0,0,0,0,50
638,1800,9,450,100,0,0,0,0,0,0,0,0,0,50
639,2400,9,486,100,0,0,0,0,0,0,0,0,0,54
640,2280,9,441,100,0,0,0,0,0,0,0,0,0,49
641,2024,9,405,100,0,0,0,0,0,0,0,0,0,45
642,1912,9,468,100,0,0,0,0,0,0,0,0,0,52
643,2036,9,441,100,0,0,0,0,0,0,0,0,0,49
644,1976,9,441,100,0,0,0,0,0,0,0,0,0,49
645,2012,9,450,100,0,0,0,0,0,0,0,0,0,50
646,1944,9,468,100,0,0,0,0,0,0,0,0,0,52
647,1980,9,486,100,0,0,0,0,0,0,0,0,0,54
648,1428,9,459,100,0,0,0,0,0,0,0,0,0,51
649,1664,9,468,100,0,0,0,0,0,0,0,0,0,52
650,1660,9,423,100,0,0,0,0,0,0,0,0,0,47
651,1836,9,432,100,0,0,0,0,0,0,0,0,0,48
652,1804,9,423,100,0,0,0,0,0,0,0,0,0,47
653,1740,9,405,100,0,0,0,0,0,0,0,0,0,45
654,1512,9,369,100,0,0,0,0,0,0,0,0,0,41
655,1416,9,333,100,0,0,0,0,0,0,0,0,0,37
656,1544,9,378,100,0,0,0,0,0,0,0,0,0,42
657,1660,9,414,100,0,0,0,0,0,0,0,0,0,46
658,1344,9,405,100,0,0,0,0,0,0,0,0,0,45
659,1472,9,414,100,0,0,0,0,0,0,0,0,0,46
660,1408,9,423,100,0,0,0,0,0,0,0,0,0,47
661,1616,9,441,100,0,0,0,0,0,0,0,0,0,49
662,1528,9,468,100,0,0,0,0,0,0,0,0,0,52
663,1080,9,450,100,0,0,0,0,0,0,0,0,0,50
664,1092,9,450,100,0,0,0,0,0,0,0,0,0,50
665,1228,9,459,100,0,0,0,0,0,0,0,0,0,51
666,1352,9,459,100,0,0,0,0,0,0,0,0,0,51
667,1296,9,450,100,0,0,0,0,0,0,0,0,0,50
668,1168,9,414,100,0,0,0,0,0,0,0,0,0,46
669,1284,9,450,100,0,0,0,0,0,0,0,0,0,50
670,1320,9,432,100,0,0,0,0,0,0,0,0,0,48
671,1148,9,450,100,0,0,0,0,0,0,0,0,0,50
672,1360,9,432,100,0,0,0,0,0,0,0,0,0,48
673,1372,9,450,100,0,0,0,0,0,0,0,0,0,50
674,1432,9,432,100,0,0,0,0,0,0,0,0,0,48
675,1496,9,432,100,0,0,0,0,0,0,0,0,0,48
676,1428,9,414,100,0,0,0,0,0,0,0,0,0,46
677,1616,9,414,100,0,0,0,0,0,0,0,0,0,46
678,1540,9,432,100,0,0,0,0,0,0,0,0,0,48
679,1652,9,468,100,0,0,0,0,0,0,0,0,0,52
680,1372,9,450,100,0,0,0,0,0,0,0,0,0,50
681,1476,9,423,100,0,0,0,0,0,0,0,0,0,47
682,1560,9,459,100,0,0,0,0,0,0,0,0,0,51
683,1584,9,432,100,0,0,0,0,0,0,0,0,0,48
684,1652,9,468,100,0,0,0,0,0,0,0,0,0,52
685,1536,9,432,100,0,0,0,0,0,0,0,0,0,48
686,1264,9,432,100,0,0,0,0,0,0,0,0,0,48
687,1444,9,486,100,0,0,0,0,0,0,0,0,0,54
688,1352,9,423,100,0,0,0,0,0,0,0,0,0,47
689,1884,9,450,100,0,0,0,0,0,0,0,0,0,50
690,1408,9,441,100,0,0,0,0,0,0,0,0,0,49
691,1396,9,450,100,0,0,0,0,0,0,0,0,0,50
692,1440,9,459,100,0,0,0,0,0,0,0,0,0,51
693,1092,9,432,100,0,0,0,0,0,0,0,0,0,48
694,1332,9,450,100,0,0,0,0,0,0,0,0,0,50
695,1328,9,468,100,0,0,0,0,0,0,0,0,0,52
696,1680,9,504,100,0,0,0,0,0,0,0,0,0,56
697,1672,9,477,100,0,0,0,0,0,0,0,0,0,53
698,1476,9,486,100,0,0,0,0,0,0,0,0,0,54
699,1324,9,459,100,0,0,0,0,0,0,0,0,0,51
700,1296,9,477,100,0,0,0,0,0,0,0,0,0,53
701,1376,9,459,100,0,0,0,0,0,0,0,0,0,51
702,1364,9,441,100,0,0,0,0,0,0,0,0,0,49
703,1396,9,441,100,0,0,0,0,0,0,0,0,0,49
704,1228,9,405,100,0,0,0,0,0,0,0,0,0,45
705,1100,9,441,100,0,0,0,0,0,0,0,0,0,49
706,1100,9,441,100,0,0,0,0,0,0,0,0,0,49
707,1208,9,468,100,0,0,0,0,0,0,0,0,0,52
708,1268,9,459,100,0,0,0,0,0,0,0,0,0,51
709,1244,9,486,100,0,0,0,0,0,0,0,0,0,54
710,1356,9,459,100,0,0,0,0,0,0,0,0,0,51
711,1156,9,414,100,0,0,0,0,0,0,0,0,0,46
712,1548,9,468,100,0,0,0,0,0,0,0,0,0,52
713,1368,9,432,100,0,0,0,0,0,0,0,0,0,48
714,1520,9,441,100,0,0,0,0,0,0,0,0,0,49
715,1400,9,423,100,0,0,0,0,0,0,0,0,0,47
716,1600,9,477,100,0,0,0,0,0,0,0,0,0,53
717,1796,9,486,100,0,0,0,0,0,0,0,0,0,54
718,1168,9,405,100,0,0,0,0,0,0,0,0,0,45
719,1260,9,423,100,0,0,0,0,0,0,0,0,0,47
720,1396,9,459,100,0,0,0,0,0,0,0,0,0,51
721,1468,9,423,100,0,0,0,0,0,0,0,0,0,47
722,1488,9,432,100,0,0,0,0,0,0,0,0,0,48
723,1416,9,450,100,0,0,0,0,0,0,0,0,0,50
724,1224,9,423,100,0,0,0,0,0,0,0,0,0,47
725,1224,9,441,100,0,0,0,0,0,0,0,0,0,49
726,1280,9,450,100,0,0,0,0,0,0,0,0,0,50
727,1276,9,459,100,0,0,0,0,0,0,0,0,0,51
728,1208,9,459,100,0,0,0,0,0,0,0,0,0,51
729,988,9,459,100,0,0,0,0,0,0,0,0,0,51
730,1312,9,468,100,0,0,0,0,0,0,0,0,0,52
731,1100,9,432,100,0,0,0,0,0,0,0,0,0,48
732,1108,9,468,100,0,0,0,0,0,0,0,0,0,52
733,1136,9,450,100,0,0,0,0,0,0,0,0,0,50
734,1260,9,459,100,0,0,0,0,0,0,0,0,0,51
735,1176,9,450,100,0,0,0,0,0,0,0,0,0,50
736,1328,9,468,100,0,0,0,0,0,0,0,0,0,52
737,1068,9,414,100,0,0,0,0,0,0,0,0,0,46
738,1160,9,432,100,0,0,0,0,0,0,0,0,0,48
739,1324,9,432,100,0,0,0,0,0,0,0,0,0,48
740,1276,9,423,100,0,0,0,0,0,0,0,0,0,47
741,1196,9,441,100,0,0,0,0,0,0,0,0,0,49
742,1116,9,414,100,0,0,0,0,0,0,0,0,0,46
743,1232,9,432,100,0,0,0,0,0,0,0,0,0,48
744,1152,9,405,100,0,0,0,0,0,0,0,0,0,45
745,1224,9,441,100,0,0,0,0,0,0,0,0,0,49
746,1472,9,459,100,0,0,0,0,0,0,0,0,0,51
747,1312,9,423,100,0,0,0,0,0,0,0,0,0,47
748,1524,9,396,100,0,0,0,0,0,0,0,0,0,44
749,1476,9,432,100,0,0,0,0,0,0,0,0,0,48
750,1328,9,405,100,0,0,0,0,0,0,0,0,0,45
751,1576,9,396,100,0,0,0,0,0,0,0,0,0,44
752,1480,9,405,100,0,0,0,0,0,0,0,0,0,45
753,1452,9,405,100,0,0,0,0,0,0,0,0,0,45
754,1396,9,441,100,0,0,0,0,0,0,0,0,0,49
755,1592,9,441,100,0,0,0,0,0,0,0,0,0,49
756,1700,9,468,100,0,0,0,0,0,0,0,0,0,52
757,1368,9,450,100,0,0,0,0,0,0,0,0,0,50
758,1320,9,441,100,0,0,0,0,0,0,0,0,0,49
759,1340,9,423,100,0,0,0,0,0,0,0,0,0,47
760,1328,9,414,100,0,0,0,0,0,0,0,0,0,46
761,1364,9,405,100,0,0,0,0,0,0,0,0,0,45
762,1412,9,396,100,0,0,0,0,0,0,0,0,0,44
763,1288,9,414,100,0,0,0,0,0,0,0,0,0,46
764,1308,9,477,100,0,0,0,0,0,0,0,0,0,53
765,1400,9,468,100,0,0,0,0,0,0,0,0,0,52
766,1240,9,441,100,0,0,0,0,0,0,0,0,0,49
767,1100,9,396,100,0,0,0,0,0,0,0,0,0,44
768,1136,9,432,100,0,0,0,0,0,0,0,0,0,48
769,1064,9,423,100,0,0,0,0,0,0,0,0,0,47
770,1168,9,450,100,0,0,0,0,0,0,0,0,0,50
771,1124,9,459,100,0,0,0,0,0,0,0,0,0,51
772,1224,9,432,100,0,0,0,0,0,0,0,0,0,48
773,1260,9,414,100,0,0,0,0,0,0,0,0,0,46
774,1116,9,405,100,0,0,0,0,0,0,0,0,0,45
775,1368,9,414,100,0,0,0,0,0,0,0,0,0,46
776,1360,9,423,100,0,0,0,0,0,0,0,0,0,47
777,1292,9,396,100,0,0,0,0,0,0,0,0,0,44
778,1484,9,441,100,0,0,0,0,0,0,0,0,0,49
779,1392,9,432,100,0,0,0,0,0,0,0,0,0,48
780,1508,9,477,100,0,0,0,0,0,0,0,0,0,53
781,1220,9,414,100,0,0,0,0,0,0,0,0,0,46
782,1224,9,414,100,0,0,0,0,0,0,0,0,0,46
783,1456,9,396,100,0,0,0,0,0,0,0,0,0,44
784,1452,9,396,100,0,0,0,0,0,0,0,0,0,44
785,1096,9,378,100,0,0,0,0,0,0,0,0,0,42
786,1364,9,387,100,0,0,0,0,0,0,0,0,0,43
787,1208,9,378,100,0,0,0,0,0,0,0,0,0,42
788,1420,9,423,100,0,0,0,0,0,0,0,0,0,47
789,1244,9,432,100,0,0,0,0,0,0,0,0,0,48
790,1192,9,414,100,0,0,0,0,0,0,0,0,0,46
791,1172,9,405,100,0,0,0,0,0,0,0,0,0,45
792,1296,9,459,100,0,0,0,0,0,0,0,0,0,51
793,1264,9,477,100,0,0,0,0,0,0,0,0,0,53
794,1412,9,495,100,0,0,0,0,0,0,0,0,0,55
795,1272,9,441,100,0,0,0,0,0,0,0,0,0,49
796,1616,9,486,100,0,0,0,0,0,0,0,0,0,54
797,1504,9,441,100,0,0,0,0,0,0,0,0,0,49
798,1480,9,477,100,0,0,0,0,0,0,0,0,0,53
799,1228,9,405,100,0,0,0,0,0,0,0,0,0,45
800,1408,9,396,100,0,0,0,0,0,0,0,0,0,44
801,1584,9,432,100,0,0,0,0,0,0,0,0,0,48
802,1516,9,468,100,0,0,0,0,0,0,0,0,0,52
803,1572,9,450,100,0,0,0,0,0,0,0,0,0,50
804,1440,9,405,100,0,0,0,0,0,0,0,0,0,45
805,1476,9,432,100,0,0,0,0,0,0,0,0,0,48
806,1436,9,414,100,0,0,0,0,0,0,0,0,0,46
807,1312,9,441,100,0,0,0,0,0,0,0,0,0,49
808,1444,9,441,100,0,0,0,0,0,0,0,0,0,49
809,1568,9,432,100,0,0,0,0,0,0,0,0,0,48
810,1548,9,432,100,0,0,0,0,0,0,0,0,0,48
811,1556,9,414,100,0,0,0,0,0,0,0,0,0,46
812,1656,9,441,100,0,0,0,0,0,0,0,0,0,49
813,1304,9,396,100,0,0,0,0,0,0,0,0,0,44
814,1524,9,450,100,0,0,0,0,0,0,0,0,0,50
815,1304,9,450,100,0,0,0,0,0,0,0,0,0,50
816,1368,9,450,100,0,0,0,0,0,0,0,0,0,50
817,1436,9,450,100,0,0,0,0,0,0,0,0,0,50
818,1440,9,477,100,0,0,0,0,0,0,0,0,0,53
819,1240,9,450,100,0,0,0,0,0,0,0,0,0,50
820,1224,9,414,100,0,0,0,0,0,0,0,0,0,46
821,1352,9,441,100,0,0,0,0,0,0,0,0,0,49
822,1228,9,414,100,0,0,0,0,0,0,0,0,0,46
823,1348,9,459,100,0,0,0,0,0,0,0,0,0,51
824,1268,9,468,100,0,0,0,0,0,0,0,0,0,52
825,1384,9,459,100,0,0,0,0,0,0,0,0,0,51
826,1304,9,432,100,0,0,0,0,0,0,0,0,0,48
827,1680,9,459,100,0,0,0,0,0,0,0,0,0,51
828,1620,9,459,100,0,0,0,0,0,0,0,0,0,51
829,1468,9,414,100,0,0,0,0,0,0,0,0,0,46
830,1568,9,459,100,0,0,0,0,0,0,0,0,0,51
831,1504,9,396,100,0,0,0,0,0,0,0,0,0,44
832,1772,9,432,100,0,0,0,0,0,0,0,0,0,48
833,1732,9,486,100,0,0,0,0,0,0,0,0,0,54
834,1452,9,450,100,0,0,0,0,0,0,0,0,0,50
835,1584,9,459,100,0,0,0,0,0,0,0,0,0,51
836,1596,9,441,100,0,0,0,0,0,0,0,0,0,49
837,1792,9,468,100,0,0,0,0,0,0,0,0,0,52
838,1704,9,450,100,0,0,0,0,0,0,0,0,0,50
839,1916,9,459,100,0,0,0,0,0,0,0,0,0,51
840,1688,9,450,100,0,0,0,0,0,0,0,0,0,50
841,1784,9,396,100,0,0,0,0,0,0,0,0,0,44
842,1740,9,405,100,0,0,0,0,0,0,0,0,0,45
843,1856,9,432,100,0,0,0,0,0,0,0,0,0,48
844,1716,9,459,100,0,0,0,0,0,0,0,0,0,51
845,1676,9,477,100,0,0,0,0,0,0,0,0,0,53
846,1528,9,423,100,0,0,0,0,0,0,0,0,0,47
847,1296,9,423,100,0,0,0,0,0,0,0,0,0,47
848,2004,9,450,100,0,0,0,0,0,0,0,0,0,50
849,1564,9,414,100,0,0,0,0,0,0,0,0,0,46
850,1532,9,414,100,0,0,0,0,0,0,0,0,0,46
851,1512,9,423,100,0,0,0,0,0,0,0,0,0,47
852,1696,9,441,100,0,0,0,0,0,0,0,0,0,49
853,1572,9,441,100,0,0,0,0,0,0,0,0,0,49
854,1400,9,450,100,0,0,0,0,0,0,0,0,0,50
855,1456,9,450,100,0,0,0,0,0,0,0,0,0,50
856,1448,9,468,100,0,0,0,0,0,0,0,0,0,52
857,1172,9,441,100,0,0,0,0,0,0,0,0,0,49
858,1264,9,468,100,0,0,0,0,0,0,0,0,0,52
859,1652,9,432,100,0,0,0,0,0,0,0,0,0,48
860,1928,9,450,100,0,0,0,0,0,0,0,0,0,50
861,1376,9,432,100,0,0,0,0,0,0,0,0,0,48
862,1404,9,450,100,0,0,0,0,0,0,0,0,0,50
863,1508,9,414,100,0,0,0,0,0,0,0,0,0,46
864,1624,9,441,100,0,0,0,0,0,0,0,0,0,49
865,1572,9,432,100,0,0,0,0,0,0,0,0,0,48
866,1648,9,450,100,0,0,0,0,0,0,0,0,0,50
867,1740,9,432,100,0,0,0,0,0,0,0,0,0,48
868,1776,9,459,100,0,0,0,0,0,0,0,0,0,51
869,1508,9,423,100,0,0,0,0,0,0,0,0,0,47
870,1616,9,441,100,0,0,0,0,0,0,0,0,0,49
871,1504,9,414,100,0,0,0,0,0,0,0,0,0,46
872,1548,9,405,100,0,0,0,0,0,0,0,0,0,45
873,1988,9,432,100,0,0,0,0,0,0,0,0,0,48
874,1748,9,432,100,0,0,0,0,0,0,0,0,0,48
875,1648,9,441,100,0,0,0,0,0,0,0,0,0,49
876,1480,9,423,100,0,0,0,0,0,0,0,0,0,47
877,1720,9,432,100,0,0,0,0,0,0,0,0,0,48
878,1752,9,387,100,0,0,0,0,0,0,0,0,0,43
879,2196,9,441,100,0,0,0,0,0,0,0,0,0,49
880,2240,9,441,100,0,0,0,0,0,0,0,0,0,49
881,1840,9,450,100,0,0,0,0,0,0,0,0,0,50
882,1692,9,396,100,0,0,0,0,0,0,0,0,0,44
883,1528,9,414,100,0,0,0,0,0,0,0,0,0,46
884,1528,9,432,100,0,0,0,0,0,0,0,0,0,48
885,1816,9,441,100,0,0,0,0,0,0,0,0,0,49
886,1612,9,405,100,0,0,0,0,0,0,0,0,0,45
887,1880,9,441,100,0,0,0,0,0,0,0,0,0,49
888,1668,9,432,100,0,0,0,0,0,0,0,0,0,48
889,1636,9,414,100,0,0,0,0,0,0,0,0,0,46
890,1780,9,423,100,0,0,0,0,0,0,0,0,0,47
891,1756,9,423,100,0,0,0,0,0,0,0,0,0,47
892,1644,9,423,100,0,0,0,0,0,0,0,0,0,47
893,1448,9,378,100,0,0,0,0,0,0,0,0,0,42
894,1772,9,405,100,0,0,0,0,0,0,0,0,0,45
895,1920,9,459,100,0,0,0,0,0,0,0,0,0,51
896,1600,9,405,100,0,0,0,0,0,0,0,0,0,45
897,1956,9,450,100,0,0,0,0,0,0,0,0,0,50
898,1848,9,450,100,0,0,0,0,0,0,0,0,0,50
899,1540,9,486,100,0,0,0,0,0,0,0,0,0,54
900,1400,9,513,100,0,0,0,0,0,0,0,0,0,57
901,1356,9,459,100,0,0,0,0,0,0,0,0,0,51
902,1252,9,486,100,0,0,0,0,0,0,0,0,0,54
903,1124,9,432,100,0,0,0,0,0,0,0,0,0,48
904,1376,9,450,100,0,0,0,0,0,0,0,0,0,50
905,1280,9,468,100,0,0,0,0,0,0,0,0,0,52
906,1336,9,450,100,0,0,0,0,0,0,0,0,0,50
907,1328,9,432,100,0,0,0,0,0,0,0,0,0,48
908,1248,9,423,100,0,0,0,0,0,0,0,0,0,47
909,1356,9,432,100,0,0,0,0,0,0,0,0,0,48
910,1488,9,441,100,0,0,0,0,0,0,0,0,0,49
911,1620,9,486,100,0,0,0,0,0,0,0,0,0,54
912,1504,9,477,100,0,0,0,0,0,0,0,0,0,53
913,1580,9,450,100,0,0,0,0,0,0,0,0,0,50
914,1548,9,477,100,0,0,0,0,0,0,0,0,0,53
915,1788,9,486,100,0,0,0,0,0,0,0,0,0,54
916,1492,9,423,100,0,0,0,0,0,0,0,0,0,47
917,1556,9,450,100,0,0,0,0,0,0,0,0,0,50
918,1532,9,468,100,0,0,0,0,0,0,0,0,0,52
919,1624,9,513,100,0,0,0,0,0,0,0,0,0,57
920,1140,9,450,100,0,0,0,0,0,0,0,0,0,50
921,1400,9,495,100,0,0,0,0,0,0,0,0,0,55
922,1596,9,513,100,0,0,0,0,0,0,0,0,0,57
923,1780,9,486,100,0,0,0,0,0,0,0,0,0,54
924,1472,9,459,100,0,0,0,0,0,0,0,0,0,51
925,1516,9,486,100,0,0,0,0,0,0,0,0,0,54
926,1352,9,459,100,0,0,0,0,0,0,0,0,0,51
927,1324,9,459,100,0,0,0,0,0,0,0,0,0,51
928,1312,9,450,100,0,0,0,0,0,0,0,0,0,50
929,1524,9,450,100,0,0,0,0,0,0,0,0,0,50
930,1504,9,441,100,0,0,0,0,0,0,0,0,0,49
931,1408,9,432,100,0,0,0,0,0,0,0,0,0,48
932,1504,9,450,100,0,0,0,0,0,0,0,0,0,50
933,1416,9,468,100,0,0,0,0,0,0,0,0,0,52
934,1360,9,468,100,0,0,0,0,0,0,0,0,0,52
935,1228,9,477,100,0,0,0,0,0,0,0,0,0,53
936,1380,9,522,100,0,0,0,0,0,0,0,0,0,58
937,1216,9,477,100,0,0,0,0,0,0,0,0,0,53
938,1156,9,405,100,0,0,0,0,0,0,0,0,0,45
939,1220,9,405,100,0,0,0,0,0,0,0,0,0,45
940,1396,9,477,100,0,0,0,0,0,0,0,0,0,53
941,1096,9,414,100,0,0,0,0,0,0,0,0,0,46
942,1132,9,441,100,0,0,0,0,0,0,0,0,0,49
943,1252,9,441,100,0,0,0,0,0,0,0,0,0,49
944,1284,9,441,100,0,0,0,0,0,0,0,0,0,49
945,1120,9,423,100,0,0,0,0,0,0,0,0,0,47
946,1352,9,459,100,0,0,0,0,0,0,0,0,0,51
947,1360,9,450,100,0,0,0,0,0,0,0,0,0,50
948,1500,9,468,100,0,0,0,0,0,0,0,0,0,52
949,1528,9,486,100,0,0,0,0,0,0,0,0,0,54
950,1504,9,441,100,0,0,0,0,0,0,0,0,0,49
951,1404,9,459,100,0,0,0,0,0,0,0,0,0,51
952,1172,9,405,100,0,0,0,0,0,0,0,0,0,45
953,1480,9,441,100,0,0,0,0,0,0,0,0,0,49
954,1568,9,486,100,0,0,0,0,0,0,0,0,0,54
955,1288,9,441,100,0,0,0,0,0,0,0,0,0,49
956,1460,9,441,100,0,0,0,0,0,0,0,0,0,49
957,1956,9,504,100,0,0,0,0,0,0,0,0,0,56
958,1672,9,486,100,0,0,0,0,0,0,0,0,0,54
959,1532,9,432,100,0,0,0,0,0,0,0,0,0,48
960,1532,9,441,100,0,0,0,0,0,0,0,0,0,49
961,1496,9,450,100,0,0,0,0,0,0,0,0,0,50
962,1588,9,432,100,0,0,0,0,0,0,0,0,0,48
963,1756,9,459,100,0,0,0,0,0,0,0,0,0,51
964,1560,9,423,100,0,0,0,0,0,0,0,0,0,47
965,1644,9,468,100,0,0,0,0,0,0,0,0,0,52
966,1460,9,441,100,0,0,0,0,0,0,0,0,0,49
967,1532,9,450,100,0,0,0,0,0,0,0,0,0,50
968,1192,9,441,100,0,0,0,0,0,0,0,0,0,49
969,1308,9,432,100,0,0,0,0,0,0,0,0,0,48
970,1540,9,441,100,0,0,0,0,0,0,0,0,0,49
971,1612,9,477,100,0,0,0,0,0,0,0,0,0,53
972,1428,9,468,100,0,0,0,0,0,0,0,0,0,52
973,1492,9,450,100,0,0,0,0,0,0,0,0,0,50
974,1344,9,441,100,0,0,0,0,0,0,0,0,0,49
975,1520,9,459,100,0,0,0,0,0,0,0,0,0,51
976,1768,9,468,100,0,0,0,0,0,0,0,0,0,52
977,1648,9,459,100,0,0,0,0,0,0,0,0,0,51
978,1648,9,477,100,0,0,0,0,0,0,0,0,0,53
979,1584,9,522,100,0,0,0,0,0,0,0,0,0,58
980,1652,9,513,100,0,0,0,0,0,0,0,0,0,57
981,1528,9,450,100,0,0,0,0,0,0,0,0,0,50
982,1356,9,522,100,0,0,0,0,0,0,0,0,0,58
983,1464,9,522,100,0,0,0,0,0,0,0,0,0,58
984,1184,9,468,100,0,0,0,0,0,0,0,0,0,52
985,1328,9,468,100,0,0,0,0,0,0,0,0,0,52
986,1516,9,468,100,0,0,0,0,0,0,0,0,0,52
987,1376,9,477,100,0,0,0,0,0,0,0,0,0,53
988,1224,9,432,100,0,0,0,0,0,0,0,0,0,48
989,1260,9,423,100,0,0,0,0,0,0,0,0,0,47
990,1388,9,414,100,0,0,0,0,0,0,0,0,0,46
991,1580,9,441,100,0,0,0,0,0,0,0,0,0,49
992,1372,9,423,100,0,0,0,0,0,0,0,0,0,47
993,1432,9,432,100,0,0,0,0,0,0,0,0,0,48
994,1416,9,414,100,0,0,0,0,0,0,0,0,0,46
995,1536,9,432,100,0,0,0,0,0,0,0,0,0,48
996,1484,9,459,100,0,0,0,0,0,0,0,0,0,51
997,1060,9,432,100,0,0,0,0,0,0,0,0,0,48
998,1112,9,423,100,0,0,0,0,0,0,0,0,0,47
999,1164,9,396,100,0,0,0,0,0,0,0,0,0,44
