update,points,mean_tasks,total_tasks,total_orgs,task_0,task_1,task_2,task_3,task_4,task_5,task_6,task_7,task_8,task_9
0,0,nan,0,9,0,0,0,0,0,0,0,0,0,0
1,0,nan,0,9,0,0,0,0,0,0,0,0,0,0
2,0,nan,0,9,0,0,0,0,0,0,0,0,0,0
3,0,nan,0,9,0,0,0,0,0,0,0,0,0,0
4,44,9,9,10,0,0,0,0,0,0,0,0,0,1
5,24,9,9,11,0,0,0,0,0,0,0,0,0,1
6,44,9,18,12,0,0,0,0,0,0,0,0,0,2
7,88,9,18,13,0,0,0,0,0,0,0,0,0,2
8,112,9,27,14,0,0,0,0,0,0,0,0,0,3
9,132,9,36,16,0,0,0,0,0,0,0,0,0,4
10,88,9,36,17,0,0,0,0,0,0,0,0,0,4
11,0,9,36,17,0,0,0,0,0,0,0,0,0,4
12,44,9,45,18,0,0,0,0,0,0,0,0,0,5
13,112,9,63,20,0,0,0,0,0,0,0,0,0,7
14,92,9,63,22,0,0,0,0,0,0,0,0,0,7
15,24,9,63,23,0,0,0,0,0,0,0,0,0,7
16,0,9,63,23,0,0,0,0,0,0,0,0,0,7
17,132,9,81,25,0,0,0,0,0,0,0,0,0,9
18,116,9,81,28,0,0,0,0,0,0,0,0,0,9
19,24,9,72,28,0,0,0,0,0,0,0,0,0,8
20,88,9,90,30,0,0,0,0,0,0,0,0,0,10
21,92,9,99,32,0,0,0,0,0,0,0,0,0,11
22,72,9,99,34,0,0,0,0,0,0,0,0,0,11
23,4,9,99,34,0,0,0,0,0,0,0,0,0,11
24,136,9,126,35,0,0,0,0,0,0,0,0,0,14
25,160,9,126,36,0,0,0,0,0,0,0,0,0,14
26,140,9,117,37,0,0,0,0,0,0,0,0,0,13
27,52,9,117,39,0,0,0,0,0,0,0,0,0,13
28,120,9,126,40,0,0,0,0,0,0,0,0,0,14
29,56,9,126,42,0,0,0,0,0,0,0,0,0,14
30,52,9,135,42,0,0,0,0,0,0,0,0,0,15
31,272,9,162,45,0,0,0,0,0,0,0,0,0,18
32,124,9,144,46,0,0,0,0,0,0,0,0,0,16
33,56,9,153,47,0,0,0,0,0,0,0,0,0,17
34,124,9,171,49,0,0,0,0,0,0,0,0,0,19
35,148,9,162,49,0,0,0,0,0,0,0,0,0,18
36,284,9,180,52,0,0,0,0,0,0,0,0,0,20
37,260,9,189,53,0,0,0,0,0,0,0,0,0,21
38,148,9,189,55,0,0,0,0,0,0,0,0,0,21
39,256,9,198,55,0,0,0,0,0,0,0,0,0,22
40,268,9,225,59,0,0,0,0,0,0,0,0,0,25
41,248,9,234,59,0,0,0,0,0,0,0,0,0,26
42,140,9,234,59,0,0,0,0,0,0,0,0,0,26
43,180,9,243,60,0,0,0,0,0,0,0,0,0,27
44,340,9,261,66,0,0,0,0,0,0,0,0,0,29
45,512,9,261,68,0,0,0,0,0,0,0,0,0,29
46,548,9,279,73,0,0,0,0,0,0,0,0,0,31
47,572,9,306,76,0,0,0,0,0,0,0,0,0,34
48,792,9,324,79,0,0,0,0,0,0,0,0,0,36
49,656,9,315,80,0,0,0,0,0,0,0,0,0,35
50,636,9,333,81,0,0,0,0,0,0,0,0,0,37
51,720,9,315,82,0,0,0,0,0,0,0,0,0,35
52,500,9,306,83,0,0,0,0,0,0,0,0,0,34
53,692,9,306,84,0,0,0,0,0,0,0,0,0,34
54,480,9,315,87,0,0,0,0,0,0,0,0,0,35
55,644,9,324,89,0,0,0,0,0,0,0,0,0,36
56,640,9,333,93,0,0,0,0,0,0,0,0,0,37
57,728,9,360,97,0,0,0,0,0,0,0,0,0,40
58,828,9,369,98,0,0,0,0,0,0,0,0,0,41
59,1040,9,378,98,0,0,0,0,0,0,0,0,0,42
60,896,9,378,99,0,0,0,0,0,0,0,0,0,42
61,1044,9,423,99,0,0,0,0,0,0,0,0,0,47
62,1168,9,423,99,0,0,0,0,0,0,0,0,0,47
63,1268,9,432,99,0,0,0,0,0,0,0,0,0,48
64,1296,9,450,99,0,0,0,0,0,0,0,0,0,50
65,1412,9,405,99,0,0,0,0,0,0,0,0,0,45
66,1616,9,432,100,0,0,0,0,0,0,0,0,0,48
67,1408,9,414,100,0,0,0,0,0,0,0,0,0,46
68,932,9,387,100,0,0,0,0,0,0,0,0,0,43
69,1380,9,441,100,0,0,0,0,0,0,0,0,0,49
70,1300,9,450,100,0,0,0,0,0,0,0,0,0,50
71,1496,9,486,100,0,0,0,0,0,0,0,0,0,54
72,1460,9,477,100,0,0,0,0,0,0,0,0,0,53
73,1384,9,432,100,0,0,0,0,0,0,0,0,0,48
74,2008,9,459,100,0,0,0,0,0,0,0,0,0,51
75,1776,9,432,100,0,0,0,0,0,0,0,0,0,48
76,1824,9,414,100,0,0,0,0,0,0,0,0,0,46
77,2360,9,441,100,0,0,0,0,0,0,0,0,0,49
78,2080,9,441,100,0,0,0,0,0,0,0,0,0,49
79,1776,9,450,100,0,0,0,0,0,0,0,0,0,50
80,1044,9,414,100,0,0,0,0,0,0,0,0,0,46
81,916,9,405,100,0,0,0,0,0,0,0,0,0,45
82,1180,9,504,100,0,0,0,0,0,0,0,0,0,56
83,1104,9,495,100,0,0,0,0,0,0,0,0,0,55
84,928,9,459,100,0,0,0,0,0,0,0,0,0,51
85,972,9,468,100,0,0,0,0,0,0,0,0,0,52
86,1064,9,522,100,0,0,0,0,0,0,0,0,0,58
87,1048,9,468,100,0,0,0,0,0,0,0,0,0,52
88,1156,9,468,100,0,0,0,0,0,0,0,0,0,52
89,1228,9,486,100,0,0,0,0,0,0,0,0,0,54
90,1316,9,486,100,0,0,0,0,0,0,0,0,0,54
91,1184,9,423,100,0,0,0,0,0,0,0,0,0,47
92,1520,9,441,100,0,0,0,0,0,0,0,0,0,49
93,1448,9,450,100,0,0,0,0,0,0,0,0,0,50
94,1756,9,459,100,0,0,0,0,0,0,0,0,0,51
95,2040,9,459,100,0,0,0,0,0,0,0,0,0,51
96,1940,9,441,100,0,0,0,0,0,0,0,0,0,49
97,2160,9,450,100,0,0,0,0,0,0,0,0,0,50
98,1624,9,477,100,0,0,0,0,0,0,0,0,0,53
99,1460,9,504,100,0,0,0,0,0,0,0,0,0,56
100,1524,9,450,100,0,0,0,0,0,0,0,0,0,50
101,1748,9,459,100,0,0,0,0,0,0,0,0,0,51
102,1468,9,423,100,0,0,0,0,0,0,0,0,0,47
103,1840,9,432,100,0,0,0,0,0,0,0,0,0,48
104,1288,9,423,100,0,0,0,0,0,0,0,0,0,47
105,1316,9,423,100,0,0,0,0,0,0,0,0,0,47
106,1612,9,477,100,0,0,0,0,0,0,0,0,0,53
107,1564,9,468,100,0,0,0,0,0,0,0,0,0,52
108,1412,9,495,100,0,0,0,0,0,0,0,0,0,55
109,1596,9,504,100,0,0,0,0,0,0,0,0,0,56
110,1444,9,450,100,0,0,0,0,0,0,0,0,0,50
111,1268,9,450,100,0,0,0,0,0,0,0,0,0,50
112,1252,9,432,100,0,0,0,0,0,0,0,0,0,48
113,1296,9,423,100,0,0,0,0,0,0,0,0,0,47
114,1152,9,432,100,0,0,0,0,0,0,0,0,0,48
115,1360,9,423,100,0,0,0,0,0,0,0,0,0,47
116,1436,9,414,100,0,0,0,0,0,0,0,0,0,46
117,1628,9,414,100,0,0,0,0,0,0,0,0,0,46
118,1388,9,423,100,0,0,0,0,0,0,0,0,0,47
119,1268,9,423,100,0,0,0,0,0,0,0,0,0,47
120,1508,9,414,100,0,0,0,0,0,0,0,0,0,46
121,1684,9,396,100,0,0,0,0,0,0,0,0,0,44
122,2260,9,432,100,0,0,0,0,0,0,0,0,0,48
123,1748,9,414,100,0,0,0,0,0,0,0,0,0,46
124,1788,9,477,100,0,0,0,0,0,0,0,0,0,53
125,1716,9,414,100,0,0,0,0,0,0,0,0,0,46
126,2196,9,495,100,0,0,0,0,0,0,0,0,0,55
127,2036,9,468,100,0,0,0,0,0,0,0,0,0,52
128,2136,9,495,100,0,0,0,0,0,0,0,0,0,55
129,2108,9,459,100,0,0,0,0,0,0,0,0,0,51
130,2208,9,477,100,0,0,0,0,0,0,0,0,0,53
131,2140,9,432,100,0,0,0,0,0,0,0,0,0,48
132,2436,9,477,100,0,0,0,0,0,0,0,0,0,53
133,2480,9,432,100,0,0,0,0,0,0,0,0,0,48
134,1784,9,450,100,0,0,0,0,0,0,0,0,0,50
135,1508,9,432,100,0,0,0,0,0,0,0,0,0,48
136,1224,9,441,100,0,0,0,0,0,0,0,0,0,49
137,1616,9,477,100,0,0,0,0,0,0,0,0,0,53
138,1940,9,477,100,0,0,0,0,0,0,0,0,0,53
139,1764,9,486,100,0,0,0,0,0,0,0,0,0,54
140,1916,9,459,100,0,0,0,0,0,0,0,0,0,51
141,2216,9,441,100,0,0,0,0,0,0,0,0,0,49
142,1892,9,450,100,0,0,0,0,0,0,0,0,0,50
143,1932,9,396,100,0,0,0,0,0,0,0,0,0,44
144,1612,9,450,100,0,0,0,0,0,0,0,0,0,50
145,1436,9,441,100,0,0,0,0,0,0,0,0,0,49
146,1652,9,495,100,0,0,0,0,0,0,0,0,0,55
147,1420,9,477,100,0,0,0,0,0,0,0,0,0,53
148,1348,9,486,100,0,0,0,0,0,0,0,0,0,54
149,1500,9,468,100,0,0,0,0,0,0,0,0,0,52
150,1588,9,513,100,0,0,0,0,0,0,0,0,0,57
151,1112,9,495,100,0,0,0,0,0,0,0,0,0,55
152,1036,9,504,100,0,0,0,0,0,0,0,0,0,56
153,904,9,459,100,0,0,0,0,0,0,0,0,0,51
154,1200,9,486,100,0,0,0,0,0,0,0,0,0,54
155,1452,9,486,100,0,0,0,0,0,0,0,0,0,54
156,1164,9,450,100,0,0,0,0,0,0,0,0,0,50
157,1344,9,459,100,0,0,0,0,0,0,0,0,0,51
158,1300,9,486,100,0,0,0,0,0,0,0,0,0,54
159,1252,9,459,100,0,0,0,0,0,0,0,0,0,51
160,1092,9,441,100,0,0,0,0,0,0,0,0,0,49
161,1288,9,468,100,0,0,0,0,0,0,0,0,0,52
162,1460,9,450,100,0,0,0,0,0,0,0,0,0,50
163,2088,9,450,100,0,0,0,0,0,0,0,0,0,50
164,1916,9,405,100,0,0,0,0,0,0,0,0,0,45
165,2244,9,450,100,0,0,0,0,0,0,0,0,0,50
166,2232,9,468,100,0,0,0,0,0,0,0,0,0,52
167,2256,9,414,100,0,0,0,0,0,0,0,0,0,46
168,2632,9,432,100,0,0,0,0,0,0,0,0,0,48
169,2792,9,450,100,0,0,0,0,0,0,0,0,0,50
170,2068,9,459,100,0,0,0,0,0,0,0,0,0,51
171,1696,9,450,100,0,0,0,0,0,0,0,0,0,50
172,1776,9,477,100,0,0,0,0,0,0,0,0,0,53
173,1748,9,468,100,0,0,0,0,0,0,0,0,0,52
174,1716,9,459,100,0,0,0,0,0,0,0,0,0,51
175,1636,9,450,100,0,0,0,0,0,0,0,0,0,50
176,1180,9,468,100,0,0,0,0,0,0,0,0,0,52
177,1372,9,504,100,0,0,0,0,0,0,0,0,0,56
178,1420,9,486,100,0,0,0,0,0,0,0,0,0,54
179,1592,9,486,100,0,0,0,0,0,0,0,0,0,54
180,1524,9,459,100,0,0,0,0,0,0,0,0,0,51
181,1648,9,477,100,0,0,0,0,0,0,0,0,0,53
182,1816,9,441,100,0,0,0,0,0,0,0,0,0,49
183,1756,9,414,100,0,0,0,0,0,0,0,0,0,46
184,1332,9,414,100,0,0,0,0,0,0,0,0,0,46
185,1476,9,450,100,0,0,0,0,0,0,0,0,0,50
186,1236,9,432,100,0,0,0,0,0,0,0,0,0,48
187,1344,9,459,100,0,0,0,0,0,0,0,0,0,51
188,1396,9,450,100,0,0,0,0,0,0,0,0,0,50
189,1612,9,441,100,0,0,0,0,0,0,0,0,0,49
190,1460,9,414,100,0,0,0,0,0,0,0,0,0,46
191,1368,9,423,100,0,0,0,0,0,0,0,0,0,47
192,1360,9,450,100,0,0,0,0,0,0,0,0,0,50
193,1196,9,432,100,0,0,0,0,0,0,0,0,0,48
194,1376,9,468,100,0,0,0,0,0,0,0,0,0,52
195,1528,9,459,100,0,0,0,0,0,0,0,0,0,51
196,1492,9,468,100,0,0,0,0,0,0,0,0,0,52
197,992,9,432,100,0,0,0,0,0,0,0,0,0,48
198,1132,9,423,100,0,0,0,0,0,0,0,0,0,47
199,1312,9,387,100,0,0,0,0,0,0,0,0,0,43
200,1648,9,432,100,0,0,0,0,0,0,0,0,0,48
201,1348,9,414,100,0,0,0,0,0,0,0,0,0,46
202,1464,9,414,100,0,0,0,0,0,0,0,0,0,46
203,1140,9,360,100,0,0,0,0,0,0,0,0,0,40
204,1560,9,432,100,0,0,0,0,0,0,0,0,0,48
205,1724,9,450,100,0,0,0,0,0,0,0,0,0,50
206,1600,9,468,100,0,0,0,0,0,0,0,0,0,52
207,1592,9,459,100,0,0,0,0,0,0,0,0,0,51
208,1424,9,450,100,0,0,0,0,0,0,0,0,0,50
209,1588,9,486,100,0,0,0,0,0,0,0,0,0,54
210,1476,9,477,100,0,0,0,0,0,0,0,0,0,53
211,1440,9,459,100,0,0,0,0,0,0,0,0,0,51
212,1544,9,468,100,0,0,0,0,0,0,0,0,0,52
213,1556,9,432,100,0,0,0,0,0,0,0,0,0,48
214,1612,9,432,100,0,0,0,0,0,0,0,0,0,48
215,1340,9,378,100,0,0,0,0,0,0,0,0,0,42
216,1584,9,459,100,0,0,0,0,0,0,0,0,0,51
217,1540,9,441,100,0,0,0,0,0,0,0,0,0,49
218,1308,9,441,100,0,0,0,0,0,0,0,0,0,49
219,1272,9,432,100,0,0,0,0,0,0,0,0,0,48
220,1320,9,405,100,0,0,0,0,0,0,0,0,0,45
221,1232,9,423,100,0,0,0,0,0,0,0,0,0,47
222,1664,9,468,100,0,0,0,0,0,0,0,0,0,52
223,1800,9,432,100,0,0,0,0,0,0,0,0,0,48
224,1832,9,432,100,0,0,0,0,0,0,0,0,0,48
225,1556,9,432,100,0,0,0,0,0,0,0,0,0,48
226,1588,9,396,100,0,0,0,0,0,0,0,0,0,44
227,1904,9,450,100,0,0,0,0,0,0,0,0,0,50
228,1800,9,459,100,0,0,0,0,0,0,0,0,0,51
229,1656,9,423,100,0,0,0,0,0,0,0,0,0,47
230,2156,9,441,100,0,0,0,0,0,0,0,0,0,49
231,1668,9,387,100,0,0,0,0,0,0,0,0,0,43
232,1920,9,414,100,0,0,0,0,0,0,0,0,0,46
233,1760,9,405,100,0,0,0,0,0,0,0,0,0,45
234,1636,9,405,100,0,0,0,0,0,0,0,0,0,45
235,1912,9,387,100,0,0,0,0,0,0,0,0,0,43
236,1880,9,396,100,0,0,0,0,0,0,0,0,0,44
237,1820,9,468,100,0,0,0,0,0,0,0,0,0,52
238,2024,9,468,100,0,0,0,0,0,0,0,0,0,52
239,2640,9,468,100,0,0,0,0,0,0,0,0,0,52
240,2776,9,441,100,0,0,0,0,0,0,0,0,0,49
241,2696,9,414,100,0,0,0,0,0,0,0,0,0,46
242,2628,9,405,100,0,0,0,0,0,0,0,0,0,45
243,2220,9,414,100,0,0,0,0,0,0,0,0,0,46
244,2176,9,423,100,0,0,0,0,0,0,0,0,0,47
245,2268,9,405,100,0,0,0,0,0,0,0,0,0,45
246,2272,9,423,100,0,0,0,0,0,0,0,0,0,47
247,1840,9,414,100,0,0,0,0,0,0,0,0,0,46
248,2444,9,477,100,0,0,0,0,0,0,0,0,0,53
249,2732,9,486,100,0,0,0,0,0,0,0,0,0,54
250,2740,9,459,100,0,0,0,0,0,0,0,0,0,51
251,1292,9,414,100,0,0,0,0,0,0,0,0,0,46
252,1356,9,477,100,0,0,0,0,0,0,0,0,0,53
253,1364,9,441,100,0,0,0,0,0,0,0,0,0,49
254,1432,9,459,100,0,0,0,0,0,0,0,0,0,51
255,1472,9,477,100,0,0,0,0,0,0,0,0,0,53
256,1384,9,405,100,0,0,0,0,0,0,0,0,0,45
257,1660,9,468,100,0,0,0,0,0,0,0,0,0,52
258,1508,9,441,100,0,0,0,0,0,0,0,0,0,49
259,1548,9,450,100,0,0,0,0,0,0,0,0,0,50
260,1428,9,459,100,0,0,0,0,0,0,0,0,0,51
261,1332,9,459,100,0,0,0,0,0,0,0,0,0,51
262,1200,9,468,100,0,0,0,0,0,0,0,0,0,52
263,1212,9,459,100,0,0,0,0,0,0,0,0,0,51
264,1112,9,459,100,0,0,0,0,0,0,0,0,0,51
265,1392,9,477,100,0,0,0,0,0,0,0,0,0,53
266,1512,9,468,100,0,0,0,0,0,0,0,0,0,52
267,1420,9,450,100,0,0,0,0,0,0,0,0,0,50
268,1344,9,414,100,0,0,0,0,0,0,0,0,0,46
269,1372,9,459,100,0,0,0,0,0,0,0,0,0,51
270,1204,9,468,100,0,0,0,0,0,0,0,0,0,52
271,1180,9,441,100,0,0,0,0,0,0,0,0,0,49
272,1548,9,495,100,0,0,0,0,0,0,0,0,0,55
273,1516,9,468,100,0,0,0,0,0,0,0,0,0,52
274,1256,9,468,100,0,0,0,0,0,0,0,0,0,52
275,1328,9,486,100,0,0,0,0,0,0,0,0,0,54
276,1384,9,441,100,0,0,0,0,0,0,0,0,0,49
277,1288,9,423,100,0,0,0,0,0,0,0,0,0,47
278,1520,9,450,100,0,0,0,0,0,0,0,0,0,50
279,1536,9,432,100,0,0,0,0,0,0,0,0,0,48
280,1760,9,459,100,0,0,0,0,0,0,0,0,0,51
281,1620,9,423,100,0,0,0,0,0,0,0,0,0,47
282,1596,9,396,100,0,0,0,0,0,0,0,0,0,44
283,1600,9,432,100,0,0,0,0,0,0,0,0,0,48
284,1712,9,468,100,0,0,0,0,0,0,0,0,0,52
285,1648,9,459,100,0,0,0,0,0,0,0,0,0,51
286,1800,9,432,100,0,0,0,0,0,0,0,0,0,48
287,1808,9,441,100,0,0,0,0,0,0,0,0,0,49
288,1812,9,414,100,0,0,0,0,0,0,0,0,0,46
289,1848,9,423,100,0,0,0,0,0,0,0,0,0,47
290,1844,9,423,100,0,0,0,0,0,0,0,0,0,47
291,1648,9,423,100,0,0,0,0,0,0,0,0,0,47
292,1520,9,405,100,0,0,0,0,0,0,0,0,0,45
293,1508,9,405,100,0,0,0,0,0,0,0,0,0,45
294,1556,9,414,100,0,0,0,0,0,0,0,0,0,46
295,1464,9,423,100,0,0,0,0,0,0,0,0,0,47
296,1588,9,450,100,0,0,0,0,0,0,0,0,0,50
297,1356,9,432,100,0,0,0,0,0,0,0,0,0,48
298,1592,9,423,100,0,0,0,0,0,0,0,0,0,47
299,1472,9,441,100,0,0,0,0,0,0,0,0,0,49
300,1576,9,477,100,0,0,0,0,0,0,0,0,0,53
301,1400,9,477,100,0,0,0,0,0,0,0,0,0,53
302,1232,9,441,100,0,0,0,0,0,0,0,0,0,49
303,1248,9,450,100,0,0,0,0,0,0,0,0,0,50
304,1444,9,468,100,0,0,0,0,0,0,0,0,0,52
305,1348,9,423,100,0,0,0,0,0,0,0,0,0,47
306,1432,9,441,100,0,0,0,0,0,0,0,0,0,49
307,1636,9,432,100,0,0,0,0,0,0,0,0,0,48
308,1640,9,459,100,0,0,0,0,0,0,0,0,0,51
309,1612,9,432,100,0,0,0,0,0,0,0,0,0,48
310,1884,9,450,100,0,0,0,0,0,0,0,0,0,50
311,1648,9,414,100,0,0,0,0,0,0,0,0,0,46
312,2060,9,495,100,0,0,0,0,0,0,0,0,0,55
313,1648,9,414,100,0,0,0,0,0,0,0,0,0,46
314,1748,9,441,100,0,0,0,0,0,0,0,0,0,49
315,1992,9,450,100,0,0,0,0,0,0,0,0,0,50
316,2212,9,477,100,0,0,0,0,0,0,0,0,0,53
317,2072,9,450,100,0,0,0,0,0,0,0,0,0,50
318,1292,9,423,100,0,0,0,0,0,0,0,0,0,47
319,1760,9,441,100,0,0,0,0,0,0,0,0,0,49
320,1756,9,459,100,0,0,0,0,0,0,0,0,0,51
321,1864,9,450,100,0,0,0,0,0,0,0,0,0,50
322,1752,9,459,100,0,0,0,0,0,0,0,0,0,51
323,1624,9,450,100,0,0,0,0,0,0,0,0,0,50
324,1860,9,495,100,0,0,0,0,0,0,0,0,0,55
325,1560,9,441,100,0,0,0,0,0,0,0,0,0,49
326,1344,9,477,100,0,0,0,0,0,0,0,0,0,53
327,1336,9,468,100,0,0,0,0,0,0,0,0,0,52
328,1504,9,468,100,0,0,0,0,0,0,0,0,0,52
329,1356,9,459,100,0,0,0,0,0,0,0,0,0,51
330,1576,9,441,100,0,0,0,0,0,0,0,0,0,49
331,1544,9,414,100,0,0,0,0,0,0,0,0,0,46
332,1804,9,441,100,0,0,0,0,0,0,0,0,0,49
333,1604,9,441,100,0,0,0,0,0,0,0,0,0,49
334,1392,9,468,100,0,0,0,0,0,0,0,0,0,52
335,1512,9,486,100,0,0,0,0,0,0,0,0,0,54
336,1368,9,459,100,0,0,0,0,0,0,0,0,0,51
337,1228,9,477,100,0,0,0,0,0,0,0,0,0,53
338,1456,9,486,100,0,0,0,0,0,0,0,0,0,54
339,1192,9,486,100,0,0,0,0,0,0,0,0,0,54
340,1168,9,468,100,0,0,0,0,0,0,0,0,0,52
341,1468,9,441,100,0,0,0,0,0,0,0,0,0,49
342,1764,9,423,100,0,0,0,0,0,0,0,0,0,47
343,1928,9,450,100,0,0,0,0,0,0,0,0,0,50
344,1976,9,495,100,0,0,0,0,0,0,0,0,0,55
345,2388,9,477,100,0,0,0,0,0,0,0,0,0,53
346,2172,9,468,100,0,0,0,0,0,0,0,0,0,52
347,1864,9,477,100,0,0,0,0,0,0,0,0,0,53
348,2104,9,477,100,0,0,0,0,0,0,0,0,0,53
349,2380,9,468,100,0,0,0,0,0,0,0,0,0,52
350,2920,9,459,100,0,0,0,0,0,0,0,0,0,51
351,2620,9,450,100,0,0,0,0,0,0,0,0,0,50
352,3252,9,477,100,0,0,0,0,0,0,0,0,0,53
353,3260,9,459,100,0,0,0,0,0,0,0,0,0,51
354,3544,9,441,100,0,0,0,0,0,0,0,0,0,49
355,4048,9,459,100,0,0,0,0,0,0,0,0,0,51
356,4216,9,477,100,0,0,0,0,0,0,0,0,0,53
357,3100,9,441,100,0,0,0,0,0,0,0,0,0,49
358,3024,9,459,100,0,0,0,0,0,0,0,0,0,51
359,2968,9,441,100,0,0,0,0,0,0,0,0,0,49
360,3228,9,459,100,0,0,0,0,0,0,0,0,0,51
361,4060,9,450,100,0,0,0,0,0,0,0,0,0,50
362,2640,9,423,100,0,0,0,0,0,0,0,0,0,47
363,2168,9,495,100,0,0,0,0,0,0,0,0,0,55
364,2040,9,423,100,0,0,0,0,0,0,0,0,0,47
365,2012,9,441,100,0,0,0,0,0,0,0,0,0,49
366,2236,9,477,100,0,0,0,0,0,0,0,0,0,53
367,2336,9,477,100,0,0,0,0,0,0,0,0,0,53
368,1964,9,477,100,0,0,0,0,0,0,0,0,0,53
369,2004,9,450,100,0,0,0,0,0,0,0,0,0,50
370,1712,9,432,100,0,0,0,0,0,0,0,0,0,48
371,1948,9,405,100,0,0,0,0,0,0,0,0,0,45
372,2368,9,450,100,0,0,0,0,0,0,0,0,0,50
373,2396,9,468,100,0,0,0,0,0,0,0,0,0,52
374,2380,9,477,100,0,0,0,0,0,0,0,0,0,53
375,2416,9,450,100,0,0,0,0,0,0,0,0,0,50
376,2472,9,432,100,0,0,0,0,0,0,0,0,0,48
377,2020,9,459,100,0,0,0,0,0,0,0,0,0,51
378,1856,9,459,100,0,0,0,0,0,0,0,0,0,51
379,1692,9,441,100,0,0,0,0,0,0,0,0,0,49
380,1868,9,468,100,0,0,0,0,0,0,0,0,0,52
381,1960,9,486,100,0,0,0,0,0,0,0,0,0,54
382,2000,9,450,100,0,0,0,0,0,0,0,0,0,50
383,1428,9,405,100,0,0,0,0,0,0,0,0,0,45
384,2116,9,441,100,0,0,0,0,0,0,0,0,0,49
385,1956,9,441,100,0,0,0,0,0,0,0,0,0,49
386,1740,9,414,100,0,0,0,0,0,0,0,0,0,46
387,1880,9,441,100,0,0,0,0,0,0,0,0,0,49
388,1720,9,432,100,0,0,0,0,0,0,0,0,0,48
389,2056,9,468,100,0,0,0,0,0,0,0,0,0,52
390,1632,9,414,100,0,0,0,0,0,0,0,0,0,46
391,1616,9,441,100,0,0,0,0,0,0,0,0,0,49
392,1364,9,414,100,0,0,0,0,0,0,0,0,0,46
393,1348,9,432,100,0,0,0,0,0,0,0,0,0,48
394,1584,9,486,100,0,0,0,0,0,0,0,0,0,54
395,1568,9,504,100,0,0,0,0,0,0,0,0,0,56
396,1644,9,459,100,0,0,0,0,0,0,0,0,0,51
397,1488,9,459,100,0,0,0,0,0,0,0,0,0,51
398,1404,9,441,100,0,0,0,0,0,0,0,0,0,49
399,1552,9,450,100,0,0,0,0,0,0,0,0,0,50
400,1632,9,504,100,0,0,0,0,0,0,0,0,0,56
401,1256,9,450,100,0,0,0,0,0,0,0,0,0,50
402,1356,9,441,100,0,0,0,0,0,0,0,0,0,49
403,1448,9,477,100,0,0,0,0,0,0,0,0,0,53
404,1272,9,504,100,0,0,0,0,0,0,0,0,0,56
405,1344,9,459,100,0,0,0,0,0,0,0,0,0,51
406,1516,9,513,100,0,0,0,0,0,0,0,0,0,57
407,1180,9,495,100,0,0,0,0,0,0,0,0,0,55
408,1284,9,441,100,0,0,0,0,0,0,0,0,0,49
409,1084,9,396,100,0,0,0,0,0,0,0,0,0,44
410,1376,9,495,100,0,0,0,0,0,0,0,0,0,55
411,1288,9,486,100,0,0,0,0,0,0,0,0,0,54
412,1088,9,441,100,0,0,0,0,0,0,0,0,0,49
413,1328,9,441,100,0,0,0,0,0,0,0,0,0,49
414,1352,9,468,100,0,0,0,0,0,0,0,0,0,52
415,1172,9,405,100,0,0,0,0,0,0,0,0,0,45
416,1228,9,432,100,0,0,0,0,0,0,0,0,0,48
417,1432,9,441,100,0,0,0,0,0,0,0,0,0,49
418,1512,9,450,100,0,0,0,0,0,0,0,0,0,50
419,1208,9,441,100,0,0,0,0,0,0,0,0,0,49
420,1328,9,477,100,0,0,0,0,0,0,0,0,0,53
421,1256,9,459,100,0,0,0,0,0,0,0,0,0,51
422,1500,9,495,100,0,0,0,0,0,0,0,0,0,55
423,1368,9,459,100,0,0,0,0,0,0,0,0,0,51
424,1368,9,468,100,0,0,0,0,0,0,0,0,0,52
425,1576,9,477,100,0,0,0,0,0,0,0,0,0,53
426,1500,9,450,100,0,0,0,0,0,0,0,0,0,50
427,1424,9,423,100,0,0,0,0,0,0,0,0,0,47
428,1228,9,414,100,0,0,0,0,0,0,0,0,0,46
429,1440,9,450,100,0,0,0,0,0,0,0,0,0,50
430,1572,9,459,100,0,0,0,0,0,0,0,0,0,51
431,1628,9,495,100,0,0,0,0,0,0,0,0,0,55
432,1688,9,450,100,0,0,0,0,0,0,0,0,0,50
433,1416,9,441,100,0,0,0,0,0,0,0,0,0,49
434,1320,9,486,100,0,0,0,0,0,0,0,0,0,54
435,1200,9,432,100,0,0,0,0,0,0,0,0,0,48
436,1260,9,468,100,0,0,0,0,0,0,0,0,0,52
437,1376,9,450,100,0,0,0,0,0,0,0,0,0,50
438,1600,9,450,100,0,0,0,0,0,0,0,0,0,50
439,1788,9,477,100,0,0,0,0,0,0,0,0,0,53
440,1752,9,459,100,0,0,0,0,0,0,0,0,0,51
441,1780,9,450,100,0,0,0,0,0,0,0,0,0,50
442,1388,9,477,100,0,0,0,0,0,0,0,0,0,53
443,1380,9,495,100,0,0,0,0,0,0,0,0,0,55
444,1408,9,495,100,0,0,0,0,0,0,0,0,0,55
445,1508,9,441,100,0,0,0,0,0,0,0,0,0,49
446,1724,9,468,100,0,0,0,0,0,0,0,0,0,52
447,1668,9,423,100,0,0,0,0,0,0,0,0,0,47
448,2156,9,450,100,0,0,0,0,0,0,0,0,0,50
449,1720,9,441,100,0,0,0,0,0,0,0,0,0,49
450,2072,9,477,100,0,0,0,0,0,0,0,0,0,53
451,2008,9,405,100,0,0,0,0,0,0,0,0,0,45
452,2024,9,405,100,0,0,0,0,0,0,0,0,0,45
453,2184,9,450,100,0,0,0,0,0,0,0,0,0,50
454,2088,9,432,100,0,0,0,0,0,0,0,0,0,48
455,1956,9,441,100,0,0,0,0,0,0,0,0,0,49
456,2580,9,495,100,0,0,0,0,0,0,0,0,0,55
457,2408,9,450,100,0,0,0,0,0,0,0,0,0,50
458,2172,9,486,100,0,0,0,0,0,0,0,0,0,54
459,2232,9,432,100,0,0,0,0,0,0,0,0,0,48
460,2396,9,405,100,0,0,0,0,0,0,0,0,0,45
461,1924,9,432,100,0,0,0,0,0,0,0,0,0,48
462,1908,9,414,100,0,0,0,0,0,0,0,0,0,46
463,1484,9,423,100,0,0,0,0,0,0,0,0,0,47
464,1972,9,459,100,0,0,0,0,0,0,0,0,0,51
465,2256,9,441,100,0,0,0,0,0,0,0,0,0,49
466,2508,9,432,100,0,0,0,0,0,0,0,0,0,48
467,2040,9,441,100,0,0,0,0,0,0,0,0,0,49
468,2440,9,459,100,0,0,0,0,0,0,0,0,0,51
469,2540,9,477,100,0,0,0,0,0,0,0,0,0,53
470,2812,9,486,100,0,0,0,0,0,0,0,0,0,54
471,2532,9,486,100,0,0,0,0,0,0,0,0,0,54
472,2748,9,468,100,0,0,0,0,0,0,0,0,0,52
473,3092,9,459,100,0,0,0,0,0,0,0,0,0,51
474,2748,9,387,100,0,0,0,0,0,0,0,0,0,43
475,3208,9,477,100,0,0,0,0,0,0,0,0,0,53
476,2984,9,450,100,0,0,0,0,0,0,0,0,0,50
477,2696,9,459,100,0,0,0,0,0,0,0,0,0,51
478,2588,9,468,100,0,0,0,0,0,0,0,0,0,52
479,2852,9,486,100,0,0,0,0,0,0,0,0,0,54
480,2372,9,459,100,0,0,0,0,0,0,0,0,0,51
481,1372,9,432,100,0,0,0,0,0,0,0,0,0,48
482,1620,9,405,100,0,0,0,0,0,0,0,0,0,45
483,1456,9,423,100,0,0,0,0,0,0,0,0,0,47
484,1496,9,423,100,0,0,0,0,0,0,0,0,0,47
485,1240,9,432,100,0,0,0,0,0,0,0,0,0,48
486,1604,9,468,100,0,0,0,0,0,0,0,0,0,52
487,2048,9,459,100,0,0,0,0,0,0,0,0,0,51
488,1556,9,432,100,0,0,0,0,0,0,0,0,0,48
489,1672,9,450,100,0,0,0,0,0,0,0,0,0,50
490,1360,9,459,100,0,0,0,0,0,0,0,0,0,51
491,1448,9,486,100,0,0,0,0,0,0,0,0,0,54
492,1424,9,477,100,0,0,0,0,0,0,0,0,0,53
493,1692,9,486,100,0,0,0,0,0,0,0,0,0,54
494,1844,9,477,100,0,0,0,0,0,0,0,0,0,53
495,1588,9,405,100,0,0,0,0,0,0,0,0,0,45
496,1768,9,468,100,0,0,0,0,0,0,0,0,0,52
497,1556,9,441,100,0,0,0,0,0,0,0,0,0,49
498,1872,9,468,100,0,0,0,0,0,0,0,0,0,52
499,1700,9,423,100,0,0,0,0,0,0,0,0,0,47
500,1560,9,450,100,0,0,0,0,0,0,0,0,0,50
501,1840,9,477,100,0,0,0,0,0,0,0,0,0,53
502,1756,9,450,100,0,0,0,0,0,0,0,0,0,50
503,2084,9,405,100,0,0,0,0,0,0,0,0,0,45
504,1964,9,369,100,0,0,0,0,0,0,0,0,0,41
505,2240,9,414,100,0,0,0,0,0,0,0,0,0,46
506,2080,9,405,100,0,0,0,0,0,0,0,0,0,45
507,2212,9,423,100,0,0,0,0,0,0,0,0,0,47
508,2028,9,441,100,0,0,0,0,0,0,0,0,0,49
509,1816,9,459,100,0,0,0,0,0,0,0,0,0,51
510,1656,9,441,100,0,0,0,0,0,0,0,0,0,49
511,2028,9,459,100,0,0,0,0,0,0,0,0,0,51
512,2120,9,495,100,0,0,0,0,0,0,0,0,0,55
513,1984,9,432,100,0,0,0,0,0,0,0,0,0,48
514,2180,9,432,100,0,0,0,0,0,0,0,0,0,48
515,1940,9,441,100,0,0,0,0,0,0,0,0,0,49
516,1936,9,423,100,0,0,0,0,0,0,0,0,0,47
517,1824,9,414,100,0,0,0,0,0,0,0,0,0,46
518,1808,9,414,100,0,0,0,0,0,0,0,0,0,46
519,1968,9,405,100,0,0,0,0,0,0,0,0,0,45
520,2080,9,432,100,0,0,0,0,0,0,0,0,0,48
521,1636,9,396,100,0,0,0,0,0,0,0,0,0,44
522,1848,9,441,100,0,0,0,0,0,0,0,0,0,49
523,1616,9,432,100,0,0,0,0,0,0,0,0,0,48
524,1824,9,423,100,0,0,0,0,0,0,0,0,0,47
525,1952,9,441,100,0,0,0,0,0,0,0,0,0,49
526,1772,9,432,100,0,0,0,0,0,0,0,0,0,48
527,1544,9,378,100,0,0,0,0,0,0,0,0,0,42
528,1792,9,423,100,0,0,0,0,0,0,0,0,0,47
529,1996,9,441,100,0,0,0,0,0,0,0,0,0,49
530,1968,9,423,100,0,0,0,0,0,0,0,0,0,47
531,2348,9,450,100,0,0,0,0,0,0,0,0,0,50
532,2508,9,450,100,0,0,0,0,0,0,0,0,0,50
533,2096,9,423,100,0,0,0,0,0,0,0,0,0,47
534,2480,9,441,100,0,0,0,0,0,0,0,0,0,49
535,2684,9,459,100,0,0,0,0,0,0,0,0,0,51
536,2540,9,423,100,0,0,0,0,0,0,0,0,0,47
537,2208,9,450,100,0,0,0,0,0,0,0,0,0,50
538,1868,9,423,100,0,0,0,0,0,0,0,0,0,47
539,2052,9,459,100,0,0,0,0,0,0,0,0,0,51
540,2156,9,450,100,0,0,0,0,0,0,0,0,0,50
541,1880,9,423,100,0,0,0,0,0,0,0,0,0,47
542,1628,9,405,100,0,0,0,0,0,0,0,0,0,45
543,1792,9,459,100,0,0,0,0,0,0,0,0,0,51
544,2028,9,459,100,0,0,0,0,0,0,0,0,0,51
545,1968,9,423,100,0,0,0,0,0,0,0,0,0,47
546,1908,9,414,100,0,0,0,0,0,0,0,0,0,46
547,1272,9,414,100,0,0,0,0,0,0,0,0,0,46
548,1540,9,432,100,0,0,0,0,0,0,0,0,0,48
549,1504,9,477,100,0,0,0,0,0,0,0,0,0,53
550,1532,9,450,100,0,0,0,0,0,0,0,0,0,50
551,1420,9,414,100,0,0,0,0,0,0,0,0,0,46
552,1472,9,459,100,0,0,0,0,0,0,0,0,0,51
553,1572,9,468,100,0,0,0,0,0,0,0,0,0,52
554,1272,9,459,100,0,0,0,0,0,0,0,0,0,51
555,1528,9,477,100,0,0,0,0,0,0,0,0,0,53
556,1544,9,432,100,0,0,0,0,0,0,0,0,0,48
557,1476,9,423,100,0,0,0,0,0,0,0,0,0,47
558,1972,9,468,100,0,0,0,0,0,0,0,0,0,52
559,1708,9,459,100,0,0,0,0,0,0,0,0,0,51
560,1800,9,495,100,0,0,0,0,0,0,0,0,0,55
561,1708,9,513,100,0,0,0,0,0,0,0,0,0,57
562,1912,9,468,100,0,0,0,0,0,0,0,0,0,52
563,1668,9,450,100,0,0,0,0,0,0,0,0,0,50
564,1840,9,441,100,0,0,0,0,0,0,0,0,0,49
565,1620,9,414,100,0,0,0,0,0,0,0,0,0,46
566,1540,9,423,100,0,0,0,0,0,0,0,0,0,47
567,1672,9,459,100,0,0,0,0,0,0,0,0,0,51
568,1396,9,432,100,0,0,0,0,0,0,0,0,0,48
569,1676,9,468,100,0,0,0,0,0,0,0,0,0,52
570,1592,9,468,100,0,0,0,0,0,0,0,0,0,52
571,1264,9,405,100,0,0,0,0,0,0,0,0,0,45
572,1356,9,423,100,0,0,0,0,0,0,0,0,0,47
573,1428,9,441,100,0,0,0,0,0,0,0,0,0,49
574,1312,9,432,100,0,0,0,0,0,0,0,0,0,48
575,1404,9,450,100,0,0,0,0,0,0,0,0,0,50
576,1420,9,450,100,0,0,0,0,0,0,0,0,0,50
577,1544,9,495,100,0,0,0,0,0,0,0,0,0,55
578,1384,9,468,100,0,0,0,0,0,0,0,0,0,52
579,1324,9,468,100,0,0,0,0,0,0,0,0,0,52
580,1432,9,450,100,0,0,0,0,0,0,0,0,0,50
581,1528,9,459,100,0,0,0,0,0,0,0,0,0,51
582,1792,9,441,100,0,0,0,0,0,0,0,0,0,49
583,1540,9,405,100,0,0,0,0,0,0,0,0,0,45
584,1212,9,405,100,0,0,0,0,0,0,0,0,0,45
585,1396,9,432,100,0,0,0,0,0,0,0,0,0,48
586,1296,9,387,100,0,0,0,0,0,0,0,0,0,43
587,1468,9,423,100,0,0,0,0,0,0,0,0,0,47
588,1316,9,423,100,0,0,0,0,0,0,0,0,0,47
589,1324,9,432,100,0,0,0,0,0,0,0,0,0,48
590,1484,9,432,100,0,0,0,0,0,0,0,0,0,48
591,1324,9,432,100,0,0,0,0,0,0,0,0,0,48
592,1332,9,450,100,0,0,0,0,0,0,0,0,0,50
593,1176,9,414,100,0,0,0,0,0,0,0,0,0,46
594,1256,9,423,100,0,0,0,0,0,0,0,0,0,47
595,1352,9,441,100,0,0,0,0,0,0,0,0,0,49
596,1388,9,396,100,0,0,0,0,0,0,0,0,0,44
597,1264,9,369,100,0,0,0,0,0,0,0,0,0,41
598,1276,9,369,100,0,0,0,0,0,0,0,0,0,41
599,1184,9,360,100,0,0,0,0,0,0,0,0,0,40
600,1440,9,414,100,0,0,0,0,0,0,0,0,0,46
601,1692,9,396,100,0,0,0,0,0,0,0,0,0,44
602,1544,9,405,100,0,0,0,0,0,0,0,0,0,45
603,1152,9,396,100,0,0,0,0,0,0,0,0,0,44
604,1524,9,468,100,0,0,0,0,0,0,0,0,0,52
605,1416,9,468,100,0,0,0,0,0,0,0,0,0,52
606,1240,9,441,100,0,0,0,0,0,0,0,0,0,49
607,1124,9,405,100,0,0,0,0,0,0,0,0,0,45
608,1276,9,450,100,0,0,0,0,0,0,0,0,0,50
609,1128,9,432,100,0,0,0,0,0,0,0,0,0,48
610,1252,9,441,100,0,0,0,0,0,0,0,0,0,49
611,1364,9,432,100,0,0,0,0,0,0,0,0,0,48
612,1488,9,486,100,0,0,0,0,0,0,0,0,0,54
613,1508,9,495,100,0,0,0,0,0,0,0,0,0,55
614,1604,9,468,100,0,0,0,0,0,0,0,0,0,52
615,1480,9,468,100,0,0,0,0,0,0,0,0,0,52
616,1388,9,468,100,0,0,0,0,0,0,0,0,0,52
617,1268,9,477,100,0,0,0,0,0,0,0,0,0,53
618,1268,9,477,100,0,0,0,0,0,0,0,0,0,53
619,1332,9,477,100,0,0,0,0,0,0,0,0,0,53
620,1404,9,495,100,0,0,0,0,0,0,0,0,0,55
621,1304,9,459,100,0,0,0,0,0,0,0,0,0,51
622,1296,9,468,100,0,0,0,0,0,0,0,0,0,52
623,1228,9,450,100,0,0,0,0,0,0,0,0,0,50
624,1228,9,441,100,0,0,0,0,0,0,0,0,0,49
625,1316,9,477,100,0,0,0,0,0,0,0,0,0,53
626,1172,9,450,100,0,0,0,0,0,0,0,0,0,50
627,1040,9,441,100,0,0,0,0,0,0,0,0,0,49
628,1100,9,432,100,0,0,0,0,0,0,0,0,0,48
629,1256,9,423,100,0,0,0,0,0,0,0,0,0,47
630,1360,9,414,100,0,0,0,0,0,0,0,0,0,46
631,1524,9,432,100,0,0,0,0,0,0,0,0,0,48
632,1436,9,450,100,0,0,0,0,0,0,0,0,0,50
633,1656,9,495,100,0,0,0,0,0,0,0,0,0,55
634,1792,9,504,100,0,0,0,0,0,0,0,0,0,56
635,1528,9,459,100,0,0,0,0,0,0,0,0,0,51
636,1948,9,486,100,0,0,0,0,0,0,0,0,0,54
637,1640,9,450,100,0,0,0,0,0,0,0,0,0,50
638,1584,9,423,100,0,0,0,0,0,0,0,0,0,47
639,1924,9,414,100,0,0,0,0,0,0,0,0,0,46
640,1788,9,387,100,0,0,0,0,0,0,0,0,0,43
641,2076,9,432,100,0,0,0,0,0,0,0,0,0,48
642,2100,9,423,100,0,0,0,0,0,0,0,0,0,47
643,1940,9,423,100,0,0,0,0,0,0,0,0,0,47
644,1812,9,423,100,0,0,0,0,0,0,0,0,0,47
645,1820,9,459,100,0,0,0,0,0,0,0,0,0,51
646,2116,9,405,100,0,0,0,0,0,0,0,0,0,45
647,1988,9,405,100,0,0,0,0,0,0,0,0,0,45
648,2364,9,432,100,0,0,0,0,0,0,0,0,0,48
649,2592,9,450,100,0,0,0,0,0,0,0,0,0,50
650,2456,9,441,100,0,0,0,0,0,0,0,0,0,49
651,2032,9,423,100,0,0,0,0,0,0,0,0,0,47
652,2184,9,423,100,0,0,0,0,0,0,0,0,0,47
653,2024,9,441,100,0,0,0,0,0,0,0,0,0,49
654,1872,9,486,100,0,0,0,0,0,0,0,0,0,54
655,1516,9,468,100,0,0,0,0,0,0,0,0,0,52
656,1296,9,450,100,0,0,0,0,0,0,0,0,0,50
657,1592,9,441,100,0,0,0,0,0,0,0,0,0,49
658,1676,9,432,100,0,0,0,0,0,0,0,0,0,48
659,1824,9,441,100,0,0,0,0,0,0,0,0,0,49
660,1948,9,432,100,0,0,0,0,0,0,0,0,0,48
661,1384,9,396,100,0,0,0,0,0,0,0,0,0,44
662,1200,9,405,100,0,0,0,0,0,0,0,0,0,45
663,1392,9,459,100,0,0,0,0,0,0,0,0,0,51
664,1576,9,459,100,0,0,0,0,0,0,0,0,0,51
665,1140,9,405,100,0,0,0,0,0,0,0,0,0,45
666,1328,9,459,100,0,0,0,0,0,0,0,0,0,51
667,1468,9,468,100,0,0,0,0,0,0,0,0,0,52
668,1284,9,441,100,0,0,0,0,0,0,0,0,0,49
669,1280,9,423,100,0,0,0,0,0,0,0,0,0,47
670,1008,9,360,100,0,0,0,0,0,0,0,0,0,40
671,1396,9,405,100,0,0,0,0,0,0,0,0,0,45
672,1284,9,423,100,0,0,0,0,0,0,0,0,0,47
673,1348,9,441,100,0,0,0,0,0,0,0,0,0,49
674,1132,9,360,100,0,0,0,0,0,0,0,0,0,40
675,1660,9,450,100,0,0,0,0,0,0,0,0,0,50
676,1620,9,432,100,0,0,0,0,0,0,0,0,0,48
677,1644,9,432,100,0,0,0,0,0,0,0,0,0,48
678,1768,9,450,100,0,0,0,0,0,0,0,0,0,50
679,1880,9,441,100,0,0,0,0,0,0,0,0,0,49
680,1572,9,441,100,0,0,0,0,0,0,0,0,0,49
681,1828,9,468,100,0,0,0,0,0,0,0,0,0,52
682,1696,9,468,100,0,0,0,0,0,0,0,0,0,52
683,2052,9,468,100,0,0,0,0,0,0,0,0,0,52
684,1692,9,441,100,0,0,0,0,0,0,0,0,0,49
685,1676,9,459,100,0,0,0,0,0,0,0,0,0,51
686,2048,9,441,100,0,0,0,0,0,0,0,0,0,49
687,2416,9,432,100,0,0,0,0,0,0,0,0,0,48
688,2204,9,432,100,0,0,0,0,0,0,0,0,0,48
689,2072,9,423,100,0,0,0,0,0,0,0,0,0,47
690,2044,9,405,100,0,0,0,0,0,0,0,0,0,45
691,1260,9,405,100,0,0,0,0,0,0,0,0,0,45
692,1320,9,414,100,0,0,0,0,0,0,0,0,0,46
693,1092,9,423,100,0,0,0,0,0,0,0,0,0,47
694,1144,9,450,100,0,0,0,0,0,0,0,0,0,50
695,1416,9,414,100,0,0,0,0,0,0,0,0,0,46
696,1520,9,441,100,0,0,0,0,0,0,0,0,0,49
697,1380,9,441,100,0,0,0,0,0,0,0,0,0,49
698,1472,9,441,100,0,0,0,0,0,0,0,0,0,49
699,1180,9,441,100,0,0,0,0,0,0,0,0,0,49
700,1124,9,432,100,0,0,0,0,0,0,0,0,0,48
701,1144,9,414,100,0,0,0,0,0,0,0,0,0,46
702,1176,9,414,100,0,0,0,0,0,0,0,0,0,46
703,1088,9,423,100,0,0,0,0,0,0,0,0,0,47
704,1200,9,414,100,0,0,0,0,0,0,0,0,0,46
705,1332,9,423,100,0,0,0,0,0,0,0,0,0,47
706,1148,9,414,100,0,0,0,0,0,0,0,0,0,46
707,1400,9,459,100,0,0,0,0,0,0,0,0,0,51
708,1264,9,459,100,0,0,0,0,0,0,0,0,0,51
709,1716,9,459,100,0,0,0,0,0,0,0,0,0,51
710,1904,9,450,100,0,0,0,0,0,0,0,0,0,50
711,1328,9,405,100,0,0,0,0,0,0,0,0,0,45
712,1440,9,423,100,0,0,0,0,0,0,0,0,0,47
713,1312,9,396,100,0,0,0,0,0,0,0,0,0,44
714,1188,9,405,100,0,0,0,0,0,0,0,0,0,45
715,1276,9,441,100,0,0,0,0,0,0,0,0,0,49
716,1228,9,459,100,0,0,0,0,0,0,0,0,0,51
717,1300,9,468,100,0,0,0,0,0,0,0,0,0,52
718,1208,9,450,100,0,0,0,0,0,0,0,0,0,50
719,1120,9,387,100,0,0,0,0,0,0,0,0,0,43
720,1316,9,423,100,0,0,0,0,0,0,0,0,0,47
721,1300,9,405,100,0,0,0,0,0,0,0,0,0,45
722,1176,9,396,100,0,0,0,0,0,0,0,0,0,44
723,1196,9,423,100,0,0,0,0,0,0,0,0,0,47
724,1032,9,378,100,0,0,0,0,0,0,0,0,0,42
725,1128,9,405,100,0,0,0,0,0,0,0,0,0,45
726,948,9,369,100,0,0,0,0,0,0,0,0,0,41
727,1060,9,378,100,0,0,0,0,0,0,0,0,0,42
728,1004,9,369,100,0,0,0,0,0,0,0,0,0,41
729,1380,9,423,100,0,0,0,0,0,0,0,0,0,47
730,1240,9,405,100,0,0,0,0,0,0,0,0,0,45
731,1232,9,405,100,0,0,0,0,0,0,0,0,0,45
732,1228,9,405,100,0,0,0,0,0,0,0,0,0,45
733,1244,9,423,100,0,0,0,0,0,0,0,0,0,47
734,1508,9,459,100,0,0,0,0,0,0,0,0,0,51
735,1464,9,414,100,0,0,0,0,0,0,0,0,0,46
736,1340,9,459,100,0,0,0,0,0,0,0,0,0,51
737,1436,9,459,100,0,0,0,0,0,0,0,0,0,51
738,1548,9,423,100,0,0,0,0,0,0,0,0,0,47
739,1548,9,414,100,0,0,0,0,0,0,0,0,0,46
740,1408,9,414,100,0,0,0,0,0,0,0,0,0,46
741,1324,9,414,100,0,0,0,0,0,0,0,0,0,46
742,1288,9,441,100,0,0,0,0,0,0,0,0,0,49
743,1180,9,405,100,0,0,0,0,0,0,0,0,0,45
744,1348,9,423,100,0,0,0,0,0,0,0,0,0,47
745,1124,9,414,100,0,0,0,0,0,0,0,0,0,46
746,1064,9,405,100,0,0,0,0,0,0,0,0,0,45
747,1116,9,432,100,0,0,0,0,0,0,0,0,0,48
748,1032,9,441,100,0,0,0,0,0,0,0,0,0,49
749,940,9,414,100,0,0,0,0,0,0,0,0,0,46
750,1152,9,414,100,0,0,0,0,0,0,0,0,0,46
751,1136,9,378,100,0,0,0,0,0,0,0,0,0,42
752,1144,9,387,100,0,0,0,0,0,0,0,0,0,43
753,1356,9,450,100,0,0,0,0,0,0,0,0,0,50
754,1476,9,432,100,0,0,0,0,0,0,0,0,0,48
755,1480,9,450,100,0,0,0,0,0,0,0,0,0,50
756,1580,9,414,100,0,0,0,0,0,0,0,0,0,46
757,1796,9,477,100,0,0,0,0,0,0,0,0,0,53
758,1204,9,432,100,0,0,0,0,0,0,0,0,0,48
759,1404,9,432,100,0,0,0,0,0,0,0,0,0,48
760,1564,9,414,100,0,0,0,0,0,0,0,0,0,46
761,1876,9,504,100,0,0,0,0,0,0,0,0,0,56
762,1600,9,468,100,0,0,0,0,0,0,0,0,0,52
763,1448,9,459,100,0,0,0,0,0,0,0,0,0,51
764,1384,9,477,100,0,0,0,0,0,0,0,0,0,53
765,1700,9,450,100,0,0,0,0,0,0,0,0,0,50
766,1820,9,459,100,0,0,0,0,0,0,0,0,0,51
767,1636,9,423,100,0,0,0,0,0,0,0,0,0,47
768,1560,9,405,100,0,0,0,0,0,0,0,0,0,45
769,1572,9,423,100,0,0,0,0,0,0,0,0,0,47
770,1984,9,459,100,0,0,0,0,0,0,0,0,0,51
771,1620,9,441,100,0,0,0,0,0,0,0,0,0,49
772,1980,9,468,100,0,0,0,0,0,0,0,0,0,52
773,2052,9,450,100,0,0,0,0,0,0,0,0,0,50
774,2224,9,477,100,0,0,0,0,0,0,0,0,0,53
775,2496,9,468,100,0,0,0,0,0,0,0,0,0,52
776,1880,9,486,100,0,0,0,0,0,0,0,0,0,54
777,1792,9,459,100,0,0,0,0,0,0,0,0,0,51
778,1684,9,477,100,0,0,0,0,0,0,0,0,0,53
779,1564,9,477,100,0,0,0,0,0,0,0,0,0,53
780,1668,9,450,100,0,0,0,0,0,0,0,0,0,50
781,1908,9,468,100,0,0,0,0,0,0,0,0,0,52
782,1508,9,468,100,0,0,0,0,0,0,0,0,0,52
783,1544,9,477,100,0,0,0,0,0,0,0,0,0,53
784,1528,9,477,100,0,0,0,0,0,0,0,0,0,53
785,1676,9,486,100,0,0,0,0,0,0,0,0,0,54
786,1352,9,459,100,0,0,0,0,0,0,0,0,0,51
787,1300,9,441,100,0,0,0,0,0,0,0,0,0,49
788,1528,9,450,100,0,0,0,0,0,0,0,0,0,50
789,1568,9,495,100,0,0,0,0,0,0,0,0,0,55
790,1772,9,486,100,0,0,0,0,0,0,0,0,0,54
791,1744,9,486,100,0,0,0,0,0,0,0,0,0,54
792,1456,9,477,100,0,0,0,0,0,0,0,0,0,53
793,1476,9,477,100,0,0,0,0,0,0,0,0,0,53
794,1248,9,432,100,0,0,0,0,0,0,0,0,0,48
795,1088,9,414,100,0,0,0,0,0,0,0,0,0,46
796,1368,9,477,100,0,0,0,0,0,0,0,0,0,53
797,1076,9,459,100,0,0,0,0,0,0,0,0,0,51
798,1424,9,504,100,0,0,0,0,0,0,0,0,0,56
799,1328,9,468,100,0,0,0,0,0,0,0,0,0,52
800,1156,9,423,100,0,0,0,0,0,0,0,0,0,47
801,1156,9,405,100,0,0,0,0,0,0,0,0,0,45
802,1364,9,450,100,0,0,0,0,0,0,0,0,0,50
803,1460,9,450,100,0,0,0,0,0,0,0,0,0,50
804,1392,9,486,100,0,0,0,0,0,0,0,0,0,54
805,1284,9,450,100,0,0,0,0,0,0,0,0,0,50
806,1672,9,486,100,0,0,0,0,0,0,0,0,0,54
807,1536,9,432,100,0,0,0,0,0,0,0,0,0,48
808,1760,9,540,100,0,0,0,0,0,0,0,0,0,60
809,1244,9,486,100,0,0,0,0,0,0,0,0,0,54
810,1440,9,486,100,0,0,0,0,0,0,0,0,0,54
811,1320,9,450,100,0,0,0,0,0,0,0,0,0,50
812,1392,9,486,100,0,0,0,0,0,0,0,0,0,54
813,1336,9,450,100,0,0,0,0,0,0,0,0,0,50
814,1120,9,450,100,0,0,0,0,0,0,0,0,0,50
815,1472,9,495,100,0,0,0,0,0,0,0,0,0,55
816,1452,9,477,100,0,0,0,0,0,0,0,0,0,53
817,1336,9,441,100,0,0,0,0,0,0,0,0,0,49
818,1376,9,477,100,0,0,0,0,0,0,0,0,0,53
819,1232,9,414,100,0,0,0,0,0,0,0,0,0,46
820,1444,9,450,100,0,0,0,0,0,0,0,0,0,50
821,1480,9,450,100,0,0,0,0,0,0,0,0,0,50
822,1464,9,459,100,0,0,0,0,0,0,0,0,0,51
823,1420,9,432,100,0,0,0,0,0,0,0,0,0,48
824,1384,9,459,100,0,0,0,0,0,0,0,0,0,51
825,1276,9,459,100,0,0,0,0,0,0,0,0,0,51
826,1052,9,423,100,0,0,0,0,0,0,0,0,0,47
827,1236,9,423,100,0,0,0,0,0,0,0,0,0,47
828,1392,9,441,100,0,0,0,0,0,0,0,0,0,49
829,1072,9,414,100,0,0,0,0,0,0,0,0,0,46
830,1116,9,459,100,0,0,0,0,0,0,0,0,0,51
831,1392,9,486,100,0,0,0,0,0,0,0,0,0,54
832,1220,9,477,100,0,0,0,0,0,0,0,0,0,53
833,1192,9,450,100,0,0,0,0,0,0,0,0,0,50
834,1144,9,414,100,0,0,0,0,0,0,0,0,0,46
835,1116,9,396,100,0,0,0,0,0,0,0,0,0,44
836,1328,9,432,100,0,0,0,0,0,0,0,0,0,48
837,1484,9,468,100,0,0,0,0,0,0,0,0,0,52
838,1504,9,468,100,0,0,0,0,0,0,0,0,0,52
839,1392,9,414,100,0,0,0,0,0,0,0,0,0,46
840,1676,9,468,100,0,0,0,0,0,0,0,0,0,52
841,1608,9,459,100,0,0,0,0,0,0,0,0,0,51
842,1484,9,450,100,0,0,0,0,0,0,0,0,0,50
843,1804,9,459,100,0,0,0,0,0,0,0,0,0,51
844,1472,9,477,100,0,0,0,0,0,0,0,0,0,53
845,1792,9,468,100,0,0,0,0,0,0,0,0,0,52
846,1680,9,486,100,0,0,0,0,0,0,0,0,0,54
847,1552,9,477,100,0,0,0,0,0,0,0,0,0,53
848,1396,9,459,100,0,0,0,0,0,0,0,0,0,51
849,1404,9,441,100,0,0,0,0,0,0,0,0,0,49
850,1572,9,432,100,0,0,0,0,0,0,0,0,0,48
851,1744,9,423,100,0,0,0,0,0,0,0,0,0,47
852,1996,9,405,100,0,0,0,0,0,0,0,0,0,45
853,2364,9,414,100,0,0,0,0,0,0,0,0,0,46
854,2392,9,441,100,0,0,0,0,0,0,0,0,0,49
855,2304,9,459,100,0,0,0,0,0,0,0,0,0,51
856,2288,9,468,100,0,0,0,0,0,0,0,0,0,52
857,2756,9,432,100,0,0,0,0,0,0,0,0,0,48
858,3076,9,441,100,0,0,0,0,0,0,0,0,0,49
859,2080,9,432,100,0,0,0,0,0,0,0,0,0,48
860,2232,9,432,100,0,0,0,0,0,0,0,0,0,48
861,2392,9,459,100,0,0,0,0,0,0,0,0,0,51
862,1956,9,423,100,0,0,0,0,0,0,0,0,0,47
863,2560,9,432,100,0,0,0,0,0,0,0,0,0,48
864,2692,9,432,100,0,0,0,0,0,0,0,0,0,48
865,2140,9,423,100,0,0,0,0,0,0,0,0,0,47
866,2528,9,414,100,0,0,0,0,0,0,0,0,0,46
867,3148,9,432,100,0,0,0,0,0,0,0,0,0,48
868,3440,9,459,100,0,0,0,0,0,0,0,0,0,51
869,2712,9,441,100,0,0,0,0,0,0,0,0,0,49
870,3180,9,450,100,0,0,0,0,0,0,0,0,0,50
871,2420,9,459,100,0,0,0,0,0,0,0,0,0,51
872,2840,9,441,100,0,0,0,0,0,0,0,0,0,49
873,3416,9,432,100,0,0,0,0,0,0,0,0,0,48
874,3080,9,441,100,0,0,0,0,0,0,0,0,0,49
875,2612,9,459,100,0,0,0,0,0,0,0,0,0,51
876,2636,9,459,100,0,0,0,0,0,0,0,0,0,51
877,3032,9,477,100,0,0,0,0,0,0,0,0,0,53
878,2996,9,486,100,0,0,0,0,0,0,0,0,0,54
879,3800,9,477,100,0,0,0,0,0,0,0,0,0,53
880,3752,9,459,100,0,0,0,0,0,0,0,0,0,51
881,3716,9,423,100,0,0,0,0,0,0,0,0,0,47
882,3840,9,441,100,0,0,0,0,0,0,0,0,0,49
883,2944,9,441,100,0,0,0,0,0,0,0,0,0,49
884,2752,9,450,100,0,0,0,0,0,0,0,0,0,50
885,2828,9,450,100,0,0,0,0,0,0,0,0,0,50
886,3160,9,450,100,0,0,0,0,0,0,0,0,0,50
887,3236,9,414,100,0,0,0,0,0,0,0,0,0,46
888,3600,9,477,100,0,0,0,0,0,0,0,0,0,53
889,2120,9,441,100,0,0,0,0,0,0,0,0,0,49
890,2460,9,468,100,0,0,0,0,0,0,0,0,0,52
891,2720,9,477,100,0,0,0,0,0,0,0,0,0,53
892,2636,9,486,100,0,0,0,0,0,0,0,0,0,54
893,3040,9,504,100,0,0,0,0,0,0,0,0,0,56
894,2144,9,504,100,0,0,0,0,0,0,0,0,0,56
895,2476,9,477,100,0,0,0,0,0,0,0,0,0,53
896,2832,9,468,100,0,0,0,0,0,0,0,0,0,52
897,1992,9,450,100,0,0,0,0,0,0,0,0,0,50
898,2468,9,468,100,0,0,0,0,0,0,0,0,0,52
899,2648,9,441,100,0,0,0,0,0,0,0,0,0,49
900,2620,9,477,100,0,0,0,0,0,0,0,0,0,53
901,1896,9,477,100,0,0,0,0,0,0,0,0,0,53
902,1412,9,477,100,0,0,0,0,0,0,0,0,0,53
903,1480,9,468,100,0,0,0,0,0,0,0,0,0,52
904,1536,9,468,100,0,0,0,0,0,0,0,0,0,52
905,1740,9,468,100,0,0,0,0,0,0,0,0,0,52
906,1744,9,468,100,0,0,0,0,0,0,0,0,0,52
907,1656,9,423,100,0,0,0,0,0,0,0,0,0,47
908,1924,9,450,100,0,0,0,0,0,0,0,0,0,50
909,1796,9,432,100,0,0,0,0,0,0,0,0,0,48
910,1968,9,450,100,0,0,0,0,0,0,0,0,0,50
911,1792,9,450,100,0,0,0,0,0,0,0,0,0,50
912,1536,9,450,100,0,0,0,0,0,0,0,0,0,50
913,1444,9,414,100,0,0,0,0,0,0,0,0,0,46
914,1276,9,441,100,0,0,0,0,0,0,0,0,0,49
915,1512,9,459,100,0,0,0,0,0,0,0,0,0,51
916,1500,9,441,100,0,0,0,0,0,0,0,0,0,49
917,1696,9,459,100,0,0,0,0,0,0,0,0,0,51
918,1760,9,441,100,0,0,0,0,0,0,0,0,0,49
919,1892,9,477,100,0,0,0,0,0,0,0,0,0,53
920,1936,9,459,100,0,0,0,0,0,0,0,0,0,51
921,1768,9,432,100,0,0,0,0,0,0,0,0,0,48
922,1952,9,423,100,0,0,0,0,0,0,0,0,0,47
923,1592,9,423,100,0,0,0,0,0,0,0,0,0,47
924,1588,9,423,100,0,0,0,0,0,0,0,0,0,47
925,1520,9,414,100,0,0,0,0,0,0,0,0,0,46
926,1640,9,441,100,0,0,0,0,0,0,0,0,0,49
927,1400,9,414,100,0,0,0,0,0,0,0,0,0,46
928,1440,9,414,100,0,0,0,0,0,0,0,0,0,46
929,1664,9,459,100,0,0,0,0,0,0,0,0,0,51
930,1400,9,450,100,0,0,0,0,0,0,0,0,0,50
931,1604,9,459,100,0,0,0,0,0,0,0,0,0,51
932,1432,9,432,100,0,0,0,0,0,0,0,0,0,48
933,1424,9,459,100,0,0,0,0,0,0,0,0,0,51
934,1612,9,450,100,0,0,0,0,0,0,0,0,0,50
935,1552,9,423,100,0,0,0,0,0,0,0,0,0,47
936,1396,9,450,100,0,0,0,0,0,0,0,0,0,50
937,1292,9,477,100,0,0,0,0,0,0,0,0,0,53
938,1252,9,459,100,0,0,0,0,0,0,0,0,0,51
939,1192,9,414,100,0,0,0,0,0,0,0,0,0,46
940,1384,9,450,100,0,0,0,0,0,0,0,0,0,50
941,1468,9,414,100,0,0,0,0,0,0,0,0,0,46
942,1504,9,423,100,0,0,0,0,0,0,0,0,0,47
943,1744,9,450,100,0,0,0,0,0,0,0,0,0,50
944,1620,9,450,100,0,0,0,0,0,0,0,0,0,50
945,1996,9,486,100,0,0,0,0,0,0,0,0,0,54
946,1936,9,459,100,0,0,0,0,0,0,0,0,0,51
947,1360,9,450,100,0,0,0,0,0,0,0,0,0,50
948,1336,9,459,100,0,0,0,0,0,0,0,0,0,51
949,1356,9,495,100,0,0,0,0,0,0,0,0,0,55
950,1240,9,450,100,0,0,0,0,0,0,0,0,0,50
951,1364,9,450,100,0,0,0,0,0,0,0,0,0,50
952,1844,9,495,100,0,0,0,0,0,0,0,0,0,55
953,1480,9,459,100,0,0,0,0,0,0,0,0,0,51
954,1352,9,495,100,0,0,0,0,0,0,0,0,0,55
955,1396,9,468,100,0,0,0,0,0,0,0,0,0,52
956,1252,9,459,100,0,0,0,0,0,0,0,0,0,51
957,1396,9,486,100,0,0,0,0,0,0,0,0,0,54
958,1224,9,486,100,0,0,0,0,0,0,0,0,0,54
959,1528,9,504,100,0,0,0,0,0,0,0,0,0,56
960,1488,9,504,100,0,0,0,0,0,0,0,0,0,56
961,1524,9,477,100,0,0,0,0,0,0,0,0,0,53
962,1548,9,495,100,0,0,0,0,0,0,0,0,0,55
963,1228,9,450,100,0,0,0,0,0,0,0,0,0,50
964,1260,9,459,100,0,0,0,0,0,0,0,0,0,51
965,1536,9,486,100,0,0,0,0,0,0,0,0,0,54
966,1268,9,441,100,0,0,0,0,0,0,0,0,0,49
967,1272,9,441,100,0,0,0,0,0,0,0,0,0,49
968,1396,9,414,100,0,0,0,0,0,0,0,0,0,46
969,1388,9,441,100,0,0,0,0,0,0,0,0,0,49
970,1452,9,423,100,0,0,0,0,0,0,0,0,0,47
971,1256,9,414,100,0,0,0,0,0,0,0,0,0,46
972,1472,9,450,100,0,0,0,0,0,0,0,0,0,50
973,1428,9,459,100,0,0,0,0,0,0,0,0,0,51
974,1532,9,450,100,0,0,0,0,0,0,0,0,0,50
975,1620,9,468,100,0,0,0,0,0,0,0,0,0,52
976,1504,9,450,100,0,0,0,0,0,0,0,0,0,50
977,1560,9,441,100,0,0,0,0,0,0,0,0,0,49
978,1632,9,450,100,0,0,0,0,0,0,0,0,0,50
979,1824,9,459,100,0,0,0,0,0,0,0,0,0,51
980,1484,9,477,100,0,0,0,0,0,0,0,0,0,53
981,1792,9,504,100,0,0,0,0,0,0,0,0,0,56
982,1664,9,486,100,0,0,0,0,0,0,0,0,0,54
983,1680,9,486,100,0,0,0,0,0,0,0,0,0,54
984,1988,9,486,100,0,0,0,0,0,0,0,0,0,54
985,1636,9,441,100,0,0,0,0,0,0,0,0,0,49
986,1752,9,423,100,0,0,0,0,0,0,0,0,0,47
987,2196,9,450,100,0,0,0,0,0,0,0,0,0,50
988,2128,9,405,100,0,0,0,0,0,0,0,0,0,45
989,2228,9,459,100,0,0,0,0,0,0,0,0,0,51
990,1984,9,468,100,0,0,0,0,0,0,0,0,0,52
991,2360,9,468,100,0,0,0,0,0,0,0,0,0,52
992,2068,9,450,100,0,0,0,0,0,0,0,0,0,50
993,1844,9,432,100,0,0,0,0,0,0,0,0,0,48
994,1844,9,459,100,0,0,0,0,0,0,0,0,0,51
995,1820,9,450,100,0,0,0,0,0,0,0,0,0,50
996,2152,9,477,100,0,0,0,0,0,0,0,0,0,53
997,1988,9,504,100,0,0,0,0,0,0,0,0,0,56
998,1480,9,468,100,0,0,0,0,0,0,0,0,0,52
999,1508,9,468,100,0,0,0,0,0,0,0,0,0,52
