update,points,mean_tasks,total_tasks,total_orgs,task_0,task_1,task_2,task_3,task_4,task_5,task_6,task_7,task_8,task_9
0,0,nan,0,9,0,0,0,0,0,0,0,0,0,0
1,0,nan,0,9,0,0,0,0,0,0,0,0,0,0
2,0,nan,0,9,0,0,0,0,0,0,0,0,0,0
3,44,9,9,10,0,0,0,0,0,0,0,0,0,1
4,152,9,9,11,0,0,0,0,0,0,0,0,0,1
5,196,9,9,12,0,0,0,0,0,0,0,0,0,1
6,240,9,9,12,0,0,0,0,0,0,0,0,0,1
7,108,9,9,13,0,0,0,0,0,0,0,0,0,1
8,196,9,18,15,0,0,0,0,0,0,0,0,0,2
9,196,9,18,16,0,0,0,0,0,0,0,0,0,2
10,44,9,18,17,0,0,0,0,0,0,0,0,0,2
11,24,9,18,17,0,0,0,0,0,0,0,0,0,2
12,4,9,18,18,0,0,0,0,0,0,0,0,0,2
13,48,9,27,19,0,0,0,0,0,0,0,0,0,3
14,28,9,27,20,0,0,0,0,0,0,0,0,0,3
15,52,9,36,21,0,0,0,0,0,0,0,0,0,4
16,28,9,36,21,0,0,0,0,0,0,0,0,0,4
17,8,9,36,21,0,0,0,0,0,0,0,0,0,4
18,8,9,36,21,0,0,0,0,0,0,0,0,0,4
19,48,9,36,21,0,0,0,0,0,0,0,0,0,4
20,72,9,45,21,0,0,0,0,0,0,0,0,0,5
21,32,9,45,22,0,0,0,0,0,0,0,0,0,5
22,56,9,45,22,0,0,0,0,0,0,0,0,0,5
23,12,9,45,22,0,0,0,0,0,0,0,0,0,5
24,56,9,54,23,0,0,0,0,0,0,0,0,0,6
25,36,9,54,23,0,0,0,0,0,0,0,0,0,6
26,56,9,54,23,0,0,0,0,0,0,0,0,0,6
27,80,9,63,23,0,0,0,0,0,0,0,0,0,7
28,100,9,54,23,0,0,0,0,0,0,0,0,0,6
29,144,9,54,24,0,0,0,0,0,0,0,0,0,6
30,252,9,63,25,0,0,0,0,0,0,0,0,0,7
31,384,9,81,27,0,0,0,0,0,0,0,0,0,9
32,276,9,90,28,0,0,0,0,0,0,0,0,0,10
33,256,9,81,29,0,0,0,0,0,0,0,0,0,9
34,388,9,81,29,0,0,0,0,0,0,0,0,0,9
35,628,9,99,33,0,0,0,0,0,0,0,0,0,11
36,432,9,90,33,0,0,0,0,0,0,0,0,0,10
37,608,9,108,35,0,0,0,0,0,0,0,0,0,12
38,820,9,99,36,0,0,0,0,0,0,0,0,0,11
39,932,9,99,38,0,0,0,0,0,0,0,0,0,11
40,1044,9,108,40,0,0,0,0,0,0,0,0,0,12
41,1328,9,108,40,0,0,0,0,0,0,0,0,0,12
42,1568,9,117,41,0,0,0,0,0,0,0,0,0,13
43,1740,9,99,42,0,0,0,0,0,0,0,0,0,11
44,1832,9,108,43,0,0,0,0,0,0,0,0,0,12
45,2072,9,126,45,0,0,0,0,0,0,0,0,0,14
46,2316,9,135,47,0,0,0,0,0,0,0,0,0,15
47,2516,9,135,48,0,0,0,0,0,0,0,0,0,15
48,2644,9,117,50,0,0,0,0,0,0,0,0,0,13
49,3020,9,153,52,0,0,0,0,0,0,0,0,0,17
50,3408,9,153,53,0,0,0,0,0,0,0,0,0,17
51,3544,9,135,56,0,0,0,0,0,0,0,0,0,15
52,3680,9,126,57,0,0,0,0,0,0,0,0,0,14
53,3976,9,108,58,0,0,0,0,0,0,0,0,0,12
54,4432,9,126,59,0,0,0,0,0,0,0,0,0,14
55,4692,9,126,61,0,0,0,0,0,0,0,0,0,14
56,4884,9,117,62,0,0,0,0,0,0,0,0,0,13
57,5520,9,144,63,0,0,0,0,0,0,0,0,0,16
58,2820,9,135,66,0,0,0,0,0,0,0,0,0,15
59,2740,9,126,66,0,0,0,0,0,0,0,0,0,14
60,2940,9,135,67,0,0,0,0,0,0,0,0,0,15
61,3188,9,135,67,0,0,0,0,0,0,0,0,0,15
62,3496,9,153,70,0,0,0,0,0,0,0,0,0,17
63,3360,9,153,71,0,0,0,0,0,0,0,0,0,17
64,3652,9,171,74,0,0,0,0,0,0,0,0,0,19
65,4132,9,189,76,0,0,0,0,0,0,0,0,0,21
66,3928,9,171,77,0,0,0,0,0,0,0,0,0,19
67,4296,9,189,77,0,0,0,0,0,0,0,0,0,21
68,4796,9,180,78,0,0,0,0,0,0,0,0,0,20
69,5208,9,189,82,0,0,0,0,0,0,0,0,0,21
70,2644,9,171,83,0,0,0,0,0,0,0,0,0,19
71,2736,9,180,84,0,0,0,0,0,0,0,0,0,20
72,2920,9,198,84,0,0,0,0,0,0,0,0,0,22
73,2792,9,189,84,0,0,0,0,0,0,0,0,0,21
74,2464,9,180,86,0,0,0,0,0,0,0,0,0,20
75,2972,9,207,86,0,0,0,0,0,0,0,0,0,23
76,3628,9,252,86,0,0,0,0,0,0,0,0,0,28
77,3852,9,234,87,0,0,0,0,0,0,0,0,0,26
78,2956,9,207,88,0,0,0,0,0,0,0,0,0,23
79,2660,9,225,89,0,0,0,0,0,0,0,0,0,25
80,3220,9,207,89,0,0,0,0,0,0,0,0,0,23
81,3472,9,216,90,0,0,0,0,0,0,0,0,0,24
82,3800,9,207,91,0,0,0,0,0,0,0,0,0,23
83,3420,9,225,91,0,0,0,0,0,0,0,0,0,25
84,3320,9,234,92,0,0,0,0,0,0,0,0,0,26
85,2580,9,252,92,0,0,0,0,0,0,0,0,0,28
86,2824,9,243,94,0,0,0,0,0,0,0,0,0,27
87,2408,9,261,95,0,0,0,0,0,0,0,0,0,29
88,2632,9,270,95,0,0,0,0,0,0,0,0,0,30
89,2976,9,279,96,0,0,0,0,0,0,0,0,0,31
90,2148,9,270,96,0,0,0,0,0,0,0,0,0,30
91,2872,9,324,96,0,0,0,0,0,0,0,0,0,36
92,2964,9,297,97,0,0,0,0,0,0,0,0,0,33
93,3336,9,315,99,0,0,0,0,0,0,0,0,0,35
94,3232,9,333,99,0,0,0,0,0,0,0,0,0,37
95,3056,9,351,100,0,0,0,0,0,0,0,0,0,39
96,2444,9,333,100,0,0,0,0,0,0,0,0,0,37
97,2552,9,333,100,0,0,0,0,0,0,0,0,0,37
98,2660,9,297,100,0,0,0,0,0,0,0,0,0,33
99,2612,9,306,100,0,0,0,0,0,0,0,0,0,34
100,1620,9,279,100,0,0,0,0,0,0,0,0,0,31
101,1388,9,279,100,0,0,0,0,0,0,0,0,0,31
102,1636,9,288,100,0,0,0,0,0,0,0,0,0,32
103,908,9,279,100,0,0,0,0,0,0,0,0,0,31
104,1012,9,279,100,0,0,0,0,0,0,0,0,0,31
105,752,9,297,100,0,0,0,0,0,0,0,0,0,33
106,924,9,306,100,0,0,0,0,0,0,0,0,0,34
107,916,9,297,100,0,0,0,0,0,0,0,0,0,33
108,1032,9,297,100,0,0,0,0,0,0,0,0,0,33
109,920,9,297,100,0,0,0,0,0,0,0,0,0,33
110,1048,9,279,100,0,0,0,0,0,0,0,0,0,31
111,1224,9,297,100,0,0,0,0,0,0,0,0,0,33
112,1144,9,270,100,0,0,0,0,0,0,0,0,0,30
113,860,9,279,100,0,0,0,0,0,0,0,0,0,31
114,972,9,288,100,0,0,0,0,0,0,0,0,0,32
115,724,9,297,100,0,0,0,0,0,0,0,0,0,33
116,732,9,297,100,0,0,0,0,0,0,0,0,0,33
117,456,9,270,100,0,0,0,0,0,0,0,0,0,30
118,1056,9,297,100,0,0,0,0,0,0,0,0,0,33
119,964,9,306,100,0,0,0,0,0,0,0,0,0,34
120,720,9,270,100,0,0,0,0,0,0,0,0,0,30
121,1052,9,315,100,0,0,0,0,0,0,0,0,0,35
122,1040,9,324,100,0,0,0,0,0,0,0,0,0,36
123,1296,9,297,100,0,0,0,0,0,0,0,0,0,33
124,932,9,261,100,0,0,0,0,0,0,0,0,0,29
125,1196,9,297,100,0,0,0,0,0,0,0,0,0,33
126,1336,9,306,100,0,0,0,0,0,0,0,0,0,34
127,1228,9,297,100,0,0,0,0,0,0,0,0,0,33
128,1404,9,288,100,0,0,0,0,0,0,0,0,0,32
129,1448,9,297,100,0,0,0,0,0,0,0,0,0,33
130,1520,9,333,100,0,0,0,0,0,0,0,0,0,37
131,1576,9,306,100,0,0,0,0,0,0,0,0,0,34
132,1364,9,315,100,0,0,0,0,0,0,0,0,0,35
133,1724,9,360,100,0,0,0,0,0,0,0,0,0,40
134,1080,9,351,100,0,0,0,0,0,0,0,0,0,39
135,824,9,324,100,0,0,0,0,0,0,0,0,0,36
136,1136,9,378,100,0,0,0,0,0,0,0,0,0,42
137,1032,9,369,100,0,0,0,0,0,0,0,0,0,41
138,1188,9,387,100,0,0,0,0,0,0,0,0,0,43
139,1212,9,369,100,0,0,0,0,0,0,0,0,0,41
140,1304,9,396,100,0,0,0,0,0,0,0,0,0,44
141,1304,9,387,100,0,0,0,0,0,0,0,0,0,43
142,972,9,351,100,0,0,0,0,0,0,0,0,0,39
143,804,9,360,100,0,0,0,0,0,0,0,0,0,40
144,888,9,378,100,0,0,0,0,0,0,0,0,0,42
145,920,9,360,100,0,0,0,0,0,0,0,0,0,40
146,788,9,387,100,0,0,0,0,0,0,0,0,0,43
147,892,9,387,100,0,0,0,0,0,0,0,0,0,43
148,964,9,378,100,0,0,0,0,0,0,0,0,0,42
149,972,9,342,100,0,0,0,0,0,0,0,0,0,38
150,976,9,360,100,0,0,0,0,0,0,0,0,0,40
151,948,9,360,100,0,0,0,0,0,0,0,0,0,40
152,1220,9,414,100,0,0,0,0,0,0,0,0,0,46
153,1056,9,396,100,0,0,0,0,0,0,0,0,0,44
154,1232,9,378,100,0,0,0,0,0,0,0,0,0,42
155,1124,9,369,100,0,0,0,0,0,0,0,0,0,41
156,1036,9,360,100,0,0,0,0,0,0,0,0,0,40
157,1176,9,360,100,0,0,0,0,0,0,0,0,0,40
158,1132,9,360,100,0,0,0,0,0,0,0,0,0,40
159,1356,9,333,100,0,0,0,0,0,0,0,0,0,37
160,1328,9,342,100,0,0,0,0,0,0,0,0,0,38
161,1324,9,378,100,0,0,0,0,0,0,0,0,0,42
162,992,9,351,100,0,0,0,0,0,0,0,0,0,39
163,1012,9,387,100,0,0,0,0,0,0,0,0,0,43
164,828,9,360,100,0,0,0,0,0,0,0,0,0,40
165,792,9,360,100,0,0,0,0,0,0,0,0,0,40
166,884,9,378,100,0,0,0,0,0,0,0,0,0,42
167,760,9,387,100,0,0,0,0,0,0,0,0,0,43
168,472,9,369,100,0,0,0,0,0,0,0,0,0,41
169,792,9,387,100,0,0,0,0,0,0,0,0,0,43
170,692,9,360,100,0,0,0,0,0,0,0,0,0,40
171,756,9,360,100,0,0,0,0,0,0,0,0,0,40
172,756,9,369,100,0,0,0,0,0,0,0,0,0,41
173,784,9,378,100,0,0,0,0,0,0,0,0,0,42
174,844,9,369,100,0,0,0,0,0,0,0,0,0,41
175,936,9,369,100,0,0,0,0,0,0,0,0,0,41
176,856,9,387,100,0,0,0,0,0,0,0,0,0,43
177,852,9,360,100,0,0,0,0,0,0,0,0,0,40
178,792,9,342,100,0,0,0,0,0,0,0,0,0,38
179,976,9,378,100,0,0,0,0,0,0,0,0,0,42
180,1324,9,387,100,0,0,0,0,0,0,0,0,0,43
181,1216,9,360,100,0,0,0,0,0,0,0,0,0,40
182,1064,9,378,100,0,0,0,0,0,0,0,0,0,42
183,1096,9,396,100,0,0,0,0,0,0,0,0,0,44
184,912,9,378,100,0,0,0,0,0,0,0,0,0,42
185,968,9,369,100,0,0,0,0,0,0,0,0,0,41
186,944,9,369,100,0,0,0,0,0,0,0,0,0,41
187,752,9,378,100,0,0,0,0,0,0,0,0,0,42
188,748,9,333,100,0,0,0,0,0,0,0,0,0,37
189,608,9,351,100,0,0,0,0,0,0,0,0,0,39
190,932,9,387,100,0,0,0,0,0,0,0,0,0,43
191,912,9,360,100,0,0,0,0,0,0,0,0,0,40
192,808,9,351,100,0,0,0,0,0,0,0,0,0,39
193,824,9,360,100,0,0,0,0,0,0,0,0,0,40
194,972,9,369,100,0,0,0,0,0,0,0,0,0,41
195,1020,9,405,100,0,0,0,0,0,0,0,0,0,45
196,876,9,369,100,0,0,0,0,0,0,0,0,0,41
197,976,9,369,100,0,0,0,0,0,0,0,0,0,41
198,856,9,360,100,0,0,0,0,0,0,0,0,0,40
199,1032,9,378,100,0,0,0,0,0,0,0,0,0,42
200,1064,9,360,100,0,0,0,0,0,0,0,0,0,40
201,1216,9,432,100,0,0,0,0,0,0,0,0,0,48
202,1276,9,432,100,0,0,0,0,0,0,0,0,0,48
203,1048,9,405,100,0,0,0,0,0,0,0,0,0,45
204,1028,9,414,100,0,0,0,0,0,0,0,0,0,46
205,968,9,405,100,0,0,0,0,0,0,0,0,0,45
206,1032,9,432,100,0,0,0,0,0,0,0,0,0,48
207,1060,9,405,100,0,0,0,0,0,0,0,0,0,45
208,1052,9,423,100,0,0,0,0,0,0,0,0,0,47
209,1116,9,414,100,0,0,0,0,0,0,0,0,0,46
210,1116,9,405,100,0,0,0,0,0,0,0,0,0,45
211,852,9,378,100,0,0,0,0,0,0,0,0,0,42
212,928,9,405,100,0,0,0,0,0,0,0,0,0,45
213,1236,9,423,100,0,0,0,0,0,0,0,0,0,47
214,1292,9,432,100,0,0,0,0,0,0,0,0,0,48
215,1172,9,432,100,0,0,0,0,0,0,0,0,0,48
216,1464,9,441,100,0,0,0,0,0,0,0,0,0,49
217,1476,9,450,100,0,0,0,0,0,0,0,0,0,50
218,1292,9,423,100,0,0,0,0,0,0,0,0,0,47
219,1440,9,432,100,0,0,0,0,0,0,0,0,0,48
220,1640,9,414,100,0,0,0,0,0,0,0,0,0,46
221,1976,9,414,100,0,0,0,0,0,0,0,0,0,46
222,1928,9,423,100,0,0,0,0,0,0,0,0,0,47
223,1612,9,414,100,0,0,0,0,0,0,0,0,0,46
224,1552,9,378,100,0,0,0,0,0,0,0,0,0,42
225,1624,9,378,100,0,0,0,0,0,0,0,0,0,42
226,1684,9,369,100,0,0,0,0,0,0,0,0,0,41
227,1848,9,396,100,0,0,0,0,0,0,0,0,0,44
228,1760,9,414,100,0,0,0,0,0,0,0,0,0,46
229,1740,9,423,100,0,0,0,0,0,0,0,0,0,47
230,1668,9,432,100,0,0,0,0,0,0,0,0,0,48
231,1760,9,486,100,0,0,0,0,0,0,0,0,0,54
232,1592,9,432,100,0,0,0,0,0,0,0,0,0,48
233,1804,9,414,100,0,0,0,0,0,0,0,0,0,46
234,1960,9,414,100,0,0,0,0,0,0,0,0,0,46
235,1676,9,387,100,0,0,0,0,0,0,0,0,0,43
236,1856,9,459,100,0,0,0,0,0,0,0,0,0,51
237,1768,9,441,100,0,0,0,0,0,0,0,0,0,49
238,1672,9,441,100,0,0,0,0,0,0,0,0,0,49
239,1732,9,414,100,0,0,0,0,0,0,0,0,0,46
240,1688,9,387,100,0,0,0,0,0,0,0,0,0,43
241,1384,9,414,100,0,0,0,0,0,0,0,0,0,46
242,1616,9,396,100,0,0,0,0,0,0,0,0,0,44
243,1620,9,423,100,0,0,0,0,0,0,0,0,0,47
244,1144,9,423,100,0,0,0,0,0,0,0,0,0,47
245,1372,9,423,100,0,0,0,0,0,0,0,0,0,47
246,1512,9,432,100,0,0,0,0,0,0,0,0,0,48
247,1492,9,414,100,0,0,0,0,0,0,0,0,0,46
248,1368,9,441,100,0,0,0,0,0,0,0,0,0,49
249,1268,9,441,100,0,0,0,0,0,0,0,0,0,49
250,1424,9,432,100,0,0,0,0,0,0,0,0,0,48
251,1452,9,441,100,0,0,0,0,0,0,0,0,0,49
252,1300,9,414,100,0,0,0,0,0,0,0,0,0,46
253,1536,9,441,100,0,0,0,0,0,0,0,0,0,49
254,1388,9,432,100,0,0,0,0,0,0,0,0,0,48
255,1640,9,459,100,0,0,0,0,0,0,0,0,0,51
256,1464,9,414,100,0,0,0,0,0,0,0,0,0,46
257,1500,9,441,100,0,0,0,0,0,0,0,0,0,49
258,1676,9,459,100,0,0,0,0,0,0,0,0,0,51
259,1560,9,423,100,0,0,0,0,0,0,0,0,0,47
260,1616,9,450,100,0,0,0,0,0,0,0,0,0,50
261,1796,9,450,100,0,0,0,0,0,0,0,0,0,50
262,1208,9,405,100,0,0,0,0,0,0,0,0,0,45
263,1404,9,396,100,0,0,0,0,0,0,0,0,0,44
264,1220,9,414,100,0,0,0,0,0,0,0,0,0,46
265,1292,9,432,100,0,0,0,0,0,0,0,0,0,48
266,1600,9,423,100,0,0,0,0,0,0,0,0,0,47
267,1816,9,432,100,0,0,0,0,0,0,0,0,0,48
268,1604,9,387,100,0,0,0,0,0,0,0,0,0,43
269,1692,9,432,100,0,0,0,0,0,0,0,0,0,48
270,1892,9,432,100,0,0,0,0,0,0,0,0,0,48
271,1952,9,450,100,0,0,0,0,0,0,0,0,0,50
272,1636,9,441,100,0,0,0,0,0,0,0,0,0,49
273,1524,9,450,100,0,0,0,0,0,0,0,0,0,50
274,1608,9,477,100,0,0,0,0,0,0,0,0,0,53
275,2084,9,504,100,0,0,0,0,0,0,0,0,0,56
276,1840,9,450,100,0,0,0,0,0,0,0,0,0,50
277,1812,9,486,100,0,0,0,0,0,0,0,0,0,54
278,1256,9,432,100,0,0,0,0,0,0,0,0,0,48
279,1444,9,459,100,0,0,0,0,0,0,0,0,0,51
280,1384,9,423,100,0,0,0,0,0,0,0,0,0,47
281,1164,9,405,100,0,0,0,0,0,0,0,0,0,45
282,1008,9,387,100,0,0,0,0,0,0,0,0,0,43
283,944,9,369,100,0,0,0,0,0,0,0,0,0,41
284,1184,9,387,100,0,0,0,0,0,0,0,0,0,43
285,1356,9,432,100,0,0,0,0,0,0,0,0,0,48
286,1680,9,450,100,0,0,0,0,0,0,0,0,0,50
287,1492,9,423,100,0,0,0,0,0,0,0,0,0,47
288,1948,9,441,100,0,0,0,0,0,0,0,0,0,49
289,2324,9,459,100,0,0,0,0,0,0,0,0,0,51
290,2240,9,369,100,0,0,0,0,0,0,0,0,0,41
291,2084,9,396,100,0,0,0,0,0,0,0,0,0,44
292,2704,9,468,100,0,0,0,0,0,0,0,0,0,52
293,2256,9,396,100,0,0,0,0,0,0,0,0,0,44
294,2248,9,450,100,0,0,0,0,0,0,0,0,0,50
295,1680,9,432,100,0,0,0,0,0,0,0,0,0,48
296,1708,9,450,100,0,0,0,0,0,0,0,0,0,50
297,1548,9,387,100,0,0,0,0,0,0,0,0,0,43
298,1428,9,414,100,0,0,0,0,0,0,0,0,0,46
299,1436,9,423,100,0,0,0,0,0,0,0,0,0,47
300,1708,9,423,100,0,0,0,0,0,0,0,0,0,47
301,1408,9,414,100,0,0,0,0,0,0,0,0,0,46
302,1456,9,432,100,0,0,0,0,0,0,0,0,0,48
303,1420,9,414,100,0,0,0,0,0,0,0,0,0,46
304,1588,9,450,100,0,0,0,0,0,0,0,0,0,50
305,1684,9,396,100,0,0,0,0,0,0,0,0,0,44
306,1908,9,414,100,0,0,0,0,0,0,0,0,0,46
307,2208,9,468,100,0,0,0,0,0,0,0,0,0,52
308,2032,9,432,100,0,0,0,0,0,0,0,0,0,48
309,2092,9,441,100,0,0,0,0,0,0,0,0,0,49
310,1788,9,459,100,0,0,0,0,0,0,0,0,0,51
311,1712,9,468,100,0,0,0,0,0,0,0,0,0,52
312,1700,9,468,100,0,0,0,0,0,0,0,0,0,52
313,1488,9,432,100,0,0,0,0,0,0,0,0,0,48
314,1508,9,459,100,0,0,0,0,0,0,0,0,0,51
315,1816,9,432,100,0,0,0,0,0,0,0,0,0,48
316,2184,9,441,100,0,0,0,0,0,0,0,0,0,49
317,1940,9,405,100,0,0,0,0,0,0,0,0,0,45
318,2208,9,432,100,0,0,0,0,0,0,0,0,0,48
319,2064,9,414,100,0,0,0,0,0,0,0,0,0,46
320,2160,9,414,100,0,0,0,0,0,0,0,0,0,46
321,2340,9,441,100,0,0,0,0,0,0,0,0,0,49
322,1528,9,387,100,0,0,0,0,0,0,0,0,0,43
323,1512,9,405,100,0,0,0,0,0,0,0,0,0,45
324,1544,9,414,100,0,0,0,0,0,0,0,0,0,46
325,1864,9,423,100,0,0,0,0,0,0,0,0,0,47
326,1512,9,387,100,0,0,0,0,0,0,0,0,0,43
327,2092,9,423,100,0,0,0,0,0,0,0,0,0,47
328,2212,9,441,100,0,0,0,0,0,0,0,0,0,49
329,1584,9,405,100,0,0,0,0,0,0,0,0,0,45
330,1672,9,441,100,0,0,0,0,0,0,0,0,0,49
331,1468,9,396,100,0,0,0,0,0,0,0,0,0,44
332,1824,9,405,100,0,0,0,0,0,0,0,0,0,45
333,2148,9,405,100,0,0,0,0,0,0,0,0,0,45
334,1884,9,477,100,0,0,0,0,0,0,0,0,0,53
335,1568,9,423,100,0,0,0,0,0,0,0,0,0,47
336,1672,9,423,100,0,0,0,0,0,0,0,0,0,47
337,1392,9,414,100,0,0,0,0,0,0,0,0,0,46
338,1436,9,450,100,0,0,0,0,0,0,0,0,0,50
339,1540,9,441,100,0,0,0,0,0,0,0,0,0,49
340,1952,9,477,100,0,0,0,0,0,0,0,0,0,53
341,2068,9,423,100,0,0,0,0,0,0,0,0,0,47
342,2192,9,405,100,0,0,0,0,0,0,0,0,0,45
343,2112,9,423,100,0,0,0,0,0,0,0,0,0,47
344,2604,9,423,100,0,0,0,0,0,0,0,0,0,47
345,2252,9,405,100,0,0,0,0,0,0,0,0,0,45
346,2232,9,405,100,0,0,0,0,0,0,0,0,0,45
347,2292,9,423,100,0,0,0,0,0,0,0,0,0,47
348,2092,9,414,100,0,0,0,0,0,0,0,0,0,46
349,2144,9,432,100,0,0,0,0,0,0,0,0,0,48
350,2352,9,450,100,0,0,0,0,0,0,0,0,0,50
351,1708,9,468,100,0,0,0,0,0,0,0,0,0,52
352,1288,9,396,100,0,0,0,0,0,0,0,0,0,44
353,1376,9,468,100,0,0,0,0,0,0,0,0,0,52
354,1488,9,459,100,0,0,0,0,0,0,0,0,0,51
355,1752,9,477,100,0,0,0,0,0,0,0,0,0,53
356,1796,9,441,100,0,0,0,0,0,0,0,0,0,49
357,1548,9,414,100,0,0,0,0,0,0,0,0,0,46
358,1744,9,432,100,0,0,0,0,0,0,0,0,0,48
359,1340,9,405,100,0,0,0,0,0,0,0,0,0,45
360,1568,9,405,100,0,0,0,0,0,0,0,0,0,45
361,1640,9,414,100,0,0,0,0,0,0,0,0,0,46
362,2132,9,432,100,0,0,0,0,0,0,0,0,0,48
363,1832,9,414,100,0,0,0,0,0,0,0,0,0,46
364,1792,9,378,100,0,0,0,0,0,0,0,0,0,42
365,1612,9,378,100,0,0,0,0,0,0,0,0,0,42
366,1580,9,414,100,0,0,0,0,0,0,0,0,0,46
367,1584,9,414,100,0,0,0,0,0,0,0,0,0,46
368,1396,9,414,100,0,0,0,0,0,0,0,0,0,46
369,1604,9,405,100,0,0,0,0,0,0,0,0,0,45
370,1296,9,387,100,0,0,0,0,0,0,0,0,0,43
371,1652,9,441,100,0,0,0,0,0,0,0,0,0,49
372,1716,9,405,100,0,0,0,0,0,0,0,0,0,45
373,1624,9,432,100,0,0,0,0,0,0,0,0,0,48
374,1204,9,432,100,0,0,0,0,0,0,0,0,0,48
375,1192,9,405,100,0,0,0,0,0,0,0,0,0,45
376,1416,9,396,100,0,0,0,0,0,0,0,0,0,44
377,1632,9,405,100,0,0,0,0,0,0,0,0,0,45
378,1376,9,396,100,0,0,0,0,0,0,0,0,0,44
379,992,9,387,100,0,0,0,0,0,0,0,0,0,43
380,1072,9,414,100,0,0,0,0,0,0,0,0,0,46
381,1208,9,450,100,0,0,0,0,0,0,0,0,0,50
382,1228,9,423,100,0,0,0,0,0,0,0,0,0,47
383,1292,9,369,100,0,0,0,0,0,0,0,0,0,41
384,1616,9,432,100,0,0,0,0,0,0,0,0,0,48
385,1384,9,405,100,0,0,0,0,0,0,0,0,0,45
386,1144,9,396,100,0,0,0,0,0,0,0,0,0,44
387,1360,9,414,100,0,0,0,0,0,0,0,0,0,46
388,976,9,360,100,0,0,0,0,0,0,0,0,0,40
389,1116,9,396,100,0,0,0,0,0,0,0,0,0,44
390,1220,9,396,100,0,0,0,0,0,0,0,0,0,44
391,1408,9,378,100,0,0,0,0,0,0,0,0,0,42
392,1492,9,351,100,0,0,0,0,0,0,0,0,0,39
393,1136,9,369,100,0,0,0,0,0,0,0,0,0,41
394,1280,9,387,100,0,0,0,0,0,0,0,0,0,43
395,1096,9,360,100,0,0,0,0,0,0,0,0,0,40
396,1432,9,423,100,0,0,0,0,0,0,0,0,0,47
397,1228,9,396,100,0,0,0,0,0,0,0,0,0,44
398,1732,9,459,100,0,0,0,0,0,0,0,0,0,51
399,1216,9,387,100,0,0,0,0,0,0,0,0,0,43
400,1272,9,405,100,0,0,0,0,0,0,0,0,0,45
401,1616,9,387,100,0,0,0,0,0,0,0,0,0,43
402,1940,9,378,100,0,0,0,0,0,0,0,0,0,42
403,1688,9,378,100,0,0,0,0,0,0,0,0,0,42
404,1636,9,378,100,0,0,0,0,0,0,0,0,0,42
405,1592,9,351,100,0,0,0,0,0,0,0,0,0,39
406,1996,9,378,100,0,0,0,0,0,0,0,0,0,42
407,2228,9,378,100,0,0,0,0,0,0,0,0,0,42
408,2576,9,378,100,0,0,0,0,0,0,0,0,0,42
409,1968,9,387,100,0,0,0,0,0,0,0,0,0,43
410,1368,9,378,100,0,0,0,0,0,0,0,0,0,42
411,1532,9,378,100,0,0,0,0,0,0,0,0,0,42
412,1520,9,387,100,0,0,0,0,0,0,0,0,0,43
413,1720,9,432,100,0,0,0,0,0,0,0,0,0,48
414,1760,9,405,100,0,0,0,0,0,0,0,0,0,45
415,1808,9,405,100,0,0,0,0,0,0,0,0,0,45
416,1576,9,423,100,0,0,0,0,0,0,0,0,0,47
417,1560,9,414,100,0,0,0,0,0,0,0,0,0,46
418,1320,9,405,100,0,0,0,0,0,0,0,0,0,45
419,1436,9,414,100,0,0,0,0,0,0,0,0,0,46
420,1744,9,459,100,0,0,0,0,0,0,0,0,0,51
421,1472,9,441,100,0,0,0,0,0,0,0,0,0,49
422,1344,9,423,100,0,0,0,0,0,0,0,0,0,47
423,1480,9,387,100,0,0,0,0,0,0,0,0,0,43
424,1144,9,342,100,0,0,0,0,0,0,0,0,0,38
425,1676,9,405,100,0,0,0,0,0,0,0,0,0,45
426,1628,9,369,100,0,0,0,0,0,0,0,0,0,41
427,1644,9,387,100,0,0,0,0,0,0,0,0,0,43
428,1872,9,414,100,0,0,0,0,0,0,0,0,0,46
429,2052,9,432,100,0,0,0,0,0,0,0,0,0,48
430,1876,9,432,100,0,0,0,0,0,0,0,0,0,48
431,1564,9,441,100,0,0,0,0,0,0,0,0,0,49
432,1748,9,459,100,0,0,0,0,0,0,0,0,0,51
433,1496,9,414,100,0,0,0,0,0,0,0,0,0,46
434,1676,9,423,100,0,0,0,0,0,0,0,0,0,47
435,1612,9,405,100,0,0,0,0,0,0,0,0,0,45
436,1756,9,405,100,0,0,0,0,0,0,0,0,0,45
437,1844,9,414,100,0,0,0,0,0,0,0,0,0,46
438,2100,9,387,100,0,0,0,0,0,0,0,0,0,43
439,1852,9,396,100,0,0,0,0,0,0,0,0,0,44
440,1632,9,405,100,0,0,0,0,0,0,0,0,0,45
441,1528,9,387,100,0,0,0,0,0,0,0,0,0,43
442,1760,9,378,100,0,0,0,0,0,0,0,0,0,42
443,1856,9,396,100,0,0,0,0,0,0,0,0,0,44
444,1392,9,396,100,0,0,0,0,0,0,0,0,0,44
445,1784,9,396,100,0,0,0,0,0,0,0,0,0,44
446,1592,9,378,100,0,0,0,0,0,0,0,0,0,42
447,1588,9,414,100,0,0,0,0,0,0,0,0,0,46
448,1328,9,405,100,0,0,0,0,0,0,0,0,0,45
449,1592,9,396,100,0,0,0,0,0,0,0,0,0,44
450,1268,9,378,100,0,0,0,0,0,0,0,0,0,42
451,1476,9,423,100,0,0,0,0,0,0,0,0,0,47
452,1276,9,369,100,0,0,0,0,0,0,0,0,0,41
453,1628,9,477,100,0,0,0,0,0,0,0,0,0,53
454,1712,9,450,100,0,0,0,0,0,0,0,0,0,50
455,1412,9,477,100,0,0,0,0,0,0,0,0,0,53
456,1588,9,477,100,0,0,0,0,0,0,0,0,0,53
457,1112,9,396,100,0,0,0,0,0,0,0,0,0,44
458,1368,9,405,100,0,0,0,0,0,0,0,0,0,45
459,1328,9,360,100,0,0,0,0,0,0,0,0,0,40
460,1484,9,378,100,0,0,0,0,0,0,0,0,0,42
461,1228,9,369,100,0,0,0,0,0,0,0,0,0,41
462,1528,9,360,100,0,0,0,0,0,0,0,0,0,40
463,1716,9,396,100,0,0,0,0,0,0,0,0,0,44
464,1496,9,396,100,0,0,0,0,0,0,0,0,0,44
465,1476,9,423,100,0,0,0,0,0,0,0,0,0,47
466,1288,9,423,100,0,0,0,0,0,0,0,0,0,47
467,1348,9,396,100,0,0,0,0,0,0,0,0,0,44
468,1416,9,450,100,0,0,0,0,0,0,0,0,0,50
469,1172,9,441,100,0,0,0,0,0,0,0,0,0,49
470,1576,9,441,100,0,0,0,0,0,0,0,0,0,49
471,1308,9,459,100,0,0,0,0,0,0,0,0,0,51
472,1420,9,468,100,0,0,0,0,0,0,0,0,0,52
473,1404,9,450,100,0,0,0,0,0,0,0,0,0,50
474,1148,9,378,100,0,0,0,0,0,0,0,0,0,42
475,1348,9,405,100,0,0,0,0,0,0,0,0,0,45
476,1416,9,378,100,0,0,0,0,0,0,0,0,0,42
477,1320,9,387,100,0,0,0,0,0,0,0,0,0,43
478,1216,9,360,100,0,0,0,0,0,0,0,0,0,40
479,1340,9,432,100,0,0,0,0,0,0,0,0,0,48
480,1308,9,369,100,0,0,0,0,0,0,0,0,0,41
481,1564,9,423,100,0,0,0,0,0,0,0,0,0,47
482,1276,9,405,100,0,0,0,0,0,0,0,0,0,45
483,1412,9,441,100,0,0,0,0,0,0,0,0,0,49
484,1260,9,414,100,0,0,0,0,0,0,0,0,0,46
485,1576,9,468,100,0,0,0,0,0,0,0,0,0,52
486,1264,9,432,100,0,0,0,0,0,0,0,0,0,48
487,996,9,414,100,0,0,0,0,0,0,0,0,0,46
488,1128,9,405,100,0,0,0,0,0,0,0,0,0,45
489,1188,9,396,100,0,0,0,0,0,0,0,0,0,44
490,1288,9,414,100,0,0,0,0,0,0,0,0,0,46
491,1328,9,423,100,0,0,0,0,0,0,0,0,0,47
492,1412,9,405,100,0,0,0,0,0,0,0,0,0,45
493,1420,9,450,100,0,0,0,0,0,0,0,0,0,50
494,1348,9,423,100,0,0,0,0,0,0,0,0,0,47
495,1520,9,441,100,0,0,0,0,0,0,0,0,0,49
496,1272,9,396,100,0,0,0,0,0,0,0,0,0,44
497,1360,9,432,100,0,0,0,0,0,0,0,0,0,48
498,1580,9,450,100,0,0,0,0,0,0,0,0,0,50
499,1688,9,486,100,0,0,0,0,0,0,0,0,0,54
500,1608,9,468,100,0,0,0,0,0,0,0,0,0,52
501,1596,9,459,100,0,0,0,0,0,0,0,0,0,51
502,1680,9,468,100,0,0,0,0,0,0,0,0,0,52
503,1632,9,441,100,0,0,0,0,0,0,0,0,0,49
504,1768,9,414,100,0,0,0,0,0,0,0,0,0,46
505,1844,9,450,100,0,0,0,0,0,0,0,0,0,50
506,1712,9,432,100,0,0,0,0,0,0,0,0,0,48
507,1564,9,423,100,0,0,0,0,0,0,0,0,0,47
508,1240,9,414,100,0,0,0,0,0,0,0,0,0,46
509,1504,9,405,100,0,0,0,0,0,0,0,0,0,45
510,1528,9,405,100,0,0,0,0,0,0,0,0,0,45
511,1440,9,369,100,0,0,0,0,0,0,0,0,0,41
512,1268,9,387,100,0,0,0,0,0,0,0,0,0,43
513,1488,9,414,100,0,0,0,0,0,0,0,0,0,46
514,1348,9,396,100,0,0,0,0,0,0,0,0,0,44
515,1708,9,486,100,0,0,0,0,0,0,0,0,0,54
516,1392,9,477,100,0,0,0,0,0,0,0,0,0,53
517,1124,9,432,100,0,0,0,0,0,0,0,0,0,48
518,1396,9,441,100,0,0,0,0,0,0,0,0,0,49
519,1172,9,432,100,0,0,0,0,0,0,0,0,0,48
520,1332,9,441,100,0,0,0,0,0,0,0,0,0,49
521,1232,9,450,100,0,0,0,0,0,0,0,0,0,50
522,1112,9,423,100,0,0,0,0,0,0,0,0,0,47
523,1616,9,504,100,0,0,0,0,0,0,0,0,0,56
524,1588,9,450,100,0,0,0,0,0,0,0,0,0,50
525,1476,9,477,100,0,0,0,0,0,0,0,0,0,53
526,1424,9,423,100,0,0,0,0,0,0,0,0,0,47
527,1568,9,414,100,0,0,0,0,0,0,0,0,0,46
528,1956,9,441,100,0,0,0,0,0,0,0,0,0,49
529,1872,9,405,100,0,0,0,0,0,0,0,0,0,45
530,1448,9,405,100,0,0,0,0,0,0,0,0,0,45
531,1820,9,459,100,0,0,0,0,0,0,0,0,0,51
532,1364,9,414,100,0,0,0,0,0,0,0,0,0,46
533,1400,9,423,100,0,0,0,0,0,0,0,0,0,47
534,1444,9,423,100,0,0,0,0,0,0,0,0,0,47
535,1172,9,396,100,0,0,0,0,0,0,0,0,0,44
536,1432,9,405,100,0,0,0,0,0,0,0,0,0,45
537,1340,9,396,100,0,0,0,0,0,0,0,0,0,44
538,920,9,360,100,0,0,0,0,0,0,0,0,0,40
539,1288,9,396,100,0,0,0,0,0,0,0,0,0,44
540,1164,9,396,100,0,0,0,0,0,0,0,0,0,44
541,1216,9,369,100,0,0,0,0,0,0,0,0,0,41
542,1180,9,342,100,0,0,0,0,0,0,0,0,0,38
543,1428,9,405,100,0,0,0,0,0,0,0,0,0,45
544,1200,9,360,100,0,0,0,0,0,0,0,0,0,40
545,1596,9,414,100,0,0,0,0,0,0,0,0,0,46
546,1388,9,369,100,0,0,0,0,0,0,0,0,0,41
547,1528,9,378,100,0,0,0,0,0,0,0,0,0,42
548,1532,9,378,100,0,0,0,0,0,0,0,0,0,42
549,1276,9,387,100,0,0,0,0,0,0,0,0,0,43
550,1364,9,405,100,0,0,0,0,0,0,0,0,0,45
551,1548,9,423,100,0,0,0,0,0,0,0,0,0,47
552,1216,9,396,100,0,0,0,0,0,0,0,0,0,44
553,1144,9,387,100,0,0,0,0,0,0,0,0,0,43
554,1248,9,378,100,0,0,0,0,0,0,0,0,0,42
555,1088,9,369,100,0,0,0,0,0,0,0,0,0,41
556,1240,9,423,100,0,0,0,0,0,0,0,0,0,47
557,1212,9,405,100,0,0,0,0,0,0,0,0,0,45
558,1340,9,432,100,0,0,0,0,0,0,0,0,0,48
559,1488,9,432,100,0,0,0,0,0,0,0,0,0,48
560,1076,9,414,100,0,0,0,0,0,0,0,0,0,46
561,1068,9,405,100,0,0,0,0,0,0,0,0,0,45
562,1048,9,396,100,0,0,0,0,0,0,0,0,0,44
563,1128,9,378,100,0,0,0,0,0,0,0,0,0,42
564,1236,9,432,100,0,0,0,0,0,0,0,0,0,48
565,1388,9,414,100,0,0,0,0,0,0,0,0,0,46
566,1344,9,414,100,0,0,0,0,0,0,0,0,0,46
567,1160,9,405,100,0,0,0,0,0,0,0,0,0,45
568,1220,9,378,100,0,0,0,0,0,0,0,0,0,42
569,1092,9,360,100,0,0,0,0,0,0,0,0,0,40
570,1408,9,450,100,0,0,0,0,0,0,0,0,0,50
571,1196,9,459,100,0,0,0,0,0,0,0,0,0,51
572,1252,9,441,100,0,0,0,0,0,0,0,0,0,49
573,1184,9,450,100,0,0,0,0,0,0,0,0,0,50
574,980,9,423,100,0,0,0,0,0,0,0,0,0,47
575,1168,9,414,100,0,0,0,0,0,0,0,0,0,46
576,1280,9,432,100,0,0,0,0,0,0,0,0,0,48
577,1140,9,423,100,0,0,0,0,0,0,0,0,0,47
578,1188,9,450,100,0,0,0,0,0,0,0,0,0,50
579,1208,9,423,100,0,0,0,0,0,0,0,0,0,47
580,1200,9,459,100,0,0,0,0,0,0,0,0,0,51
581,1164,9,468,100,0,0,0,0,0,0,0,0,0,52
582,1188,9,468,100,0,0,0,0,0,0,0,0,0,52
583,1116,9,441,100,0,0,0,0,0,0,0,0,0,49
584,1156,9,432,100,0,0,0,0,0,0,0,0,0,48
585,1356,9,432,100,0,0,0,0,0,0,0,0,0,48
586,1372,9,450,100,0,0,0,0,0,0,0,0,0,50
587,1260,9,414,100,0,0,0,0,0,0,0,0,0,46
588,1468,9,450,100,0,0,0,0,0,0,0,0,0,50
589,1240,9,423,100,0,0,0,0,0,0,0,0,0,47
590,1084,9,423,100,0,0,0,0,0,0,0,0,0,47
591,1448,9,459,100,0,0,0,0,0,0,0,0,0,51
592,1240,9,441,100,0,0,0,0,0,0,0,0,0,49
593,992,9,423,100,0,0,0,0,0,0,0,0,0,47
594,1460,9,459,100,0,0,0,0,0,0,0,0,0,51
595,1372,9,441,100,0,0,0,0,0,0,0,0,0,49
596,1340,9,423,100,0,0,0,0,0,0,0,0,0,47
597,1148,9,441,100,0,0,0,0,0,0,0,0,0,49
598,1148,9,405,100,0,0,0,0,0,0,0,0,0,45
599,1356,9,441,100,0,0,0,0,0,0,0,0,0,49
600,1272,9,450,100,0,0,0,0,0,0,0,0,0,50
601,1408,9,441,100,0,0,0,0,0,0,0,0,0,49
602,1352,9,468,100,0,0,0,0,0,0,0,0,0,52
603,1540,9,441,100,0,0,0,0,0,0,0,0,0,49
604,1744,9,468,100,0,0,0,0,0,0,0,0,0,52
605,1592,9,432,100,0,0,0,0,0,0,0,0,0,48
606,1652,9,441,100,0,0,0,0,0,0,0,0,0,49
607,1728,9,486,100,0,0,0,0,0,0,0,0,0,54
608,1288,9,468,100,0,0,0,0,0,0,0,0,0,52
609,1256,9,423,100,0,0,0,0,0,0,0,0,0,47
610,1328,9,396,100,0,0,0,0,0,0,0,0,0,44
611,1236,9,423,100,0,0,0,0,0,0,0,0,0,47
612,1172,9,414,100,0,0,0,0,0,0,0,0,0,46
613,1128,9,405,100,0,0,0,0,0,0,0,0,0,45
614,1304,9,405,100,0,0,0,0,0,0,0,0,0,45
615,1580,9,432,100,0,0,0,0,0,0,0,0,0,48
616,1588,9,423,100,0,0,0,0,0,0,0,0,0,47
617,1600,9,432,100,0,0,0,0,0,0,0,0,0,48
618,1388,9,432,100,0,0,0,0,0,0,0,0,0,48
619,1520,9,405,100,0,0,0,0,0,0,0,0,0,45
620,1592,9,396,100,0,0,0,0,0,0,0,0,0,44
621,1704,9,432,100,0,0,0,0,0,0,0,0,0,48
622,1472,9,459,100,0,0,0,0,0,0,0,0,0,51
623,1568,9,495,100,0,0,0,0,0,0,0,0,0,55
624,1504,9,513,100,0,0,0,0,0,0,0,0,0,57
625,1316,9,504,100,0,0,0,0,0,0,0,0,0,56
626,1568,9,486,100,0,0,0,0,0,0,0,0,0,54
627,1752,9,468,100,0,0,0,0,0,0,0,0,0,52
628,1656,9,441,100,0,0,0,0,0,0,0,0,0,49
629,1836,9,441,100,0,0,0,0,0,0,0,0,0,49
630,2144,9,468,100,0,0,0,0,0,0,0,0,0,52
631,2072,9,405,100,0,0,0,0,0,0,0,0,0,45
632,2428,9,387,100,0,0,0,0,0,0,0,0,0,43
633,1712,9,405,100,0,0,0,0,0,0,0,0,0,45
634,2132,9,432,100,0,0,0,0,0,0,0,0,0,48
635,1732,9,378,100,0,0,0,0,0,0,0,0,0,42
636,1400,9,387,100,0,0,0,0,0,0,0,0,0,43
637,1852,9,459,100,0,0,0,0,0,0,0,0,0,51
638,1876,9,405,100,0,0,0,0,0,0,0,0,0,45
639,1364,9,423,100,0,0,0,0,0,0,0,0,0,47
640,1552,9,432,100,0,0,0,0,0,0,0,0,0,48
641,1608,9,459,100,0,0,0,0,0,0,0,0,0,51
642,1676,9,468,100,0,0,0,0,0,0,0,0,0,52
643,1996,9,450,100,0,0,0,0,0,0,0,0,0,50
644,2144,9,459,100,0,0,0,0,0,0,0,0,0,51
645,1636,9,405,100,0,0,0,0,0,0,0,0,0,45
646,1884,9,396,100,0,0,0,0,0,0,0,0,0,44
647,2360,9,423,100,0,0,0,0,0,0,0,0,0,47
648,2392,9,414,100,0,0,0,0,0,0,0,0,0,46
649,2396,9,414,100,0,0,0,0,0,0,0,0,0,46
650,2444,9,387,100,0,0,0,0,0,0,0,0,0,43
651,2428,9,423,100,0,0,0,0,0,0,0,0,0,47
652,2168,9,423,100,0,0,0,0,0,0,0,0,0,47
653,2748,9,405,100,0,0,0,0,0,0,0,0,0,45
654,3512,9,459,100,0,0,0,0,0,0,0,0,0,51
655,3292,9,432,100,0,0,0,0,0,0,0,0,0,48
656,3020,9,441,100,0,0,0,0,0,0,0,0,0,49
657,3028,9,423,100,0,0,0,0,0,0,0,0,0,47
658,3352,9,414,100,0,0,0,0,0,0,0,0,0,46
659,3252,9,450,100,0,0,0,0,0,0,0,0,0,50
660,3788,9,459,100,0,0,0,0,0,0,0,0,0,51
661,3536,9,468,100,0,0,0,0,0,0,0,0,0,52
662,3552,9,450,100,0,0,0,0,0,0,0,0,0,50
663,2932,9,450,100,0,0,0,0,0,0,0,0,0,50
664,3132,9,477,100,0,0,0,0,0,0,0,0,0,53
665,2556,9,450,100,0,0,0,0,0,0,0,0,0,50
666,2104,9,468,100,0,0,0,0,0,0,0,0,0,52
667,2416,9,486,100,0,0,0,0,0,0,0,0,0,54
668,2536,9,504,100,0,0,0,0,0,0,0,0,0,56
669,2324,9,450,100,0,0,0,0,0,0,0,0,0,50
670,1768,9,405,100,0,0,0,0,0,0,0,0,0,45
671,1992,9,441,100,0,0,0,0,0,0,0,0,0,49
672,2336,9,450,100,0,0,0,0,0,0,0,0,0,50
673,2084,9,432,100,0,0,0,0,0,0,0,0,0,48
674,1956,9,432,100,0,0,0,0,0,0,0,0,0,48
675,2412,9,432,100,0,0,0,0,0,0,0,0,0,48
676,2284,9,396,100,0,0,0,0,0,0,0,0,0,44
677,2696,9,423,100,0,0,0,0,0,0,0,0,0,47
678,2420,9,387,100,0,0,0,0,0,0,0,0,0,43
679,2476,9,414,100,0,0,0,0,0,0,0,0,0,46
680,2396,9,423,100,0,0,0,0,0,0,0,0,0,47
681,2964,9,450,100,0,0,0,0,0,0,0,0,0,50
682,2872,9,441,100,0,0,0,0,0,0,0,0,0,49
683,3456,9,459,100,0,0,0,0,0,0,0,0,0,51
684,3416,9,468,100,0,0,0,0,0,0,0,0,0,52
685,3096,9,468,100,0,0,0,0,0,0,0,0,0,52
686,3744,9,477,100,0,0,0,0,0,0,0,0,0,53
687,3204,9,432,100,0,0,0,0,0,0,0,0,0,48
688,2908,9,405,100,0,0,0,0,0,0,0,0,0,45
689,3348,9,477,100,0,0,0,0,0,0,0,0,0,53
690,3580,9,414,100,0,0,0,0,0,0,0,0,0,46
691,3636,9,423,100,0,0,0,0,0,0,0,0,0,47
692,2560,9,396,100,0,0,0,0,0,0,0,0,0,44
693,2636,9,450,100,0,0,0,0,0,0,0,0,0,50
694,2648,9,423,100,0,0,0,0,0,0,0,0,0,47
695,2892,9,450,100,0,0,0,0,0,0,0,0,0,50
696,2352,9,423,100,0,0,0,0,0,0,0,0,0,47
697,2228,9,432,100,0,0,0,0,0,0,0,0,0,48
698,2248,9,441,100,0,0,0,0,0,0,0,0,0,49
699,2588,9,423,100,0,0,0,0,0,0,0,0,0,47
700,2872,9,504,100,0,0,0,0,0,0,0,0,0,56
701,1916,9,441,100,0,0,0,0,0,0,0,0,0,49
702,2252,9,450,100,0,0,0,0,0,0,0,0,0,50
703,2512,9,477,100,0,0,0,0,0,0,0,0,0,53
704,2388,9,450,100,0,0,0,0,0,0,0,0,0,50
705,2956,9,486,100,0,0,0,0,0,0,0,0,0,54
706,3200,9,477,100,0,0,0,0,0,0,0,0,0,53
707,2816,9,450,100,0,0,0,0,0,0,0,0,0,50
708,2272,9,459,100,0,0,0,0,0,0,0,0,0,51
709,2568,9,450,100,0,0,0,0,0,0,0,0,0,50
710,2200,9,477,100,0,0,0,0,0,0,0,0,0,53
711,1932,9,468,100,0,0,0,0,0,0,0,0,0,52
712,1676,9,459,100,0,0,0,0,0,0,0,0,0,51
713,1836,9,495,100,0,0,0,0,0,0,0,0,0,55
714,2116,9,504,100,0,0,0,0,0,0,0,0,0,56
715,3040,9,504,100,0,0,0,0,0,0,0,0,0,56
716,2492,9,486,100,0,0,0,0,0,0,0,0,0,54
717,2552,9,495,100,0,0,0,0,0,0,0,0,0,55
718,2760,9,495,100,0,0,0,0,0,0,0,0,0,55
719,2564,9,486,100,0,0,0,0,0,0,0,0,0,54
720,3008,9,477,100,0,0,0,0,0,0,0,0,0,53
721,2720,9,405,100,0,0,0,0,0,0,0,0,0,45
722,3032,9,441,100,0,0,0,0,0,0,0,0,0,49
723,2820,9,423,100,0,0,0,0,0,0,0,0,0,47
724,2188,9,468,100,0,0,0,0,0,0,0,0,0,52
725,2104,9,477,100,0,0,0,0,0,0,0,0,0,53
726,1824,9,468,100,0,0,0,0,0,0,0,0,0,52
727,1792,9,450,100,0,0,0,0,0,0,0,0,0,50
728,1600,9,477,100,0,0,0,0,0,0,0,0,0,53
729,1660,9,432,100,0,0,0,0,0,0,0,0,0,48
730,1604,9,450,100,0,0,0,0,0,0,0,0,0,50
731,1328,9,450,100,0,0,0,0,0,0,0,0,0,50
732,1152,9,441,100,0,0,0,0,0,0,0,0,0,49
733,1608,9,441,100,0,0,0,0,0,0,0,0,0,49
734,1648,9,468,100,0,0,0,0,0,0,0,0,0,52
735,1804,9,459,100,0,0,0,0,0,0,0,0,0,51
736,1616,9,405,100,0,0,0,0,0,0,0,0,0,45
737,1896,9,441,100,0,0,0,0,0,0,0,0,0,49
738,1824,9,450,100,0,0,0,0,0,0,0,0,0,50
739,1896,9,477,100,0,0,0,0,0,0,0,0,0,53
740,1608,9,486,100,0,0,0,0,0,0,0,0,0,54
741,1796,9,531,100,0,0,0,0,0,0,0,0,0,59
742,1412,9,504,100,0,0,0,0,0,0,0,0,0,56
743,1476,9,432,100,0,0,0,0,0,0,0,0,0,48
744,1804,9,459,100,0,0,0,0,0,0,0,0,0,51
745,1592,9,459,100,0,0,0,0,0,0,0,0,0,51
746,1388,9,432,100,0,0,0,0,0,0,0,0,0,48
747,1488,9,423,100,0,0,0,0,0,0,0,0,0,47
748,1500,9,441,100,0,0,0,0,0,0,0,0,0,49
749,1148,9,387,100,0,0,0,0,0,0,0,0,0,43
750,1324,9,459,100,0,0,0,0,0,0,0,0,0,51
751,1312,9,459,100,0,0,0,0,0,0,0,0,0,51
752,1232,9,450,100,0,0,0,0,0,0,0,0,0,50
753,1064,9,405,100,0,0,0,0,0,0,0,0,0,45
754,1516,9,468,100,0,0,0,0,0,0,0,0,0,52
755,1380,9,450,100,0,0,0,0,0,0,0,0,0,50
756,1344,9,459,100,0,0,0,0,0,0,0,0,0,51
757,1444,9,414,100,0,0,0,0,0,0,0,0,0,46
758,1764,9,414,100,0,0,0,0,0,0,0,0,0,46
759,1648,9,405,100,0,0,0,0,0,0,0,0,0,45
760,1636,9,423,100,0,0,0,0,0,0,0,0,0,47
761,1468,9,396,100,0,0,0,0,0,0,0,0,0,44
762,1160,9,432,100,0,0,0,0,0,0,0,0,0,48
763,1592,9,468,100,0,0,0,0,0,0,0,0,0,52
764,1388,9,450,100,0,0,0,0,0,0,0,0,0,50
765,1616,9,441,100,0,0,0,0,0,0,0,0,0,49
766,1472,9,450,100,0,0,0,0,0,0,0,0,0,50
767,1272,9,432,100,0,0,0,0,0,0,0,0,0,48
768,1612,9,459,100,0,0,0,0,0,0,0,0,0,51
769,1596,9,441,100,0,0,0,0,0,0,0,0,0,49
770,1704,9,513,100,0,0,0,0,0,0,0,0,0,57
771,1408,9,459,100,0,0,0,0,0,0,0,0,0,51
772,1536,9,450,100,0,0,0,0,0,0,0,0,0,50
773,1456,9,459,100,0,0,0,0,0,0,0,0,0,51
774,1372,9,414,100,0,0,0,0,0,0,0,0,0,46
775,1720,9,441,100,0,0,0,0,0,0,0,0,0,49
776,1424,9,405,100,0,0,0,0,0,0,0,0,0,45
777,1492,9,369,100,0,0,0,0,0,0,0,0,0,41
778,1208,9,387,100,0,0,0,0,0,0,0,0,0,43
779,1324,9,405,100,0,0,0,0,0,0,0,0,0,45
780,1724,9,441,100,0,0,0,0,0,0,0,0,0,49
781,1728,9,423,100,0,0,0,0,0,0,0,0,0,47
782,1800,9,432,100,0,0,0,0,0,0,0,0,0,48
783,1768,9,441,100,0,0,0,0,0,0,0,0,0,49
784,1528,9,414,100,0,0,0,0,0,0,0,0,0,46
785,1556,9,441,100,0,0,0,0,0,0,0,0,0,49
786,1772,9,441,100,0,0,0,0,0,0,0,0,0,49
787,1900,9,423,100,0,0,0,0,0,0,0,0,0,47
788,1584,9,432,100,0,0,0,0,0,0,0,0,0,48
789,1636,9,459,100,0,0,0,0,0,0,0,0,0,51
790,1560,9,432,100,0,0,0,0,0,0,0,0,0,48
791,1424,9,441,100,0,0,0,0,0,0,0,0,0,49
792,1388,9,450,100,0,0,0,0,0,0,0,0,0,50
793,1408,9,468,100,0,0,0,0,0,0,0,0,0,52
794,1612,9,477,100,0,0,0,0,0,0,0,0,0,53
795,1416,9,504,100,0,0,0,0,0,0,0,0,0,56
796,1464,9,477,100,0,0,0,0,0,0,0,0,0,53
797,1244,9,468,100,0,0,0,0,0,0,0,0,0,52
798,1272,9,459,100,0,0,0,0,0,0,0,0,0,51
799,1580,9,459,100,0,0,0,0,0,0,0,0,0,51
800,1308,9,432,100,0,0,0,0,0,0,0,0,0,48
801,1384,9,423,100,0,0,0,0,0,0,0,0,0,47
802,1688,9,450,100,0,0,0,0,0,0,0,0,0,50
803,1656,9,486,100,0,0,0,0,0,0,0,0,0,54
804,1368,9,432,100,0,0,0,0,0,0,0,0,0,48
805,1688,9,468,100,0,0,0,0,0,0,0,0,0,52
806,1628,9,486,100,0,0,0,0,0,0,0,0,0,54
807,1528,9,504,100,0,0,0,0,0,0,0,0,0,56
808,1424,9,486,100,0,0,0,0,0,0,0,0,0,54
809,1468,9,441,100,0,0,0,0,0,0,0,0,0,49
810,2076,9,468,100,0,0,0,0,0,0,0,0,0,52
811,1808,9,432,100,0,0,0,0,0,0,0,0,0,48
812,1752,9,468,100,0,0,0,0,0,0,0,0,0,52
813,1220,9,432,100,0,0,0,0,0,0,0,0,0,48
814,1832,9,468,100,0,0,0,0,0,0,0,0,0,52
815,1884,9,459,100,0,0,0,0,0,0,0,0,0,51
816,1932,9,459,100,0,0,0,0,0,0,0,0,0,51
817,2092,9,450,100,0,0,0,0,0,0,0,0,0,50
818,2376,9,450,100,0,0,0,0,0,0,0,0,0,50
819,2112,9,423,100,0,0,0,0,0,0,0,0,0,47
820,1664,9,414,100,0,0,0,0,0,0,0,0,0,46
821,2156,9,459,100,0,0,0,0,0,0,0,0,0,51
822,2036,9,468,100,0,0,0,0,0,0,0,0,0,52
823,2144,9,432,100,0,0,0,0,0,0,0,0,0,48
824,2112,9,441,100,0,0,0,0,0,0,0,0,0,49
825,2084,9,414,100,0,0,0,0,0,0,0,0,0,46
826,1832,9,432,100,0,0,0,0,0,0,0,0,0,48
827,2184,9,468,100,0,0,0,0,0,0,0,0,0,52
828,2192,9,531,100,0,0,0,0,0,0,0,0,0,59
829,2036,9,504,100,0,0,0,0,0,0,0,0,0,56
830,1920,9,450,100,0,0,0,0,0,0,0,0,0,50
831,1772,9,441,100,0,0,0,0,0,0,0,0,0,49
832,1732,9,441,100,0,0,0,0,0,0,0,0,0,49
833,1456,9,432,100,0,0,0,0,0,0,0,0,0,48
834,1548,9,459,100,0,0,0,0,0,0,0,0,0,51
835,1440,9,450,100,0,0,0,0,0,0,0,0,0,50
836,1664,9,495,100,0,0,0,0,0,0,0,0,0,55
837,1608,9,477,100,0,0,0,0,0,0,0,0,0,53
838,1516,9,459,100,0,0,0,0,0,0,0,0,0,51
839,1604,9,468,100,0,0,0,0,0,0,0,0,0,52
840,1888,9,459,100,0,0,0,0,0,0,0,0,0,51
841,1916,9,468,100,0,0,0,0,0,0,0,0,0,52
842,1876,9,432,100,0,0,0,0,0,0,0,0,0,48
843,1636,9,441,100,0,0,0,0,0,0,0,0,0,49
844,1592,9,423,100,0,0,0,0,0,0,0,0,0,47
845,1940,9,396,100,0,0,0,0,0,0,0,0,0,44
846,1552,9,405,100,0,0,0,0,0,0,0,0,0,45
847,1524,9,450,100,0,0,0,0,0,0,0,0,0,50
848,1424,9,441,100,0,0,0,0,0,0,0,0,0,49
849,1296,9,432,100,0,0,0,0,0,0,0,0,0,48
850,1180,9,414,100,0,0,0,0,0,0,0,0,0,46
851,1340,9,459,100,0,0,0,0,0,0,0,0,0,51
852,1512,9,495,100,0,0,0,0,0,0,0,0,0,55
853,1452,9,477,100,0,0,0,0,0,0,0,0,0,53
854,1668,9,495,100,0,0,0,0,0,0,0,0,0,55
855,1776,9,477,100,0,0,0,0,0,0,0,0,0,53
856,1888,9,450,100,0,0,0,0,0,0,0,0,0,50
857,2048,9,441,100,0,0,0,0,0,0,0,0,0,49
858,1700,9,432,100,0,0,0,0,0,0,0,0,0,48
859,1788,9,405,100,0,0,0,0,0,0,0,0,0,45
860,1852,9,441,100,0,0,0,0,0,0,0,0,0,49
861,1560,9,432,100,0,0,0,0,0,0,0,0,0,48
862,1656,9,477,100,0,0,0,0,0,0,0,0,0,53
863,1536,9,468,100,0,0,0,0,0,0,0,0,0,52
864,1652,9,504,100,0,0,0,0,0,0,0,0,0,56
865,1776,9,468,100,0,0,0,0,0,0,0,0,0,52
866,1332,9,459,100,0,0,0,0,0,0,0,0,0,51
867,1572,9,495,100,0,0,0,0,0,0,0,0,0,55
868,1296,9,450,100,0,0,0,0,0,0,0,0,0,50
869,1348,9,432,100,0,0,0,0,0,0,0,0,0,48
870,1232,9,432,100,0,0,0,0,0,0,0,0,0,48
871,1136,9,414,100,0,0,0,0,0,0,0,0,0,46
872,1192,9,450,100,0,0,0,0,0,0,0,0,0,50
873,1200,9,423,100,0,0,0,0,0,0,0,0,0,47
874,1088,9,405,100,0,0,0,0,0,0,0,0,0,45
875,1272,9,459,100,0,0,0,0,0,0,0,0,0,51
876,1392,9,459,100,0,0,0,0,0,0,0,0,0,51
877,1392,9,486,100,0,0,0,0,0,0,0,0,0,54
878,1480,9,459,100,0,0,0,0,0,0,0,0,0,51
879,1628,9,468,100,0,0,0,0,0,0,0,0,0,52
880,1896,9,477,100,0,0,0,0,0,0,0,0,0,53
881,1948,9,468,100,0,0,0,0,0,0,0,0,0,52
882,2396,9,441,100,0,0,0,0,0,0,0,0,0,49
883,2744,9,405,100,0,0,0,0,0,0,0,0,0,45
884,2252,9,405,100,0,0,0,0,0,0,0,0,0,45
885,2492,9,387,100,0,0,0,0,0,0,0,0,0,43
886,3148,9,405,100,0,0,0,0,0,0,0,0,0,45
887,3612,9,396,100,0,0,0,0,0,0,0,0,0,44
888,2656,9,423,100,0,0,0,0,0,0,0,0,0,47
889,2380,9,450,100,0,0,0,0,0,0,0,0,0,50
890,2472,9,450,100,0,0,0,0,0,0,0,0,0,50
891,2624,9,477,100,0,0,0,0,0,0,0,0,0,53
892,2640,9,423,100,0,0,0,0,0,0,0,0,0,47
893,2072,9,441,100,0,0,0,0,0,0,0,0,0,49
894,2076,9,441,100,0,0,0,0,0,0,0,0,0,49
895,2120,9,441,100,0,0,0,0,0,0,0,0,0,49
896,2524,9,486,100,0,0,0,0,0,0,0,0,0,54
897,2468,9,459,100,0,0,0,0,0,0,0,0,0,51
898,2360,9,450,100,0,0,0,0,0,0,0,0,0,50
899,1680,9,468,100,0,0,0,0,0,0,0,0,0,52
900,1440,9,459,100,0,0,0,0,0,0,0,0,0,51
901,1484,9,477,100,0,0,0,0,0,0,0,0,0,53
902,1636,9,441,100,0,0,0,0,0,0,0,0,0,49
903,1780,9,495,100,0,0,0,0,0,0,0,0,0,55
904,1452,9,432,100,0,0,0,0,0,0,0,0,0,48
905,1944,9,477,100,0,0,0,0,0,0,0,0,0,53
906,1888,9,459,100,0,0,0,0,0,0,0,0,0,51
907,1788,9,486,100,0,0,0,0,0,0,0,0,0,54
908,1276,9,441,100,0,0,0,0,0,0,0,0,0,49
909,1440,9,441,100,0,0,0,0,0,0,0,0,0,49
910,1600,9,495,100,0,0,0,0,0,0,0,0,0,55
911,1524,9,432,100,0,0,0,0,0,0,0,0,0,48
912,1744,9,450,100,0,0,0,0,0,0,0,0,0,50
913,1828,9,450,100,0,0,0,0,0,0,0,0,0,50
914,1852,9,477,100,0,0,0,0,0,0,0,0,0,53
915,1532,9,459,100,0,0,0,0,0,0,0,0,0,51
916,1416,9,441,100,0,0,0,0,0,0,0,0,0,49
917,1596,9,495,100,0,0,0,0,0,0,0,0,0,55
918,1732,9,477,100,0,0,0,0,0,0,0,0,0,53
919,2020,9,459,100,0,0,0,0,0,0,0,0,0,51
920,2216,9,459,100,0,0,0,0,0,0,0,0,0,51
921,2060,9,468,100,0,0,0,0,0,0,0,0,0,52
922,2020,9,441,100,0,0,0,0,0,0,0,0,0,49
923,2048,9,441,100,0,0,0,0,0,0,0,0,0,49
924,1844,9,441,100,0,0,0,0,0,0,0,0,0,49
925,1852,9,432,100,0,0,0,0,0,0,0,0,0,48
926,1488,9,369,100,0,0,0,0,0,0,0,0,0,41
927,1396,9,414,100,0,0,0,0,0,0,0,0,0,46
928,1496,9,432,100,0,0,0,0,0,0,0,0,0,48
929,1712,9,423,100,0,0,0,0,0,0,0,0,0,47
930,1632,9,432,100,0,0,0,0,0,0,0,0,0,48
931,1508,9,441,100,0,0,0,0,0,0,0,0,0,49
932,1892,9,432,100,0,0,0,0,0,0,0,0,0,48
933,1772,9,414,100,0,0,0,0,0,0,0,0,0,46
934,1784,9,504,100,0,0,0,0,0,0,0,0,0,56
935,1904,9,522,100,0,0,0,0,0,0,0,0,0,58
936,2064,9,468,100,0,0,0,0,0,0,0,0,0,52
937,2044,9,450,100,0,0,0,0,0,0,0,0,0,50
938,2148,9,486,100,0,0,0,0,0,0,0,0,0,54
939,2288,9,504,100,0,0,0,0,0,0,0,0,0,56
940,2260,9,522,100,0,0,0,0,0,0,0,0,0,58
941,1440,9,468,100,0,0,0,0,0,0,0,0,0,52
942,1632,9,540,100,0,0,0,0,0,0,0,0,0,60
943,1712,9,504,100,0,0,0,0,0,0,0,0,0,56
944,1916,9,486,100,0,0,0,0,0,0,0,0,0,54
945,1400,9,441,100,0,0,0,0,0,0,0,0,0,49
946,1376,9,459,100,0,0,0,0,0,0,0,0,0,51
947,1272,9,450,100,0,0,0,0,0,0,0,0,0,50
948,1420,9,459,100,0,0,0,0,0,0,0,0,0,51
949,1304,9,432,100,0,0,0,0,0,0,0,0,0,48
950,1432,9,441,100,0,0,0,0,0,0,0,0,0,49
951,1504,9,459,100,0,0,0,0,0,0,0,0,0,51
952,1512,9,450,100,0,0,0,0,0,0,0,0,0,50
953,1564,9,441,100,0,0,0,0,0,0,0,0,0,49
954,1632,9,423,100,0,0,0,0,0,0,0,0,0,47
955,1648,9,450,100,0,0,0,0,0,0,0,0,0,50
956,1820,9,423,100,0,0,0,0,0,0,0,0,0,47
957,2032,9,432,100,0,0,0,0,0,0,0,0,0,48
958,2072,9,423,100,0,0,0,0,0,0,0,0,0,47
959,1272,9,405,100,0,0,0,0,0,0,0,0,0,45
960,1380,9,423,100,0,0,0,0,0,0,0,0,0,47
961,1396,9,378,100,0,0,0,0,0,0,0,0,0,42
962,1736,9,414,100,0,0,0,0,0,0,0,0,0,46
963,2244,9,423,100,0,0,0,0,0,0,0,0,0,47
964,2056,9,423,100,0,0,0,0,0,0,0,0,0,47
965,2576,9,459,100,0,0,0,0,0,0,0,0,0,51
966,2800,9,477,100,0,0,0,0,0,0,0,0,0,53
967,2864,9,405,100,0,0,0,0,0,0,0,0,0,45
968,2000,9,423,100,0,0,0,0,0,0,0,0,0,47
969,2276,9,432,100,0,0,0,0,0,0,0,0,0,48
970,2112,9,432,100,0,0,0,0,0,0,0,0,0,48
971,2324,9,477,100,0,0,0,0,0,0,0,0,0,53
972,1976,9,441,100,0,0,0,0,0,0,0,0,0,49
973,1916,9,459,100,0,0,0,0,0,0,0,0,0,51
974,2136,9,450,100,0,0,0,0,0,0,0,0,0,50
975,2296,9,450,100,0,0,0,0,0,0,0,0,0,50
976,2652,9,441,100,0,0,0,0,0,0,0,0,0,49
977,2860,9,468,100,0,0,0,0,0,0,0,0,0,52
978,2512,9,432,100,0,0,0,0,0,0,0,0,0,48
979,2260,9,405,100,0,0,0,0,0,0,0,0,0,45
980,2416,9,387,100,0,0,0,0,0,0,0,0,0,43
981,2344,9,423,100,0,0,0,0,0,0,0,0,0,47
982,2572,9,468,100,0,0,0,0,0,0,0,0,0,52
983,2944,9,468,100,0,0,0,0,0,0,0,0,0,52
984,2616,9,441,100,0,0,0,0,0,0,0,0,0,49
985,2792,9,369,100,0,0,0,0,0,0,0,0,0,41
986,2960,9,423,100,0,0,0,0,0,0,0,0,0,47
987,2596,9,414,100,0,0,0,0,0,0,0,0,0,46
988,2320,9,423,100,0,0,0,0,0,0,0,0,0,47
989,2384,9,432,100,0,0,0,0,0,0,0,0,0,48
990,2032,9,405,100,0,0,0,0,0,0,0,0,0,45
991,2556,9,450,100,0,0,0,0,0,0,0,0,0,50
992,2716,9,468,100,0,0,0,0,0,0,0,0,0,52
993,3216,9,513,100,0,0,0,0,0,0,0,0,0,57
994,2608,9,441,100,0,0,0,0,0,0,0,0,0,49
995,2900,9,441,100,0,0,0,0,0,0,0,0,0,49
996,2572,9,450,100,0,0,0,0,0,0,0,0,0,50
997,2200,9,459,100,0,0,0,0,0,0,0,0,0,51
998,2524,9,468,100,0,0,0,0,0,0,0,0,0,52
999,2072,9,459,100,0,0,0,0,0,0,0,0,0,51
