update,points,mean_tasks,total_tasks,total_orgs,task_0,task_1,task_2,task_3,task_4,task_5,task_6,task_7,task_8,task_9
0,0,nan,0,10,0,0,0,0,0,0,0,0,0,0
1,0,nan,0,10,0,0,0,0,0,0,0,0,0,0
2,0,nan,0,10,0,0,0,0,0,0,0,0,0,0
3,0,nan,0,10,0,0,0,0,0,0,0,0,0,0
4,0,9,9,10,0,0,0,0,0,0,0,0,0,1
5,0,9,9,10,0,0,0,0,0,0,0,0,0,1
6,88,9,27,12,0,0,0,0,0,0,0,0,0,3
7,0,9,27,12,0,0,0,0,0,0,0,0,0,3
8,44,9,36,13,0,0,0,0,0,0,0,0,0,4
9,24,9,36,14,0,0,0,0,0,0,0,0,0,4
10,44,9,45,15,0,0,0,0,0,0,0,0,0,5
11,68,9,54,17,0,0,0,0,0,0,0,0,0,6
12,68,9,63,19,0,0,0,0,0,0,0,0,0,7
13,68,9,72,21,0,0,0,0,0,0,0,0,0,8
14,68,9,81,21,0,0,0,0,0,0,0,0,0,9
15,48,9,81,22,0,0,0,0,0,0,0,0,0,9
16,72,9,90,24,0,0,0,0,0,0,0,0,0,10
17,68,9,90,25,0,0,0,0,0,0,0,0,0,10
18,68,9,90,26,0,0,0,0,0,0,0,0,0,10
19,112,9,99,28,0,0,0,0,0,0,0,0,0,11
20,112,9,117,29,0,0,0,0,0,0,0,0,0,13
21,52,9,117,31,0,0,0,0,0,0,0,0,0,13
22,92,9,126,31,0,0,0,0,0,0,0,0,0,14
23,116,9,144,33,0,0,0,0,0,0,0,0,0,16
24,100,9,144,35,0,0,0,0,0,0,0,0,0,16
25,80,9,144,35,0,0,0,0,0,0,0,0,0,16
26,124,9,153,36,0,0,0,0,0,0,0,0,0,17
27,360,9,162,38,0,0,0,0,0,0,0,0,0,18
28,296,9,162,40,0,0,0,0,0,0,0,0,0,18
29,300,9,171,44,0,0,0,0,0,0,0,0,0,19
30,240,9,180,46,0,0,0,0,0,0,0,0,0,20
31,112,9,162,46,0,0,0,0,0,0,0,0,0,18
32,132,9,162,48,0,0,0,0,0,0,0,0,0,18
33,240,9,171,50,0,0,0,0,0,0,0,0,0,19
34,308,9,171,51,0,0,0,0,0,0,0,0,0,19
35,556,9,198,56,0,0,0,0,0,0,0,0,0,22
36,520,9,198,60,0,0,0,0,0,0,0,0,0,22
37,604,9,207,62,0,0,0,0,0,0,0,0,0,23
38,376,9,198,65,0,0,0,0,0,0,0,0,0,22
39,232,9,198,67,0,0,0,0,0,0,0,0,0,22
40,384,9,216,68,0,0,0,0,0,0,0,0,0,24
41,524,9,216,71,0,0,0,0,0,0,0,0,0,24
42,528,9,234,74,0,0,0,0,0,0,0,0,0,26
43,544,9,252,76,0,0,0,0,0,0,0,0,0,28
44,508,9,270,78,0,0,0,0,0,0,0,0,0,30
45,356,9,270,79,0,0,0,0,0,0,0,0,0,30
46,480,9,324,81,0,0,0,0,0,0,0,0,0,36
47,444,9,315,83,0,0,0,0,0,0,0,0,0,35
48,672,9,324,83,0,0,0,0,0,0,0,0,0,36
49,612,9,315,84,0,0,0,0,0,0,0,0,0,35
50,856,9,342,87,0,0,0,0,0,0,0,0,0,38
51,828,9,324,88,0,0,0,0,0,0,0,0,0,36
52,624,9,297,90,0,0,0,0,0,0,0,0,0,33
53,756,9,315,90,0,0,0,0,0,0,0,0,0,35
54,1044,9,324,90,0,0,0,0,0,0,0,0,0,36
55,1084,9,306,92,0,0,0,0,0,0,0,0,0,34
56,1360,9,351,94,0,0,0,0,0,0,0,0,0,39
57,1492,9,378,95,0,0,0,0,0,0,0,0,0,42
58,1360,9,342,95,0,0,0,0,0,0,0,0,0,38
59,1244,9,342,97,0,0,0,0,0,0,0,0,0,38
60,1004,9,297,97,0,0,0,0,0,0,0,0,0,33
61,1588,9,360,98,0,0,0,0,0,0,0,0,0,40
62,1372,9,378,98,0,0,0,0,0,0,0,0,0,42
63,1316,9,396,100,0,0,0,0,0,0,0,0,0,44
64,1472,9,396,100,0,0,0,0,0,0,0,0,0,44
65,1720,9,423,100,0,0,0,0,0,0,0,0,0,47
66,1436,9,423,100,0,0,0,0,0,0,0,0,0,47
67,964,9,423,100,0,0,0,0,0,0,0,0,0,47
68,836,9,414,100,0,0,0,0,0,0,0,0,0,46
69,1144,9,432,100,0,0,0,0,0,0,0,0,0,48
70,1096,9,423,100,0,0,0,0,0,0,0,0,0,47
71,924,9,387,100,0,0,0,0,0,0,0,0,0,43
72,1204,9,396,100,0,0,0,0,0,0,0,0,0,44
73,1284,9,369,100,0,0,0,0,0,0,0,0,0,41
74,1388,9,369,100,0,0,0,0,0,0,0,0,0,41
75,1196,9,360,100,0,0,0,0,0,0,0,0,0,40
76,1280,9,369,100,0,0,0,0,0,0,0,0,0,41
77,1128,9,369,100,0,0,0,0,0,0,0,0,0,41
78,1092,9,387,100,0,0,0,0,0,0,0,0,0,43
79,1112,9,378,100,0,0,0,0,0,0,0,0,0,42
80,1052,9,387,100,0,0,0,0,0,0,0,0,0,43
81,980,9,378,100,0,0,0,0,0,0,0,0,0,42
82,1088,9,369,100,0,0,0,0,0,0,0,0,0,41
83,1036,9,342,100,0,0,0,0,0,0,0,0,0,38
84,960,9,378,100,0,0,0,0,0,0,0,0,0,42
85,1056,9,360,100,0,0,0,0,0,0,0,0,0,40
86,1052,9,360,100,0,0,0,0,0,0,0,0,0,40
87,1172,9,360,100,0,0,0,0,0,0,0,0,0,40
88,1336,9,369,100,0,0,0,0,0,0,0,0,0,41
89,1124,9,342,100,0,0,0,0,0,0,0,0,0,38
90,1008,9,315,100,0,0,0,0,0,0,0,0,0,35
91,1340,9,351,100,0,0,0,0,0,0,0,0,0,39
92,1556,9,387,100,0,0,0,0,0,0,0,0,0,43
93,1592,9,405,100,0,0,0,0,0,0,0,0,0,45
94,908,9,342,100,0,0,0,0,0,0,0,0,0,38
95,1144,9,378,100,0,0,0,0,0,0,0,0,0,42
96,1284,9,396,100,0,0,0,0,0,0,0,0,0,44
97,1620,9,432,100,0,0,0,0,0,0,0,0,0,48
98,1456,9,441,100,0,0,0,0,0,0,0,0,0,49
99,1672,9,432,100,0,0,0,0,0,0,0,0,0,48
100,1872,9,450,100,0,0,0,0,0,0,0,0,0,50
101,1800,9,432,100,0,0,0,0,0,0,0,0,0,48
102,1844,9,441,100,0,0,0,0,0,0,0,0,0,49
103,1448,9,414,100,0,0,0,0,0,0,0,0,0,46
104,1952,9,450,100,0,0,0,0,0,0,0,0,0,50
105,2016,9,450,100,0,0,0,0,0,0,0,0,0,50
106,2016,9,432,100,0,0,0,0,0,0,0,0,0,48
107,1972,9,450,100,0,0,0,0,0,0,0,0,0,50
108,1884,9,450,100,0,0,0,0,0,0,0,0,0,50
109,1912,9,468,100,0,0,0,0,0,0,0,0,0,52
110,1288,9,423,100,0,0,0,0,0,0,0,0,0,47
111,1344,9,441,100,0,0,0,0,0,0,0,0,0,49
112,1180,9,396,100,0,0,0,0,0,0,0,0,0,44
113,1320,9,486,100,0,0,0,0,0,0,0,0,0,54
114,1424,9,486,100,0,0,0,0,0,0,0,0,0,54
115,1112,9,441,100,0,0,0,0,0,0,0,0,0,49
116,1324,9,432,100,0,0,0,0,0,0,0,0,0,48
117,1360,9,432,100,0,0,0,0,0,0,0,0,0,48
118,1412,9,414,100,0,0,0,0,0,0,0,0,0,46
119,1428,9,450,100,0,0,0,0,0,0,0,0,0,50
120,1512,9,486,100,0,0,0,0,0,0,0,0,0,54
121,1096,9,423,100,0,0,0,0,0,0,0,0,0,47
122,1232,9,423,100,0,0,0,0,0,0,0,0,0,47
123,828,9,387,100,0,0,0,0,0,0,0,0,0,43
124,1240,9,459,100,0,0,0,0,0,0,0,0,0,51
125,1052,9,441,100,0,0,0,0,0,0,0,0,0,49
126,1104,9,441,100,0,0,0,0,0,0,0,0,0,49
127,1052,9,450,100,0,0,0,0,0,0,0,0,0,50
128,1028,9,423,100,0,0,0,0,0,0,0,0,0,47
129,1016,9,423,100,0,0,0,0,0,0,0,0,0,47
130,1212,9,468,100,0,0,0,0,0,0,0,0,0,52
131,1168,9,441,100,0,0,0,0,0,0,0,0,0,49
132,1092,9,405,100,0,0,0,0,0,0,0,0,0,45
133,1204,9,441,100,0,0,0,0,0,0,0,0,0,49
134,1292,9,459,100,0,0,0,0,0,0,0,0,0,51
135,1172,9,459,100,0,0,0,0,0,0,0,0,0,51
136,1172,9,459,100,0,0,0,0,0,0,0,0,0,51
137,1272,9,432,100,0,0,0,0,0,0,0,0,0,48
138,1212,9,387,100,0,0,0,0,0,0,0,0,0,43
139,1428,9,432,100,0,0,0,0,0,0,0,0,0,48
140,1284,9,441,100,0,0,0,0,0,0,0,0,0,49
141,1208,9,450,100,0,0,0,0,0,0,0,0,0,50
142,1200,9,450,100,0,0,0,0,0,0,0,0,0,50
143,1204,9,432,100,0,0,0,0,0,0,0,0,0,48
144,1404,9,468,100,0,0,0,0,0,0,0,0,0,52
145,1324,9,441,100,0,0,0,0,0,0,0,0,0,49
146,1320,9,477,100,0,0,0,0,0,0,0,0,0,53
147,1268,9,450,100,0,0,0,0,0,0,0,0,0,50
148,1144,9,423,100,0,0,0,0,0,0,0,0,0,47
149,1204,9,378,100,0,0,0,0,0,0,0,0,0,42
150,1388,9,423,100,0,0,0,0,0,0,0,0,0,47
151,1352,9,387,100,0,0,0,0,0,0,0,0,0,43
152,1412,9,423,100,0,0,0,0,0,0,0,0,0,47
153,1604,9,441,100,0,0,0,0,0,0,0,0,0,49
154,1584,9,441,100,0,0,0,0,0,0,0,0,0,49
155,1524,9,405,100,0,0,0,0,0,0,0,0,0,45
156,1568,9,441,100,0,0,0,0,0,0,0,0,0,49
157,1660,9,468,100,0,0,0,0,0,0,0,0,0,52
158,1416,9,423,100,0,0,0,0,0,0,0,0,0,47
159,1276,9,414,100,0,0,0,0,0,0,0,0,0,46
160,1180,9,387,100,0,0,0,0,0,0,0,0,0,43
161,1360,9,423,100,0,0,0,0,0,0,0,0,0,47
162,1404,9,414,100,0,0,0,0,0,0,0,0,0,46
163,1268,9,414,100,0,0,0,0,0,0,0,0,0,46
164,1208,9,414,100,0,0,0,0,0,0,0,0,0,46
165,1488,9,396,100,0,0,0,0,0,0,0,0,0,44
166,1392,9,387,100,0,0,0,0,0,0,0,0,0,43
167,1520,9,414,100,0,0,0,0,0,0,0,0,0,46
168,1256,9,414,100,0,0,0,0,0,0,0,0,0,46
169,1180,9,432,100,0,0,0,0,0,0,0,0,0,48
170,1148,9,423,100,0,0,0,0,0,0,0,0,0,47
171,1060,9,432,100,0,0,0,0,0,0,0,0,0,48
172,1176,9,432,100,0,0,0,0,0,0,0,0,0,48
173,1204,9,423,100,0,0,0,0,0,0,0,0,0,47
174,1156,9,450,100,0,0,0,0,0,0,0,0,0,50
175,776,9,387,100,0,0,0,0,0,0,0,0,0,43
176,1260,9,414,100,0,0,0,0,0,0,0,0,0,46
177,1340,9,423,100,0,0,0,0,0,0,0,0,0,47
178,1188,9,414,100,0,0,0,0,0,0,0,0,0,46
179,1252,9,432,100,0,0,0,0,0,0,0,0,0,48
180,1356,9,468,100,0,0,0,0,0,0,0,0,0,52
181,1152,9,441,100,0,0,0,0,0,0,0,0,0,49
182,1040,9,432,100,0,0,0,0,0,0,0,0,0,48
183,1252,9,468,100,0,0,0,0,0,0,0,0,0,52
184,1068,9,432,100,0,0,0,0,0,0,0,0,0,48
185,1136,9,441,100,0,0,0,0,0,0,0,0,0,49
186,1336,9,477,100,0,0,0,0,0,0,0,0,0,53
187,936,9,441,100,0,0,0,0,0,0,0,0,0,49
188,1188,9,495,100,0,0,0,0,0,0,0,0,0,55
189,1080,9,450,100,0,0,0,0,0,0,0,0,0,50
190,1000,9,405,100,0,0,0,0,0,0,0,0,0,45
191,1164,9,423,100,0,0,0,0,0,0,0,0,0,47
192,1244,9,459,100,0,0,0,0,0,0,0,0,0,51
193,1020,9,459,100,0,0,0,0,0,0,0,0,0,51
194,1176,9,486,100,0,0,0,0,0,0,0,0,0,54
195,1060,9,441,100,0,0,0,0,0,0,0,0,0,49
196,1056,9,432,100,0,0,0,0,0,0,0,0,0,48
197,1204,9,459,100,0,0,0,0,0,0,0,0,0,51
198,1016,9,387,100,0,0,0,0,0,0,0,0,0,43
199,1144,9,378,100,0,0,0,0,0,0,0,0,0,42
200,1128,9,360,100,0,0,0,0,0,0,0,0,0,40
201,1064,9,378,100,0,0,0,0,0,0,0,0,0,42
202,1200,9,396,100,0,0,0,0,0,0,0,0,0,44
203,1228,9,387,100,0,0,0,0,0,0,0,0,0,43
204,1364,9,423,100,0,0,0,0,0,0,0,0,0,47
205,1416,9,450,100,0,0,0,0,0,0,0,0,0,50
206,1292,9,450,100,0,0,0,0,0,0,0,0,0,50
207,1332,9,441,100,0,0,0,0,0,0,0,0,0,49
208,1564,9,459,100,0,0,0,0,0,0,0,0,0,51
209,1692,9,441,100,0,0,0,0,0,0,0,0,0,49
210,1640,9,423,100,0,0,0,0,0,0,0,0,0,47
211,1732,9,450,100,0,0,0,0,0,0,0,0,0,50
212,1820,9,486,100,0,0,0,0,0,0,0,0,0,54
213,1528,9,441,100,0,0,0,0,0,0,0,0,0,49
214,1328,9,387,100,0,0,0,0,0,0,0,0,0,43
215,1792,9,441,100,0,0,0,0,0,0,0,0,0,49
216,1688,9,459,100,0,0,0,0,0,0,0,0,0,51
217,1600,9,468,100,0,0,0,0,0,0,0,0,0,52
218,1332,9,432,100,0,0,0,0,0,0,0,0,0,48
219,1404,9,459,100,0,0,0,0,0,0,0,0,0,51
220,1404,9,450,100,0,0,0,0,0,0,0,0,0,50
221,1376,9,414,100,0,0,0,0,0,0,0,0,0,46
222,1252,9,396,100,0,0,0,0,0,0,0,0,0,44
223,1080,9,387,100,0,0,0,0,0,0,0,0,0,43
224,1160,9,432,100,0,0,0,0,0,0,0,0,0,48
225,1172,9,432,100,0,0,0,0,0,0,0,0,0,48
226,1524,9,459,100,0,0,0,0,0,0,0,0,0,51
227,1332,9,396,100,0,0,0,0,0,0,0,0,0,44
228,1164,9,387,100,0,0,0,0,0,0,0,0,0,43
229,1184,9,396,100,0,0,0,0,0,0,0,0,0,44
230,1248,9,369,100,0,0,0,0,0,0,0,0,0,41
231,1312,9,405,100,0,0,0,0,0,0,0,0,0,45
232,1392,9,450,100,0,0,0,0,0,0,0,0,0,50
233,1460,9,450,100,0,0,0,0,0,0,0,0,0,50
234,1368,9,432,100,0,0,0,0,0,0,0,0,0,48
235,1516,9,450,100,0,0,0,0,0,0,0,0,0,50
236,1400,9,477,100,0,0,0,0,0,0,0,0,0,53
237,1660,9,504,100,0,0,0,0,0,0,0,0,0,56
238,1464,9,450,100,0,0,0,0,0,0,0,0,0,50
239,1496,9,423,100,0,0,0,0,0,0,0,0,0,47
240,1324,9,378,100,0,0,0,0,0,0,0,0,0,42
241,1684,9,432,100,0,0,0,0,0,0,0,0,0,48
242,1600,9,459,100,0,0,0,0,0,0,0,0,0,51
243,1200,9,405,100,0,0,0,0,0,0,0,0,0,45
244,1536,9,459,100,0,0,0,0,0,0,0,0,0,51
245,1664,9,441,100,0,0,0,0,0,0,0,0,0,49
246,1624,9,450,100,0,0,0,0,0,0,0,0,0,50
247,1692,9,441,100,0,0,0,0,0,0,0,0,0,49
248,1588,9,432,100,0,0,0,0,0,0,0,0,0,48
249,1152,9,414,100,0,0,0,0,0,0,0,0,0,46
250,1460,9,450,100,0,0,0,0,0,0,0,0,0,50
251,1276,9,432,100,0,0,0,0,0,0,0,0,0,48
252,1252,9,378,100,0,0,0,0,0,0,0,0,0,42
253,1432,9,423,100,0,0,0,0,0,0,0,0,0,47
254,1236,9,405,100,0,0,0,0,0,0,0,0,0,45
255,1136,9,387,100,0,0,0,0,0,0,0,0,0,43
256,924,9,396,100,0,0,0,0,0,0,0,0,0,44
257,1104,9,441,100,0,0,0,0,0,0,0,0,0,49
258,1188,9,450,100,0,0,0,0,0,0,0,0,0,50
259,1288,9,495,100,0,0,0,0,0,0,0,0,0,55
260,1164,9,432,100,0,0,0,0,0,0,0,0,0,48
261,1228,9,441,100,0,0,0,0,0,0,0,0,0,49
262,1276,9,468,100,0,0,0,0,0,0,0,0,0,52
263,1364,9,486,100,0,0,0,0,0,0,0,0,0,54
264,1224,9,477,100,0,0,0,0,0,0,0,0,0,53
265,1152,9,468,100,0,0,0,0,0,0,0,0,0,52
266,1172,9,468,100,0,0,0,0,0,0,0,0,0,52
267,1152,9,441,100,0,0,0,0,0,0,0,0,0,49
268,1188,9,441,100,0,0,0,0,0,0,0,0,0,49
269,1204,9,459,100,0,0,0,0,0,0,0,0,0,51
270,1376,9,477,100,0,0,0,0,0,0,0,0,0,53
271,948,9,459,100,0,0,0,0,0,0,0,0,0,51
272,1136,9,441,100,0,0,0,0,0,0,0,0,0,49
273,1168,9,432,100,0,0,0,0,0,0,0,0,0,48
274,1184,9,414,100,0,0,0,0,0,0,0,0,0,46
275,1436,9,441,100,0,0,0,0,0,0,0,0,0,49
276,1272,9,441,100,0,0,0,0,0,0,0,0,0,49
277,1104,9,432,100,0,0,0,0,0,0,0,0,0,48
278,1064,9,423,100,0,0,0,0,0,0,0,0,0,47
279,1268,9,477,100,0,0,0,0,0,0,0,0,0,53
280,1340,9,414,100,0,0,0,0,0,0,0,0,0,46
281,1380,9,405,100,0,0,0,0,0,0,0,0,0,45
282,1252,9,414,100,0,0,0,0,0,0,0,0,0,46
283,1096,9,396,100,0,0,0,0,0,0,0,0,0,44
284,1212,9,396,100,0,0,0,0,0,0,0,0,0,44
285,1192,9,405,100,0,0,0,0,0,0,0,0,0,45
286,1160,9,414,100,0,0,0,0,0,0,0,0,0,46
287,1356,9,432,100,0,0,0,0,0,0,0,0,0,48
288,1504,9,459,100,0,0,0,0,0,0,0,0,0,51
289,1540,9,423,100,0,0,0,0,0,0,0,0,0,47
290,1524,9,414,100,0,0,0,0,0,0,0,0,0,46
291,1520,9,414,100,0,0,0,0,0,0,0,0,0,46
292,1452,9,405,100,0,0,0,0,0,0,0,0,0,45
293,1320,9,414,100,0,0,0,0,0,0,0,0,0,46
294,1268,9,432,100,0,0,0,0,0,0,0,0,0,48
295,1088,9,414,100,0,0,0,0,0,0,0,0,0,46
296,1052,9,432,100,0,0,0,0,0,0,0,0,0,48
297,984,9,414,100,0,0,0,0,0,0,0,0,0,46
298,968,9,396,100,0,0,0,0,0,0,0,0,0,44
299,1096,9,423,100,0,0,0,0,0,0,0,0,0,47
300,1304,9,432,100,0,0,0,0,0,0,0,0,0,48
301,1296,9,432,100,0,0,0,0,0,0,0,0,0,48
302,1712,9,486,100,0,0,0,0,0,0,0,0,0,54
303,1448,9,459,100,0,0,0,0,0,0,0,0,0,51
304,1360,9,414,100,0,0,0,0,0,0,0,0,0,46
305,1284,9,423,100,0,0,0,0,0,0,0,0,0,47
306,1144,9,387,100,0,0,0,0,0,0,0,0,0,43
307,1192,9,396,100,0,0,0,0,0,0,0,0,0,44
308,1256,9,405,100,0,0,0,0,0,0,0,0,0,45
309,1464,9,414,100,0,0,0,0,0,0,0,0,0,46
310,1284,9,414,100,0,0,0,0,0,0,0,0,0,46
311,1580,9,450,100,0,0,0,0,0,0,0,0,0,50
312,1492,9,432,100,0,0,0,0,0,0,0,0,0,48
313,1472,9,396,100,0,0,0,0,0,0,0,0,0,44
314,1180,9,414,100,0,0,0,0,0,0,0,0,0,46
315,1332,9,405,100,0,0,0,0,0,0,0,0,0,45
316,1332,9,450,100,0,0,0,0,0,0,0,0,0,50
317,1036,9,441,100,0,0,0,0,0,0,0,0,0,49
318,1660,9,486,100,0,0,0,0,0,0,0,0,0,54
319,1744,9,477,100,0,0,0,0,0,0,0,0,0,53
320,1668,9,423,100,0,0,0,0,0,0,0,0,0,47
321,1888,9,468,100,0,0,0,0,0,0,0,0,0,52
322,2116,9,459,100,0,0,0,0,0,0,0,0,0,51
323,2052,9,477,100,0,0,0,0,0,0,0,0,0,53
324,2248,9,450,100,0,0,0,0,0,0,0,0,0,50
325,1604,9,432,100,0,0,0,0,0,0,0,0,0,48
326,2040,9,459,100,0,0,0,0,0,0,0,0,0,51
327,2268,9,459,100,0,0,0,0,0,0,0,0,0,51
328,1884,9,432,100,0,0,0,0,0,0,0,0,0,48
329,2072,9,441,100,0,0,0,0,0,0,0,0,0,49
330,1348,9,405,100,0,0,0,0,0,0,0,0,0,45
331,1284,9,432,100,0,0,0,0,0,0,0,0,0,48
332,1068,9,423,100,0,0,0,0,0,0,0,0,0,47
333,1172,9,432,100,0,0,0,0,0,0,0,0,0,48
334,1272,9,423,100,0,0,0,0,0,0,0,0,0,47
335,1104,9,405,100,0,0,0,0,0,0,0,0,0,45
336,1300,9,459,100,0,0,0,0,0,0,0,0,0,51
337,1308,9,414,100,0,0,0,0,0,0,0,0,0,46
338,1232,9,441,100,0,0,0,0,0,0,0,0,0,49
339,1192,9,432,100,0,0,0,0,0,0,0,0,0,48
340,1304,9,423,100,0,0,0,0,0,0,0,0,0,47
341,1464,9,432,100,0,0,0,0,0,0,0,0,0,48
342,1732,9,450,100,0,0,0,0,0,0,0,0,0,50
343,1416,9,450,100,0,0,0,0,0,0,0,0,0,50
344,1428,9,477,100,0,0,0,0,0,0,0,0,0,53
345,1172,9,477,100,0,0,0,0,0,0,0,0,0,53
346,1236,9,459,100,0,0,0,0,0,0,0,0,0,51
347,1016,9,450,100,0,0,0,0,0,0,0,0,0,50
348,1304,9,468,100,0,0,0,0,0,0,0,0,0,52
349,1240,9,423,100,0,0,0,0,0,0,0,0,0,47
350,1456,9,441,100,0,0,0,0,0,0,0,0,0,49
351,1580,9,432,100,0,0,0,0,0,0,0,0,0,48
352,1316,9,396,100,0,0,0,0,0,0,0,0,0,44
353,1108,9,387,100,0,0,0,0,0,0,0,0,0,43
354,1312,9,423,100,0,0,0,0,0,0,0,0,0,47
355,1272,9,450,100,0,0,0,0,0,0,0,0,0,50
356,1592,9,459,100,0,0,0,0,0,0,0,0,0,51
357,1164,9,423,100,0,0,0,0,0,0,0,0,0,47
358,1404,9,477,100,0,0,0,0,0,0,0,0,0,53
359,1432,9,459,100,0,0,0,0,0,0,0,0,0,51
360,1444,9,405,100,0,0,0,0,0,0,0,0,0,45
361,1672,9,459,100,0,0,0,0,0,0,0,0,0,51
362,1468,9,423,100,0,0,0,0,0,0,0,0,0,47
363,1576,9,450,100,0,0,0,0,0,0,0,0,0,50
364,1564,9,432,100,0,0,0,0,0,0,0,0,0,48
365,1584,9,441,100,0,0,0,0,0,0,0,0,0,49
366,1812,9,441,100,0,0,0,0,0,0,0,0,0,49
367,1980,9,387,100,0,0,0,0,0,0,0,0,0,43
368,1844,9,378,100,0,0,0,0,0,0,0,0,0,42
369,2108,9,414,100,0,0,0,0,0,0,0,0,0,46
370,2476,9,441,100,0,0,0,0,0,0,0,0,0,49
371,1652,9,387,100,0,0,0,0,0,0,0,0,0,43
372,1772,9,423,100,0,0,0,0,0,0,0,0,0,47
373,1864,9,423,100,0,0,0,0,0,0,0,0,0,47
374,2024,9,423,100,0,0,0,0,0,0,0,0,0,47
375,1788,9,387,100,0,0,0,0,0,0,0,0,0,43
376,1452,9,423,100,0,0,0,0,0,0,0,0,0,47
377,1740,9,468,100,0,0,0,0,0,0,0,0,0,52
378,1396,9,441,100,0,0,0,0,0,0,0,0,0,49
379,1128,9,414,100,0,0,0,0,0,0,0,0,0,46
380,1548,9,432,100,0,0,0,0,0,0,0,0,0,48
381,1240,9,387,100,0,0,0,0,0,0,0,0,0,43
382,1504,9,405,100,0,0,0,0,0,0,0,0,0,45
383,1444,9,432,100,0,0,0,0,0,0,0,0,0,48
384,1248,9,396,100,0,0,0,0,0,0,0,0,0,44
385,1380,9,441,100,0,0,0,0,0,0,0,0,0,49
386,1276,9,432,100,0,0,0,0,0,0,0,0,0,48
387,1384,9,432,100,0,0,0,0,0,0,0,0,0,48
388,1276,9,396,100,0,0,0,0,0,0,0,0,0,44
389,1520,9,396,100,0,0,0,0,0,0,0,0,0,44
390,1284,9,387,100,0,0,0,0,0,0,0,0,0,43
391,1440,9,450,100,0,0,0,0,0,0,0,0,0,50
392,1380,9,441,100,0,0,0,0,0,0,0,0,0,49
393,1364,9,468,100,0,0,0,0,0,0,0,0,0,52
394,1280,9,441,100,0,0,0,0,0,0,0,0,0,49
395,1468,9,441,100,0,0,0,0,0,0,0,0,0,49
396,1400,9,414,100,0,0,0,0,0,0,0,0,0,46
397,1688,9,459,100,0,0,0,0,0,0,0,0,0,51
398,1152,9,441,100,0,0,0,0,0,0,0,0,0,49
399,1312,9,450,100,0,0,0,0,0,0,0,0,0,50
400,1336,9,459,100,0,0,0,0,0,0,0,0,0,51
401,936,9,441,100,0,0,0,0,0,0,0,0,0,49
402,1112,9,450,100,0,0,0,0,0,0,0,0,0,50
403,1340,9,414,100,0,0,0,0,0,0,0,0,0,46
404,1400,9,468,100,0,0,0,0,0,0,0,0,0,52
405,1240,9,450,100,0,0,0,0,0,0,0,0,0,50
406,1184,9,441,100,0,0,0,0,0,0,0,0,0,49
407,1240,9,423,100,0,0,0,0,0,0,0,0,0,47
408,1220,9,414,100,0,0,0,0,0,0,0,0,0,46
409,1108,9,405,100,0,0,0,0,0,0,0,0,0,45
410,1144,9,405,100,0,0,0,0,0,0,0,0,0,45
411,1172,9,468,100,0,0,0,0,0,0,0,0,0,52
412,1096,9,423,100,0,0,0,0,0,0,0,0,0,47
413,1240,9,441,100,0,0,0,0,0,0,0,0,0,49
414,1252,9,441,100,0,0,0,0,0,0,0,0,0,49
415,1524,9,423,100,0,0,0,0,0,0,0,0,0,47
416,1488,9,441,100,0,0,0,0,0,0,0,0,0,49
417,1680,9,486,100,0,0,0,0,0,0,0,0,0,54
418,1452,9,441,100,0,0,0,0,0,0,0,0,0,49
419,1364,9,432,100,0,0,0,0,0,0,0,0,0,48
420,1628,9,450,100,0,0,0,0,0,0,0,0,0,50
421,1496,9,450,100,0,0,0,0,0,0,0,0,0,50
422,1676,9,495,100,0,0,0,0,0,0,0,0,0,55
423,1288,9,450,100,0,0,0,0,0,0,0,0,0,50
424,1156,9,441,100,0,0,0,0,0,0,0,0,0,49
425,1180,9,432,100,0,0,0,0,0,0,0,0,0,48
426,1132,9,405,100,0,0,0,0,0,0,0,0,0,45
427,1476,9,432,100,0,0,0,0,0,0,0,0,0,48
428,1500,9,414,100,0,0,0,0,0,0,0,0,0,46
429,1816,9,441,100,0,0,0,0,0,0,0,0,0,49
430,2056,9,450,100,0,0,0,0,0,0,0,0,0,50
431,1936,9,369,100,0,0,0,0,0,0,0,0,0,41
432,2092,9,387,100,0,0,0,0,0,0,0,0,0,43
433,1640,9,441,100,0,0,0,0,0,0,0,0,0,49
434,1292,9,423,100,0,0,0,0,0,0,0,0,0,47
435,1428,9,432,100,0,0,0,0,0,0,0,0,0,48
436,1256,9,423,100,0,0,0,0,0,0,0,0,0,47
437,1068,9,441,100,0,0,0,0,0,0,0,0,0,49
438,1436,9,477,100,0,0,0,0,0,0,0,0,0,53
439,1476,9,441,100,0,0,0,0,0,0,0,0,0,49
440,1456,9,423,100,0,0,0,0,0,0,0,0,0,47
441,1380,9,459,100,0,0,0,0,0,0,0,0,0,51
442,1320,9,450,100,0,0,0,0,0,0,0,0,0,50
443,1484,9,441,100,0,0,0,0,0,0,0,0,0,49
444,1048,9,414,100,0,0,0,0,0,0,0,0,0,46
445,1212,9,432,100,0,0,0,0,0,0,0,0,0,48
446,1488,9,450,100,0,0,0,0,0,0,0,0,0,50
447,1176,9,468,100,0,0,0,0,0,0,0,0,0,52
448,1140,9,459,100,0,0,0,0,0,0,0,0,0,51
449,1156,9,441,100,0,0,0,0,0,0,0,0,0,49
450,1332,9,468,100,0,0,0,0,0,0,0,0,0,52
451,1048,9,423,100,0,0,0,0,0,0,0,0,0,47
452,1148,9,450,100,0,0,0,0,0,0,0,0,0,50
453,1208,9,477,100,0,0,0,0,0,0,0,0,0,53
454,1136,9,477,100,0,0,0,0,0,0,0,0,0,53
455,1156,9,459,100,0,0,0,0,0,0,0,0,0,51
456,1324,9,468,100,0,0,0,0,0,0,0,0,0,52
457,984,9,459,100,0,0,0,0,0,0,0,0,0,51
458,1128,9,459,100,0,0,0,0,0,0,0,0,0,51
459,1428,9,459,100,0,0,0,0,0,0,0,0,0,51
460,1036,9,414,100,0,0,0,0,0,0,0,0,0,46
461,1296,9,414,100,0,0,0,0,0,0,0,0,0,46
462,1432,9,468,100,0,0,0,0,0,0,0,0,0,52
463,1288,9,423,100,0,0,0,0,0,0,0,0,0,47
464,1336,9,423,100,0,0,0,0,0,0,0,0,0,47
465,1208,9,432,100,0,0,0,0,0,0,0,0,0,48
466,1296,9,432,100,0,0,0,0,0,0,0,0,0,48
467,1176,9,396,100,0,0,0,0,0,0,0,0,0,44
468,1192,9,423,100,0,0,0,0,0,0,0,0,0,47
469,1264,9,441,100,0,0,0,0,0,0,0,0,0,49
470,1232,9,405,100,0,0,0,0,0,0,0,0,0,45
471,1232,9,423,100,0,0,0,0,0,0,0,0,0,47
472,1176,9,369,100,0,0,0,0,0,0,0,0,0,41
473,1184,9,396,100,0,0,0,0,0,0,0,0,0,44
474,1220,9,405,100,0,0,0,0,0,0,0,0,0,45
475,1376,9,459,100,0,0,0,0,0,0,0,0,0,51
476,1228,9,441,100,0,0,0,0,0,0,0,0,0,49
477,1040,9,423,100,0,0,0,0,0,0,0,0,0,47
478,1084,9,423,100,0,0,0,0,0,0,0,0,0,47
479,1360,9,477,100,0,0,0,0,0,0,0,0,0,53
480,1156,9,432,100,0,0,0,0,0,0,0,0,0,48
481,1208,9,405,100,0,0,0,0,0,0,0,0,0,45
482,1316,9,405,100,0,0,0,0,0,0,0,0,0,45
483,1016,9,405,100,0,0,0,0,0,0,0,0,0,45
484,1260,9,459,100,0,0,0,0,0,0,0,0,0,51
485,1276,9,459,100,0,0,0,0,0,0,0,0,0,51
486,1364,9,450,100,0,0,0,0,0,0,0,0,0,50
487,1404,9,423,100,0,0,0,0,0,0,0,0,0,47
488,1340,9,432,100,0,0,0,0,0,0,0,0,0,48
489,1400,9,441,100,0,0,0,0,0,0,0,0,0,49
490,1276,9,459,100,0,0,0,0,0,0,0,0,0,51
491,1188,9,477,100,0,0,0,0,0,0,0,0,0,53
492,1152,9,495,100,0,0,0,0,0,0,0,0,0,55
493,1048,9,432,100,0,0,0,0,0,0,0,0,0,48
494,1144,9,414,100,0,0,0,0,0,0,0,0,0,46
495,1396,9,423,100,0,0,0,0,0,0,0,0,0,47
496,1316,9,414,100,0,0,0,0,0,0,0,0,0,46
497,1380,9,441,100,0,0,0,0,0,0,0,0,0,49
498,1676,9,459,100,0,0,0,0,0,0,0,0,0,51
499,1732,9,423,100,0,0,0,0,0,0,0,0,0,47
500,1624,9,405,100,0,0,0,0,0,0,0,0,0,45
501,2036,9,432,100,0,0,0,0,0,0,0,0,0,48
502,1636,9,414,100,0,0,0,0,0,0,0,0,0,46
503,1108,9,432,100,0,0,0,0,0,0,0,0,0,48
504,1076,9,396,100,0,0,0,0,0,0,0,0,0,44
505,1448,9,468,100,0,0,0,0,0,0,0,0,0,52
506,1276,9,396,100,0,0,0,0,0,0,0,0,0,44
507,1220,9,405,100,0,0,0,0,0,0,0,0,0,45
508,1736,9,450,100,0,0,0,0,0,0,0,0,0,50
509,1648,9,405,100,0,0,0,0,0,0,0,0,0,45
510,1560,9,387,100,0,0,0,0,0,0,0,0,0,43
511,1416,9,378,100,0,0,0,0,0,0,0,0,0,42
512,1516,9,405,100,0,0,0,0,0,0,0,0,0,45
513,1580,9,414,100,0,0,0,0,0,0,0,0,0,46
514,1224,9,396,100,0,0,0,0,0,0,0,0,0,44
515,1340,9,405,100,0,0,0,0,0,0,0,0,0,45
516,1628,9,441,100,0,0,0,0,0,0,0,0,0,49
517,1356,9,414,100,0,0,0,0,0,0,0,0,0,46
518,1620,9,459,100,0,0,0,0,0,0,0,0,0,51
519,1320,9,441,100,0,0,0,0,0,0,0,0,0,49
520,1304,9,441,100,0,0,0,0,0,0,0,0,0,49
521,1572,9,441,100,0,0,0,0,0,0,0,0,0,49
522,1668,9,423,100,0,0,0,0,0,0,0,0,0,47
523,1984,9,477,100,0,0,0,0,0,0,0,0,0,53
524,1460,9,423,100,0,0,0,0,0,0,0,0,0,47
525,1392,9,414,100,0,0,0,0,0,0,0,0,0,46
526,1348,9,414,100,0,0,0,0,0,0,0,0,0,46
527,1556,9,405,100,0,0,0,0,0,0,0,0,0,45
528,1596,9,387,100,0,0,0,0,0,0,0,0,0,43
529,1644,9,432,100,0,0,0,0,0,0,0,0,0,48
530,1368,9,405,100,0,0,0,0,0,0,0,0,0,45
531,1644,9,441,100,0,0,0,0,0,0,0,0,0,49
532,1576,9,450,100,0,0,0,0,0,0,0,0,0,50
533,1360,9,414,100,0,0,0,0,0,0,0,0,0,46
534,1564,9,405,100,0,0,0,0,0,0,0,0,0,45
535,1644,9,414,100,0,0,0,0,0,0,0,0,0,46
536,1348,9,378,100,0,0,0,0,0,0,0,0,0,42
537,1524,9,405,100,0,0,0,0,0,0,0,0,0,45
538,1496,9,414,100,0,0,0,0,0,0,0,0,0,46
539,1120,9,396,100,0,0,0,0,0,0,0,0,0,44
540,1288,9,414,100,0,0,0,0,0,0,0,0,0,46
541,1456,9,441,100,0,0,0,0,0,0,0,0,0,49
542,1344,9,405,100,0,0,0,0,0,0,0,0,0,45
543,1476,9,387,100,0,0,0,0,0,0,0,0,0,43
544,1612,9,423,100,0,0,0,0,0,0,0,0,0,47
545,1500,9,468,100,0,0,0,0,0,0,0,0,0,52
546,1260,9,423,100,0,0,0,0,0,0,0,0,0,47
547,1332,9,441,100,0,0,0,0,0,0,0,0,0,49
548,1400,9,405,100,0,0,0,0,0,0,0,0,0,45
549,1880,9,459,100,0,0,0,0,0,0,0,0,0,51
550,1512,9,414,100,0,0,0,0,0,0,0,0,0,46
551,1492,9,396,100,0,0,0,0,0,0,0,0,0,44
552,1664,9,378,100,0,0,0,0,0,0,0,0,0,42
553,1732,9,396,100,0,0,0,0,0,0,0,0,0,44
554,1460,9,396,100,0,0,0,0,0,0,0,0,0,44
555,1244,9,396,100,0,0,0,0,0,0,0,0,0,44
556,1088,9,396,100,0,0,0,0,0,0,0,0,0,44
557,1144,9,396,100,0,0,0,0,0,0,0,0,0,44
558,1060,9,432,100,0,0,0,0,0,0,0,0,0,48
559,1104,9,387,100,0,0,0,0,0,0,0,0,0,43
560,1128,9,423,100,0,0,0,0,0,0,0,0,0,47
561,1212,9,405,100,0,0,0,0,0,0,0,0,0,45
562,1176,9,414,100,0,0,0,0,0,0,0,0,0,46
563,1168,9,432,100,0,0,0,0,0,0,0,0,0,48
564,884,9,387,100,0,0,0,0,0,0,0,0,0,43
565,1004,9,414,100,0,0,0,0,0,0,0,0,0,46
566,1240,9,387,100,0,0,0,0,0,0,0,0,0,43
567,1084,9,414,100,0,0,0,0,0,0,0,0,0,46
568,1256,9,423,100,0,0,0,0,0,0,0,0,0,47
569,1180,9,414,100,0,0,0,0,0,0,0,0,0,46
570,1056,9,441,100,0,0,0,0,0,0,0,0,0,49
571,1116,9,459,100,0,0,0,0,0,0,0,0,0,51
572,1252,9,450,100,0,0,0,0,0,0,0,0,0,50
573,1452,9,486,100,0,0,0,0,0,0,0,0,0,54
574,1200,9,450,100,0,0,0,0,0,0,0,0,0,50
575,1492,9,477,100,0,0,0,0,0,0,0,0,0,53
576,1752,9,441,100,0,0,0,0,0,0,0,0,0,49
577,1668,9,450,100,0,0,0,0,0,0,0,0,0,50
578,1556,9,432,100,0,0,0,0,0,0,0,0,0,48
579,1264,9,450,100,0,0,0,0,0,0,0,0,0,50
580,1396,9,468,100,0,0,0,0,0,0,0,0,0,52
581,1484,9,450,100,0,0,0,0,0,0,0,0,0,50
582,1204,9,405,100,0,0,0,0,0,0,0,0,0,45
583,1576,9,486,100,0,0,0,0,0,0,0,0,0,54
584,1444,9,405,100,0,0,0,0,0,0,0,0,0,45
585,1340,9,423,100,0,0,0,0,0,0,0,0,0,47
586,1184,9,396,100,0,0,0,0,0,0,0,0,0,44
587,1316,9,396,100,0,0,0,0,0,0,0,0,0,44
588,1348,9,387,100,0,0,0,0,0,0,0,0,0,43
589,1084,9,405,100,0,0,0,0,0,0,0,0,0,45
590,1164,9,387,100,0,0,0,0,0,0,0,0,0,43
591,1360,9,378,100,0,0,0,0,0,0,0,0,0,42
592,1776,9,405,100,0,0,0,0,0,0,0,0,0,45
593,1684,9,432,100,0,0,0,0,0,0,0,0,0,48
594,1700,9,423,100,0,0,0,0,0,0,0,0,0,47
595,2268,9,432,100,0,0,0,0,0,0,0,0,0,48
596,2040,9,423,100,0,0,0,0,0,0,0,0,0,47
597,1592,9,414,100,0,0,0,0,0,0,0,0,0,46
598,1500,9,387,100,0,0,0,0,0,0,0,0,0,43
599,1884,9,414,100,0,0,0,0,0,0,0,0,0,46
600,1508,9,414,100,0,0,0,0,0,0,0,0,0,46
601,1776,9,405,100,0,0,0,0,0,0,0,0,0,45
602,1928,9,441,100,0,0,0,0,0,0,0,0,0,49
603,1668,9,405,100,0,0,0,0,0,0,0,0,0,45
604,1880,9,459,100,0,0,0,0,0,0,0,0,0,51
605,1624,9,414,100,0,0,0,0,0,0,0,0,0,46
606,1852,9,432,100,0,0,0,0,0,0,0,0,0,48
607,2172,9,405,100,0,0,0,0,0,0,0,0,0,45
608,2304,9,396,100,0,0,0,0,0,0,0,0,0,44
609,2216,9,432,100,0,0,0,0,0,0,0,0,0,48
610,1372,9,369,100,0,0,0,0,0,0,0,0,0,41
611,1288,9,387,100,0,0,0,0,0,0,0,0,0,43
612,1360,9,378,100,0,0,0,0,0,0,0,0,0,42
613,1656,9,441,100,0,0,0,0,0,0,0,0,0,49
614,1680,9,441,100,0,0,0,0,0,0,0,0,0,49
615,1176,9,423,100,0,0,0,0,0,0,0,0,0,47
616,1380,9,486,100,0,0,0,0,0,0,0,0,0,54
617,1352,9,396,100,0,0,0,0,0,0,0,0,0,44
618,1604,9,450,100,0,0,0,0,0,0,0,0,0,50
619,1564,9,414,100,0,0,0,0,0,0,0,0,0,46
620,1772,9,441,100,0,0,0,0,0,0,0,0,0,49
621,1784,9,405,100,0,0,0,0,0,0,0,0,0,45
622,1916,9,396,100,0,0,0,0,0,0,0,0,0,44
623,1708,9,414,100,0,0,0,0,0,0,0,0,0,46
624,1412,9,423,100,0,0,0,0,0,0,0,0,0,47
625,1292,9,441,100,0,0,0,0,0,0,0,0,0,49
626,1144,9,414,100,0,0,0,0,0,0,0,0,0,46
627,1528,9,459,100,0,0,0,0,0,0,0,0,0,51
628,1528,9,423,100,0,0,0,0,0,0,0,0,0,47
629,1788,9,450,100,0,0,0,0,0,0,0,0,0,50
630,1620,9,414,100,0,0,0,0,0,0,0,0,0,46
631,1324,9,441,100,0,0,0,0,0,0,0,0,0,49
632,1408,9,423,100,0,0,0,0,0,0,0,0,0,47
633,1552,9,423,100,0,0,0,0,0,0,0,0,0,47
634,1696,9,441,100,0,0,0,0,0,0,0,0,0,49
635,1576,9,450,100,0,0,0,0,0,0,0,0,0,50
636,1760,9,459,100,0,0,0,0,0,0,0,0,0,51
637,1304,9,387,100,0,0,0,0,0,0,0,0,0,43
638,1380,9,369,100,0,0,0,0,0,0,0,0,0,41
639,1644,9,414,100,0,0,0,0,0,0,0,0,0,46
640,1748,9,414,100,0,0,0,0,0,0,0,0,0,46
641,1272,9,423,100,0,0,0,0,0,0,0,0,0,47
642,1488,9,432,100,0,0,0,0,0,0,0,0,0,48
643,1456,9,396,100,0,0,0,0,0,0,0,0,0,44
644,1472,9,432,100,0,0,0,0,0,0,0,0,0,48
645,1536,9,441,100,0,0,0,0,0,0,0,0,0,49
646,1800,9,459,100,0,0,0,0,0,0,0,0,0,51
647,1412,9,423,100,0,0,0,0,0,0,0,0,0,47
648,1504,9,441,100,0,0,0,0,0,0,0,0,0,49
649,1412,9,432,100,0,0,0,0,0,0,0,0,0,48
650,1204,9,432,100,0,0,0,0,0,0,0,0,0,48
651,1364,9,468,100,0,0,0,0,0,0,0,0,0,52
652,1400,9,468,100,0,0,0,0,0,0,0,0,0,52
653,1332,9,441,100,0,0,0,0,0,0,0,0,0,49
654,1296,9,423,100,0,0,0,0,0,0,0,0,0,47
655,1428,9,423,100,0,0,0,0,0,0,0,0,0,47
656,1648,9,441,100,0,0,0,0,0,0,0,0,0,49
657,1792,9,432,100,0,0,0,0,0,0,0,0,0,48
658,1616,9,423,100,0,0,0,0,0,0,0,0,0,47
659,1560,9,432,100,0,0,0,0,0,0,0,0,0,48
660,1916,9,423,100,0,0,0,0,0,0,0,0,0,47
661,1704,9,414,100,0,0,0,0,0,0,0,0,0,46
662,1396,9,432,100,0,0,0,0,0,0,0,0,0,48
663,1480,9,450,100,0,0,0,0,0,0,0,0,0,50
664,1480,9,450,100,0,0,0,0,0,0,0,0,0,50
665,1168,9,387,100,0,0,0,0,0,0,0,0,0,43
666,1416,9,396,100,0,0,0,0,0,0,0,0,0,44
667,1404,9,378,100,0,0,0,0,0,0,0,0,0,42
668,1480,9,396,100,0,0,0,0,0,0,0,0,0,44
669,1428,9,423,100,0,0,0,0,0,0,0,0,0,47
670,1296,9,468,100,0,0,0,0,0,0,0,0,0,52
671,1264,9,459,100,0,0,0,0,0,0,0,0,0,51
672,1312,9,414,100,0,0,0,0,0,0,0,0,0,46
673,1404,9,423,100,0,0,0,0,0,0,0,0,0,47
674,1404,9,396,100,0,0,0,0,0,0,0,0,0,44
675,1208,9,396,100,0,0,0,0,0,0,0,0,0,44
676,1260,9,450,100,0,0,0,0,0,0,0,0,0,50
677,1172,9,396,100,0,0,0,0,0,0,0,0,0,44
678,1076,9,423,100,0,0,0,0,0,0,0,0,0,47
679,1100,9,423,100,0,0,0,0,0,0,0,0,0,47
680,1228,9,441,100,0,0,0,0,0,0,0,0,0,49
681,1140,9,450,100,0,0,0,0,0,0,0,0,0,50
682,1176,9,441,100,0,0,0,0,0,0,0,0,0,49
683,1520,9,459,100,0,0,0,0,0,0,0,0,0,51
684,1304,9,432,100,0,0,0,0,0,0,0,0,0,48
685,1168,9,441,100,0,0,0,0,0,0,0,0,0,49
686,1084,9,414,100,0,0,0,0,0,0,0,0,0,46
687,1280,9,432,100,0,0,0,0,0,0,0,0,0,48
688,1172,9,414,100,0,0,0,0,0,0,0,0,0,46
689,1144,9,414,100,0,0,0,0,0,0,0,0,0,46
690,1088,9,414,100,0,0,0,0,0,0,0,0,0,46
691,1332,9,468,100,0,0,0,0,0,0,0,0,0,52
692,1348,9,477,100,0,0,0,0,0,0,0,0,0,53
693,1300,9,450,100,0,0,0,0,0,0,0,0,0,50
694,1032,9,441,100,0,0,0,0,0,0,0,0,0,49
695,960,9,387,100,0,0,0,0,0,0,0,0,0,43
696,960,9,387,100,0,0,0,0,0,0,0,0,0,43
697,1052,9,405,100,0,0,0,0,0,0,0,0,0,45
698,904,9,414,100,0,0,0,0,0,0,0,0,0,46
699,924,9,387,100,0,0,0,0,0,0,0,0,0,43
700,976,9,414,100,0,0,0,0,0,0,0,0,0,46
701,1280,9,459,100,0,0,0,0,0,0,0,0,0,51
702,1264,9,405,100,0,0,0,0,0,0,0,0,0,45
703,1356,9,432,100,0,0,0,0,0,0,0,0,0,48
704,1396,9,441,100,0,0,0,0,0,0,0,0,0,49
705,1084,9,405,100,0,0,0,0,0,0,0,0,0,45
706,1568,9,414,100,0,0,0,0,0,0,0,0,0,46
707,1464,9,414,100,0,0,0,0,0,0,0,0,0,46
708,1536,9,405,100,0,0,0,0,0,0,0,0,0,45
709,1764,9,414,100,0,0,0,0,0,0,0,0,0,46
710,1656,9,387,100,0,0,0,0,0,0,0,0,0,43
711,1300,9,387,100,0,0,0,0,0,0,0,0,0,43
712,1456,9,387,100,0,0,0,0,0,0,0,0,0,43
713,1464,9,396,100,0,0,0,0,0,0,0,0,0,44
714,1468,9,405,100,0,0,0,0,0,0,0,0,0,45
715,1568,9,414,100,0,0,0,0,0,0,0,0,0,46
716,1352,9,396,100,0,0,0,0,0,0,0,0,0,44
717,1536,9,441,100,0,0,0,0,0,0,0,0,0,49
718,1096,9,414,100,0,0,0,0,0,0,0,0,0,46
719,1188,9,441,100,0,0,0,0,0,0,0,0,0,49
720,1172,9,423,100,0,0,0,0,0,0,0,0,0,47
721,1064,9,432,100,0,0,0,0,0,0,0,0,0,48
722,1144,9,441,100,0,0,0,0,0,0,0,0,0,49
723,956,9,387,100,0,0,0,0,0,0,0,0,0,43
724,1148,9,432,100,0,0,0,0,0,0,0,0,0,48
725,1400,9,423,100,0,0,0,0,0,0,0,0,0,47
726,1408,9,423,100,0,0,0,0,0,0,0,0,0,47
727,1336,9,450,100,0,0,0,0,0,0,0,0,0,50
728,1440,9,459,100,0,0,0,0,0,0,0,0,0,51
729,1420,9,441,100,0,0,0,0,0,0,0,0,0,49
730,1424,9,450,100,0,0,0,0,0,0,0,0,0,50
731,1280,9,423,100,0,0,0,0,0,0,0,0,0,47
732,1076,9,414,100,0,0,0,0,0,0,0,0,0,46
733,1268,9,414,100,0,0,0,0,0,0,0,0,0,46
734,1388,9,432,100,0,0,0,0,0,0,0,0,0,48
735,1404,9,423,100,0,0,0,0,0,0,0,0,0,47
736,1528,9,378,100,0,0,0,0,0,0,0,0,0,42
737,1512,9,378,100,0,0,0,0,0,0,0,0,0,42
738,1100,9,387,100,0,0,0,0,0,0,0,0,0,43
739,1392,9,423,100,0,0,0,0,0,0,0,0,0,47
740,1424,9,459,100,0,0,0,0,0,0,0,0,0,51
741,1236,9,414,100,0,0,0,0,0,0,0,0,0,46
742,1164,9,405,100,0,0,0,0,0,0,0,0,0,45
743,1232,9,441,100,0,0,0,0,0,0,0,0,0,49
744,1440,9,441,100,0,0,0,0,0,0,0,0,0,49
745,1228,9,396,100,0,0,0,0,0,0,0,0,0,44
746,1472,9,441,100,0,0,0,0,0,0,0,0,0,49
747,1436,9,459,100,0,0,0,0,0,0,0,0,0,51
748,1384,9,423,100,0,0,0,0,0,0,0,0,0,47
749,1156,9,414,100,0,0,0,0,0,0,0,0,0,46
750,1092,9,405,100,0,0,0,0,0,0,0,0,0,45
751,1520,9,441,100,0,0,0,0,0,0,0,0,0,49
752,1592,9,459,100,0,0,0,0,0,0,0,0,0,51
753,1276,9,486,100,0,0,0,0,0,0,0,0,0,54
754,1308,9,441,100,0,0,0,0,0,0,0,0,0,49
755,1588,9,468,100,0,0,0,0,0,0,0,0,0,52
756,1416,9,423,100,0,0,0,0,0,0,0,0,0,47
757,1260,9,414,100,0,0,0,0,0,0,0,0,0,46
758,1460,9,432,100,0,0,0,0,0,0,0,0,0,48
759,1348,9,414,100,0,0,0,0,0,0,0,0,0,46
760,1392,9,459,100,0,0,0,0,0,0,0,0,0,51
761,1252,9,450,100,0,0,0,0,0,0,0,0,0,50
762,1184,9,441,100,0,0,0,0,0,0,0,0,0,49
763,1068,9,432,100,0,0,0,0,0,0,0,0,0,48
764,1260,9,468,100,0,0,0,0,0,0,0,0,0,52
765,1144,9,450,100,0,0,0,0,0,0,0,0,0,50
766,1388,9,450,100,0,0,0,0,0,0,0,0,0,50
767,1420,9,423,100,0,0,0,0,0,0,0,0,0,47
768,1436,9,405,100,0,0,0,0,0,0,0,0,0,45
769,1268,9,378,100,0,0,0,0,0,0,0,0,0,42
770,1504,9,441,100,0,0,0,0,0,0,0,0,0,49
771,1284,9,423,100,0,0,0,0,0,0,0,0,0,47
772,1096,9,414,100,0,0,0,0,0,0,0,0,0,46
773,1252,9,468,100,0,0,0,0,0,0,0,0,0,52
774,980,9,450,100,0,0,0,0,0,0,0,0,0,50
775,1028,9,441,100,0,0,0,0,0,0,0,0,0,49
776,1008,9,441,100,0,0,0,0,0,0,0,0,0,49
777,1012,9,405,100,0,0,0,0,0,0,0,0,0,45
778,1392,9,450,100,0,0,0,0,0,0,0,0,0,50
779,1392,9,468,100,0,0,0,0,0,0,0,0,0,52
780,1064,9,405,100,0,0,0,0,0,0,0,0,0,45
781,1112,9,414,100,0,0,0,0,0,0,0,0,0,46
782,1256,9,432,100,0,0,0,0,0,0,0,0,0,48
783,1248,9,432,100,0,0,0,0,0,0,0,0,0,48
784,1308,9,423,100,0,0,0,0,0,0,0,0,0,47
785,1232,9,396,100,0,0,0,0,0,0,0,0,0,44
786,1448,9,423,100,0,0,0,0,0,0,0,0,0,47
787,1416,9,441,100,0,0,0,0,0,0,0,0,0,49
788,1360,9,423,100,0,0,0,0,0,0,0,0,0,47
789,1476,9,423,100,0,0,0,0,0,0,0,0,0,47
790,1596,9,414,100,0,0,0,0,0,0,0,0,0,46
791,1460,9,414,100,0,0,0,0,0,0,0,0,0,46
792,1380,9,423,100,0,0,0,0,0,0,0,0,0,47
793,1548,9,414,100,0,0,0,0,0,0,0,0,0,46
794,1200,9,387,100,0,0,0,0,0,0,0,0,0,43
795,1616,9,423,100,0,0,0,0,0,0,0,0,0,47
796,1752,9,450,100,0,0,0,0,0,0,0,0,0,50
797,1252,9,441,100,0,0,0,0,0,0,0,0,0,49
798,1296,9,432,100,0,0,0,0,0,0,0,0,0,48
799,1444,9,450,100,0,0,0,0,0,0,0,0,0,50
800,1508,9,432,100,0,0,0,0,0,0,0,0,0,48
801,1508,9,459,100,0,0,0,0,0,0,0,0,0,51
802,1688,9,423,100,0,0,0,0,0,0,0,0,0,47
803,1668,9,432,100,0,0,0,0,0,0,0,0,0,48
804,1528,9,423,100,0,0,0,0,0,0,0,0,0,47
805,1244,9,405,100,0,0,0,0,0,0,0,0,0,45
806,1504,9,423,100,0,0,0,0,0,0,0,0,0,47
807,1484,9,432,100,0,0,0,0,0,0,0,0,0,48
808,1584,9,450,100,0,0,0,0,0,0,0,0,0,50
809,1496,9,486,100,0,0,0,0,0,0,0,0,0,54
810,1652,9,450,100,0,0,0,0,0,0,0,0,0,50
811,1688,9,423,100,0,0,0,0,0,0,0,0,0,47
812,1524,9,450,100,0,0,0,0,0,0,0,0,0,50
813,1516,9,450,100,0,0,0,0,0,0,0,0,0,50
814,1584,9,441,100,0,0,0,0,0,0,0,0,0,49
815,1588,9,450,100,0,0,0,0,0,0,0,0,0,50
816,1688,9,423,100,0,0,0,0,0,0,0,0,0,47
817,1792,9,450,100,0,0,0,0,0,0,0,0,0,50
818,1504,9,423,100,0,0,0,0,0,0,0,0,0,47
819,1336,9,423,100,0,0,0,0,0,0,0,0,0,47
820,1580,9,387,100,0,0,0,0,0,0,0,0,0,43
821,1824,9,432,100,0,0,0,0,0,0,0,0,0,48
822,1468,9,432,100,0,0,0,0,0,0,0,0,0,48
823,1872,9,441,100,0,0,0,0,0,0,0,0,0,49
824,1648,9,405,100,0,0,0,0,0,0,0,0,0,45
825,1816,9,423,100,0,0,0,0,0,0,0,0,0,47
826,1480,9,414,100,0,0,0,0,0,0,0,0,0,46
827,1332,9,414,100,0,0,0,0,0,0,0,0,0,46
828,1416,9,405,100,0,0,0,0,0,0,0,0,0,45
829,1088,9,396,100,0,0,0,0,0,0,0,0,0,44
830,1480,9,405,100,0,0,0,0,0,0,0,0,0,45
831,1284,9,387,100,0,0,0,0,0,0,0,0,0,43
832,1192,9,396,100,0,0,0,0,0,0,0,0,0,44
833,1660,9,441,100,0,0,0,0,0,0,0,0,0,49
834,1428,9,405,100,0,0,0,0,0,0,0,0,0,45
835,1340,9,387,100,0,0,0,0,0,0,0,0,0,43
836,1504,9,423,100,0,0,0,0,0,0,0,0,0,47
837,1372,9,387,100,0,0,0,0,0,0,0,0,0,43
838,1320,9,432,100,0,0,0,0,0,0,0,0,0,48
839,1352,9,450,100,0,0,0,0,0,0,0,0,0,50
840,920,9,423,100,0,0,0,0,0,0,0,0,0,47
841,1024,9,450,100,0,0,0,0,0,0,0,0,0,50
842,1104,9,450,100,0,0,0,0,0,0,0,0,0,50
843,1064,9,432,100,0,0,0,0,0,0,0,0,0,48
844,1320,9,477,100,0,0,0,0,0,0,0,0,0,53
845,1292,9,432,100,0,0,0,0,0,0,0,0,0,48
846,1044,9,396,100,0,0,0,0,0,0,0,0,0,44
847,1308,9,378,100,0,0,0,0,0,0,0,0,0,42
848,1284,9,396,100,0,0,0,0,0,0,0,0,0,44
849,1332,9,396,100,0,0,0,0,0,0,0,0,0,44
850,1644,9,387,100,0,0,0,0,0,0,0,0,0,43
851,1972,9,414,100,0,0,0,0,0,0,0,0,0,46
852,1688,9,414,100,0,0,0,0,0,0,0,0,0,46
853,1620,9,387,100,0,0,0,0,0,0,0,0,0,43
854,1872,9,459,100,0,0,0,0,0,0,0,0,0,51
855,1360,9,423,100,0,0,0,0,0,0,0,0,0,47
856,1296,9,423,100,0,0,0,0,0,0,0,0,0,47
857,1060,9,387,100,0,0,0,0,0,0,0,0,0,43
858,1484,9,459,100,0,0,0,0,0,0,0,0,0,51
859,1460,9,450,100,0,0,0,0,0,0,0,0,0,50
860,1384,9,441,100,0,0,0,0,0,0,0,0,0,49
861,1396,9,450,100,0,0,0,0,0,0,0,0,0,50
862,1488,9,441,100,0,0,0,0,0,0,0,0,0,49
863,1272,9,432,100,0,0,0,0,0,0,0,0,0,48
864,1376,9,468,100,0,0,0,0,0,0,0,0,0,52
865,1272,9,405,100,0,0,0,0,0,0,0,0,0,45
866,1248,9,396,100,0,0,0,0,0,0,0,0,0,44
867,1576,9,477,100,0,0,0,0,0,0,0,0,0,53
868,1312,9,396,100,0,0,0,0,0,0,0,0,0,44
869,1588,9,432,100,0,0,0,0,0,0,0,0,0,48
870,1200,9,378,100,0,0,0,0,0,0,0,0,0,42
871,1292,9,423,100,0,0,0,0,0,0,0,0,0,47
872,1472,9,459,100,0,0,0,0,0,0,0,0,0,51
873,1512,9,468,100,0,0,0,0,0,0,0,0,0,52
874,1276,9,405,100,0,0,0,0,0,0,0,0,0,45
875,1508,9,450,100,0,0,0,0,0,0,0,0,0,50
876,1192,9,414,100,0,0,0,0,0,0,0,0,0,46
877,1552,9,423,100,0,0,0,0,0,0,0,0,0,47
878,1556,9,450,100,0,0,0,0,0,0,0,0,0,50
879,1252,9,432,100,0,0,0,0,0,0,0,0,0,48
880,1380,9,441,100,0,0,0,0,0,0,0,0,0,49
881,1688,9,450,100,0,0,0,0,0,0,0,0,0,50
882,1504,9,423,100,0,0,0,0,0,0,0,0,0,47
883,1636,9,405,100,0,0,0,0,0,0,0,0,0,45
884,1576,9,441,100,0,0,0,0,0,0,0,0,0,49
885,1408,9,396,100,0,0,0,0,0,0,0,0,0,44
886,1360,9,405,100,0,0,0,0,0,0,0,0,0,45
887,1624,9,414,100,0,0,0,0,0,0,0,0,0,46
888,1132,9,369,100,0,0,0,0,0,0,0,0,0,41
889,1508,9,405,100,0,0,0,0,0,0,0,0,0,45
890,1408,9,414,100,0,0,0,0,0,0,0,0,0,46
891,1588,9,432,100,0,0,0,0,0,0,0,0,0,48
892,1472,9,432,100,0,0,0,0,0,0,0,0,0,48
893,1388,9,414,100,0,0,0,0,0,0,0,0,0,46
894,1296,9,441,100,0,0,0,0,0,0,0,0,0,49
895,1424,9,423,100,0,0,0,0,0,0,0,0,0,47
896,1616,9,441,100,0,0,0,0,0,0,0,0,0,49
897,1424,9,423,100,0,0,0,0,0,0,0,0,0,47
898,1572,9,405,100,0,0,0,0,0,0,0,0,0,45
899,1248,9,405,100,0,0,0,0,0,0,0,0,0,45
900,1104,9,378,100,0,0,0,0,0,0,0,0,0,42
901,1368,9,450,100,0,0,0,0,0,0,0,0,0,50
902,1440,9,423,100,0,0,0,0,0,0,0,0,0,47
903,1380,9,432,100,0,0,0,0,0,0,0,0,0,48
904,1328,9,441,100,0,0,0,0,0,0,0,0,0,49
905,1500,9,423,100,0,0,0,0,0,0,0,0,0,47
906,1268,9,396,100,0,0,0,0,0,0,0,0,0,44
907,1108,9,387,100,0,0,0,0,0,0,0,0,0,43
908,1392,9,459,100,0,0,0,0,0,0,0,0,0,51
909,1172,9,396,100,0,0,0,0,0,0,0,0,0,44
910,1152,9,387,100,0,0,0,0,0,0,0,0,0,43
911,1124,9,378,100,0,0,0,0,0,0,0,0,0,42
912,1308,9,414,100,0,0,0,0,0,0,0,0,0,46
913,1352,9,405,100,0,0,0,0,0,0,0,0,0,45
914,1248,9,441,100,0,0,0,0,0,0,0,0,0,49
915,1404,9,450,100,0,0,0,0,0,0,0,0,0,50
916,1488,9,441,100,0,0,0,0,0,0,0,0,0,49
917,1156,9,378,100,0,0,0,0,0,0,0,0,0,42
918,1448,9,441,100,0,0,0,0,0,0,0,0,0,49
919,1388,9,423,100,0,0,0,0,0,0,0,0,0,47
920,1360,9,414,100,0,0,0,0,0,0,0,0,0,46
921,1312,9,414,100,0,0,0,0,0,0,0,0,0,46
922,1328,9,432,100,0,0,0,0,0,0,0,0,0,48
923,1484,9,432,100,0,0,0,0,0,0,0,0,0,48
924,1632,9,450,100,0,0,0,0,0,0,0,0,0,50
925,1484,9,405,100,0,0,0,0,0,0,0,0,0,45
926,1276,9,441,100,0,0,0,0,0,0,0,0,0,49
927,1132,9,432,100,0,0,0,0,0,0,0,0,0,48
928,1172,9,423,100,0,0,0,0,0,0,0,0,0,47
929,1352,9,441,100,0,0,0,0,0,0,0,0,0,49
930,1276,9,405,100,0,0,0,0,0,0,0,0,0,45
931,1384,9,423,100,0,0,0,0,0,0,0,0,0,47
932,1604,9,441,100,0,0,0,0,0,0,0,0,0,49
933,1324,9,405,100,0,0,0,0,0,0,0,0,0,45
934,1332,9,423,100,0,0,0,0,0,0,0,0,0,47
935,1576,9,423,100,0,0,0,0,0,0,0,0,0,47
936,1280,9,441,100,0,0,0,0,0,0,0,0,0,49
937,1180,9,423,100,0,0,0,0,0,0,0,0,0,47
938,1300,9,459,100,0,0,0,0,0,0,0,0,0,51
939,1184,9,441,100,0,0,0,0,0,0,0,0,0,49
940,1424,9,495,100,0,0,0,0,0,0,0,0,0,55
941,1492,9,459,100,0,0,0,0,0,0,0,0,0,51
942,1504,9,405,100,0,0,0,0,0,0,0,0,0,45
943,1428,9,423,100,0,0,0,0,0,0,0,0,0,47
944,1312,9,405,100,0,0,0,0,0,0,0,0,0,45
945,1400,9,423,100,0,0,0,0,0,0,0,0,0,47
946,1184,9,414,100,0,0,0,0,0,0,0,0,0,46
947,1080,9,405,100,0,0,0,0,0,0,0,0,0,45
948,1184,9,414,100,0,0,0,0,0,0,0,0,0,46
949,1220,9,432,100,0,0,0,0,0,0,0,0,0,48
950,1076,9,387,100,0,0,0,0,0,0,0,0,0,43
951,1224,9,450,100,0,0,0,0,0,0,0,0,0,50
952,1216,9,468,100,0,0,0,0,0,0,0,0,0,52
953,1332,9,459,100,0,0,0,0,0,0,0,0,0,51
954,1260,9,432,100,0,0,0,0,0,0,0,0,0,48
955,1384,9,459,100,0,0,0,0,0,0,0,0,0,51
956,1036,9,441,100,0,0,0,0,0,0,0,0,0,49
957,1288,9,441,100,0,0,0,0,0,0,0,0,0,49
958,1368,9,477,100,0,0,0,0,0,0,0,0,0,53
959,1444,9,459,100,0,0,0,0,0,0,0,0,0,51
960,1272,9,414,100,0,0,0,0,0,0,0,0,0,46
961,1244,9,414,100,0,0,0,0,0,0,0,0,0,46
962,1516,9,423,100,0,0,0,0,0,0,0,0,0,47
963,1308,9,423,100,0,0,0,0,0,0,0,0,0,47
964,1440,9,441,100,0,0,0,0,0,0,0,0,0,49
965,1668,9,432,100,0,0,0,0,0,0,0,0,0,48
966,1576,9,423,100,0,0,0,0,0,0,0,0,0,47
967,1552,9,423,100,0,0,0,0,0,0,0,0,0,47
968,1544,9,423,100,0,0,0,0,0,0,0,0,0,47
969,1440,9,396,100,0,0,0,0,0,0,0,0,0,44
970,1424,9,423,100,0,0,0,0,0,0,0,0,0,47
971,1416,9,450,100,0,0,0,0,0,0,0,0,0,50
972,1544,9,486,100,0,0,0,0,0,0,0,0,0,54
973,1232,9,441,100,0,0,0,0,0,0,0,0,0,49
974,1384,9,450,100,0,0,0,0,0,0,0,0,0,50
975,1340,9,432,100,0,0,0,0,0,0,0,0,0,48
976,1408,9,450,100,0,0,0,0,0,0,0,0,0,50
977,1592,9,450,100,0,0,0,0,0,0,0,0,0,50
978,1336,9,432,100,0,0,0,0,0,0,0,0,0,48
979,1484,9,450,100,0,0,0,0,0,0,0,0,0,50
980,1408,9,423,100,0,0,0,0,0,0,0,0,0,47
981,1360,9,450,100,0,0,0,0,0,0,0,0,0,50
982,1588,9,477,100,0,0,0,0,0,0,0,0,0,53
983,1700,9,441,100,0,0,0,0,0,0,0,0,0,49
984,1332,9,414,100,0,0,0,0,0,0,0,0,0,46
985,1728,9,459,100,0,0,0,0,0,0,0,0,0,51
986,1752,9,441,100,0,0,0,0,0,0,0,0,0,49
987,1448,9,414,100,0,0,0,0,0,0,0,0,0,46
988,1528,9,423,100,0,0,0,0,0,0,0,0,0,47
989,1920,9,450,100,0,0,0,0,0,0,0,0,0,50
990,2176,9,450,100,0,0,0,0,0,0,0,0,0,50
991,1400,9,450,100,0,0,0,0,0,0,0,0,0,50
992,1808,9,441,100,0,0,0,0,0,0,0,0,0,49
993,1656,9,441,100,0,0,0,0,0,0,0,0,0,49
994,1992,9,414,100,0,0,0,0,0,0,0,0,0,46
995,1668,9,459,100,0,0,0,0,0,0,0,0,0,51
996,1648,9,459,100,0,0,0,0,0,0,0,0,0,51
997,1752,9,441,100,0,0,0,0,0,0,0,0,0,49
998,1876,9,450,100,0,0,0,0,0,0,0,0,0,50
999,1816,9,414,100,0,0,0,0,0,0,0,0,0,46
