update,points,mean_tasks,total_tasks,total_orgs,task_0,task_1,task_2,task_3,task_4,task_5,task_6,task_7,task_8,task_9
0,0,nan,0,10,0,0,0,0,0,0,0,0,0,0
1,0,nan,0,10,0,0,0,0,0,0,0,0,0,0
2,0,nan,0,10,0,0,0,0,0,0,0,0,0,0
3,0,nan,0,10,0,0,0,0,0,0,0,0,0,0
4,0,nan,0,10,0,0,0,0,0,0,0,0,0,0
5,0,nan,0,10,0,0,0,0,0,0,0,0,0,0
6,0,nan,0,10,0,0,0,0,0,0,0,0,0,0
7,0,nan,0,10,0,0,0,0,0,0,0,0,0,0
8,0,nan,0,10,0,0,0,0,0,0,0,0,0,0
9,44,9,9,11,0,0,0,0,0,0,0,0,0,1
10,24,9,9,12,0,0,0,0,0,0,0,0,0,1
11,0,9,9,12,0,0,0,0,0,0,0,0,0,1
12,0,9,9,12,0,0,0,0,0,0,0,0,0,1
13,0,9,9,12,0,0,0,0,0,0,0,0,0,1
14,0,9,9,12,0,0,0,0,0,0,0,0,0,1
15,0,9,9,12,0,0,0,0,0,0,0,0,0,1
16,0,9,9,12,0,0,0,0,0,0,0,0,0,1
17,44,9,9,12,0,0,0,0,0,0,0,0,0,1
18,88,9,9,12,0,0,0,0,0,0,0,0,0,1
19,68,9,9,13,0,0,0,0,0,0,0,0,0,1
20,0,9,9,13,0,0,0,0,0,0,0,0,0,1
21,0,9,9,13,0,0,0,0,0,0,0,0,0,1
22,0,9,9,13,0,0,0,0,0,0,0,0,0,1
23,0,9,9,13,0,0,0,0,0,0,0,0,0,1
24,0,9,9,13,0,0,0,0,0,0,0,0,0,1
25,44,9,18,14,0,0,0,0,0,0,0,0,0,2
26,88,9,18,14,0,0,0,0,0,0,0,0,0,2
27,132,9,18,15,0,0,0,0,0,0,0,0,0,2
28,112,9,18,15,0,0,0,0,0,0,0,0,0,2
29,0,9,18,15,0,0,0,0,0,0,0,0,0,2
30,0,9,18,15,0,0,0,0,0,0,0,0,0,2
31,0,9,18,15,0,0,0,0,0,0,0,0,0,2
32,88,9,27,16,0,0,0,0,0,0,0,0,0,3
33,112,9,27,17,0,0,0,0,0,0,0,0,0,3
34,176,9,27,18,0,0,0,0,0,0,0,0,0,3
35,200,9,27,20,0,0,0,0,0,0,0,0,0,3
36,132,9,27,20,0,0,0,0,0,0,0,0,0,3
37,112,9,27,20,0,0,0,0,0,0,0,0,0,3
38,0,9,27,20,0,0,0,0,0,0,0,0,0,3
39,0,9,27,20,0,0,0,0,0,0,0,0,0,3
40,44,9,36,21,0,0,0,0,0,0,0,0,0,4
41,68,9,45,21,0,0,0,0,0,0,0,0,0,5
42,72,9,45,23,0,0,0,0,0,0,0,0,0,5
43,72,9,45,23,0,0,0,0,0,0,0,0,0,5
44,32,9,36,24,0,0,0,0,0,0,0,0,0,4
45,76,9,36,24,0,0,0,0,0,0,0,0,0,4
46,120,9,36,24,0,0,0,0,0,0,0,0,0,4
47,100,9,36,24,0,0,0,0,0,0,0,0,0,4
48,52,9,36,24,0,0,0,0,0,0,0,0,0,4
49,96,9,36,24,0,0,0,0,0,0,0,0,0,4
50,120,9,36,25,0,0,0,0,0,0,0,0,0,4
51,188,9,45,26,0,0,0,0,0,0,0,0,0,5
52,128,9,45,27,0,0,0,0,0,0,0,0,0,5
53,172,9,45,28,0,0,0,0,0,0,0,0,0,5
54,76,9,36,28,0,0,0,0,0,0,0,0,0,4
55,80,9,54,30,0,0,0,0,0,0,0,0,0,6
56,192,9,63,30,0,0,0,0,0,0,0,0,0,7
57,176,9,72,31,0,0,0,0,0,0,0,0,0,8
58,312,9,99,34,0,0,0,0,0,0,0,0,0,11
59,140,9,90,36,0,0,0,0,0,0,0,0,0,10
60,264,9,90,36,0,0,0,0,0,0,0,0,0,10
61,268,9,81,36,0,0,0,0,0,0,0,0,0,9
62,248,9,72,36,0,0,0,0,0,0,0,0,0,8
63,348,9,99,39,0,0,0,0,0,0,0,0,0,11
64,352,9,117,41,0,0,0,0,0,0,0,0,0,13
65,472,9,144,44,0,0,0,0,0,0,0,0,0,16
66,652,9,153,48,0,0,0,0,0,0,0,0,0,17
67,288,9,126,50,0,0,0,0,0,0,0,0,0,14
68,348,9,153,50,0,0,0,0,0,0,0,0,0,17
69,528,9,162,55,0,0,0,0,0,0,0,0,0,18
70,412,9,153,60,0,0,0,0,0,0,0,0,0,17
71,544,9,180,64,0,0,0,0,0,0,0,0,0,20
72,708,9,207,66,0,0,0,0,0,0,0,0,0,23
73,600,9,189,67,0,0,0,0,0,0,0,0,0,21
74,456,9,189,70,0,0,0,0,0,0,0,0,0,21
75,480,9,207,71,0,0,0,0,0,0,0,0,0,23
76,636,9,216,75,0,0,0,0,0,0,0,0,0,24
77,564,9,207,76,0,0,0,0,0,0,0,0,0,23
78,636,9,234,77,0,0,0,0,0,0,0,0,0,26
79,704,9,252,81,0,0,0,0,0,0,0,0,0,28
80,760,9,279,83,0,0,0,0,0,0,0,0,0,31
81,380,9,252,84,0,0,0,0,0,0,0,0,0,28
82,608,9,252,84,0,0,0,0,0,0,0,0,0,28
83,652,9,252,86,0,0,0,0,0,0,0,0,0,28
84,640,9,261,89,0,0,0,0,0,0,0,0,0,29
85,772,9,270,92,0,0,0,0,0,0,0,0,0,30
86,584,9,252,93,0,0,0,0,0,0,0,0,0,28
87,496,9,234,93,0,0,0,0,0,0,0,0,0,26
88,1000,9,315,93,0,0,0,0,0,0,0,0,0,35
89,792,9,315,95,0,0,0,0,0,0,0,0,0,35
90,736,9,315,96,0,0,0,0,0,0,0,0,0,35
91,652,9,333,96,0,0,0,0,0,0,0,0,0,37
92,576,9,333,97,0,0,0,0,0,0,0,0,0,37
93,752,9,342,98,0,0,0,0,0,0,0,0,0,38
94,680,9,342,98,0,0,0,0,0,0,0,0,0,38
95,552,9,297,98,0,0,0,0,0,0,0,0,0,33
96,816,9,342,99,0,0,0,0,0,0,0,0,0,38
97,696,9,342,99,0,0,0,0,0,0,0,0,0,38
98,500,9,342,99,0,0,0,0,0,0,0,0,0,38
99,824,9,342,99,0,0,0,0,0,0,0,0,0,38
100,692,9,333,100,0,0,0,0,0,0,0,0,0,37
101,404,9,288,100,0,0,0,0,0,0,0,0,0,32
102,704,9,306,100,0,0,0,0,0,0,0,0,0,34
103,808,9,351,100,0,0,0,0,0,0,0,0,0,39
104,472,9,324,100,0,0,0,0,0,0,0,0,0,36
105,560,9,315,100,0,0,0,0,0,0,0,0,0,35
106,660,9,351,100,0,0,0,0,0,0,0,0,0,39
107,644,9,351,100,0,0,0,0,0,0,0,0,0,39
108,752,9,360,100,0,0,0,0,0,0,0,0,0,40
109,720,9,333,100,0,0,0,0,0,0,0,0,0,37
110,700,9,342,100,0,0,0,0,0,0,0,0,0,38
111,856,9,387,100,0,0,0,0,0,0,0,0,0,43
112,656,9,342,100,0,0,0,0,0,0,0,0,0,38
113,840,9,387,100,0,0,0,0,0,0,0,0,0,43
114,812,9,369,100,0,0,0,0,0,0,0,0,0,41
115,492,9,342,100,0,0,0,0,0,0,0,0,0,38
116,544,9,342,100,0,0,0,0,0,0,0,0,0,38
117,672,9,360,100,0,0,0,0,0,0,0,0,0,40
118,732,9,342,100,0,0,0,0,0,0,0,0,0,38
119,652,9,342,100,0,0,0,0,0,0,0,0,0,38
120,432,9,306,100,0,0,0,0,0,0,0,0,0,34
121,688,9,324,100,0,0,0,0,0,0,0,0,0,36
122,440,9,324,100,0,0,0,0,0,0,0,0,0,36
123,604,9,324,100,0,0,0,0,0,0,0,0,0,36
124,636,9,333,100,0,0,0,0,0,0,0,0,0,37
125,620,9,333,100,0,0,0,0,0,0,0,0,0,37
126,584,9,342,100,0,0,0,0,0,0,0,0,0,38
127,636,9,324,100,0,0,0,0,0,0,0,0,0,36
128,688,9,351,100,0,0,0,0,0,0,0,0,0,39
129,788,9,315,100,0,0,0,0,0,0,0,0,0,35
130,752,9,324,100,0,0,0,0,0,0,0,0,0,36
131,664,9,297,100,0,0,0,0,0,0,0,0,0,33
132,1024,9,306,100,0,0,0,0,0,0,0,0,0,34
133,916,9,288,100,0,0,0,0,0,0,0,0,0,32
134,896,9,261,100,0,0,0,0,0,0,0,0,0,29
135,996,9,270,100,0,0,0,0,0,0,0,0,0,30
136,992,9,261,100,0,0,0,0,0,0,0,0,0,29
137,956,9,243,100,0,0,0,0,0,0,0,0,0,27
138,940,9,252,100,0,0,0,0,0,0,0,0,0,28
139,960,9,270,100,0,0,0,0,0,0,0,0,0,30
140,784,9,270,100,0,0,0,0,0,0,0,0,0,30
141,916,9,270,100,0,0,0,0,0,0,0,0,0,30
142,592,9,252,100,0,0,0,0,0,0,0,0,0,28
143,716,9,270,100,0,0,0,0,0,0,0,0,0,30
144,680,9,288,100,0,0,0,0,0,0,0,0,0,32
145,772,9,297,100,0,0,0,0,0,0,0,0,0,33
146,688,9,243,100,0,0,0,0,0,0,0,0,0,27
147,704,9,252,100,0,0,0,0,0,0,0,0,0,28
148,816,9,288,100,0,0,0,0,0,0,0,0,0,32
149,792,9,306,100,0,0,0,0,0,0,0,0,0,34
150,760,9,333,100,0,0,0,0,0,0,0,0,0,37
151,796,9,324,100,0,0,0,0,0,0,0,0,0,36
152,496,9,288,100,0,0,0,0,0,0,0,0,0,32
153,520,9,324,100,0,0,0,0,0,0,0,0,0,36
154,904,9,333,100,0,0,0,0,0,0,0,0,0,37
155,876,9,360,100,0,0,0,0,0,0,0,0,0,40
156,736,9,333,100,0,0,0,0,0,0,0,0,0,37
157,920,9,324,100,0,0,0,0,0,0,0,0,0,36
158,768,9,288,100,0,0,0,0,0,0,0,0,0,32
159,1040,9,360,100,0,0,0,0,0,0,0,0,0,40
160,980,9,333,100,0,0,0,0,0,0,0,0,0,37
161,1096,9,324,100,0,0,0,0,0,0,0,0,0,36
162,1092,9,324,100,0,0,0,0,0,0,0,0,0,36
163,1024,9,315,100,0,0,0,0,0,0,0,0,0,35
164,1392,9,351,100,0,0,0,0,0,0,0,0,0,39
165,1200,9,324,100,0,0,0,0,0,0,0,0,0,36
166,1280,9,315,100,0,0,0,0,0,0,0,0,0,35
167,1244,9,288,100,0,0,0,0,0,0,0,0,0,32
168,1620,9,324,100,0,0,0,0,0,0,0,0,0,36
169,1500,9,297,100,0,0,0,0,0,0,0,0,0,33
170,1488,9,342,100,0,0,0,0,0,0,0,0,0,38
171,1336,9,324,100,0,0,0,0,0,0,0,0,0,36
172,1144,9,297,100,0,0,0,0,0,0,0,0,0,33
173,1404,9,297,100,0,0,0,0,0,0,0,0,0,33
174,1652,9,324,100,0,0,0,0,0,0,0,0,0,36
175,1808,9,333,100,0,0,0,0,0,0,0,0,0,37
176,1876,9,333,100,0,0,0,0,0,0,0,0,0,37
177,1556,9,324,100,0,0,0,0,0,0,0,0,0,36
178,1328,9,297,100,0,0,0,0,0,0,0,0,0,33
179,1356,9,288,100,0,0,0,0,0,0,0,0,0,32
180,1588,9,279,100,0,0,0,0,0,0,0,0,0,31
181,1468,9,279,100,0,0,0,0,0,0,0,0,0,31
182,1492,9,288,100,0,0,0,0,0,0,0,0,0,32
183,1360,9,297,100,0,0,0,0,0,0,0,0,0,33
184,1160,9,306,100,0,0,0,0,0,0,0,0,0,34
185,1376,9,360,100,0,0,0,0,0,0,0,0,0,40
186,1276,9,324,100,0,0,0,0,0,0,0,0,0,36
187,1348,9,306,100,0,0,0,0,0,0,0,0,0,34
188,1640,9,324,100,0,0,0,0,0,0,0,0,0,36
189,1376,9,360,100,0,0,0,0,0,0,0,0,0,40
190,1324,9,351,100,0,0,0,0,0,0,0,0,0,39
191,1388,9,351,100,0,0,0,0,0,0,0,0,0,39
192,1304,9,351,100,0,0,0,0,0,0,0,0,0,39
193,1236,9,342,100,0,0,0,0,0,0,0,0,0,38
194,912,9,333,100,0,0,0,0,0,0,0,0,0,37
195,956,9,387,100,0,0,0,0,0,0,0,0,0,43
196,956,9,360,100,0,0,0,0,0,0,0,0,0,40
197,928,9,324,100,0,0,0,0,0,0,0,0,0,36
198,1160,9,342,100,0,0,0,0,0,0,0,0,0,38
199,1324,9,342,100,0,0,0,0,0,0,0,0,0,38
200,1720,9,360,100,0,0,0,0,0,0,0,0,0,40
201,1564,9,351,100,0,0,0,0,0,0,0,0,0,39
202,1636,9,342,100,0,0,0,0,0,0,0,0,0,38
203,1660,9,324,100,0,0,0,0,0,0,0,0,0,36
204,1760,9,333,100,0,0,0,0,0,0,0,0,0,37
205,1472,9,324,100,0,0,0,0,0,0,0,0,0,36
206,1592,9,342,100,0,0,0,0,0,0,0,0,0,38
207,1664,9,333,100,0,0,0,0,0,0,0,0,0,37
208,1808,9,342,100,0,0,0,0,0,0,0,0,0,38
209,1948,9,315,100,0,0,0,0,0,0,0,0,0,35
210,1188,9,297,100,0,0,0,0,0,0,0,0,0,33
211,1056,9,297,100,0,0,0,0,0,0,0,0,0,33
212,936,9,315,100,0,0,0,0,0,0,0,0,0,35
213,964,9,324,100,0,0,0,0,0,0,0,0,0,36
214,860,9,315,100,0,0,0,0,0,0,0,0,0,35
215,1140,9,315,100,0,0,0,0,0,0,0,0,0,35
216,924,9,306,100,0,0,0,0,0,0,0,0,0,34
217,1204,9,315,100,0,0,0,0,0,0,0,0,0,35
218,1044,9,297,100,0,0,0,0,0,0,0,0,0,33
219,1052,9,306,100,0,0,0,0,0,0,0,0,0,34
220,1068,9,297,100,0,0,0,0,0,0,0,0,0,33
221,1268,9,288,100,0,0,0,0,0,0,0,0,0,32
222,1136,9,279,100,0,0,0,0,0,0,0,0,0,31
223,1412,9,297,100,0,0,0,0,0,0,0,0,0,33
224,760,9,261,100,0,0,0,0,0,0,0,0,0,29
225,828,9,270,100,0,0,0,0,0,0,0,0,0,30
226,944,9,297,100,0,0,0,0,0,0,0,0,0,33
227,984,9,288,100,0,0,0,0,0,0,0,0,0,32
228,1088,9,297,100,0,0,0,0,0,0,0,0,0,33
229,1068,9,261,100,0,0,0,0,0,0,0,0,0,29
230,920,9,306,100,0,0,0,0,0,0,0,0,0,34
231,1112,9,297,100,0,0,0,0,0,0,0,0,0,33
232,1200,9,315,100,0,0,0,0,0,0,0,0,0,35
233,1040,9,306,100,0,0,0,0,0,0,0,0,0,34
234,1248,9,306,100,0,0,0,0,0,0,0,0,0,34
235,1060,9,315,100,0,0,0,0,0,0,0,0,0,35
236,1164,9,333,100,0,0,0,0,0,0,0,0,0,37
237,1224,9,324,100,0,0,0,0,0,0,0,0,0,36
238,1176,9,297,100,0,0,0,0,0,0,0,0,0,33
239,1224,9,297,100,0,0,0,0,0,0,0,0,0,33
240,1356,9,324,100,0,0,0,0,0,0,0,0,0,36
241,1152,9,306,100,0,0,0,0,0,0,0,0,0,34
242,1096,9,315,100,0,0,0,0,0,0,0,0,0,35
243,820,9,351,100,0,0,0,0,0,0,0,0,0,39
244,1132,9,333,100,0,0,0,0,0,0,0,0,0,37
245,1112,9,342,100,0,0,0,0,0,0,0,0,0,38
246,1108,9,333,100,0,0,0,0,0,0,0,0,0,37
247,1192,9,342,100,0,0,0,0,0,0,0,0,0,38
248,976,9,324,100,0,0,0,0,0,0,0,0,0,36
249,1116,9,360,100,0,0,0,0,0,0,0,0,0,40
250,1424,9,378,100,0,0,0,0,0,0,0,0,0,42
251,1320,9,387,100,0,0,0,0,0,0,0,0,0,43
252,1088,9,333,100,0,0,0,0,0,0,0,0,0,37
253,1244,9,342,100,0,0,0,0,0,0,0,0,0,38
254,1440,9,378,100,0,0,0,0,0,0,0,0,0,42
255,1340,9,342,100,0,0,0,0,0,0,0,0,0,38
256,1224,9,306,100,0,0,0,0,0,0,0,0,0,34
257,1456,9,315,100,0,0,0,0,0,0,0,0,0,35
258,1556,9,333,100,0,0,0,0,0,0,0,0,0,37
259,1388,9,324,100,0,0,0,0,0,0,0,0,0,36
260,1668,9,324,100,0,0,0,0,0,0,0,0,0,36
261,1332,9,324,100,0,0,0,0,0,0,0,0,0,36
262,1448,9,333,100,0,0,0,0,0,0,0,0,0,37
263,1176,9,351,100,0,0,0,0,0,0,0,0,0,39
264,1440,9,360,100,0,0,0,0,0,0,0,0,0,40
265,1460,9,360,100,0,0,0,0,0,0,0,0,0,40
266,1600,9,324,100,0,0,0,0,0,0,0,0,0,36
267,1216,9,315,100,0,0,0,0,0,0,0,0,0,35
268,1756,9,342,100,0,0,0,0,0,0,0,0,0,38
269,1620,9,324,100,0,0,0,0,0,0,0,0,0,36
270,1964,9,324,100,0,0,0,0,0,0,0,0,0,36
271,1704,9,279,100,0,0,0,0,0,0,0,0,0,31
272,996,9,270,100,0,0,0,0,0,0,0,0,0,30
273,1492,9,270,100,0,0,0,0,0,0,0,0,0,30
274,1552,9,324,100,0,0,0,0,0,0,0,0,0,36
275,1468,9,288,100,0,0,0,0,0,0,0,0,0,32
276,1780,9,324,100,0,0,0,0,0,0,0,0,0,36
277,1848,9,324,100,0,0,0,0,0,0,0,0,0,36
278,1480,9,297,100,0,0,0,0,0,0,0,0,0,33
279,1916,9,333,100,0,0,0,0,0,0,0,0,0,37
280,2332,9,360,100,0,0,0,0,0,0,0,0,0,40
281,2532,9,360,100,0,0,0,0,0,0,0,0,0,40
282,2512,9,387,100,0,0,0,0,0,0,0,0,0,43
283,2212,9,351,100,0,0,0,0,0,0,0,0,0,39
284,2088,9,342,100,0,0,0,0,0,0,0,0,0,38
285,1948,9,315,100,0,0,0,0,0,0,0,0,0,35
286,2400,9,360,100,0,0,0,0,0,0,0,0,0,40
287,2144,9,405,100,0,0,0,0,0,0,0,0,0,45
288,1908,9,324,100,0,0,0,0,0,0,0,0,0,36
289,2012,9,306,100,0,0,0,0,0,0,0,0,0,34
290,2144,9,351,100,0,0,0,0,0,0,0,0,0,39
291,2156,9,333,100,0,0,0,0,0,0,0,0,0,37
292,1528,9,315,100,0,0,0,0,0,0,0,0,0,35
293,1448,9,306,100,0,0,0,0,0,0,0,0,0,34
294,1936,9,342,100,0,0,0,0,0,0,0,0,0,38
295,2000,9,333,100,0,0,0,0,0,0,0,0,0,37
296,1756,9,297,100,0,0,0,0,0,0,0,0,0,33
297,1484,9,315,100,0,0,0,0,0,0,0,0,0,35
298,1556,9,279,100,0,0,0,0,0,0,0,0,0,31
299,2000,9,333,100,0,0,0,0,0,0,0,0,0,37
300,1984,9,315,100,0,0,0,0,0,0,0,0,0,35
301,1960,9,333,100,0,0,0,0,0,0,0,0,0,37
302,1908,9,342,100,0,0,0,0,0,0,0,0,0,38
303,1624,9,315,100,0,0,0,0,0,0,0,0,0,35
304,1776,9,315,100,0,0,0,0,0,0,0,0,0,35
305,1668,9,333,100,0,0,0,0,0,0,0,0,0,37
306,1564,9,297,100,0,0,0,0,0,0,0,0,0,33
307,1464,9,315,100,0,0,0,0,0,0,0,0,0,35
308,1376,9,297,100,0,0,0,0,0,0,0,0,0,33
309,1716,9,342,100,0,0,0,0,0,0,0,0,0,38
310,1340,9,324,100,0,0,0,0,0,0,0,0,0,36
311,1716,9,360,100,0,0,0,0,0,0,0,0,0,40
312,1756,9,315,100,0,0,0,0,0,0,0,0,0,35
313,1444,9,297,100,0,0,0,0,0,0,0,0,0,33
314,1720,9,342,100,0,0,0,0,0,0,0,0,0,38
315,1564,9,324,100,0,0,0,0,0,0,0,0,0,36
316,1664,9,351,100,0,0,0,0,0,0,0,0,0,39
317,1664,9,333,100,0,0,0,0,0,0,0,0,0,37
318,1880,9,369,100,0,0,0,0,0,0,0,0,0,41
319,1612,9,324,100,0,0,0,0,0,0,0,0,0,36
320,1660,9,333,100,0,0,0,0,0,0,0,0,0,37
321,1872,9,369,100,0,0,0,0,0,0,0,0,0,41
322,1488,9,333,100,0,0,0,0,0,0,0,0,0,37
323,1728,9,324,100,0,0,0,0,0,0,0,0,0,36
324,1764,9,333,100,0,0,0,0,0,0,0,0,0,37
325,1512,9,342,100,0,0,0,0,0,0,0,0,0,38
326,1496,9,306,100,0,0,0,0,0,0,0,0,0,34
327,1804,9,324,100,0,0,0,0,0,0,0,0,0,36
328,1752,9,315,100,0,0,0,0,0,0,0,0,0,35
329,1800,9,297,100,0,0,0,0,0,0,0,0,0,33
330,2072,9,333,100,0,0,0,0,0,0,0,0,0,37
331,2044,9,333,100,0,0,0,0,0,0,0,0,0,37
332,1904,9,324,100,0,0,0,0,0,0,0,0,0,36
333,2460,9,378,100,0,0,0,0,0,0,0,0,0,42
334,1688,9,360,100,0,0,0,0,0,0,0,0,0,40
335,1584,9,351,100,0,0,0,0,0,0,0,0,0,39
336,1096,9,315,100,0,0,0,0,0,0,0,0,0,35
337,1240,9,288,100,0,0,0,0,0,0,0,0,0,32
338,1268,9,306,100,0,0,0,0,0,0,0,0,0,34
339,1432,9,351,100,0,0,0,0,0,0,0,0,0,39
340,1208,9,342,100,0,0,0,0,0,0,0,0,0,38
341,1512,9,333,100,0,0,0,0,0,0,0,0,0,37
342,1580,9,360,100,0,0,0,0,0,0,0,0,0,40
343,1440,9,342,100,0,0,0,0,0,0,0,0,0,38
344,1880,9,369,100,0,0,0,0,0,0,0,0,0,41
345,1660,9,351,100,0,0,0,0,0,0,0,0,0,39
346,1596,9,360,100,0,0,0,0,0,0,0,0,0,40
347,1848,9,387,100,0,0,0,0,0,0,0,0,0,43
348,1968,9,414,100,0,0,0,0,0,0,0,0,0,46
349,1964,9,414,100,0,0,0,0,0,0,0,0,0,46
350,1564,9,342,100,0,0,0,0,0,0,0,0,0,38
351,1716,9,378,100,0,0,0,0,0,0,0,0,0,42
352,1832,9,396,100,0,0,0,0,0,0,0,0,0,44
353,2044,9,396,100,0,0,0,0,0,0,0,0,0,44
354,1548,9,387,100,0,0,0,0,0,0,0,0,0,43
355,1572,9,360,100,0,0,0,0,0,0,0,0,0,40
356,1732,9,360,100,0,0,0,0,0,0,0,0,0,40
357,2052,9,369,100,0,0,0,0,0,0,0,0,0,41
358,1280,9,315,100,0,0,0,0,0,0,0,0,0,35
359,1488,9,333,100,0,0,0,0,0,0,0,0,0,37
360,1840,9,387,100,0,0,0,0,0,0,0,0,0,43
361,1600,9,378,100,0,0,0,0,0,0,0,0,0,42
362,1844,9,351,100,0,0,0,0,0,0,0,0,0,39
363,1956,9,378,100,0,0,0,0,0,0,0,0,0,42
364,2384,9,387,100,0,0,0,0,0,0,0,0,0,43
365,2056,9,360,100,0,0,0,0,0,0,0,0,0,40
366,2660,9,387,100,0,0,0,0,0,0,0,0,0,43
367,2716,9,387,100,0,0,0,0,0,0,0,0,0,43
368,1760,9,387,100,0,0,0,0,0,0,0,0,0,43
369,1888,9,387,100,0,0,0,0,0,0,0,0,0,43
370,2172,9,396,100,0,0,0,0,0,0,0,0,0,44
371,2376,9,387,100,0,0,0,0,0,0,0,0,0,43
372,1992,9,378,100,0,0,0,0,0,0,0,0,0,42
373,1860,9,342,100,0,0,0,0,0,0,0,0,0,38
374,1984,9,351,100,0,0,0,0,0,0,0,0,0,39
375,2464,9,360,100,0,0,0,0,0,0,0,0,0,40
376,1908,9,351,100,0,0,0,0,0,0,0,0,0,39
377,1960,9,369,100,0,0,0,0,0,0,0,0,0,41
378,1908,9,351,100,0,0,0,0,0,0,0,0,0,39
379,1552,9,369,100,0,0,0,0,0,0,0,0,0,41
380,1732,9,342,100,0,0,0,0,0,0,0,0,0,38
381,1480,9,342,100,0,0,0,0,0,0,0,0,0,38
382,1396,9,342,100,0,0,0,0,0,0,0,0,0,38
383,1308,9,360,100,0,0,0,0,0,0,0,0,0,40
384,1520,9,369,100,0,0,0,0,0,0,0,0,0,41
385,1712,9,378,100,0,0,0,0,0,0,0,0,0,42
386,1448,9,396,100,0,0,0,0,0,0,0,0,0,44
387,988,9,378,100,0,0,0,0,0,0,0,0,0,42
388,1280,9,396,100,0,0,0,0,0,0,0,0,0,44
389,1224,9,396,100,0,0,0,0,0,0,0,0,0,44
390,1332,9,378,100,0,0,0,0,0,0,0,0,0,42
391,1460,9,387,100,0,0,0,0,0,0,0,0,0,43
392,1716,9,414,100,0,0,0,0,0,0,0,0,0,46
393,1752,9,396,100,0,0,0,0,0,0,0,0,0,44
394,1888,9,369,100,0,0,0,0,0,0,0,0,0,41
395,1824,9,405,100,0,0,0,0,0,0,0,0,0,45
396,1904,9,396,100,0,0,0,0,0,0,0,0,0,44
397,2076,9,450,100,0,0,0,0,0,0,0,0,0,50
398,2232,9,387,100,0,0,0,0,0,0,0,0,0,43
399,2256,9,405,100,0,0,0,0,0,0,0,0,0,45
400,2504,9,405,100,0,0,0,0,0,0,0,0,0,45
401,2436,9,414,100,0,0,0,0,0,0,0,0,0,46
402,1960,9,378,100,0,0,0,0,0,0,0,0,0,42
403,2228,9,378,100,0,0,0,0,0,0,0,0,0,42
404,1952,9,342,100,0,0,0,0,0,0,0,0,0,38
405,1848,9,351,100,0,0,0,0,0,0,0,0,0,39
406,2104,9,351,100,0,0,0,0,0,0,0,0,0,39
407,2332,9,360,100,0,0,0,0,0,0,0,0,0,40
408,1696,9,387,100,0,0,0,0,0,0,0,0,0,43
409,1892,9,396,100,0,0,0,0,0,0,0,0,0,44
410,1136,9,378,100,0,0,0,0,0,0,0,0,0,42
411,952,9,387,100,0,0,0,0,0,0,0,0,0,43
412,1028,9,378,100,0,0,0,0,0,0,0,0,0,42
413,964,9,360,100,0,0,0,0,0,0,0,0,0,40
414,1264,9,396,100,0,0,0,0,0,0,0,0,0,44
415,1252,9,351,100,0,0,0,0,0,0,0,0,0,39
416,1520,9,378,100,0,0,0,0,0,0,0,0,0,42
417,1364,9,342,100,0,0,0,0,0,0,0,0,0,38
418,1332,9,378,100,0,0,0,0,0,0,0,0,0,42
419,1460,9,360,100,0,0,0,0,0,0,0,0,0,40
420,1052,9,351,100,0,0,0,0,0,0,0,0,0,39
421,1092,9,369,100,0,0,0,0,0,0,0,0,0,41
422,976,9,351,100,0,0,0,0,0,0,0,0,0,39
423,1392,9,405,100,0,0,0,0,0,0,0,0,0,45
424,1480,9,405,100,0,0,0,0,0,0,0,0,0,45
425,1488,9,423,100,0,0,0,0,0,0,0,0,0,47
426,1216,9,387,100,0,0,0,0,0,0,0,0,0,43
427,1300,9,378,100,0,0,0,0,0,0,0,0,0,42
428,1300,9,396,100,0,0,0,0,0,0,0,0,0,44
429,1184,9,369,100,0,0,0,0,0,0,0,0,0,41
430,1212,9,378,100,0,0,0,0,0,0,0,0,0,42
431,1420,9,423,100,0,0,0,0,0,0,0,0,0,47
432,1116,9,378,100,0,0,0,0,0,0,0,0,0,42
433,1172,9,405,100,0,0,0,0,0,0,0,0,0,45
434,1288,9,414,100,0,0,0,0,0,0,0,0,0,46
435,1508,9,396,100,0,0,0,0,0,0,0,0,0,44
436,1476,9,441,100,0,0,0,0,0,0,0,0,0,49
437,1204,9,378,100,0,0,0,0,0,0,0,0,0,42
438,1416,9,387,100,0,0,0,0,0,0,0,0,0,43
439,1712,9,441,100,0,0,0,0,0,0,0,0,0,49
440,1900,9,423,100,0,0,0,0,0,0,0,0,0,47
441,1596,9,396,100,0,0,0,0,0,0,0,0,0,44
442,2036,9,432,100,0,0,0,0,0,0,0,0,0,48
443,2420,9,459,100,0,0,0,0,0,0,0,0,0,51
444,2024,9,423,100,0,0,0,0,0,0,0,0,0,47
445,1764,9,432,100,0,0,0,0,0,0,0,0,0,48
446,1280,9,405,100,0,0,0,0,0,0,0,0,0,45
447,1340,9,432,100,0,0,0,0,0,0,0,0,0,48
448,1100,9,369,100,0,0,0,0,0,0,0,0,0,41
449,1412,9,396,100,0,0,0,0,0,0,0,0,0,44
450,1432,9,441,100,0,0,0,0,0,0,0,0,0,49
451,1148,9,441,100,0,0,0,0,0,0,0,0,0,49
452,1288,9,432,100,0,0,0,0,0,0,0,0,0,48
453,1184,9,432,100,0,0,0,0,0,0,0,0,0,48
454,1184,9,450,100,0,0,0,0,0,0,0,0,0,50
455,1272,9,468,100,0,0,0,0,0,0,0,0,0,52
456,1136,9,450,100,0,0,0,0,0,0,0,0,0,50
457,984,9,432,100,0,0,0,0,0,0,0,0,0,48
458,1264,9,459,100,0,0,0,0,0,0,0,0,0,51
459,1156,9,423,100,0,0,0,0,0,0,0,0,0,47
460,1440,9,441,100,0,0,0,0,0,0,0,0,0,49
461,1512,9,441,100,0,0,0,0,0,0,0,0,0,49
462,1468,9,423,100,0,0,0,0,0,0,0,0,0,47
463,1380,9,423,100,0,0,0,0,0,0,0,0,0,47
464,1596,9,432,100,0,0,0,0,0,0,0,0,0,48
465,1264,9,396,100,0,0,0,0,0,0,0,0,0,44
466,1364,9,387,100,0,0,0,0,0,0,0,0,0,43
467,1448,9,378,100,0,0,0,0,0,0,0,0,0,42
468,1596,9,423,100,0,0,0,0,0,0,0,0,0,47
469,1764,9,432,100,0,0,0,0,0,0,0,0,0,48
470,1588,9,450,100,0,0,0,0,0,0,0,0,0,50
471,1848,9,432,100,0,0,0,0,0,0,0,0,0,48
472,1696,9,414,100,0,0,0,0,0,0,0,0,0,46
473,1704,9,405,100,0,0,0,0,0,0,0,0,0,45
474,1776,9,441,100,0,0,0,0,0,0,0,0,0,49
475,1800,9,432,100,0,0,0,0,0,0,0,0,0,48
476,1716,9,387,100,0,0,0,0,0,0,0,0,0,43
477,2052,9,405,100,0,0,0,0,0,0,0,0,0,45
478,1476,9,387,100,0,0,0,0,0,0,0,0,0,43
479,1716,9,432,100,0,0,0,0,0,0,0,0,0,48
480,1680,9,414,100,0,0,0,0,0,0,0,0,0,46
481,1660,9,423,100,0,0,0,0,0,0,0,0,0,47
482,1404,9,423,100,0,0,0,0,0,0,0,0,0,47
483,1552,9,459,100,0,0,0,0,0,0,0,0,0,51
484,1392,9,441,100,0,0,0,0,0,0,0,0,0,49
485,1192,9,405,100,0,0,0,0,0,0,0,0,0,45
486,1044,9,405,100,0,0,0,0,0,0,0,0,0,45
487,1432,9,450,100,0,0,0,0,0,0,0,0,0,50
488,1136,9,405,100,0,0,0,0,0,0,0,0,0,45
489,1456,9,432,100,0,0,0,0,0,0,0,0,0,48
490,1460,9,423,100,0,0,0,0,0,0,0,0,0,47
491,1576,9,459,100,0,0,0,0,0,0,0,0,0,51
492,1592,9,468,100,0,0,0,0,0,0,0,0,0,52
493,1372,9,414,100,0,0,0,0,0,0,0,0,0,46
494,1408,9,432,100,0,0,0,0,0,0,0,0,0,48
495,1544,9,495,100,0,0,0,0,0,0,0,0,0,55
496,1608,9,459,100,0,0,0,0,0,0,0,0,0,51
497,1580,9,459,100,0,0,0,0,0,0,0,0,0,51
498,1536,9,432,100,0,0,0,0,0,0,0,0,0,48
499,1756,9,459,100,0,0,0,0,0,0,0,0,0,51
500,1788,9,468,100,0,0,0,0,0,0,0,0,0,52
501,1912,9,432,100,0,0,0,0,0,0,0,0,0,48
502,1812,9,432,100,0,0,0,0,0,0,0,0,0,48
503,1992,9,468,100,0,0,0,0,0,0,0,0,0,52
504,2144,9,477,100,0,0,0,0,0,0,0,0,0,53
505,1736,9,432,100,0,0,0,0,0,0,0,0,0,48
506,2052,9,432,100,0,0,0,0,0,0,0,0,0,48
507,1868,9,405,100,0,0,0,0,0,0,0,0,0,45
508,2348,9,432,100,0,0,0,0,0,0,0,0,0,48
509,2068,9,450,100,0,0,0,0,0,0,0,0,0,50
510,1560,9,441,100,0,0,0,0,0,0,0,0,0,49
511,1628,9,459,100,0,0,0,0,0,0,0,0,0,51
512,1452,9,450,100,0,0,0,0,0,0,0,0,0,50
513,1480,9,432,100,0,0,0,0,0,0,0,0,0,48
514,1188,9,432,100,0,0,0,0,0,0,0,0,0,48
515,1352,9,405,100,0,0,0,0,0,0,0,0,0,45
516,1464,9,432,100,0,0,0,0,0,0,0,0,0,48
517,1548,9,414,100,0,0,0,0,0,0,0,0,0,46
518,1680,9,441,100,0,0,0,0,0,0,0,0,0,49
519,1284,9,387,100,0,0,0,0,0,0,0,0,0,43
520,1188,9,405,100,0,0,0,0,0,0,0,0,0,45
521,1384,9,441,100,0,0,0,0,0,0,0,0,0,49
522,1464,9,450,100,0,0,0,0,0,0,0,0,0,50
523,1336,9,432,100,0,0,0,0,0,0,0,0,0,48
524,1408,9,432,100,0,0,0,0,0,0,0,0,0,48
525,1508,9,504,100,0,0,0,0,0,0,0,0,0,56
526,1132,9,486,100,0,0,0,0,0,0,0,0,0,54
527,1456,9,486,100,0,0,0,0,0,0,0,0,0,54
528,1436,9,459,100,0,0,0,0,0,0,0,0,0,51
529,1448,9,450,100,0,0,0,0,0,0,0,0,0,50
530,1596,9,468,100,0,0,0,0,0,0,0,0,0,52
531,1560,9,450,100,0,0,0,0,0,0,0,0,0,50
532,1600,9,441,100,0,0,0,0,0,0,0,0,0,49
533,1884,9,477,100,0,0,0,0,0,0,0,0,0,53
534,1788,9,486,100,0,0,0,0,0,0,0,0,0,54
535,1584,9,459,100,0,0,0,0,0,0,0,0,0,51
536,1812,9,486,100,0,0,0,0,0,0,0,0,0,54
537,2248,9,513,100,0,0,0,0,0,0,0,0,0,57
538,1872,9,441,100,0,0,0,0,0,0,0,0,0,49
539,1400,9,441,100,0,0,0,0,0,0,0,0,0,49
540,1744,9,432,100,0,0,0,0,0,0,0,0,0,48
541,1648,9,441,100,0,0,0,0,0,0,0,0,0,49
542,1544,9,414,100,0,0,0,0,0,0,0,0,0,46
543,1484,9,432,100,0,0,0,0,0,0,0,0,0,48
544,1192,9,441,100,0,0,0,0,0,0,0,0,0,49
545,1268,9,450,100,0,0,0,0,0,0,0,0,0,50
546,1596,9,459,100,0,0,0,0,0,0,0,0,0,51
547,1340,9,432,100,0,0,0,0,0,0,0,0,0,48
548,1540,9,459,100,0,0,0,0,0,0,0,0,0,51
549,1472,9,459,100,0,0,0,0,0,0,0,0,0,51
550,1444,9,459,100,0,0,0,0,0,0,0,0,0,51
551,1628,9,414,100,0,0,0,0,0,0,0,0,0,46
552,1696,9,459,100,0,0,0,0,0,0,0,0,0,51
553,1480,9,459,100,0,0,0,0,0,0,0,0,0,51
554,1576,9,468,100,0,0,0,0,0,0,0,0,0,52
555,1760,9,477,100,0,0,0,0,0,0,0,0,0,53
556,1016,9,414,100,0,0,0,0,0,0,0,0,0,46
557,1364,9,414,100,0,0,0,0,0,0,0,0,0,46
558,1528,9,432,100,0,0,0,0,0,0,0,0,0,48
559,1456,9,432,100,0,0,0,0,0,0,0,0,0,48
560,1276,9,423,100,0,0,0,0,0,0,0,0,0,47
561,1232,9,414,100,0,0,0,0,0,0,0,0,0,46
562,1260,9,405,100,0,0,0,0,0,0,0,0,0,45
563,1336,9,423,100,0,0,0,0,0,0,0,0,0,47
564,1128,9,414,100,0,0,0,0,0,0,0,0,0,46
565,1292,9,459,100,0,0,0,0,0,0,0,0,0,51
566,1236,9,477,100,0,0,0,0,0,0,0,0,0,53
567,888,9,414,100,0,0,0,0,0,0,0,0,0,46
568,1204,9,441,100,0,0,0,0,0,0,0,0,0,49
569,1092,9,423,100,0,0,0,0,0,0,0,0,0,47
570,1192,9,432,100,0,0,0,0,0,0,0,0,0,48
571,1244,9,432,100,0,0,0,0,0,0,0,0,0,48
572,1288,9,414,100,0,0,0,0,0,0,0,0,0,46
573,1124,9,405,100,0,0,0,0,0,0,0,0,0,45
574,1152,9,378,100,0,0,0,0,0,0,0,0,0,42
575,1132,9,405,100,0,0,0,0,0,0,0,0,0,45
576,1228,9,441,100,0,0,0,0,0,0,0,0,0,49
577,1088,9,459,100,0,0,0,0,0,0,0,0,0,51
578,904,9,405,100,0,0,0,0,0,0,0,0,0,45
579,896,9,405,100,0,0,0,0,0,0,0,0,0,45
580,1236,9,459,100,0,0,0,0,0,0,0,0,0,51
581,1044,9,396,100,0,0,0,0,0,0,0,0,0,44
582,1144,9,396,100,0,0,0,0,0,0,0,0,0,44
583,1320,9,396,100,0,0,0,0,0,0,0,0,0,44
584,1276,9,423,100,0,0,0,0,0,0,0,0,0,47
585,1032,9,387,100,0,0,0,0,0,0,0,0,0,43
586,1184,9,405,100,0,0,0,0,0,0,0,0,0,45
587,1244,9,450,100,0,0,0,0,0,0,0,0,0,50
588,1280,9,459,100,0,0,0,0,0,0,0,0,0,51
589,1216,9,432,100,0,0,0,0,0,0,0,0,0,48
590,1804,9,450,100,0,0,0,0,0,0,0,0,0,50
591,1452,9,432,100,0,0,0,0,0,0,0,0,0,48
592,1440,9,432,100,0,0,0,0,0,0,0,0,0,48
593,1456,9,477,100,0,0,0,0,0,0,0,0,0,53
594,1564,9,468,100,0,0,0,0,0,0,0,0,0,52
595,1424,9,468,100,0,0,0,0,0,0,0,0,0,52
596,1112,9,414,100,0,0,0,0,0,0,0,0,0,46
597,1448,9,477,100,0,0,0,0,0,0,0,0,0,53
598,1656,9,459,100,0,0,0,0,0,0,0,0,0,51
599,1808,9,441,100,0,0,0,0,0,0,0,0,0,49
600,1940,9,432,100,0,0,0,0,0,0,0,0,0,48
601,1824,9,423,100,0,0,0,0,0,0,0,0,0,47
602,2000,9,450,100,0,0,0,0,0,0,0,0,0,50
603,1940,9,441,100,0,0,0,0,0,0,0,0,0,49
604,1912,9,468,100,0,0,0,0,0,0,0,0,0,52
605,1368,9,450,100,0,0,0,0,0,0,0,0,0,50
606,1416,9,432,100,0,0,0,0,0,0,0,0,0,48
607,1756,9,468,100,0,0,0,0,0,0,0,0,0,52
608,1628,9,423,100,0,0,0,0,0,0,0,0,0,47
609,1480,9,396,100,0,0,0,0,0,0,0,0,0,44
610,1620,9,432,100,0,0,0,0,0,0,0,0,0,48
611,1436,9,405,100,0,0,0,0,0,0,0,0,0,45
612,1548,9,423,100,0,0,0,0,0,0,0,0,0,47
613,1464,9,405,100,0,0,0,0,0,0,0,0,0,45
614,1352,9,414,100,0,0,0,0,0,0,0,0,0,46
615,1424,9,441,100,0,0,0,0,0,0,0,0,0,49
616,1460,9,396,100,0,0,0,0,0,0,0,0,0,44
617,1744,9,432,100,0,0,0,0,0,0,0,0,0,48
618,1856,9,414,100,0,0,0,0,0,0,0,0,0,46
619,1836,9,450,100,0,0,0,0,0,0,0,0,0,50
620,1868,9,414,100,0,0,0,0,0,0,0,0,0,46
621,1488,9,441,100,0,0,0,0,0,0,0,0,0,49
622,1232,9,405,100,0,0,0,0,0,0,0,0,0,45
623,1604,9,441,100,0,0,0,0,0,0,0,0,0,49
624,1516,9,441,100,0,0,0,0,0,0,0,0,0,49
625,1300,9,459,100,0,0,0,0,0,0,0,0,0,51
626,1332,9,486,100,0,0,0,0,0,0,0,0,0,54
627,1428,9,459,100,0,0,0,0,0,0,0,0,0,51
628,1388,9,468,100,0,0,0,0,0,0,0,0,0,52
629,1240,9,486,100,0,0,0,0,0,0,0,0,0,54
630,1136,9,459,100,0,0,0,0,0,0,0,0,0,51
631,1224,9,459,100,0,0,0,0,0,0,0,0,0,51
632,1388,9,459,100,0,0,0,0,0,0,0,0,0,51
633,1260,9,441,100,0,0,0,0,0,0,0,0,0,49
634,1492,9,477,100,0,0,0,0,0,0,0,0,0,53
635,1112,9,477,100,0,0,0,0,0,0,0,0,0,53
636,1204,9,513,100,0,0,0,0,0,0,0,0,0,57
637,1568,9,513,100,0,0,0,0,0,0,0,0,0,57
638,1408,9,486,100,0,0,0,0,0,0,0,0,0,54
639,1416,9,477,100,0,0,0,0,0,0,0,0,0,53
640,1624,9,486,100,0,0,0,0,0,0,0,0,0,54
641,1704,9,459,100,0,0,0,0,0,0,0,0,0,51
642,1744,9,459,100,0,0,0,0,0,0,0,0,0,51
643,1820,9,468,100,0,0,0,0,0,0,0,0,0,52
644,1836,9,450,100,0,0,0,0,0,0,0,0,0,50
645,2008,9,468,100,0,0,0,0,0,0,0,0,0,52
646,1876,9,450,100,0,0,0,0,0,0,0,0,0,50
647,1872,9,468,100,0,0,0,0,0,0,0,0,0,52
648,1520,9,468,100,0,0,0,0,0,0,0,0,0,52
649,1432,9,441,100,0,0,0,0,0,0,0,0,0,49
650,1692,9,432,100,0,0,0,0,0,0,0,0,0,48
651,1792,9,441,100,0,0,0,0,0,0,0,0,0,49
652,1624,9,423,100,0,0,0,0,0,0,0,0,0,47
653,1644,9,423,100,0,0,0,0,0,0,0,0,0,47
654,1936,9,450,100,0,0,0,0,0,0,0,0,0,50
655,1988,9,441,100,0,0,0,0,0,0,0,0,0,49
656,2040,9,414,100,0,0,0,0,0,0,0,0,0,46
657,1700,9,432,100,0,0,0,0,0,0,0,0,0,48
658,1356,9,396,100,0,0,0,0,0,0,0,0,0,44
659,1448,9,423,100,0,0,0,0,0,0,0,0,0,47
660,1252,9,414,100,0,0,0,0,0,0,0,0,0,46
661,1328,9,405,100,0,0,0,0,0,0,0,0,0,45
662,1324,9,405,100,0,0,0,0,0,0,0,0,0,45
663,1560,9,396,100,0,0,0,0,0,0,0,0,0,44
664,1764,9,369,100,0,0,0,0,0,0,0,0,0,41
665,2020,9,405,100,0,0,0,0,0,0,0,0,0,45
666,2024,9,387,100,0,0,0,0,0,0,0,0,0,43
667,1804,9,441,100,0,0,0,0,0,0,0,0,0,49
668,1736,9,441,100,0,0,0,0,0,0,0,0,0,49
669,1584,9,405,100,0,0,0,0,0,0,0,0,0,45
670,1796,9,441,100,0,0,0,0,0,0,0,0,0,49
671,1680,9,423,100,0,0,0,0,0,0,0,0,0,47
672,1624,9,432,100,0,0,0,0,0,0,0,0,0,48
673,1844,9,432,100,0,0,0,0,0,0,0,0,0,48
674,1832,9,450,100,0,0,0,0,0,0,0,0,0,50
675,1676,9,450,100,0,0,0,0,0,0,0,0,0,50
676,1824,9,450,100,0,0,0,0,0,0,0,0,0,50
677,1880,9,423,100,0,0,0,0,0,0,0,0,0,47
678,2012,9,405,100,0,0,0,0,0,0,0,0,0,45
679,1780,9,414,100,0,0,0,0,0,0,0,0,0,46
680,1720,9,441,100,0,0,0,0,0,0,0,0,0,49
681,1648,9,423,100,0,0,0,0,0,0,0,0,0,47
682,1680,9,414,100,0,0,0,0,0,0,0,0,0,46
683,1476,9,432,100,0,0,0,0,0,0,0,0,0,48
684,1356,9,414,100,0,0,0,0,0,0,0,0,0,46
685,1528,9,405,100,0,0,0,0,0,0,0,0,0,45
686,1276,9,432,100,0,0,0,0,0,0,0,0,0,48
687,1148,9,450,100,0,0,0,0,0,0,0,0,0,50
688,1556,9,468,100,0,0,0,0,0,0,0,0,0,52
689,1444,9,441,100,0,0,0,0,0,0,0,0,0,49
690,1348,9,423,100,0,0,0,0,0,0,0,0,0,47
691,1240,9,423,100,0,0,0,0,0,0,0,0,0,47
692,1288,9,414,100,0,0,0,0,0,0,0,0,0,46
693,1260,9,432,100,0,0,0,0,0,0,0,0,0,48
694,1600,9,459,100,0,0,0,0,0,0,0,0,0,51
695,1608,9,450,100,0,0,0,0,0,0,0,0,0,50
696,1208,9,423,100,0,0,0,0,0,0,0,0,0,47
697,1608,9,486,100,0,0,0,0,0,0,0,0,0,54
698,1304,9,477,100,0,0,0,0,0,0,0,0,0,53
699,1048,9,486,100,0,0,0,0,0,0,0,0,0,54
700,1056,9,441,100,0,0,0,0,0,0,0,0,0,49
701,1308,9,432,100,0,0,0,0,0,0,0,0,0,48
702,1536,9,486,100,0,0,0,0,0,0,0,0,0,54
703,1308,9,423,100,0,0,0,0,0,0,0,0,0,47
704,1276,9,423,100,0,0,0,0,0,0,0,0,0,47
705,1292,9,432,100,0,0,0,0,0,0,0,0,0,48
706,1092,9,432,100,0,0,0,0,0,0,0,0,0,48
707,1232,9,468,100,0,0,0,0,0,0,0,0,0,52
708,1236,9,495,100,0,0,0,0,0,0,0,0,0,55
709,1352,9,513,100,0,0,0,0,0,0,0,0,0,57
710,1232,9,477,100,0,0,0,0,0,0,0,0,0,53
711,1220,9,432,100,0,0,0,0,0,0,0,0,0,48
712,1332,9,450,100,0,0,0,0,0,0,0,0,0,50
713,1388,9,450,100,0,0,0,0,0,0,0,0,0,50
714,1040,9,414,100,0,0,0,0,0,0,0,0,0,46
715,1268,9,414,100,0,0,0,0,0,0,0,0,0,46
716,1372,9,441,100,0,0,0,0,0,0,0,0,0,49
717,1328,9,432,100,0,0,0,0,0,0,0,0,0,48
718,1084,9,414,100,0,0,0,0,0,0,0,0,0,46
719,1352,9,486,100,0,0,0,0,0,0,0,0,0,54
720,976,9,468,100,0,0,0,0,0,0,0,0,0,52
721,1276,9,486,100,0,0,0,0,0,0,0,0,0,54
722,1388,9,450,100,0,0,0,0,0,0,0,0,0,50
723,1160,9,414,100,0,0,0,0,0,0,0,0,0,46
724,1312,9,441,100,0,0,0,0,0,0,0,0,0,49
725,1308,9,441,100,0,0,0,0,0,0,0,0,0,49
726,1352,9,441,100,0,0,0,0,0,0,0,0,0,49
727,1368,9,432,100,0,0,0,0,0,0,0,0,0,48
728,1284,9,414,100,0,0,0,0,0,0,0,0,0,46
729,1272,9,396,100,0,0,0,0,0,0,0,0,0,44
730,1336,9,432,100,0,0,0,0,0,0,0,0,0,48
731,1584,9,441,100,0,0,0,0,0,0,0,0,0,49
732,1584,9,450,100,0,0,0,0,0,0,0,0,0,50
733,1548,9,450,100,0,0,0,0,0,0,0,0,0,50
734,1536,9,432,100,0,0,0,0,0,0,0,0,0,48
735,1380,9,432,100,0,0,0,0,0,0,0,0,0,48
736,1376,9,423,100,0,0,0,0,0,0,0,0,0,47
737,1144,9,387,100,0,0,0,0,0,0,0,0,0,43
738,1196,9,423,100,0,0,0,0,0,0,0,0,0,47
739,1252,9,405,100,0,0,0,0,0,0,0,0,0,45
740,1448,9,432,100,0,0,0,0,0,0,0,0,0,48
741,1316,9,414,100,0,0,0,0,0,0,0,0,0,46
742,1236,9,432,100,0,0,0,0,0,0,0,0,0,48
743,1320,9,423,100,0,0,0,0,0,0,0,0,0,47
744,1168,9,405,100,0,0,0,0,0,0,0,0,0,45
745,1532,9,459,100,0,0,0,0,0,0,0,0,0,51
746,960,9,396,100,0,0,0,0,0,0,0,0,0,44
747,1312,9,450,100,0,0,0,0,0,0,0,0,0,50
748,1408,9,450,100,0,0,0,0,0,0,0,0,0,50
749,1416,9,441,100,0,0,0,0,0,0,0,0,0,49
750,1124,9,405,100,0,0,0,0,0,0,0,0,0,45
751,1104,9,387,100,0,0,0,0,0,0,0,0,0,43
752,1376,9,369,100,0,0,0,0,0,0,0,0,0,41
753,1420,9,396,100,0,0,0,0,0,0,0,0,0,44
754,1444,9,414,100,0,0,0,0,0,0,0,0,0,46
755,1304,9,396,100,0,0,0,0,0,0,0,0,0,44
756,1552,9,423,100,0,0,0,0,0,0,0,0,0,47
757,1244,9,396,100,0,0,0,0,0,0,0,0,0,44
758,1248,9,396,100,0,0,0,0,0,0,0,0,0,44
759,1256,9,423,100,0,0,0,0,0,0,0,0,0,47
760,1156,9,414,100,0,0,0,0,0,0,0,0,0,46
761,1184,9,441,100,0,0,0,0,0,0,0,0,0,49
762,1080,9,450,100,0,0,0,0,0,0,0,0,0,50
763,1324,9,459,100,0,0,0,0,0,0,0,0,0,51
764,1252,9,468,100,0,0,0,0,0,0,0,0,0,52
765,1248,9,450,100,0,0,0,0,0,0,0,0,0,50
766,1460,9,486,100,0,0,0,0,0,0,0,0,0,54
767,1132,9,468,100,0,0,0,0,0,0,0,0,0,52
768,1136,9,459,100,0,0,0,0,0,0,0,0,0,51
769,1320,9,468,100,0,0,0,0,0,0,0,0,0,52
770,1156,9,450,100,0,0,0,0,0,0,0,0,0,50
771,1084,9,423,100,0,0,0,0,0,0,0,0,0,47
772,1312,9,459,100,0,0,0,0,0,0,0,0,0,51
773,1160,9,441,100,0,0,0,0,0,0,0,0,0,49
774,1316,9,477,100,0,0,0,0,0,0,0,0,0,53
775,1056,9,432,100,0,0,0,0,0,0,0,0,0,48
776,1100,9,414,100,0,0,0,0,0,0,0,0,0,46
777,1136,9,414,100,0,0,0,0,0,0,0,0,0,46
778,1228,9,405,100,0,0,0,0,0,0,0,0,0,45
779,1128,9,414,100,0,0,0,0,0,0,0,0,0,46
780,1120,9,432,100,0,0,0,0,0,0,0,0,0,48
781,1220,9,423,100,0,0,0,0,0,0,0,0,0,47
782,1212,9,450,100,0,0,0,0,0,0,0,0,0,50
783,1224,9,468,100,0,0,0,0,0,0,0,0,0,52
784,1196,9,468,100,0,0,0,0,0,0,0,0,0,52
785,1312,9,459,100,0,0,0,0,0,0,0,0,0,51
786,1316,9,441,100,0,0,0,0,0,0,0,0,0,49
787,1432,9,441,100,0,0,0,0,0,0,0,0,0,49
788,1380,9,441,100,0,0,0,0,0,0,0,0,0,49
789,1304,9,459,100,0,0,0,0,0,0,0,0,0,51
790,1444,9,486,100,0,0,0,0,0,0,0,0,0,54
791,1160,9,423,100,0,0,0,0,0,0,0,0,0,47
792,1324,9,423,100,0,0,0,0,0,0,0,0,0,47
793,912,9,378,100,0,0,0,0,0,0,0,0,0,42
794,1272,9,414,100,0,0,0,0,0,0,0,0,0,46
795,1340,9,441,100,0,0,0,0,0,0,0,0,0,49
796,1112,9,423,100,0,0,0,0,0,0,0,0,0,47
797,1196,9,450,100,0,0,0,0,0,0,0,0,0,50
798,1336,9,414,100,0,0,0,0,0,0,0,0,0,46
799,1000,9,414,100,0,0,0,0,0,0,0,0,0,46
800,944,9,441,100,0,0,0,0,0,0,0,0,0,49
801,1092,9,432,100,0,0,0,0,0,0,0,0,0,48
802,1260,9,423,100,0,0,0,0,0,0,0,0,0,47
803,1064,9,387,100,0,0,0,0,0,0,0,0,0,43
804,1232,9,441,100,0,0,0,0,0,0,0,0,0,49
805,1180,9,414,100,0,0,0,0,0,0,0,0,0,46
806,1608,9,414,100,0,0,0,0,0,0,0,0,0,46
807,1740,9,459,100,0,0,0,0,0,0,0,0,0,51
808,1316,9,468,100,0,0,0,0,0,0,0,0,0,52
809,1496,9,459,100,0,0,0,0,0,0,0,0,0,51
810,1804,9,504,100,0,0,0,0,0,0,0,0,0,56
811,1704,9,450,100,0,0,0,0,0,0,0,0,0,50
812,1668,9,441,100,0,0,0,0,0,0,0,0,0,49
813,1464,9,423,100,0,0,0,0,0,0,0,0,0,47
814,1388,9,423,100,0,0,0,0,0,0,0,0,0,47
815,1440,9,432,100,0,0,0,0,0,0,0,0,0,48
816,1128,9,405,100,0,0,0,0,0,0,0,0,0,45
817,1444,9,468,100,0,0,0,0,0,0,0,0,0,52
818,1796,9,459,100,0,0,0,0,0,0,0,0,0,51
819,1992,9,450,100,0,0,0,0,0,0,0,0,0,50
820,2036,9,441,100,0,0,0,0,0,0,0,0,0,49
821,1512,9,396,100,0,0,0,0,0,0,0,0,0,44
822,1940,9,432,100,0,0,0,0,0,0,0,0,0,48
823,1516,9,423,100,0,0,0,0,0,0,0,0,0,47
824,1424,9,405,100,0,0,0,0,0,0,0,0,0,45
825,1644,9,423,100,0,0,0,0,0,0,0,0,0,47
826,1856,9,441,100,0,0,0,0,0,0,0,0,0,49
827,1580,9,459,100,0,0,0,0,0,0,0,0,0,51
828,1624,9,423,100,0,0,0,0,0,0,0,0,0,47
829,1548,9,423,100,0,0,0,0,0,0,0,0,0,47
830,1732,9,423,100,0,0,0,0,0,0,0,0,0,47
831,1840,9,441,100,0,0,0,0,0,0,0,0,0,49
832,1608,9,468,100,0,0,0,0,0,0,0,0,0,52
833,1356,9,414,100,0,0,0,0,0,0,0,0,0,46
834,1720,9,441,100,0,0,0,0,0,0,0,0,0,49
835,1644,9,441,100,0,0,0,0,0,0,0,0,0,49
836,1496,9,441,100,0,0,0,0,0,0,0,0,0,49
837,1548,9,441,100,0,0,0,0,0,0,0,0,0,49
838,1432,9,468,100,0,0,0,0,0,0,0,0,0,52
839,1280,9,423,100,0,0,0,0,0,0,0,0,0,47
840,1292,9,432,100,0,0,0,0,0,0,0,0,0,48
841,1312,9,432,100,0,0,0,0,0,0,0,0,0,48
842,1392,9,468,100,0,0,0,0,0,0,0,0,0,52
843,1492,9,468,100,0,0,0,0,0,0,0,0,0,52
844,1212,9,423,100,0,0,0,0,0,0,0,0,0,47
845,1448,9,441,100,0,0,0,0,0,0,0,0,0,49
846,1484,9,432,100,0,0,0,0,0,0,0,0,0,48
847,1596,9,459,100,0,0,0,0,0,0,0,0,0,51
848,1124,9,396,100,0,0,0,0,0,0,0,0,0,44
849,1668,9,486,100,0,0,0,0,0,0,0,0,0,54
850,1280,9,441,100,0,0,0,0,0,0,0,0,0,49
851,1424,9,459,100,0,0,0,0,0,0,0,0,0,51
852,1764,9,477,100,0,0,0,0,0,0,0,0,0,53
853,1496,9,459,100,0,0,0,0,0,0,0,0,0,51
854,1440,9,432,100,0,0,0,0,0,0,0,0,0,48
855,1624,9,477,100,0,0,0,0,0,0,0,0,0,53
856,1220,9,414,100,0,0,0,0,0,0,0,0,0,46
857,1468,9,414,100,0,0,0,0,0,0,0,0,0,46
858,1668,9,441,100,0,0,0,0,0,0,0,0,0,49
859,1308,9,432,100,0,0,0,0,0,0,0,0,0,48
860,1388,9,432,100,0,0,0,0,0,0,0,0,0,48
861,1608,9,468,100,0,0,0,0,0,0,0,0,0,52
862,2012,9,504,100,0,0,0,0,0,0,0,0,0,56
863,1496,9,477,100,0,0,0,0,0,0,0,0,0,53
864,1436,9,468,100,0,0,0,0,0,0,0,0,0,52
865,1252,9,432,100,0,0,0,0,0,0,0,0,0,48
866,1216,9,414,100,0,0,0,0,0,0,0,0,0,46
867,1448,9,414,100,0,0,0,0,0,0,0,0,0,46
868,1388,9,441,100,0,0,0,0,0,0,0,0,0,49
869,1292,9,432,100,0,0,0,0,0,0,0,0,0,48
870,1328,9,477,100,0,0,0,0,0,0,0,0,0,53
871,1076,9,441,100,0,0,0,0,0,0,0,0,0,49
872,1152,9,423,100,0,0,0,0,0,0,0,0,0,47
873,1120,9,423,100,0,0,0,0,0,0,0,0,0,47
874,1132,9,423,100,0,0,0,0,0,0,0,0,0,47
875,1296,9,450,100,0,0,0,0,0,0,0,0,0,50
876,1376,9,432,100,0,0,0,0,0,0,0,0,0,48
877,1664,9,450,100,0,0,0,0,0,0,0,0,0,50
878,1608,9,450,100,0,0,0,0,0,0,0,0,0,50
879,1444,9,459,100,0,0,0,0,0,0,0,0,0,51
880,1460,9,441,100,0,0,0,0,0,0,0,0,0,49
881,1520,9,477,100,0,0,0,0,0,0,0,0,0,53
882,1340,9,459,100,0,0,0,0,0,0,0,0,0,51
883,1012,9,405,100,0,0,0,0,0,0,0,0,0,45
884,1400,9,459,100,0,0,0,0,0,0,0,0,0,51
885,1128,9,441,100,0,0,0,0,0,0,0,0,0,49
886,1348,9,459,100,0,0,0,0,0,0,0,0,0,51
887,1432,9,441,100,0,0,0,0,0,0,0,0,0,49
888,1364,9,432,100,0,0,0,0,0,0,0,0,0,48
889,1352,9,414,100,0,0,0,0,0,0,0,0,0,46
890,1360,9,387,100,0,0,0,0,0,0,0,0,0,43
891,1368,9,369,100,0,0,0,0,0,0,0,0,0,41
892,1660,9,396,100,0,0,0,0,0,0,0,0,0,44
893,1596,9,414,100,0,0,0,0,0,0,0,0,0,46
894,1700,9,459,100,0,0,0,0,0,0,0,0,0,51
895,1632,9,414,100,0,0,0,0,0,0,0,0,0,46
896,1792,9,423,100,0,0,0,0,0,0,0,0,0,47
897,1180,9,423,100,0,0,0,0,0,0,0,0,0,47
898,1256,9,432,100,0,0,0,0,0,0,0,0,0,48
899,1388,9,396,100,0,0,0,0,0,0,0,0,0,44
900,1528,9,405,100,0,0,0,0,0,0,0,0,0,45
901,1516,9,396,100,0,0,0,0,0,0,0,0,0,44
902,1700,9,414,100,0,0,0,0,0,0,0,0,0,46
903,1304,9,405,100,0,0,0,0,0,0,0,0,0,45
904,1316,9,423,100,0,0,0,0,0,0,0,0,0,47
905,1336,9,414,100,0,0,0,0,0,0,0,0,0,46
906,1200,9,378,100,0,0,0,0,0,0,0,0,0,42
907,1404,9,423,100,0,0,0,0,0,0,0,0,0,47
908,1504,9,414,100,0,0,0,0,0,0,0,0,0,46
909,1332,9,441,100,0,0,0,0,0,0,0,0,0,49
910,1180,9,423,100,0,0,0,0,0,0,0,0,0,47
911,1528,9,423,100,0,0,0,0,0,0,0,0,0,47
912,1368,9,414,100,0,0,0,0,0,0,0,0,0,46
913,1864,9,423,100,0,0,0,0,0,0,0,0,0,47
914,1856,9,441,100,0,0,0,0,0,0,0,0,0,49
915,1496,9,414,100,0,0,0,0,0,0,0,0,0,46
916,1548,9,450,100,0,0,0,0,0,0,0,0,0,50
917,1368,9,423,100,0,0,0,0,0,0,0,0,0,47
918,1660,9,495,100,0,0,0,0,0,0,0,0,0,55
919,1640,9,441,100,0,0,0,0,0,0,0,0,0,49
920,1212,9,414,100,0,0,0,0,0,0,0,0,0,46
921,1432,9,450,100,0,0,0,0,0,0,0,0,0,50
922,1524,9,432,100,0,0,0,0,0,0,0,0,0,48
923,1344,9,432,100,0,0,0,0,0,0,0,0,0,48
924,1320,9,441,100,0,0,0,0,0,0,0,0,0,49
925,1492,9,450,100,0,0,0,0,0,0,0,0,0,50
926,1640,9,441,100,0,0,0,0,0,0,0,0,0,49
927,1508,9,432,100,0,0,0,0,0,0,0,0,0,48
928,1200,9,441,100,0,0,0,0,0,0,0,0,0,49
929,1064,9,477,100,0,0,0,0,0,0,0,0,0,53
930,1180,9,450,100,0,0,0,0,0,0,0,0,0,50
931,1304,9,513,100,0,0,0,0,0,0,0,0,0,57
932,1288,9,504,100,0,0,0,0,0,0,0,0,0,56
933,1316,9,477,100,0,0,0,0,0,0,0,0,0,53
934,1208,9,459,100,0,0,0,0,0,0,0,0,0,51
935,1280,9,459,100,0,0,0,0,0,0,0,0,0,51
936,1172,9,441,100,0,0,0,0,0,0,0,0,0,49
937,1164,9,450,100,0,0,0,0,0,0,0,0,0,50
938,1248,9,468,100,0,0,0,0,0,0,0,0,0,52
939,1356,9,468,100,0,0,0,0,0,0,0,0,0,52
940,1200,9,423,100,0,0,0,0,0,0,0,0,0,47
941,1344,9,441,100,0,0,0,0,0,0,0,0,0,49
942,1496,9,468,100,0,0,0,0,0,0,0,0,0,52
943,1272,9,459,100,0,0,0,0,0,0,0,0,0,51
944,1032,9,432,100,0,0,0,0,0,0,0,0,0,48
945,1240,9,468,100,0,0,0,0,0,0,0,0,0,52
946,1208,9,450,100,0,0,0,0,0,0,0,0,0,50
947,1384,9,441,100,0,0,0,0,0,0,0,0,0,49
948,1276,9,414,100,0,0,0,0,0,0,0,0,0,46
949,1252,9,459,100,0,0,0,0,0,0,0,0,0,51
950,1220,9,441,100,0,0,0,0,0,0,0,0,0,49
951,1480,9,414,100,0,0,0,0,0,0,0,0,0,46
952,1656,9,414,100,0,0,0,0,0,0,0,0,0,46
953,1516,9,414,100,0,0,0,0,0,0,0,0,0,46
954,1608,9,432,100,0,0,0,0,0,0,0,0,0,48
955,1740,9,477,100,0,0,0,0,0,0,0,0,0,53
956,1752,9,486,100,0,0,0,0,0,0,0,0,0,54
957,1720,9,459,100,0,0,0,0,0,0,0,0,0,51
958,1320,9,459,100,0,0,0,0,0,0,0,0,0,51
959,1148,9,450,100,0,0,0,0,0,0,0,0,0,50
960,1372,9,468,100,0,0,0,0,0,0,0,0,0,52
961,1140,9,468,100,0,0,0,0,0,0,0,0,0,52
962,1344,9,432,100,0,0,0,0,0,0,0,0,0,48
963,1444,9,396,100,0,0,0,0,0,0,0,0,0,44
964,1344,9,387,100,0,0,0,0,0,0,0,0,0,43
965,1408,9,387,100,0,0,0,0,0,0,0,0,0,43
966,1584,9,423,100,0,0,0,0,0,0,0,0,0,47
967,1360,9,387,100,0,0,0,0,0,0,0,0,0,43
968,1420,9,432,100,0,0,0,0,0,0,0,0,0,48
969,1320,9,459,100,0,0,0,0,0,0,0,0,0,51
970,1500,9,450,100,0,0,0,0,0,0,0,0,0,50
971,1584,9,432,100,0,0,0,0,0,0,0,0,0,48
972,1540,9,405,100,0,0,0,0,0,0,0,0,0,45
973,1440,9,387,100,0,0,0,0,0,0,0,0,0,43
974,1508,9,396,100,0,0,0,0,0,0,0,0,0,44
975,1708,9,459,100,0,0,0,0,0,0,0,0,0,51
976,1724,9,459,100,0,0,0,0,0,0,0,0,0,51
977,1700,9,450,100,0,0,0,0,0,0,0,0,0,50
978,1688,9,450,100,0,0,0,0,0,0,0,0,0,50
979,1832,9,477,100,0,0,0,0,0,0,0,0,0,53
980,1996,9,468,100,0,0,0,0,0,0,0,0,0,52
981,1572,9,423,100,0,0,0,0,0,0,0,0,0,47
982,1512,9,396,100,0,0,0,0,0,0,0,0,0,44
983,1548,9,378,100,0,0,0,0,0,0,0,0,0,42
984,1812,9,396,100,0,0,0,0,0,0,0,0,0,44
985,1780,9,423,100,0,0,0,0,0,0,0,0,0,47
986,2220,9,450,100,0,0,0,0,0,0,0,0,0,50
987,1884,9,396,100,0,0,0,0,0,0,0,0,0,44
988,1536,9,396,100,0,0,0,0,0,0,0,0,0,44
989,2048,9,450,100,0,0,0,0,0,0,0,0,0,50
990,1900,9,441,100,0,0,0,0,0,0,0,0,0,49
991,1548,9,450,100,0,0,0,0,0,0,0,0,0,50
992,1476,9,450,100,0,0,0,0,0,0,0,0,0,50
993,1432,9,441,100,0,0,0,0,0,0,0,0,0,49
994,1728,9,468,100,0,0,0,0,0,0,0,0,0,52
995,1700,9,441,100,0,0,0,0,0,0,0,0,0,49
996,1340,9,396,100,0,0,0,0,0,0,0,0,0,44
997,1304,9,351,100,0,0,0,0,0,0,0,0,0,39
998,1300,9,396,100,0,0,0,0,0,0,0,0,0,44
999,1476,9,459,100,0,0,0,0,0,0,0,0,0,51
