update,points,mean_tasks,total_tasks,total_orgs,task_0,task_1,task_2,task_3,task_4,task_5,task_6,task_7,task_8,task_9
0,0,nan,0,9,0,0,0,0,0,0,0,0,0,0
1,0,nan,0,9,0,0,0,0,0,0,0,0,0,0
2,44,9,9,10,0,0,0,0,0,0,0,0,0,1
3,24,9,9,11,0,0,0,0,0,0,0,0,0,1
4,44,9,18,12,0,0,0,0,0,0,0,0,0,2
5,24,9,18,13,0,0,0,0,0,0,0,0,0,2
6,92,9,27,15,0,0,0,0,0,0,0,0,0,3
7,92,9,27,16,0,0,0,0,0,0,0,0,0,3
8,8,9,27,17,0,0,0,0,0,0,0,0,0,3
9,52,9,27,17,0,0,0,0,0,0,0,0,0,3
10,32,9,27,17,0,0,0,0,0,0,0,0,0,3
11,8,9,27,17,0,0,0,0,0,0,0,0,0,3
12,52,9,36,17,0,0,0,0,0,0,0,0,0,4
13,32,9,36,18,0,0,0,0,0,0,0,0,0,4
14,12,9,36,18,0,0,0,0,0,0,0,0,0,4
15,12,9,36,18,0,0,0,0,0,0,0,0,0,4
16,100,9,54,19,0,0,0,0,0,0,0,0,0,6
17,60,9,54,20,0,0,0,0,0,0,0,0,0,6
18,20,9,54,21,0,0,0,0,0,0,0,0,0,6
19,64,9,63,21,0,0,0,0,0,0,0,0,0,7
20,44,9,63,21,0,0,0,0,0,0,0,0,0,7
21,24,9,63,22,0,0,0,0,0,0,0,0,0,7
22,68,9,72,23,0,0,0,0,0,0,0,0,0,8
23,24,9,72,23,0,0,0,0,0,0,0,0,0,8
24,64,9,72,23,0,0,0,0,0,0,0,0,0,8
25,44,9,72,23,0,0,0,0,0,0,0,0,0,8
26,108,9,63,24,0,0,0,0,0,0,0,0,0,7
27,152,9,72,25,0,0,0,0,0,0,0,0,0,8
28,156,9,72,28,0,0,0,0,0,0,0,0,0,8
29,116,9,72,32,0,0,0,0,0,0,0,0,0,8
30,96,9,81,33,0,0,0,0,0,0,0,0,0,9
31,88,9,81,33,0,0,0,0,0,0,0,0,0,9
32,156,9,90,33,0,0,0,0,0,0,0,0,0,10
33,160,9,81,34,0,0,0,0,0,0,0,0,0,9
34,140,9,81,34,0,0,0,0,0,0,0,0,0,9
35,124,9,90,36,0,0,0,0,0,0,0,0,0,10
36,184,9,99,38,0,0,0,0,0,0,0,0,0,11
37,168,9,108,41,0,0,0,0,0,0,0,0,0,12
38,168,9,108,43,0,0,0,0,0,0,0,0,0,12
39,148,9,108,45,0,0,0,0,0,0,0,0,0,12
40,260,9,117,46,0,0,0,0,0,0,0,0,0,13
41,260,9,117,50,0,0,0,0,0,0,0,0,0,13
42,196,9,117,51,0,0,0,0,0,0,0,0,0,13
43,312,9,117,53,0,0,0,0,0,0,0,0,0,13
44,256,9,117,54,0,0,0,0,0,0,0,0,0,13
45,444,9,135,56,0,0,0,0,0,0,0,0,0,15
46,324,9,135,56,0,0,0,0,0,0,0,0,0,15
47,396,9,135,59,0,0,0,0,0,0,0,0,0,15
48,352,9,135,61,0,0,0,0,0,0,0,0,0,15
49,420,9,144,63,0,0,0,0,0,0,0,0,0,16
50,456,9,189,67,0,0,0,0,0,0,0,0,0,21
51,388,9,198,68,0,0,0,0,0,0,0,0,0,22
52,376,9,216,70,0,0,0,0,0,0,0,0,0,24
53,484,9,225,73,0,0,0,0,0,0,0,0,0,25
54,648,9,225,75,0,0,0,0,0,0,0,0,0,25
55,600,9,234,78,0,0,0,0,0,0,0,0,0,26
56,800,9,252,80,0,0,0,0,0,0,0,0,0,28
57,804,9,261,85,0,0,0,0,0,0,0,0,0,29
58,772,9,261,86,0,0,0,0,0,0,0,0,0,29
59,888,9,261,88,0,0,0,0,0,0,0,0,0,29
60,856,9,279,89,0,0,0,0,0,0,0,0,0,31
61,892,9,261,91,0,0,0,0,0,0,0,0,0,29
62,792,9,252,92,0,0,0,0,0,0,0,0,0,28
63,440,9,252,93,0,0,0,0,0,0,0,0,0,28
64,580,9,270,94,0,0,0,0,0,0,0,0,0,30
65,548,9,261,95,0,0,0,0,0,0,0,0,0,29
66,472,9,261,95,0,0,0,0,0,0,0,0,0,29
67,448,9,270,95,0,0,0,0,0,0,0,0,0,30
68,376,9,270,95,0,0,0,0,0,0,0,0,0,30
69,392,9,252,95,0,0,0,0,0,0,0,0,0,28
70,464,9,270,97,0,0,0,0,0,0,0,0,0,30
71,392,9,279,97,0,0,0,0,0,0,0,0,0,31
72,440,9,288,97,0,0,0,0,0,0,0,0,0,32
73,396,9,288,97,0,0,0,0,0,0,0,0,0,32
74,360,9,270,97,0,0,0,0,0,0,0,0,0,30
75,308,9,270,97,0,0,0,0,0,0,0,0,0,30
76,312,9,279,97,0,0,0,0,0,0,0,0,0,31
77,228,9,279,97,0,0,0,0,0,0,0,0,0,31
78,252,9,279,97,0,0,0,0,0,0,0,0,0,31
79,300,9,279,97,0,0,0,0,0,0,0,0,0,31
80,420,9,270,97,0,0,0,0,0,0,0,0,0,30
81,260,9,270,97,0,0,0,0,0,0,0,0,0,30
82,300,9,261,97,0,0,0,0,0,0,0,0,0,29
83,220,9,270,97,0,0,0,0,0,0,0,0,0,30
84,392,9,288,97,0,0,0,0,0,0,0,0,0,32
85,564,9,306,98,0,0,0,0,0,0,0,0,0,34
86,508,9,306,98,0,0,0,0,0,0,0,0,0,34
87,572,9,315,99,0,0,0,0,0,0,0,0,0,35
88,560,9,297,99,0,0,0,0,0,0,0,0,0,33
89,792,9,324,99,0,0,0,0,0,0,0,0,0,36
90,628,9,306,99,0,0,0,0,0,0,0,0,0,34
91,500,9,306,99,0,0,0,0,0,0,0,0,0,34
92,632,9,333,99,0,0,0,0,0,0,0,0,0,37
93,684,9,342,99,0,0,0,0,0,0,0,0,0,38
94,600,9,360,99,0,0,0,0,0,0,0,0,0,40
95,764,9,351,99,0,0,0,0,0,0,0,0,0,39
96,932,9,414,100,0,0,0,0,0,0,0,0,0,46
97,908,9,423,100,0,0,0,0,0,0,0,0,0,47
98,800,9,414,100,0,0,0,0,0,0,0,0,0,46
99,1048,9,414,100,0,0,0,0,0,0,0,0,0,46
100,1112,9,396,100,0,0,0,0,0,0,0,0,0,44
101,1100,9,405,100,0,0,0,0,0,0,0,0,0,45
102,1180,9,450,100,0,0,0,0,0,0,0,0,0,50
103,1204,9,450,100,0,0,0,0,0,0,0,0,0,50
104,1000,9,468,100,0,0,0,0,0,0,0,0,0,52
105,1092,9,432,100,0,0,0,0,0,0,0,0,0,48
106,1252,9,396,100,0,0,0,0,0,0,0,0,0,44
107,1764,9,441,100,0,0,0,0,0,0,0,0,0,49
108,1468,9,423,100,0,0,0,0,0,0,0,0,0,47
109,1704,9,432,100,0,0,0,0,0,0,0,0,0,48
110,1252,9,459,100,0,0,0,0,0,0,0,0,0,51
111,1068,9,432,100,0,0,0,0,0,0,0,0,0,48
112,912,9,405,100,0,0,0,0,0,0,0,0,0,45
113,1264,9,450,100,0,0,0,0,0,0,0,0,0,50
114,1468,9,432,100,0,0,0,0,0,0,0,0,0,48
115,1368,9,423,100,0,0,0,0,0,0,0,0,0,47
116,1424,9,441,100,0,0,0,0,0,0,0,0,0,49
117,1572,9,405,100,0,0,0,0,0,0,0,0,0,45
118,1544,9,459,100,0,0,0,0,0,0,0,0,0,51
119,1672,9,468,100,0,0,0,0,0,0,0,0,0,52
120,1764,9,504,100,0,0,0,0,0,0,0,0,0,56
121,1404,9,459,100,0,0,0,0,0,0,0,0,0,51
122,1488,9,486,100,0,0,0,0,0,0,0,0,0,54
123,1328,9,468,100,0,0,0,0,0,0,0,0,0,52
124,1128,9,432,100,0,0,0,0,0,0,0,0,0,48
125,1572,9,468,100,0,0,0,0,0,0,0,0,0,52
126,1544,9,459,100,0,0,0,0,0,0,0,0,0,51
127,1504,9,459,100,0,0,0,0,0,0,0,0,0,51
128,1480,9,423,100,0,0,0,0,0,0,0,0,0,47
129,1432,9,414,100,0,0,0,0,0,0,0,0,0,46
130,1312,9,423,100,0,0,0,0,0,0,0,0,0,47
131,1528,9,450,100,0,0,0,0,0,0,0,0,0,50
132,1412,9,432,100,0,0,0,0,0,0,0,0,0,48
133,1532,9,387,100,0,0,0,0,0,0,0,0,0,43
134,1428,9,441,100,0,0,0,0,0,0,0,0,0,49
135,1268,9,414,100,0,0,0,0,0,0,0,0,0,46
136,1300,9,423,100,0,0,0,0,0,0,0,0,0,47
137,1560,9,423,100,0,0,0,0,0,0,0,0,0,47
138,1552,9,477,100,0,0,0,0,0,0,0,0,0,53
139,1584,9,477,100,0,0,0,0,0,0,0,0,0,53
140,1460,9,441,100,0,0,0,0,0,0,0,0,0,49
141,1500,9,432,100,0,0,0,0,0,0,0,0,0,48
142,1460,9,423,100,0,0,0,0,0,0,0,0,0,47
143,1760,9,414,100,0,0,0,0,0,0,0,0,0,46
144,1588,9,432,100,0,0,0,0,0,0,0,0,0,48
145,1624,9,405,100,0,0,0,0,0,0,0,0,0,45
146,1600,9,432,100,0,0,0,0,0,0,0,0,0,48
147,1224,9,432,100,0,0,0,0,0,0,0,0,0,48
148,1228,9,432,100,0,0,0,0,0,0,0,0,0,48
149,1268,9,441,100,0,0,0,0,0,0,0,0,0,49
150,1152,9,405,100,0,0,0,0,0,0,0,0,0,45
151,1156,9,405,100,0,0,0,0,0,0,0,0,0,45
152,1184,9,414,100,0,0,0,0,0,0,0,0,0,46
153,1348,9,468,100,0,0,0,0,0,0,0,0,0,52
154,1168,9,441,100,0,0,0,0,0,0,0,0,0,49
155,1260,9,468,100,0,0,0,0,0,0,0,0,0,52
156,1212,9,459,100,0,0,0,0,0,0,0,0,0,51
157,1124,9,396,100,0,0,0,0,0,0,0,0,0,44
158,1504,9,450,100,0,0,0,0,0,0,0,0,0,50
159,1228,9,450,100,0,0,0,0,0,0,0,0,0,50
160,1100,9,450,100,0,0,0,0,0,0,0,0,0,50
161,1116,9,441,100,0,0,0,0,0,0,0,0,0,49
162,1140,9,441,100,0,0,0,0,0,0,0,0,0,49
163,1224,9,450,100,0,0,0,0,0,0,0,0,0,50
164,1128,9,396,100,0,0,0,0,0,0,0,0,0,44
165,1116,9,414,100,0,0,0,0,0,0,0,0,0,46
166,1360,9,459,100,0,0,0,0,0,0,0,0,0,51
167,1288,9,459,100,0,0,0,0,0,0,0,0,0,51
168,1420,9,450,100,0,0,0,0,0,0,0,0,0,50
169,1508,9,468,100,0,0,0,0,0,0,0,0,0,52
170,1392,9,477,100,0,0,0,0,0,0,0,0,0,53
171,1552,9,450,100,0,0,0,0,0,0,0,0,0,50
172,1412,9,468,100,0,0,0,0,0,0,0,0,0,52
173,1532,9,495,100,0,0,0,0,0,0,0,0,0,55
174,1292,9,477,100,0,0,0,0,0,0,0,0,0,53
175,1212,9,486,100,0,0,0,0,0,0,0,0,0,54
176,1456,9,450,100,0,0,0,0,0,0,0,0,0,50
177,1132,9,450,100,0,0,0,0,0,0,0,0,0,50
178,1328,9,468,100,0,0,0,0,0,0,0,0,0,52
179,1020,9,450,100,0,0,0,0,0,0,0,0,0,50
180,1332,9,495,100,0,0,0,0,0,0,0,0,0,55
181,1464,9,468,100,0,0,0,0,0,0,0,0,0,52
182,1232,9,459,100,0,0,0,0,0,0,0,0,0,51
183,1036,9,432,100,0,0,0,0,0,0,0,0,0,48
184,1232,9,468,100,0,0,0,0,0,0,0,0,0,52
185,1280,9,468,100,0,0,0,0,0,0,0,0,0,52
186,1124,9,432,100,0,0,0,0,0,0,0,0,0,48
187,1404,9,477,100,0,0,0,0,0,0,0,0,0,53
188,1216,9,432,100,0,0,0,0,0,0,0,0,0,48
189,1072,9,423,100,0,0,0,0,0,0,0,0,0,47
190,1416,9,432,100,0,0,0,0,0,0,0,0,0,48
191,1156,9,423,100,0,0,0,0,0,0,0,0,0,47
192,1168,9,459,100,0,0,0,0,0,0,0,0,0,51
193,1016,9,468,100,0,0,0,0,0,0,0,0,0,52
194,1072,9,450,100,0,0,0,0,0,0,0,0,0,50
195,1248,9,459,100,0,0,0,0,0,0,0,0,0,51
196,1068,9,459,100,0,0,0,0,0,0,0,0,0,51
197,1240,9,459,100,0,0,0,0,0,0,0,0,0,51
198,1284,9,423,100,0,0,0,0,0,0,0,0,0,47
199,1324,9,441,100,0,0,0,0,0,0,0,0,0,49
200,1416,9,450,100,0,0,0,0,0,0,0,0,0,50
201,1448,9,459,100,0,0,0,0,0,0,0,0,0,51
202,1404,9,441,100,0,0,0,0,0,0,0,0,0,49
203,1416,9,441,100,0,0,0,0,0,0,0,0,0,49
204,1160,9,414,100,0,0,0,0,0,0,0,0,0,46
205,1480,9,441,100,0,0,0,0,0,0,0,0,0,49
206,1388,9,414,100,0,0,0,0,0,0,0,0,0,46
207,1716,9,441,100,0,0,0,0,0,0,0,0,0,49
208,1224,9,414,100,0,0,0,0,0,0,0,0,0,46
209,1324,9,414,100,0,0,0,0,0,0,0,0,0,46
210,1340,9,450,100,0,0,0,0,0,0,0,0,0,50
211,1424,9,432,100,0,0,0,0,0,0,0,0,0,48
212,1524,9,468,100,0,0,0,0,0,0,0,0,0,52
213,1460,9,441,100,0,0,0,0,0,0,0,0,0,49
214,1396,9,459,100,0,0,0,0,0,0,0,0,0,51
215,1464,9,459,100,0,0,0,0,0,0,0,0,0,51
216,1428,9,486,100,0,0,0,0,0,0,0,0,0,54
217,1232,9,423,100,0,0,0,0,0,0,0,0,0,47
218,1256,9,450,100,0,0,0,0,0,0,0,0,0,50
219,1152,9,432,100,0,0,0,0,0,0,0,0,0,48
220,1196,9,432,100,0,0,0,0,0,0,0,0,0,48
221,1280,9,477,100,0,0,0,0,0,0,0,0,0,53
222,1320,9,477,100,0,0,0,0,0,0,0,0,0,53
223,1196,9,441,100,0,0,0,0,0,0,0,0,0,49
224,1228,9,414,100,0,0,0,0,0,0,0,0,0,46
225,1308,9,450,100,0,0,0,0,0,0,0,0,0,50
226,1308,9,423,100,0,0,0,0,0,0,0,0,0,47
227,1268,9,459,100,0,0,0,0,0,0,0,0,0,51
228,1188,9,477,100,0,0,0,0,0,0,0,0,0,53
229,1284,9,432,100,0,0,0,0,0,0,0,0,0,48
230,1332,9,441,100,0,0,0,0,0,0,0,0,0,49
231,1424,9,459,100,0,0,0,0,0,0,0,0,0,51
232,1524,9,495,100,0,0,0,0,0,0,0,0,0,55
233,1428,9,468,100,0,0,0,0,0,0,0,0,0,52
234,1172,9,459,100,0,0,0,0,0,0,0,0,0,51
235,1252,9,468,100,0,0,0,0,0,0,0,0,0,52
236,1300,9,477,100,0,0,0,0,0,0,0,0,0,53
237,1432,9,495,100,0,0,0,0,0,0,0,0,0,55
238,1248,9,486,100,0,0,0,0,0,0,0,0,0,54
239,1244,9,450,100,0,0,0,0,0,0,0,0,0,50
240,1320,9,432,100,0,0,0,0,0,0,0,0,0,48
241,1388,9,423,100,0,0,0,0,0,0,0,0,0,47
242,1384,9,459,100,0,0,0,0,0,0,0,0,0,51
243,1108,9,441,100,0,0,0,0,0,0,0,0,0,49
244,1272,9,450,100,0,0,0,0,0,0,0,0,0,50
245,1428,9,486,100,0,0,0,0,0,0,0,0,0,54
246,1360,9,477,100,0,0,0,0,0,0,0,0,0,53
247,1364,9,468,100,0,0,0,0,0,0,0,0,0,52
248,1236,9,459,100,0,0,0,0,0,0,0,0,0,51
249,1372,9,486,100,0,0,0,0,0,0,0,0,0,54
250,1240,9,432,100,0,0,0,0,0,0,0,0,0,48
251,1404,9,459,100,0,0,0,0,0,0,0,0,0,51
252,1452,9,441,100,0,0,0,0,0,0,0,0,0,49
253,1620,9,432,100,0,0,0,0,0,0,0,0,0,48
254,1528,9,450,100,0,0,0,0,0,0,0,0,0,50
255,1380,9,414,100,0,0,0,0,0,0,0,0,0,46
256,1580,9,459,100,0,0,0,0,0,0,0,0,0,51
257,1736,9,441,100,0,0,0,0,0,0,0,0,0,49
258,1636,9,423,100,0,0,0,0,0,0,0,0,0,47
259,1532,9,459,100,0,0,0,0,0,0,0,0,0,51
260,1300,9,432,100,0,0,0,0,0,0,0,0,0,48
261,1536,9,450,100,0,0,0,0,0,0,0,0,0,50
262,1176,9,432,100,0,0,0,0,0,0,0,0,0,48
263,1184,9,468,100,0,0,0,0,0,0,0,0,0,52
264,1296,9,459,100,0,0,0,0,0,0,0,0,0,51
265,1232,9,423,100,0,0,0,0,0,0,0,0,0,47
266,1572,9,486,100,0,0,0,0,0,0,0,0,0,54
267,1156,9,423,100,0,0,0,0,0,0,0,0,0,47
268,928,9,423,100,0,0,0,0,0,0,0,0,0,47
269,1340,9,486,100,0,0,0,0,0,0,0,0,0,54
270,1364,9,477,100,0,0,0,0,0,0,0,0,0,53
271,1148,9,468,100,0,0,0,0,0,0,0,0,0,52
272,1192,9,486,100,0,0,0,0,0,0,0,0,0,54
273,1356,9,441,100,0,0,0,0,0,0,0,0,0,49
274,1384,9,432,100,0,0,0,0,0,0,0,0,0,48
275,1412,9,414,100,0,0,0,0,0,0,0,0,0,46
276,1580,9,486,100,0,0,0,0,0,0,0,0,0,54
277,1132,9,459,100,0,0,0,0,0,0,0,0,0,51
278,1248,9,441,100,0,0,0,0,0,0,0,0,0,49
279,1272,9,432,100,0,0,0,0,0,0,0,0,0,48
280,1252,9,459,100,0,0,0,0,0,0,0,0,0,51
281,1244,9,468,100,0,0,0,0,0,0,0,0,0,52
282,1264,9,441,100,0,0,0,0,0,0,0,0,0,49
283,1168,9,432,100,0,0,0,0,0,0,0,0,0,48
284,1080,9,441,100,0,0,0,0,0,0,0,0,0,49
285,1028,9,432,100,0,0,0,0,0,0,0,0,0,48
286,1108,9,423,100,0,0,0,0,0,0,0,0,0,47
287,1400,9,495,100,0,0,0,0,0,0,0,0,0,55
288,1008,9,405,100,0,0,0,0,0,0,0,0,0,45
289,1448,9,432,100,0,0,0,0,0,0,0,0,0,48
290,1296,9,441,100,0,0,0,0,0,0,0,0,0,49
291,1136,9,441,100,0,0,0,0,0,0,0,0,0,49
292,1148,9,396,100,0,0,0,0,0,0,0,0,0,44
293,1420,9,450,100,0,0,0,0,0,0,0,0,0,50
294,1316,9,423,100,0,0,0,0,0,0,0,0,0,47
295,1688,9,459,100,0,0,0,0,0,0,0,0,0,51
296,1412,9,450,100,0,0,0,0,0,0,0,0,0,50
297,1188,9,495,100,0,0,0,0,0,0,0,0,0,55
298,1300,9,468,100,0,0,0,0,0,0,0,0,0,52
299,1220,9,486,100,0,0,0,0,0,0,0,0,0,54
300,1204,9,459,100,0,0,0,0,0,0,0,0,0,51
301,1260,9,459,100,0,0,0,0,0,0,0,0,0,51
302,1468,9,450,100,0,0,0,0,0,0,0,0,0,50
303,1488,9,432,100,0,0,0,0,0,0,0,0,0,48
304,1316,9,450,100,0,0,0,0,0,0,0,0,0,50
305,1508,9,468,100,0,0,0,0,0,0,0,0,0,52
306,1456,9,495,100,0,0,0,0,0,0,0,0,0,55
307,1580,9,522,100,0,0,0,0,0,0,0,0,0,58
308,1292,9,477,100,0,0,0,0,0,0,0,0,0,53
309,1492,9,495,100,0,0,0,0,0,0,0,0,0,55
310,1488,9,495,100,0,0,0,0,0,0,0,0,0,55
311,1344,9,459,100,0,0,0,0,0,0,0,0,0,51
312,1616,9,486,100,0,0,0,0,0,0,0,0,0,54
313,1460,9,459,100,0,0,0,0,0,0,0,0,0,51
314,1180,9,432,100,0,0,0,0,0,0,0,0,0,48
315,1404,9,459,100,0,0,0,0,0,0,0,0,0,51
316,1368,9,423,100,0,0,0,0,0,0,0,0,0,47
317,1288,9,432,100,0,0,0,0,0,0,0,0,0,48
318,1336,9,441,100,0,0,0,0,0,0,0,0,0,49
319,1472,9,432,100,0,0,0,0,0,0,0,0,0,48
320,1504,9,441,100,0,0,0,0,0,0,0,0,0,49
321,1464,9,459,100,0,0,0,0,0,0,0,0,0,51
322,1408,9,486,100,0,0,0,0,0,0,0,0,0,54
323,1592,9,450,100,0,0,0,0,0,0,0,0,0,50
324,1648,9,432,100,0,0,0,0,0,0,0,0,0,48
325,1924,9,450,100,0,0,0,0,0,0,0,0,0,50
326,1544,9,459,100,0,0,0,0,0,0,0,0,0,51
327,1232,9,450,100,0,0,0,0,0,0,0,0,0,50
328,1400,9,450,100,0,0,0,0,0,0,0,0,0,50
329,1616,9,495,100,0,0,0,0,0,0,0,0,0,55
330,1416,9,450,100,0,0,0,0,0,0,0,0,0,50
331,1592,9,468,100,0,0,0,0,0,0,0,0,0,52
332,1344,9,396,100,0,0,0,0,0,0,0,0,0,44
333,1552,9,441,100,0,0,0,0,0,0,0,0,0,49
334,1636,9,423,100,0,0,0,0,0,0,0,0,0,47
335,1584,9,468,100,0,0,0,0,0,0,0,0,0,52
336,1476,9,432,100,0,0,0,0,0,0,0,0,0,48
337,1516,9,450,100,0,0,0,0,0,0,0,0,0,50
338,1284,9,414,100,0,0,0,0,0,0,0,0,0,46
339,1420,9,441,100,0,0,0,0,0,0,0,0,0,49
340,1400,9,423,100,0,0,0,0,0,0,0,0,0,47
341,1372,9,414,100,0,0,0,0,0,0,0,0,0,46
342,1776,9,423,100,0,0,0,0,0,0,0,0,0,47
343,1760,9,423,100,0,0,0,0,0,0,0,0,0,47
344,2056,9,432,100,0,0,0,0,0,0,0,0,0,48
345,1796,9,423,100,0,0,0,0,0,0,0,0,0,47
346,1432,9,450,100,0,0,0,0,0,0,0,0,0,50
347,1500,9,423,100,0,0,0,0,0,0,0,0,0,47
348,1016,9,369,100,0,0,0,0,0,0,0,0,0,41
349,1380,9,432,100,0,0,0,0,0,0,0,0,0,48
350,1364,9,441,100,0,0,0,0,0,0,0,0,0,49
351,1136,9,459,100,0,0,0,0,0,0,0,0,0,51
352,1220,9,432,100,0,0,0,0,0,0,0,0,0,48
353,1364,9,450,100,0,0,0,0,0,0,0,0,0,50
354,1352,9,459,100,0,0,0,0,0,0,0,0,0,51
355,1148,9,459,100,0,0,0,0,0,0,0,0,0,51
356,1440,9,468,100,0,0,0,0,0,0,0,0,0,52
357,1364,9,459,100,0,0,0,0,0,0,0,0,0,51
358,1344,9,468,100,0,0,0,0,0,0,0,0,0,52
359,936,9,450,100,0,0,0,0,0,0,0,0,0,50
360,1132,9,459,100,0,0,0,0,0,0,0,0,0,51
361,1512,9,495,100,0,0,0,0,0,0,0,0,0,55
362,1080,9,432,100,0,0,0,0,0,0,0,0,0,48
363,1616,9,495,100,0,0,0,0,0,0,0,0,0,55
364,1260,9,468,100,0,0,0,0,0,0,0,0,0,52
365,1492,9,477,100,0,0,0,0,0,0,0,0,0,53
366,1208,9,450,100,0,0,0,0,0,0,0,0,0,50
367,1312,9,468,100,0,0,0,0,0,0,0,0,0,52
368,1468,9,450,100,0,0,0,0,0,0,0,0,0,50
369,1528,9,441,100,0,0,0,0,0,0,0,0,0,49
370,1660,9,441,100,0,0,0,0,0,0,0,0,0,49
371,1740,9,450,100,0,0,0,0,0,0,0,0,0,50
372,1840,9,459,100,0,0,0,0,0,0,0,0,0,51
373,1564,9,432,100,0,0,0,0,0,0,0,0,0,48
374,1848,9,432,100,0,0,0,0,0,0,0,0,0,48
375,1740,9,378,100,0,0,0,0,0,0,0,0,0,42
376,1688,9,405,100,0,0,0,0,0,0,0,0,0,45
377,1640,9,441,100,0,0,0,0,0,0,0,0,0,49
378,1720,9,414,100,0,0,0,0,0,0,0,0,0,46
379,1520,9,441,100,0,0,0,0,0,0,0,0,0,49
380,1628,9,405,100,0,0,0,0,0,0,0,0,0,45
381,1876,9,450,100,0,0,0,0,0,0,0,0,0,50
382,2100,9,477,100,0,0,0,0,0,0,0,0,0,53
383,2008,9,459,100,0,0,0,0,0,0,0,0,0,51
384,2080,9,477,100,0,0,0,0,0,0,0,0,0,53
385,1572,9,450,100,0,0,0,0,0,0,0,0,0,50
386,1704,9,414,100,0,0,0,0,0,0,0,0,0,46
387,1824,9,450,100,0,0,0,0,0,0,0,0,0,50
388,1920,9,450,100,0,0,0,0,0,0,0,0,0,50
389,1792,9,432,100,0,0,0,0,0,0,0,0,0,48
390,2188,9,432,100,0,0,0,0,0,0,0,0,0,48
391,2004,9,432,100,0,0,0,0,0,0,0,0,0,48
392,1952,9,486,100,0,0,0,0,0,0,0,0,0,54
393,2028,9,459,100,0,0,0,0,0,0,0,0,0,51
394,1992,9,477,100,0,0,0,0,0,0,0,0,0,53
395,1716,9,450,100,0,0,0,0,0,0,0,0,0,50
396,1924,9,441,100,0,0,0,0,0,0,0,0,0,49
397,1864,9,459,100,0,0,0,0,0,0,0,0,0,51
398,1904,9,450,100,0,0,0,0,0,0,0,0,0,50
399,2160,9,405,100,0,0,0,0,0,0,0,0,0,45
400,1032,9,423,100,0,0,0,0,0,0,0,0,0,47
401,1444,9,423,100,0,0,0,0,0,0,0,0,0,47
402,1592,9,441,100,0,0,0,0,0,0,0,0,0,49
403,1808,9,450,100,0,0,0,0,0,0,0,0,0,50
404,1824,9,432,100,0,0,0,0,0,0,0,0,0,48
405,1744,9,477,100,0,0,0,0,0,0,0,0,0,53
406,1708,9,450,100,0,0,0,0,0,0,0,0,0,50
407,1600,9,459,100,0,0,0,0,0,0,0,0,0,51
408,1700,9,513,100,0,0,0,0,0,0,0,0,0,57
409,1564,9,477,100,0,0,0,0,0,0,0,0,0,53
410,1812,9,468,100,0,0,0,0,0,0,0,0,0,52
411,1772,9,423,100,0,0,0,0,0,0,0,0,0,47
412,2072,9,432,100,0,0,0,0,0,0,0,0,0,48
413,1348,9,450,100,0,0,0,0,0,0,0,0,0,50
414,1560,9,405,100,0,0,0,0,0,0,0,0,0,45
415,1548,9,414,100,0,0,0,0,0,0,0,0,0,46
416,1544,9,423,100,0,0,0,0,0,0,0,0,0,47
417,1284,9,405,100,0,0,0,0,0,0,0,0,0,45
418,1456,9,387,100,0,0,0,0,0,0,0,0,0,43
419,1280,9,396,100,0,0,0,0,0,0,0,0,0,44
420,1444,9,414,100,0,0,0,0,0,0,0,0,0,46
421,1872,9,450,100,0,0,0,0,0,0,0,0,0,50
422,1632,9,405,100,0,0,0,0,0,0,0,0,0,45
423,1532,9,405,100,0,0,0,0,0,0,0,0,0,45
424,1888,9,441,100,0,0,0,0,0,0,0,0,0,49
425,2016,9,477,100,0,0,0,0,0,0,0,0,0,53
426,2056,9,441,100,0,0,0,0,0,0,0,0,0,49
427,1944,9,468,100,0,0,0,0,0,0,0,0,0,52
428,1872,9,450,100,0,0,0,0,0,0,0,0,0,50
429,1648,9,423,100,0,0,0,0,0,0,0,0,0,47
430,1576,9,459,100,0,0,0,0,0,0,0,0,0,51
431,1612,9,459,100,0,0,0,0,0,0,0,0,0,51
432,1612,9,477,100,0,0,0,0,0,0,0,0,0,53
433,1520,9,450,100,0,0,0,0,0,0,0,0,0,50
434,1484,9,477,100,0,0,0,0,0,0,0,0,0,53
435,1848,9,486,100,0,0,0,0,0,0,0,0,0,54
436,1636,9,450,100,0,0,0,0,0,0,0,0,0,50
437,1828,9,513,100,0,0,0,0,0,0,0,0,0,57
438,1856,9,504,100,0,0,0,0,0,0,0,0,0,56
439,1740,9,459,100,0,0,0,0,0,0,0,0,0,51
440,2176,9,477,100,0,0,0,0,0,0,0,0,0,53
441,1720,9,414,100,0,0,0,0,0,0,0,0,0,46
442,1856,9,468,100,0,0,0,0,0,0,0,0,0,52
443,2040,9,468,100,0,0,0,0,0,0,0,0,0,52
444,2252,9,441,100,0,0,0,0,0,0,0,0,0,49
445,1920,9,423,100,0,0,0,0,0,0,0,0,0,47
446,1476,9,450,100,0,0,0,0,0,0,0,0,0,50
447,1764,9,459,100,0,0,0,0,0,0,0,0,0,51
448,1648,9,459,100,0,0,0,0,0,0,0,0,0,51
449,1360,9,468,100,0,0,0,0,0,0,0,0,0,52
450,1264,9,468,100,0,0,0,0,0,0,0,0,0,52
451,1516,9,468,100,0,0,0,0,0,0,0,0,0,52
452,1416,9,441,100,0,0,0,0,0,0,0,0,0,49
453,1576,9,459,100,0,0,0,0,0,0,0,0,0,51
454,1904,9,459,100,0,0,0,0,0,0,0,0,0,51
455,1416,9,432,100,0,0,0,0,0,0,0,0,0,48
456,1932,9,468,100,0,0,0,0,0,0,0,0,0,52
457,1928,9,495,100,0,0,0,0,0,0,0,0,0,55
458,1880,9,459,100,0,0,0,0,0,0,0,0,0,51
459,1676,9,459,100,0,0,0,0,0,0,0,0,0,51
460,1556,9,414,100,0,0,0,0,0,0,0,0,0,46
461,1320,9,396,100,0,0,0,0,0,0,0,0,0,44
462,1772,9,414,100,0,0,0,0,0,0,0,0,0,46
463,1700,9,423,100,0,0,0,0,0,0,0,0,0,47
464,1672,9,468,100,0,0,0,0,0,0,0,0,0,52
465,1404,9,432,100,0,0,0,0,0,0,0,0,0,48
466,1608,9,414,100,0,0,0,0,0,0,0,0,0,46
467,1572,9,432,100,0,0,0,0,0,0,0,0,0,48
468,1496,9,450,100,0,0,0,0,0,0,0,0,0,50
469,1244,9,405,100,0,0,0,0,0,0,0,0,0,45
470,1236,9,423,100,0,0,0,0,0,0,0,0,0,47
471,1340,9,441,100,0,0,0,0,0,0,0,0,0,49
472,1712,9,450,100,0,0,0,0,0,0,0,0,0,50
473,1772,9,441,100,0,0,0,0,0,0,0,0,0,49
474,1680,9,459,100,0,0,0,0,0,0,0,0,0,51
475,1744,9,450,100,0,0,0,0,0,0,0,0,0,50
476,1872,9,450,100,0,0,0,0,0,0,0,0,0,50
477,2084,9,441,100,0,0,0,0,0,0,0,0,0,49
478,1672,9,468,100,0,0,0,0,0,0,0,0,0,52
479,1356,9,441,100,0,0,0,0,0,0,0,0,0,49
480,1344,9,441,100,0,0,0,0,0,0,0,0,0,49
481,1428,9,450,100,0,0,0,0,0,0,0,0,0,50
482,1452,9,450,100,0,0,0,0,0,0,0,0,0,50
483,1668,9,477,100,0,0,0,0,0,0,0,0,0,53
484,1500,9,450,100,0,0,0,0,0,0,0,0,0,50
485,1420,9,441,100,0,0,0,0,0,0,0,0,0,49
486,1592,9,459,100,0,0,0,0,0,0,0,0,0,51
487,1680,9,468,100,0,0,0,0,0,0,0,0,0,52
488,1744,9,459,100,0,0,0,0,0,0,0,0,0,51
489,1764,9,450,100,0,0,0,0,0,0,0,0,0,50
490,1448,9,432,100,0,0,0,0,0,0,0,0,0,48
491,1528,9,450,100,0,0,0,0,0,0,0,0,0,50
492,1428,9,423,100,0,0,0,0,0,0,0,0,0,47
493,1468,9,432,100,0,0,0,0,0,0,0,0,0,48
494,1364,9,432,100,0,0,0,0,0,0,0,0,0,48
495,1508,9,468,100,0,0,0,0,0,0,0,0,0,52
496,1216,9,432,100,0,0,0,0,0,0,0,0,0,48
497,1236,9,450,100,0,0,0,0,0,0,0,0,0,50
498,1304,9,459,100,0,0,0,0,0,0,0,0,0,51
499,1472,9,531,100,0,0,0,0,0,0,0,0,0,59
500,1308,9,468,100,0,0,0,0,0,0,0,0,0,52
501,1540,9,486,100,0,0,0,0,0,0,0,0,0,54
502,1360,9,486,100,0,0,0,0,0,0,0,0,0,54
503,1292,9,459,100,0,0,0,0,0,0,0,0,0,51
504,1652,9,486,100,0,0,0,0,0,0,0,0,0,54
505,1488,9,459,100,0,0,0,0,0,0,0,0,0,51
506,1332,9,477,100,0,0,0,0,0,0,0,0,0,53
507,1544,9,486,100,0,0,0,0,0,0,0,0,0,54
508,1292,9,468,100,0,0,0,0,0,0,0,0,0,52
509,1592,9,495,100,0,0,0,0,0,0,0,0,0,55
510,1480,9,450,100,0,0,0,0,0,0,0,0,0,50
511,1364,9,441,100,0,0,0,0,0,0,0,0,0,49
512,1160,9,396,100,0,0,0,0,0,0,0,0,0,44
513,1444,9,423,100,0,0,0,0,0,0,0,0,0,47
514,1404,9,441,100,0,0,0,0,0,0,0,0,0,49
515,1184,9,414,100,0,0,0,0,0,0,0,0,0,46
516,1312,9,405,100,0,0,0,0,0,0,0,0,0,45
517,1248,9,450,100,0,0,0,0,0,0,0,0,0,50
518,1248,9,450,100,0,0,0,0,0,0,0,0,0,50
519,1240,9,477,100,0,0,0,0,0,0,0,0,0,53
520,1376,9,486,100,0,0,0,0,0,0,0,0,0,54
521,1360,9,486,100,0,0,0,0,0,0,0,0,0,54
522,1400,9,495,100,0,0,0,0,0,0,0,0,0,55
523,1200,9,459,100,0,0,0,0,0,0,0,0,0,51
524,1484,9,495,100,0,0,0,0,0,0,0,0,0,55
525,1400,9,450,100,0,0,0,0,0,0,0,0,0,50
526,1496,9,450,100,0,0,0,0,0,0,0,0,0,50
527,1708,9,450,100,0,0,0,0,0,0,0,0,0,50
528,1464,9,414,100,0,0,0,0,0,0,0,0,0,46
529,1468,9,450,100,0,0,0,0,0,0,0,0,0,50
530,1248,9,423,100,0,0,0,0,0,0,0,0,0,47
531,1372,9,432,100,0,0,0,0,0,0,0,0,0,48
532,1208,9,432,100,0,0,0,0,0,0,0,0,0,48
533,1596,9,441,100,0,0,0,0,0,0,0,0,0,49
534,1432,9,441,100,0,0,0,0,0,0,0,0,0,49
535,1528,9,423,100,0,0,0,0,0,0,0,0,0,47
536,1576,9,423,100,0,0,0,0,0,0,0,0,0,47
537,1664,9,423,100,0,0,0,0,0,0,0,0,0,47
538,1496,9,387,100,0,0,0,0,0,0,0,0,0,43
539,1540,9,387,100,0,0,0,0,0,0,0,0,0,43
540,1800,9,450,100,0,0,0,0,0,0,0,0,0,50
541,1776,9,423,100,0,0,0,0,0,0,0,0,0,47
542,1780,9,423,100,0,0,0,0,0,0,0,0,0,47
543,1388,9,405,100,0,0,0,0,0,0,0,0,0,45
544,1692,9,441,100,0,0,0,0,0,0,0,0,0,49
545,1776,9,423,100,0,0,0,0,0,0,0,0,0,47
546,1884,9,459,100,0,0,0,0,0,0,0,0,0,51
547,1700,9,459,100,0,0,0,0,0,0,0,0,0,51
548,1276,9,450,100,0,0,0,0,0,0,0,0,0,50
549,1296,9,450,100,0,0,0,0,0,0,0,0,0,50
550,1400,9,441,100,0,0,0,0,0,0,0,0,0,49
551,1448,9,459,100,0,0,0,0,0,0,0,0,0,51
552,1548,9,450,100,0,0,0,0,0,0,0,0,0,50
553,1528,9,432,100,0,0,0,0,0,0,0,0,0,48
554,1328,9,387,100,0,0,0,0,0,0,0,0,0,43
555,1272,9,405,100,0,0,0,0,0,0,0,0,0,45
556,1136,9,396,100,0,0,0,0,0,0,0,0,0,44
557,1256,9,405,100,0,0,0,0,0,0,0,0,0,45
558,1180,9,387,100,0,0,0,0,0,0,0,0,0,43
559,1472,9,405,100,0,0,0,0,0,0,0,0,0,45
560,1576,9,459,100,0,0,0,0,0,0,0,0,0,51
561,1328,9,423,100,0,0,0,0,0,0,0,0,0,47
562,1592,9,450,100,0,0,0,0,0,0,0,0,0,50
563,1788,9,468,100,0,0,0,0,0,0,0,0,0,52
564,1452,9,405,100,0,0,0,0,0,0,0,0,0,45
565,1440,9,423,100,0,0,0,0,0,0,0,0,0,47
566,1768,9,486,100,0,0,0,0,0,0,0,0,0,54
567,1796,9,450,100,0,0,0,0,0,0,0,0,0,50
568,1664,9,423,100,0,0,0,0,0,0,0,0,0,47
569,1624,9,432,100,0,0,0,0,0,0,0,0,0,48
570,1324,9,450,100,0,0,0,0,0,0,0,0,0,50
571,1228,9,459,100,0,0,0,0,0,0,0,0,0,51
572,1244,9,432,100,0,0,0,0,0,0,0,0,0,48
573,1228,9,423,100,0,0,0,0,0,0,0,0,0,47
574,1340,9,387,100,0,0,0,0,0,0,0,0,0,43
575,1228,9,423,100,0,0,0,0,0,0,0,0,0,47
576,1080,9,414,100,0,0,0,0,0,0,0,0,0,46
577,1276,9,432,100,0,0,0,0,0,0,0,0,0,48
578,1076,9,450,100,0,0,0,0,0,0,0,0,0,50
579,1100,9,432,100,0,0,0,0,0,0,0,0,0,48
580,1144,9,450,100,0,0,0,0,0,0,0,0,0,50
581,1224,9,486,100,0,0,0,0,0,0,0,0,0,54
582,1092,9,495,100,0,0,0,0,0,0,0,0,0,55
583,980,9,513,100,0,0,0,0,0,0,0,0,0,57
584,1308,9,549,100,0,0,0,0,0,0,0,0,0,61
585,1408,9,468,100,0,0,0,0,0,0,0,0,0,52
586,1564,9,468,100,0,0,0,0,0,0,0,0,0,52
587,1640,9,468,100,0,0,0,0,0,0,0,0,0,52
588,1568,9,477,100,0,0,0,0,0,0,0,0,0,53
589,1636,9,468,100,0,0,0,0,0,0,0,0,0,52
590,1536,9,450,100,0,0,0,0,0,0,0,0,0,50
591,1696,9,432,100,0,0,0,0,0,0,0,0,0,48
592,1956,9,450,100,0,0,0,0,0,0,0,0,0,50
593,1424,9,459,100,0,0,0,0,0,0,0,0,0,51
594,1392,9,468,100,0,0,0,0,0,0,0,0,0,52
595,1708,9,459,100,0,0,0,0,0,0,0,0,0,51
596,1676,9,450,100,0,0,0,0,0,0,0,0,0,50
597,1692,9,477,100,0,0,0,0,0,0,0,0,0,53
598,1320,9,441,100,0,0,0,0,0,0,0,0,0,49
599,1224,9,414,100,0,0,0,0,0,0,0,0,0,46
600,1544,9,450,100,0,0,0,0,0,0,0,0,0,50
601,1528,9,450,100,0,0,0,0,0,0,0,0,0,50
602,1416,9,459,100,0,0,0,0,0,0,0,0,0,51
603,1200,9,441,100,0,0,0,0,0,0,0,0,0,49
604,1428,9,441,100,0,0,0,0,0,0,0,0,0,49
605,1416,9,459,100,0,0,0,0,0,0,0,0,0,51
606,1396,9,450,100,0,0,0,0,0,0,0,0,0,50
607,1240,9,414,100,0,0,0,0,0,0,0,0,0,46
608,1420,9,432,100,0,0,0,0,0,0,0,0,0,48
609,1348,9,405,100,0,0,0,0,0,0,0,0,0,45
610,1272,9,432,100,0,0,0,0,0,0,0,0,0,48
611,1408,9,477,100,0,0,0,0,0,0,0,0,0,53
612,1360,9,450,100,0,0,0,0,0,0,0,0,0,50
613,1376,9,450,100,0,0,0,0,0,0,0,0,0,50
614,1508,9,432,100,0,0,0,0,0,0,0,0,0,48
615,1284,9,459,100,0,0,0,0,0,0,0,0,0,51
616,1508,9,468,100,0,0,0,0,0,0,0,0,0,52
617,1260,9,432,100,0,0,0,0,0,0,0,0,0,48
618,1380,9,423,100,0,0,0,0,0,0,0,0,0,47
619,1212,9,441,100,0,0,0,0,0,0,0,0,0,49
620,1084,9,441,100,0,0,0,0,0,0,0,0,0,49
621,1244,9,459,100,0,0,0,0,0,0,0,0,0,51
622,1388,9,450,100,0,0,0,0,0,0,0,0,0,50
623,1188,9,441,100,0,0,0,0,0,0,0,0,0,49
624,1168,9,432,100,0,0,0,0,0,0,0,0,0,48
625,1260,9,450,100,0,0,0,0,0,0,0,0,0,50
626,1268,9,432,100,0,0,0,0,0,0,0,0,0,48
627,1516,9,495,100,0,0,0,0,0,0,0,0,0,55
628,1348,9,441,100,0,0,0,0,0,0,0,0,0,49
629,1604,9,468,100,0,0,0,0,0,0,0,0,0,52
630,1480,9,432,100,0,0,0,0,0,0,0,0,0,48
631,1512,9,450,100,0,0,0,0,0,0,0,0,0,50
632,1588,9,450,100,0,0,0,0,0,0,0,0,0,50
633,1396,9,441,100,0,0,0,0,0,0,0,0,0,49
634,1644,9,432,100,0,0,0,0,0,0,0,0,0,48
635,1872,9,441,100,0,0,0,0,0,0,0,0,0,49
636,1684,9,423,100,0,0,0,0,0,0,0,0,0,47
637,1812,9,477,100,0,0,0,0,0,0,0,0,0,53
638,1852,9,450,100,0,0,0,0,0,0,0,0,0,50
639,1664,9,441,100,0,0,0,0,0,0,0,0,0,49
640,1644,9,414,100,0,0,0,0,0,0,0,0,0,46
641,1440,9,441,100,0,0,0,0,0,0,0,0,0,49
642,1216,9,477,100,0,0,0,0,0,0,0,0,0,53
643,1348,9,423,100,0,0,0,0,0,0,0,0,0,47
644,1308,9,450,100,0,0,0,0,0,0,0,0,0,50
645,1464,9,450,100,0,0,0,0,0,0,0,0,0,50
646,1272,9,459,100,0,0,0,0,0,0,0,0,0,51
647,1292,9,441,100,0,0,0,0,0,0,0,0,0,49
648,1284,9,432,100,0,0,0,0,0,0,0,0,0,48
649,1720,9,477,100,0,0,0,0,0,0,0,0,0,53
650,1380,9,450,100,0,0,0,0,0,0,0,0,0,50
651,1956,9,486,100,0,0,0,0,0,0,0,0,0,54
652,1688,9,459,100,0,0,0,0,0,0,0,0,0,51
653,1548,9,432,100,0,0,0,0,0,0,0,0,0,48
654,1488,9,468,100,0,0,0,0,0,0,0,0,0,52
655,1360,9,441,100,0,0,0,0,0,0,0,0,0,49
656,1428,9,459,100,0,0,0,0,0,0,0,0,0,51
657,1568,9,450,100,0,0,0,0,0,0,0,0,0,50
658,1516,9,441,100,0,0,0,0,0,0,0,0,0,49
659,1284,9,432,100,0,0,0,0,0,0,0,0,0,48
660,1292,9,432,100,0,0,0,0,0,0,0,0,0,48
661,1356,9,441,100,0,0,0,0,0,0,0,0,0,49
662,1236,9,414,100,0,0,0,0,0,0,0,0,0,46
663,1500,9,486,100,0,0,0,0,0,0,0,0,0,54
664,1776,9,495,100,0,0,0,0,0,0,0,0,0,55
665,1780,9,522,100,0,0,0,0,0,0,0,0,0,58
666,1500,9,486,100,0,0,0,0,0,0,0,0,0,54
667,1696,9,486,100,0,0,0,0,0,0,0,0,0,54
668,1860,9,441,100,0,0,0,0,0,0,0,0,0,49
669,2052,9,432,100,0,0,0,0,0,0,0,0,0,48
670,2208,9,459,100,0,0,0,0,0,0,0,0,0,51
671,1780,9,432,100,0,0,0,0,0,0,0,0,0,48
672,1580,9,414,100,0,0,0,0,0,0,0,0,0,46
673,1796,9,441,100,0,0,0,0,0,0,0,0,0,49
674,1816,9,432,100,0,0,0,0,0,0,0,0,0,48
675,1752,9,450,100,0,0,0,0,0,0,0,0,0,50
676,1740,9,423,100,0,0,0,0,0,0,0,0,0,47
677,1624,9,441,100,0,0,0,0,0,0,0,0,0,49
678,1780,9,432,100,0,0,0,0,0,0,0,0,0,48
679,1712,9,414,100,0,0,0,0,0,0,0,0,0,46
680,2032,9,423,100,0,0,0,0,0,0,0,0,0,47
681,2280,9,450,100,0,0,0,0,0,0,0,0,0,50
682,2000,9,441,100,0,0,0,0,0,0,0,0,0,49
683,2048,9,459,100,0,0,0,0,0,0,0,0,0,51
684,2280,9,459,100,0,0,0,0,0,0,0,0,0,51
685,1956,9,432,100,0,0,0,0,0,0,0,0,0,48
686,2340,9,459,100,0,0,0,0,0,0,0,0,0,51
687,2116,9,441,100,0,0,0,0,0,0,0,0,0,49
688,1896,9,441,100,0,0,0,0,0,0,0,0,0,49
689,2120,9,405,100,0,0,0,0,0,0,0,0,0,45
690,1744,9,396,100,0,0,0,0,0,0,0,0,0,44
691,1688,9,432,100,0,0,0,0,0,0,0,0,0,48
692,1876,9,459,100,0,0,0,0,0,0,0,0,0,51
693,2048,9,396,100,0,0,0,0,0,0,0,0,0,44
694,2200,9,459,100,0,0,0,0,0,0,0,0,0,51
695,1912,9,441,100,0,0,0,0,0,0,0,0,0,49
696,1616,9,468,100,0,0,0,0,0,0,0,0,0,52
697,1808,9,432,100,0,0,0,0,0,0,0,0,0,48
698,1820,9,441,100,0,0,0,0,0,0,0,0,0,49
699,1804,9,459,100,0,0,0,0,0,0,0,0,0,51
700,1896,9,459,100,0,0,0,0,0,0,0,0,0,51
701,1772,9,423,100,0,0,0,0,0,0,0,0,0,47
702,1736,9,414,100,0,0,0,0,0,0,0,0,0,46
703,1608,9,387,100,0,0,0,0,0,0,0,0,0,43
704,1728,9,432,100,0,0,0,0,0,0,0,0,0,48
705,1488,9,423,100,0,0,0,0,0,0,0,0,0,47
706,1608,9,441,100,0,0,0,0,0,0,0,0,0,49
707,1636,9,450,100,0,0,0,0,0,0,0,0,0,50
708,1788,9,423,100,0,0,0,0,0,0,0,0,0,47
709,1796,9,387,100,0,0,0,0,0,0,0,0,0,43
710,1876,9,396,100,0,0,0,0,0,0,0,0,0,44
711,1908,9,414,100,0,0,0,0,0,0,0,0,0,46
712,1732,9,441,100,0,0,0,0,0,0,0,0,0,49
713,1752,9,477,100,0,0,0,0,0,0,0,0,0,53
714,1472,9,468,100,0,0,0,0,0,0,0,0,0,52
715,1424,9,477,100,0,0,0,0,0,0,0,0,0,53
716,1544,9,468,100,0,0,0,0,0,0,0,0,0,52
717,1372,9,459,100,0,0,0,0,0,0,0,0,0,51
718,1596,9,423,100,0,0,0,0,0,0,0,0,0,47
719,1584,9,468,100,0,0,0,0,0,0,0,0,0,52
720,1528,9,477,100,0,0,0,0,0,0,0,0,0,53
721,1300,9,450,100,0,0,0,0,0,0,0,0,0,50
722,1520,9,477,100,0,0,0,0,0,0,0,0,0,53
723,1332,9,477,100,0,0,0,0,0,0,0,0,0,53
724,1216,9,450,100,0,0,0,0,0,0,0,0,0,50
725,1516,9,450,100,0,0,0,0,0,0,0,0,0,50
726,1252,9,423,100,0,0,0,0,0,0,0,0,0,47
727,1424,9,432,100,0,0,0,0,0,0,0,0,0,48
728,1036,9,423,100,0,0,0,0,0,0,0,0,0,47
729,1148,9,405,100,0,0,0,0,0,0,0,0,0,45
730,1340,9,432,100,0,0,0,0,0,0,0,0,0,48
731,1572,9,459,100,0,0,0,0,0,0,0,0,0,51
732,1456,9,441,100,0,0,0,0,0,0,0,0,0,49
733,1348,9,459,100,0,0,0,0,0,0,0,0,0,51
734,1384,9,423,100,0,0,0,0,0,0,0,0,0,47
735,1420,9,423,100,0,0,0,0,0,0,0,0,0,47
736,1440,9,414,100,0,0,0,0,0,0,0,0,0,46
737,1544,9,423,100,0,0,0,0,0,0,0,0,0,47
738,1476,9,405,100,0,0,0,0,0,0,0,0,0,45
739,1504,9,414,100,0,0,0,0,0,0,0,0,0,46
740,1616,9,441,100,0,0,0,0,0,0,0,0,0,49
741,1144,9,396,100,0,0,0,0,0,0,0,0,0,44
742,1604,9,432,100,0,0,0,0,0,0,0,0,0,48
743,1260,9,414,100,0,0,0,0,0,0,0,0,0,46
744,1416,9,432,100,0,0,0,0,0,0,0,0,0,48
745,1492,9,486,100,0,0,0,0,0,0,0,0,0,54
746,1580,9,414,100,0,0,0,0,0,0,0,0,0,46
747,1528,9,441,100,0,0,0,0,0,0,0,0,0,49
748,1568,9,405,100,0,0,0,0,0,0,0,0,0,45
749,1724,9,441,100,0,0,0,0,0,0,0,0,0,49
750,1920,9,441,100,0,0,0,0,0,0,0,0,0,49
751,1808,9,441,100,0,0,0,0,0,0,0,0,0,49
752,1996,9,468,100,0,0,0,0,0,0,0,0,0,52
753,1832,9,441,100,0,0,0,0,0,0,0,0,0,49
754,1600,9,459,100,0,0,0,0,0,0,0,0,0,51
755,1584,9,450,100,0,0,0,0,0,0,0,0,0,50
756,1420,9,441,100,0,0,0,0,0,0,0,0,0,49
757,1780,9,450,100,0,0,0,0,0,0,0,0,0,50
758,1680,9,459,100,0,0,0,0,0,0,0,0,0,51
759,1656,9,432,100,0,0,0,0,0,0,0,0,0,48
760,1788,9,450,100,0,0,0,0,0,0,0,0,0,50
761,2220,9,477,100,0,0,0,0,0,0,0,0,0,53
762,1832,9,468,100,0,0,0,0,0,0,0,0,0,52
763,2116,9,432,100,0,0,0,0,0,0,0,0,0,48
764,2524,9,441,100,0,0,0,0,0,0,0,0,0,49
765,2368,9,459,100,0,0,0,0,0,0,0,0,0,51
766,2860,9,468,100,0,0,0,0,0,0,0,0,0,52
767,2596,9,468,100,0,0,0,0,0,0,0,0,0,52
768,2260,9,459,100,0,0,0,0,0,0,0,0,0,51
769,2284,9,468,100,0,0,0,0,0,0,0,0,0,52
770,2536,9,423,100,0,0,0,0,0,0,0,0,0,47
771,3028,9,495,100,0,0,0,0,0,0,0,0,0,55
772,1948,9,423,100,0,0,0,0,0,0,0,0,0,47
773,2072,9,405,100,0,0,0,0,0,0,0,0,0,45
774,1904,9,441,100,0,0,0,0,0,0,0,0,0,49
775,2360,9,477,100,0,0,0,0,0,0,0,0,0,53
776,2584,9,414,100,0,0,0,0,0,0,0,0,0,46
777,1920,9,423,100,0,0,0,0,0,0,0,0,0,47
778,2240,9,486,100,0,0,0,0,0,0,0,0,0,54
779,1436,9,432,100,0,0,0,0,0,0,0,0,0,48
780,1852,9,459,100,0,0,0,0,0,0,0,0,0,51
781,2108,9,477,100,0,0,0,0,0,0,0,0,0,53
782,2292,9,486,100,0,0,0,0,0,0,0,0,0,54
783,2360,9,450,100,0,0,0,0,0,0,0,0,0,50
784,2644,9,468,100,0,0,0,0,0,0,0,0,0,52
785,3008,9,450,100,0,0,0,0,0,0,0,0,0,50
786,3420,9,468,100,0,0,0,0,0,0,0,0,0,52
787,2072,9,414,100,0,0,0,0,0,0,0,0,0,46
788,1564,9,405,100,0,0,0,0,0,0,0,0,0,45
789,1644,9,450,100,0,0,0,0,0,0,0,0,0,50
790,1352,9,432,100,0,0,0,0,0,0,0,0,0,48
791,1368,9,441,100,0,0,0,0,0,0,0,0,0,49
792,1152,9,387,100,0,0,0,0,0,0,0,0,0,43
793,1580,9,423,100,0,0,0,0,0,0,0,0,0,47
794,1324,9,405,100,0,0,0,0,0,0,0,0,0,45
795,1280,9,423,100,0,0,0,0,0,0,0,0,0,47
796,1352,9,441,100,0,0,0,0,0,0,0,0,0,49
797,1372,9,432,100,0,0,0,0,0,0,0,0,0,48
798,1268,9,432,100,0,0,0,0,0,0,0,0,0,48
799,1364,9,432,100,0,0,0,0,0,0,0,0,0,48
800,1320,9,432,100,0,0,0,0,0,0,0,0,0,48
801,1392,9,441,100,0,0,0,0,0,0,0,0,0,49
802,1248,9,414,100,0,0,0,0,0,0,0,0,0,46
803,1448,9,414,100,0,0,0,0,0,0,0,0,0,46
804,1496,9,387,100,0,0,0,0,0,0,0,0,0,43
805,1524,9,369,100,0,0,0,0,0,0,0,0,0,41
806,1600,9,414,100,0,0,0,0,0,0,0,0,0,46
807,1428,9,405,100,0,0,0,0,0,0,0,0,0,45
808,1504,9,414,100,0,0,0,0,0,0,0,0,0,46
809,1592,9,414,100,0,0,0,0,0,0,0,0,0,46
810,1360,9,396,100,0,0,0,0,0,0,0,0,0,44
811,1620,9,414,100,0,0,0,0,0,0,0,0,0,46
812,1540,9,432,100,0,0,0,0,0,0,0,0,0,48
813,1388,9,468,100,0,0,0,0,0,0,0,0,0,52
814,1272,9,450,100,0,0,0,0,0,0,0,0,0,50
815,1256,9,468,100,0,0,0,0,0,0,0,0,0,52
816,1272,9,432,100,0,0,0,0,0,0,0,0,0,48
817,1176,9,405,100,0,0,0,0,0,0,0,0,0,45
818,1448,9,405,100,0,0,0,0,0,0,0,0,0,45
819,1428,9,423,100,0,0,0,0,0,0,0,0,0,47
820,1420,9,405,100,0,0,0,0,0,0,0,0,0,45
821,1536,9,441,100,0,0,0,0,0,0,0,0,0,49
822,1324,9,432,100,0,0,0,0,0,0,0,0,0,48
823,1104,9,441,100,0,0,0,0,0,0,0,0,0,49
824,1108,9,441,100,0,0,0,0,0,0,0,0,0,49
825,996,9,441,100,0,0,0,0,0,0,0,0,0,49
826,1300,9,432,100,0,0,0,0,0,0,0,0,0,48
827,1412,9,432,100,0,0,0,0,0,0,0,0,0,48
828,1104,9,387,100,0,0,0,0,0,0,0,0,0,43
829,1288,9,432,100,0,0,0,0,0,0,0,0,0,48
830,1076,9,423,100,0,0,0,0,0,0,0,0,0,47
831,1236,9,468,100,0,0,0,0,0,0,0,0,0,52
832,1308,9,468,100,0,0,0,0,0,0,0,0,0,52
833,1332,9,441,100,0,0,0,0,0,0,0,0,0,49
834,1264,9,423,100,0,0,0,0,0,0,0,0,0,47
835,1216,9,450,100,0,0,0,0,0,0,0,0,0,50
836,1220,9,486,100,0,0,0,0,0,0,0,0,0,54
837,1168,9,459,100,0,0,0,0,0,0,0,0,0,51
838,1540,9,441,100,0,0,0,0,0,0,0,0,0,49
839,1744,9,486,100,0,0,0,0,0,0,0,0,0,54
840,1388,9,459,100,0,0,0,0,0,0,0,0,0,51
841,1396,9,450,100,0,0,0,0,0,0,0,0,0,50
842,1668,9,459,100,0,0,0,0,0,0,0,0,0,51
843,1604,9,405,100,0,0,0,0,0,0,0,0,0,45
844,1632,9,450,100,0,0,0,0,0,0,0,0,0,50
845,1764,9,441,100,0,0,0,0,0,0,0,0,0,49
846,1584,9,414,100,0,0,0,0,0,0,0,0,0,46
847,1568,9,486,100,0,0,0,0,0,0,0,0,0,54
848,1576,9,468,100,0,0,0,0,0,0,0,0,0,52
849,1492,9,495,100,0,0,0,0,0,0,0,0,0,55
850,1536,9,459,100,0,0,0,0,0,0,0,0,0,51
851,1744,9,495,100,0,0,0,0,0,0,0,0,0,55
852,1504,9,459,100,0,0,0,0,0,0,0,0,0,51
853,1204,9,423,100,0,0,0,0,0,0,0,0,0,47
854,1428,9,459,100,0,0,0,0,0,0,0,0,0,51
855,1580,9,468,100,0,0,0,0,0,0,0,0,0,52
856,1452,9,477,100,0,0,0,0,0,0,0,0,0,53
857,1492,9,486,100,0,0,0,0,0,0,0,0,0,54
858,1372,9,459,100,0,0,0,0,0,0,0,0,0,51
859,1348,9,486,100,0,0,0,0,0,0,0,0,0,54
860,1456,9,486,100,0,0,0,0,0,0,0,0,0,54
861,1456,9,486,100,0,0,0,0,0,0,0,0,0,54
862,1672,9,504,100,0,0,0,0,0,0,0,0,0,56
863,1612,9,477,100,0,0,0,0,0,0,0,0,0,53
864,1624,9,423,100,0,0,0,0,0,0,0,0,0,47
865,1600,9,441,100,0,0,0,0,0,0,0,0,0,49
866,1404,9,450,100,0,0,0,0,0,0,0,0,0,50
867,1340,9,432,100,0,0,0,0,0,0,0,0,0,48
868,1236,9,477,100,0,0,0,0,0,0,0,0,0,53
869,1124,9,441,100,0,0,0,0,0,0,0,0,0,49
870,1072,9,459,100,0,0,0,0,0,0,0,0,0,51
871,1068,9,459,100,0,0,0,0,0,0,0,0,0,51
872,1244,9,450,100,0,0,0,0,0,0,0,0,0,50
873,1104,9,450,100,0,0,0,0,0,0,0,0,0,50
874,1152,9,468,100,0,0,0,0,0,0,0,0,0,52
875,1372,9,522,100,0,0,0,0,0,0,0,0,0,58
876,1208,9,459,100,0,0,0,0,0,0,0,0,0,51
877,1172,9,459,100,0,0,0,0,0,0,0,0,0,51
878,1412,9,504,100,0,0,0,0,0,0,0,0,0,56
879,1000,9,450,100,0,0,0,0,0,0,0,0,0,50
880,1392,9,477,100,0,0,0,0,0,0,0,0,0,53
881,1420,9,450,100,0,0,0,0,0,0,0,0,0,50
882,1328,9,468,100,0,0,0,0,0,0,0,0,0,52
883,1148,9,459,100,0,0,0,0,0,0,0,0,0,51
884,1280,9,468,100,0,0,0,0,0,0,0,0,0,52
885,1660,9,558,100,0,0,0,0,0,0,0,0,0,62
886,1460,9,504,100,0,0,0,0,0,0,0,0,0,56
887,1672,9,486,100,0,0,0,0,0,0,0,0,0,54
888,1380,9,468,100,0,0,0,0,0,0,0,0,0,52
889,1464,9,486,100,0,0,0,0,0,0,0,0,0,54
890,1284,9,468,100,0,0,0,0,0,0,0,0,0,52
891,1548,9,513,100,0,0,0,0,0,0,0,0,0,57
892,1256,9,459,100,0,0,0,0,0,0,0,0,0,51
893,1328,9,486,100,0,0,0,0,0,0,0,0,0,54
894,1680,9,495,100,0,0,0,0,0,0,0,0,0,55
895,1404,9,468,100,0,0,0,0,0,0,0,0,0,52
896,1292,9,477,100,0,0,0,0,0,0,0,0,0,53
897,1600,9,504,100,0,0,0,0,0,0,0,0,0,56
898,1564,9,459,100,0,0,0,0,0,0,0,0,0,51
899,1248,9,450,100,0,0,0,0,0,0,0,0,0,50
900,1420,9,459,100,0,0,0,0,0,0,0,0,0,51
901,1212,9,459,100,0,0,0,0,0,0,0,0,0,51
902,1304,9,450,100,0,0,0,0,0,0,0,0,0,50
903,1436,9,495,100,0,0,0,0,0,0,0,0,0,55
904,1536,9,477,100,0,0,0,0,0,0,0,0,0,53
905,1352,9,450,100,0,0,0,0,0,0,0,0,0,50
906,1404,9,450,100,0,0,0,0,0,0,0,0,0,50
907,1488,9,432,100,0,0,0,0,0,0,0,0,0,48
908,1464,9,396,100,0,0,0,0,0,0,0,0,0,44
909,1788,9,486,100,0,0,0,0,0,0,0,0,0,54
910,1452,9,459,100,0,0,0,0,0,0,0,0,0,51
911,1212,9,441,100,0,0,0,0,0,0,0,0,0,49
912,1444,9,450,100,0,0,0,0,0,0,0,0,0,50
913,1404,9,450,100,0,0,0,0,0,0,0,0,0,50
914,1468,9,468,100,0,0,0,0,0,0,0,0,0,52
915,1296,9,468,100,0,0,0,0,0,0,0,0,0,52
916,1552,9,468,100,0,0,0,0,0,0,0,0,0,52
917,1340,9,441,100,0,0,0,0,0,0,0,0,0,49
918,1480,9,441,100,0,0,0,0,0,0,0,0,0,49
919,1644,9,432,100,0,0,0,0,0,0,0,0,0,48
920,1908,9,432,100,0,0,0,0,0,0,0,0,0,48
921,1480,9,405,100,0,0,0,0,0,0,0,0,0,45
922,2104,9,468,100,0,0,0,0,0,0,0,0,0,52
923,1720,9,423,100,0,0,0,0,0,0,0,0,0,47
924,1496,9,423,100,0,0,0,0,0,0,0,0,0,47
925,1440,9,387,100,0,0,0,0,0,0,0,0,0,43
926,1620,9,450,100,0,0,0,0,0,0,0,0,0,50
927,1304,9,405,100,0,0,0,0,0,0,0,0,0,45
928,1468,9,450,100,0,0,0,0,0,0,0,0,0,50
929,1376,9,378,100,0,0,0,0,0,0,0,0,0,42
930,1608,9,459,100,0,0,0,0,0,0,0,0,0,51
931,1344,9,396,100,0,0,0,0,0,0,0,0,0,44
932,1644,9,441,100,0,0,0,0,0,0,0,0,0,49
933,1624,9,459,100,0,0,0,0,0,0,0,0,0,51
934,1684,9,450,100,0,0,0,0,0,0,0,0,0,50
935,1532,9,459,100,0,0,0,0,0,0,0,0,0,51
936,1548,9,423,100,0,0,0,0,0,0,0,0,0,47
937,1708,9,468,100,0,0,0,0,0,0,0,0,0,52
938,1400,9,441,100,0,0,0,0,0,0,0,0,0,49
939,1272,9,441,100,0,0,0,0,0,0,0,0,0,49
940,1364,9,459,100,0,0,0,0,0,0,0,0,0,51
941,1232,9,441,100,0,0,0,0,0,0,0,0,0,49
942,1540,9,477,100,0,0,0,0,0,0,0,0,0,53
943,1332,9,423,100,0,0,0,0,0,0,0,0,0,47
944,1708,9,468,100,0,0,0,0,0,0,0,0,0,52
945,1552,9,423,100,0,0,0,0,0,0,0,0,0,47
946,1600,9,450,100,0,0,0,0,0,0,0,0,0,50
947,1636,9,432,100,0,0,0,0,0,0,0,0,0,48
948,1920,9,450,100,0,0,0,0,0,0,0,0,0,50
949,1996,9,441,100,0,0,0,0,0,0,0,0,0,49
950,2552,9,459,100,0,0,0,0,0,0,0,0,0,51
951,1840,9,405,100,0,0,0,0,0,0,0,0,0,45
952,2104,9,423,100,0,0,0,0,0,0,0,0,0,47
953,1644,9,441,100,0,0,0,0,0,0,0,0,0,49
954,1592,9,468,100,0,0,0,0,0,0,0,0,0,52
955,1432,9,459,100,0,0,0,0,0,0,0,0,0,51
956,1788,9,495,100,0,0,0,0,0,0,0,0,0,55
957,1884,9,504,100,0,0,0,0,0,0,0,0,0,56
958,1576,9,477,100,0,0,0,0,0,0,0,0,0,53
959,1448,9,477,100,0,0,0,0,0,0,0,0,0,53
960,1340,9,468,100,0,0,0,0,0,0,0,0,0,52
961,1312,9,450,100,0,0,0,0,0,0,0,0,0,50
962,1236,9,468,100,0,0,0,0,0,0,0,0,0,52
963,1324,9,504,100,0,0,0,0,0,0,0,0,0,56
964,1152,9,468,100,0,0,0,0,0,0,0,0,0,52
965,1124,9,477,100,0,0,0,0,0,0,0,0,0,53
966,1156,9,432,100,0,0,0,0,0,0,0,0,0,48
967,1276,9,423,100,0,0,0,0,0,0,0,0,0,47
968,1264,9,441,100,0,0,0,0,0,0,0,0,0,49
969,1184,9,414,100,0,0,0,0,0,0,0,0,0,46
970,1368,9,423,100,0,0,0,0,0,0,0,0,0,47
971,1472,9,432,100,0,0,0,0,0,0,0,0,0,48
972,1364,9,423,100,0,0,0,0,0,0,0,0,0,47
973,1240,9,423,100,0,0,0,0,0,0,0,0,0,47
974,1352,9,441,100,0,0,0,0,0,0,0,0,0,49
975,1468,9,477,100,0,0,0,0,0,0,0,0,0,53
976,1244,9,459,100,0,0,0,0,0,0,0,0,0,51
977,1336,9,468,100,0,0,0,0,0,0,0,0,0,52
978,1188,9,486,100,0,0,0,0,0,0,0,0,0,54
979,1168,9,486,100,0,0,0,0,0,0,0,0,0,54
980,1152,9,486,100,0,0,0,0,0,0,0,0,0,54
981,1200,9,477,100,0,0,0,0,0,0,0,0,0,53
982,1204,9,468,100,0,0,0,0,0,0,0,0,0,52
983,1520,9,477,100,0,0,0,0,0,0,0,0,0,53
984,1192,9,459,100,0,0,0,0,0,0,0,0,0,51
985,1352,9,450,100,0,0,0,0,0,0,0,0,0,50
986,1200,9,450,100,0,0,0,0,0,0,0,0,0,50
987,1328,9,477,100,0,0,0,0,0,0,0,0,0,53
988,1252,9,441,100,0,0,0,0,0,0,0,0,0,49
989,1592,9,495,100,0,0,0,0,0,0,0,0,0,55
990,1420,9,477,100,0,0,0,0,0,0,0,0,0,53
991,1360,9,432,100,0,0,0,0,0,0,0,0,0,48
992,1368,9,414,100,0,0,0,0,0,0,0,0,0,46
993,1532,9,423,100,0,0,0,0,0,0,0,0,0,47
994,1580,9,423,100,0,0,0,0,0,0,0,0,0,47
995,1420,9,405,100,0,0,0,0,0,0,0,0,0,45
996,1344,9,405,100,0,0,0,0,0,0,0,0,0,45
997,1432,9,405,100,0,0,0,0,0,0,0,0,0,45
998,1332,9,387,100,0,0,0,0,0,0,0,0,0,43
999,1980,9,432,100,0,0,0,0,0,0,0,0,0,48
