update,points,mean_tasks,total_tasks,total_orgs,task_0,task_1,task_2,task_3,task_4,task_5,task_6,task_7,task_8,task_9
0,0,nan,0,10,0,0,0,0,0,0,0,0,0,0
1,0,nan,0,10,0,0,0,0,0,0,0,0,0,0
2,0,nan,0,10,0,0,0,0,0,0,0,0,0,0
3,0,nan,0,10,0,0,0,0,0,0,0,0,0,0
4,0,nan,0,10,0,0,0,0,0,0,0,0,0,0
5,0,nan,0,10,0,0,0,0,0,0,0,0,0,0
6,0,nan,0,10,0,0,0,0,0,0,0,0,0,0
7,0,nan,0,10,0,0,0,0,0,0,0,0,0,0
8,0,nan,0,10,0,0,0,0,0,0,0,0,0,0
9,44,9,9,11,0,0,0,0,0,0,0,0,0,1
10,24,9,9,12,0,0,0,0,0,0,0,0,0,1
11,4,9,9,13,0,0,0,0,0,0,0,0,0,1
12,4,9,9,13,0,0,0,0,0,0,0,0,0,1
13,4,9,9,13,0,0,0,0,0,0,0,0,0,1
14,4,9,9,13,0,0,0,0,0,0,0,0,0,1
15,4,9,9,13,0,0,0,0,0,0,0,0,0,1
16,4,9,9,13,0,0,0,0,0,0,0,0,0,1
17,4,9,9,13,0,0,0,0,0,0,0,0,0,1
18,48,9,18,14,0,0,0,0,0,0,0,0,0,2
19,72,9,27,15,0,0,0,0,0,0,0,0,0,3
20,72,9,27,16,0,0,0,0,0,0,0,0,0,3
21,32,9,27,17,0,0,0,0,0,0,0,0,0,3
22,12,9,27,17,0,0,0,0,0,0,0,0,0,3
23,12,9,27,17,0,0,0,0,0,0,0,0,0,3
24,52,9,27,17,0,0,0,0,0,0,0,0,0,3
25,32,9,27,18,0,0,0,0,0,0,0,0,0,3
26,12,9,27,19,0,0,0,0,0,0,0,0,0,3
27,164,9,45,21,0,0,0,0,0,0,0,0,0,5
28,168,9,45,21,0,0,0,0,0,0,0,0,0,5
29,108,9,45,22,0,0,0,0,0,0,0,0,0,5
30,68,9,45,23,0,0,0,0,0,0,0,0,0,5
31,64,9,45,23,0,0,0,0,0,0,0,0,0,5
32,44,9,45,23,0,0,0,0,0,0,0,0,0,5
33,24,9,45,23,0,0,0,0,0,0,0,0,0,5
34,24,9,45,23,0,0,0,0,0,0,0,0,0,5
35,68,9,45,24,0,0,0,0,0,0,0,0,0,5
36,48,9,45,24,0,0,0,0,0,0,0,0,0,5
37,28,9,45,24,0,0,0,0,0,0,0,0,0,5
38,28,9,45,24,0,0,0,0,0,0,0,0,0,5
39,116,9,54,24,0,0,0,0,0,0,0,0,0,6
40,36,9,45,24,0,0,0,0,0,0,0,0,0,5
41,60,9,54,24,0,0,0,0,0,0,0,0,0,6
42,84,9,54,24,0,0,0,0,0,0,0,0,0,6
43,44,9,54,24,0,0,0,0,0,0,0,0,0,6
44,68,9,63,24,0,0,0,0,0,0,0,0,0,7
45,48,9,63,24,0,0,0,0,0,0,0,0,0,7
46,68,9,81,25,0,0,0,0,0,0,0,0,0,9
47,112,9,81,25,0,0,0,0,0,0,0,0,0,9
48,92,9,81,26,0,0,0,0,0,0,0,0,0,9
49,52,9,81,27,0,0,0,0,0,0,0,0,0,9
50,160,9,99,28,0,0,0,0,0,0,0,0,0,11
51,188,9,108,31,0,0,0,0,0,0,0,0,0,12
52,76,9,99,32,0,0,0,0,0,0,0,0,0,11
53,188,9,108,33,0,0,0,0,0,0,0,0,0,12
54,80,9,108,35,0,0,0,0,0,0,0,0,0,12
55,84,9,117,37,0,0,0,0,0,0,0,0,0,13
56,108,9,117,38,0,0,0,0,0,0,0,0,0,13
57,132,9,135,40,0,0,0,0,0,0,0,0,0,15
58,108,9,135,41,0,0,0,0,0,0,0,0,0,15
59,120,9,144,42,0,0,0,0,0,0,0,0,0,16
60,96,9,126,42,0,0,0,0,0,0,0,0,0,14
61,56,9,117,42,0,0,0,0,0,0,0,0,0,13
62,36,9,117,42,0,0,0,0,0,0,0,0,0,13
63,36,9,117,42,0,0,0,0,0,0,0,0,0,13
64,36,9,117,42,0,0,0,0,0,0,0,0,0,13
65,80,9,108,42,0,0,0,0,0,0,0,0,0,12
66,60,9,108,42,0,0,0,0,0,0,0,0,0,12
67,40,9,108,42,0,0,0,0,0,0,0,0,0,12
68,84,9,108,43,0,0,0,0,0,0,0,0,0,12
69,64,9,108,43,0,0,0,0,0,0,0,0,0,12
70,88,9,117,44,0,0,0,0,0,0,0,0,0,13
71,68,9,117,45,0,0,0,0,0,0,0,0,0,13
72,48,9,117,46,0,0,0,0,0,0,0,0,0,13
73,48,9,117,46,0,0,0,0,0,0,0,0,0,13
74,136,9,135,48,0,0,0,0,0,0,0,0,0,15
75,140,9,144,50,0,0,0,0,0,0,0,0,0,16
76,184,9,135,51,0,0,0,0,0,0,0,0,0,15
77,124,9,135,52,0,0,0,0,0,0,0,0,0,15
78,148,9,135,52,0,0,0,0,0,0,0,0,0,15
79,172,9,144,52,0,0,0,0,0,0,0,0,0,16
80,284,9,153,54,0,0,0,0,0,0,0,0,0,17
81,204,9,153,55,0,0,0,0,0,0,0,0,0,17
82,208,9,153,55,0,0,0,0,0,0,0,0,0,17
83,232,9,153,55,0,0,0,0,0,0,0,0,0,17
84,368,9,162,55,0,0,0,0,0,0,0,0,0,18
85,312,9,171,57,0,0,0,0,0,0,0,0,0,19
86,236,9,153,58,0,0,0,0,0,0,0,0,0,17
87,212,9,144,58,0,0,0,0,0,0,0,0,0,16
88,384,9,162,58,0,0,0,0,0,0,0,0,0,18
89,304,9,144,58,0,0,0,0,0,0,0,0,0,16
90,276,9,135,58,0,0,0,0,0,0,0,0,0,15
91,296,9,135,58,0,0,0,0,0,0,0,0,0,15
92,364,9,144,58,0,0,0,0,0,0,0,0,0,16
93,60,9,135,58,0,0,0,0,0,0,0,0,0,15
94,84,9,135,58,0,0,0,0,0,0,0,0,0,15
95,64,9,135,58,0,0,0,0,0,0,0,0,0,15
96,176,9,153,58,0,0,0,0,0,0,0,0,0,17
97,160,9,162,58,0,0,0,0,0,0,0,0,0,18
98,68,9,135,58,0,0,0,0,0,0,0,0,0,15
99,84,9,126,58,0,0,0,0,0,0,0,0,0,14
100,140,9,135,58,0,0,0,0,0,0,0,0,0,15
101,112,9,117,58,0,0,0,0,0,0,0,0,0,13
102,156,9,117,60,0,0,0,0,0,0,0,0,0,13
103,76,9,108,61,0,0,0,0,0,0,0,0,0,12
104,164,9,117,61,0,0,0,0,0,0,0,0,0,13
105,104,9,117,61,0,0,0,0,0,0,0,0,0,13
106,40,9,108,61,0,0,0,0,0,0,0,0,0,12
107,124,9,108,61,0,0,0,0,0,0,0,0,0,12
108,168,9,99,61,0,0,0,0,0,0,0,0,0,11
109,76,9,90,62,0,0,0,0,0,0,0,0,0,10
110,168,9,108,62,0,0,0,0,0,0,0,0,0,12
111,148,9,117,62,0,0,0,0,0,0,0,0,0,13
112,76,9,99,63,0,0,0,0,0,0,0,0,0,11
113,164,9,108,63,0,0,0,0,0,0,0,0,0,12
114,188,9,99,63,0,0,0,0,0,0,0,0,0,11
115,216,9,108,64,0,0,0,0,0,0,0,0,0,12
116,212,9,108,64,0,0,0,0,0,0,0,0,0,12
117,156,9,108,64,0,0,0,0,0,0,0,0,0,12
118,140,9,117,65,0,0,0,0,0,0,0,0,0,13
119,200,9,117,65,0,0,0,0,0,0,0,0,0,13
120,288,9,117,67,0,0,0,0,0,0,0,0,0,13
121,188,9,108,67,0,0,0,0,0,0,0,0,0,12
122,172,9,99,68,0,0,0,0,0,0,0,0,0,11
123,80,9,90,68,0,0,0,0,0,0,0,0,0,10
124,104,9,99,68,0,0,0,0,0,0,0,0,0,11
125,280,9,117,68,0,0,0,0,0,0,0,0,0,13
126,376,9,135,68,0,0,0,0,0,0,0,0,0,15
127,280,9,153,68,0,0,0,0,0,0,0,0,0,17
128,268,9,153,69,0,0,0,0,0,0,0,0,0,17
129,292,9,153,71,0,0,0,0,0,0,0,0,0,17
130,232,9,144,71,0,0,0,0,0,0,0,0,0,16
131,212,9,144,72,0,0,0,0,0,0,0,0,0,16
132,292,9,135,72,0,0,0,0,0,0,0,0,0,15
133,232,9,135,72,0,0,0,0,0,0,0,0,0,15
134,368,9,135,72,0,0,0,0,0,0,0,0,0,15
135,376,9,153,72,0,0,0,0,0,0,0,0,0,17
136,340,9,153,74,0,0,0,0,0,0,0,0,0,17
137,240,9,162,75,0,0,0,0,0,0,0,0,0,18
138,368,9,162,75,0,0,0,0,0,0,0,0,0,18
139,380,9,135,75,0,0,0,0,0,0,0,0,0,15
140,388,9,135,77,0,0,0,0,0,0,0,0,0,15
141,344,9,144,79,0,0,0,0,0,0,0,0,0,16
142,464,9,153,79,0,0,0,0,0,0,0,0,0,17
143,460,9,135,80,0,0,0,0,0,0,0,0,0,15
144,452,9,144,82,0,0,0,0,0,0,0,0,0,16
145,508,9,153,84,0,0,0,0,0,0,0,0,0,17
146,632,9,171,85,0,0,0,0,0,0,0,0,0,19
147,468,9,171,89,0,0,0,0,0,0,0,0,0,19
148,384,9,198,90,0,0,0,0,0,0,0,0,0,22
149,524,9,216,92,0,0,0,0,0,0,0,0,0,24
150,536,9,243,92,0,0,0,0,0,0,0,0,0,27
151,416,9,207,93,0,0,0,0,0,0,0,0,0,23
152,332,9,207,94,0,0,0,0,0,0,0,0,0,23
153,552,9,216,94,0,0,0,0,0,0,0,0,0,24
154,524,9,243,94,0,0,0,0,0,0,0,0,0,27
155,404,9,243,95,0,0,0,0,0,0,0,0,0,27
156,596,9,261,95,0,0,0,0,0,0,0,0,0,29
157,628,9,270,95,0,0,0,0,0,0,0,0,0,30
158,532,9,252,95,0,0,0,0,0,0,0,0,0,28
159,428,9,261,95,0,0,0,0,0,0,0,0,0,29
160,692,9,252,97,0,0,0,0,0,0,0,0,0,28
161,424,9,234,97,0,0,0,0,0,0,0,0,0,26
162,496,9,261,98,0,0,0,0,0,0,0,0,0,29
163,672,9,270,98,0,0,0,0,0,0,0,0,0,30
164,784,9,270,98,0,0,0,0,0,0,0,0,0,30
165,632,9,279,99,0,0,0,0,0,0,0,0,0,31
166,532,9,270,99,0,0,0,0,0,0,0,0,0,30
167,728,9,270,99,0,0,0,0,0,0,0,0,0,30
168,780,9,270,99,0,0,0,0,0,0,0,0,0,30
169,892,9,261,99,0,0,0,0,0,0,0,0,0,29
170,844,9,252,99,0,0,0,0,0,0,0,0,0,28
171,980,9,261,99,0,0,0,0,0,0,0,0,0,29
172,960,9,279,99,0,0,0,0,0,0,0,0,0,31
173,944,9,288,99,0,0,0,0,0,0,0,0,0,32
174,1112,9,315,99,0,0,0,0,0,0,0,0,0,35
175,1096,9,297,100,0,0,0,0,0,0,0,0,0,33
176,1212,9,288,100,0,0,0,0,0,0,0,0,0,32
177,1304,9,306,100,0,0,0,0,0,0,0,0,0,34
178,792,9,288,100,0,0,0,0,0,0,0,0,0,32
179,676,9,279,100,0,0,0,0,0,0,0,0,0,31
180,596,9,270,100,0,0,0,0,0,0,0,0,0,30
181,632,9,288,100,0,0,0,0,0,0,0,0,0,32
182,624,9,324,100,0,0,0,0,0,0,0,0,0,36
183,1060,9,324,100,0,0,0,0,0,0,0,0,0,36
184,848,9,306,100,0,0,0,0,0,0,0,0,0,34
185,908,9,315,100,0,0,0,0,0,0,0,0,0,35
186,992,9,342,100,0,0,0,0,0,0,0,0,0,38
187,708,9,324,100,0,0,0,0,0,0,0,0,0,36
188,864,9,351,100,0,0,0,0,0,0,0,0,0,39
189,1056,9,387,100,0,0,0,0,0,0,0,0,0,43
190,1048,9,378,100,0,0,0,0,0,0,0,0,0,42
191,808,9,333,100,0,0,0,0,0,0,0,0,0,37
192,972,9,360,100,0,0,0,0,0,0,0,0,0,40
193,1136,9,378,100,0,0,0,0,0,0,0,0,0,42
194,1128,9,351,100,0,0,0,0,0,0,0,0,0,39
195,1084,9,324,100,0,0,0,0,0,0,0,0,0,36
196,1000,9,351,100,0,0,0,0,0,0,0,0,0,39
197,1028,9,351,100,0,0,0,0,0,0,0,0,0,39
198,992,9,378,100,0,0,0,0,0,0,0,0,0,42
199,1192,9,423,100,0,0,0,0,0,0,0,0,0,47
200,1008,9,396,100,0,0,0,0,0,0,0,0,0,44
201,1032,9,423,100,0,0,0,0,0,0,0,0,0,47
202,1032,9,414,100,0,0,0,0,0,0,0,0,0,46
203,928,9,396,100,0,0,0,0,0,0,0,0,0,44
204,976,9,360,100,0,0,0,0,0,0,0,0,0,40
205,1004,9,351,100,0,0,0,0,0,0,0,0,0,39
206,872,9,342,100,0,0,0,0,0,0,0,0,0,38
207,872,9,369,100,0,0,0,0,0,0,0,0,0,41
208,1264,9,396,100,0,0,0,0,0,0,0,0,0,44
209,1116,9,360,100,0,0,0,0,0,0,0,0,0,40
210,1088,9,342,100,0,0,0,0,0,0,0,0,0,38
211,1048,9,351,100,0,0,0,0,0,0,0,0,0,39
212,1352,9,360,100,0,0,0,0,0,0,0,0,0,40
213,1032,9,324,100,0,0,0,0,0,0,0,0,0,36
214,1108,9,324,100,0,0,0,0,0,0,0,0,0,36
215,1424,9,342,100,0,0,0,0,0,0,0,0,0,38
216,1412,9,360,100,0,0,0,0,0,0,0,0,0,40
217,1436,9,396,100,0,0,0,0,0,0,0,0,0,44
218,1352,9,378,100,0,0,0,0,0,0,0,0,0,42
219,1248,9,351,100,0,0,0,0,0,0,0,0,0,39
220,1328,9,360,100,0,0,0,0,0,0,0,0,0,40
221,1296,9,360,100,0,0,0,0,0,0,0,0,0,40
222,1128,9,387,100,0,0,0,0,0,0,0,0,0,43
223,1396,9,432,100,0,0,0,0,0,0,0,0,0,48
224,1484,9,441,100,0,0,0,0,0,0,0,0,0,49
225,1244,9,423,100,0,0,0,0,0,0,0,0,0,47
226,1300,9,405,100,0,0,0,0,0,0,0,0,0,45
227,1436,9,441,100,0,0,0,0,0,0,0,0,0,49
228,1392,9,405,100,0,0,0,0,0,0,0,0,0,45
229,1140,9,405,100,0,0,0,0,0,0,0,0,0,45
230,1500,9,432,100,0,0,0,0,0,0,0,0,0,48
231,1888,9,450,100,0,0,0,0,0,0,0,0,0,50
232,1476,9,459,100,0,0,0,0,0,0,0,0,0,51
233,1932,9,441,100,0,0,0,0,0,0,0,0,0,49
234,1964,9,459,100,0,0,0,0,0,0,0,0,0,51
235,1792,9,450,100,0,0,0,0,0,0,0,0,0,50
236,1748,9,459,100,0,0,0,0,0,0,0,0,0,51
237,1232,9,405,100,0,0,0,0,0,0,0,0,0,45
238,1404,9,405,100,0,0,0,0,0,0,0,0,0,45
239,1544,9,432,100,0,0,0,0,0,0,0,0,0,48
240,1644,9,441,100,0,0,0,0,0,0,0,0,0,49
241,1604,9,441,100,0,0,0,0,0,0,0,0,0,49
242,1812,9,450,100,0,0,0,0,0,0,0,0,0,50
243,1176,9,396,100,0,0,0,0,0,0,0,0,0,44
244,1472,9,441,100,0,0,0,0,0,0,0,0,0,49
245,1484,9,432,100,0,0,0,0,0,0,0,0,0,48
246,1360,9,414,100,0,0,0,0,0,0,0,0,0,46
247,1564,9,432,100,0,0,0,0,0,0,0,0,0,48
248,1780,9,441,100,0,0,0,0,0,0,0,0,0,49
249,1624,9,396,100,0,0,0,0,0,0,0,0,0,44
250,1460,9,387,100,0,0,0,0,0,0,0,0,0,43
251,1308,9,441,100,0,0,0,0,0,0,0,0,0,49
252,1380,9,432,100,0,0,0,0,0,0,0,0,0,48
253,1952,9,423,100,0,0,0,0,0,0,0,0,0,47
254,2096,9,387,100,0,0,0,0,0,0,0,0,0,43
255,1908,9,378,100,0,0,0,0,0,0,0,0,0,42
256,2112,9,396,100,0,0,0,0,0,0,0,0,0,44
257,2292,9,414,100,0,0,0,0,0,0,0,0,0,46
258,2892,9,423,100,0,0,0,0,0,0,0,0,0,47
259,3004,9,450,100,0,0,0,0,0,0,0,0,0,50
260,3564,9,441,100,0,0,0,0,0,0,0,0,0,49
261,2804,9,441,100,0,0,0,0,0,0,0,0,0,49
262,3056,9,423,100,0,0,0,0,0,0,0,0,0,47
263,3024,9,405,100,0,0,0,0,0,0,0,0,0,45
264,2272,9,486,100,0,0,0,0,0,0,0,0,0,54
265,2272,9,441,100,0,0,0,0,0,0,0,0,0,49
266,2676,9,432,100,0,0,0,0,0,0,0,0,0,48
267,2492,9,432,100,0,0,0,0,0,0,0,0,0,48
268,1608,9,441,100,0,0,0,0,0,0,0,0,0,49
269,1496,9,441,100,0,0,0,0,0,0,0,0,0,49
270,1388,9,423,100,0,0,0,0,0,0,0,0,0,47
271,1576,9,414,100,0,0,0,0,0,0,0,0,0,46
272,1544,9,450,100,0,0,0,0,0,0,0,0,0,50
273,1676,9,441,100,0,0,0,0,0,0,0,0,0,49
274,1412,9,432,100,0,0,0,0,0,0,0,0,0,48
275,1688,9,432,100,0,0,0,0,0,0,0,0,0,48
276,1988,9,432,100,0,0,0,0,0,0,0,0,0,48
277,2268,9,450,100,0,0,0,0,0,0,0,0,0,50
278,1732,9,432,100,0,0,0,0,0,0,0,0,0,48
279,1620,9,450,100,0,0,0,0,0,0,0,0,0,50
280,1552,9,432,100,0,0,0,0,0,0,0,0,0,48
281,1556,9,459,100,0,0,0,0,0,0,0,0,0,51
282,1468,9,423,100,0,0,0,0,0,0,0,0,0,47
283,1668,9,468,100,0,0,0,0,0,0,0,0,0,52
284,1716,9,495,100,0,0,0,0,0,0,0,0,0,55
285,1388,9,423,100,0,0,0,0,0,0,0,0,0,47
286,1320,9,423,100,0,0,0,0,0,0,0,0,0,47
287,1348,9,432,100,0,0,0,0,0,0,0,0,0,48
288,1536,9,450,100,0,0,0,0,0,0,0,0,0,50
289,1508,9,450,100,0,0,0,0,0,0,0,0,0,50
290,1404,9,441,100,0,0,0,0,0,0,0,0,0,49
291,1744,9,459,100,0,0,0,0,0,0,0,0,0,51
292,1412,9,450,100,0,0,0,0,0,0,0,0,0,50
293,1348,9,387,100,0,0,0,0,0,0,0,0,0,43
294,1748,9,432,100,0,0,0,0,0,0,0,0,0,48
295,1288,9,423,100,0,0,0,0,0,0,0,0,0,47
296,1168,9,423,100,0,0,0,0,0,0,0,0,0,47
297,1300,9,441,100,0,0,0,0,0,0,0,0,0,49
298,1260,9,450,100,0,0,0,0,0,0,0,0,0,50
299,1060,9,441,100,0,0,0,0,0,0,0,0,0,49
300,1404,9,495,100,0,0,0,0,0,0,0,0,0,55
301,1620,9,468,100,0,0,0,0,0,0,0,0,0,52
302,1588,9,459,100,0,0,0,0,0,0,0,0,0,51
303,1320,9,459,100,0,0,0,0,0,0,0,0,0,51
304,1784,9,504,100,0,0,0,0,0,0,0,0,0,56
305,1828,9,450,100,0,0,0,0,0,0,0,0,0,50
306,2092,9,423,100,0,0,0,0,0,0,0,0,0,47
307,1940,9,432,100,0,0,0,0,0,0,0,0,0,48
308,2196,9,450,100,0,0,0,0,0,0,0,0,0,50
309,1936,9,432,100,0,0,0,0,0,0,0,0,0,48
310,2248,9,414,100,0,0,0,0,0,0,0,0,0,46
311,2172,9,396,100,0,0,0,0,0,0,0,0,0,44
312,2020,9,414,100,0,0,0,0,0,0,0,0,0,46
313,1968,9,459,100,0,0,0,0,0,0,0,0,0,51
314,1772,9,441,100,0,0,0,0,0,0,0,0,0,49
315,1340,9,414,100,0,0,0,0,0,0,0,0,0,46
316,1344,9,450,100,0,0,0,0,0,0,0,0,0,50
317,1296,9,450,100,0,0,0,0,0,0,0,0,0,50
318,1204,9,450,100,0,0,0,0,0,0,0,0,0,50
319,1180,9,459,100,0,0,0,0,0,0,0,0,0,51
320,1536,9,504,100,0,0,0,0,0,0,0,0,0,56
321,1176,9,468,100,0,0,0,0,0,0,0,0,0,52
322,1128,9,441,100,0,0,0,0,0,0,0,0,0,49
323,1280,9,441,100,0,0,0,0,0,0,0,0,0,49
324,1236,9,486,100,0,0,0,0,0,0,0,0,0,54
325,1488,9,504,100,0,0,0,0,0,0,0,0,0,56
326,1540,9,504,100,0,0,0,0,0,0,0,0,0,56
327,1388,9,495,100,0,0,0,0,0,0,0,0,0,55
328,1312,9,477,100,0,0,0,0,0,0,0,0,0,53
329,1388,9,513,100,0,0,0,0,0,0,0,0,0,57
330,1384,9,477,100,0,0,0,0,0,0,0,0,0,53
331,1392,9,450,100,0,0,0,0,0,0,0,0,0,50
332,1308,9,423,100,0,0,0,0,0,0,0,0,0,47
333,1328,9,414,100,0,0,0,0,0,0,0,0,0,46
334,1524,9,468,100,0,0,0,0,0,0,0,0,0,52
335,1228,9,450,100,0,0,0,0,0,0,0,0,0,50
336,1392,9,477,100,0,0,0,0,0,0,0,0,0,53
337,1528,9,495,100,0,0,0,0,0,0,0,0,0,55
338,1172,9,450,100,0,0,0,0,0,0,0,0,0,50
339,1508,9,486,100,0,0,0,0,0,0,0,0,0,54
340,1420,9,513,100,0,0,0,0,0,0,0,0,0,57
341,1280,9,423,100,0,0,0,0,0,0,0,0,0,47
342,1200,9,441,100,0,0,0,0,0,0,0,0,0,49
343,1168,9,423,100,0,0,0,0,0,0,0,0,0,47
344,900,9,414,100,0,0,0,0,0,0,0,0,0,46
345,1368,9,423,100,0,0,0,0,0,0,0,0,0,47
346,1440,9,405,100,0,0,0,0,0,0,0,0,0,45
347,1668,9,459,100,0,0,0,0,0,0,0,0,0,51
348,1468,9,414,100,0,0,0,0,0,0,0,0,0,46
349,1828,9,468,100,0,0,0,0,0,0,0,0,0,52
350,1400,9,432,100,0,0,0,0,0,0,0,0,0,48
351,1256,9,387,100,0,0,0,0,0,0,0,0,0,43
352,1448,9,387,100,0,0,0,0,0,0,0,0,0,43
353,1728,9,423,100,0,0,0,0,0,0,0,0,0,47
354,1800,9,450,100,0,0,0,0,0,0,0,0,0,50
355,1624,9,441,100,0,0,0,0,0,0,0,0,0,49
356,1540,9,432,100,0,0,0,0,0,0,0,0,0,48
357,1808,9,450,100,0,0,0,0,0,0,0,0,0,50
358,1524,9,414,100,0,0,0,0,0,0,0,0,0,46
359,1608,9,486,100,0,0,0,0,0,0,0,0,0,54
360,1544,9,486,100,0,0,0,0,0,0,0,0,0,54
361,1432,9,432,100,0,0,0,0,0,0,0,0,0,48
362,1572,9,486,100,0,0,0,0,0,0,0,0,0,54
363,1400,9,432,100,0,0,0,0,0,0,0,0,0,48
364,1364,9,441,100,0,0,0,0,0,0,0,0,0,49
365,1268,9,450,100,0,0,0,0,0,0,0,0,0,50
366,1480,9,495,100,0,0,0,0,0,0,0,0,0,55
367,1304,9,468,100,0,0,0,0,0,0,0,0,0,52
368,1332,9,459,100,0,0,0,0,0,0,0,0,0,51
369,1468,9,477,100,0,0,0,0,0,0,0,0,0,53
370,1432,9,495,100,0,0,0,0,0,0,0,0,0,55
371,1264,9,459,100,0,0,0,0,0,0,0,0,0,51
372,1428,9,468,100,0,0,0,0,0,0,0,0,0,52
373,1240,9,450,100,0,0,0,0,0,0,0,0,0,50
374,1312,9,468,100,0,0,0,0,0,0,0,0,0,52
375,1216,9,468,100,0,0,0,0,0,0,0,0,0,52
376,1256,9,486,100,0,0,0,0,0,0,0,0,0,54
377,1100,9,459,100,0,0,0,0,0,0,0,0,0,51
378,1240,9,468,100,0,0,0,0,0,0,0,0,0,52
379,1192,9,450,100,0,0,0,0,0,0,0,0,0,50
380,1392,9,495,100,0,0,0,0,0,0,0,0,0,55
381,1420,9,432,100,0,0,0,0,0,0,0,0,0,48
382,1316,9,441,100,0,0,0,0,0,0,0,0,0,49
383,1172,9,414,100,0,0,0,0,0,0,0,0,0,46
384,1128,9,423,100,0,0,0,0,0,0,0,0,0,47
385,1304,9,414,100,0,0,0,0,0,0,0,0,0,46
386,1296,9,423,100,0,0,0,0,0,0,0,0,0,47
387,1368,9,387,100,0,0,0,0,0,0,0,0,0,43
388,1340,9,414,100,0,0,0,0,0,0,0,0,0,46
389,1504,9,477,100,0,0,0,0,0,0,0,0,0,53
390,1360,9,423,100,0,0,0,0,0,0,0,0,0,47
391,1404,9,441,100,0,0,0,0,0,0,0,0,0,49
392,1452,9,414,100,0,0,0,0,0,0,0,0,0,46
393,1492,9,405,100,0,0,0,0,0,0,0,0,0,45
394,1568,9,432,100,0,0,0,0,0,0,0,0,0,48
395,1608,9,432,100,0,0,0,0,0,0,0,0,0,48
396,1864,9,459,100,0,0,0,0,0,0,0,0,0,51
397,1460,9,450,100,0,0,0,0,0,0,0,0,0,50
398,1532,9,432,100,0,0,0,0,0,0,0,0,0,48
399,1560,9,441,100,0,0,0,0,0,0,0,0,0,49
400,1360,9,441,100,0,0,0,0,0,0,0,0,0,49
401,1584,9,450,100,0,0,0,0,0,0,0,0,0,50
402,1464,9,459,100,0,0,0,0,0,0,0,0,0,51
403,1660,9,441,100,0,0,0,0,0,0,0,0,0,49
404,1244,9,414,100,0,0,0,0,0,0,0,0,0,46
405,1400,9,414,100,0,0,0,0,0,0,0,0,0,46
406,1516,9,441,100,0,0,0,0,0,0,0,0,0,49
407,1300,9,414,100,0,0,0,0,0,0,0,0,0,46
408,1240,9,414,100,0,0,0,0,0,0,0,0,0,46
409,1512,9,423,100,0,0,0,0,0,0,0,0,0,47
410,1528,9,387,100,0,0,0,0,0,0,0,0,0,43
411,1376,9,405,100,0,0,0,0,0,0,0,0,0,45
412,1768,9,432,100,0,0,0,0,0,0,0,0,0,48
413,1308,9,423,100,0,0,0,0,0,0,0,0,0,47
414,1192,9,432,100,0,0,0,0,0,0,0,0,0,48
415,1148,9,468,100,0,0,0,0,0,0,0,0,0,52
416,1244,9,468,100,0,0,0,0,0,0,0,0,0,52
417,1340,9,468,100,0,0,0,0,0,0,0,0,0,52
418,1436,9,468,100,0,0,0,0,0,0,0,0,0,52
419,1012,9,441,100,0,0,0,0,0,0,0,0,0,49
420,1364,9,450,100,0,0,0,0,0,0,0,0,0,50
421,1108,9,396,100,0,0,0,0,0,0,0,0,0,44
422,1108,9,378,100,0,0,0,0,0,0,0,0,0,42
423,1104,9,405,100,0,0,0,0,0,0,0,0,0,45
424,1164,9,396,100,0,0,0,0,0,0,0,0,0,44
425,1188,9,432,100,0,0,0,0,0,0,0,0,0,48
426,1324,9,423,100,0,0,0,0,0,0,0,0,0,47
427,1468,9,459,100,0,0,0,0,0,0,0,0,0,51
428,1392,9,405,100,0,0,0,0,0,0,0,0,0,45
429,1300,9,387,100,0,0,0,0,0,0,0,0,0,43
430,1264,9,414,100,0,0,0,0,0,0,0,0,0,46
431,1316,9,450,100,0,0,0,0,0,0,0,0,0,50
432,1300,9,441,100,0,0,0,0,0,0,0,0,0,49
433,1260,9,450,100,0,0,0,0,0,0,0,0,0,50
434,1300,9,432,100,0,0,0,0,0,0,0,0,0,48
435,1200,9,441,100,0,0,0,0,0,0,0,0,0,49
436,1284,9,450,100,0,0,0,0,0,0,0,0,0,50
437,1196,9,423,100,0,0,0,0,0,0,0,0,0,47
438,1272,9,423,100,0,0,0,0,0,0,0,0,0,47
439,1192,9,396,100,0,0,0,0,0,0,0,0,0,44
440,1180,9,405,100,0,0,0,0,0,0,0,0,0,45
441,1208,9,432,100,0,0,0,0,0,0,0,0,0,48
442,1400,9,423,100,0,0,0,0,0,0,0,0,0,47
443,1276,9,414,100,0,0,0,0,0,0,0,0,0,46
444,1212,9,441,100,0,0,0,0,0,0,0,0,0,49
445,1068,9,405,100,0,0,0,0,0,0,0,0,0,45
446,1288,9,423,100,0,0,0,0,0,0,0,0,0,47
447,1376,9,441,100,0,0,0,0,0,0,0,0,0,49
448,1432,9,396,100,0,0,0,0,0,0,0,0,0,44
449,1768,9,432,100,0,0,0,0,0,0,0,0,0,48
450,1592,9,432,100,0,0,0,0,0,0,0,0,0,48
451,1608,9,414,100,0,0,0,0,0,0,0,0,0,46
452,1636,9,396,100,0,0,0,0,0,0,0,0,0,44
453,1796,9,396,100,0,0,0,0,0,0,0,0,0,44
454,1592,9,414,100,0,0,0,0,0,0,0,0,0,46
455,1540,9,387,100,0,0,0,0,0,0,0,0,0,43
456,1612,9,432,100,0,0,0,0,0,0,0,0,0,48
457,1280,9,432,100,0,0,0,0,0,0,0,0,0,48
458,1576,9,450,100,0,0,0,0,0,0,0,0,0,50
459,1388,9,468,100,0,0,0,0,0,0,0,0,0,52
460,1148,9,441,100,0,0,0,0,0,0,0,0,0,49
461,1260,9,441,100,0,0,0,0,0,0,0,0,0,49
462,1540,9,423,100,0,0,0,0,0,0,0,0,0,47
463,1728,9,459,100,0,0,0,0,0,0,0,0,0,51
464,1264,9,423,100,0,0,0,0,0,0,0,0,0,47
465,1432,9,441,100,0,0,0,0,0,0,0,0,0,49
466,1540,9,459,100,0,0,0,0,0,0,0,0,0,51
467,1488,9,432,100,0,0,0,0,0,0,0,0,0,48
468,1392,9,441,100,0,0,0,0,0,0,0,0,0,49
469,1372,9,459,100,0,0,0,0,0,0,0,0,0,51
470,1436,9,441,100,0,0,0,0,0,0,0,0,0,49
471,1664,9,423,100,0,0,0,0,0,0,0,0,0,47
472,1752,9,477,100,0,0,0,0,0,0,0,0,0,53
473,1488,9,423,100,0,0,0,0,0,0,0,0,0,47
474,1952,9,504,100,0,0,0,0,0,0,0,0,0,56
475,1752,9,459,100,0,0,0,0,0,0,0,0,0,51
476,1864,9,441,100,0,0,0,0,0,0,0,0,0,49
477,1492,9,414,100,0,0,0,0,0,0,0,0,0,46
478,2156,9,441,100,0,0,0,0,0,0,0,0,0,49
479,2112,9,450,100,0,0,0,0,0,0,0,0,0,50
480,2420,9,405,100,0,0,0,0,0,0,0,0,0,45
481,2040,9,432,100,0,0,0,0,0,0,0,0,0,48
482,2752,9,459,100,0,0,0,0,0,0,0,0,0,51
483,2572,9,486,100,0,0,0,0,0,0,0,0,0,54
484,2088,9,477,100,0,0,0,0,0,0,0,0,0,53
485,1632,9,450,100,0,0,0,0,0,0,0,0,0,50
486,1772,9,432,100,0,0,0,0,0,0,0,0,0,48
487,1764,9,441,100,0,0,0,0,0,0,0,0,0,49
488,1800,9,468,100,0,0,0,0,0,0,0,0,0,52
489,1968,9,477,100,0,0,0,0,0,0,0,0,0,53
490,1684,9,486,100,0,0,0,0,0,0,0,0,0,54
491,1384,9,441,100,0,0,0,0,0,0,0,0,0,49
492,1412,9,432,100,0,0,0,0,0,0,0,0,0,48
493,1440,9,450,100,0,0,0,0,0,0,0,0,0,50
494,1340,9,396,100,0,0,0,0,0,0,0,0,0,44
495,1252,9,396,100,0,0,0,0,0,0,0,0,0,44
496,1544,9,423,100,0,0,0,0,0,0,0,0,0,47
497,1496,9,414,100,0,0,0,0,0,0,0,0,0,46
498,1572,9,414,100,0,0,0,0,0,0,0,0,0,46
499,2012,9,495,100,0,0,0,0,0,0,0,0,0,55
500,1624,9,423,100,0,0,0,0,0,0,0,0,0,47
501,1708,9,441,100,0,0,0,0,0,0,0,0,0,49
502,1616,9,432,100,0,0,0,0,0,0,0,0,0,48
503,1768,9,441,100,0,0,0,0,0,0,0,0,0,49
504,2188,9,495,100,0,0,0,0,0,0,0,0,0,55
505,1800,9,459,100,0,0,0,0,0,0,0,0,0,51
506,1368,9,441,100,0,0,0,0,0,0,0,0,0,49
507,1524,9,441,100,0,0,0,0,0,0,0,0,0,49
508,1928,9,423,100,0,0,0,0,0,0,0,0,0,47
509,1992,9,459,100,0,0,0,0,0,0,0,0,0,51
510,2424,9,450,100,0,0,0,0,0,0,0,0,0,50
511,2572,9,468,100,0,0,0,0,0,0,0,0,0,52
512,2800,9,495,100,0,0,0,0,0,0,0,0,0,55
513,2484,9,432,100,0,0,0,0,0,0,0,0,0,48
514,1808,9,396,100,0,0,0,0,0,0,0,0,0,44
515,2228,9,450,100,0,0,0,0,0,0,0,0,0,50
516,2596,9,441,100,0,0,0,0,0,0,0,0,0,49
517,2784,9,477,100,0,0,0,0,0,0,0,0,0,53
518,1864,9,405,100,0,0,0,0,0,0,0,0,0,45
519,1776,9,414,100,0,0,0,0,0,0,0,0,0,46
520,1856,9,405,100,0,0,0,0,0,0,0,0,0,45
521,1852,9,423,100,0,0,0,0,0,0,0,0,0,47
522,1520,9,414,100,0,0,0,0,0,0,0,0,0,46
523,1444,9,432,100,0,0,0,0,0,0,0,0,0,48
524,1140,9,432,100,0,0,0,0,0,0,0,0,0,48
525,1408,9,432,100,0,0,0,0,0,0,0,0,0,48
526,1292,9,423,100,0,0,0,0,0,0,0,0,0,47
527,1068,9,423,100,0,0,0,0,0,0,0,0,0,47
528,1148,9,432,100,0,0,0,0,0,0,0,0,0,48
529,1312,9,414,100,0,0,0,0,0,0,0,0,0,46
530,1524,9,405,100,0,0,0,0,0,0,0,0,0,45
531,1568,9,414,100,0,0,0,0,0,0,0,0,0,46
532,1260,9,396,100,0,0,0,0,0,0,0,0,0,44
533,1364,9,414,100,0,0,0,0,0,0,0,0,0,46
534,1040,9,405,100,0,0,0,0,0,0,0,0,0,45
535,1272,9,450,100,0,0,0,0,0,0,0,0,0,50
536,1428,9,450,100,0,0,0,0,0,0,0,0,0,50
537,1244,9,468,100,0,0,0,0,0,0,0,0,0,52
538,1216,9,468,100,0,0,0,0,0,0,0,0,0,52
539,1464,9,459,100,0,0,0,0,0,0,0,0,0,51
540,1424,9,477,100,0,0,0,0,0,0,0,0,0,53
541,1296,9,468,100,0,0,0,0,0,0,0,0,0,52
542,1232,9,405,100,0,0,0,0,0,0,0,0,0,45
543,1400,9,405,100,0,0,0,0,0,0,0,0,0,45
544,1088,9,396,100,0,0,0,0,0,0,0,0,0,44
545,1440,9,441,100,0,0,0,0,0,0,0,0,0,49
546,1408,9,441,100,0,0,0,0,0,0,0,0,0,49
547,1264,9,459,100,0,0,0,0,0,0,0,0,0,51
548,1392,9,468,100,0,0,0,0,0,0,0,0,0,52
549,1348,9,432,100,0,0,0,0,0,0,0,0,0,48
550,1380,9,432,100,0,0,0,0,0,0,0,0,0,48
551,1460,9,432,100,0,0,0,0,0,0,0,0,0,48
552,1620,9,441,100,0,0,0,0,0,0,0,0,0,49
553,1408,9,414,100,0,0,0,0,0,0,0,0,0,46
554,1388,9,450,100,0,0,0,0,0,0,0,0,0,50
555,1376,9,432,100,0,0,0,0,0,0,0,0,0,48
556,1068,9,423,100,0,0,0,0,0,0,0,0,0,47
557,1248,9,450,100,0,0,0,0,0,0,0,0,0,50
558,1464,9,432,100,0,0,0,0,0,0,0,0,0,48
559,1224,9,441,100,0,0,0,0,0,0,0,0,0,49
560,1068,9,405,100,0,0,0,0,0,0,0,0,0,45
561,1176,9,414,100,0,0,0,0,0,0,0,0,0,46
562,1196,9,423,100,0,0,0,0,0,0,0,0,0,47
563,1044,9,414,100,0,0,0,0,0,0,0,0,0,46
564,1200,9,432,100,0,0,0,0,0,0,0,0,0,48
565,1440,9,450,100,0,0,0,0,0,0,0,0,0,50
566,1232,9,432,100,0,0,0,0,0,0,0,0,0,48
567,1180,9,432,100,0,0,0,0,0,0,0,0,0,48
568,1356,9,468,100,0,0,0,0,0,0,0,0,0,52
569,1184,9,414,100,0,0,0,0,0,0,0,0,0,46
570,1404,9,441,100,0,0,0,0,0,0,0,0,0,49
571,1476,9,441,100,0,0,0,0,0,0,0,0,0,49
572,1628,9,423,100,0,0,0,0,0,0,0,0,0,47
573,1464,9,432,100,0,0,0,0,0,0,0,0,0,48
574,1452,9,414,100,0,0,0,0,0,0,0,0,0,46
575,1652,9,450,100,0,0,0,0,0,0,0,0,0,50
576,1424,9,477,100,0,0,0,0,0,0,0,0,0,53
577,1428,9,513,100,0,0,0,0,0,0,0,0,0,57
578,1268,9,441,100,0,0,0,0,0,0,0,0,0,49
579,1512,9,495,100,0,0,0,0,0,0,0,0,0,55
580,1432,9,441,100,0,0,0,0,0,0,0,0,0,49
581,1380,9,423,100,0,0,0,0,0,0,0,0,0,47
582,1436,9,387,100,0,0,0,0,0,0,0,0,0,43
583,1360,9,414,100,0,0,0,0,0,0,0,0,0,46
584,1508,9,459,100,0,0,0,0,0,0,0,0,0,51
585,1552,9,468,100,0,0,0,0,0,0,0,0,0,52
586,1316,9,459,100,0,0,0,0,0,0,0,0,0,51
587,1076,9,378,100,0,0,0,0,0,0,0,0,0,42
588,1120,9,423,100,0,0,0,0,0,0,0,0,0,47
589,1344,9,450,100,0,0,0,0,0,0,0,0,0,50
590,1272,9,450,100,0,0,0,0,0,0,0,0,0,50
591,1460,9,468,100,0,0,0,0,0,0,0,0,0,52
592,1336,9,441,100,0,0,0,0,0,0,0,0,0,49
593,1348,9,414,100,0,0,0,0,0,0,0,0,0,46
594,1380,9,441,100,0,0,0,0,0,0,0,0,0,49
595,1432,9,468,100,0,0,0,0,0,0,0,0,0,52
596,1344,9,432,100,0,0,0,0,0,0,0,0,0,48
597,1280,9,459,100,0,0,0,0,0,0,0,0,0,51
598,1232,9,450,100,0,0,0,0,0,0,0,0,0,50
599,1252,9,432,100,0,0,0,0,0,0,0,0,0,48
600,1260,9,396,100,0,0,0,0,0,0,0,0,0,44
601,1536,9,405,100,0,0,0,0,0,0,0,0,0,45
602,1540,9,441,100,0,0,0,0,0,0,0,0,0,49
603,1388,9,459,100,0,0,0,0,0,0,0,0,0,51
604,1488,9,459,100,0,0,0,0,0,0,0,0,0,51
605,1556,9,504,100,0,0,0,0,0,0,0,0,0,56
606,1376,9,486,100,0,0,0,0,0,0,0,0,0,54
607,1296,9,459,100,0,0,0,0,0,0,0,0,0,51
608,1032,9,405,100,0,0,0,0,0,0,0,0,0,45
609,1368,9,450,100,0,0,0,0,0,0,0,0,0,50
610,1168,9,423,100,0,0,0,0,0,0,0,0,0,47
611,1680,9,477,100,0,0,0,0,0,0,0,0,0,53
612,1536,9,441,100,0,0,0,0,0,0,0,0,0,49
613,1420,9,477,100,0,0,0,0,0,0,0,0,0,53
614,1592,9,468,100,0,0,0,0,0,0,0,0,0,52
615,1744,9,468,100,0,0,0,0,0,0,0,0,0,52
616,1400,9,405,100,0,0,0,0,0,0,0,0,0,45
617,1428,9,441,100,0,0,0,0,0,0,0,0,0,49
618,1536,9,414,100,0,0,0,0,0,0,0,0,0,46
619,1716,9,414,100,0,0,0,0,0,0,0,0,0,46
620,1468,9,414,100,0,0,0,0,0,0,0,0,0,46
621,1684,9,450,100,0,0,0,0,0,0,0,0,0,50
622,1596,9,423,100,0,0,0,0,0,0,0,0,0,47
623,1064,9,396,100,0,0,0,0,0,0,0,0,0,44
624,1184,9,486,100,0,0,0,0,0,0,0,0,0,54
625,1396,9,495,100,0,0,0,0,0,0,0,0,0,55
626,1464,9,468,100,0,0,0,0,0,0,0,0,0,52
627,1544,9,468,100,0,0,0,0,0,0,0,0,0,52
628,1344,9,477,100,0,0,0,0,0,0,0,0,0,53
629,1580,9,468,100,0,0,0,0,0,0,0,0,0,52
630,1156,9,432,100,0,0,0,0,0,0,0,0,0,48
631,1260,9,414,100,0,0,0,0,0,0,0,0,0,46
632,1468,9,468,100,0,0,0,0,0,0,0,0,0,52
633,1636,9,477,100,0,0,0,0,0,0,0,0,0,53
634,1652,9,477,100,0,0,0,0,0,0,0,0,0,53
635,1444,9,423,100,0,0,0,0,0,0,0,0,0,47
636,1316,9,387,100,0,0,0,0,0,0,0,0,0,43
637,1432,9,432,100,0,0,0,0,0,0,0,0,0,48
638,1320,9,423,100,0,0,0,0,0,0,0,0,0,47
639,1268,9,450,100,0,0,0,0,0,0,0,0,0,50
640,1172,9,414,100,0,0,0,0,0,0,0,0,0,46
641,1656,9,441,100,0,0,0,0,0,0,0,0,0,49
642,1504,9,441,100,0,0,0,0,0,0,0,0,0,49
643,1496,9,477,100,0,0,0,0,0,0,0,0,0,53
644,1596,9,441,100,0,0,0,0,0,0,0,0,0,49
645,1692,9,441,100,0,0,0,0,0,0,0,0,0,49
646,1444,9,423,100,0,0,0,0,0,0,0,0,0,47
647,1616,9,450,100,0,0,0,0,0,0,0,0,0,50
648,1864,9,432,100,0,0,0,0,0,0,0,0,0,48
649,1520,9,414,100,0,0,0,0,0,0,0,0,0,46
650,1396,9,414,100,0,0,0,0,0,0,0,0,0,46
651,1596,9,405,100,0,0,0,0,0,0,0,0,0,45
652,1660,9,414,100,0,0,0,0,0,0,0,0,0,46
653,1752,9,405,100,0,0,0,0,0,0,0,0,0,45
654,1940,9,432,100,0,0,0,0,0,0,0,0,0,48
655,1376,9,423,100,0,0,0,0,0,0,0,0,0,47
656,2036,9,441,100,0,0,0,0,0,0,0,0,0,49
657,1920,9,432,100,0,0,0,0,0,0,0,0,0,48
658,1984,9,441,100,0,0,0,0,0,0,0,0,0,49
659,2032,9,477,100,0,0,0,0,0,0,0,0,0,53
660,2484,9,504,100,0,0,0,0,0,0,0,0,0,56
661,2364,9,459,100,0,0,0,0,0,0,0,0,0,51
662,2692,9,450,100,0,0,0,0,0,0,0,0,0,50
663,1920,9,450,100,0,0,0,0,0,0,0,0,0,50
664,1852,9,432,100,0,0,0,0,0,0,0,0,0,48
665,2468,9,459,100,0,0,0,0,0,0,0,0,0,51
666,3084,9,450,100,0,0,0,0,0,0,0,0,0,50
667,3000,9,432,100,0,0,0,0,0,0,0,0,0,48
668,3428,9,468,100,0,0,0,0,0,0,0,0,0,52
669,2992,9,441,100,0,0,0,0,0,0,0,0,0,49
670,2056,9,396,100,0,0,0,0,0,0,0,0,0,44
671,1844,9,423,100,0,0,0,0,0,0,0,0,0,47
672,2400,9,405,100,0,0,0,0,0,0,0,0,0,45
673,2208,9,369,100,0,0,0,0,0,0,0,0,0,41
674,2472,9,360,100,0,0,0,0,0,0,0,0,0,40
675,3364,9,414,100,0,0,0,0,0,0,0,0,0,46
676,2996,9,396,100,0,0,0,0,0,0,0,0,0,44
677,3100,9,387,100,0,0,0,0,0,0,0,0,0,43
678,2920,9,396,100,0,0,0,0,0,0,0,0,0,44
679,3128,9,432,100,0,0,0,0,0,0,0,0,0,48
680,2952,9,441,100,0,0,0,0,0,0,0,0,0,49
681,3352,9,477,100,0,0,0,0,0,0,0,0,0,53
682,3268,9,459,100,0,0,0,0,0,0,0,0,0,51
683,2468,9,468,100,0,0,0,0,0,0,0,0,0,52
684,1816,9,450,100,0,0,0,0,0,0,0,0,0,50
685,1804,9,441,100,0,0,0,0,0,0,0,0,0,49
686,2200,9,441,100,0,0,0,0,0,0,0,0,0,49
687,2312,9,441,100,0,0,0,0,0,0,0,0,0,49
688,2192,9,432,100,0,0,0,0,0,0,0,0,0,48
689,2216,9,414,100,0,0,0,0,0,0,0,0,0,46
690,2248,9,441,100,0,0,0,0,0,0,0,0,0,49
691,2424,9,477,100,0,0,0,0,0,0,0,0,0,53
692,2060,9,450,100,0,0,0,0,0,0,0,0,0,50
693,2196,9,468,100,0,0,0,0,0,0,0,0,0,52
694,2016,9,477,100,0,0,0,0,0,0,0,0,0,53
695,1200,9,414,100,0,0,0,0,0,0,0,0,0,46
696,1212,9,423,100,0,0,0,0,0,0,0,0,0,47
697,1504,9,495,100,0,0,0,0,0,0,0,0,0,55
698,1264,9,477,100,0,0,0,0,0,0,0,0,0,53
699,1148,9,468,100,0,0,0,0,0,0,0,0,0,52
700,1264,9,450,100,0,0,0,0,0,0,0,0,0,50
701,1172,9,405,100,0,0,0,0,0,0,0,0,0,45
702,1368,9,414,100,0,0,0,0,0,0,0,0,0,46
703,1124,9,414,100,0,0,0,0,0,0,0,0,0,46
704,1384,9,432,100,0,0,0,0,0,0,0,0,0,48
705,1544,9,450,100,0,0,0,0,0,0,0,0,0,50
706,1640,9,432,100,0,0,0,0,0,0,0,0,0,48
707,1604,9,468,100,0,0,0,0,0,0,0,0,0,52
708,1392,9,450,100,0,0,0,0,0,0,0,0,0,50
709,1768,9,468,100,0,0,0,0,0,0,0,0,0,52
710,1788,9,459,100,0,0,0,0,0,0,0,0,0,51
711,1904,9,450,100,0,0,0,0,0,0,0,0,0,50
712,2356,9,450,100,0,0,0,0,0,0,0,0,0,50
713,2344,9,486,100,0,0,0,0,0,0,0,0,0,54
714,2304,9,432,100,0,0,0,0,0,0,0,0,0,48
715,1988,9,432,100,0,0,0,0,0,0,0,0,0,48
716,2072,9,414,100,0,0,0,0,0,0,0,0,0,46
717,2092,9,450,100,0,0,0,0,0,0,0,0,0,50
718,1852,9,423,100,0,0,0,0,0,0,0,0,0,47
719,2220,9,477,100,0,0,0,0,0,0,0,0,0,53
720,1960,9,450,100,0,0,0,0,0,0,0,0,0,50
721,1764,9,450,100,0,0,0,0,0,0,0,0,0,50
722,1764,9,432,100,0,0,0,0,0,0,0,0,0,48
723,2068,9,450,100,0,0,0,0,0,0,0,0,0,50
724,1768,9,468,100,0,0,0,0,0,0,0,0,0,52
725,1812,9,441,100,0,0,0,0,0,0,0,0,0,49
726,1640,9,477,100,0,0,0,0,0,0,0,0,0,53
727,1648,9,477,100,0,0,0,0,0,0,0,0,0,53
728,1584,9,441,100,0,0,0,0,0,0,0,0,0,49
729,1340,9,432,100,0,0,0,0,0,0,0,0,0,48
730,1552,9,450,100,0,0,0,0,0,0,0,0,0,50
731,1584,9,441,100,0,0,0,0,0,0,0,0,0,49
732,1392,9,432,100,0,0,0,0,0,0,0,0,0,48
733,1724,9,432,100,0,0,0,0,0,0,0,0,0,48
734,1144,9,405,100,0,0,0,0,0,0,0,0,0,45
735,1276,9,396,100,0,0,0,0,0,0,0,0,0,44
736,1416,9,441,100,0,0,0,0,0,0,0,0,0,49
737,1468,9,450,100,0,0,0,0,0,0,0,0,0,50
738,1560,9,414,100,0,0,0,0,0,0,0,0,0,46
739,1512,9,432,100,0,0,0,0,0,0,0,0,0,48
740,1512,9,459,100,0,0,0,0,0,0,0,0,0,51
741,1216,9,441,100,0,0,0,0,0,0,0,0,0,49
742,1464,9,441,100,0,0,0,0,0,0,0,0,0,49
743,1856,9,450,100,0,0,0,0,0,0,0,0,0,50
744,1724,9,423,100,0,0,0,0,0,0,0,0,0,47
745,2128,9,459,100,0,0,0,0,0,0,0,0,0,51
746,1912,9,477,100,0,0,0,0,0,0,0,0,0,53
747,1864,9,486,100,0,0,0,0,0,0,0,0,0,54
748,1652,9,441,100,0,0,0,0,0,0,0,0,0,49
749,1976,9,504,100,0,0,0,0,0,0,0,0,0,56
750,1720,9,441,100,0,0,0,0,0,0,0,0,0,49
751,1480,9,405,100,0,0,0,0,0,0,0,0,0,45
752,1412,9,450,100,0,0,0,0,0,0,0,0,0,50
753,1656,9,468,100,0,0,0,0,0,0,0,0,0,52
754,1620,9,450,100,0,0,0,0,0,0,0,0,0,50
755,1632,9,459,100,0,0,0,0,0,0,0,0,0,51
756,1664,9,477,100,0,0,0,0,0,0,0,0,0,53
757,1732,9,477,100,0,0,0,0,0,0,0,0,0,53
758,1316,9,450,100,0,0,0,0,0,0,0,0,0,50
759,1220,9,486,100,0,0,0,0,0,0,0,0,0,54
760,1220,9,495,100,0,0,0,0,0,0,0,0,0,55
761,1108,9,450,100,0,0,0,0,0,0,0,0,0,50
762,1416,9,495,100,0,0,0,0,0,0,0,0,0,55
763,1220,9,441,100,0,0,0,0,0,0,0,0,0,49
764,1420,9,441,100,0,0,0,0,0,0,0,0,0,49
765,1120,9,387,100,0,0,0,0,0,0,0,0,0,43
766,1396,9,387,100,0,0,0,0,0,0,0,0,0,43
767,1252,9,441,100,0,0,0,0,0,0,0,0,0,49
768,1272,9,450,100,0,0,0,0,0,0,0,0,0,50
769,1408,9,477,100,0,0,0,0,0,0,0,0,0,53
770,1392,9,441,100,0,0,0,0,0,0,0,0,0,49
771,1452,9,477,100,0,0,0,0,0,0,0,0,0,53
772,1272,9,486,100,0,0,0,0,0,0,0,0,0,54
773,1164,9,477,100,0,0,0,0,0,0,0,0,0,53
774,984,9,468,100,0,0,0,0,0,0,0,0,0,52
775,1272,9,468,100,0,0,0,0,0,0,0,0,0,52
776,1212,9,477,100,0,0,0,0,0,0,0,0,0,53
777,1284,9,477,100,0,0,0,0,0,0,0,0,0,53
778,1540,9,495,100,0,0,0,0,0,0,0,0,0,55
779,1640,9,486,100,0,0,0,0,0,0,0,0,0,54
780,1624,9,468,100,0,0,0,0,0,0,0,0,0,52
781,1304,9,513,100,0,0,0,0,0,0,0,0,0,57
782,1232,9,477,100,0,0,0,0,0,0,0,0,0,53
783,1660,9,522,100,0,0,0,0,0,0,0,0,0,58
784,1188,9,450,100,0,0,0,0,0,0,0,0,0,50
785,1296,9,468,100,0,0,0,0,0,0,0,0,0,52
786,1052,9,405,100,0,0,0,0,0,0,0,0,0,45
787,1416,9,468,100,0,0,0,0,0,0,0,0,0,52
788,1348,9,441,100,0,0,0,0,0,0,0,0,0,49
789,1156,9,450,100,0,0,0,0,0,0,0,0,0,50
790,1156,9,423,100,0,0,0,0,0,0,0,0,0,47
791,1284,9,432,100,0,0,0,0,0,0,0,0,0,48
792,1232,9,459,100,0,0,0,0,0,0,0,0,0,51
793,1388,9,468,100,0,0,0,0,0,0,0,0,0,52
794,1212,9,432,100,0,0,0,0,0,0,0,0,0,48
795,1480,9,477,100,0,0,0,0,0,0,0,0,0,53
796,1192,9,441,100,0,0,0,0,0,0,0,0,0,49
797,1308,9,423,100,0,0,0,0,0,0,0,0,0,47
798,1420,9,441,100,0,0,0,0,0,0,0,0,0,49
799,1256,9,423,100,0,0,0,0,0,0,0,0,0,47
800,1516,9,459,100,0,0,0,0,0,0,0,0,0,51
801,1492,9,468,100,0,0,0,0,0,0,0,0,0,52
802,1508,9,432,100,0,0,0,0,0,0,0,0,0,48
803,1492,9,477,100,0,0,0,0,0,0,0,0,0,53
804,1320,9,477,100,0,0,0,0,0,0,0,0,0,53
805,1144,9,441,100,0,0,0,0,0,0,0,0,0,49
806,1340,9,423,100,0,0,0,0,0,0,0,0,0,47
807,1256,9,396,100,0,0,0,0,0,0,0,0,0,44
808,1696,9,441,100,0,0,0,0,0,0,0,0,0,49
809,1248,9,423,100,0,0,0,0,0,0,0,0,0,47
810,1040,9,450,100,0,0,0,0,0,0,0,0,0,50
811,1324,9,459,100,0,0,0,0,0,0,0,0,0,51
812,1288,9,441,100,0,0,0,0,0,0,0,0,0,49
813,1296,9,441,100,0,0,0,0,0,0,0,0,0,49
814,1236,9,432,100,0,0,0,0,0,0,0,0,0,48
815,1460,9,432,100,0,0,0,0,0,0,0,0,0,48
816,1496,9,423,100,0,0,0,0,0,0,0,0,0,47
817,1404,9,423,100,0,0,0,0,0,0,0,0,0,47
818,1440,9,450,100,0,0,0,0,0,0,0,0,0,50
819,1388,9,423,100,0,0,0,0,0,0,0,0,0,47
820,1144,9,423,100,0,0,0,0,0,0,0,0,0,47
821,1172,9,441,100,0,0,0,0,0,0,0,0,0,49
822,1208,9,387,100,0,0,0,0,0,0,0,0,0,43
823,1184,9,423,100,0,0,0,0,0,0,0,0,0,47
824,1332,9,459,100,0,0,0,0,0,0,0,0,0,51
825,1296,9,432,100,0,0,0,0,0,0,0,0,0,48
826,1208,9,441,100,0,0,0,0,0,0,0,0,0,49
827,1272,9,405,100,0,0,0,0,0,0,0,0,0,45
828,1576,9,459,100,0,0,0,0,0,0,0,0,0,51
829,1448,9,414,100,0,0,0,0,0,0,0,0,0,46
830,1572,9,441,100,0,0,0,0,0,0,0,0,0,49
831,1512,9,468,100,0,0,0,0,0,0,0,0,0,52
832,1320,9,450,100,0,0,0,0,0,0,0,0,0,50
833,1324,9,441,100,0,0,0,0,0,0,0,0,0,49
834,1232,9,432,100,0,0,0,0,0,0,0,0,0,48
835,1124,9,432,100,0,0,0,0,0,0,0,0,0,48
836,1336,9,468,100,0,0,0,0,0,0,0,0,0,52
837,1268,9,405,100,0,0,0,0,0,0,0,0,0,45
838,1408,9,450,100,0,0,0,0,0,0,0,0,0,50
839,1300,9,468,100,0,0,0,0,0,0,0,0,0,52
840,1532,9,468,100,0,0,0,0,0,0,0,0,0,52
841,1520,9,450,100,0,0,0,0,0,0,0,0,0,50
842,1404,9,459,100,0,0,0,0,0,0,0,0,0,51
843,1356,9,477,100,0,0,0,0,0,0,0,0,0,53
844,1388,9,468,100,0,0,0,0,0,0,0,0,0,52
845,1536,9,468,100,0,0,0,0,0,0,0,0,0,52
846,1148,9,432,100,0,0,0,0,0,0,0,0,0,48
847,976,9,432,100,0,0,0,0,0,0,0,0,0,48
848,1388,9,459,100,0,0,0,0,0,0,0,0,0,51
849,1332,9,423,100,0,0,0,0,0,0,0,0,0,47
850,1616,9,477,100,0,0,0,0,0,0,0,0,0,53
851,1376,9,423,100,0,0,0,0,0,0,0,0,0,47
852,1060,9,414,100,0,0,0,0,0,0,0,0,0,46
853,1232,9,414,100,0,0,0,0,0,0,0,0,0,46
854,1252,9,387,100,0,0,0,0,0,0,0,0,0,43
855,1652,9,450,100,0,0,0,0,0,0,0,0,0,50
856,1800,9,477,100,0,0,0,0,0,0,0,0,0,53
857,1796,9,486,100,0,0,0,0,0,0,0,0,0,54
858,2020,9,459,100,0,0,0,0,0,0,0,0,0,51
859,1528,9,468,100,0,0,0,0,0,0,0,0,0,52
860,1588,9,486,100,0,0,0,0,0,0,0,0,0,54
861,1228,9,495,100,0,0,0,0,0,0,0,0,0,55
862,1024,9,486,100,0,0,0,0,0,0,0,0,0,54
863,1212,9,468,100,0,0,0,0,0,0,0,0,0,52
864,1188,9,441,100,0,0,0,0,0,0,0,0,0,49
865,1364,9,441,100,0,0,0,0,0,0,0,0,0,49
866,1428,9,432,100,0,0,0,0,0,0,0,0,0,48
867,1432,9,441,100,0,0,0,0,0,0,0,0,0,49
868,1712,9,441,100,0,0,0,0,0,0,0,0,0,49
869,1956,9,495,100,0,0,0,0,0,0,0,0,0,55
870,1364,9,432,100,0,0,0,0,0,0,0,0,0,48
871,1616,9,459,100,0,0,0,0,0,0,0,0,0,51
872,1816,9,414,100,0,0,0,0,0,0,0,0,0,46
873,2232,9,486,100,0,0,0,0,0,0,0,0,0,54
874,1992,9,477,100,0,0,0,0,0,0,0,0,0,53
875,1632,9,432,100,0,0,0,0,0,0,0,0,0,48
876,1288,9,450,100,0,0,0,0,0,0,0,0,0,50
877,1416,9,450,100,0,0,0,0,0,0,0,0,0,50
878,1688,9,504,100,0,0,0,0,0,0,0,0,0,56
879,1644,9,477,100,0,0,0,0,0,0,0,0,0,53
880,1536,9,459,100,0,0,0,0,0,0,0,0,0,51
881,1444,9,477,100,0,0,0,0,0,0,0,0,0,53
882,1320,9,459,100,0,0,0,0,0,0,0,0,0,51
883,900,9,423,100,0,0,0,0,0,0,0,0,0,47
884,1216,9,450,100,0,0,0,0,0,0,0,0,0,50
885,1188,9,414,100,0,0,0,0,0,0,0,0,0,46
886,1380,9,441,100,0,0,0,0,0,0,0,0,0,49
887,1288,9,423,100,0,0,0,0,0,0,0,0,0,47
888,1176,9,432,100,0,0,0,0,0,0,0,0,0,48
889,1096,9,378,100,0,0,0,0,0,0,0,0,0,42
890,1192,9,387,100,0,0,0,0,0,0,0,0,0,43
891,1208,9,405,100,0,0,0,0,0,0,0,0,0,45
892,1232,9,405,100,0,0,0,0,0,0,0,0,0,45
893,1364,9,432,100,0,0,0,0,0,0,0,0,0,48
894,1376,9,414,100,0,0,0,0,0,0,0,0,0,46
895,1176,9,414,100,0,0,0,0,0,0,0,0,0,46
896,1304,9,414,100,0,0,0,0,0,0,0,0,0,46
897,1388,9,450,100,0,0,0,0,0,0,0,0,0,50
898,1572,9,459,100,0,0,0,0,0,0,0,0,0,51
899,1300,9,450,100,0,0,0,0,0,0,0,0,0,50
900,1288,9,423,100,0,0,0,0,0,0,0,0,0,47
901,1416,9,450,100,0,0,0,0,0,0,0,0,0,50
902,1580,9,477,100,0,0,0,0,0,0,0,0,0,53
903,1396,9,432,100,0,0,0,0,0,0,0,0,0,48
904,1520,9,450,100,0,0,0,0,0,0,0,0,0,50
905,1540,9,459,100,0,0,0,0,0,0,0,0,0,51
906,1436,9,441,100,0,0,0,0,0,0,0,0,0,49
907,1576,9,513,100,0,0,0,0,0,0,0,0,0,57
908,1484,9,459,100,0,0,0,0,0,0,0,0,0,51
909,1688,9,477,100,0,0,0,0,0,0,0,0,0,53
910,1972,9,459,100,0,0,0,0,0,0,0,0,0,51
911,1468,9,441,100,0,0,0,0,0,0,0,0,0,49
912,1488,9,432,100,0,0,0,0,0,0,0,0,0,48
913,1436,9,441,100,0,0,0,0,0,0,0,0,0,49
914,1528,9,441,100,0,0,0,0,0,0,0,0,0,49
915,1728,9,459,100,0,0,0,0,0,0,0,0,0,51
916,1840,9,459,100,0,0,0,0,0,0,0,0,0,51
917,1924,9,477,100,0,0,0,0,0,0,0,0,0,53
918,1464,9,432,100,0,0,0,0,0,0,0,0,0,48
919,1588,9,432,100,0,0,0,0,0,0,0,0,0,48
920,1556,9,405,100,0,0,0,0,0,0,0,0,0,45
921,1492,9,450,100,0,0,0,0,0,0,0,0,0,50
922,1832,9,477,100,0,0,0,0,0,0,0,0,0,53
923,1840,9,477,100,0,0,0,0,0,0,0,0,0,53
924,1804,9,450,100,0,0,0,0,0,0,0,0,0,50
925,1528,9,450,100,0,0,0,0,0,0,0,0,0,50
926,1288,9,432,100,0,0,0,0,0,0,0,0,0,48
927,1308,9,423,100,0,0,0,0,0,0,0,0,0,47
928,1280,9,387,100,0,0,0,0,0,0,0,0,0,43
929,1636,9,423,100,0,0,0,0,0,0,0,0,0,47
930,1692,9,405,100,0,0,0,0,0,0,0,0,0,45
931,1728,9,414,100,0,0,0,0,0,0,0,0,0,46
932,1608,9,423,100,0,0,0,0,0,0,0,0,0,47
933,1564,9,432,100,0,0,0,0,0,0,0,0,0,48
934,1364,9,441,100,0,0,0,0,0,0,0,0,0,49
935,1336,9,450,100,0,0,0,0,0,0,0,0,0,50
936,1280,9,459,100,0,0,0,0,0,0,0,0,0,51
937,1216,9,414,100,0,0,0,0,0,0,0,0,0,46
938,1344,9,423,100,0,0,0,0,0,0,0,0,0,47
939,1304,9,450,100,0,0,0,0,0,0,0,0,0,50
940,1272,9,432,100,0,0,0,0,0,0,0,0,0,48
941,1600,9,432,100,0,0,0,0,0,0,0,0,0,48
942,1728,9,432,100,0,0,0,0,0,0,0,0,0,48
943,1740,9,432,100,0,0,0,0,0,0,0,0,0,48
944,1548,9,405,100,0,0,0,0,0,0,0,0,0,45
945,1536,9,387,100,0,0,0,0,0,0,0,0,0,43
946,1684,9,414,100,0,0,0,0,0,0,0,0,0,46
947,1592,9,405,100,0,0,0,0,0,0,0,0,0,45
948,1280,9,369,100,0,0,0,0,0,0,0,0,0,41
949,1416,9,405,100,0,0,0,0,0,0,0,0,0,45
950,1116,9,378,100,0,0,0,0,0,0,0,0,0,42
951,1320,9,423,100,0,0,0,0,0,0,0,0,0,47
952,1452,9,432,100,0,0,0,0,0,0,0,0,0,48
953,1272,9,405,100,0,0,0,0,0,0,0,0,0,45
954,1368,9,414,100,0,0,0,0,0,0,0,0,0,46
955,1428,9,405,100,0,0,0,0,0,0,0,0,0,45
956,1372,9,432,100,0,0,0,0,0,0,0,0,0,48
957,1740,9,423,100,0,0,0,0,0,0,0,0,0,47
958,2048,9,405,100,0,0,0,0,0,0,0,0,0,45
959,2232,9,441,100,0,0,0,0,0,0,0,0,0,49
960,2492,9,396,100,0,0,0,0,0,0,0,0,0,44
961,2616,9,414,100,0,0,0,0,0,0,0,0,0,46
962,2920,9,405,100,0,0,0,0,0,0,0,0,0,45
963,2996,9,432,100,0,0,0,0,0,0,0,0,0,48
964,2600,9,414,100,0,0,0,0,0,0,0,0,0,46
965,2704,9,423,100,0,0,0,0,0,0,0,0,0,47
966,3136,9,414,100,0,0,0,0,0,0,0,0,0,46
967,3116,9,441,100,0,0,0,0,0,0,0,0,0,49
968,2768,9,423,100,0,0,0,0,0,0,0,0,0,47
969,2852,9,432,100,0,0,0,0,0,0,0,0,0,48
970,1400,9,441,100,0,0,0,0,0,0,0,0,0,49
971,1800,9,450,100,0,0,0,0,0,0,0,0,0,50
972,1680,9,414,100,0,0,0,0,0,0,0,0,0,46
973,1964,9,477,100,0,0,0,0,0,0,0,0,0,53
974,2056,9,468,100,0,0,0,0,0,0,0,0,0,52
975,1628,9,414,100,0,0,0,0,0,0,0,0,0,46
976,2036,9,459,100,0,0,0,0,0,0,0,0,0,51
977,1880,9,450,100,0,0,0,0,0,0,0,0,0,50
978,2168,9,477,100,0,0,0,0,0,0,0,0,0,53
979,1572,9,432,100,0,0,0,0,0,0,0,0,0,48
980,1420,9,423,100,0,0,0,0,0,0,0,0,0,47
981,1676,9,414,100,0,0,0,0,0,0,0,0,0,46
982,1756,9,441,100,0,0,0,0,0,0,0,0,0,49
983,1612,9,414,100,0,0,0,0,0,0,0,0,0,46
984,1720,9,441,100,0,0,0,0,0,0,0,0,0,49
985,1556,9,405,100,0,0,0,0,0,0,0,0,0,45
986,1708,9,468,100,0,0,0,0,0,0,0,0,0,52
987,1736,9,486,100,0,0,0,0,0,0,0,0,0,54
988,1788,9,495,100,0,0,0,0,0,0,0,0,0,55
989,1900,9,495,100,0,0,0,0,0,0,0,0,0,55
990,1812,9,441,100,0,0,0,0,0,0,0,0,0,49
991,2004,9,468,100,0,0,0,0,0,0,0,0,0,52
992,1956,9,459,100,0,0,0,0,0,0,0,0,0,51
993,2228,9,450,100,0,0,0,0,0,0,0,0,0,50
994,3016,9,441,100,0,0,0,0,0,0,0,0,0,49
995,2840,9,441,100,0,0,0,0,0,0,0,0,0,49
996,2756,9,414,100,0,0,0,0,0,0,0,0,0,46
997,1612,9,423,100,0,0,0,0,0,0,0,0,0,47
998,1860,9,450,100,0,0,0,0,0,0,0,0,0,50
999,1984,9,423,100,0,0,0,0,0,0,0,0,0,47
