update,points,mean_tasks,total_tasks,total_orgs,task_0,task_1,task_2,task_3,task_4,task_5,task_6,task_7,task_8,task_9
0,0,nan,0,10,0,0,0,0,0,0,0,0,0,0
1,0,nan,0,10,0,0,0,0,0,0,0,0,0,0
2,44,9,9,11,0,0,0,0,0,0,0,0,0,1
3,24,9,9,12,0,0,0,0,0,0,0,0,0,1
4,48,9,27,14,0,0,0,0,0,0,0,0,0,3
5,48,9,36,15,0,0,0,0,0,0,0,0,0,4
6,68,9,36,16,0,0,0,0,0,0,0,0,0,4
7,72,9,45,17,0,0,0,0,0,0,0,0,0,5
8,96,9,63,20,0,0,0,0,0,0,0,0,0,7
9,164,9,81,22,0,0,0,0,0,0,0,0,0,9
10,248,9,72,24,0,0,0,0,0,0,0,0,0,8
11,212,9,81,27,0,0,0,0,0,0,0,0,0,9
12,372,9,108,31,0,0,0,0,0,0,0,0,0,12
13,372,9,108,33,0,0,0,0,0,0,0,0,0,12
14,528,9,144,38,0,0,0,0,0,0,0,0,0,16
15,648,9,162,45,0,0,0,0,0,0,0,0,0,18
16,856,9,162,47,0,0,0,0,0,0,0,0,0,18
17,660,9,198,51,0,0,0,0,0,0,0,0,0,22
18,640,9,225,54,0,0,0,0,0,0,0,0,0,25
19,848,9,261,60,0,0,0,0,0,0,0,0,0,29
20,692,9,261,63,0,0,0,0,0,0,0,0,0,29
21,840,9,252,65,0,0,0,0,0,0,0,0,0,28
22,940,9,279,71,0,0,0,0,0,0,0,0,0,31
23,1056,9,297,74,0,0,0,0,0,0,0,0,0,33
24,1092,9,306,80,0,0,0,0,0,0,0,0,0,34
25,1316,9,333,84,0,0,0,0,0,0,0,0,0,37
26,1484,9,351,89,0,0,0,0,0,0,0,0,0,39
27,1252,9,369,92,0,0,0,0,0,0,0,0,0,41
28,1452,9,387,93,0,0,0,0,0,0,0,0,0,43
29,1292,9,387,98,0,0,0,0,0,0,0,0,0,43
30,1628,9,414,99,0,0,0,0,0,0,0,0,0,46
31,1460,9,396,99,0,0,0,0,0,0,0,0,0,44
32,1496,9,378,99,0,0,0,0,0,0,0,0,0,42
33,1624,9,387,99,0,0,0,0,0,0,0,0,0,43
34,1756,9,396,100,0,0,0,0,0,0,0,0,0,44
35,1780,9,378,100,0,0,0,0,0,0,0,0,0,42
36,1632,9,387,100,0,0,0,0,0,0,0,0,0,43
37,1716,9,432,100,0,0,0,0,0,0,0,0,0,48
38,1672,9,450,100,0,0,0,0,0,0,0,0,0,50
39,1660,9,423,100,0,0,0,0,0,0,0,0,0,47
40,1500,9,387,100,0,0,0,0,0,0,0,0,0,43
41,1664,9,387,100,0,0,0,0,0,0,0,0,0,43
42,1344,9,396,100,0,0,0,0,0,0,0,0,0,44
43,1428,9,423,100,0,0,0,0,0,0,0,0,0,47
44,1440,9,459,100,0,0,0,0,0,0,0,0,0,51
45,1544,9,432,100,0,0,0,0,0,0,0,0,0,48
46,1716,9,432,100,0,0,0,0,0,0,0,0,0,48
47,2184,9,441,100,0,0,0,0,0,0,0,0,0,49
48,1648,9,396,100,0,0,0,0,0,0,0,0,0,44
49,1672,9,414,100,0,0,0,0,0,0,0,0,0,46
50,1788,9,414,100,0,0,0,0,0,0,0,0,0,46
51,1720,9,414,100,0,0,0,0,0,0,0,0,0,46
52,2152,9,432,100,0,0,0,0,0,0,0,0,0,48
53,3156,9,432,100,0,0,0,0,0,0,0,0,0,48
54,3256,9,405,100,0,0,0,0,0,0,0,0,0,45
55,2412,9,405,100,0,0,0,0,0,0,0,0,0,45
56,1484,9,396,100,0,0,0,0,0,0,0,0,0,44
57,1892,9,423,100,0,0,0,0,0,0,0,0,0,47
58,2392,9,414,100,0,0,0,0,0,0,0,0,0,46
59,2824,9,414,100,0,0,0,0,0,0,0,0,0,46
60,3088,9,459,100,0,0,0,0,0,0,0,0,0,51
61,2516,9,423,100,0,0,0,0,0,0,0,0,0,47
62,3240,9,441,100,0,0,0,0,0,0,0,0,0,49
63,3368,9,405,100,0,0,0,0,0,0,0,0,0,45
64,2728,9,432,100,0,0,0,0,0,0,0,0,0,48
65,3372,9,423,100,0,0,0,0,0,0,0,0,0,47
66,3788,9,423,100,0,0,0,0,0,0,0,0,0,47
67,2360,9,405,100,0,0,0,0,0,0,0,0,0,45
68,2496,9,405,100,0,0,0,0,0,0,0,0,0,45
69,2088,9,396,100,0,0,0,0,0,0,0,0,0,44
70,2064,9,414,100,0,0,0,0,0,0,0,0,0,46
71,2212,9,441,100,0,0,0,0,0,0,0,0,0,49
72,2560,9,468,100,0,0,0,0,0,0,0,0,0,52
73,2740,9,432,100,0,0,0,0,0,0,0,0,0,48
74,2216,9,477,100,0,0,0,0,0,0,0,0,0,53
75,1440,9,414,100,0,0,0,0,0,0,0,0,0,46
76,1704,9,432,100,0,0,0,0,0,0,0,0,0,48
77,1996,9,459,100,0,0,0,0,0,0,0,0,0,51
78,1744,9,459,100,0,0,0,0,0,0,0,0,0,51
79,1664,9,441,100,0,0,0,0,0,0,0,0,0,49
80,1408,9,432,100,0,0,0,0,0,0,0,0,0,48
81,1392,9,432,100,0,0,0,0,0,0,0,0,0,48
82,1412,9,450,100,0,0,0,0,0,0,0,0,0,50
83,1336,9,423,100,0,0,0,0,0,0,0,0,0,47
84,1348,9,441,100,0,0,0,0,0,0,0,0,0,49
85,1360,9,450,100,0,0,0,0,0,0,0,0,0,50
86,1320,9,459,100,0,0,0,0,0,0,0,0,0,51
87,1132,9,432,100,0,0,0,0,0,0,0,0,0,48
88,1384,9,423,100,0,0,0,0,0,0,0,0,0,47
89,1716,9,468,100,0,0,0,0,0,0,0,0,0,52
90,1256,9,441,100,0,0,0,0,0,0,0,0,0,49
91,1548,9,477,100,0,0,0,0,0,0,0,0,0,53
92,1608,9,441,100,0,0,0,0,0,0,0,0,0,49
93,1736,9,441,100,0,0,0,0,0,0,0,0,0,49
94,1788,9,459,100,0,0,0,0,0,0,0,0,0,51
95,1520,9,405,100,0,0,0,0,0,0,0,0,0,45
96,1536,9,414,100,0,0,0,0,0,0,0,0,0,46
97,1476,9,378,100,0,0,0,0,0,0,0,0,0,42
98,1648,9,423,100,0,0,0,0,0,0,0,0,0,47
99,1604,9,423,100,0,0,0,0,0,0,0,0,0,47
100,1604,9,405,100,0,0,0,0,0,0,0,0,0,45
101,1392,9,396,100,0,0,0,0,0,0,0,0,0,44
102,1608,9,405,100,0,0,0,0,0,0,0,0,0,45
103,1700,9,405,100,0,0,0,0,0,0,0,0,0,45
104,1764,9,414,100,0,0,0,0,0,0,0,0,0,46
105,1664,9,423,100,0,0,0,0,0,0,0,0,0,47
106,1764,9,468,100,0,0,0,0,0,0,0,0,0,52
107,1520,9,459,100,0,0,0,0,0,0,0,0,0,51
108,1512,9,423,100,0,0,0,0,0,0,0,0,0,47
109,1644,9,459,100,0,0,0,0,0,0,0,0,0,51
110,1492,9,459,100,0,0,0,0,0,0,0,0,0,51
111,1656,9,459,100,0,0,0,0,0,0,0,0,0,51
112,1644,9,486,100,0,0,0,0,0,0,0,0,0,54
113,1844,9,486,100,0,0,0,0,0,0,0,0,0,54
114,1544,9,486,100,0,0,0,0,0,0,0,0,0,54
115,1708,9,486,100,0,0,0,0,0,0,0,0,0,54
116,1564,9,495,100,0,0,0,0,0,0,0,0,0,55
117,1600,9,450,100,0,0,0,0,0,0,0,0,0,50
118,1508,9,396,100,0,0,0,0,0,0,0,0,0,44
119,1436,9,414,100,0,0,0,0,0,0,0,0,0,46
120,1248,9,450,100,0,0,0,0,0,0,0,0,0,50
121,1540,9,423,100,0,0,0,0,0,0,0,0,0,47
122,1700,9,441,100,0,0,0,0,0,0,0,0,0,49
123,1632,9,423,100,0,0,0,0,0,0,0,0,0,47
124,1684,9,423,100,0,0,0,0,0,0,0,0,0,47
125,1480,9,432,100,0,0,0,0,0,0,0,0,0,48
126,1636,9,441,100,0,0,0,0,0,0,0,0,0,49
127,1608,9,441,100,0,0,0,0,0,0,0,0,0,49
128,1436,9,441,100,0,0,0,0,0,0,0,0,0,49
129,1468,9,441,100,0,0,0,0,0,0,0,0,0,49
130,1348,9,423,100,0,0,0,0,0,0,0,0,0,47
131,1544,9,477,100,0,0,0,0,0,0,0,0,0,53
132,1532,9,441,100,0,0,0,0,0,0,0,0,0,49
133,1528,9,441,100,0,0,0,0,0,0,0,0,0,49
134,980,9,405,100,0,0,0,0,0,0,0,0,0,45
135,1304,9,441,100,0,0,0,0,0,0,0,0,0,49
136,1224,9,387,100,0,0,0,0,0,0,0,0,0,43
137,1560,9,414,100,0,0,0,0,0,0,0,0,0,46
138,1168,9,405,100,0,0,0,0,0,0,0,0,0,45
139,1512,9,450,100,0,0,0,0,0,0,0,0,0,50
140,1196,9,423,100,0,0,0,0,0,0,0,0,0,47
141,1288,9,414,100,0,0,0,0,0,0,0,0,0,46
142,1444,9,450,100,0,0,0,0,0,0,0,0,0,50
143,1396,9,450,100,0,0,0,0,0,0,0,0,0,50
144,1088,9,423,100,0,0,0,0,0,0,0,0,0,47
145,916,9,423,100,0,0,0,0,0,0,0,0,0,47
146,1088,9,441,100,0,0,0,0,0,0,0,0,0,49
147,1124,9,423,100,0,0,0,0,0,0,0,0,0,47
148,1224,9,432,100,0,0,0,0,0,0,0,0,0,48
149,968,9,396,100,0,0,0,0,0,0,0,0,0,44
150,1300,9,486,100,0,0,0,0,0,0,0,0,0,54
151,1316,9,486,100,0,0,0,0,0,0,0,0,0,54
152,1220,9,450,100,0,0,0,0,0,0,0,0,0,50
153,1312,9,441,100,0,0,0,0,0,0,0,0,0,49
154,1648,9,432,100,0,0,0,0,0,0,0,0,0,48
155,1596,9,378,100,0,0,0,0,0,0,0,0,0,42
156,1876,9,450,100,0,0,0,0,0,0,0,0,0,50
157,1876,9,450,100,0,0,0,0,0,0,0,0,0,50
158,1592,9,441,100,0,0,0,0,0,0,0,0,0,49
159,1752,9,459,100,0,0,0,0,0,0,0,0,0,51
160,1616,9,405,100,0,0,0,0,0,0,0,0,0,45
161,1760,9,405,100,0,0,0,0,0,0,0,0,0,45
162,1628,9,432,100,0,0,0,0,0,0,0,0,0,48
163,1200,9,378,100,0,0,0,0,0,0,0,0,0,42
164,1500,9,405,100,0,0,0,0,0,0,0,0,0,45
165,1516,9,387,100,0,0,0,0,0,0,0,0,0,43
166,1484,9,441,100,0,0,0,0,0,0,0,0,0,49
167,1260,9,405,100,0,0,0,0,0,0,0,0,0,45
168,1412,9,441,100,0,0,0,0,0,0,0,0,0,49
169,1440,9,432,100,0,0,0,0,0,0,0,0,0,48
170,1064,9,441,100,0,0,0,0,0,0,0,0,0,49
171,1524,9,486,100,0,0,0,0,0,0,0,0,0,54
172,1388,9,468,100,0,0,0,0,0,0,0,0,0,52
173,1312,9,441,100,0,0,0,0,0,0,0,0,0,49
174,1380,9,459,100,0,0,0,0,0,0,0,0,0,51
175,1348,9,459,100,0,0,0,0,0,0,0,0,0,51
176,1144,9,450,100,0,0,0,0,0,0,0,0,0,50
177,1516,9,441,100,0,0,0,0,0,0,0,0,0,49
178,1508,9,432,100,0,0,0,0,0,0,0,0,0,48
179,1760,9,450,100,0,0,0,0,0,0,0,0,0,50
180,1936,9,450,100,0,0,0,0,0,0,0,0,0,50
181,1972,9,459,100,0,0,0,0,0,0,0,0,0,51
182,2192,9,477,100,0,0,0,0,0,0,0,0,0,53
183,2528,9,459,100,0,0,0,0,0,0,0,0,0,51
184,2264,9,423,100,0,0,0,0,0,0,0,0,0,47
185,1528,9,414,100,0,0,0,0,0,0,0,0,0,46
186,1676,9,414,100,0,0,0,0,0,0,0,0,0,46
187,1848,9,405,100,0,0,0,0,0,0,0,0,0,45
188,2112,9,387,100,0,0,0,0,0,0,0,0,0,43
189,2324,9,405,100,0,0,0,0,0,0,0,0,0,45
190,1932,9,414,100,0,0,0,0,0,0,0,0,0,46
191,1576,9,405,100,0,0,0,0,0,0,0,0,0,45
192,1196,9,387,100,0,0,0,0,0,0,0,0,0,43
193,1592,9,405,100,0,0,0,0,0,0,0,0,0,45
194,1780,9,405,100,0,0,0,0,0,0,0,0,0,45
195,1668,9,441,100,0,0,0,0,0,0,0,0,0,49
196,1608,9,414,100,0,0,0,0,0,0,0,0,0,46
197,1400,9,423,100,0,0,0,0,0,0,0,0,0,47
198,1344,9,396,100,0,0,0,0,0,0,0,0,0,44
199,1380,9,432,100,0,0,0,0,0,0,0,0,0,48
200,1188,9,405,100,0,0,0,0,0,0,0,0,0,45
201,1428,9,468,100,0,0,0,0,0,0,0,0,0,52
202,1252,9,432,100,0,0,0,0,0,0,0,0,0,48
203,1616,9,450,100,0,0,0,0,0,0,0,0,0,50
204,1504,9,459,100,0,0,0,0,0,0,0,0,0,51
205,1516,9,441,100,0,0,0,0,0,0,0,0,0,49
206,1808,9,459,100,0,0,0,0,0,0,0,0,0,51
207,1868,9,414,100,0,0,0,0,0,0,0,0,0,46
208,1988,9,414,100,0,0,0,0,0,0,0,0,0,46
209,1444,9,441,100,0,0,0,0,0,0,0,0,0,49
210,1240,9,432,100,0,0,0,0,0,0,0,0,0,48
211,1524,9,414,100,0,0,0,0,0,0,0,0,0,46
212,1400,9,414,100,0,0,0,0,0,0,0,0,0,46
213,1532,9,423,100,0,0,0,0,0,0,0,0,0,47
214,1680,9,450,100,0,0,0,0,0,0,0,0,0,50
215,1684,9,432,100,0,0,0,0,0,0,0,0,0,48
216,1824,9,432,100,0,0,0,0,0,0,0,0,0,48
217,1276,9,396,100,0,0,0,0,0,0,0,0,0,44
218,1244,9,387,100,0,0,0,0,0,0,0,0,0,43
219,1452,9,432,100,0,0,0,0,0,0,0,0,0,48
220,1568,9,432,100,0,0,0,0,0,0,0,0,0,48
221,1848,9,450,100,0,0,0,0,0,0,0,0,0,50
222,1712,9,459,100,0,0,0,0,0,0,0,0,0,51
223,1312,9,459,100,0,0,0,0,0,0,0,0,0,51
224,1152,9,450,100,0,0,0,0,0,0,0,0,0,50
225,1232,9,432,100,0,0,0,0,0,0,0,0,0,48
226,1084,9,414,100,0,0,0,0,0,0,0,0,0,46
227,1388,9,423,100,0,0,0,0,0,0,0,0,0,47
228,1164,9,441,100,0,0,0,0,0,0,0,0,0,49
229,1164,9,414,100,0,0,0,0,0,0,0,0,0,46
230,1296,9,396,100,0,0,0,0,0,0,0,0,0,44
231,1336,9,396,100,0,0,0,0,0,0,0,0,0,44
232,1356,9,396,100,0,0,0,0,0,0,0,0,0,44
233,1576,9,432,100,0,0,0,0,0,0,0,0,0,48
234,1668,9,432,100,0,0,0,0,0,0,0,0,0,48
235,1652,9,459,100,0,0,0,0,0,0,0,0,0,51
236,1476,9,459,100,0,0,0,0,0,0,0,0,0,51
237,1356,9,486,100,0,0,0,0,0,0,0,0,0,54
238,1200,9,459,100,0,0,0,0,0,0,0,0,0,51
239,1464,9,468,100,0,0,0,0,0,0,0,0,0,52
240,1528,9,450,100,0,0,0,0,0,0,0,0,0,50
241,1768,9,450,100,0,0,0,0,0,0,0,0,0,50
242,1704,9,468,100,0,0,0,0,0,0,0,0,0,52
243,1792,9,459,100,0,0,0,0,0,0,0,0,0,51
244,2380,9,504,100,0,0,0,0,0,0,0,0,0,56
245,1348,9,468,100,0,0,0,0,0,0,0,0,0,52
246,1628,9,495,100,0,0,0,0,0,0,0,0,0,55
247,1488,9,468,100,0,0,0,0,0,0,0,0,0,52
248,1676,9,432,100,0,0,0,0,0,0,0,0,0,48
249,1536,9,414,100,0,0,0,0,0,0,0,0,0,46
250,1676,9,441,100,0,0,0,0,0,0,0,0,0,49
251,1628,9,414,100,0,0,0,0,0,0,0,0,0,46
252,1548,9,405,100,0,0,0,0,0,0,0,0,0,45
253,1400,9,414,100,0,0,0,0,0,0,0,0,0,46
254,1380,9,459,100,0,0,0,0,0,0,0,0,0,51
255,1100,9,414,100,0,0,0,0,0,0,0,0,0,46
256,1328,9,459,100,0,0,0,0,0,0,0,0,0,51
257,1332,9,468,100,0,0,0,0,0,0,0,0,0,52
258,1196,9,468,100,0,0,0,0,0,0,0,0,0,52
259,1392,9,450,100,0,0,0,0,0,0,0,0,0,50
260,1548,9,423,100,0,0,0,0,0,0,0,0,0,47
261,1632,9,468,100,0,0,0,0,0,0,0,0,0,52
262,1776,9,459,100,0,0,0,0,0,0,0,0,0,51
263,1824,9,468,100,0,0,0,0,0,0,0,0,0,52
264,1368,9,450,100,0,0,0,0,0,0,0,0,0,50
265,1200,9,423,100,0,0,0,0,0,0,0,0,0,47
266,1488,9,441,100,0,0,0,0,0,0,0,0,0,49
267,1180,9,423,100,0,0,0,0,0,0,0,0,0,47
268,1192,9,405,100,0,0,0,0,0,0,0,0,0,45
269,1332,9,423,100,0,0,0,0,0,0,0,0,0,47
270,972,9,405,100,0,0,0,0,0,0,0,0,0,45
271,1212,9,441,100,0,0,0,0,0,0,0,0,0,49
272,1232,9,441,100,0,0,0,0,0,0,0,0,0,49
273,1068,9,378,100,0,0,0,0,0,0,0,0,0,42
274,1480,9,396,100,0,0,0,0,0,0,0,0,0,44
275,1504,9,432,100,0,0,0,0,0,0,0,0,0,48
276,1480,9,414,100,0,0,0,0,0,0,0,0,0,46
277,1360,9,450,100,0,0,0,0,0,0,0,0,0,50
278,1208,9,459,100,0,0,0,0,0,0,0,0,0,51
279,1064,9,459,100,0,0,0,0,0,0,0,0,0,51
280,968,9,459,100,0,0,0,0,0,0,0,0,0,51
281,1324,9,477,100,0,0,0,0,0,0,0,0,0,53
282,1040,9,459,100,0,0,0,0,0,0,0,0,0,51
283,1204,9,459,100,0,0,0,0,0,0,0,0,0,51
284,1100,9,423,100,0,0,0,0,0,0,0,0,0,47
285,1012,9,414,100,0,0,0,0,0,0,0,0,0,46
286,1008,9,405,100,0,0,0,0,0,0,0,0,0,45
287,1080,9,432,100,0,0,0,0,0,0,0,0,0,48
288,1196,9,432,100,0,0,0,0,0,0,0,0,0,48
289,1212,9,441,100,0,0,0,0,0,0,0,0,0,49
290,1368,9,468,100,0,0,0,0,0,0,0,0,0,52
291,1564,9,459,100,0,0,0,0,0,0,0,0,0,51
292,1292,9,432,100,0,0,0,0,0,0,0,0,0,48
293,1424,9,432,100,0,0,0,0,0,0,0,0,0,48
294,1260,9,450,100,0,0,0,0,0,0,0,0,0,50
295,1376,9,486,100,0,0,0,0,0,0,0,0,0,54
296,1264,9,432,100,0,0,0,0,0,0,0,0,0,48
297,1436,9,414,100,0,0,0,0,0,0,0,0,0,46
298,1088,9,423,100,0,0,0,0,0,0,0,0,0,47
299,1292,9,432,100,0,0,0,0,0,0,0,0,0,48
300,1376,9,495,100,0,0,0,0,0,0,0,0,0,55
301,1220,9,495,100,0,0,0,0,0,0,0,0,0,55
302,1216,9,495,100,0,0,0,0,0,0,0,0,0,55
303,984,9,450,100,0,0,0,0,0,0,0,0,0,50
304,1248,9,495,100,0,0,0,0,0,0,0,0,0,55
305,1336,9,495,100,0,0,0,0,0,0,0,0,0,55
306,1060,9,441,100,0,0,0,0,0,0,0,0,0,49
307,952,9,414,100,0,0,0,0,0,0,0,0,0,46
308,1356,9,477,100,0,0,0,0,0,0,0,0,0,53
309,1180,9,414,100,0,0,0,0,0,0,0,0,0,46
310,1252,9,441,100,0,0,0,0,0,0,0,0,0,49
311,1368,9,423,100,0,0,0,0,0,0,0,0,0,47
312,984,9,378,100,0,0,0,0,0,0,0,0,0,42
313,1144,9,423,100,0,0,0,0,0,0,0,0,0,47
314,1224,9,414,100,0,0,0,0,0,0,0,0,0,46
315,1028,9,396,100,0,0,0,0,0,0,0,0,0,44
316,1248,9,459,100,0,0,0,0,0,0,0,0,0,51
317,1192,9,441,100,0,0,0,0,0,0,0,0,0,49
318,1212,9,432,100,0,0,0,0,0,0,0,0,0,48
319,796,9,387,100,0,0,0,0,0,0,0,0,0,43
320,1192,9,405,100,0,0,0,0,0,0,0,0,0,45
321,1132,9,387,100,0,0,0,0,0,0,0,0,0,43
322,1292,9,405,100,0,0,0,0,0,0,0,0,0,45
323,1212,9,405,100,0,0,0,0,0,0,0,0,0,45
324,1180,9,369,100,0,0,0,0,0,0,0,0,0,41
325,1296,9,387,100,0,0,0,0,0,0,0,0,0,43
326,1324,9,387,100,0,0,0,0,0,0,0,0,0,43
327,1192,9,405,100,0,0,0,0,0,0,0,0,0,45
328,1172,9,432,100,0,0,0,0,0,0,0,0,0,48
329,1340,9,414,100,0,0,0,0,0,0,0,0,0,46
330,1484,9,405,100,0,0,0,0,0,0,0,0,0,45
331,1572,9,441,100,0,0,0,0,0,0,0,0,0,49
332,1356,9,432,100,0,0,0,0,0,0,0,0,0,48
333,1528,9,459,100,0,0,0,0,0,0,0,0,0,51
334,1604,9,495,100,0,0,0,0,0,0,0,0,0,55
335,1484,9,441,100,0,0,0,0,0,0,0,0,0,49
336,1220,9,459,100,0,0,0,0,0,0,0,0,0,51
337,1328,9,468,100,0,0,0,0,0,0,0,0,0,52
338,1076,9,441,100,0,0,0,0,0,0,0,0,0,49
339,1184,9,468,100,0,0,0,0,0,0,0,0,0,52
340,1348,9,468,100,0,0,0,0,0,0,0,0,0,52
341,1156,9,441,100,0,0,0,0,0,0,0,0,0,49
342,1468,9,459,100,0,0,0,0,0,0,0,0,0,51
343,1316,9,441,100,0,0,0,0,0,0,0,0,0,49
344,1368,9,432,100,0,0,0,0,0,0,0,0,0,48
345,1556,9,459,100,0,0,0,0,0,0,0,0,0,51
346,1540,9,459,100,0,0,0,0,0,0,0,0,0,51
347,1404,9,450,100,0,0,0,0,0,0,0,0,0,50
348,1388,9,459,100,0,0,0,0,0,0,0,0,0,51
349,1392,9,459,100,0,0,0,0,0,0,0,0,0,51
350,1080,9,369,100,0,0,0,0,0,0,0,0,0,41
351,1476,9,414,100,0,0,0,0,0,0,0,0,0,46
352,1568,9,414,100,0,0,0,0,0,0,0,0,0,46
353,1496,9,432,100,0,0,0,0,0,0,0,0,0,48
354,1508,9,423,100,0,0,0,0,0,0,0,0,0,47
355,1412,9,414,100,0,0,0,0,0,0,0,0,0,46
356,1308,9,369,100,0,0,0,0,0,0,0,0,0,41
357,1476,9,414,100,0,0,0,0,0,0,0,0,0,46
358,1308,9,414,100,0,0,0,0,0,0,0,0,0,46
359,1248,9,432,100,0,0,0,0,0,0,0,0,0,48
360,1588,9,459,100,0,0,0,0,0,0,0,0,0,51
361,1720,9,468,100,0,0,0,0,0,0,0,0,0,52
362,1488,9,432,100,0,0,0,0,0,0,0,0,0,48
363,1400,9,405,100,0,0,0,0,0,0,0,0,0,45
364,1556,9,414,100,0,0,0,0,0,0,0,0,0,46
365,1332,9,423,100,0,0,0,0,0,0,0,0,0,47
366,1108,9,405,100,0,0,0,0,0,0,0,0,0,45
367,1380,9,432,100,0,0,0,0,0,0,0,0,0,48
368,1348,9,450,100,0,0,0,0,0,0,0,0,0,50
369,1312,9,432,100,0,0,0,0,0,0,0,0,0,48
370,1448,9,450,100,0,0,0,0,0,0,0,0,0,50
371,1340,9,432,100,0,0,0,0,0,0,0,0,0,48
372,1016,9,405,100,0,0,0,0,0,0,0,0,0,45
373,1320,9,432,100,0,0,0,0,0,0,0,0,0,48
374,1256,9,423,100,0,0,0,0,0,0,0,0,0,47
375,1336,9,405,100,0,0,0,0,0,0,0,0,0,45
376,1608,9,450,100,0,0,0,0,0,0,0,0,0,50
377,1508,9,468,100,0,0,0,0,0,0,0,0,0,52
378,1616,9,486,100,0,0,0,0,0,0,0,0,0,54
379,1220,9,432,100,0,0,0,0,0,0,0,0,0,48
380,1044,9,414,100,0,0,0,0,0,0,0,0,0,46
381,1216,9,405,100,0,0,0,0,0,0,0,0,0,45
382,1276,9,414,100,0,0,0,0,0,0,0,0,0,46
383,1272,9,414,100,0,0,0,0,0,0,0,0,0,46
384,1332,9,459,100,0,0,0,0,0,0,0,0,0,51
385,1320,9,513,100,0,0,0,0,0,0,0,0,0,57
386,1352,9,513,100,0,0,0,0,0,0,0,0,0,57
387,1280,9,522,100,0,0,0,0,0,0,0,0,0,58
388,1284,9,513,100,0,0,0,0,0,0,0,0,0,57
389,1080,9,477,100,0,0,0,0,0,0,0,0,0,53
390,1356,9,486,100,0,0,0,0,0,0,0,0,0,54
391,1392,9,486,100,0,0,0,0,0,0,0,0,0,54
392,1604,9,504,100,0,0,0,0,0,0,0,0,0,56
393,1164,9,441,100,0,0,0,0,0,0,0,0,0,49
394,1200,9,441,100,0,0,0,0,0,0,0,0,0,49
395,1380,9,432,100,0,0,0,0,0,0,0,0,0,48
396,1448,9,423,100,0,0,0,0,0,0,0,0,0,47
397,1448,9,459,100,0,0,0,0,0,0,0,0,0,51
398,1220,9,423,100,0,0,0,0,0,0,0,0,0,47
399,1244,9,450,100,0,0,0,0,0,0,0,0,0,50
400,1208,9,459,100,0,0,0,0,0,0,0,0,0,51
401,1464,9,477,100,0,0,0,0,0,0,0,0,0,53
402,1216,9,423,100,0,0,0,0,0,0,0,0,0,47
403,1360,9,441,100,0,0,0,0,0,0,0,0,0,49
404,1136,9,414,100,0,0,0,0,0,0,0,0,0,46
405,1124,9,432,100,0,0,0,0,0,0,0,0,0,48
406,1268,9,414,100,0,0,0,0,0,0,0,0,0,46
407,1236,9,432,100,0,0,0,0,0,0,0,0,0,48
408,1292,9,423,100,0,0,0,0,0,0,0,0,0,47
409,1084,9,423,100,0,0,0,0,0,0,0,0,0,47
410,1048,9,414,100,0,0,0,0,0,0,0,0,0,46
411,1572,9,486,100,0,0,0,0,0,0,0,0,0,54
412,1072,9,432,100,0,0,0,0,0,0,0,0,0,48
413,1144,9,423,100,0,0,0,0,0,0,0,0,0,47
414,1292,9,459,100,0,0,0,0,0,0,0,0,0,51
415,1276,9,468,100,0,0,0,0,0,0,0,0,0,52
416,1228,9,432,100,0,0,0,0,0,0,0,0,0,48
417,1108,9,423,100,0,0,0,0,0,0,0,0,0,47
418,1200,9,441,100,0,0,0,0,0,0,0,0,0,49
419,1204,9,459,100,0,0,0,0,0,0,0,0,0,51
420,1220,9,459,100,0,0,0,0,0,0,0,0,0,51
421,1132,9,459,100,0,0,0,0,0,0,0,0,0,51
422,1192,9,477,100,0,0,0,0,0,0,0,0,0,53
423,1060,9,423,100,0,0,0,0,0,0,0,0,0,47
424,1148,9,459,100,0,0,0,0,0,0,0,0,0,51
425,1512,9,468,100,0,0,0,0,0,0,0,0,0,52
426,1012,9,414,100,0,0,0,0,0,0,0,0,0,46
427,1344,9,468,100,0,0,0,0,0,0,0,0,0,52
428,1164,9,468,100,0,0,0,0,0,0,0,0,0,52
429,1204,9,468,100,0,0,0,0,0,0,0,0,0,52
430,1084,9,432,100,0,0,0,0,0,0,0,0,0,48
431,1096,9,405,100,0,0,0,0,0,0,0,0,0,45
432,1360,9,423,100,0,0,0,0,0,0,0,0,0,47
433,1064,9,414,100,0,0,0,0,0,0,0,0,0,46
434,1072,9,423,100,0,0,0,0,0,0,0,0,0,47
435,1000,9,396,100,0,0,0,0,0,0,0,0,0,44
436,1032,9,423,100,0,0,0,0,0,0,0,0,0,47
437,1192,9,441,100,0,0,0,0,0,0,0,0,0,49
438,1124,9,450,100,0,0,0,0,0,0,0,0,0,50
439,880,9,414,100,0,0,0,0,0,0,0,0,0,46
440,1196,9,414,100,0,0,0,0,0,0,0,0,0,46
441,1180,9,423,100,0,0,0,0,0,0,0,0,0,47
442,1040,9,441,100,0,0,0,0,0,0,0,0,0,49
443,972,9,432,100,0,0,0,0,0,0,0,0,0,48
444,1032,9,432,100,0,0,0,0,0,0,0,0,0,48
445,1208,9,468,100,0,0,0,0,0,0,0,0,0,52
446,1032,9,423,100,0,0,0,0,0,0,0,0,0,47
447,1100,9,459,100,0,0,0,0,0,0,0,0,0,51
448,1312,9,450,100,0,0,0,0,0,0,0,0,0,50
449,1332,9,450,100,0,0,0,0,0,0,0,0,0,50
450,1324,9,441,100,0,0,0,0,0,0,0,0,0,49
451,952,9,441,100,0,0,0,0,0,0,0,0,0,49
452,1132,9,477,100,0,0,0,0,0,0,0,0,0,53
453,1068,9,495,100,0,0,0,0,0,0,0,0,0,55
454,984,9,459,100,0,0,0,0,0,0,0,0,0,51
455,1024,9,414,100,0,0,0,0,0,0,0,0,0,46
456,1320,9,450,100,0,0,0,0,0,0,0,0,0,50
457,1264,9,459,100,0,0,0,0,0,0,0,0,0,51
458,1684,9,459,100,0,0,0,0,0,0,0,0,0,51
459,1600,9,414,100,0,0,0,0,0,0,0,0,0,46
460,1644,9,450,100,0,0,0,0,0,0,0,0,0,50
461,1548,9,468,100,0,0,0,0,0,0,0,0,0,52
462,1072,9,405,100,0,0,0,0,0,0,0,0,0,45
463,1500,9,405,100,0,0,0,0,0,0,0,0,0,45
464,1700,9,414,100,0,0,0,0,0,0,0,0,0,46
465,1288,9,432,100,0,0,0,0,0,0,0,0,0,48
466,1520,9,414,100,0,0,0,0,0,0,0,0,0,46
467,1604,9,405,100,0,0,0,0,0,0,0,0,0,45
468,1544,9,405,100,0,0,0,0,0,0,0,0,0,45
469,1708,9,423,100,0,0,0,0,0,0,0,0,0,47
470,1660,9,423,100,0,0,0,0,0,0,0,0,0,47
471,1844,9,414,100,0,0,0,0,0,0,0,0,0,46
472,2032,9,468,100,0,0,0,0,0,0,0,0,0,52
473,2132,9,396,100,0,0,0,0,0,0,0,0,0,44
474,1872,9,405,100,0,0,0,0,0,0,0,0,0,45
475,2232,9,405,100,0,0,0,0,0,0,0,0,0,45
476,2012,9,396,100,0,0,0,0,0,0,0,0,0,44
477,2600,9,441,100,0,0,0,0,0,0,0,0,0,49
478,2392,9,405,100,0,0,0,0,0,0,0,0,0,45
479,2760,9,405,100,0,0,0,0,0,0,0,0,0,45
480,2608,9,396,100,0,0,0,0,0,0,0,0,0,44
481,3000,9,396,100,0,0,0,0,0,0,0,0,0,44
482,2068,9,405,100,0,0,0,0,0,0,0,0,0,45
483,2036,9,459,100,0,0,0,0,0,0,0,0,0,51
484,2316,9,468,100,0,0,0,0,0,0,0,0,0,52
485,1988,9,468,100,0,0,0,0,0,0,0,0,0,52
486,2360,9,441,100,0,0,0,0,0,0,0,0,0,49
487,1760,9,387,100,0,0,0,0,0,0,0,0,0,43
488,1872,9,432,100,0,0,0,0,0,0,0,0,0,48
489,2084,9,423,100,0,0,0,0,0,0,0,0,0,47
490,2276,9,405,100,0,0,0,0,0,0,0,0,0,45
491,2076,9,378,100,0,0,0,0,0,0,0,0,0,42
492,2616,9,432,100,0,0,0,0,0,0,0,0,0,48
493,3048,9,432,100,0,0,0,0,0,0,0,0,0,48
494,2600,9,441,100,0,0,0,0,0,0,0,0,0,49
495,3004,9,459,100,0,0,0,0,0,0,0,0,0,51
496,2828,9,432,100,0,0,0,0,0,0,0,0,0,48
497,2408,9,450,100,0,0,0,0,0,0,0,0,0,50
498,2060,9,450,100,0,0,0,0,0,0,0,0,0,50
499,1984,9,405,100,0,0,0,0,0,0,0,0,0,45
500,1904,9,387,100,0,0,0,0,0,0,0,0,0,43
501,2316,9,423,100,0,0,0,0,0,0,0,0,0,47
502,2072,9,423,100,0,0,0,0,0,0,0,0,0,47
503,2128,9,441,100,0,0,0,0,0,0,0,0,0,49
504,2208,9,468,100,0,0,0,0,0,0,0,0,0,52
505,2052,9,432,100,0,0,0,0,0,0,0,0,0,48
506,1940,9,414,100,0,0,0,0,0,0,0,0,0,46
507,1316,9,396,100,0,0,0,0,0,0,0,0,0,44
508,1584,9,405,100,0,0,0,0,0,0,0,0,0,45
509,1524,9,423,100,0,0,0,0,0,0,0,0,0,47
510,1276,9,414,100,0,0,0,0,0,0,0,0,0,46
511,1380,9,414,100,0,0,0,0,0,0,0,0,0,46
512,1284,9,387,100,0,0,0,0,0,0,0,0,0,43
513,1428,9,450,100,0,0,0,0,0,0,0,0,0,50
514,1456,9,450,100,0,0,0,0,0,0,0,0,0,50
515,1400,9,441,100,0,0,0,0,0,0,0,0,0,49
516,1256,9,441,100,0,0,0,0,0,0,0,0,0,49
517,1136,9,441,100,0,0,0,0,0,0,0,0,0,49
518,1484,9,441,100,0,0,0,0,0,0,0,0,0,49
519,1452,9,441,100,0,0,0,0,0,0,0,0,0,49
520,1352,9,450,100,0,0,0,0,0,0,0,0,0,50
521,1204,9,414,100,0,0,0,0,0,0,0,0,0,46
522,1312,9,405,100,0,0,0,0,0,0,0,0,0,45
523,1552,9,468,100,0,0,0,0,0,0,0,0,0,52
524,1476,9,450,100,0,0,0,0,0,0,0,0,0,50
525,1224,9,459,100,0,0,0,0,0,0,0,0,0,51
526,1276,9,396,100,0,0,0,0,0,0,0,0,0,44
527,1164,9,405,100,0,0,0,0,0,0,0,0,0,45
528,1488,9,450,100,0,0,0,0,0,0,0,0,0,50
529,1168,9,441,100,0,0,0,0,0,0,0,0,0,49
530,1232,9,441,100,0,0,0,0,0,0,0,0,0,49
531,1088,9,405,100,0,0,0,0,0,0,0,0,0,45
532,1424,9,459,100,0,0,0,0,0,0,0,0,0,51
533,1276,9,477,100,0,0,0,0,0,0,0,0,0,53
534,1252,9,450,100,0,0,0,0,0,0,0,0,0,50
535,1352,9,441,100,0,0,0,0,0,0,0,0,0,49
536,1228,9,423,100,0,0,0,0,0,0,0,0,0,47
537,1212,9,405,100,0,0,0,0,0,0,0,0,0,45
538,1296,9,387,100,0,0,0,0,0,0,0,0,0,43
539,1380,9,387,100,0,0,0,0,0,0,0,0,0,43
540,1708,9,423,100,0,0,0,0,0,0,0,0,0,47
541,1664,9,387,100,0,0,0,0,0,0,0,0,0,43
542,1840,9,432,100,0,0,0,0,0,0,0,0,0,48
543,2052,9,441,100,0,0,0,0,0,0,0,0,0,49
544,2072,9,405,100,0,0,0,0,0,0,0,0,0,45
545,2460,9,432,100,0,0,0,0,0,0,0,0,0,48
546,2268,9,405,100,0,0,0,0,0,0,0,0,0,45
547,2604,9,441,100,0,0,0,0,0,0,0,0,0,49
548,2636,9,405,100,0,0,0,0,0,0,0,0,0,45
549,2832,9,405,100,0,0,0,0,0,0,0,0,0,45
550,1480,9,432,100,0,0,0,0,0,0,0,0,0,48
551,1548,9,414,100,0,0,0,0,0,0,0,0,0,46
552,1256,9,360,100,0,0,0,0,0,0,0,0,0,40
553,1704,9,432,100,0,0,0,0,0,0,0,0,0,48
554,1940,9,450,100,0,0,0,0,0,0,0,0,0,50
555,1852,9,423,100,0,0,0,0,0,0,0,0,0,47
556,1248,9,441,100,0,0,0,0,0,0,0,0,0,49
557,1148,9,423,100,0,0,0,0,0,0,0,0,0,47
558,1356,9,432,100,0,0,0,0,0,0,0,0,0,48
559,1324,9,477,100,0,0,0,0,0,0,0,0,0,53
560,1164,9,441,100,0,0,0,0,0,0,0,0,0,49
561,1308,9,423,100,0,0,0,0,0,0,0,0,0,47
562,1196,9,423,100,0,0,0,0,0,0,0,0,0,47
563,1112,9,405,100,0,0,0,0,0,0,0,0,0,45
564,1396,9,459,100,0,0,0,0,0,0,0,0,0,51
565,1420,9,441,100,0,0,0,0,0,0,0,0,0,49
566,1408,9,423,100,0,0,0,0,0,0,0,0,0,47
567,1252,9,414,100,0,0,0,0,0,0,0,0,0,46
568,1196,9,432,100,0,0,0,0,0,0,0,0,0,48
569,1228,9,414,100,0,0,0,0,0,0,0,0,0,46
570,1248,9,414,100,0,0,0,0,0,0,0,0,0,46
571,1236,9,396,100,0,0,0,0,0,0,0,0,0,44
572,1372,9,405,100,0,0,0,0,0,0,0,0,0,45
573,1388,9,387,100,0,0,0,0,0,0,0,0,0,43
574,1552,9,450,100,0,0,0,0,0,0,0,0,0,50
575,1440,9,396,100,0,0,0,0,0,0,0,0,0,44
576,1464,9,405,100,0,0,0,0,0,0,0,0,0,45
577,1760,9,450,100,0,0,0,0,0,0,0,0,0,50
578,1264,9,414,100,0,0,0,0,0,0,0,0,0,46
579,1504,9,432,100,0,0,0,0,0,0,0,0,0,48
580,1636,9,477,100,0,0,0,0,0,0,0,0,0,53
581,1604,9,468,100,0,0,0,0,0,0,0,0,0,52
582,1184,9,414,100,0,0,0,0,0,0,0,0,0,46
583,1468,9,432,100,0,0,0,0,0,0,0,0,0,48
584,1572,9,450,100,0,0,0,0,0,0,0,0,0,50
585,1544,9,468,100,0,0,0,0,0,0,0,0,0,52
586,1240,9,450,100,0,0,0,0,0,0,0,0,0,50
587,1300,9,450,100,0,0,0,0,0,0,0,0,0,50
588,1540,9,477,100,0,0,0,0,0,0,0,0,0,53
589,1844,9,486,100,0,0,0,0,0,0,0,0,0,54
590,1464,9,459,100,0,0,0,0,0,0,0,0,0,51
591,1332,9,459,100,0,0,0,0,0,0,0,0,0,51
592,1240,9,441,100,0,0,0,0,0,0,0,0,0,49
593,1188,9,405,100,0,0,0,0,0,0,0,0,0,45
594,1384,9,450,100,0,0,0,0,0,0,0,0,0,50
595,1416,9,450,100,0,0,0,0,0,0,0,0,0,50
596,1416,9,450,100,0,0,0,0,0,0,0,0,0,50
597,1244,9,441,100,0,0,0,0,0,0,0,0,0,49
598,1404,9,432,100,0,0,0,0,0,0,0,0,0,48
599,1572,9,468,100,0,0,0,0,0,0,0,0,0,52
600,1152,9,414,100,0,0,0,0,0,0,0,0,0,46
601,1456,9,423,100,0,0,0,0,0,0,0,0,0,47
602,1456,9,405,100,0,0,0,0,0,0,0,0,0,45
603,1540,9,468,100,0,0,0,0,0,0,0,0,0,52
604,1304,9,423,100,0,0,0,0,0,0,0,0,0,47
605,1500,9,441,100,0,0,0,0,0,0,0,0,0,49
606,1556,9,396,100,0,0,0,0,0,0,0,0,0,44
607,1576,9,450,100,0,0,0,0,0,0,0,0,0,50
608,1392,9,432,100,0,0,0,0,0,0,0,0,0,48
609,1696,9,441,100,0,0,0,0,0,0,0,0,0,49
610,1684,9,414,100,0,0,0,0,0,0,0,0,0,46
611,1812,9,441,100,0,0,0,0,0,0,0,0,0,49
612,1848,9,441,100,0,0,0,0,0,0,0,0,0,49
613,1668,9,423,100,0,0,0,0,0,0,0,0,0,47
614,1336,9,378,100,0,0,0,0,0,0,0,0,0,42
615,1380,9,423,100,0,0,0,0,0,0,0,0,0,47
616,1372,9,441,100,0,0,0,0,0,0,0,0,0,49
617,1428,9,450,100,0,0,0,0,0,0,0,0,0,50
618,1328,9,441,100,0,0,0,0,0,0,0,0,0,49
619,1284,9,450,100,0,0,0,0,0,0,0,0,0,50
620,1080,9,405,100,0,0,0,0,0,0,0,0,0,45
621,1144,9,414,100,0,0,0,0,0,0,0,0,0,46
622,1104,9,432,100,0,0,0,0,0,0,0,0,0,48
623,1128,9,414,100,0,0,0,0,0,0,0,0,0,46
624,1232,9,414,100,0,0,0,0,0,0,0,0,0,46
625,1308,9,423,100,0,0,0,0,0,0,0,0,0,47
626,1324,9,468,100,0,0,0,0,0,0,0,0,0,52
627,1496,9,477,100,0,0,0,0,0,0,0,0,0,53
628,1336,9,423,100,0,0,0,0,0,0,0,0,0,47
629,1464,9,432,100,0,0,0,0,0,0,0,0,0,48
630,1524,9,477,100,0,0,0,0,0,0,0,0,0,53
631,1316,9,423,100,0,0,0,0,0,0,0,0,0,47
632,1460,9,468,100,0,0,0,0,0,0,0,0,0,52
633,1528,9,477,100,0,0,0,0,0,0,0,0,0,53
634,1232,9,450,100,0,0,0,0,0,0,0,0,0,50
635,1092,9,450,100,0,0,0,0,0,0,0,0,0,50
636,1092,9,459,100,0,0,0,0,0,0,0,0,0,51
637,1204,9,459,100,0,0,0,0,0,0,0,0,0,51
638,1172,9,450,100,0,0,0,0,0,0,0,0,0,50
639,1124,9,468,100,0,0,0,0,0,0,0,0,0,52
640,1140,9,477,100,0,0,0,0,0,0,0,0,0,53
641,1280,9,468,100,0,0,0,0,0,0,0,0,0,52
642,1304,9,468,100,0,0,0,0,0,0,0,0,0,52
643,1160,9,477,100,0,0,0,0,0,0,0,0,0,53
644,1244,9,459,100,0,0,0,0,0,0,0,0,0,51
645,1624,9,486,100,0,0,0,0,0,0,0,0,0,54
646,1328,9,423,100,0,0,0,0,0,0,0,0,0,47
647,1328,9,414,100,0,0,0,0,0,0,0,0,0,46
648,1568,9,414,100,0,0,0,0,0,0,0,0,0,46
649,1948,9,468,100,0,0,0,0,0,0,0,0,0,52
650,2004,9,441,100,0,0,0,0,0,0,0,0,0,49
651,1300,9,477,100,0,0,0,0,0,0,0,0,0,53
652,1356,9,459,100,0,0,0,0,0,0,0,0,0,51
653,1560,9,405,100,0,0,0,0,0,0,0,0,0,45
654,1960,9,468,100,0,0,0,0,0,0,0,0,0,52
655,2060,9,450,100,0,0,0,0,0,0,0,0,0,50
656,1816,9,423,100,0,0,0,0,0,0,0,0,0,47
657,2072,9,432,100,0,0,0,0,0,0,0,0,0,48
658,1992,9,468,100,0,0,0,0,0,0,0,0,0,52
659,1948,9,441,100,0,0,0,0,0,0,0,0,0,49
660,1880,9,441,100,0,0,0,0,0,0,0,0,0,49
661,1560,9,441,100,0,0,0,0,0,0,0,0,0,49
662,1464,9,414,100,0,0,0,0,0,0,0,0,0,46
663,1876,9,450,100,0,0,0,0,0,0,0,0,0,50
664,1544,9,432,100,0,0,0,0,0,0,0,0,0,48
665,1744,9,423,100,0,0,0,0,0,0,0,0,0,47
666,1628,9,414,100,0,0,0,0,0,0,0,0,0,46
667,1636,9,432,100,0,0,0,0,0,0,0,0,0,48
668,1536,9,423,100,0,0,0,0,0,0,0,0,0,47
669,1468,9,414,100,0,0,0,0,0,0,0,0,0,46
670,1272,9,432,100,0,0,0,0,0,0,0,0,0,48
671,1172,9,396,100,0,0,0,0,0,0,0,0,0,44
672,1536,9,378,100,0,0,0,0,0,0,0,0,0,42
673,1492,9,414,100,0,0,0,0,0,0,0,0,0,46
674,1492,9,387,100,0,0,0,0,0,0,0,0,0,43
675,1724,9,423,100,0,0,0,0,0,0,0,0,0,47
676,1380,9,405,100,0,0,0,0,0,0,0,0,0,45
677,1252,9,414,100,0,0,0,0,0,0,0,0,0,46
678,1256,9,432,100,0,0,0,0,0,0,0,0,0,48
679,1256,9,441,100,0,0,0,0,0,0,0,0,0,49
680,1384,9,441,100,0,0,0,0,0,0,0,0,0,49
681,1492,9,459,100,0,0,0,0,0,0,0,0,0,51
682,1248,9,423,100,0,0,0,0,0,0,0,0,0,47
683,1532,9,441,100,0,0,0,0,0,0,0,0,0,49
684,1396,9,468,100,0,0,0,0,0,0,0,0,0,52
685,1396,9,468,100,0,0,0,0,0,0,0,0,0,52
686,1584,9,468,100,0,0,0,0,0,0,0,0,0,52
687,1256,9,405,100,0,0,0,0,0,0,0,0,0,45
688,1492,9,414,100,0,0,0,0,0,0,0,0,0,46
689,1164,9,450,100,0,0,0,0,0,0,0,0,0,50
690,1100,9,450,100,0,0,0,0,0,0,0,0,0,50
691,1060,9,441,100,0,0,0,0,0,0,0,0,0,49
692,1360,9,423,100,0,0,0,0,0,0,0,0,0,47
693,1356,9,432,100,0,0,0,0,0,0,0,0,0,48
694,1592,9,468,100,0,0,0,0,0,0,0,0,0,52
695,1216,9,441,100,0,0,0,0,0,0,0,0,0,49
696,1592,9,477,100,0,0,0,0,0,0,0,0,0,53
697,1476,9,459,100,0,0,0,0,0,0,0,0,0,51
698,1436,9,486,100,0,0,0,0,0,0,0,0,0,54
699,1284,9,423,100,0,0,0,0,0,0,0,0,0,47
700,1240,9,441,100,0,0,0,0,0,0,0,0,0,49
701,1268,9,441,100,0,0,0,0,0,0,0,0,0,49
702,1440,9,468,100,0,0,0,0,0,0,0,0,0,52
703,1164,9,414,100,0,0,0,0,0,0,0,0,0,46
704,1232,9,405,100,0,0,0,0,0,0,0,0,0,45
705,1268,9,396,100,0,0,0,0,0,0,0,0,0,44
706,1100,9,378,100,0,0,0,0,0,0,0,0,0,42
707,1240,9,441,100,0,0,0,0,0,0,0,0,0,49
708,1112,9,414,100,0,0,0,0,0,0,0,0,0,46
709,1148,9,423,100,0,0,0,0,0,0,0,0,0,47
710,1156,9,414,100,0,0,0,0,0,0,0,0,0,46
711,1188,9,441,100,0,0,0,0,0,0,0,0,0,49
712,1232,9,450,100,0,0,0,0,0,0,0,0,0,50
713,1140,9,405,100,0,0,0,0,0,0,0,0,0,45
714,1376,9,441,100,0,0,0,0,0,0,0,0,0,49
715,1424,9,432,100,0,0,0,0,0,0,0,0,0,48
716,1152,9,369,100,0,0,0,0,0,0,0,0,0,41
717,1096,9,369,100,0,0,0,0,0,0,0,0,0,41
718,1328,9,450,100,0,0,0,0,0,0,0,0,0,50
719,1172,9,423,100,0,0,0,0,0,0,0,0,0,47
720,1364,9,450,100,0,0,0,0,0,0,0,0,0,50
721,1360,9,414,100,0,0,0,0,0,0,0,0,0,46
722,1284,9,423,100,0,0,0,0,0,0,0,0,0,47
723,1040,9,396,100,0,0,0,0,0,0,0,0,0,44
724,980,9,405,100,0,0,0,0,0,0,0,0,0,45
725,1248,9,432,100,0,0,0,0,0,0,0,0,0,48
726,1436,9,405,100,0,0,0,0,0,0,0,0,0,45
727,1544,9,414,100,0,0,0,0,0,0,0,0,0,46
728,1584,9,432,100,0,0,0,0,0,0,0,0,0,48
729,1648,9,414,100,0,0,0,0,0,0,0,0,0,46
730,1808,9,450,100,0,0,0,0,0,0,0,0,0,50
731,1692,9,450,100,0,0,0,0,0,0,0,0,0,50
732,1740,9,486,100,0,0,0,0,0,0,0,0,0,54
733,1592,9,441,100,0,0,0,0,0,0,0,0,0,49
734,1660,9,450,100,0,0,0,0,0,0,0,0,0,50
735,1508,9,432,100,0,0,0,0,0,0,0,0,0,48
736,1532,9,414,100,0,0,0,0,0,0,0,0,0,46
737,1648,9,414,100,0,0,0,0,0,0,0,0,0,46
738,1752,9,414,100,0,0,0,0,0,0,0,0,0,46
739,1740,9,405,100,0,0,0,0,0,0,0,0,0,45
740,1732,9,414,100,0,0,0,0,0,0,0,0,0,46
741,1508,9,432,100,0,0,0,0,0,0,0,0,0,48
742,1620,9,450,100,0,0,0,0,0,0,0,0,0,50
743,1520,9,468,100,0,0,0,0,0,0,0,0,0,52
744,1264,9,432,100,0,0,0,0,0,0,0,0,0,48
745,1156,9,450,100,0,0,0,0,0,0,0,0,0,50
746,1312,9,432,100,0,0,0,0,0,0,0,0,0,48
747,1280,9,423,100,0,0,0,0,0,0,0,0,0,47
748,1348,9,450,100,0,0,0,0,0,0,0,0,0,50
749,1312,9,468,100,0,0,0,0,0,0,0,0,0,52
750,1408,9,432,100,0,0,0,0,0,0,0,0,0,48
751,1252,9,414,100,0,0,0,0,0,0,0,0,0,46
752,1076,9,387,100,0,0,0,0,0,0,0,0,0,43
753,1316,9,423,100,0,0,0,0,0,0,0,0,0,47
754,1400,9,450,100,0,0,0,0,0,0,0,0,0,50
755,1532,9,414,100,0,0,0,0,0,0,0,0,0,46
756,1836,9,423,100,0,0,0,0,0,0,0,0,0,47
757,2252,9,450,100,0,0,0,0,0,0,0,0,0,50
758,2436,9,423,100,0,0,0,0,0,0,0,0,0,47
759,2152,9,450,100,0,0,0,0,0,0,0,0,0,50
760,1976,9,423,100,0,0,0,0,0,0,0,0,0,47
761,1680,9,414,100,0,0,0,0,0,0,0,0,0,46
762,1884,9,396,100,0,0,0,0,0,0,0,0,0,44
763,2076,9,369,100,0,0,0,0,0,0,0,0,0,41
764,2152,9,360,100,0,0,0,0,0,0,0,0,0,40
765,2012,9,333,100,0,0,0,0,0,0,0,0,0,37
766,2288,9,369,100,0,0,0,0,0,0,0,0,0,41
767,2176,9,360,100,0,0,0,0,0,0,0,0,0,40
768,2644,9,396,100,0,0,0,0,0,0,0,0,0,44
769,3104,9,378,100,0,0,0,0,0,0,0,0,0,42
770,3208,9,360,100,0,0,0,0,0,0,0,0,0,40
771,2976,9,369,100,0,0,0,0,0,0,0,0,0,41
772,2716,9,396,100,0,0,0,0,0,0,0,0,0,44
773,2132,9,387,100,0,0,0,0,0,0,0,0,0,43
774,1888,9,414,100,0,0,0,0,0,0,0,0,0,46
775,1960,9,405,100,0,0,0,0,0,0,0,0,0,45
776,1872,9,369,100,0,0,0,0,0,0,0,0,0,41
777,1648,9,360,100,0,0,0,0,0,0,0,0,0,40
778,1848,9,387,100,0,0,0,0,0,0,0,0,0,43
779,1260,9,414,100,0,0,0,0,0,0,0,0,0,46
780,1264,9,396,100,0,0,0,0,0,0,0,0,0,44
781,1400,9,441,100,0,0,0,0,0,0,0,0,0,49
782,1328,9,405,100,0,0,0,0,0,0,0,0,0,45
783,1416,9,414,100,0,0,0,0,0,0,0,0,0,46
784,1500,9,405,100,0,0,0,0,0,0,0,0,0,45
785,1920,9,450,100,0,0,0,0,0,0,0,0,0,50
786,1076,9,405,100,0,0,0,0,0,0,0,0,0,45
787,1380,9,414,100,0,0,0,0,0,0,0,0,0,46
788,1468,9,459,100,0,0,0,0,0,0,0,0,0,51
789,1448,9,432,100,0,0,0,0,0,0,0,0,0,48
790,1376,9,414,100,0,0,0,0,0,0,0,0,0,46
791,1184,9,450,100,0,0,0,0,0,0,0,0,0,50
792,1024,9,423,100,0,0,0,0,0,0,0,0,0,47
793,1320,9,450,100,0,0,0,0,0,0,0,0,0,50
794,1344,9,450,100,0,0,0,0,0,0,0,0,0,50
795,1212,9,414,100,0,0,0,0,0,0,0,0,0,46
796,1512,9,432,100,0,0,0,0,0,0,0,0,0,48
797,1348,9,432,100,0,0,0,0,0,0,0,0,0,48
798,1068,9,378,100,0,0,0,0,0,0,0,0,0,42
799,1444,9,450,100,0,0,0,0,0,0,0,0,0,50
800,1160,9,423,100,0,0,0,0,0,0,0,0,0,47
801,1244,9,432,100,0,0,0,0,0,0,0,0,0,48
802,1200,9,423,100,0,0,0,0,0,0,0,0,0,47
803,1428,9,477,100,0,0,0,0,0,0,0,0,0,53
804,1292,9,450,100,0,0,0,0,0,0,0,0,0,50
805,1248,9,423,100,0,0,0,0,0,0,0,0,0,47
806,1476,9,468,100,0,0,0,0,0,0,0,0,0,52
807,948,9,423,100,0,0,0,0,0,0,0,0,0,47
808,1120,9,432,100,0,0,0,0,0,0,0,0,0,48
809,1288,9,441,100,0,0,0,0,0,0,0,0,0,49
810,1052,9,405,100,0,0,0,0,0,0,0,0,0,45
811,968,9,387,100,0,0,0,0,0,0,0,0,0,43
812,1160,9,423,100,0,0,0,0,0,0,0,0,0,47
813,1456,9,450,100,0,0,0,0,0,0,0,0,0,50
814,1480,9,378,100,0,0,0,0,0,0,0,0,0,42
815,1972,9,423,100,0,0,0,0,0,0,0,0,0,47
816,2608,9,441,100,0,0,0,0,0,0,0,0,0,49
817,2104,9,396,100,0,0,0,0,0,0,0,0,0,44
818,2064,9,459,100,0,0,0,0,0,0,0,0,0,51
819,1508,9,432,100,0,0,0,0,0,0,0,0,0,48
820,1520,9,387,100,0,0,0,0,0,0,0,0,0,43
821,1732,9,405,100,0,0,0,0,0,0,0,0,0,45
822,1860,9,414,100,0,0,0,0,0,0,0,0,0,46
823,1816,9,432,100,0,0,0,0,0,0,0,0,0,48
824,2340,9,405,100,0,0,0,0,0,0,0,0,0,45
825,2600,9,423,100,0,0,0,0,0,0,0,0,0,47
826,2668,9,396,100,0,0,0,0,0,0,0,0,0,44
827,3008,9,423,100,0,0,0,0,0,0,0,0,0,47
828,2300,9,387,100,0,0,0,0,0,0,0,0,0,43
829,2516,9,378,100,0,0,0,0,0,0,0,0,0,42
830,2356,9,396,100,0,0,0,0,0,0,0,0,0,44
831,1540,9,414,100,0,0,0,0,0,0,0,0,0,46
832,2004,9,441,100,0,0,0,0,0,0,0,0,0,49
833,1840,9,414,100,0,0,0,0,0,0,0,0,0,46
834,1736,9,423,100,0,0,0,0,0,0,0,0,0,47
835,2008,9,486,100,0,0,0,0,0,0,0,0,0,54
836,1640,9,405,100,0,0,0,0,0,0,0,0,0,45
837,1940,9,459,100,0,0,0,0,0,0,0,0,0,51
838,2336,9,441,100,0,0,0,0,0,0,0,0,0,49
839,1636,9,459,100,0,0,0,0,0,0,0,0,0,51
840,1500,9,432,100,0,0,0,0,0,0,0,0,0,48
841,1500,9,432,100,0,0,0,0,0,0,0,0,0,48
842,1384,9,414,100,0,0,0,0,0,0,0,0,0,46
843,1232,9,414,100,0,0,0,0,0,0,0,0,0,46
844,1248,9,414,100,0,0,0,0,0,0,0,0,0,46
845,1216,9,396,100,0,0,0,0,0,0,0,0,0,44
846,1592,9,396,100,0,0,0,0,0,0,0,0,0,44
847,1960,9,459,100,0,0,0,0,0,0,0,0,0,51
848,1664,9,441,100,0,0,0,0,0,0,0,0,0,49
849,1456,9,495,100,0,0,0,0,0,0,0,0,0,55
850,1384,9,522,100,0,0,0,0,0,0,0,0,0,58
851,1388,9,513,100,0,0,0,0,0,0,0,0,0,57
852,1488,9,504,100,0,0,0,0,0,0,0,0,0,56
853,1588,9,477,100,0,0,0,0,0,0,0,0,0,53
854,1752,9,504,100,0,0,0,0,0,0,0,0,0,56
855,1100,9,450,100,0,0,0,0,0,0,0,0,0,50
856,1436,9,495,100,0,0,0,0,0,0,0,0,0,55
857,1060,9,459,100,0,0,0,0,0,0,0,0,0,51
858,1140,9,486,100,0,0,0,0,0,0,0,0,0,54
859,1008,9,477,100,0,0,0,0,0,0,0,0,0,53
860,1256,9,450,100,0,0,0,0,0,0,0,0,0,50
861,1400,9,486,100,0,0,0,0,0,0,0,0,0,54
862,1500,9,459,100,0,0,0,0,0,0,0,0,0,51
863,1372,9,477,100,0,0,0,0,0,0,0,0,0,53
864,1168,9,432,100,0,0,0,0,0,0,0,0,0,48
865,1404,9,450,100,0,0,0,0,0,0,0,0,0,50
866,1520,9,468,100,0,0,0,0,0,0,0,0,0,52
867,1084,9,468,100,0,0,0,0,0,0,0,0,0,52
868,1292,9,441,100,0,0,0,0,0,0,0,0,0,49
869,1200,9,441,100,0,0,0,0,0,0,0,0,0,49
870,1008,9,396,100,0,0,0,0,0,0,0,0,0,44
871,1200,9,405,100,0,0,0,0,0,0,0,0,0,45
872,1240,9,396,100,0,0,0,0,0,0,0,0,0,44
873,1328,9,423,100,0,0,0,0,0,0,0,0,0,47
874,1276,9,432,100,0,0,0,0,0,0,0,0,0,48
875,1312,9,441,100,0,0,0,0,0,0,0,0,0,49
876,1276,9,450,100,0,0,0,0,0,0,0,0,0,50
877,1468,9,441,100,0,0,0,0,0,0,0,0,0,49
878,1348,9,405,100,0,0,0,0,0,0,0,0,0,45
879,1856,9,459,100,0,0,0,0,0,0,0,0,0,51
880,1364,9,378,100,0,0,0,0,0,0,0,0,0,42
881,1464,9,423,100,0,0,0,0,0,0,0,0,0,47
882,1332,9,441,100,0,0,0,0,0,0,0,0,0,49
883,1428,9,486,100,0,0,0,0,0,0,0,0,0,54
884,1460,9,495,100,0,0,0,0,0,0,0,0,0,55
885,1608,9,468,100,0,0,0,0,0,0,0,0,0,52
886,1448,9,468,100,0,0,0,0,0,0,0,0,0,52
887,1440,9,486,100,0,0,0,0,0,0,0,0,0,54
888,1540,9,441,100,0,0,0,0,0,0,0,0,0,49
889,1500,9,414,100,0,0,0,0,0,0,0,0,0,46
890,1320,9,405,100,0,0,0,0,0,0,0,0,0,45
891,1020,9,441,100,0,0,0,0,0,0,0,0,0,49
892,1336,9,459,100,0,0,0,0,0,0,0,0,0,51
893,1288,9,441,100,0,0,0,0,0,0,0,0,0,49
894,1488,9,441,100,0,0,0,0,0,0,0,0,0,49
895,1356,9,459,100,0,0,0,0,0,0,0,0,0,51
896,1312,9,432,100,0,0,0,0,0,0,0,0,0,48
897,1392,9,441,100,0,0,0,0,0,0,0,0,0,49
898,1628,9,450,100,0,0,0,0,0,0,0,0,0,50
899,1588,9,450,100,0,0,0,0,0,0,0,0,0,50
900,1544,9,414,100,0,0,0,0,0,0,0,0,0,46
901,1564,9,468,100,0,0,0,0,0,0,0,0,0,52
902,1468,9,468,100,0,0,0,0,0,0,0,0,0,52
903,1436,9,459,100,0,0,0,0,0,0,0,0,0,51
904,1480,9,459,100,0,0,0,0,0,0,0,0,0,51
905,1384,9,459,100,0,0,0,0,0,0,0,0,0,51
906,1600,9,477,100,0,0,0,0,0,0,0,0,0,53
907,1516,9,486,100,0,0,0,0,0,0,0,0,0,54
908,1544,9,450,100,0,0,0,0,0,0,0,0,0,50
909,1792,9,459,100,0,0,0,0,0,0,0,0,0,51
910,1488,9,441,100,0,0,0,0,0,0,0,0,0,49
911,1584,9,432,100,0,0,0,0,0,0,0,0,0,48
912,1864,9,459,100,0,0,0,0,0,0,0,0,0,51
913,1460,9,450,100,0,0,0,0,0,0,0,0,0,50
914,1456,9,477,100,0,0,0,0,0,0,0,0,0,53
915,1512,9,486,100,0,0,0,0,0,0,0,0,0,54
916,1592,9,468,100,0,0,0,0,0,0,0,0,0,52
917,1404,9,450,100,0,0,0,0,0,0,0,0,0,50
918,1264,9,468,100,0,0,0,0,0,0,0,0,0,52
919,1084,9,441,100,0,0,0,0,0,0,0,0,0,49
920,1064,9,450,100,0,0,0,0,0,0,0,0,0,50
921,1272,9,423,100,0,0,0,0,0,0,0,0,0,47
922,1208,9,423,100,0,0,0,0,0,0,0,0,0,47
923,1240,9,459,100,0,0,0,0,0,0,0,0,0,51
924,1268,9,477,100,0,0,0,0,0,0,0,0,0,53
925,1160,9,423,100,0,0,0,0,0,0,0,0,0,47
926,1076,9,396,100,0,0,0,0,0,0,0,0,0,44
927,916,9,387,100,0,0,0,0,0,0,0,0,0,43
928,1252,9,450,100,0,0,0,0,0,0,0,0,0,50
929,1396,9,468,100,0,0,0,0,0,0,0,0,0,52
930,1380,9,414,100,0,0,0,0,0,0,0,0,0,46
931,1320,9,432,100,0,0,0,0,0,0,0,0,0,48
932,1316,9,387,100,0,0,0,0,0,0,0,0,0,43
933,1364,9,432,100,0,0,0,0,0,0,0,0,0,48
934,1348,9,441,100,0,0,0,0,0,0,0,0,0,49
935,1272,9,450,100,0,0,0,0,0,0,0,0,0,50
936,1476,9,432,100,0,0,0,0,0,0,0,0,0,48
937,1604,9,414,100,0,0,0,0,0,0,0,0,0,46
938,1588,9,423,100,0,0,0,0,0,0,0,0,0,47
939,1584,9,459,100,0,0,0,0,0,0,0,0,0,51
940,1620,9,468,100,0,0,0,0,0,0,0,0,0,52
941,1368,9,468,100,0,0,0,0,0,0,0,0,0,52
942,1348,9,486,100,0,0,0,0,0,0,0,0,0,54
943,1132,9,423,100,0,0,0,0,0,0,0,0,0,47
944,1268,9,459,100,0,0,0,0,0,0,0,0,0,51
945,1380,9,432,100,0,0,0,0,0,0,0,0,0,48
946,1420,9,432,100,0,0,0,0,0,0,0,0,0,48
947,1480,9,441,100,0,0,0,0,0,0,0,0,0,49
948,1404,9,441,100,0,0,0,0,0,0,0,0,0,49
949,1144,9,432,100,0,0,0,0,0,0,0,0,0,48
950,1076,9,477,100,0,0,0,0,0,0,0,0,0,53
951,1172,9,432,100,0,0,0,0,0,0,0,0,0,48
952,1200,9,432,100,0,0,0,0,0,0,0,0,0,48
953,1328,9,423,100,0,0,0,0,0,0,0,0,0,47
954,1072,9,423,100,0,0,0,0,0,0,0,0,0,47
955,1068,9,396,100,0,0,0,0,0,0,0,0,0,44
956,916,9,405,100,0,0,0,0,0,0,0,0,0,45
957,824,9,387,100,0,0,0,0,0,0,0,0,0,43
958,1084,9,405,100,0,0,0,0,0,0,0,0,0,45
959,1032,9,369,100,0,0,0,0,0,0,0,0,0,41
960,1344,9,405,100,0,0,0,0,0,0,0,0,0,45
961,1460,9,423,100,0,0,0,0,0,0,0,0,0,47
962,936,9,405,100,0,0,0,0,0,0,0,0,0,45
963,1264,9,450,100,0,0,0,0,0,0,0,0,0,50
964,1308,9,423,100,0,0,0,0,0,0,0,0,0,47
965,1332,9,450,100,0,0,0,0,0,0,0,0,0,50
966,1184,9,423,100,0,0,0,0,0,0,0,0,0,47
967,1176,9,450,100,0,0,0,0,0,0,0,0,0,50
968,976,9,423,100,0,0,0,0,0,0,0,0,0,47
969,1064,9,441,100,0,0,0,0,0,0,0,0,0,49
970,1412,9,459,100,0,0,0,0,0,0,0,0,0,51
971,1388,9,414,100,0,0,0,0,0,0,0,0,0,46
972,1328,9,414,100,0,0,0,0,0,0,0,0,0,46
973,1484,9,441,100,0,0,0,0,0,0,0,0,0,49
974,1412,9,441,100,0,0,0,0,0,0,0,0,0,49
975,1244,9,423,100,0,0,0,0,0,0,0,0,0,47
976,1544,9,432,100,0,0,0,0,0,0,0,0,0,48
977,1404,9,378,100,0,0,0,0,0,0,0,0,0,42
978,1372,9,387,100,0,0,0,0,0,0,0,0,0,43
979,1580,9,432,100,0,0,0,0,0,0,0,0,0,48
980,1612,9,414,100,0,0,0,0,0,0,0,0,0,46
981,1104,9,333,100,0,0,0,0,0,0,0,0,0,37
982,1576,9,405,100,0,0,0,0,0,0,0,0,0,45
983,1336,9,396,100,0,0,0,0,0,0,0,0,0,44
984,1620,9,423,100,0,0,0,0,0,0,0,0,0,47
985,1344,9,405,100,0,0,0,0,0,0,0,0,0,45
986,1396,9,423,100,0,0,0,0,0,0,0,0,0,47
987,1416,9,414,100,0,0,0,0,0,0,0,0,0,46
988,1268,9,414,100,0,0,0,0,0,0,0,0,0,46
989,1540,9,450,100,0,0,0,0,0,0,0,0,0,50
990,1444,9,432,100,0,0,0,0,0,0,0,0,0,48
991,1084,9,396,100,0,0,0,0,0,0,0,0,0,44
992,1172,9,423,100,0,0,0,0,0,0,0,0,0,47
993,1252,9,423,100,0,0,0,0,0,0,0,0,0,47
994,1268,9,450,100,0,0,0,0,0,0,0,0,0,50
995,1184,9,441,100,0,0,0,0,0,0,0,0,0,49
996,1200,9,432,100,0,0,0,0,0,0,0,0,0,48
997,1160,9,414,100,0,0,0,0,0,0,0,0,0,46
998,1452,9,450,100,0,0,0,0,0,0,0,0,0,50
999,1372,9,450,100,0,0,0,0,0,0,0,0,0,50
