update,points,mean_tasks,total_tasks,total_orgs,task_0,task_1,task_2,task_3,task_4,task_5,task_6,task_7,task_8,task_9
0,0,nan,0,10,0,0,0,0,0,0,0,0,0,0
1,0,nan,0,10,0,0,0,0,0,0,0,0,0,0
2,0,nan,0,10,0,0,0,0,0,0,0,0,0,0
3,44,9,9,11,0,0,0,0,0,0,0,0,0,1
4,24,9,9,12,0,0,0,0,0,0,0,0,0,1
5,4,9,9,13,0,0,0,0,0,0,0,0,0,1
6,92,9,27,14,0,0,0,0,0,0,0,0,0,3
7,52,9,27,15,0,0,0,0,0,0,0,0,0,3
8,52,9,27,15,0,0,0,0,0,0,0,0,0,3
9,32,9,27,16,0,0,0,0,0,0,0,0,0,3
10,12,9,27,16,0,0,0,0,0,0,0,0,0,3
11,56,9,36,16,0,0,0,0,0,0,0,0,0,4
12,76,9,36,16,0,0,0,0,0,0,0,0,0,4
13,36,9,36,18,0,0,0,0,0,0,0,0,0,4
14,56,9,36,18,0,0,0,0,0,0,0,0,0,4
15,124,9,54,19,0,0,0,0,0,0,0,0,0,6
16,64,9,54,22,0,0,0,0,0,0,0,0,0,6
17,68,9,63,24,0,0,0,0,0,0,0,0,0,7
18,180,9,90,25,0,0,0,0,0,0,0,0,0,10
19,100,9,90,28,0,0,0,0,0,0,0,0,0,10
20,76,9,81,28,0,0,0,0,0,0,0,0,0,9
21,136,9,81,28,0,0,0,0,0,0,0,0,0,9
22,116,9,81,31,0,0,0,0,0,0,0,0,0,9
23,140,9,90,31,0,0,0,0,0,0,0,0,0,10
24,160,9,90,33,0,0,0,0,0,0,0,0,0,10
25,212,9,117,36,0,0,0,0,0,0,0,0,0,13
26,196,9,126,40,0,0,0,0,0,0,0,0,0,14
27,176,9,135,44,0,0,0,0,0,0,0,0,0,15
28,184,9,144,46,0,0,0,0,0,0,0,0,0,16
29,272,9,171,48,0,0,0,0,0,0,0,0,0,19
30,232,9,171,51,0,0,0,0,0,0,0,0,0,19
31,304,9,189,56,0,0,0,0,0,0,0,0,0,21
32,456,9,216,60,0,0,0,0,0,0,0,0,0,24
33,388,9,225,63,0,0,0,0,0,0,0,0,0,25
34,548,9,252,66,0,0,0,0,0,0,0,0,0,28
35,508,9,252,70,0,0,0,0,0,0,0,0,0,28
36,492,9,252,73,0,0,0,0,0,0,0,0,0,28
37,476,9,270,79,0,0,0,0,0,0,0,0,0,30
38,400,9,270,80,0,0,0,0,0,0,0,0,0,30
39,516,9,288,83,0,0,0,0,0,0,0,0,0,32
40,428,9,270,85,0,0,0,0,0,0,0,0,0,30
41,540,9,288,87,0,0,0,0,0,0,0,0,0,32
42,652,9,315,89,0,0,0,0,0,0,0,0,0,35
43,676,9,315,91,0,0,0,0,0,0,0,0,0,35
44,712,9,324,91,0,0,0,0,0,0,0,0,0,36
45,656,9,324,92,0,0,0,0,0,0,0,0,0,36
46,796,9,360,94,0,0,0,0,0,0,0,0,0,40
47,752,9,351,95,0,0,0,0,0,0,0,0,0,39
48,884,9,351,97,0,0,0,0,0,0,0,0,0,39
49,604,9,324,98,0,0,0,0,0,0,0,0,0,36
50,836,9,351,98,0,0,0,0,0,0,0,0,0,39
51,920,9,333,98,0,0,0,0,0,0,0,0,0,37
52,616,9,342,98,0,0,0,0,0,0,0,0,0,38
53,948,9,378,98,0,0,0,0,0,0,0,0,0,42
54,684,9,387,98,0,0,0,0,0,0,0,0,0,43
55,736,9,387,99,0,0,0,0,0,0,0,0,0,43
56,876,9,378,99,0,0,0,0,0,0,0,0,0,42
57,612,9,324,99,0,0,0,0,0,0,0,0,0,36
58,740,9,351,100,0,0,0,0,0,0,0,0,0,39
59,676,9,378,100,0,0,0,0,0,0,0,0,0,42
60,812,9,360,100,0,0,0,0,0,0,0,0,0,40
61,720,9,369,100,0,0,0,0,0,0,0,0,0,41
62,768,9,342,100,0,0,0,0,0,0,0,0,0,38
63,696,9,333,100,0,0,0,0,0,0,0,0,0,37
64,856,9,369,100,0,0,0,0,0,0,0,0,0,41
65,776,9,360,100,0,0,0,0,0,0,0,0,0,40
66,752,9,333,100,0,0,0,0,0,0,0,0,0,37
67,940,9,360,100,0,0,0,0,0,0,0,0,0,40
68,748,9,351,100,0,0,0,0,0,0,0,0,0,39
69,716,9,378,100,0,0,0,0,0,0,0,0,0,42
70,644,9,369,100,0,0,0,0,0,0,0,0,0,41
71,580,9,333,100,0,0,0,0,0,0,0,0,0,37
72,652,9,378,100,0,0,0,0,0,0,0,0,0,42
73,680,9,387,100,0,0,0,0,0,0,0,0,0,43
74,764,9,360,100,0,0,0,0,0,0,0,0,0,40
75,648,9,360,100,0,0,0,0,0,0,0,0,0,40
76,676,9,342,100,0,0,0,0,0,0,0,0,0,38
77,712,9,387,100,0,0,0,0,0,0,0,0,0,43
78,656,9,378,100,0,0,0,0,0,0,0,0,0,42
79,688,9,396,100,0,0,0,0,0,0,0,0,0,44
80,724,9,387,100,0,0,0,0,0,0,0,0,0,43
81,728,9,396,100,0,0,0,0,0,0,0,0,0,44
82,916,9,378,100,0,0,0,0,0,0,0,0,0,42
83,872,9,369,100,0,0,0,0,0,0,0,0,0,41
84,856,9,378,100,0,0,0,0,0,0,0,0,0,42
85,784,9,369,100,0,0,0,0,0,0,0,0,0,41
86,536,9,315,100,0,0,0,0,0,0,0,0,0,35
87,752,9,369,100,0,0,0,0,0,0,0,0,0,41
88,840,9,369,100,0,0,0,0,0,0,0,0,0,41
89,1048,9,360,100,0,0,0,0,0,0,0,0,0,40
90,688,9,315,100,0,0,0,0,0,0,0,0,0,35
91,952,9,333,100,0,0,0,0,0,0,0,0,0,37
92,708,9,315,100,0,0,0,0,0,0,0,0,0,35
93,612,9,342,100,0,0,0,0,0,0,0,0,0,38
94,636,9,315,100,0,0,0,0,0,0,0,0,0,35
95,580,9,324,100,0,0,0,0,0,0,0,0,0,36
96,836,9,369,100,0,0,0,0,0,0,0,0,0,41
97,672,9,360,100,0,0,0,0,0,0,0,0,0,40
98,692,9,351,100,0,0,0,0,0,0,0,0,0,39
99,724,9,351,100,0,0,0,0,0,0,0,0,0,39
100,728,9,342,100,0,0,0,0,0,0,0,0,0,38
101,772,9,387,100,0,0,0,0,0,0,0,0,0,43
102,772,9,342,100,0,0,0,0,0,0,0,0,0,38
103,524,9,333,100,0,0,0,0,0,0,0,0,0,37
104,516,9,387,100,0,0,0,0,0,0,0,0,0,43
105,688,9,369,100,0,0,0,0,0,0,0,0,0,41
106,468,9,324,100,0,0,0,0,0,0,0,0,0,36
107,652,9,351,100,0,0,0,0,0,0,0,0,0,39
108,540,9,351,100,0,0,0,0,0,0,0,0,0,39
109,612,9,351,100,0,0,0,0,0,0,0,0,0,39
110,540,9,369,100,0,0,0,0,0,0,0,0,0,41
111,444,9,342,100,0,0,0,0,0,0,0,0,0,38
112,600,9,369,100,0,0,0,0,0,0,0,0,0,41
113,616,9,351,100,0,0,0,0,0,0,0,0,0,39
114,504,9,333,100,0,0,0,0,0,0,0,0,0,37
115,520,9,315,100,0,0,0,0,0,0,0,0,0,35
116,608,9,342,100,0,0,0,0,0,0,0,0,0,38
117,636,9,351,100,0,0,0,0,0,0,0,0,0,39
118,460,9,369,100,0,0,0,0,0,0,0,0,0,41
119,720,9,378,100,0,0,0,0,0,0,0,0,0,42
120,784,9,378,100,0,0,0,0,0,0,0,0,0,42
121,712,9,387,100,0,0,0,0,0,0,0,0,0,43
122,760,9,342,100,0,0,0,0,0,0,0,0,0,38
123,892,9,333,100,0,0,0,0,0,0,0,0,0,37
124,636,9,297,100,0,0,0,0,0,0,0,0,0,33
125,860,9,333,100,0,0,0,0,0,0,0,0,0,37
126,952,9,306,100,0,0,0,0,0,0,0,0,0,34
127,1168,9,351,100,0,0,0,0,0,0,0,0,0,39
128,1028,9,342,100,0,0,0,0,0,0,0,0,0,38
129,916,9,315,100,0,0,0,0,0,0,0,0,0,35
130,1008,9,306,100,0,0,0,0,0,0,0,0,0,34
131,1032,9,351,100,0,0,0,0,0,0,0,0,0,39
132,684,9,324,100,0,0,0,0,0,0,0,0,0,36
133,812,9,324,100,0,0,0,0,0,0,0,0,0,36
134,824,9,351,100,0,0,0,0,0,0,0,0,0,39
135,976,9,387,100,0,0,0,0,0,0,0,0,0,43
136,696,9,333,100,0,0,0,0,0,0,0,0,0,37
137,904,9,333,100,0,0,0,0,0,0,0,0,0,37
138,988,9,360,100,0,0,0,0,0,0,0,0,0,40
139,1016,9,351,100,0,0,0,0,0,0,0,0,0,39
140,660,9,324,100,0,0,0,0,0,0,0,0,0,36
141,1032,9,369,100,0,0,0,0,0,0,0,0,0,41
142,896,9,360,100,0,0,0,0,0,0,0,0,0,40
143,960,9,333,100,0,0,0,0,0,0,0,0,0,37
144,932,9,324,100,0,0,0,0,0,0,0,0,0,36
145,864,9,387,100,0,0,0,0,0,0,0,0,0,43
146,972,9,378,100,0,0,0,0,0,0,0,0,0,42
147,1068,9,396,100,0,0,0,0,0,0,0,0,0,44
148,1068,9,396,100,0,0,0,0,0,0,0,0,0,44
149,928,9,333,100,0,0,0,0,0,0,0,0,0,37
150,1192,9,378,100,0,0,0,0,0,0,0,0,0,42
151,1356,9,387,100,0,0,0,0,0,0,0,0,0,43
152,1236,9,387,100,0,0,0,0,0,0,0,0,0,43
153,1328,9,405,100,0,0,0,0,0,0,0,0,0,45
154,1172,9,369,100,0,0,0,0,0,0,0,0,0,41
155,1460,9,378,100,0,0,0,0,0,0,0,0,0,42
156,1592,9,396,100,0,0,0,0,0,0,0,0,0,44
157,1496,9,414,100,0,0,0,0,0,0,0,0,0,46
158,1488,9,405,100,0,0,0,0,0,0,0,0,0,45
159,1492,9,387,100,0,0,0,0,0,0,0,0,0,43
160,1552,9,396,100,0,0,0,0,0,0,0,0,0,44
161,1512,9,405,100,0,0,0,0,0,0,0,0,0,45
162,1524,9,432,100,0,0,0,0,0,0,0,0,0,48
163,1440,9,423,100,0,0,0,0,0,0,0,0,0,47
164,1400,9,387,100,0,0,0,0,0,0,0,0,0,43
165,1324,9,387,100,0,0,0,0,0,0,0,0,0,43
166,1780,9,450,100,0,0,0,0,0,0,0,0,0,50
167,1608,9,441,100,0,0,0,0,0,0,0,0,0,49
168,1756,9,432,100,0,0,0,0,0,0,0,0,0,48
169,1756,9,441,100,0,0,0,0,0,0,0,0,0,49
170,1492,9,414,100,0,0,0,0,0,0,0,0,0,46
171,1464,9,423,100,0,0,0,0,0,0,0,0,0,47
172,1416,9,387,100,0,0,0,0,0,0,0,0,0,43
173,1488,9,369,100,0,0,0,0,0,0,0,0,0,41
174,1296,9,387,100,0,0,0,0,0,0,0,0,0,43
175,1320,9,414,100,0,0,0,0,0,0,0,0,0,46
176,1280,9,396,100,0,0,0,0,0,0,0,0,0,44
177,1432,9,387,100,0,0,0,0,0,0,0,0,0,43
178,1580,9,423,100,0,0,0,0,0,0,0,0,0,47
179,1400,9,450,100,0,0,0,0,0,0,0,0,0,50
180,1560,9,450,100,0,0,0,0,0,0,0,0,0,50
181,1596,9,477,100,0,0,0,0,0,0,0,0,0,53
182,1472,9,414,100,0,0,0,0,0,0,0,0,0,46
183,1268,9,396,100,0,0,0,0,0,0,0,0,0,44
184,1308,9,387,100,0,0,0,0,0,0,0,0,0,43
185,1396,9,405,100,0,0,0,0,0,0,0,0,0,45
186,1492,9,414,100,0,0,0,0,0,0,0,0,0,46
187,1380,9,396,100,0,0,0,0,0,0,0,0,0,44
188,1152,9,369,100,0,0,0,0,0,0,0,0,0,41
189,1364,9,387,100,0,0,0,0,0,0,0,0,0,43
190,1532,9,414,100,0,0,0,0,0,0,0,0,0,46
191,1628,9,450,100,0,0,0,0,0,0,0,0,0,50
192,1760,9,432,100,0,0,0,0,0,0,0,0,0,48
193,1576,9,414,100,0,0,0,0,0,0,0,0,0,46
194,1600,9,441,100,0,0,0,0,0,0,0,0,0,49
195,1460,9,414,100,0,0,0,0,0,0,0,0,0,46
196,1432,9,396,100,0,0,0,0,0,0,0,0,0,44
197,1652,9,387,100,0,0,0,0,0,0,0,0,0,43
198,1304,9,378,100,0,0,0,0,0,0,0,0,0,42
199,1480,9,441,100,0,0,0,0,0,0,0,0,0,49
200,1244,9,423,100,0,0,0,0,0,0,0,0,0,47
201,1156,9,423,100,0,0,0,0,0,0,0,0,0,47
202,1016,9,387,100,0,0,0,0,0,0,0,0,0,43
203,1192,9,414,100,0,0,0,0,0,0,0,0,0,46
204,884,9,378,100,0,0,0,0,0,0,0,0,0,42
205,1268,9,441,100,0,0,0,0,0,0,0,0,0,49
206,1464,9,468,100,0,0,0,0,0,0,0,0,0,52
207,1264,9,468,100,0,0,0,0,0,0,0,0,0,52
208,1196,9,441,100,0,0,0,0,0,0,0,0,0,49
209,1236,9,423,100,0,0,0,0,0,0,0,0,0,47
210,1204,9,405,100,0,0,0,0,0,0,0,0,0,45
211,1188,9,387,100,0,0,0,0,0,0,0,0,0,43
212,1076,9,378,100,0,0,0,0,0,0,0,0,0,42
213,1160,9,423,100,0,0,0,0,0,0,0,0,0,47
214,1096,9,441,100,0,0,0,0,0,0,0,0,0,49
215,1196,9,414,100,0,0,0,0,0,0,0,0,0,46
216,1280,9,432,100,0,0,0,0,0,0,0,0,0,48
217,1220,9,423,100,0,0,0,0,0,0,0,0,0,47
218,1272,9,423,100,0,0,0,0,0,0,0,0,0,47
219,1288,9,432,100,0,0,0,0,0,0,0,0,0,48
220,1464,9,423,100,0,0,0,0,0,0,0,0,0,47
221,1148,9,450,100,0,0,0,0,0,0,0,0,0,50
222,1548,9,468,100,0,0,0,0,0,0,0,0,0,52
223,1528,9,468,100,0,0,0,0,0,0,0,0,0,52
224,1672,9,459,100,0,0,0,0,0,0,0,0,0,51
225,1764,9,459,100,0,0,0,0,0,0,0,0,0,51
226,1620,9,432,100,0,0,0,0,0,0,0,0,0,48
227,1940,9,441,100,0,0,0,0,0,0,0,0,0,49
228,1868,9,459,100,0,0,0,0,0,0,0,0,0,51
229,1872,9,432,100,0,0,0,0,0,0,0,0,0,48
230,1312,9,396,100,0,0,0,0,0,0,0,0,0,44
231,1584,9,414,100,0,0,0,0,0,0,0,0,0,46
232,1892,9,414,100,0,0,0,0,0,0,0,0,0,46
233,2044,9,432,100,0,0,0,0,0,0,0,0,0,48
234,2332,9,459,100,0,0,0,0,0,0,0,0,0,51
235,1580,9,396,100,0,0,0,0,0,0,0,0,0,44
236,1856,9,387,100,0,0,0,0,0,0,0,0,0,43
237,1820,9,405,100,0,0,0,0,0,0,0,0,0,45
238,2104,9,378,100,0,0,0,0,0,0,0,0,0,42
239,2828,9,468,100,0,0,0,0,0,0,0,0,0,52
240,2924,9,423,100,0,0,0,0,0,0,0,0,0,47
241,2296,9,423,100,0,0,0,0,0,0,0,0,0,47
242,2416,9,396,100,0,0,0,0,0,0,0,0,0,44
243,2704,9,450,100,0,0,0,0,0,0,0,0,0,50
244,3356,9,450,100,0,0,0,0,0,0,0,0,0,50
245,3236,9,405,100,0,0,0,0,0,0,0,0,0,45
246,3464,9,441,100,0,0,0,0,0,0,0,0,0,49
247,3444,9,441,100,0,0,0,0,0,0,0,0,0,49
248,2996,9,459,100,0,0,0,0,0,0,0,0,0,51
249,2844,9,396,100,0,0,0,0,0,0,0,0,0,44
250,3068,9,414,100,0,0,0,0,0,0,0,0,0,46
251,2804,9,396,100,0,0,0,0,0,0,0,0,0,44
252,3280,9,414,100,0,0,0,0,0,0,0,0,0,46
253,3316,9,423,100,0,0,0,0,0,0,0,0,0,47
254,1928,9,387,100,0,0,0,0,0,0,0,0,0,43
255,2540,9,414,100,0,0,0,0,0,0,0,0,0,46
256,2452,9,405,100,0,0,0,0,0,0,0,0,0,45
257,2320,9,432,100,0,0,0,0,0,0,0,0,0,48
258,2324,9,396,100,0,0,0,0,0,0,0,0,0,44
259,2164,9,423,100,0,0,0,0,0,0,0,0,0,47
260,2400,9,423,100,0,0,0,0,0,0,0,0,0,47
261,1792,9,450,100,0,0,0,0,0,0,0,0,0,50
262,1484,9,468,100,0,0,0,0,0,0,0,0,0,52
263,1940,9,495,100,0,0,0,0,0,0,0,0,0,55
264,2056,9,396,100,0,0,0,0,0,0,0,0,0,44
265,2524,9,423,100,0,0,0,0,0,0,0,0,0,47
266,2264,9,423,100,0,0,0,0,0,0,0,0,0,47
267,2312,9,441,100,0,0,0,0,0,0,0,0,0,49
268,2084,9,414,100,0,0,0,0,0,0,0,0,0,46
269,1900,9,414,100,0,0,0,0,0,0,0,0,0,46
270,2308,9,432,100,0,0,0,0,0,0,0,0,0,48
271,2312,9,441,100,0,0,0,0,0,0,0,0,0,49
272,2552,9,450,100,0,0,0,0,0,0,0,0,0,50
273,2556,9,459,100,0,0,0,0,0,0,0,0,0,51
274,2824,9,432,100,0,0,0,0,0,0,0,0,0,48
275,1904,9,414,100,0,0,0,0,0,0,0,0,0,46
276,2044,9,423,100,0,0,0,0,0,0,0,0,0,47
277,2164,9,378,100,0,0,0,0,0,0,0,0,0,42
278,1968,9,405,100,0,0,0,0,0,0,0,0,0,45
279,2140,9,387,100,0,0,0,0,0,0,0,0,0,43
280,1940,9,450,100,0,0,0,0,0,0,0,0,0,50
281,2168,9,441,100,0,0,0,0,0,0,0,0,0,49
282,2024,9,423,100,0,0,0,0,0,0,0,0,0,47
283,2140,9,432,100,0,0,0,0,0,0,0,0,0,48
284,2272,9,450,100,0,0,0,0,0,0,0,0,0,50
285,1904,9,423,100,0,0,0,0,0,0,0,0,0,47
286,1940,9,414,100,0,0,0,0,0,0,0,0,0,46
287,1304,9,405,100,0,0,0,0,0,0,0,0,0,45
288,1304,9,396,100,0,0,0,0,0,0,0,0,0,44
289,1264,9,387,100,0,0,0,0,0,0,0,0,0,43
290,1320,9,387,100,0,0,0,0,0,0,0,0,0,43
291,1636,9,450,100,0,0,0,0,0,0,0,0,0,50
292,1552,9,450,100,0,0,0,0,0,0,0,0,0,50
293,1456,9,423,100,0,0,0,0,0,0,0,0,0,47
294,1436,9,450,100,0,0,0,0,0,0,0,0,0,50
295,1180,9,432,100,0,0,0,0,0,0,0,0,0,48
296,1096,9,414,100,0,0,0,0,0,0,0,0,0,46
297,1240,9,414,100,0,0,0,0,0,0,0,0,0,46
298,1204,9,378,100,0,0,0,0,0,0,0,0,0,42
299,1280,9,405,100,0,0,0,0,0,0,0,0,0,45
300,996,9,378,100,0,0,0,0,0,0,0,0,0,42
301,1316,9,396,100,0,0,0,0,0,0,0,0,0,44
302,1244,9,405,100,0,0,0,0,0,0,0,0,0,45
303,1412,9,432,100,0,0,0,0,0,0,0,0,0,48
304,1352,9,459,100,0,0,0,0,0,0,0,0,0,51
305,1180,9,414,100,0,0,0,0,0,0,0,0,0,46
306,1380,9,423,100,0,0,0,0,0,0,0,0,0,47
307,1464,9,414,100,0,0,0,0,0,0,0,0,0,46
308,1432,9,414,100,0,0,0,0,0,0,0,0,0,46
309,1552,9,396,100,0,0,0,0,0,0,0,0,0,44
310,1692,9,468,100,0,0,0,0,0,0,0,0,0,52
311,1168,9,450,100,0,0,0,0,0,0,0,0,0,50
312,1104,9,423,100,0,0,0,0,0,0,0,0,0,47
313,1132,9,378,100,0,0,0,0,0,0,0,0,0,42
314,1360,9,441,100,0,0,0,0,0,0,0,0,0,49
315,1596,9,441,100,0,0,0,0,0,0,0,0,0,49
316,1632,9,405,100,0,0,0,0,0,0,0,0,0,45
317,1900,9,423,100,0,0,0,0,0,0,0,0,0,47
318,1616,9,414,100,0,0,0,0,0,0,0,0,0,46
319,1740,9,432,100,0,0,0,0,0,0,0,0,0,48
320,1856,9,414,100,0,0,0,0,0,0,0,0,0,46
321,2200,9,414,100,0,0,0,0,0,0,0,0,0,46
322,2384,9,432,100,0,0,0,0,0,0,0,0,0,48
323,1956,9,396,100,0,0,0,0,0,0,0,0,0,44
324,1524,9,405,100,0,0,0,0,0,0,0,0,0,45
325,2024,9,450,100,0,0,0,0,0,0,0,0,0,50
326,1772,9,414,100,0,0,0,0,0,0,0,0,0,46
327,1560,9,432,100,0,0,0,0,0,0,0,0,0,48
328,1848,9,459,100,0,0,0,0,0,0,0,0,0,51
329,1360,9,423,100,0,0,0,0,0,0,0,0,0,47
330,1184,9,423,100,0,0,0,0,0,0,0,0,0,47
331,1180,9,396,100,0,0,0,0,0,0,0,0,0,44
332,1240,9,432,100,0,0,0,0,0,0,0,0,0,48
333,1420,9,423,100,0,0,0,0,0,0,0,0,0,47
334,1464,9,441,100,0,0,0,0,0,0,0,0,0,49
335,1428,9,450,100,0,0,0,0,0,0,0,0,0,50
336,1408,9,414,100,0,0,0,0,0,0,0,0,0,46
337,1356,9,396,100,0,0,0,0,0,0,0,0,0,44
338,1248,9,423,100,0,0,0,0,0,0,0,0,0,47
339,1252,9,441,100,0,0,0,0,0,0,0,0,0,49
340,1148,9,423,100,0,0,0,0,0,0,0,0,0,47
341,1156,9,450,100,0,0,0,0,0,0,0,0,0,50
342,1180,9,423,100,0,0,0,0,0,0,0,0,0,47
343,1376,9,450,100,0,0,0,0,0,0,0,0,0,50
344,1464,9,477,100,0,0,0,0,0,0,0,0,0,53
345,1512,9,495,100,0,0,0,0,0,0,0,0,0,55
346,1108,9,432,100,0,0,0,0,0,0,0,0,0,48
347,1560,9,468,100,0,0,0,0,0,0,0,0,0,52
348,1452,9,459,100,0,0,0,0,0,0,0,0,0,51
349,1388,9,423,100,0,0,0,0,0,0,0,0,0,47
350,1396,9,360,100,0,0,0,0,0,0,0,0,0,40
351,1556,9,432,100,0,0,0,0,0,0,0,0,0,48
352,1356,9,432,100,0,0,0,0,0,0,0,0,0,48
353,1304,9,378,100,0,0,0,0,0,0,0,0,0,42
354,1476,9,378,100,0,0,0,0,0,0,0,0,0,42
355,1684,9,441,100,0,0,0,0,0,0,0,0,0,49
356,1308,9,369,100,0,0,0,0,0,0,0,0,0,41
357,1288,9,387,100,0,0,0,0,0,0,0,0,0,43
358,1240,9,405,100,0,0,0,0,0,0,0,0,0,45
359,1456,9,405,100,0,0,0,0,0,0,0,0,0,45
360,1408,9,441,100,0,0,0,0,0,0,0,0,0,49
361,1252,9,423,100,0,0,0,0,0,0,0,0,0,47
362,1224,9,441,100,0,0,0,0,0,0,0,0,0,49
363,1212,9,432,100,0,0,0,0,0,0,0,0,0,48
364,1252,9,450,100,0,0,0,0,0,0,0,0,0,50
365,1184,9,468,100,0,0,0,0,0,0,0,0,0,52
366,1216,9,459,100,0,0,0,0,0,0,0,0,0,51
367,1168,9,468,100,0,0,0,0,0,0,0,0,0,52
368,1348,9,477,100,0,0,0,0,0,0,0,0,0,53
369,1356,9,459,100,0,0,0,0,0,0,0,0,0,51
370,1536,9,477,100,0,0,0,0,0,0,0,0,0,53
371,1244,9,459,100,0,0,0,0,0,0,0,0,0,51
372,1444,9,468,100,0,0,0,0,0,0,0,0,0,52
373,1464,9,468,100,0,0,0,0,0,0,0,0,0,52
374,1412,9,441,100,0,0,0,0,0,0,0,0,0,49
375,1144,9,414,100,0,0,0,0,0,0,0,0,0,46
376,1480,9,432,100,0,0,0,0,0,0,0,0,0,48
377,1356,9,450,100,0,0,0,0,0,0,0,0,0,50
378,1220,9,423,100,0,0,0,0,0,0,0,0,0,47
379,1284,9,459,100,0,0,0,0,0,0,0,0,0,51
380,1232,9,441,100,0,0,0,0,0,0,0,0,0,49
381,1156,9,468,100,0,0,0,0,0,0,0,0,0,52
382,1232,9,459,100,0,0,0,0,0,0,0,0,0,51
383,1552,9,486,100,0,0,0,0,0,0,0,0,0,54
384,1284,9,432,100,0,0,0,0,0,0,0,0,0,48
385,1468,9,441,100,0,0,0,0,0,0,0,0,0,49
386,1436,9,468,100,0,0,0,0,0,0,0,0,0,52
387,1456,9,450,100,0,0,0,0,0,0,0,0,0,50
388,1280,9,450,100,0,0,0,0,0,0,0,0,0,50
389,1224,9,450,100,0,0,0,0,0,0,0,0,0,50
390,1464,9,468,100,0,0,0,0,0,0,0,0,0,52
391,1492,9,450,100,0,0,0,0,0,0,0,0,0,50
392,1536,9,441,100,0,0,0,0,0,0,0,0,0,49
393,1380,9,450,100,0,0,0,0,0,0,0,0,0,50
394,1396,9,432,100,0,0,0,0,0,0,0,0,0,48
395,1412,9,432,100,0,0,0,0,0,0,0,0,0,48
396,1400,9,432,100,0,0,0,0,0,0,0,0,0,48
397,1532,9,468,100,0,0,0,0,0,0,0,0,0,52
398,1392,9,432,100,0,0,0,0,0,0,0,0,0,48
399,1548,9,486,100,0,0,0,0,0,0,0,0,0,54
400,1352,9,459,100,0,0,0,0,0,0,0,0,0,51
401,1192,9,441,100,0,0,0,0,0,0,0,0,0,49
402,1496,9,468,100,0,0,0,0,0,0,0,0,0,52
403,1592,9,468,100,0,0,0,0,0,0,0,0,0,52
404,1440,9,477,100,0,0,0,0,0,0,0,0,0,53
405,1388,9,450,100,0,0,0,0,0,0,0,0,0,50
406,1496,9,477,100,0,0,0,0,0,0,0,0,0,53
407,1304,9,459,100,0,0,0,0,0,0,0,0,0,51
408,1700,9,495,100,0,0,0,0,0,0,0,0,0,55
409,1436,9,486,100,0,0,0,0,0,0,0,0,0,54
410,1252,9,450,100,0,0,0,0,0,0,0,0,0,50
411,1168,9,405,100,0,0,0,0,0,0,0,0,0,45
412,1456,9,423,100,0,0,0,0,0,0,0,0,0,47
413,1496,9,432,100,0,0,0,0,0,0,0,0,0,48
414,1524,9,450,100,0,0,0,0,0,0,0,0,0,50
415,1256,9,423,100,0,0,0,0,0,0,0,0,0,47
416,1304,9,387,100,0,0,0,0,0,0,0,0,0,43
417,1264,9,405,100,0,0,0,0,0,0,0,0,0,45
418,1352,9,405,100,0,0,0,0,0,0,0,0,0,45
419,1400,9,414,100,0,0,0,0,0,0,0,0,0,46
420,1512,9,450,100,0,0,0,0,0,0,0,0,0,50
421,1468,9,423,100,0,0,0,0,0,0,0,0,0,47
422,1484,9,405,100,0,0,0,0,0,0,0,0,0,45
423,1716,9,459,100,0,0,0,0,0,0,0,0,0,51
424,1756,9,423,100,0,0,0,0,0,0,0,0,0,47
425,1556,9,432,100,0,0,0,0,0,0,0,0,0,48
426,1464,9,441,100,0,0,0,0,0,0,0,0,0,49
427,1468,9,423,100,0,0,0,0,0,0,0,0,0,47
428,1344,9,396,100,0,0,0,0,0,0,0,0,0,44
429,1252,9,405,100,0,0,0,0,0,0,0,0,0,45
430,1240,9,441,100,0,0,0,0,0,0,0,0,0,49
431,1156,9,405,100,0,0,0,0,0,0,0,0,0,45
432,1332,9,423,100,0,0,0,0,0,0,0,0,0,47
433,1540,9,441,100,0,0,0,0,0,0,0,0,0,49
434,1464,9,450,100,0,0,0,0,0,0,0,0,0,50
435,1736,9,468,100,0,0,0,0,0,0,0,0,0,52
436,1536,9,414,100,0,0,0,0,0,0,0,0,0,46
437,1248,9,405,100,0,0,0,0,0,0,0,0,0,45
438,1064,9,405,100,0,0,0,0,0,0,0,0,0,45
439,1092,9,423,100,0,0,0,0,0,0,0,0,0,47
440,1356,9,459,100,0,0,0,0,0,0,0,0,0,51
441,1428,9,450,100,0,0,0,0,0,0,0,0,0,50
442,1296,9,432,100,0,0,0,0,0,0,0,0,0,48
443,1372,9,387,100,0,0,0,0,0,0,0,0,0,43
444,1244,9,423,100,0,0,0,0,0,0,0,0,0,47
445,1184,9,423,100,0,0,0,0,0,0,0,0,0,47
446,1240,9,432,100,0,0,0,0,0,0,0,0,0,48
447,1148,9,432,100,0,0,0,0,0,0,0,0,0,48
448,1084,9,432,100,0,0,0,0,0,0,0,0,0,48
449,1288,9,432,100,0,0,0,0,0,0,0,0,0,48
450,1368,9,459,100,0,0,0,0,0,0,0,0,0,51
451,1408,9,450,100,0,0,0,0,0,0,0,0,0,50
452,1128,9,423,100,0,0,0,0,0,0,0,0,0,47
453,1412,9,432,100,0,0,0,0,0,0,0,0,0,48
454,1156,9,378,100,0,0,0,0,0,0,0,0,0,42
455,1520,9,441,100,0,0,0,0,0,0,0,0,0,49
456,1556,9,459,100,0,0,0,0,0,0,0,0,0,51
457,1448,9,432,100,0,0,0,0,0,0,0,0,0,48
458,1404,9,432,100,0,0,0,0,0,0,0,0,0,48
459,1088,9,441,100,0,0,0,0,0,0,0,0,0,49
460,1064,9,441,100,0,0,0,0,0,0,0,0,0,49
461,1376,9,450,100,0,0,0,0,0,0,0,0,0,50
462,1280,9,441,100,0,0,0,0,0,0,0,0,0,49
463,1448,9,450,100,0,0,0,0,0,0,0,0,0,50
464,1244,9,414,100,0,0,0,0,0,0,0,0,0,46
465,1284,9,414,100,0,0,0,0,0,0,0,0,0,46
466,1224,9,387,100,0,0,0,0,0,0,0,0,0,43
467,1316,9,423,100,0,0,0,0,0,0,0,0,0,47
468,1332,9,405,100,0,0,0,0,0,0,0,0,0,45
469,1084,9,378,100,0,0,0,0,0,0,0,0,0,42
470,1428,9,432,100,0,0,0,0,0,0,0,0,0,48
471,1544,9,459,100,0,0,0,0,0,0,0,0,0,51
472,1108,9,423,100,0,0,0,0,0,0,0,0,0,47
473,1472,9,477,100,0,0,0,0,0,0,0,0,0,53
474,1364,9,450,100,0,0,0,0,0,0,0,0,0,50
475,1464,9,450,100,0,0,0,0,0,0,0,0,0,50
476,1144,9,387,100,0,0,0,0,0,0,0,0,0,43
477,1316,9,432,100,0,0,0,0,0,0,0,0,0,48
478,1536,9,468,100,0,0,0,0,0,0,0,0,0,52
479,1152,9,441,100,0,0,0,0,0,0,0,0,0,49
480,1456,9,459,100,0,0,0,0,0,0,0,0,0,51
481,1268,9,450,100,0,0,0,0,0,0,0,0,0,50
482,1296,9,414,100,0,0,0,0,0,0,0,0,0,46
483,1200,9,423,100,0,0,0,0,0,0,0,0,0,47
484,1132,9,432,100,0,0,0,0,0,0,0,0,0,48
485,1440,9,477,100,0,0,0,0,0,0,0,0,0,53
486,1344,9,477,100,0,0,0,0,0,0,0,0,0,53
487,1324,9,450,100,0,0,0,0,0,0,0,0,0,50
488,1492,9,414,100,0,0,0,0,0,0,0,0,0,46
489,1400,9,432,100,0,0,0,0,0,0,0,0,0,48
490,1344,9,450,100,0,0,0,0,0,0,0,0,0,50
491,1532,9,477,100,0,0,0,0,0,0,0,0,0,53
492,1204,9,414,100,0,0,0,0,0,0,0,0,0,46
493,1416,9,414,100,0,0,0,0,0,0,0,0,0,46
494,1392,9,423,100,0,0,0,0,0,0,0,0,0,47
495,1404,9,432,100,0,0,0,0,0,0,0,0,0,48
496,1060,9,405,100,0,0,0,0,0,0,0,0,0,45
497,1224,9,432,100,0,0,0,0,0,0,0,0,0,48
498,1160,9,405,100,0,0,0,0,0,0,0,0,0,45
499,1380,9,405,100,0,0,0,0,0,0,0,0,0,45
500,1108,9,369,100,0,0,0,0,0,0,0,0,0,41
501,936,9,378,100,0,0,0,0,0,0,0,0,0,42
502,1152,9,378,100,0,0,0,0,0,0,0,0,0,42
503,1152,9,396,100,0,0,0,0,0,0,0,0,0,44
504,1072,9,396,100,0,0,0,0,0,0,0,0,0,44
505,1088,9,369,100,0,0,0,0,0,0,0,0,0,41
506,1072,9,378,100,0,0,0,0,0,0,0,0,0,42
507,1284,9,414,100,0,0,0,0,0,0,0,0,0,46
508,1276,9,432,100,0,0,0,0,0,0,0,0,0,48
509,1092,9,423,100,0,0,0,0,0,0,0,0,0,47
510,1172,9,441,100,0,0,0,0,0,0,0,0,0,49
511,1208,9,450,100,0,0,0,0,0,0,0,0,0,50
512,1180,9,432,100,0,0,0,0,0,0,0,0,0,48
513,1036,9,414,100,0,0,0,0,0,0,0,0,0,46
514,1320,9,486,100,0,0,0,0,0,0,0,0,0,54
515,1280,9,468,100,0,0,0,0,0,0,0,0,0,52
516,1284,9,468,100,0,0,0,0,0,0,0,0,0,52
517,1408,9,459,100,0,0,0,0,0,0,0,0,0,51
518,1208,9,432,100,0,0,0,0,0,0,0,0,0,48
519,1224,9,423,100,0,0,0,0,0,0,0,0,0,47
520,1256,9,432,100,0,0,0,0,0,0,0,0,0,48
521,1088,9,441,100,0,0,0,0,0,0,0,0,0,49
522,1212,9,450,100,0,0,0,0,0,0,0,0,0,50
523,892,9,450,100,0,0,0,0,0,0,0,0,0,50
524,984,9,486,100,0,0,0,0,0,0,0,0,0,54
525,1216,9,486,100,0,0,0,0,0,0,0,0,0,54
526,952,9,477,100,0,0,0,0,0,0,0,0,0,53
527,1120,9,441,100,0,0,0,0,0,0,0,0,0,49
528,1300,9,441,100,0,0,0,0,0,0,0,0,0,49
529,1108,9,414,100,0,0,0,0,0,0,0,0,0,46
530,1092,9,423,100,0,0,0,0,0,0,0,0,0,47
531,1024,9,423,100,0,0,0,0,0,0,0,0,0,47
532,1088,9,459,100,0,0,0,0,0,0,0,0,0,51
533,1124,9,441,100,0,0,0,0,0,0,0,0,0,49
534,1204,9,432,100,0,0,0,0,0,0,0,0,0,48
535,1424,9,468,100,0,0,0,0,0,0,0,0,0,52
536,1124,9,441,100,0,0,0,0,0,0,0,0,0,49
537,1028,9,441,100,0,0,0,0,0,0,0,0,0,49
538,1096,9,459,100,0,0,0,0,0,0,0,0,0,51
539,1016,9,423,100,0,0,0,0,0,0,0,0,0,47
540,1412,9,432,100,0,0,0,0,0,0,0,0,0,48
541,1636,9,468,100,0,0,0,0,0,0,0,0,0,52
542,1176,9,450,100,0,0,0,0,0,0,0,0,0,50
543,1184,9,414,100,0,0,0,0,0,0,0,0,0,46
544,1552,9,450,100,0,0,0,0,0,0,0,0,0,50
545,1476,9,441,100,0,0,0,0,0,0,0,0,0,49
546,1428,9,441,100,0,0,0,0,0,0,0,0,0,49
547,1388,9,423,100,0,0,0,0,0,0,0,0,0,47
548,1620,9,405,100,0,0,0,0,0,0,0,0,0,45
549,1712,9,414,100,0,0,0,0,0,0,0,0,0,46
550,2052,9,432,100,0,0,0,0,0,0,0,0,0,48
551,1388,9,405,100,0,0,0,0,0,0,0,0,0,45
552,1568,9,432,100,0,0,0,0,0,0,0,0,0,48
553,1188,9,441,100,0,0,0,0,0,0,0,0,0,49
554,1152,9,396,100,0,0,0,0,0,0,0,0,0,44
555,1372,9,423,100,0,0,0,0,0,0,0,0,0,47
556,1348,9,432,100,0,0,0,0,0,0,0,0,0,48
557,1172,9,423,100,0,0,0,0,0,0,0,0,0,47
558,1492,9,495,100,0,0,0,0,0,0,0,0,0,55
559,1232,9,450,100,0,0,0,0,0,0,0,0,0,50
560,1172,9,405,100,0,0,0,0,0,0,0,0,0,45
561,1196,9,423,100,0,0,0,0,0,0,0,0,0,47
562,1192,9,441,100,0,0,0,0,0,0,0,0,0,49
563,1240,9,468,100,0,0,0,0,0,0,0,0,0,52
564,1036,9,459,100,0,0,0,0,0,0,0,0,0,51
565,1200,9,522,100,0,0,0,0,0,0,0,0,0,58
566,1232,9,495,100,0,0,0,0,0,0,0,0,0,55
567,1136,9,468,100,0,0,0,0,0,0,0,0,0,52
568,1160,9,450,100,0,0,0,0,0,0,0,0,0,50
569,1208,9,468,100,0,0,0,0,0,0,0,0,0,52
570,1136,9,459,100,0,0,0,0,0,0,0,0,0,51
571,1204,9,468,100,0,0,0,0,0,0,0,0,0,52
572,1188,9,441,100,0,0,0,0,0,0,0,0,0,49
573,1300,9,477,100,0,0,0,0,0,0,0,0,0,53
574,1184,9,468,100,0,0,0,0,0,0,0,0,0,52
575,1336,9,423,100,0,0,0,0,0,0,0,0,0,47
576,1312,9,441,100,0,0,0,0,0,0,0,0,0,49
577,1208,9,387,100,0,0,0,0,0,0,0,0,0,43
578,1280,9,405,100,0,0,0,0,0,0,0,0,0,45
579,1500,9,396,100,0,0,0,0,0,0,0,0,0,44
580,1408,9,405,100,0,0,0,0,0,0,0,0,0,45
581,1252,9,432,100,0,0,0,0,0,0,0,0,0,48
582,1100,9,423,100,0,0,0,0,0,0,0,0,0,47
583,1156,9,441,100,0,0,0,0,0,0,0,0,0,49
584,956,9,414,100,0,0,0,0,0,0,0,0,0,46
585,1048,9,423,100,0,0,0,0,0,0,0,0,0,47
586,1096,9,423,100,0,0,0,0,0,0,0,0,0,47
587,1104,9,459,100,0,0,0,0,0,0,0,0,0,51
588,1032,9,441,100,0,0,0,0,0,0,0,0,0,49
589,1320,9,477,100,0,0,0,0,0,0,0,0,0,53
590,1268,9,450,100,0,0,0,0,0,0,0,0,0,50
591,1300,9,504,100,0,0,0,0,0,0,0,0,0,56
592,1112,9,486,100,0,0,0,0,0,0,0,0,0,54
593,1188,9,495,100,0,0,0,0,0,0,0,0,0,55
594,1300,9,513,100,0,0,0,0,0,0,0,0,0,57
595,1328,9,468,100,0,0,0,0,0,0,0,0,0,52
596,1076,9,450,100,0,0,0,0,0,0,0,0,0,50
597,1412,9,477,100,0,0,0,0,0,0,0,0,0,53
598,1256,9,432,100,0,0,0,0,0,0,0,0,0,48
599,1320,9,450,100,0,0,0,0,0,0,0,0,0,50
600,1244,9,441,100,0,0,0,0,0,0,0,0,0,49
601,888,9,405,100,0,0,0,0,0,0,0,0,0,45
602,1148,9,405,100,0,0,0,0,0,0,0,0,0,45
603,1200,9,378,100,0,0,0,0,0,0,0,0,0,42
604,1124,9,378,100,0,0,0,0,0,0,0,0,0,42
605,1092,9,369,100,0,0,0,0,0,0,0,0,0,41
606,1136,9,405,100,0,0,0,0,0,0,0,0,0,45
607,888,9,360,100,0,0,0,0,0,0,0,0,0,40
608,1272,9,441,100,0,0,0,0,0,0,0,0,0,49
609,1168,9,405,100,0,0,0,0,0,0,0,0,0,45
610,1104,9,405,100,0,0,0,0,0,0,0,0,0,45
611,1252,9,423,100,0,0,0,0,0,0,0,0,0,47
612,1508,9,459,100,0,0,0,0,0,0,0,0,0,51
613,1580,9,459,100,0,0,0,0,0,0,0,0,0,51
614,1492,9,441,100,0,0,0,0,0,0,0,0,0,49
615,1456,9,441,100,0,0,0,0,0,0,0,0,0,49
616,1316,9,423,100,0,0,0,0,0,0,0,0,0,47
617,1268,9,432,100,0,0,0,0,0,0,0,0,0,48
618,1400,9,432,100,0,0,0,0,0,0,0,0,0,48
619,1280,9,414,100,0,0,0,0,0,0,0,0,0,46
620,1268,9,414,100,0,0,0,0,0,0,0,0,0,46
621,1316,9,441,100,0,0,0,0,0,0,0,0,0,49
622,1292,9,441,100,0,0,0,0,0,0,0,0,0,49
623,1248,9,450,100,0,0,0,0,0,0,0,0,0,50
624,1324,9,477,100,0,0,0,0,0,0,0,0,0,53
625,1344,9,459,100,0,0,0,0,0,0,0,0,0,51
626,1396,9,477,100,0,0,0,0,0,0,0,0,0,53
627,1624,9,486,100,0,0,0,0,0,0,0,0,0,54
628,1328,9,405,100,0,0,0,0,0,0,0,0,0,45
629,1352,9,432,100,0,0,0,0,0,0,0,0,0,48
630,1272,9,423,100,0,0,0,0,0,0,0,0,0,47
631,1216,9,441,100,0,0,0,0,0,0,0,0,0,49
632,1092,9,441,100,0,0,0,0,0,0,0,0,0,49
633,1196,9,477,100,0,0,0,0,0,0,0,0,0,53
634,1188,9,468,100,0,0,0,0,0,0,0,0,0,52
635,1120,9,468,100,0,0,0,0,0,0,0,0,0,52
636,1196,9,450,100,0,0,0,0,0,0,0,0,0,50
637,1192,9,414,100,0,0,0,0,0,0,0,0,0,46
638,1316,9,432,100,0,0,0,0,0,0,0,0,0,48
639,1088,9,405,100,0,0,0,0,0,0,0,0,0,45
640,1396,9,405,100,0,0,0,0,0,0,0,0,0,45
641,1344,9,432,100,0,0,0,0,0,0,0,0,0,48
642,1392,9,441,100,0,0,0,0,0,0,0,0,0,49
643,1196,9,414,100,0,0,0,0,0,0,0,0,0,46
644,1316,9,441,100,0,0,0,0,0,0,0,0,0,49
645,1400,9,432,100,0,0,0,0,0,0,0,0,0,48
646,1224,9,414,100,0,0,0,0,0,0,0,0,0,46
647,1360,9,414,100,0,0,0,0,0,0,0,0,0,46
648,1464,9,441,100,0,0,0,0,0,0,0,0,0,49
649,1288,9,432,100,0,0,0,0,0,0,0,0,0,48
650,1476,9,441,100,0,0,0,0,0,0,0,0,0,49
651,1432,9,432,100,0,0,0,0,0,0,0,0,0,48
652,1280,9,459,100,0,0,0,0,0,0,0,0,0,51
653,1460,9,486,100,0,0,0,0,0,0,0,0,0,54
654,1376,9,486,100,0,0,0,0,0,0,0,0,0,54
655,1612,9,477,100,0,0,0,0,0,0,0,0,0,53
656,1528,9,468,100,0,0,0,0,0,0,0,0,0,52
657,1632,9,486,100,0,0,0,0,0,0,0,0,0,54
658,1532,9,477,100,0,0,0,0,0,0,0,0,0,53
659,1620,9,459,100,0,0,0,0,0,0,0,0,0,51
660,1524,9,423,100,0,0,0,0,0,0,0,0,0,47
661,1200,9,441,100,0,0,0,0,0,0,0,0,0,49
662,1184,9,432,100,0,0,0,0,0,0,0,0,0,48
663,1236,9,405,100,0,0,0,0,0,0,0,0,0,45
664,1252,9,423,100,0,0,0,0,0,0,0,0,0,47
665,1184,9,432,100,0,0,0,0,0,0,0,0,0,48
666,1220,9,459,100,0,0,0,0,0,0,0,0,0,51
667,1488,9,477,100,0,0,0,0,0,0,0,0,0,53
668,1464,9,441,100,0,0,0,0,0,0,0,0,0,49
669,1356,9,477,100,0,0,0,0,0,0,0,0,0,53
670,1400,9,486,100,0,0,0,0,0,0,0,0,0,54
671,1232,9,486,100,0,0,0,0,0,0,0,0,0,54
672,1120,9,423,100,0,0,0,0,0,0,0,0,0,47
673,1312,9,450,100,0,0,0,0,0,0,0,0,0,50
674,972,9,423,100,0,0,0,0,0,0,0,0,0,47
675,1040,9,450,100,0,0,0,0,0,0,0,0,0,50
676,1048,9,450,100,0,0,0,0,0,0,0,0,0,50
677,828,9,432,100,0,0,0,0,0,0,0,0,0,48
678,1104,9,450,100,0,0,0,0,0,0,0,0,0,50
679,1140,9,423,100,0,0,0,0,0,0,0,0,0,47
680,1176,9,459,100,0,0,0,0,0,0,0,0,0,51
681,1216,9,450,100,0,0,0,0,0,0,0,0,0,50
682,1212,9,468,100,0,0,0,0,0,0,0,0,0,52
683,1324,9,459,100,0,0,0,0,0,0,0,0,0,51
684,1288,9,468,100,0,0,0,0,0,0,0,0,0,52
685,1188,9,432,100,0,0,0,0,0,0,0,0,0,48
686,1596,9,504,100,0,0,0,0,0,0,0,0,0,56
687,1484,9,495,100,0,0,0,0,0,0,0,0,0,55
688,1360,9,459,100,0,0,0,0,0,0,0,0,0,51
689,1156,9,405,100,0,0,0,0,0,0,0,0,0,45
690,1128,9,396,100,0,0,0,0,0,0,0,0,0,44
691,1048,9,405,100,0,0,0,0,0,0,0,0,0,45
692,1296,9,414,100,0,0,0,0,0,0,0,0,0,46
693,1168,9,414,100,0,0,0,0,0,0,0,0,0,46
694,1176,9,441,100,0,0,0,0,0,0,0,0,0,49
695,1132,9,459,100,0,0,0,0,0,0,0,0,0,51
696,1140,9,432,100,0,0,0,0,0,0,0,0,0,48
697,996,9,432,100,0,0,0,0,0,0,0,0,0,48
698,1032,9,450,100,0,0,0,0,0,0,0,0,0,50
699,1020,9,441,100,0,0,0,0,0,0,0,0,0,49
700,936,9,405,100,0,0,0,0,0,0,0,0,0,45
701,984,9,423,100,0,0,0,0,0,0,0,0,0,47
702,1216,9,432,100,0,0,0,0,0,0,0,0,0,48
703,1128,9,441,100,0,0,0,0,0,0,0,0,0,49
704,1096,9,414,100,0,0,0,0,0,0,0,0,0,46
705,1104,9,414,100,0,0,0,0,0,0,0,0,0,46
706,1260,9,405,100,0,0,0,0,0,0,0,0,0,45
707,1148,9,396,100,0,0,0,0,0,0,0,0,0,44
708,980,9,342,100,0,0,0,0,0,0,0,0,0,38
709,1536,9,414,100,0,0,0,0,0,0,0,0,0,46
710,1460,9,441,100,0,0,0,0,0,0,0,0,0,49
711,1364,9,459,100,0,0,0,0,0,0,0,0,0,51
712,1260,9,450,100,0,0,0,0,0,0,0,0,0,50
713,1324,9,450,100,0,0,0,0,0,0,0,0,0,50
714,1324,9,441,100,0,0,0,0,0,0,0,0,0,49
715,1192,9,450,100,0,0,0,0,0,0,0,0,0,50
716,1160,9,432,100,0,0,0,0,0,0,0,0,0,48
717,1188,9,432,100,0,0,0,0,0,0,0,0,0,48
718,1292,9,423,100,0,0,0,0,0,0,0,0,0,47
719,1368,9,441,100,0,0,0,0,0,0,0,0,0,49
720,1004,9,432,100,0,0,0,0,0,0,0,0,0,48
721,1144,9,432,100,0,0,0,0,0,0,0,0,0,48
722,1308,9,468,100,0,0,0,0,0,0,0,0,0,52
723,1240,9,432,100,0,0,0,0,0,0,0,0,0,48
724,840,9,378,100,0,0,0,0,0,0,0,0,0,42
725,1068,9,414,100,0,0,0,0,0,0,0,0,0,46
726,1068,9,450,100,0,0,0,0,0,0,0,0,0,50
727,1164,9,441,100,0,0,0,0,0,0,0,0,0,49
728,1204,9,441,100,0,0,0,0,0,0,0,0,0,49
729,1456,9,441,100,0,0,0,0,0,0,0,0,0,49
730,1344,9,450,100,0,0,0,0,0,0,0,0,0,50
731,1316,9,423,100,0,0,0,0,0,0,0,0,0,47
732,1204,9,423,100,0,0,0,0,0,0,0,0,0,47
733,1256,9,423,100,0,0,0,0,0,0,0,0,0,47
734,1348,9,423,100,0,0,0,0,0,0,0,0,0,47
735,1268,9,441,100,0,0,0,0,0,0,0,0,0,49
736,1200,9,432,100,0,0,0,0,0,0,0,0,0,48
737,1364,9,495,100,0,0,0,0,0,0,0,0,0,55
738,1492,9,468,100,0,0,0,0,0,0,0,0,0,52
739,1408,9,441,100,0,0,0,0,0,0,0,0,0,49
740,1140,9,441,100,0,0,0,0,0,0,0,0,0,49
741,1124,9,432,100,0,0,0,0,0,0,0,0,0,48
742,1344,9,468,100,0,0,0,0,0,0,0,0,0,52
743,1268,9,450,100,0,0,0,0,0,0,0,0,0,50
744,1364,9,432,100,0,0,0,0,0,0,0,0,0,48
745,1328,9,450,100,0,0,0,0,0,0,0,0,0,50
746,1112,9,405,100,0,0,0,0,0,0,0,0,0,45
747,1120,9,414,100,0,0,0,0,0,0,0,0,0,46
748,1212,9,450,100,0,0,0,0,0,0,0,0,0,50
749,1344,9,468,100,0,0,0,0,0,0,0,0,0,52
750,1380,9,450,100,0,0,0,0,0,0,0,0,0,50
751,1376,9,441,100,0,0,0,0,0,0,0,0,0,49
752,1392,9,423,100,0,0,0,0,0,0,0,0,0,47
753,1228,9,423,100,0,0,0,0,0,0,0,0,0,47
754,1156,9,396,100,0,0,0,0,0,0,0,0,0,44
755,1400,9,450,100,0,0,0,0,0,0,0,0,0,50
756,1256,9,459,100,0,0,0,0,0,0,0,0,0,51
757,1236,9,468,100,0,0,0,0,0,0,0,0,0,52
758,1240,9,441,100,0,0,0,0,0,0,0,0,0,49
759,996,9,414,100,0,0,0,0,0,0,0,0,0,46
760,1028,9,369,100,0,0,0,0,0,0,0,0,0,41
761,1336,9,405,100,0,0,0,0,0,0,0,0,0,45
762,1220,9,432,100,0,0,0,0,0,0,0,0,0,48
763,960,9,396,100,0,0,0,0,0,0,0,0,0,44
764,1176,9,405,100,0,0,0,0,0,0,0,0,0,45
765,1228,9,405,100,0,0,0,0,0,0,0,0,0,45
766,1296,9,432,100,0,0,0,0,0,0,0,0,0,48
767,1224,9,414,100,0,0,0,0,0,0,0,0,0,46
768,1280,9,441,100,0,0,0,0,0,0,0,0,0,49
769,980,9,423,100,0,0,0,0,0,0,0,0,0,47
770,1256,9,423,100,0,0,0,0,0,0,0,0,0,47
771,1320,9,432,100,0,0,0,0,0,0,0,0,0,48
772,1188,9,414,100,0,0,0,0,0,0,0,0,0,46
773,1200,9,423,100,0,0,0,0,0,0,0,0,0,47
774,1172,9,441,100,0,0,0,0,0,0,0,0,0,49
775,964,9,405,100,0,0,0,0,0,0,0,0,0,45
776,1408,9,450,100,0,0,0,0,0,0,0,0,0,50
777,1004,9,414,100,0,0,0,0,0,0,0,0,0,46
778,1400,9,441,100,0,0,0,0,0,0,0,0,0,49
779,1264,9,450,100,0,0,0,0,0,0,0,0,0,50
780,1244,9,432,100,0,0,0,0,0,0,0,0,0,48
781,1144,9,423,100,0,0,0,0,0,0,0,0,0,47
782,1268,9,459,100,0,0,0,0,0,0,0,0,0,51
783,1212,9,459,100,0,0,0,0,0,0,0,0,0,51
784,980,9,468,100,0,0,0,0,0,0,0,0,0,52
785,1208,9,504,100,0,0,0,0,0,0,0,0,0,56
786,1120,9,468,100,0,0,0,0,0,0,0,0,0,52
787,1268,9,504,100,0,0,0,0,0,0,0,0,0,56
788,944,9,459,100,0,0,0,0,0,0,0,0,0,51
789,1292,9,495,100,0,0,0,0,0,0,0,0,0,55
790,1200,9,495,100,0,0,0,0,0,0,0,0,0,55
791,944,9,459,100,0,0,0,0,0,0,0,0,0,51
792,1192,9,459,100,0,0,0,0,0,0,0,0,0,51
793,976,9,414,100,0,0,0,0,0,0,0,0,0,46
794,1244,9,414,100,0,0,0,0,0,0,0,0,0,46
795,1304,9,423,100,0,0,0,0,0,0,0,0,0,47
796,1384,9,405,100,0,0,0,0,0,0,0,0,0,45
797,1328,9,387,100,0,0,0,0,0,0,0,0,0,43
798,1264,9,405,100,0,0,0,0,0,0,0,0,0,45
799,1212,9,441,100,0,0,0,0,0,0,0,0,0,49
800,1576,9,468,100,0,0,0,0,0,0,0,0,0,52
801,1268,9,450,100,0,0,0,0,0,0,0,0,0,50
802,1516,9,477,100,0,0,0,0,0,0,0,0,0,53
803,1212,9,450,100,0,0,0,0,0,0,0,0,0,50
804,964,9,405,100,0,0,0,0,0,0,0,0,0,45
805,1244,9,441,100,0,0,0,0,0,0,0,0,0,49
806,1192,9,486,100,0,0,0,0,0,0,0,0,0,54
807,1020,9,432,100,0,0,0,0,0,0,0,0,0,48
808,1140,9,450,100,0,0,0,0,0,0,0,0,0,50
809,1096,9,459,100,0,0,0,0,0,0,0,0,0,51
810,1116,9,441,100,0,0,0,0,0,0,0,0,0,49
811,932,9,369,100,0,0,0,0,0,0,0,0,0,41
812,1384,9,441,100,0,0,0,0,0,0,0,0,0,49
813,1236,9,459,100,0,0,0,0,0,0,0,0,0,51
814,1168,9,459,100,0,0,0,0,0,0,0,0,0,51
815,1232,9,477,100,0,0,0,0,0,0,0,0,0,53
816,1336,9,477,100,0,0,0,0,0,0,0,0,0,53
817,996,9,423,100,0,0,0,0,0,0,0,0,0,47
818,1284,9,432,100,0,0,0,0,0,0,0,0,0,48
819,1300,9,450,100,0,0,0,0,0,0,0,0,0,50
820,1108,9,414,100,0,0,0,0,0,0,0,0,0,46
821,1208,9,459,100,0,0,0,0,0,0,0,0,0,51
822,1160,9,450,100,0,0,0,0,0,0,0,0,0,50
823,1156,9,459,100,0,0,0,0,0,0,0,0,0,51
824,1016,9,414,100,0,0,0,0,0,0,0,0,0,46
825,976,9,432,100,0,0,0,0,0,0,0,0,0,48
826,1152,9,441,100,0,0,0,0,0,0,0,0,0,49
827,1244,9,450,100,0,0,0,0,0,0,0,0,0,50
828,1368,9,459,100,0,0,0,0,0,0,0,0,0,51
829,1348,9,459,100,0,0,0,0,0,0,0,0,0,51
830,1288,9,441,100,0,0,0,0,0,0,0,0,0,49
831,1440,9,432,100,0,0,0,0,0,0,0,0,0,48
832,1572,9,441,100,0,0,0,0,0,0,0,0,0,49
833,1644,9,459,100,0,0,0,0,0,0,0,0,0,51
834,1548,9,477,100,0,0,0,0,0,0,0,0,0,53
835,1292,9,504,100,0,0,0,0,0,0,0,0,0,56
836,1256,9,459,100,0,0,0,0,0,0,0,0,0,51
837,1232,9,432,100,0,0,0,0,0,0,0,0,0,48
838,1276,9,450,100,0,0,0,0,0,0,0,0,0,50
839,1452,9,468,100,0,0,0,0,0,0,0,0,0,52
840,1428,9,441,100,0,0,0,0,0,0,0,0,0,49
841,1264,9,432,100,0,0,0,0,0,0,0,0,0,48
842,1348,9,450,100,0,0,0,0,0,0,0,0,0,50
843,1596,9,459,100,0,0,0,0,0,0,0,0,0,51
844,1436,9,450,100,0,0,0,0,0,0,0,0,0,50
845,1648,9,468,100,0,0,0,0,0,0,0,0,0,52
846,1468,9,459,100,0,0,0,0,0,0,0,0,0,51
847,1340,9,423,100,0,0,0,0,0,0,0,0,0,47
848,1832,9,459,100,0,0,0,0,0,0,0,0,0,51
849,1876,9,468,100,0,0,0,0,0,0,0,0,0,52
850,1588,9,486,100,0,0,0,0,0,0,0,0,0,54
851,1632,9,459,100,0,0,0,0,0,0,0,0,0,51
852,1216,9,387,100,0,0,0,0,0,0,0,0,0,43
853,1236,9,432,100,0,0,0,0,0,0,0,0,0,48
854,1148,9,405,100,0,0,0,0,0,0,0,0,0,45
855,1188,9,414,100,0,0,0,0,0,0,0,0,0,46
856,1104,9,414,100,0,0,0,0,0,0,0,0,0,46
857,1296,9,432,100,0,0,0,0,0,0,0,0,0,48
858,1232,9,441,100,0,0,0,0,0,0,0,0,0,49
859,1356,9,441,100,0,0,0,0,0,0,0,0,0,49
860,1140,9,423,100,0,0,0,0,0,0,0,0,0,47
861,1368,9,450,100,0,0,0,0,0,0,0,0,0,50
862,1500,9,459,100,0,0,0,0,0,0,0,0,0,51
863,1536,9,414,100,0,0,0,0,0,0,0,0,0,46
864,1560,9,414,100,0,0,0,0,0,0,0,0,0,46
865,1796,9,441,100,0,0,0,0,0,0,0,0,0,49
866,1808,9,432,100,0,0,0,0,0,0,0,0,0,48
867,1636,9,378,100,0,0,0,0,0,0,0,0,0,42
868,1764,9,459,100,0,0,0,0,0,0,0,0,0,51
869,1536,9,459,100,0,0,0,0,0,0,0,0,0,51
870,1464,9,441,100,0,0,0,0,0,0,0,0,0,49
871,1328,9,450,100,0,0,0,0,0,0,0,0,0,50
872,1308,9,405,100,0,0,0,0,0,0,0,0,0,45
873,1284,9,414,100,0,0,0,0,0,0,0,0,0,46
874,1104,9,378,100,0,0,0,0,0,0,0,0,0,42
875,1300,9,450,100,0,0,0,0,0,0,0,0,0,50
876,1228,9,432,100,0,0,0,0,0,0,0,0,0,48
877,1552,9,414,100,0,0,0,0,0,0,0,0,0,46
878,1548,9,414,100,0,0,0,0,0,0,0,0,0,46
879,1452,9,423,100,0,0,0,0,0,0,0,0,0,47
880,1416,9,396,100,0,0,0,0,0,0,0,0,0,44
881,1644,9,423,100,0,0,0,0,0,0,0,0,0,47
882,1720,9,441,100,0,0,0,0,0,0,0,0,0,49
883,1624,9,441,100,0,0,0,0,0,0,0,0,0,49
884,1596,9,441,100,0,0,0,0,0,0,0,0,0,49
885,1468,9,405,100,0,0,0,0,0,0,0,0,0,45
886,1432,9,423,100,0,0,0,0,0,0,0,0,0,47
887,1596,9,432,100,0,0,0,0,0,0,0,0,0,48
888,1656,9,432,100,0,0,0,0,0,0,0,0,0,48
889,1500,9,450,100,0,0,0,0,0,0,0,0,0,50
890,1500,9,432,100,0,0,0,0,0,0,0,0,0,48
891,1332,9,441,100,0,0,0,0,0,0,0,0,0,49
892,1448,9,450,100,0,0,0,0,0,0,0,0,0,50
893,1420,9,450,100,0,0,0,0,0,0,0,0,0,50
894,1448,9,459,100,0,0,0,0,0,0,0,0,0,51
895,1712,9,441,100,0,0,0,0,0,0,0,0,0,49
896,1860,9,486,100,0,0,0,0,0,0,0,0,0,54
897,1688,9,450,100,0,0,0,0,0,0,0,0,0,50
898,1468,9,423,100,0,0,0,0,0,0,0,0,0,47
899,1324,9,450,100,0,0,0,0,0,0,0,0,0,50
900,1404,9,459,100,0,0,0,0,0,0,0,0,0,51
901,1588,9,495,100,0,0,0,0,0,0,0,0,0,55
902,1396,9,459,100,0,0,0,0,0,0,0,0,0,51
903,1720,9,477,100,0,0,0,0,0,0,0,0,0,53
904,1640,9,432,100,0,0,0,0,0,0,0,0,0,48
905,1808,9,423,100,0,0,0,0,0,0,0,0,0,47
906,1480,9,459,100,0,0,0,0,0,0,0,0,0,51
907,1596,9,450,100,0,0,0,0,0,0,0,0,0,50
908,1752,9,459,100,0,0,0,0,0,0,0,0,0,51
909,1592,9,423,100,0,0,0,0,0,0,0,0,0,47
910,1348,9,414,100,0,0,0,0,0,0,0,0,0,46
911,1440,9,441,100,0,0,0,0,0,0,0,0,0,49
912,1124,9,414,100,0,0,0,0,0,0,0,0,0,46
913,1544,9,441,100,0,0,0,0,0,0,0,0,0,49
914,1560,9,477,100,0,0,0,0,0,0,0,0,0,53
915,1528,9,423,100,0,0,0,0,0,0,0,0,0,47
916,1496,9,432,100,0,0,0,0,0,0,0,0,0,48
917,1244,9,405,100,0,0,0,0,0,0,0,0,0,45
918,1340,9,387,100,0,0,0,0,0,0,0,0,0,43
919,1524,9,423,100,0,0,0,0,0,0,0,0,0,47
920,1576,9,432,100,0,0,0,0,0,0,0,0,0,48
921,1460,9,414,100,0,0,0,0,0,0,0,0,0,46
922,1440,9,414,100,0,0,0,0,0,0,0,0,0,46
923,1280,9,396,100,0,0,0,0,0,0,0,0,0,44
924,1368,9,396,100,0,0,0,0,0,0,0,0,0,44
925,1284,9,378,100,0,0,0,0,0,0,0,0,0,42
926,1332,9,387,100,0,0,0,0,0,0,0,0,0,43
927,1356,9,378,100,0,0,0,0,0,0,0,0,0,42
928,1752,9,387,100,0,0,0,0,0,0,0,0,0,43
929,1540,9,414,100,0,0,0,0,0,0,0,0,0,46
930,1472,9,378,100,0,0,0,0,0,0,0,0,0,42
931,1636,9,405,100,0,0,0,0,0,0,0,0,0,45
932,1564,9,414,100,0,0,0,0,0,0,0,0,0,46
933,1372,9,387,100,0,0,0,0,0,0,0,0,0,43
934,1800,9,405,100,0,0,0,0,0,0,0,0,0,45
935,1604,9,414,100,0,0,0,0,0,0,0,0,0,46
936,1224,9,414,100,0,0,0,0,0,0,0,0,0,46
937,1508,9,423,100,0,0,0,0,0,0,0,0,0,47
938,1620,9,468,100,0,0,0,0,0,0,0,0,0,52
939,1464,9,441,100,0,0,0,0,0,0,0,0,0,49
940,1296,9,405,100,0,0,0,0,0,0,0,0,0,45
941,1420,9,414,100,0,0,0,0,0,0,0,0,0,46
942,1592,9,432,100,0,0,0,0,0,0,0,0,0,48
943,1448,9,432,100,0,0,0,0,0,0,0,0,0,48
944,1392,9,423,100,0,0,0,0,0,0,0,0,0,47
945,1796,9,414,100,0,0,0,0,0,0,0,0,0,46
946,1592,9,414,100,0,0,0,0,0,0,0,0,0,46
947,1824,9,405,100,0,0,0,0,0,0,0,0,0,45
948,1604,9,396,100,0,0,0,0,0,0,0,0,0,44
949,1812,9,423,100,0,0,0,0,0,0,0,0,0,47
950,1812,9,441,100,0,0,0,0,0,0,0,0,0,49
951,1988,9,459,100,0,0,0,0,0,0,0,0,0,51
952,1576,9,450,100,0,0,0,0,0,0,0,0,0,50
953,1768,9,468,100,0,0,0,0,0,0,0,0,0,52
954,1932,9,477,100,0,0,0,0,0,0,0,0,0,53
955,1944,9,441,100,0,0,0,0,0,0,0,0,0,49
956,1672,9,432,100,0,0,0,0,0,0,0,0,0,48
957,1660,9,441,100,0,0,0,0,0,0,0,0,0,49
958,2024,9,450,100,0,0,0,0,0,0,0,0,0,50
959,1752,9,441,100,0,0,0,0,0,0,0,0,0,49
960,2016,9,459,100,0,0,0,0,0,0,0,0,0,51
961,1796,9,432,100,0,0,0,0,0,0,0,0,0,48
962,1648,9,423,100,0,0,0,0,0,0,0,0,0,47
963,1952,9,468,100,0,0,0,0,0,0,0,0,0,52
964,1920,9,414,100,0,0,0,0,0,0,0,0,0,46
965,1820,9,423,100,0,0,0,0,0,0,0,0,0,47
966,1840,9,441,100,0,0,0,0,0,0,0,0,0,49
967,2136,9,468,100,0,0,0,0,0,0,0,0,0,52
968,1932,9,441,100,0,0,0,0,0,0,0,0,0,49
969,1888,9,441,100,0,0,0,0,0,0,0,0,0,49
970,1700,9,405,100,0,0,0,0,0,0,0,0,0,45
971,1880,9,414,100,0,0,0,0,0,0,0,0,0,46
972,1792,9,423,100,0,0,0,0,0,0,0,0,0,47
973,1788,9,423,100,0,0,0,0,0,0,0,0,0,47
974,2076,9,441,100,0,0,0,0,0,0,0,0,0,49
975,1972,9,432,100,0,0,0,0,0,0,0,0,0,48
976,2292,9,468,100,0,0,0,0,0,0,0,0,0,52
977,2228,9,486,100,0,0,0,0,0,0,0,0,0,54
978,1940,9,405,100,0,0,0,0,0,0,0,0,0,45
979,2028,9,405,100,0,0,0,0,0,0,0,0,0,45
980,1864,9,450,100,0,0,0,0,0,0,0,0,0,50
981,2108,9,441,100,0,0,0,0,0,0,0,0,0,49
982,2324,9,414,100,0,0,0,0,0,0,0,0,0,46
983,2524,9,450,100,0,0,0,0,0,0,0,0,0,50
984,2760,9,396,100,0,0,0,0,0,0,0,0,0,44
985,3100,9,387,100,0,0,0,0,0,0,0,0,0,43
986,3472,9,414,100,0,0,0,0,0,0,0,0,0,46
987,3140,9,432,100,0,0,0,0,0,0,0,0,0,48
988,2444,9,405,100,0,0,0,0,0,0,0,0,0,45
989,1424,9,441,100,0,0,0,0,0,0,0,0,0,49
990,1464,9,459,100,0,0,0,0,0,0,0,0,0,51
991,1408,9,441,100,0,0,0,0,0,0,0,0,0,49
992,1436,9,441,100,0,0,0,0,0,0,0,0,0,49
993,1460,9,432,100,0,0,0,0,0,0,0,0,0,48
994,1736,9,450,100,0,0,0,0,0,0,0,0,0,50
995,1264,9,423,100,0,0,0,0,0,0,0,0,0,47
996,1444,9,459,100,0,0,0,0,0,0,0,0,0,51
997,1592,9,450,100,0,0,0,0,0,0,0,0,0,50
998,1808,9,468,100,0,0,0,0,0,0,0,0,0,52
999,1780,9,459,100,0,0,0,0,0,0,0,0,0,51
