update,points,mean_tasks,total_tasks,total_orgs,task_0,task_1,task_2,task_3,task_4,task_5,task_6,task_7,task_8,task_9
0,0,nan,0,10,0,0,0,0,0,0,0,0,0,0
1,0,nan,0,10,0,0,0,0,0,0,0,0,0,0
2,0,nan,0,10,0,0,0,0,0,0,0,0,0,0
3,0,nan,0,10,0,0,0,0,0,0,0,0,0,0
4,0,nan,0,10,0,0,0,0,0,0,0,0,0,0
5,0,nan,0,10,0,0,0,0,0,0,0,0,0,0
6,0,nan,0,10,0,0,0,0,0,0,0,0,0,0
7,44,9,9,11,0,0,0,0,0,0,0,0,0,1
8,24,9,9,11,0,0,0,0,0,0,0,0,0,1
9,0,9,9,11,0,0,0,0,0,0,0,0,0,1
10,0,9,9,11,0,0,0,0,0,0,0,0,0,1
11,0,9,9,11,0,0,0,0,0,0,0,0,0,1
12,0,9,9,11,0,0,0,0,0,0,0,0,0,1
13,0,9,9,11,0,0,0,0,0,0,0,0,0,1
14,0,9,9,11,0,0,0,0,0,0,0,0,0,1
15,44,9,18,12,0,0,0,0,0,0,0,0,0,2
16,24,9,18,13,0,0,0,0,0,0,0,0,0,2
17,0,9,18,13,0,0,0,0,0,0,0,0,0,2
18,0,9,18,13,0,0,0,0,0,0,0,0,0,2
19,0,9,18,13,0,0,0,0,0,0,0,0,0,2
20,0,9,18,13,0,0,0,0,0,0,0,0,0,2
21,0,9,18,13,0,0,0,0,0,0,0,0,0,2
22,44,9,27,14,0,0,0,0,0,0,0,0,0,3
23,68,9,36,14,0,0,0,0,0,0,0,0,0,4
24,88,9,36,15,0,0,0,0,0,0,0,0,0,4
25,0,9,36,15,0,0,0,0,0,0,0,0,0,4
26,0,9,36,15,0,0,0,0,0,0,0,0,0,4
27,0,9,36,15,0,0,0,0,0,0,0,0,0,4
28,0,9,36,15,0,0,0,0,0,0,0,0,0,4
29,0,9,36,15,0,0,0,0,0,0,0,0,0,4
30,0,9,36,15,0,0,0,0,0,0,0,0,0,4
31,0,9,36,15,0,0,0,0,0,0,0,0,0,4
32,44,9,45,16,0,0,0,0,0,0,0,0,0,5
33,0,9,45,16,0,0,0,0,0,0,0,0,0,5
34,44,9,45,16,0,0,0,0,0,0,0,0,0,5
35,0,9,45,16,0,0,0,0,0,0,0,0,0,5
36,0,9,45,16,0,0,0,0,0,0,0,0,0,5
37,0,9,45,16,0,0,0,0,0,0,0,0,0,5
38,0,9,45,16,0,0,0,0,0,0,0,0,0,5
39,0,9,45,16,0,0,0,0,0,0,0,0,0,5
40,0,9,45,16,0,0,0,0,0,0,0,0,0,5
41,0,9,45,16,0,0,0,0,0,0,0,0,0,5
42,44,9,36,16,0,0,0,0,0,0,0,0,0,4
43,0,9,36,16,0,0,0,0,0,0,0,0,0,4
44,0,9,36,16,0,0,0,0,0,0,0,0,0,4
45,0,9,45,16,0,0,0,0,0,0,0,0,0,5
46,0,9,45,16,0,0,0,0,0,0,0,0,0,5
47,0,9,45,16,0,0,0,0,0,0,0,0,0,5
48,0,9,45,16,0,0,0,0,0,0,0,0,0,5
49,0,9,45,16,0,0,0,0,0,0,0,0,0,5
50,0,9,45,16,0,0,0,0,0,0,0,0,0,5
51,0,9,45,16,0,0,0,0,0,0,0,0,0,5
52,44,9,45,17,0,0,0,0,0,0,0,0,0,5
53,0,9,45,17,0,0,0,0,0,0,0,0,0,5
54,0,9,45,17,0,0,0,0,0,0,0,0,0,5
55,0,9,45,17,0,0,0,0,0,0,0,0,0,5
56,0,9,45,17,0,0,0,0,0,0,0,0,0,5
57,0,9,45,17,0,0,0,0,0,0,0,0,0,5
58,0,9,45,17,0,0,0,0,0,0,0,0,0,5
59,0,9,45,17,0,0,0,0,0,0,0,0,0,5
60,0,9,45,17,0,0,0,0,0,0,0,0,0,5
61,0,9,45,17,0,0,0,0,0,0,0,0,0,5
62,44,9,45,17,0,0,0,0,0,0,0,0,0,5
63,0,9,45,17,0,0,0,0,0,0,0,0,0,5
64,0,9,45,17,0,0,0,0,0,0,0,0,0,5
65,0,9,45,17,0,0,0,0,0,0,0,0,0,5
66,0,9,45,17,0,0,0,0,0,0,0,0,0,5
67,0,9,45,17,0,0,0,0,0,0,0,0,0,5
68,0,9,45,17,0,0,0,0,0,0,0,0,0,5
69,0,9,45,17,0,0,0,0,0,0,0,0,0,5
70,44,9,54,18,0,0,0,0,0,0,0,0,0,6
71,0,9,54,18,0,0,0,0,0,0,0,0,0,6
72,44,9,54,18,0,0,0,0,0,0,0,0,0,6
73,0,9,54,18,0,0,0,0,0,0,0,0,0,6
74,0,9,54,18,0,0,0,0,0,0,0,0,0,6
75,0,9,54,18,0,0,0,0,0,0,0,0,0,6
76,0,9,54,18,0,0,0,0,0,0,0,0,0,6
77,0,9,54,18,0,0,0,0,0,0,0,0,0,6
78,0,9,54,18,0,0,0,0,0,0,0,0,0,6
79,0,9,54,18,0,0,0,0,0,0,0,0,0,6
80,0,9,54,18,0,0,0,0,0,0,0,0,0,6
81,0,9,54,18,0,0,0,0,0,0,0,0,0,6
82,44,9,45,18,0,0,0,0,0,0,0,0,0,5
83,0,9,45,18,0,0,0,0,0,0,0,0,0,5
84,0,9,45,18,0,0,0,0,0,0,0,0,0,5
85,0,9,45,18,0,0,0,0,0,0,0,0,0,5
86,0,9,45,18,0,0,0,0,0,0,0,0,0,5
87,0,9,45,18,0,0,0,0,0,0,0,0,0,5
88,0,9,45,18,0,0,0,0,0,0,0,0,0,5
89,0,9,45,18,0,0,0,0,0,0,0,0,0,5
90,0,9,45,18,0,0,0,0,0,0,0,0,0,5
91,0,9,45,18,0,0,0,0,0,0,0,0,0,5
92,44,9,45,18,0,0,0,0,0,0,0,0,0,5
93,0,9,45,18,0,0,0,0,0,0,0,0,0,5
94,0,9,45,18,0,0,0,0,0,0,0,0,0,5
95,0,9,45,18,0,0,0,0,0,0,0,0,0,5
96,0,9,45,18,0,0,0,0,0,0,0,0,0,5
97,0,9,45,18,0,0,0,0,0,0,0,0,0,5
98,0,9,45,18,0,0,0,0,0,0,0,0,0,5
99,0,9,45,18,0,0,0,0,0,0,0,0,0,5
100,44,9,54,19,0,0,0,0,0,0,0,0,0,6
101,24,9,54,19,0,0,0,0,0,0,0,0,0,6
102,48,9,54,20,0,0,0,0,0,0,0,0,0,6
103,4,9,54,20,0,0,0,0,0,0,0,0,0,6
104,4,9,54,20,0,0,0,0,0,0,0,0,0,6
105,4,9,54,20,0,0,0,0,0,0,0,0,0,6
106,4,9,54,20,0,0,0,0,0,0,0,0,0,6
107,4,9,54,20,0,0,0,0,0,0,0,0,0,6
108,4,9,54,20,0,0,0,0,0,0,0,0,0,6
109,48,9,63,21,0,0,0,0,0,0,0,0,0,7
110,116,9,63,23,0,0,0,0,0,0,0,0,0,7
111,32,9,63,23,0,0,0,0,0,0,0,0,0,7
112,56,9,54,23,0,0,0,0,0,0,0,0,0,6
113,12,9,54,23,0,0,0,0,0,0,0,0,0,6
114,12,9,54,23,0,0,0,0,0,0,0,0,0,6
115,12,9,54,23,0,0,0,0,0,0,0,0,0,6
116,52,9,54,23,0,0,0,0,0,0,0,0,0,6
117,32,9,54,24,0,0,0,0,0,0,0,0,0,6
118,56,9,63,25,0,0,0,0,0,0,0,0,0,7
119,36,9,63,26,0,0,0,0,0,0,0,0,0,7
120,104,9,63,27,0,0,0,0,0,0,0,0,0,7
121,40,9,63,27,0,0,0,0,0,0,0,0,0,7
122,64,9,63,27,0,0,0,0,0,0,0,0,0,7
123,20,9,72,27,0,0,0,0,0,0,0,0,0,8
124,20,9,72,27,0,0,0,0,0,0,0,0,0,8
125,20,9,72,27,0,0,0,0,0,0,0,0,0,8
126,64,9,81,28,0,0,0,0,0,0,0,0,0,9
127,44,9,81,29,0,0,0,0,0,0,0,0,0,9
128,112,9,90,31,0,0,0,0,0,0,0,0,0,10
129,92,9,99,32,0,0,0,0,0,0,0,0,0,11
130,248,9,108,34,0,0,0,0,0,0,0,0,0,12
131,52,9,99,35,0,0,0,0,0,0,0,0,0,11
132,120,9,90,35,0,0,0,0,0,0,0,0,0,10
133,32,9,90,35,0,0,0,0,0,0,0,0,0,10
134,32,9,90,35,0,0,0,0,0,0,0,0,0,10
135,32,9,90,35,0,0,0,0,0,0,0,0,0,10
136,76,9,99,36,0,0,0,0,0,0,0,0,0,11
137,76,9,108,36,0,0,0,0,0,0,0,0,0,12
138,144,9,117,37,0,0,0,0,0,0,0,0,0,13
139,108,9,108,39,0,0,0,0,0,0,0,0,0,12
140,132,9,90,39,0,0,0,0,0,0,0,0,0,10
141,48,9,90,39,0,0,0,0,0,0,0,0,0,10
142,92,9,90,39,0,0,0,0,0,0,0,0,0,10
143,72,9,90,39,0,0,0,0,0,0,0,0,0,10
144,96,9,90,40,0,0,0,0,0,0,0,0,0,10
145,128,9,99,41,0,0,0,0,0,0,0,0,0,11
146,108,9,108,42,0,0,0,0,0,0,0,0,0,12
147,128,9,99,42,0,0,0,0,0,0,0,0,0,11
148,244,9,99,45,0,0,0,0,0,0,0,0,0,11
149,100,9,99,48,0,0,0,0,0,0,0,0,0,11
150,148,9,99,48,0,0,0,0,0,0,0,0,0,11
151,84,9,99,49,0,0,0,0,0,0,0,0,0,11
152,108,9,99,49,0,0,0,0,0,0,0,0,0,11
153,104,9,108,50,0,0,0,0,0,0,0,0,0,12
154,152,9,117,51,0,0,0,0,0,0,0,0,0,13
155,136,9,126,51,0,0,0,0,0,0,0,0,0,14
156,136,9,144,52,0,0,0,0,0,0,0,0,0,16
157,140,9,135,52,0,0,0,0,0,0,0,0,0,15
158,224,9,126,53,0,0,0,0,0,0,0,0,0,14
159,204,9,126,54,0,0,0,0,0,0,0,0,0,14
160,164,9,126,55,0,0,0,0,0,0,0,0,0,14
161,156,9,117,56,0,0,0,0,0,0,0,0,0,13
162,96,9,117,56,0,0,0,0,0,0,0,0,0,13
163,44,9,117,56,0,0,0,0,0,0,0,0,0,13
164,240,9,135,58,0,0,0,0,0,0,0,0,0,15
165,176,9,126,58,0,0,0,0,0,0,0,0,0,14
166,264,9,144,60,0,0,0,0,0,0,0,0,0,16
167,204,9,135,61,0,0,0,0,0,0,0,0,0,15
168,256,9,144,62,0,0,0,0,0,0,0,0,0,16
169,156,9,144,62,0,0,0,0,0,0,0,0,0,16
170,156,9,153,63,0,0,0,0,0,0,0,0,0,17
171,136,9,144,63,0,0,0,0,0,0,0,0,0,16
172,116,9,153,63,0,0,0,0,0,0,0,0,0,17
173,136,9,153,63,0,0,0,0,0,0,0,0,0,17
174,312,9,153,65,0,0,0,0,0,0,0,0,0,17
175,212,9,153,66,0,0,0,0,0,0,0,0,0,17
176,240,9,180,66,0,0,0,0,0,0,0,0,0,20
177,188,9,180,67,0,0,0,0,0,0,0,0,0,20
178,296,9,180,68,0,0,0,0,0,0,0,0,0,20
179,412,9,189,68,0,0,0,0,0,0,0,0,0,21
180,284,9,171,69,0,0,0,0,0,0,0,0,0,19
181,156,9,171,69,0,0,0,0,0,0,0,0,0,19
182,292,9,180,70,0,0,0,0,0,0,0,0,0,20
183,388,9,180,70,0,0,0,0,0,0,0,0,0,20
184,308,9,171,71,0,0,0,0,0,0,0,0,0,19
185,268,9,171,71,0,0,0,0,0,0,0,0,0,19
186,424,9,198,72,0,0,0,0,0,0,0,0,0,22
187,428,9,207,74,0,0,0,0,0,0,0,0,0,23
188,400,9,189,75,0,0,0,0,0,0,0,0,0,21
189,356,9,189,76,0,0,0,0,0,0,0,0,0,21
190,328,9,207,76,0,0,0,0,0,0,0,0,0,23
191,412,9,207,76,0,0,0,0,0,0,0,0,0,23
192,312,9,198,78,0,0,0,0,0,0,0,0,0,22
193,424,9,207,78,0,0,0,0,0,0,0,0,0,23
194,292,9,198,78,0,0,0,0,0,0,0,0,0,22
195,364,9,216,80,0,0,0,0,0,0,0,0,0,24
196,500,9,207,82,0,0,0,0,0,0,0,0,0,23
197,536,9,234,84,0,0,0,0,0,0,0,0,0,26
198,492,9,225,84,0,0,0,0,0,0,0,0,0,25
199,520,9,225,86,0,0,0,0,0,0,0,0,0,25
200,408,9,234,86,0,0,0,0,0,0,0,0,0,26
201,628,9,252,87,0,0,0,0,0,0,0,0,0,28
202,704,9,252,88,0,0,0,0,0,0,0,0,0,28
203,604,9,243,88,0,0,0,0,0,0,0,0,0,27
204,388,9,261,89,0,0,0,0,0,0,0,0,0,29
205,428,9,261,90,0,0,0,0,0,0,0,0,0,29
206,752,9,288,92,0,0,0,0,0,0,0,0,0,32
207,636,9,306,93,0,0,0,0,0,0,0,0,0,34
208,556,9,315,93,0,0,0,0,0,0,0,0,0,35
209,556,9,288,93,0,0,0,0,0,0,0,0,0,32
210,464,9,261,94,0,0,0,0,0,0,0,0,0,29
211,600,9,270,94,0,0,0,0,0,0,0,0,0,30
212,400,9,279,94,0,0,0,0,0,0,0,0,0,31
213,248,9,279,94,0,0,0,0,0,0,0,0,0,31
214,372,9,279,94,0,0,0,0,0,0,0,0,0,31
215,444,9,297,94,0,0,0,0,0,0,0,0,0,33
216,432,9,288,94,0,0,0,0,0,0,0,0,0,32
217,428,9,261,94,0,0,0,0,0,0,0,0,0,29
218,356,9,243,94,0,0,0,0,0,0,0,0,0,27
219,212,9,243,95,0,0,0,0,0,0,0,0,0,27
220,296,9,252,95,0,0,0,0,0,0,0,0,0,28
221,416,9,270,95,0,0,0,0,0,0,0,0,0,30
222,396,9,261,95,0,0,0,0,0,0,0,0,0,29
223,276,9,252,95,0,0,0,0,0,0,0,0,0,28
224,384,9,252,95,0,0,0,0,0,0,0,0,0,28
225,440,9,279,96,0,0,0,0,0,0,0,0,0,31
226,396,9,252,96,0,0,0,0,0,0,0,0,0,28
227,460,9,234,96,0,0,0,0,0,0,0,0,0,26
228,556,9,243,96,0,0,0,0,0,0,0,0,0,27
229,512,9,261,96,0,0,0,0,0,0,0,0,0,29
230,700,9,279,97,0,0,0,0,0,0,0,0,0,31
231,600,9,279,97,0,0,0,0,0,0,0,0,0,31
232,396,9,270,98,0,0,0,0,0,0,0,0,0,30
233,572,9,270,98,0,0,0,0,0,0,0,0,0,30
234,688,9,270,98,0,0,0,0,0,0,0,0,0,30
235,772,9,279,98,0,0,0,0,0,0,0,0,0,31
236,884,9,306,98,0,0,0,0,0,0,0,0,0,34
237,888,9,279,98,0,0,0,0,0,0,0,0,0,31
238,1028,9,297,98,0,0,0,0,0,0,0,0,0,33
239,744,9,288,98,0,0,0,0,0,0,0,0,0,32
240,836,9,288,98,0,0,0,0,0,0,0,0,0,32
241,832,9,279,98,0,0,0,0,0,0,0,0,0,31
242,1000,9,279,98,0,0,0,0,0,0,0,0,0,31
243,1092,9,288,98,0,0,0,0,0,0,0,0,0,32
244,1120,9,279,98,0,0,0,0,0,0,0,0,0,31
245,1132,9,270,98,0,0,0,0,0,0,0,0,0,30
246,1216,9,270,98,0,0,0,0,0,0,0,0,0,30
247,1276,9,279,98,0,0,0,0,0,0,0,0,0,31
248,1636,9,306,99,0,0,0,0,0,0,0,0,0,34
249,1220,9,306,99,0,0,0,0,0,0,0,0,0,34
250,1348,9,324,99,0,0,0,0,0,0,0,0,0,36
251,1540,9,324,99,0,0,0,0,0,0,0,0,0,36
252,1808,9,306,99,0,0,0,0,0,0,0,0,0,34
253,1840,9,288,99,0,0,0,0,0,0,0,0,0,32
254,1864,9,279,99,0,0,0,0,0,0,0,0,0,31
255,1836,9,279,99,0,0,0,0,0,0,0,0,0,31
256,1884,9,279,99,0,0,0,0,0,0,0,0,0,31
257,1968,9,288,100,0,0,0,0,0,0,0,0,0,32
258,2172,9,306,100,0,0,0,0,0,0,0,0,0,34
259,2280,9,333,100,0,0,0,0,0,0,0,0,0,37
260,2372,9,315,100,0,0,0,0,0,0,0,0,0,35
261,2304,9,288,100,0,0,0,0,0,0,0,0,0,32
262,2472,9,288,100,0,0,0,0,0,0,0,0,0,32
263,2548,9,315,100,0,0,0,0,0,0,0,0,0,35
264,1756,9,279,100,0,0,0,0,0,0,0,0,0,31
265,2076,9,288,100,0,0,0,0,0,0,0,0,0,32
266,1924,9,270,100,0,0,0,0,0,0,0,0,0,30
267,1992,9,279,100,0,0,0,0,0,0,0,0,0,31
268,1956,9,270,100,0,0,0,0,0,0,0,0,0,30
269,1768,9,252,100,0,0,0,0,0,0,0,0,0,28
270,1804,9,234,100,0,0,0,0,0,0,0,0,0,26
271,2096,9,261,100,0,0,0,0,0,0,0,0,0,29
272,1988,9,252,100,0,0,0,0,0,0,0,0,0,28
273,1076,9,234,100,0,0,0,0,0,0,0,0,0,26
274,908,9,243,100,0,0,0,0,0,0,0,0,0,27
275,1240,9,252,100,0,0,0,0,0,0,0,0,0,28
276,1204,9,252,100,0,0,0,0,0,0,0,0,0,28
277,1376,9,243,100,0,0,0,0,0,0,0,0,0,27
278,1324,9,207,100,0,0,0,0,0,0,0,0,0,23
279,1488,9,216,100,0,0,0,0,0,0,0,0,0,24
280,1668,9,216,100,0,0,0,0,0,0,0,0,0,24
281,1628,9,216,100,0,0,0,0,0,0,0,0,0,24
282,1972,9,243,100,0,0,0,0,0,0,0,0,0,27
283,2136,9,225,100,0,0,0,0,0,0,0,0,0,25
284,2288,9,243,100,0,0,0,0,0,0,0,0,0,27
285,2212,9,243,100,0,0,0,0,0,0,0,0,0,27
286,1996,9,270,100,0,0,0,0,0,0,0,0,0,30
287,2204,9,252,100,0,0,0,0,0,0,0,0,0,28
288,2456,9,306,100,0,0,0,0,0,0,0,0,0,34
289,2364,9,297,100,0,0,0,0,0,0,0,0,0,33
290,2564,9,297,100,0,0,0,0,0,0,0,0,0,33
291,2548,9,315,100,0,0,0,0,0,0,0,0,0,35
292,1584,9,252,100,0,0,0,0,0,0,0,0,0,28
293,2004,9,279,100,0,0,0,0,0,0,0,0,0,31
294,2144,9,297,100,0,0,0,0,0,0,0,0,0,33
295,1860,9,270,100,0,0,0,0,0,0,0,0,0,30
296,2216,9,270,100,0,0,0,0,0,0,0,0,0,30
297,2048,9,261,100,0,0,0,0,0,0,0,0,0,29
298,1952,9,261,100,0,0,0,0,0,0,0,0,0,29
299,1996,9,279,100,0,0,0,0,0,0,0,0,0,31
300,1884,9,252,100,0,0,0,0,0,0,0,0,0,28
301,2144,9,288,100,0,0,0,0,0,0,0,0,0,32
302,2056,9,279,100,0,0,0,0,0,0,0,0,0,31
303,2000,9,297,100,0,0,0,0,0,0,0,0,0,33
304,2016,9,306,100,0,0,0,0,0,0,0,0,0,34
305,2276,9,288,100,0,0,0,0,0,0,0,0,0,32
306,1324,9,306,100,0,0,0,0,0,0,0,0,0,34
307,1600,9,279,100,0,0,0,0,0,0,0,0,0,31
308,1864,9,324,100,0,0,0,0,0,0,0,0,0,36
309,2112,9,324,100,0,0,0,0,0,0,0,0,0,36
310,2216,9,315,100,0,0,0,0,0,0,0,0,0,35
311,1568,9,261,100,0,0,0,0,0,0,0,0,0,29
312,1464,9,315,100,0,0,0,0,0,0,0,0,0,35
313,1420,9,297,100,0,0,0,0,0,0,0,0,0,33
314,1496,9,288,100,0,0,0,0,0,0,0,0,0,32
315,1744,9,297,100,0,0,0,0,0,0,0,0,0,33
316,1460,9,297,100,0,0,0,0,0,0,0,0,0,33
317,1408,9,306,100,0,0,0,0,0,0,0,0,0,34
318,1576,9,342,100,0,0,0,0,0,0,0,0,0,38
319,1448,9,333,100,0,0,0,0,0,0,0,0,0,37
320,1648,9,351,100,0,0,0,0,0,0,0,0,0,39
321,1676,9,360,100,0,0,0,0,0,0,0,0,0,40
322,1712,9,315,100,0,0,0,0,0,0,0,0,0,35
323,1268,9,324,100,0,0,0,0,0,0,0,0,0,36
324,1400,9,333,100,0,0,0,0,0,0,0,0,0,37
325,1496,9,387,100,0,0,0,0,0,0,0,0,0,43
326,1696,9,369,100,0,0,0,0,0,0,0,0,0,41
327,1744,9,324,100,0,0,0,0,0,0,0,0,0,36
328,1944,9,360,100,0,0,0,0,0,0,0,0,0,40
329,1836,9,342,100,0,0,0,0,0,0,0,0,0,38
330,1996,9,351,100,0,0,0,0,0,0,0,0,0,39
331,1724,9,324,100,0,0,0,0,0,0,0,0,0,36
332,2312,9,360,100,0,0,0,0,0,0,0,0,0,40
333,1920,9,333,100,0,0,0,0,0,0,0,0,0,37
334,2040,9,342,100,0,0,0,0,0,0,0,0,0,38
335,2148,9,351,100,0,0,0,0,0,0,0,0,0,39
336,2092,9,333,100,0,0,0,0,0,0,0,0,0,37
337,2384,9,333,100,0,0,0,0,0,0,0,0,0,37
338,1976,9,306,100,0,0,0,0,0,0,0,0,0,34
339,1260,9,270,100,0,0,0,0,0,0,0,0,0,30
340,1132,9,288,100,0,0,0,0,0,0,0,0,0,32
341,1008,9,279,100,0,0,0,0,0,0,0,0,0,31
342,1148,9,306,100,0,0,0,0,0,0,0,0,0,34
343,960,9,297,100,0,0,0,0,0,0,0,0,0,33
344,956,9,288,100,0,0,0,0,0,0,0,0,0,32
345,1100,9,297,100,0,0,0,0,0,0,0,0,0,33
346,1304,9,297,100,0,0,0,0,0,0,0,0,0,33
347,1136,9,297,100,0,0,0,0,0,0,0,0,0,33
348,1148,9,279,100,0,0,0,0,0,0,0,0,0,31
349,1544,9,306,100,0,0,0,0,0,0,0,0,0,34
350,1532,9,315,100,0,0,0,0,0,0,0,0,0,35
351,1836,9,324,100,0,0,0,0,0,0,0,0,0,36
352,1784,9,315,100,0,0,0,0,0,0,0,0,0,35
353,1816,9,315,100,0,0,0,0,0,0,0,0,0,35
354,1936,9,270,100,0,0,0,0,0,0,0,0,0,30
355,1928,9,270,100,0,0,0,0,0,0,0,0,0,30
356,1944,9,243,100,0,0,0,0,0,0,0,0,0,27
357,2176,9,243,100,0,0,0,0,0,0,0,0,0,27
358,2000,9,252,100,0,0,0,0,0,0,0,0,0,28
359,2188,9,234,100,0,0,0,0,0,0,0,0,0,26
360,2136,9,252,100,0,0,0,0,0,0,0,0,0,28
361,1420,9,270,100,0,0,0,0,0,0,0,0,0,30
362,1232,9,279,100,0,0,0,0,0,0,0,0,0,31
363,1324,9,288,100,0,0,0,0,0,0,0,0,0,32
364,968,9,297,100,0,0,0,0,0,0,0,0,0,33
365,1096,9,297,100,0,0,0,0,0,0,0,0,0,33
366,1008,9,243,100,0,0,0,0,0,0,0,0,0,27
367,1304,9,270,100,0,0,0,0,0,0,0,0,0,30
368,1336,9,288,100,0,0,0,0,0,0,0,0,0,32
369,1352,9,261,100,0,0,0,0,0,0,0,0,0,29
370,1492,9,279,100,0,0,0,0,0,0,0,0,0,31
371,1624,9,306,100,0,0,0,0,0,0,0,0,0,34
372,1788,9,288,100,0,0,0,0,0,0,0,0,0,32
373,852,9,270,100,0,0,0,0,0,0,0,0,0,30
374,1208,9,297,100,0,0,0,0,0,0,0,0,0,33
375,1224,9,315,100,0,0,0,0,0,0,0,0,0,35
376,884,9,279,100,0,0,0,0,0,0,0,0,0,31
377,1268,9,342,100,0,0,0,0,0,0,0,0,0,38
378,1328,9,333,100,0,0,0,0,0,0,0,0,0,37
379,1380,9,324,100,0,0,0,0,0,0,0,0,0,36
380,1356,9,315,100,0,0,0,0,0,0,0,0,0,35
381,1488,9,351,100,0,0,0,0,0,0,0,0,0,39
382,1572,9,342,100,0,0,0,0,0,0,0,0,0,38
383,1424,9,333,100,0,0,0,0,0,0,0,0,0,37
384,1676,9,342,100,0,0,0,0,0,0,0,0,0,38
385,1712,9,342,100,0,0,0,0,0,0,0,0,0,38
386,2296,9,360,100,0,0,0,0,0,0,0,0,0,40
387,2140,9,378,100,0,0,0,0,0,0,0,0,0,42
388,1244,9,351,100,0,0,0,0,0,0,0,0,0,39
389,1460,9,405,100,0,0,0,0,0,0,0,0,0,45
390,1652,9,450,100,0,0,0,0,0,0,0,0,0,50
391,1256,9,432,100,0,0,0,0,0,0,0,0,0,48
392,1388,9,450,100,0,0,0,0,0,0,0,0,0,50
393,1268,9,450,100,0,0,0,0,0,0,0,0,0,50
394,1256,9,441,100,0,0,0,0,0,0,0,0,0,49
395,1184,9,432,100,0,0,0,0,0,0,0,0,0,48
396,976,9,414,100,0,0,0,0,0,0,0,0,0,46
397,1132,9,405,100,0,0,0,0,0,0,0,0,0,45
398,1288,9,432,100,0,0,0,0,0,0,0,0,0,48
399,1008,9,414,100,0,0,0,0,0,0,0,0,0,46
400,1140,9,432,100,0,0,0,0,0,0,0,0,0,48
401,1320,9,450,100,0,0,0,0,0,0,0,0,0,50
402,1276,9,468,100,0,0,0,0,0,0,0,0,0,52
403,1196,9,450,100,0,0,0,0,0,0,0,0,0,50
404,1292,9,459,100,0,0,0,0,0,0,0,0,0,51
405,1208,9,486,100,0,0,0,0,0,0,0,0,0,54
406,1340,9,495,100,0,0,0,0,0,0,0,0,0,55
407,1208,9,486,100,0,0,0,0,0,0,0,0,0,54
408,1168,9,468,100,0,0,0,0,0,0,0,0,0,52
409,1348,9,486,100,0,0,0,0,0,0,0,0,0,54
410,1136,9,468,100,0,0,0,0,0,0,0,0,0,52
411,1324,9,441,100,0,0,0,0,0,0,0,0,0,49
412,1460,9,432,100,0,0,0,0,0,0,0,0,0,48
413,1436,9,414,100,0,0,0,0,0,0,0,0,0,46
414,1860,9,450,100,0,0,0,0,0,0,0,0,0,50
415,1616,9,396,100,0,0,0,0,0,0,0,0,0,44
416,1676,9,414,100,0,0,0,0,0,0,0,0,0,46
417,1772,9,468,100,0,0,0,0,0,0,0,0,0,52
418,1700,9,432,100,0,0,0,0,0,0,0,0,0,48
419,1336,9,423,100,0,0,0,0,0,0,0,0,0,47
420,1468,9,459,100,0,0,0,0,0,0,0,0,0,51
421,1268,9,423,100,0,0,0,0,0,0,0,0,0,47
422,1428,9,414,100,0,0,0,0,0,0,0,0,0,46
423,1468,9,414,100,0,0,0,0,0,0,0,0,0,46
424,1248,9,396,100,0,0,0,0,0,0,0,0,0,44
425,1488,9,459,100,0,0,0,0,0,0,0,0,0,51
426,1392,9,432,100,0,0,0,0,0,0,0,0,0,48
427,1400,9,423,100,0,0,0,0,0,0,0,0,0,47
428,1380,9,423,100,0,0,0,0,0,0,0,0,0,47
429,1600,9,468,100,0,0,0,0,0,0,0,0,0,52
430,1284,9,414,100,0,0,0,0,0,0,0,0,0,46
431,1404,9,414,100,0,0,0,0,0,0,0,0,0,46
432,1628,9,459,100,0,0,0,0,0,0,0,0,0,51
433,1764,9,477,100,0,0,0,0,0,0,0,0,0,53
434,1500,9,432,100,0,0,0,0,0,0,0,0,0,48
435,1524,9,423,100,0,0,0,0,0,0,0,0,0,47
436,1396,9,441,100,0,0,0,0,0,0,0,0,0,49
437,1452,9,414,100,0,0,0,0,0,0,0,0,0,46
438,1308,9,441,100,0,0,0,0,0,0,0,0,0,49
439,1136,9,459,100,0,0,0,0,0,0,0,0,0,51
440,1256,9,441,100,0,0,0,0,0,0,0,0,0,49
441,1660,9,450,100,0,0,0,0,0,0,0,0,0,50
442,1436,9,477,100,0,0,0,0,0,0,0,0,0,53
443,1864,9,468,100,0,0,0,0,0,0,0,0,0,52
444,1496,9,468,100,0,0,0,0,0,0,0,0,0,52
445,1592,9,423,100,0,0,0,0,0,0,0,0,0,47
446,1868,9,441,100,0,0,0,0,0,0,0,0,0,49
447,1384,9,414,100,0,0,0,0,0,0,0,0,0,46
448,1580,9,423,100,0,0,0,0,0,0,0,0,0,47
449,1532,9,414,100,0,0,0,0,0,0,0,0,0,46
450,1260,9,423,100,0,0,0,0,0,0,0,0,0,47
451,1252,9,405,100,0,0,0,0,0,0,0,0,0,45
452,1272,9,432,100,0,0,0,0,0,0,0,0,0,48
453,1344,9,432,100,0,0,0,0,0,0,0,0,0,48
454,1364,9,414,100,0,0,0,0,0,0,0,0,0,46
455,1456,9,450,100,0,0,0,0,0,0,0,0,0,50
456,1072,9,414,100,0,0,0,0,0,0,0,0,0,46
457,1212,9,468,100,0,0,0,0,0,0,0,0,0,52
458,996,9,441,100,0,0,0,0,0,0,0,0,0,49
459,1228,9,441,100,0,0,0,0,0,0,0,0,0,49
460,1312,9,423,100,0,0,0,0,0,0,0,0,0,47
461,1220,9,450,100,0,0,0,0,0,0,0,0,0,50
462,1036,9,423,100,0,0,0,0,0,0,0,0,0,47
463,1048,9,414,100,0,0,0,0,0,0,0,0,0,46
464,1064,9,423,100,0,0,0,0,0,0,0,0,0,47
465,1040,9,387,100,0,0,0,0,0,0,0,0,0,43
466,1156,9,423,100,0,0,0,0,0,0,0,0,0,47
467,1168,9,423,100,0,0,0,0,0,0,0,0,0,47
468,1136,9,396,100,0,0,0,0,0,0,0,0,0,44
469,1096,9,414,100,0,0,0,0,0,0,0,0,0,46
470,1072,9,387,100,0,0,0,0,0,0,0,0,0,43
471,1064,9,360,100,0,0,0,0,0,0,0,0,0,40
472,1132,9,387,100,0,0,0,0,0,0,0,0,0,43
473,1396,9,405,100,0,0,0,0,0,0,0,0,0,45
474,1380,9,378,100,0,0,0,0,0,0,0,0,0,42
475,1300,9,414,100,0,0,0,0,0,0,0,0,0,46
476,1348,9,423,100,0,0,0,0,0,0,0,0,0,47
477,1216,9,396,100,0,0,0,0,0,0,0,0,0,44
478,1272,9,396,100,0,0,0,0,0,0,0,0,0,44
479,1712,9,450,100,0,0,0,0,0,0,0,0,0,50
480,1148,9,396,100,0,0,0,0,0,0,0,0,0,44
481,1840,9,468,100,0,0,0,0,0,0,0,0,0,52
482,1804,9,423,100,0,0,0,0,0,0,0,0,0,47
483,1804,9,405,100,0,0,0,0,0,0,0,0,0,45
484,2380,9,414,100,0,0,0,0,0,0,0,0,0,46
485,1576,9,414,100,0,0,0,0,0,0,0,0,0,46
486,1624,9,450,100,0,0,0,0,0,0,0,0,0,50
487,1712,9,432,100,0,0,0,0,0,0,0,0,0,48
488,1912,9,450,100,0,0,0,0,0,0,0,0,0,50
489,2152,9,477,100,0,0,0,0,0,0,0,0,0,53
490,1368,9,423,100,0,0,0,0,0,0,0,0,0,47
491,2140,9,459,100,0,0,0,0,0,0,0,0,0,51
492,2092,9,450,100,0,0,0,0,0,0,0,0,0,50
493,2176,9,459,100,0,0,0,0,0,0,0,0,0,51
494,2120,9,459,100,0,0,0,0,0,0,0,0,0,51
495,1968,9,450,100,0,0,0,0,0,0,0,0,0,50
496,1992,9,414,100,0,0,0,0,0,0,0,0,0,46
497,1244,9,423,100,0,0,0,0,0,0,0,0,0,47
498,1520,9,405,100,0,0,0,0,0,0,0,0,0,45
499,1688,9,468,100,0,0,0,0,0,0,0,0,0,52
500,1940,9,441,100,0,0,0,0,0,0,0,0,0,49
501,1532,9,441,100,0,0,0,0,0,0,0,0,0,49
502,1452,9,423,100,0,0,0,0,0,0,0,0,0,47
503,1680,9,405,100,0,0,0,0,0,0,0,0,0,45
504,1464,9,432,100,0,0,0,0,0,0,0,0,0,48
505,1492,9,450,100,0,0,0,0,0,0,0,0,0,50
506,1668,9,459,100,0,0,0,0,0,0,0,0,0,51
507,1732,9,459,100,0,0,0,0,0,0,0,0,0,51
508,1376,9,450,100,0,0,0,0,0,0,0,0,0,50
509,1448,9,459,100,0,0,0,0,0,0,0,0,0,51
510,1448,9,450,100,0,0,0,0,0,0,0,0,0,50
511,1612,9,423,100,0,0,0,0,0,0,0,0,0,47
512,1708,9,432,100,0,0,0,0,0,0,0,0,0,48
513,1420,9,396,100,0,0,0,0,0,0,0,0,0,44
514,2128,9,432,100,0,0,0,0,0,0,0,0,0,48
515,1684,9,432,100,0,0,0,0,0,0,0,0,0,48
516,1948,9,468,100,0,0,0,0,0,0,0,0,0,52
517,1556,9,432,100,0,0,0,0,0,0,0,0,0,48
518,1932,9,450,100,0,0,0,0,0,0,0,0,0,50
519,1852,9,459,100,0,0,0,0,0,0,0,0,0,51
520,1916,9,423,100,0,0,0,0,0,0,0,0,0,47
521,2072,9,432,100,0,0,0,0,0,0,0,0,0,48
522,1772,9,423,100,0,0,0,0,0,0,0,0,0,47
523,1376,9,405,100,0,0,0,0,0,0,0,0,0,45
524,1448,9,423,100,0,0,0,0,0,0,0,0,0,47
525,1380,9,423,100,0,0,0,0,0,0,0,0,0,47
526,1192,9,414,100,0,0,0,0,0,0,0,0,0,46
527,1556,9,459,100,0,0,0,0,0,0,0,0,0,51
528,1676,9,513,100,0,0,0,0,0,0,0,0,0,57
529,1328,9,468,100,0,0,0,0,0,0,0,0,0,52
530,1304,9,423,100,0,0,0,0,0,0,0,0,0,47
531,1280,9,423,100,0,0,0,0,0,0,0,0,0,47
532,1156,9,387,100,0,0,0,0,0,0,0,0,0,43
533,1228,9,432,100,0,0,0,0,0,0,0,0,0,48
534,1348,9,405,100,0,0,0,0,0,0,0,0,0,45
535,1316,9,387,100,0,0,0,0,0,0,0,0,0,43
536,1520,9,387,100,0,0,0,0,0,0,0,0,0,43
537,1136,9,369,100,0,0,0,0,0,0,0,0,0,41
538,1392,9,459,100,0,0,0,0,0,0,0,0,0,51
539,1300,9,468,100,0,0,0,0,0,0,0,0,0,52
540,1228,9,441,100,0,0,0,0,0,0,0,0,0,49
541,1192,9,450,100,0,0,0,0,0,0,0,0,0,50
542,1272,9,450,100,0,0,0,0,0,0,0,0,0,50
543,1348,9,450,100,0,0,0,0,0,0,0,0,0,50
544,1332,9,468,100,0,0,0,0,0,0,0,0,0,52
545,1264,9,459,100,0,0,0,0,0,0,0,0,0,51
546,1288,9,414,100,0,0,0,0,0,0,0,0,0,46
547,1252,9,459,100,0,0,0,0,0,0,0,0,0,51
548,1292,9,486,100,0,0,0,0,0,0,0,0,0,54
549,1340,9,441,100,0,0,0,0,0,0,0,0,0,49
550,1448,9,450,100,0,0,0,0,0,0,0,0,0,50
551,1400,9,423,100,0,0,0,0,0,0,0,0,0,47
552,1272,9,414,100,0,0,0,0,0,0,0,0,0,46
553,1108,9,414,100,0,0,0,0,0,0,0,0,0,46
554,1388,9,486,100,0,0,0,0,0,0,0,0,0,54
555,1304,9,441,100,0,0,0,0,0,0,0,0,0,49
556,1356,9,414,100,0,0,0,0,0,0,0,0,0,46
557,1456,9,441,100,0,0,0,0,0,0,0,0,0,49
558,1176,9,414,100,0,0,0,0,0,0,0,0,0,46
559,1476,9,459,100,0,0,0,0,0,0,0,0,0,51
560,1384,9,441,100,0,0,0,0,0,0,0,0,0,49
561,1728,9,450,100,0,0,0,0,0,0,0,0,0,50
562,1596,9,450,100,0,0,0,0,0,0,0,0,0,50
563,1520,9,432,100,0,0,0,0,0,0,0,0,0,48
564,1756,9,468,100,0,0,0,0,0,0,0,0,0,52
565,1692,9,423,100,0,0,0,0,0,0,0,0,0,47
566,1680,9,414,100,0,0,0,0,0,0,0,0,0,46
567,1768,9,423,100,0,0,0,0,0,0,0,0,0,47
568,1792,9,441,100,0,0,0,0,0,0,0,0,0,49
569,1956,9,468,100,0,0,0,0,0,0,0,0,0,52
570,1812,9,432,100,0,0,0,0,0,0,0,0,0,48
571,1864,9,486,100,0,0,0,0,0,0,0,0,0,54
572,1696,9,486,100,0,0,0,0,0,0,0,0,0,54
573,1636,9,423,100,0,0,0,0,0,0,0,0,0,47
574,1940,9,468,100,0,0,0,0,0,0,0,0,0,52
575,1792,9,468,100,0,0,0,0,0,0,0,0,0,52
576,1772,9,486,100,0,0,0,0,0,0,0,0,0,54
577,1556,9,459,100,0,0,0,0,0,0,0,0,0,51
578,1464,9,432,100,0,0,0,0,0,0,0,0,0,48
579,1552,9,459,100,0,0,0,0,0,0,0,0,0,51
580,1832,9,459,100,0,0,0,0,0,0,0,0,0,51
581,1752,9,459,100,0,0,0,0,0,0,0,0,0,51
582,1520,9,477,100,0,0,0,0,0,0,0,0,0,53
583,1608,9,477,100,0,0,0,0,0,0,0,0,0,53
584,1396,9,477,100,0,0,0,0,0,0,0,0,0,53
585,1580,9,450,100,0,0,0,0,0,0,0,0,0,50
586,1576,9,450,100,0,0,0,0,0,0,0,0,0,50
587,1444,9,459,100,0,0,0,0,0,0,0,0,0,51
588,1376,9,423,100,0,0,0,0,0,0,0,0,0,47
589,1440,9,432,100,0,0,0,0,0,0,0,0,0,48
590,1248,9,432,100,0,0,0,0,0,0,0,0,0,48
591,1360,9,477,100,0,0,0,0,0,0,0,0,0,53
592,1432,9,459,100,0,0,0,0,0,0,0,0,0,51
593,1284,9,477,100,0,0,0,0,0,0,0,0,0,53
594,1176,9,441,100,0,0,0,0,0,0,0,0,0,49
595,1416,9,459,100,0,0,0,0,0,0,0,0,0,51
596,1376,9,450,100,0,0,0,0,0,0,0,0,0,50
597,1428,9,459,100,0,0,0,0,0,0,0,0,0,51
598,1580,9,495,100,0,0,0,0,0,0,0,0,0,55
599,1324,9,459,100,0,0,0,0,0,0,0,0,0,51
600,1520,9,450,100,0,0,0,0,0,0,0,0,0,50
601,1360,9,414,100,0,0,0,0,0,0,0,0,0,46
602,1432,9,414,100,0,0,0,0,0,0,0,0,0,46
603,1192,9,396,100,0,0,0,0,0,0,0,0,0,44
604,1392,9,441,100,0,0,0,0,0,0,0,0,0,49
605,1392,9,441,100,0,0,0,0,0,0,0,0,0,49
606,1300,9,468,100,0,0,0,0,0,0,0,0,0,52
607,1440,9,468,100,0,0,0,0,0,0,0,0,0,52
608,1340,9,459,100,0,0,0,0,0,0,0,0,0,51
609,1096,9,414,100,0,0,0,0,0,0,0,0,0,46
610,1372,9,432,100,0,0,0,0,0,0,0,0,0,48
611,1412,9,450,100,0,0,0,0,0,0,0,0,0,50
612,1568,9,459,100,0,0,0,0,0,0,0,0,0,51
613,1164,9,432,100,0,0,0,0,0,0,0,0,0,48
614,1196,9,459,100,0,0,0,0,0,0,0,0,0,51
615,1312,9,450,100,0,0,0,0,0,0,0,0,0,50
616,1360,9,414,100,0,0,0,0,0,0,0,0,0,46
617,1436,9,423,100,0,0,0,0,0,0,0,0,0,47
618,1448,9,450,100,0,0,0,0,0,0,0,0,0,50
619,1256,9,486,100,0,0,0,0,0,0,0,0,0,54
620,1500,9,504,100,0,0,0,0,0,0,0,0,0,56
621,1408,9,432,100,0,0,0,0,0,0,0,0,0,48
622,1600,9,477,100,0,0,0,0,0,0,0,0,0,53
623,1568,9,459,100,0,0,0,0,0,0,0,0,0,51
624,1384,9,450,100,0,0,0,0,0,0,0,0,0,50
625,1280,9,414,100,0,0,0,0,0,0,0,0,0,46
626,1360,9,432,100,0,0,0,0,0,0,0,0,0,48
627,1412,9,450,100,0,0,0,0,0,0,0,0,0,50
628,1104,9,414,100,0,0,0,0,0,0,0,0,0,46
629,1220,9,414,100,0,0,0,0,0,0,0,0,0,46
630,1288,9,441,100,0,0,0,0,0,0,0,0,0,49
631,1408,9,477,100,0,0,0,0,0,0,0,0,0,53
632,1212,9,414,100,0,0,0,0,0,0,0,0,0,46
633,1320,9,495,100,0,0,0,0,0,0,0,0,0,55
634,980,9,441,100,0,0,0,0,0,0,0,0,0,49
635,1192,9,450,100,0,0,0,0,0,0,0,0,0,50
636,1440,9,459,100,0,0,0,0,0,0,0,0,0,51
637,1260,9,396,100,0,0,0,0,0,0,0,0,0,44
638,1432,9,414,100,0,0,0,0,0,0,0,0,0,46
639,1332,9,423,100,0,0,0,0,0,0,0,0,0,47
640,1476,9,441,100,0,0,0,0,0,0,0,0,0,49
641,1480,9,450,100,0,0,0,0,0,0,0,0,0,50
642,1368,9,423,100,0,0,0,0,0,0,0,0,0,47
643,1324,9,396,100,0,0,0,0,0,0,0,0,0,44
644,1384,9,450,100,0,0,0,0,0,0,0,0,0,50
645,1452,9,450,100,0,0,0,0,0,0,0,0,0,50
646,1596,9,468,100,0,0,0,0,0,0,0,0,0,52
647,1112,9,405,100,0,0,0,0,0,0,0,0,0,45
648,1312,9,423,100,0,0,0,0,0,0,0,0,0,47
649,1324,9,423,100,0,0,0,0,0,0,0,0,0,47
650,1592,9,450,100,0,0,0,0,0,0,0,0,0,50
651,1316,9,450,100,0,0,0,0,0,0,0,0,0,50
652,1372,9,450,100,0,0,0,0,0,0,0,0,0,50
653,1524,9,459,100,0,0,0,0,0,0,0,0,0,51
654,1320,9,450,100,0,0,0,0,0,0,0,0,0,50
655,1276,9,450,100,0,0,0,0,0,0,0,0,0,50
656,1308,9,468,100,0,0,0,0,0,0,0,0,0,52
657,1204,9,423,100,0,0,0,0,0,0,0,0,0,47
658,1348,9,459,100,0,0,0,0,0,0,0,0,0,51
659,1356,9,432,100,0,0,0,0,0,0,0,0,0,48
660,1484,9,459,100,0,0,0,0,0,0,0,0,0,51
661,1504,9,477,100,0,0,0,0,0,0,0,0,0,53
662,1348,9,495,100,0,0,0,0,0,0,0,0,0,55
663,1664,9,459,100,0,0,0,0,0,0,0,0,0,51
664,1408,9,477,100,0,0,0,0,0,0,0,0,0,53
665,1256,9,450,100,0,0,0,0,0,0,0,0,0,50
666,1516,9,486,100,0,0,0,0,0,0,0,0,0,54
667,1044,9,486,100,0,0,0,0,0,0,0,0,0,54
668,1304,9,495,100,0,0,0,0,0,0,0,0,0,55
669,1168,9,477,100,0,0,0,0,0,0,0,0,0,53
670,1476,9,486,100,0,0,0,0,0,0,0,0,0,54
671,1212,9,468,100,0,0,0,0,0,0,0,0,0,52
672,996,9,432,100,0,0,0,0,0,0,0,0,0,48
673,1140,9,495,100,0,0,0,0,0,0,0,0,0,55
674,1268,9,504,100,0,0,0,0,0,0,0,0,0,56
675,1400,9,477,100,0,0,0,0,0,0,0,0,0,53
676,1260,9,441,100,0,0,0,0,0,0,0,0,0,49
677,1348,9,459,100,0,0,0,0,0,0,0,0,0,51
678,1344,9,441,100,0,0,0,0,0,0,0,0,0,49
679,1316,9,459,100,0,0,0,0,0,0,0,0,0,51
680,1340,9,459,100,0,0,0,0,0,0,0,0,0,51
681,1576,9,486,100,0,0,0,0,0,0,0,0,0,54
682,1268,9,450,100,0,0,0,0,0,0,0,0,0,50
683,1348,9,459,100,0,0,0,0,0,0,0,0,0,51
684,1272,9,414,100,0,0,0,0,0,0,0,0,0,46
685,1224,9,423,100,0,0,0,0,0,0,0,0,0,47
686,1256,9,414,100,0,0,0,0,0,0,0,0,0,46
687,1176,9,486,100,0,0,0,0,0,0,0,0,0,54
688,992,9,441,100,0,0,0,0,0,0,0,0,0,49
689,1256,9,459,100,0,0,0,0,0,0,0,0,0,51
690,1556,9,450,100,0,0,0,0,0,0,0,0,0,50
691,1432,9,441,100,0,0,0,0,0,0,0,0,0,49
692,1496,9,423,100,0,0,0,0,0,0,0,0,0,47
693,1476,9,441,100,0,0,0,0,0,0,0,0,0,49
694,1296,9,468,100,0,0,0,0,0,0,0,0,0,52
695,1104,9,459,100,0,0,0,0,0,0,0,0,0,51
696,1208,9,450,100,0,0,0,0,0,0,0,0,0,50
697,1152,9,450,100,0,0,0,0,0,0,0,0,0,50
698,1124,9,459,100,0,0,0,0,0,0,0,0,0,51
699,1272,9,450,100,0,0,0,0,0,0,0,0,0,50
700,1384,9,477,100,0,0,0,0,0,0,0,0,0,53
701,1516,9,477,100,0,0,0,0,0,0,0,0,0,53
702,1392,9,495,100,0,0,0,0,0,0,0,0,0,55
703,1276,9,459,100,0,0,0,0,0,0,0,0,0,51
704,1208,9,450,100,0,0,0,0,0,0,0,0,0,50
705,1560,9,486,100,0,0,0,0,0,0,0,0,0,54
706,1652,9,486,100,0,0,0,0,0,0,0,0,0,54
707,1660,9,486,100,0,0,0,0,0,0,0,0,0,54
708,1220,9,450,100,0,0,0,0,0,0,0,0,0,50
709,1360,9,432,100,0,0,0,0,0,0,0,0,0,48
710,1472,9,423,100,0,0,0,0,0,0,0,0,0,47
711,1436,9,441,100,0,0,0,0,0,0,0,0,0,49
712,1520,9,441,100,0,0,0,0,0,0,0,0,0,49
713,1576,9,477,100,0,0,0,0,0,0,0,0,0,53
714,1496,9,450,100,0,0,0,0,0,0,0,0,0,50
715,1500,9,441,100,0,0,0,0,0,0,0,0,0,49
716,1376,9,423,100,0,0,0,0,0,0,0,0,0,47
717,1176,9,450,100,0,0,0,0,0,0,0,0,0,50
718,1204,9,459,100,0,0,0,0,0,0,0,0,0,51
719,1152,9,468,100,0,0,0,0,0,0,0,0,0,52
720,1152,9,477,100,0,0,0,0,0,0,0,0,0,53
721,1176,9,504,100,0,0,0,0,0,0,0,0,0,56
722,1592,9,540,100,0,0,0,0,0,0,0,0,0,60
723,1284,9,468,100,0,0,0,0,0,0,0,0,0,52
724,1364,9,450,100,0,0,0,0,0,0,0,0,0,50
725,1532,9,477,100,0,0,0,0,0,0,0,0,0,53
726,1640,9,459,100,0,0,0,0,0,0,0,0,0,51
727,1772,9,441,100,0,0,0,0,0,0,0,0,0,49
728,1456,9,423,100,0,0,0,0,0,0,0,0,0,47
729,1860,9,432,100,0,0,0,0,0,0,0,0,0,48
730,1628,9,459,100,0,0,0,0,0,0,0,0,0,51
731,2284,9,432,100,0,0,0,0,0,0,0,0,0,48
732,2536,9,459,100,0,0,0,0,0,0,0,0,0,51
733,2460,9,414,100,0,0,0,0,0,0,0,0,0,46
734,1664,9,414,100,0,0,0,0,0,0,0,0,0,46
735,1788,9,432,100,0,0,0,0,0,0,0,0,0,48
736,1860,9,432,100,0,0,0,0,0,0,0,0,0,48
737,1992,9,396,100,0,0,0,0,0,0,0,0,0,44
738,1488,9,450,100,0,0,0,0,0,0,0,0,0,50
739,1820,9,468,100,0,0,0,0,0,0,0,0,0,52
740,1416,9,432,100,0,0,0,0,0,0,0,0,0,48
741,1528,9,450,100,0,0,0,0,0,0,0,0,0,50
742,1568,9,441,100,0,0,0,0,0,0,0,0,0,49
743,1492,9,441,100,0,0,0,0,0,0,0,0,0,49
744,1412,9,441,100,0,0,0,0,0,0,0,0,0,49
745,1548,9,459,100,0,0,0,0,0,0,0,0,0,51
746,1500,9,459,100,0,0,0,0,0,0,0,0,0,51
747,1524,9,477,100,0,0,0,0,0,0,0,0,0,53
748,1468,9,477,100,0,0,0,0,0,0,0,0,0,53
749,1232,9,432,100,0,0,0,0,0,0,0,0,0,48
750,1628,9,450,100,0,0,0,0,0,0,0,0,0,50
751,1540,9,477,100,0,0,0,0,0,0,0,0,0,53
752,1224,9,450,100,0,0,0,0,0,0,0,0,0,50
753,1304,9,441,100,0,0,0,0,0,0,0,0,0,49
754,1408,9,495,100,0,0,0,0,0,0,0,0,0,55
755,1296,9,477,100,0,0,0,0,0,0,0,0,0,53
756,1172,9,477,100,0,0,0,0,0,0,0,0,0,53
757,1188,9,468,100,0,0,0,0,0,0,0,0,0,52
758,1352,9,486,100,0,0,0,0,0,0,0,0,0,54
759,1156,9,459,100,0,0,0,0,0,0,0,0,0,51
760,1200,9,432,100,0,0,0,0,0,0,0,0,0,48
761,1144,9,459,100,0,0,0,0,0,0,0,0,0,51
762,1316,9,450,100,0,0,0,0,0,0,0,0,0,50
763,1156,9,423,100,0,0,0,0,0,0,0,0,0,47
764,1200,9,441,100,0,0,0,0,0,0,0,0,0,49
765,1352,9,423,100,0,0,0,0,0,0,0,0,0,47
766,1404,9,459,100,0,0,0,0,0,0,0,0,0,51
767,1284,9,468,100,0,0,0,0,0,0,0,0,0,52
768,1172,9,441,100,0,0,0,0,0,0,0,0,0,49
769,1308,9,459,100,0,0,0,0,0,0,0,0,0,51
770,1520,9,513,100,0,0,0,0,0,0,0,0,0,57
771,1356,9,486,100,0,0,0,0,0,0,0,0,0,54
772,1388,9,468,100,0,0,0,0,0,0,0,0,0,52
773,1428,9,486,100,0,0,0,0,0,0,0,0,0,54
774,1164,9,432,100,0,0,0,0,0,0,0,0,0,48
775,1224,9,441,100,0,0,0,0,0,0,0,0,0,49
776,1328,9,441,100,0,0,0,0,0,0,0,0,0,49
777,1268,9,423,100,0,0,0,0,0,0,0,0,0,47
778,1244,9,378,100,0,0,0,0,0,0,0,0,0,42
779,1356,9,414,100,0,0,0,0,0,0,0,0,0,46
780,1344,9,414,100,0,0,0,0,0,0,0,0,0,46
781,1552,9,405,100,0,0,0,0,0,0,0,0,0,45
782,1516,9,405,100,0,0,0,0,0,0,0,0,0,45
783,1780,9,441,100,0,0,0,0,0,0,0,0,0,49
784,1748,9,441,100,0,0,0,0,0,0,0,0,0,49
785,1752,9,486,100,0,0,0,0,0,0,0,0,0,54
786,1580,9,495,100,0,0,0,0,0,0,0,0,0,55
787,1512,9,477,100,0,0,0,0,0,0,0,0,0,53
788,1268,9,414,100,0,0,0,0,0,0,0,0,0,46
789,1528,9,459,100,0,0,0,0,0,0,0,0,0,51
790,1336,9,441,100,0,0,0,0,0,0,0,0,0,49
791,1316,9,432,100,0,0,0,0,0,0,0,0,0,48
792,1344,9,450,100,0,0,0,0,0,0,0,0,0,50
793,1380,9,423,100,0,0,0,0,0,0,0,0,0,47
794,1524,9,450,100,0,0,0,0,0,0,0,0,0,50
795,1596,9,477,100,0,0,0,0,0,0,0,0,0,53
796,1292,9,423,100,0,0,0,0,0,0,0,0,0,47
797,1328,9,450,100,0,0,0,0,0,0,0,0,0,50
798,1504,9,450,100,0,0,0,0,0,0,0,0,0,50
799,1516,9,468,100,0,0,0,0,0,0,0,0,0,52
800,1292,9,441,100,0,0,0,0,0,0,0,0,0,49
801,1136,9,432,100,0,0,0,0,0,0,0,0,0,48
802,1612,9,468,100,0,0,0,0,0,0,0,0,0,52
803,1556,9,477,100,0,0,0,0,0,0,0,0,0,53
804,1096,9,450,100,0,0,0,0,0,0,0,0,0,50
805,1496,9,459,100,0,0,0,0,0,0,0,0,0,51
806,1724,9,450,100,0,0,0,0,0,0,0,0,0,50
807,1688,9,441,100,0,0,0,0,0,0,0,0,0,49
808,1432,9,432,100,0,0,0,0,0,0,0,0,0,48
809,1300,9,459,100,0,0,0,0,0,0,0,0,0,51
810,1396,9,477,100,0,0,0,0,0,0,0,0,0,53
811,1488,9,459,100,0,0,0,0,0,0,0,0,0,51
812,1492,9,486,100,0,0,0,0,0,0,0,0,0,54
813,1296,9,459,100,0,0,0,0,0,0,0,0,0,51
814,1524,9,468,100,0,0,0,0,0,0,0,0,0,52
815,1228,9,414,100,0,0,0,0,0,0,0,0,0,46
816,1520,9,459,100,0,0,0,0,0,0,0,0,0,51
817,1472,9,432,100,0,0,0,0,0,0,0,0,0,48
818,1420,9,468,100,0,0,0,0,0,0,0,0,0,52
819,1204,9,441,100,0,0,0,0,0,0,0,0,0,49
820,1396,9,432,100,0,0,0,0,0,0,0,0,0,48
821,1204,9,432,100,0,0,0,0,0,0,0,0,0,48
822,1208,9,441,100,0,0,0,0,0,0,0,0,0,49
823,1184,9,423,100,0,0,0,0,0,0,0,0,0,47
824,940,9,414,100,0,0,0,0,0,0,0,0,0,46
825,1232,9,432,100,0,0,0,0,0,0,0,0,0,48
826,1264,9,441,100,0,0,0,0,0,0,0,0,0,49
827,1272,9,432,100,0,0,0,0,0,0,0,0,0,48
828,1284,9,477,100,0,0,0,0,0,0,0,0,0,53
829,1516,9,477,100,0,0,0,0,0,0,0,0,0,53
830,1508,9,459,100,0,0,0,0,0,0,0,0,0,51
831,1536,9,432,100,0,0,0,0,0,0,0,0,0,48
832,1732,9,423,100,0,0,0,0,0,0,0,0,0,47
833,1524,9,486,100,0,0,0,0,0,0,0,0,0,54
834,1420,9,450,100,0,0,0,0,0,0,0,0,0,50
835,1768,9,495,100,0,0,0,0,0,0,0,0,0,55
836,1376,9,441,100,0,0,0,0,0,0,0,0,0,49
837,1684,9,486,100,0,0,0,0,0,0,0,0,0,54
838,1744,9,459,100,0,0,0,0,0,0,0,0,0,51
839,1980,9,477,100,0,0,0,0,0,0,0,0,0,53
840,1480,9,450,100,0,0,0,0,0,0,0,0,0,50
841,1620,9,468,100,0,0,0,0,0,0,0,0,0,52
842,1516,9,459,100,0,0,0,0,0,0,0,0,0,51
843,1580,9,459,100,0,0,0,0,0,0,0,0,0,51
844,1872,9,477,100,0,0,0,0,0,0,0,0,0,53
845,1844,9,486,100,0,0,0,0,0,0,0,0,0,54
846,1408,9,423,100,0,0,0,0,0,0,0,0,0,47
847,1256,9,450,100,0,0,0,0,0,0,0,0,0,50
848,1416,9,477,100,0,0,0,0,0,0,0,0,0,53
849,1576,9,450,100,0,0,0,0,0,0,0,0,0,50
850,1424,9,441,100,0,0,0,0,0,0,0,0,0,49
851,1460,9,450,100,0,0,0,0,0,0,0,0,0,50
852,1492,9,477,100,0,0,0,0,0,0,0,0,0,53
853,1532,9,459,100,0,0,0,0,0,0,0,0,0,51
854,1276,9,450,100,0,0,0,0,0,0,0,0,0,50
855,1740,9,504,100,0,0,0,0,0,0,0,0,0,56
856,1568,9,459,100,0,0,0,0,0,0,0,0,0,51
857,1464,9,450,100,0,0,0,0,0,0,0,0,0,50
858,1604,9,504,100,0,0,0,0,0,0,0,0,0,56
859,1572,9,513,100,0,0,0,0,0,0,0,0,0,57
860,1592,9,495,100,0,0,0,0,0,0,0,0,0,55
861,1912,9,495,100,0,0,0,0,0,0,0,0,0,55
862,1380,9,450,100,0,0,0,0,0,0,0,0,0,50
863,1284,9,432,100,0,0,0,0,0,0,0,0,0,48
864,1420,9,468,100,0,0,0,0,0,0,0,0,0,52
865,1412,9,459,100,0,0,0,0,0,0,0,0,0,51
866,1496,9,504,100,0,0,0,0,0,0,0,0,0,56
867,1340,9,468,100,0,0,0,0,0,0,0,0,0,52
868,1384,9,477,100,0,0,0,0,0,0,0,0,0,53
869,1344,9,450,100,0,0,0,0,0,0,0,0,0,50
870,1556,9,459,100,0,0,0,0,0,0,0,0,0,51
871,1260,9,441,100,0,0,0,0,0,0,0,0,0,49
872,1536,9,459,100,0,0,0,0,0,0,0,0,0,51
873,1424,9,450,100,0,0,0,0,0,0,0,0,0,50
874,1244,9,378,100,0,0,0,0,0,0,0,0,0,42
875,1228,9,396,100,0,0,0,0,0,0,0,0,0,44
876,984,9,414,100,0,0,0,0,0,0,0,0,0,46
877,1336,9,468,100,0,0,0,0,0,0,0,0,0,52
878,1156,9,486,100,0,0,0,0,0,0,0,0,0,54
879,1520,9,486,100,0,0,0,0,0,0,0,0,0,54
880,1460,9,432,100,0,0,0,0,0,0,0,0,0,48
881,1308,9,432,100,0,0,0,0,0,0,0,0,0,48
882,1300,9,441,100,0,0,0,0,0,0,0,0,0,49
883,1588,9,486,100,0,0,0,0,0,0,0,0,0,54
884,1564,9,450,100,0,0,0,0,0,0,0,0,0,50
885,1780,9,432,100,0,0,0,0,0,0,0,0,0,48
886,1468,9,423,100,0,0,0,0,0,0,0,0,0,47
887,1540,9,396,100,0,0,0,0,0,0,0,0,0,44
888,1748,9,477,100,0,0,0,0,0,0,0,0,0,53
889,1556,9,423,100,0,0,0,0,0,0,0,0,0,47
890,1584,9,387,100,0,0,0,0,0,0,0,0,0,43
891,1400,9,396,100,0,0,0,0,0,0,0,0,0,44
892,1556,9,468,100,0,0,0,0,0,0,0,0,0,52
893,1584,9,504,100,0,0,0,0,0,0,0,0,0,56
894,1304,9,450,100,0,0,0,0,0,0,0,0,0,50
895,1824,9,477,100,0,0,0,0,0,0,0,0,0,53
896,1680,9,495,100,0,0,0,0,0,0,0,0,0,55
897,1844,9,477,100,0,0,0,0,0,0,0,0,0,53
898,1644,9,459,100,0,0,0,0,0,0,0,0,0,51
899,1636,9,432,100,0,0,0,0,0,0,0,0,0,48
900,1964,9,486,100,0,0,0,0,0,0,0,0,0,54
901,1612,9,459,100,0,0,0,0,0,0,0,0,0,51
902,1532,9,450,100,0,0,0,0,0,0,0,0,0,50
903,1432,9,459,100,0,0,0,0,0,0,0,0,0,51
904,1620,9,450,100,0,0,0,0,0,0,0,0,0,50
905,2068,9,495,100,0,0,0,0,0,0,0,0,0,55
906,1732,9,477,100,0,0,0,0,0,0,0,0,0,53
907,1584,9,459,100,0,0,0,0,0,0,0,0,0,51
908,1564,9,432,100,0,0,0,0,0,0,0,0,0,48
909,1700,9,513,100,0,0,0,0,0,0,0,0,0,57
910,1272,9,513,100,0,0,0,0,0,0,0,0,0,57
911,940,9,414,100,0,0,0,0,0,0,0,0,0,46
912,1296,9,441,100,0,0,0,0,0,0,0,0,0,49
913,1412,9,495,100,0,0,0,0,0,0,0,0,0,55
914,1140,9,450,100,0,0,0,0,0,0,0,0,0,50
915,1388,9,486,100,0,0,0,0,0,0,0,0,0,54
916,1612,9,468,100,0,0,0,0,0,0,0,0,0,52
917,1752,9,486,100,0,0,0,0,0,0,0,0,0,54
918,1440,9,432,100,0,0,0,0,0,0,0,0,0,48
919,1740,9,441,100,0,0,0,0,0,0,0,0,0,49
920,1768,9,441,100,0,0,0,0,0,0,0,0,0,49
921,2140,9,477,100,0,0,0,0,0,0,0,0,0,53
922,1156,9,414,100,0,0,0,0,0,0,0,0,0,46
923,1380,9,414,100,0,0,0,0,0,0,0,0,0,46
924,1548,9,414,100,0,0,0,0,0,0,0,0,0,46
925,1912,9,441,100,0,0,0,0,0,0,0,0,0,49
926,1532,9,441,100,0,0,0,0,0,0,0,0,0,49
927,1184,9,432,100,0,0,0,0,0,0,0,0,0,48
928,1148,9,432,100,0,0,0,0,0,0,0,0,0,48
929,1408,9,468,100,0,0,0,0,0,0,0,0,0,52
930,1124,9,396,100,0,0,0,0,0,0,0,0,0,44
931,1296,9,405,100,0,0,0,0,0,0,0,0,0,45
932,1420,9,441,100,0,0,0,0,0,0,0,0,0,49
933,1264,9,477,100,0,0,0,0,0,0,0,0,0,53
934,1240,9,405,100,0,0,0,0,0,0,0,0,0,45
935,1388,9,450,100,0,0,0,0,0,0,0,0,0,50
936,1352,9,405,100,0,0,0,0,0,0,0,0,0,45
937,1252,9,441,100,0,0,0,0,0,0,0,0,0,49
938,1184,9,441,100,0,0,0,0,0,0,0,0,0,49
939,1512,9,441,100,0,0,0,0,0,0,0,0,0,49
940,1688,9,459,100,0,0,0,0,0,0,0,0,0,51
941,1136,9,396,100,0,0,0,0,0,0,0,0,0,44
942,1340,9,405,100,0,0,0,0,0,0,0,0,0,45
943,1520,9,423,100,0,0,0,0,0,0,0,0,0,47
944,1684,9,441,100,0,0,0,0,0,0,0,0,0,49
945,1664,9,432,100,0,0,0,0,0,0,0,0,0,48
946,1208,9,414,100,0,0,0,0,0,0,0,0,0,46
947,1232,9,450,100,0,0,0,0,0,0,0,0,0,50
948,1228,9,423,100,0,0,0,0,0,0,0,0,0,47
949,1564,9,450,100,0,0,0,0,0,0,0,0,0,50
950,1368,9,459,100,0,0,0,0,0,0,0,0,0,51
951,1392,9,432,100,0,0,0,0,0,0,0,0,0,48
952,1388,9,423,100,0,0,0,0,0,0,0,0,0,47
953,1520,9,441,100,0,0,0,0,0,0,0,0,0,49
954,1528,9,486,100,0,0,0,0,0,0,0,0,0,54
955,1392,9,450,100,0,0,0,0,0,0,0,0,0,50
956,1344,9,468,100,0,0,0,0,0,0,0,0,0,52
957,1224,9,459,100,0,0,0,0,0,0,0,0,0,51
958,1132,9,423,100,0,0,0,0,0,0,0,0,0,47
959,1308,9,459,100,0,0,0,0,0,0,0,0,0,51
960,1612,9,477,100,0,0,0,0,0,0,0,0,0,53
961,1836,9,477,100,0,0,0,0,0,0,0,0,0,53
962,1984,9,459,100,0,0,0,0,0,0,0,0,0,51
963,1784,9,450,100,0,0,0,0,0,0,0,0,0,50
964,2048,9,459,100,0,0,0,0,0,0,0,0,0,51
965,2072,9,423,100,0,0,0,0,0,0,0,0,0,47
966,2160,9,378,100,0,0,0,0,0,0,0,0,0,42
967,2044,9,441,100,0,0,0,0,0,0,0,0,0,49
968,1784,9,414,100,0,0,0,0,0,0,0,0,0,46
969,2252,9,441,100,0,0,0,0,0,0,0,0,0,49
970,2084,9,414,100,0,0,0,0,0,0,0,0,0,46
971,2152,9,441,100,0,0,0,0,0,0,0,0,0,49
972,1880,9,414,100,0,0,0,0,0,0,0,0,0,46
973,1808,9,432,100,0,0,0,0,0,0,0,0,0,48
974,1848,9,432,100,0,0,0,0,0,0,0,0,0,48
975,1620,9,423,100,0,0,0,0,0,0,0,0,0,47
976,1636,9,423,100,0,0,0,0,0,0,0,0,0,47
977,1808,9,414,100,0,0,0,0,0,0,0,0,0,46
978,1900,9,459,100,0,0,0,0,0,0,0,0,0,51
979,1436,9,432,100,0,0,0,0,0,0,0,0,0,48
980,1296,9,414,100,0,0,0,0,0,0,0,0,0,46
981,1476,9,423,100,0,0,0,0,0,0,0,0,0,47
982,1048,9,414,100,0,0,0,0,0,0,0,0,0,46
983,1036,9,450,100,0,0,0,0,0,0,0,0,0,50
984,1036,9,423,100,0,0,0,0,0,0,0,0,0,47
985,1040,9,423,100,0,0,0,0,0,0,0,0,0,47
986,1228,9,441,100,0,0,0,0,0,0,0,0,0,49
987,1524,9,468,100,0,0,0,0,0,0,0,0,0,52
988,1228,9,432,100,0,0,0,0,0,0,0,0,0,48
989,1788,9,486,100,0,0,0,0,0,0,0,0,0,54
990,1396,9,441,100,0,0,0,0,0,0,0,0,0,49
991,1948,9,495,100,0,0,0,0,0,0,0,0,0,55
992,1216,9,432,100,0,0,0,0,0,0,0,0,0,48
993,1664,9,450,100,0,0,0,0,0,0,0,0,0,50
994,1460,9,450,100,0,0,0,0,0,0,0,0,0,50
995,1676,9,450,100,0,0,0,0,0,0,0,0,0,50
996,1684,9,459,100,0,0,0,0,0,0,0,0,0,51
997,1888,9,468,100,0,0,0,0,0,0,0,0,0,52
998,1644,9,450,100,0,0,0,0,0,0,0,0,0,50
999,1916,9,414,100,0,0,0,0,0,0,0,0,0,46
