update,points,mean_tasks,total_tasks,total_orgs,task_0,task_1,task_2,task_3,task_4,task_5,task_6,task_7,task_8,task_9
0,0,nan,0,8,0,0,0,0,0,0,0,0,0,0
1,0,nan,0,8,0,0,0,0,0,0,0,0,0,0
2,0,nan,0,8,0,0,0,0,0,0,0,0,0,0
3,0,nan,0,8,0,0,0,0,0,0,0,0,0,0
4,0,nan,0,8,0,0,0,0,0,0,0,0,0,0
5,0,nan,0,8,0,0,0,0,0,0,0,0,0,0
6,44,9,9,9,0,0,0,0,0,0,0,0,0,1
7,24,9,9,10,0,0,0,0,0,0,0,0,0,1
8,4,9,9,10,0,0,0,0,0,0,0,0,0,1
9,4,9,9,10,0,0,0,0,0,0,0,0,0,1
10,4,9,9,10,0,0,0,0,0,0,0,0,0,1
11,4,9,9,10,0,0,0,0,0,0,0,0,0,1
12,48,9,18,11,0,0,0,0,0,0,0,0,0,2
13,68,9,18,12,0,0,0,0,0,0,0,0,0,2
14,68,9,27,14,0,0,0,0,0,0,0,0,0,3
15,28,9,27,16,0,0,0,0,0,0,0,0,0,3
16,72,9,27,16,0,0,0,0,0,0,0,0,0,3
17,52,9,27,16,0,0,0,0,0,0,0,0,0,3
18,32,9,27,17,0,0,0,0,0,0,0,0,0,3
19,56,9,27,17,0,0,0,0,0,0,0,0,0,3
20,36,9,27,17,0,0,0,0,0,0,0,0,0,3
21,60,9,45,19,0,0,0,0,0,0,0,0,0,5
22,36,9,36,19,0,0,0,0,0,0,0,0,0,4
23,160,9,45,21,0,0,0,0,0,0,0,0,0,5
24,100,9,45,22,0,0,0,0,0,0,0,0,0,5
25,116,9,36,23,0,0,0,0,0,0,0,0,0,4
26,116,9,36,24,0,0,0,0,0,0,0,0,0,4
27,144,9,54,27,0,0,0,0,0,0,0,0,0,6
28,64,9,54,27,0,0,0,0,0,0,0,0,0,6
29,148,9,63,28,0,0,0,0,0,0,0,0,0,7
30,196,9,90,30,0,0,0,0,0,0,0,0,0,10
31,140,9,90,34,0,0,0,0,0,0,0,0,0,10
32,96,9,90,34,0,0,0,0,0,0,0,0,0,10
33,220,9,90,36,0,0,0,0,0,0,0,0,0,10
34,344,9,108,38,0,0,0,0,0,0,0,0,0,12
35,220,9,126,40,0,0,0,0,0,0,0,0,0,14
36,76,9,126,41,0,0,0,0,0,0,0,0,0,14
37,156,9,117,42,0,0,0,0,0,0,0,0,0,13
38,288,9,126,43,0,0,0,0,0,0,0,0,0,14
39,272,9,135,45,0,0,0,0,0,0,0,0,0,15
40,188,9,135,48,0,0,0,0,0,0,0,0,0,15
41,380,9,171,52,0,0,0,0,0,0,0,0,0,19
42,300,9,180,55,0,0,0,0,0,0,0,0,0,20
43,324,9,189,57,0,0,0,0,0,0,0,0,0,21
44,352,9,189,60,0,0,0,0,0,0,0,0,0,21
45,272,9,189,64,0,0,0,0,0,0,0,0,0,21
46,416,9,225,69,0,0,0,0,0,0,0,0,0,25
47,524,9,225,69,0,0,0,0,0,0,0,0,0,25
48,552,9,225,75,0,0,0,0,0,0,0,0,0,25
49,496,9,252,77,0,0,0,0,0,0,0,0,0,28
50,504,9,252,79,0,0,0,0,0,0,0,0,0,28
51,588,9,306,83,0,0,0,0,0,0,0,0,0,34
52,544,9,288,84,0,0,0,0,0,0,0,0,0,32
53,520,9,279,84,0,0,0,0,0,0,0,0,0,31
54,452,9,288,86,0,0,0,0,0,0,0,0,0,32
55,464,9,279,88,0,0,0,0,0,0,0,0,0,31
56,608,9,333,88,0,0,0,0,0,0,0,0,0,37
57,540,9,315,89,0,0,0,0,0,0,0,0,0,35
58,612,9,333,90,0,0,0,0,0,0,0,0,0,37
59,552,9,342,92,0,0,0,0,0,0,0,0,0,38
60,424,9,324,92,0,0,0,0,0,0,0,0,0,36
61,504,9,360,93,0,0,0,0,0,0,0,0,0,40
62,516,9,369,94,0,0,0,0,0,0,0,0,0,41
63,668,9,369,96,0,0,0,0,0,0,0,0,0,41
64,628,9,342,97,0,0,0,0,0,0,0,0,0,38
65,752,9,378,98,0,0,0,0,0,0,0,0,0,42
66,580,9,369,98,0,0,0,0,0,0,0,0,0,41
67,620,9,387,98,0,0,0,0,0,0,0,0,0,43
68,608,9,387,99,0,0,0,0,0,0,0,0,0,43
69,844,9,369,99,0,0,0,0,0,0,0,0,0,41
70,860,9,360,100,0,0,0,0,0,0,0,0,0,40
71,880,9,351,100,0,0,0,0,0,0,0,0,0,39
72,868,9,324,100,0,0,0,0,0,0,0,0,0,36
73,708,9,324,100,0,0,0,0,0,0,0,0,0,36
74,740,9,288,100,0,0,0,0,0,0,0,0,0,32
75,1080,9,360,100,0,0,0,0,0,0,0,0,0,40
76,1044,9,369,100,0,0,0,0,0,0,0,0,0,41
77,1076,9,396,100,0,0,0,0,0,0,0,0,0,44
78,864,9,351,100,0,0,0,0,0,0,0,0,0,39
79,812,9,342,100,0,0,0,0,0,0,0,0,0,38
80,1208,9,378,100,0,0,0,0,0,0,0,0,0,42
81,1240,9,396,100,0,0,0,0,0,0,0,0,0,44
82,1124,9,369,100,0,0,0,0,0,0,0,0,0,41
83,1344,9,405,100,0,0,0,0,0,0,0,0,0,45
84,932,9,387,100,0,0,0,0,0,0,0,0,0,43
85,936,9,396,100,0,0,0,0,0,0,0,0,0,44
86,1184,9,441,100,0,0,0,0,0,0,0,0,0,49
87,1036,9,423,100,0,0,0,0,0,0,0,0,0,47
88,964,9,405,100,0,0,0,0,0,0,0,0,0,45
89,1020,9,432,100,0,0,0,0,0,0,0,0,0,48
90,1104,9,432,100,0,0,0,0,0,0,0,0,0,48
91,1100,9,423,100,0,0,0,0,0,0,0,0,0,47
92,1068,9,423,100,0,0,0,0,0,0,0,0,0,47
93,1260,9,441,100,0,0,0,0,0,0,0,0,0,49
94,1328,9,468,100,0,0,0,0,0,0,0,0,0,52
95,1208,9,432,100,0,0,0,0,0,0,0,0,0,48
96,1316,9,459,100,0,0,0,0,0,0,0,0,0,51
97,1224,9,450,100,0,0,0,0,0,0,0,0,0,50
98,1108,9,432,100,0,0,0,0,0,0,0,0,0,48
99,1360,9,459,100,0,0,0,0,0,0,0,0,0,51
100,1252,9,459,100,0,0,0,0,0,0,0,0,0,51
101,1172,9,423,100,0,0,0,0,0,0,0,0,0,47
102,1096,9,405,100,0,0,0,0,0,0,0,0,0,45
103,1240,9,441,100,0,0,0,0,0,0,0,0,0,49
104,1408,9,450,100,0,0,0,0,0,0,0,0,0,50
105,1276,9,432,100,0,0,0,0,0,0,0,0,0,48
106,1356,9,477,100,0,0,0,0,0,0,0,0,0,53
107,1316,9,486,100,0,0,0,0,0,0,0,0,0,54
108,1400,9,477,100,0,0,0,0,0,0,0,0,0,53
109,1416,9,477,100,0,0,0,0,0,0,0,0,0,53
110,1168,9,405,100,0,0,0,0,0,0,0,0,0,45
111,1344,9,432,100,0,0,0,0,0,0,0,0,0,48
112,1324,9,423,100,0,0,0,0,0,0,0,0,0,47
113,1204,9,432,100,0,0,0,0,0,0,0,0,0,48
114,1056,9,423,100,0,0,0,0,0,0,0,0,0,47
115,1176,9,468,100,0,0,0,0,0,0,0,0,0,52
116,1212,9,450,100,0,0,0,0,0,0,0,0,0,50
117,1364,9,477,100,0,0,0,0,0,0,0,0,0,53
118,936,9,423,100,0,0,0,0,0,0,0,0,0,47
119,1064,9,396,100,0,0,0,0,0,0,0,0,0,44
120,1240,9,396,100,0,0,0,0,0,0,0,0,0,44
121,1364,9,360,100,0,0,0,0,0,0,0,0,0,40
122,1280,9,405,100,0,0,0,0,0,0,0,0,0,45
123,1252,9,387,100,0,0,0,0,0,0,0,0,0,43
124,1316,9,414,100,0,0,0,0,0,0,0,0,0,46
125,1192,9,423,100,0,0,0,0,0,0,0,0,0,47
126,1376,9,450,100,0,0,0,0,0,0,0,0,0,50
127,1184,9,432,100,0,0,0,0,0,0,0,0,0,48
128,1444,9,405,100,0,0,0,0,0,0,0,0,0,45
129,1468,9,432,100,0,0,0,0,0,0,0,0,0,48
130,1340,9,441,100,0,0,0,0,0,0,0,0,0,49
131,1200,9,414,100,0,0,0,0,0,0,0,0,0,46
132,1388,9,432,100,0,0,0,0,0,0,0,0,0,48
133,1492,9,432,100,0,0,0,0,0,0,0,0,0,48
134,1472,9,432,100,0,0,0,0,0,0,0,0,0,48
135,1348,9,432,100,0,0,0,0,0,0,0,0,0,48
136,1172,9,405,100,0,0,0,0,0,0,0,0,0,45
137,1388,9,459,100,0,0,0,0,0,0,0,0,0,51
138,1200,9,450,100,0,0,0,0,0,0,0,0,0,50
139,1196,9,432,100,0,0,0,0,0,0,0,0,0,48
140,1232,9,441,100,0,0,0,0,0,0,0,0,0,49
141,1220,9,468,100,0,0,0,0,0,0,0,0,0,52
142,1444,9,477,100,0,0,0,0,0,0,0,0,0,53
143,1336,9,468,100,0,0,0,0,0,0,0,0,0,52
144,1248,9,477,100,0,0,0,0,0,0,0,0,0,53
145,1304,9,477,100,0,0,0,0,0,0,0,0,0,53
146,1432,9,441,100,0,0,0,0,0,0,0,0,0,49
147,1512,9,432,100,0,0,0,0,0,0,0,0,0,48
148,1316,9,450,100,0,0,0,0,0,0,0,0,0,50
149,1564,9,459,100,0,0,0,0,0,0,0,0,0,51
150,1568,9,459,100,0,0,0,0,0,0,0,0,0,51
151,1408,9,468,100,0,0,0,0,0,0,0,0,0,52
152,1248,9,414,100,0,0,0,0,0,0,0,0,0,46
153,1576,9,414,100,0,0,0,0,0,0,0,0,0,46
154,1608,9,432,100,0,0,0,0,0,0,0,0,0,48
155,1632,9,459,100,0,0,0,0,0,0,0,0,0,51
156,1412,9,468,100,0,0,0,0,0,0,0,0,0,52
157,1400,9,468,100,0,0,0,0,0,0,0,0,0,52
158,1344,9,441,100,0,0,0,0,0,0,0,0,0,49
159,1492,9,441,100,0,0,0,0,0,0,0,0,0,49
160,1324,9,432,100,0,0,0,0,0,0,0,0,0,48
161,1512,9,432,100,0,0,0,0,0,0,0,0,0,48
162,1448,9,414,100,0,0,0,0,0,0,0,0,0,46
163,1516,9,432,100,0,0,0,0,0,0,0,0,0,48
164,1248,9,450,100,0,0,0,0,0,0,0,0,0,50
165,888,9,351,100,0,0,0,0,0,0,0,0,0,39
166,1140,9,432,100,0,0,0,0,0,0,0,0,0,48
167,1060,9,432,100,0,0,0,0,0,0,0,0,0,48
168,1380,9,441,100,0,0,0,0,0,0,0,0,0,49
169,1396,9,459,100,0,0,0,0,0,0,0,0,0,51
170,1128,9,414,100,0,0,0,0,0,0,0,0,0,46
171,1440,9,441,100,0,0,0,0,0,0,0,0,0,49
172,1200,9,423,100,0,0,0,0,0,0,0,0,0,47
173,1292,9,405,100,0,0,0,0,0,0,0,0,0,45
174,1448,9,441,100,0,0,0,0,0,0,0,0,0,49
175,1400,9,441,100,0,0,0,0,0,0,0,0,0,49
176,1192,9,441,100,0,0,0,0,0,0,0,0,0,49
177,1228,9,459,100,0,0,0,0,0,0,0,0,0,51
178,1260,9,441,100,0,0,0,0,0,0,0,0,0,49
179,1256,9,432,100,0,0,0,0,0,0,0,0,0,48
180,1092,9,387,100,0,0,0,0,0,0,0,0,0,43
181,1464,9,441,100,0,0,0,0,0,0,0,0,0,49
182,1248,9,423,100,0,0,0,0,0,0,0,0,0,47
183,1060,9,405,100,0,0,0,0,0,0,0,0,0,45
184,1144,9,432,100,0,0,0,0,0,0,0,0,0,48
185,1144,9,405,100,0,0,0,0,0,0,0,0,0,45
186,1536,9,450,100,0,0,0,0,0,0,0,0,0,50
187,1260,9,405,100,0,0,0,0,0,0,0,0,0,45
188,1448,9,414,100,0,0,0,0,0,0,0,0,0,46
189,1600,9,450,100,0,0,0,0,0,0,0,0,0,50
190,1628,9,450,100,0,0,0,0,0,0,0,0,0,50
191,1396,9,432,100,0,0,0,0,0,0,0,0,0,48
192,1664,9,450,100,0,0,0,0,0,0,0,0,0,50
193,1844,9,441,100,0,0,0,0,0,0,0,0,0,49
194,1328,9,414,100,0,0,0,0,0,0,0,0,0,46
195,1688,9,441,100,0,0,0,0,0,0,0,0,0,49
196,1612,9,423,100,0,0,0,0,0,0,0,0,0,47
197,1804,9,477,100,0,0,0,0,0,0,0,0,0,53
198,1812,9,477,100,0,0,0,0,0,0,0,0,0,53
199,1820,9,432,100,0,0,0,0,0,0,0,0,0,48
200,1996,9,432,100,0,0,0,0,0,0,0,0,0,48
201,2104,9,432,100,0,0,0,0,0,0,0,0,0,48
202,1980,9,414,100,0,0,0,0,0,0,0,0,0,46
203,2172,9,414,100,0,0,0,0,0,0,0,0,0,46
204,2140,9,405,100,0,0,0,0,0,0,0,0,0,45
205,1148,9,378,100,0,0,0,0,0,0,0,0,0,42
206,1420,9,405,100,0,0,0,0,0,0,0,0,0,45
207,1408,9,423,100,0,0,0,0,0,0,0,0,0,47
208,1244,9,441,100,0,0,0,0,0,0,0,0,0,49
209,1540,9,441,100,0,0,0,0,0,0,0,0,0,49
210,2084,9,450,100,0,0,0,0,0,0,0,0,0,50
211,2200,9,432,100,0,0,0,0,0,0,0,0,0,48
212,2348,9,423,100,0,0,0,0,0,0,0,0,0,47
213,2200,9,441,100,0,0,0,0,0,0,0,0,0,49
214,2084,9,405,100,0,0,0,0,0,0,0,0,0,45
215,2352,9,441,100,0,0,0,0,0,0,0,0,0,49
216,1916,9,441,100,0,0,0,0,0,0,0,0,0,49
217,2304,9,450,100,0,0,0,0,0,0,0,0,0,50
218,1804,9,396,100,0,0,0,0,0,0,0,0,0,44
219,2228,9,441,100,0,0,0,0,0,0,0,0,0,49
220,2128,9,441,100,0,0,0,0,0,0,0,0,0,49
221,1908,9,387,100,0,0,0,0,0,0,0,0,0,43
222,1668,9,414,100,0,0,0,0,0,0,0,0,0,46
223,1800,9,414,100,0,0,0,0,0,0,0,0,0,46
224,2136,9,423,100,0,0,0,0,0,0,0,0,0,47
225,2480,9,432,100,0,0,0,0,0,0,0,0,0,48
226,2424,9,423,100,0,0,0,0,0,0,0,0,0,47
227,2668,9,432,100,0,0,0,0,0,0,0,0,0,48
228,2500,9,423,100,0,0,0,0,0,0,0,0,0,47
229,3028,9,441,100,0,0,0,0,0,0,0,0,0,49
230,2368,9,477,100,0,0,0,0,0,0,0,0,0,53
231,1804,9,387,100,0,0,0,0,0,0,0,0,0,43
232,1632,9,441,100,0,0,0,0,0,0,0,0,0,49
233,1708,9,468,100,0,0,0,0,0,0,0,0,0,52
234,1340,9,423,100,0,0,0,0,0,0,0,0,0,47
235,1636,9,459,100,0,0,0,0,0,0,0,0,0,51
236,1928,9,432,100,0,0,0,0,0,0,0,0,0,48
237,2132,9,396,100,0,0,0,0,0,0,0,0,0,44
238,2448,9,414,100,0,0,0,0,0,0,0,0,0,46
239,2192,9,387,100,0,0,0,0,0,0,0,0,0,43
240,2376,9,405,100,0,0,0,0,0,0,0,0,0,45
241,1512,9,387,100,0,0,0,0,0,0,0,0,0,43
242,2168,9,387,100,0,0,0,0,0,0,0,0,0,43
243,2608,9,405,100,0,0,0,0,0,0,0,0,0,45
244,3028,9,414,100,0,0,0,0,0,0,0,0,0,46
245,3536,9,387,100,0,0,0,0,0,0,0,0,0,43
246,3928,9,450,100,0,0,0,0,0,0,0,0,0,50
247,4256,9,423,100,0,0,0,0,0,0,0,0,0,47
248,2976,9,423,100,0,0,0,0,0,0,0,0,0,47
249,2560,9,423,100,0,0,0,0,0,0,0,0,0,47
250,2512,9,414,100,0,0,0,0,0,0,0,0,0,46
251,2532,9,414,100,0,0,0,0,0,0,0,0,0,46
252,2956,9,423,100,0,0,0,0,0,0,0,0,0,47
253,3212,9,450,100,0,0,0,0,0,0,0,0,0,50
254,2368,9,441,100,0,0,0,0,0,0,0,0,0,49
255,2528,9,441,100,0,0,0,0,0,0,0,0,0,49
256,2784,9,414,100,0,0,0,0,0,0,0,0,0,46
257,1708,9,414,100,0,0,0,0,0,0,0,0,0,46
258,1476,9,405,100,0,0,0,0,0,0,0,0,0,45
259,1700,9,378,100,0,0,0,0,0,0,0,0,0,42
260,1988,9,396,100,0,0,0,0,0,0,0,0,0,44
261,1848,9,369,100,0,0,0,0,0,0,0,0,0,41
262,1988,9,387,100,0,0,0,0,0,0,0,0,0,43
263,2164,9,378,100,0,0,0,0,0,0,0,0,0,42
264,1560,9,369,100,0,0,0,0,0,0,0,0,0,41
265,1288,9,387,100,0,0,0,0,0,0,0,0,0,43
266,1412,9,405,100,0,0,0,0,0,0,0,0,0,45
267,1340,9,450,100,0,0,0,0,0,0,0,0,0,50
268,1324,9,423,100,0,0,0,0,0,0,0,0,0,47
269,1584,9,432,100,0,0,0,0,0,0,0,0,0,48
270,1600,9,423,100,0,0,0,0,0,0,0,0,0,47
271,1304,9,414,100,0,0,0,0,0,0,0,0,0,46
272,1324,9,423,100,0,0,0,0,0,0,0,0,0,47
273,1224,9,414,100,0,0,0,0,0,0,0,0,0,46
274,1332,9,414,100,0,0,0,0,0,0,0,0,0,46
275,1296,9,432,100,0,0,0,0,0,0,0,0,0,48
276,1504,9,423,100,0,0,0,0,0,0,0,0,0,47
277,1244,9,423,100,0,0,0,0,0,0,0,0,0,47
278,1444,9,441,100,0,0,0,0,0,0,0,0,0,49
279,1528,9,441,100,0,0,0,0,0,0,0,0,0,49
280,1296,9,459,100,0,0,0,0,0,0,0,0,0,51
281,1436,9,486,100,0,0,0,0,0,0,0,0,0,54
282,1248,9,432,100,0,0,0,0,0,0,0,0,0,48
283,1368,9,450,100,0,0,0,0,0,0,0,0,0,50
284,1388,9,423,100,0,0,0,0,0,0,0,0,0,47
285,1512,9,468,100,0,0,0,0,0,0,0,0,0,52
286,1140,9,432,100,0,0,0,0,0,0,0,0,0,48
287,1240,9,396,100,0,0,0,0,0,0,0,0,0,44
288,1220,9,414,100,0,0,0,0,0,0,0,0,0,46
289,1140,9,405,100,0,0,0,0,0,0,0,0,0,45
290,1128,9,387,100,0,0,0,0,0,0,0,0,0,43
291,1264,9,441,100,0,0,0,0,0,0,0,0,0,49
292,1176,9,387,100,0,0,0,0,0,0,0,0,0,43
293,1332,9,405,100,0,0,0,0,0,0,0,0,0,45
294,1140,9,432,100,0,0,0,0,0,0,0,0,0,48
295,1328,9,450,100,0,0,0,0,0,0,0,0,0,50
296,1324,9,441,100,0,0,0,0,0,0,0,0,0,49
297,1392,9,450,100,0,0,0,0,0,0,0,0,0,50
298,1540,9,459,100,0,0,0,0,0,0,0,0,0,51
299,1652,9,459,100,0,0,0,0,0,0,0,0,0,51
300,1712,9,477,100,0,0,0,0,0,0,0,0,0,53
301,1280,9,432,100,0,0,0,0,0,0,0,0,0,48
302,1552,9,468,100,0,0,0,0,0,0,0,0,0,52
303,1468,9,486,100,0,0,0,0,0,0,0,0,0,54
304,1484,9,468,100,0,0,0,0,0,0,0,0,0,52
305,1156,9,468,100,0,0,0,0,0,0,0,0,0,52
306,1132,9,468,100,0,0,0,0,0,0,0,0,0,52
307,1564,9,477,100,0,0,0,0,0,0,0,0,0,53
308,1400,9,459,100,0,0,0,0,0,0,0,0,0,51
309,1364,9,432,100,0,0,0,0,0,0,0,0,0,48
310,1384,9,414,100,0,0,0,0,0,0,0,0,0,46
311,1512,9,450,100,0,0,0,0,0,0,0,0,0,50
312,1544,9,423,100,0,0,0,0,0,0,0,0,0,47
313,1612,9,441,100,0,0,0,0,0,0,0,0,0,49
314,1548,9,387,100,0,0,0,0,0,0,0,0,0,43
315,2040,9,432,100,0,0,0,0,0,0,0,0,0,48
316,1628,9,378,100,0,0,0,0,0,0,0,0,0,42
317,1480,9,450,100,0,0,0,0,0,0,0,0,0,50
318,1252,9,450,100,0,0,0,0,0,0,0,0,0,50
319,1508,9,459,100,0,0,0,0,0,0,0,0,0,51
320,1628,9,477,100,0,0,0,0,0,0,0,0,0,53
321,1484,9,459,100,0,0,0,0,0,0,0,0,0,51
322,1516,9,477,100,0,0,0,0,0,0,0,0,0,53
323,1368,9,468,100,0,0,0,0,0,0,0,0,0,52
324,1284,9,468,100,0,0,0,0,0,0,0,0,0,52
325,1340,9,486,100,0,0,0,0,0,0,0,0,0,54
326,1472,9,477,100,0,0,0,0,0,0,0,0,0,53
327,1528,9,432,100,0,0,0,0,0,0,0,0,0,48
328,1460,9,414,100,0,0,0,0,0,0,0,0,0,46
329,1364,9,405,100,0,0,0,0,0,0,0,0,0,45
330,1720,9,432,100,0,0,0,0,0,0,0,0,0,48
331,1444,9,432,100,0,0,0,0,0,0,0,0,0,48
332,1328,9,441,100,0,0,0,0,0,0,0,0,0,49
333,1432,9,441,100,0,0,0,0,0,0,0,0,0,49
334,1376,9,441,100,0,0,0,0,0,0,0,0,0,49
335,1220,9,396,100,0,0,0,0,0,0,0,0,0,44
336,1324,9,396,100,0,0,0,0,0,0,0,0,0,44
337,1520,9,405,100,0,0,0,0,0,0,0,0,0,45
338,1468,9,414,100,0,0,0,0,0,0,0,0,0,46
339,1300,9,423,100,0,0,0,0,0,0,0,0,0,47
340,1456,9,477,100,0,0,0,0,0,0,0,0,0,53
341,1468,9,459,100,0,0,0,0,0,0,0,0,0,51
342,1384,9,423,100,0,0,0,0,0,0,0,0,0,47
343,1260,9,459,100,0,0,0,0,0,0,0,0,0,51
344,1088,9,450,100,0,0,0,0,0,0,0,0,0,50
345,1072,9,423,100,0,0,0,0,0,0,0,0,0,47
346,1160,9,459,100,0,0,0,0,0,0,0,0,0,51
347,1156,9,432,100,0,0,0,0,0,0,0,0,0,48
348,1348,9,486,100,0,0,0,0,0,0,0,0,0,54
349,1320,9,486,100,0,0,0,0,0,0,0,0,0,54
350,1328,9,477,100,0,0,0,0,0,0,0,0,0,53
351,1396,9,504,100,0,0,0,0,0,0,0,0,0,56
352,1212,9,486,100,0,0,0,0,0,0,0,0,0,54
353,1384,9,459,100,0,0,0,0,0,0,0,0,0,51
354,1300,9,396,100,0,0,0,0,0,0,0,0,0,44
355,1176,9,432,100,0,0,0,0,0,0,0,0,0,48
356,1300,9,432,100,0,0,0,0,0,0,0,0,0,48
357,1224,9,486,100,0,0,0,0,0,0,0,0,0,54
358,1104,9,468,100,0,0,0,0,0,0,0,0,0,52
359,1436,9,513,100,0,0,0,0,0,0,0,0,0,57
360,1552,9,468,100,0,0,0,0,0,0,0,0,0,52
361,1320,9,450,100,0,0,0,0,0,0,0,0,0,50
362,1400,9,450,100,0,0,0,0,0,0,0,0,0,50
363,1616,9,432,100,0,0,0,0,0,0,0,0,0,48
364,1600,9,432,100,0,0,0,0,0,0,0,0,0,48
365,1536,9,432,100,0,0,0,0,0,0,0,0,0,48
366,1236,9,405,100,0,0,0,0,0,0,0,0,0,45
367,1500,9,459,100,0,0,0,0,0,0,0,0,0,51
368,1476,9,468,100,0,0,0,0,0,0,0,0,0,52
369,1484,9,459,100,0,0,0,0,0,0,0,0,0,51
370,1648,9,486,100,0,0,0,0,0,0,0,0,0,54
371,1668,9,477,100,0,0,0,0,0,0,0,0,0,53
372,1720,9,450,100,0,0,0,0,0,0,0,0,0,50
373,1804,9,450,100,0,0,0,0,0,0,0,0,0,50
374,1700,9,450,100,0,0,0,0,0,0,0,0,0,50
375,1504,9,414,100,0,0,0,0,0,0,0,0,0,46
376,1684,9,414,100,0,0,0,0,0,0,0,0,0,46
377,1356,9,423,100,0,0,0,0,0,0,0,0,0,47
378,1664,9,468,100,0,0,0,0,0,0,0,0,0,52
379,1396,9,486,100,0,0,0,0,0,0,0,0,0,54
380,1540,9,486,100,0,0,0,0,0,0,0,0,0,54
381,1376,9,486,100,0,0,0,0,0,0,0,0,0,54
382,1620,9,450,100,0,0,0,0,0,0,0,0,0,50
383,1564,9,495,100,0,0,0,0,0,0,0,0,0,55
384,1192,9,432,100,0,0,0,0,0,0,0,0,0,48
385,1540,9,468,100,0,0,0,0,0,0,0,0,0,52
386,1660,9,495,100,0,0,0,0,0,0,0,0,0,55
387,1228,9,423,100,0,0,0,0,0,0,0,0,0,47
388,1736,9,450,100,0,0,0,0,0,0,0,0,0,50
389,1688,9,486,100,0,0,0,0,0,0,0,0,0,54
390,1576,9,468,100,0,0,0,0,0,0,0,0,0,52
391,1432,9,459,100,0,0,0,0,0,0,0,0,0,51
392,1168,9,441,100,0,0,0,0,0,0,0,0,0,49
393,1328,9,459,100,0,0,0,0,0,0,0,0,0,51
394,1424,9,459,100,0,0,0,0,0,0,0,0,0,51
395,1292,9,423,100,0,0,0,0,0,0,0,0,0,47
396,1392,9,441,100,0,0,0,0,0,0,0,0,0,49
397,1448,9,441,100,0,0,0,0,0,0,0,0,0,49
398,1304,9,468,100,0,0,0,0,0,0,0,0,0,52
399,1324,9,441,100,0,0,0,0,0,0,0,0,0,49
400,1236,9,423,100,0,0,0,0,0,0,0,0,0,47
401,1300,9,432,100,0,0,0,0,0,0,0,0,0,48
402,1576,9,486,100,0,0,0,0,0,0,0,0,0,54
403,1384,9,468,100,0,0,0,0,0,0,0,0,0,52
404,1288,9,423,100,0,0,0,0,0,0,0,0,0,47
405,1484,9,468,100,0,0,0,0,0,0,0,0,0,52
406,1204,9,468,100,0,0,0,0,0,0,0,0,0,52
407,1116,9,459,100,0,0,0,0,0,0,0,0,0,51
408,1196,9,477,100,0,0,0,0,0,0,0,0,0,53
409,1324,9,468,100,0,0,0,0,0,0,0,0,0,52
410,1128,9,405,100,0,0,0,0,0,0,0,0,0,45
411,1156,9,423,100,0,0,0,0,0,0,0,0,0,47
412,1180,9,396,100,0,0,0,0,0,0,0,0,0,44
413,1008,9,378,100,0,0,0,0,0,0,0,0,0,42
414,1344,9,450,100,0,0,0,0,0,0,0,0,0,50
415,1436,9,414,100,0,0,0,0,0,0,0,0,0,46
416,1432,9,423,100,0,0,0,0,0,0,0,0,0,47
417,1616,9,441,100,0,0,0,0,0,0,0,0,0,49
418,1596,9,468,100,0,0,0,0,0,0,0,0,0,52
419,1796,9,468,100,0,0,0,0,0,0,0,0,0,52
420,1368,9,477,100,0,0,0,0,0,0,0,0,0,53
421,1596,9,513,100,0,0,0,0,0,0,0,0,0,57
422,1400,9,504,100,0,0,0,0,0,0,0,0,0,56
423,1200,9,468,100,0,0,0,0,0,0,0,0,0,52
424,1280,9,468,100,0,0,0,0,0,0,0,0,0,52
425,1216,9,477,100,0,0,0,0,0,0,0,0,0,53
426,1248,9,432,100,0,0,0,0,0,0,0,0,0,48
427,1208,9,405,100,0,0,0,0,0,0,0,0,0,45
428,1248,9,414,100,0,0,0,0,0,0,0,0,0,46
429,1356,9,459,100,0,0,0,0,0,0,0,0,0,51
430,1488,9,432,100,0,0,0,0,0,0,0,0,0,48
431,1532,9,450,100,0,0,0,0,0,0,0,0,0,50
432,1452,9,423,100,0,0,0,0,0,0,0,0,0,47
433,1264,9,405,100,0,0,0,0,0,0,0,0,0,45
434,1372,9,423,100,0,0,0,0,0,0,0,0,0,47
435,1476,9,450,100,0,0,0,0,0,0,0,0,0,50
436,1172,9,423,100,0,0,0,0,0,0,0,0,0,47
437,1148,9,432,100,0,0,0,0,0,0,0,0,0,48
438,1260,9,432,100,0,0,0,0,0,0,0,0,0,48
439,1352,9,441,100,0,0,0,0,0,0,0,0,0,49
440,1392,9,423,100,0,0,0,0,0,0,0,0,0,47
441,1648,9,414,100,0,0,0,0,0,0,0,0,0,46
442,1388,9,405,100,0,0,0,0,0,0,0,0,0,45
443,1456,9,405,100,0,0,0,0,0,0,0,0,0,45
444,1596,9,450,100,0,0,0,0,0,0,0,0,0,50
445,1216,9,423,100,0,0,0,0,0,0,0,0,0,47
446,1204,9,450,100,0,0,0,0,0,0,0,0,0,50
447,1456,9,441,100,0,0,0,0,0,0,0,0,0,49
448,1596,9,432,100,0,0,0,0,0,0,0,0,0,48
449,1508,9,441,100,0,0,0,0,0,0,0,0,0,49
450,1276,9,405,100,0,0,0,0,0,0,0,0,0,45
451,1340,9,423,100,0,0,0,0,0,0,0,0,0,47
452,1492,9,432,100,0,0,0,0,0,0,0,0,0,48
453,1152,9,378,100,0,0,0,0,0,0,0,0,0,42
454,1588,9,396,100,0,0,0,0,0,0,0,0,0,44
455,1988,9,459,100,0,0,0,0,0,0,0,0,0,51
456,1248,9,414,100,0,0,0,0,0,0,0,0,0,46
457,1460,9,450,100,0,0,0,0,0,0,0,0,0,50
458,1268,9,414,100,0,0,0,0,0,0,0,0,0,46
459,1468,9,414,100,0,0,0,0,0,0,0,0,0,46
460,1352,9,405,100,0,0,0,0,0,0,0,0,0,45
461,1404,9,432,100,0,0,0,0,0,0,0,0,0,48
462,1196,9,405,100,0,0,0,0,0,0,0,0,0,45
463,1464,9,468,100,0,0,0,0,0,0,0,0,0,52
464,1308,9,468,100,0,0,0,0,0,0,0,0,0,52
465,1148,9,459,100,0,0,0,0,0,0,0,0,0,51
466,1296,9,477,100,0,0,0,0,0,0,0,0,0,53
467,1280,9,486,100,0,0,0,0,0,0,0,0,0,54
468,1196,9,459,100,0,0,0,0,0,0,0,0,0,51
469,1224,9,432,100,0,0,0,0,0,0,0,0,0,48
470,1268,9,459,100,0,0,0,0,0,0,0,0,0,51
471,1328,9,423,100,0,0,0,0,0,0,0,0,0,47
472,1544,9,504,100,0,0,0,0,0,0,0,0,0,56
473,1404,9,468,100,0,0,0,0,0,0,0,0,0,52
474,1492,9,486,100,0,0,0,0,0,0,0,0,0,54
475,1492,9,477,100,0,0,0,0,0,0,0,0,0,53
476,1296,9,450,100,0,0,0,0,0,0,0,0,0,50
477,1488,9,450,100,0,0,0,0,0,0,0,0,0,50
478,1556,9,495,100,0,0,0,0,0,0,0,0,0,55
479,1524,9,477,100,0,0,0,0,0,0,0,0,0,53
480,1388,9,477,100,0,0,0,0,0,0,0,0,0,53
481,1224,9,441,100,0,0,0,0,0,0,0,0,0,49
482,1764,9,477,100,0,0,0,0,0,0,0,0,0,53
483,1636,9,459,100,0,0,0,0,0,0,0,0,0,51
484,1316,9,450,100,0,0,0,0,0,0,0,0,0,50
485,1252,9,468,100,0,0,0,0,0,0,0,0,0,52
486,1256,9,432,100,0,0,0,0,0,0,0,0,0,48
487,1428,9,441,100,0,0,0,0,0,0,0,0,0,49
488,1424,9,450,100,0,0,0,0,0,0,0,0,0,50
489,1212,9,414,100,0,0,0,0,0,0,0,0,0,46
490,1388,9,441,100,0,0,0,0,0,0,0,0,0,49
491,1548,9,459,100,0,0,0,0,0,0,0,0,0,51
492,1596,9,441,100,0,0,0,0,0,0,0,0,0,49
493,1112,9,405,100,0,0,0,0,0,0,0,0,0,45
494,1044,9,432,100,0,0,0,0,0,0,0,0,0,48
495,1384,9,432,100,0,0,0,0,0,0,0,0,0,48
496,1584,9,468,100,0,0,0,0,0,0,0,0,0,52
497,1472,9,477,100,0,0,0,0,0,0,0,0,0,53
498,1284,9,441,100,0,0,0,0,0,0,0,0,0,49
499,1560,9,441,100,0,0,0,0,0,0,0,0,0,49
500,1656,9,441,100,0,0,0,0,0,0,0,0,0,49
501,1436,9,405,100,0,0,0,0,0,0,0,0,0,45
502,1548,9,414,100,0,0,0,0,0,0,0,0,0,46
503,1644,9,414,100,0,0,0,0,0,0,0,0,0,46
504,1776,9,396,100,0,0,0,0,0,0,0,0,0,44
505,1800,9,414,100,0,0,0,0,0,0,0,0,0,46
506,1692,9,432,100,0,0,0,0,0,0,0,0,0,48
507,1960,9,432,100,0,0,0,0,0,0,0,0,0,48
508,1844,9,396,100,0,0,0,0,0,0,0,0,0,44
509,1920,9,405,100,0,0,0,0,0,0,0,0,0,45
510,1504,9,423,100,0,0,0,0,0,0,0,0,0,47
511,1720,9,468,100,0,0,0,0,0,0,0,0,0,52
512,1784,9,459,100,0,0,0,0,0,0,0,0,0,51
513,1876,9,432,100,0,0,0,0,0,0,0,0,0,48
514,1952,9,441,100,0,0,0,0,0,0,0,0,0,49
515,1972,9,396,100,0,0,0,0,0,0,0,0,0,44
516,1740,9,441,100,0,0,0,0,0,0,0,0,0,49
517,1512,9,414,100,0,0,0,0,0,0,0,0,0,46
518,1752,9,432,100,0,0,0,0,0,0,0,0,0,48
519,1332,9,432,100,0,0,0,0,0,0,0,0,0,48
520,1108,9,423,100,0,0,0,0,0,0,0,0,0,47
521,1244,9,450,100,0,0,0,0,0,0,0,0,0,50
522,1320,9,414,100,0,0,0,0,0,0,0,0,0,46
523,1208,9,387,100,0,0,0,0,0,0,0,0,0,43
524,1396,9,414,100,0,0,0,0,0,0,0,0,0,46
525,1620,9,414,100,0,0,0,0,0,0,0,0,0,46
526,1624,9,432,100,0,0,0,0,0,0,0,0,0,48
527,1480,9,441,100,0,0,0,0,0,0,0,0,0,49
528,1736,9,414,100,0,0,0,0,0,0,0,0,0,46
529,1760,9,441,100,0,0,0,0,0,0,0,0,0,49
530,1552,9,432,100,0,0,0,0,0,0,0,0,0,48
531,1528,9,450,100,0,0,0,0,0,0,0,0,0,50
532,1424,9,405,100,0,0,0,0,0,0,0,0,0,45
533,1700,9,459,100,0,0,0,0,0,0,0,0,0,51
534,1312,9,396,100,0,0,0,0,0,0,0,0,0,44
535,1424,9,387,100,0,0,0,0,0,0,0,0,0,43
536,1296,9,396,100,0,0,0,0,0,0,0,0,0,44
537,1336,9,423,100,0,0,0,0,0,0,0,0,0,47
538,1092,9,360,100,0,0,0,0,0,0,0,0,0,40
539,1284,9,387,100,0,0,0,0,0,0,0,0,0,43
540,1372,9,432,100,0,0,0,0,0,0,0,0,0,48
541,1104,9,414,100,0,0,0,0,0,0,0,0,0,46
542,1300,9,387,100,0,0,0,0,0,0,0,0,0,43
543,1500,9,405,100,0,0,0,0,0,0,0,0,0,45
544,1328,9,414,100,0,0,0,0,0,0,0,0,0,46
545,1552,9,468,100,0,0,0,0,0,0,0,0,0,52
546,1392,9,414,100,0,0,0,0,0,0,0,0,0,46
547,1136,9,423,100,0,0,0,0,0,0,0,0,0,47
548,1132,9,423,100,0,0,0,0,0,0,0,0,0,47
549,1384,9,477,100,0,0,0,0,0,0,0,0,0,53
550,1280,9,387,100,0,0,0,0,0,0,0,0,0,43
551,1432,9,459,100,0,0,0,0,0,0,0,0,0,51
552,1368,9,432,100,0,0,0,0,0,0,0,0,0,48
553,1468,9,441,100,0,0,0,0,0,0,0,0,0,49
554,1276,9,432,100,0,0,0,0,0,0,0,0,0,48
555,1368,9,423,100,0,0,0,0,0,0,0,0,0,47
556,1404,9,423,100,0,0,0,0,0,0,0,0,0,47
557,1692,9,432,100,0,0,0,0,0,0,0,0,0,48
558,1512,9,405,100,0,0,0,0,0,0,0,0,0,45
559,1504,9,414,100,0,0,0,0,0,0,0,0,0,46
560,1420,9,423,100,0,0,0,0,0,0,0,0,0,47
561,1096,9,423,100,0,0,0,0,0,0,0,0,0,47
562,1552,9,477,100,0,0,0,0,0,0,0,0,0,53
563,1276,9,459,100,0,0,0,0,0,0,0,0,0,51
564,1420,9,450,100,0,0,0,0,0,0,0,0,0,50
565,1308,9,432,100,0,0,0,0,0,0,0,0,0,48
566,1216,9,414,100,0,0,0,0,0,0,0,0,0,46
567,1364,9,414,100,0,0,0,0,0,0,0,0,0,46
568,1168,9,396,100,0,0,0,0,0,0,0,0,0,44
569,1448,9,441,100,0,0,0,0,0,0,0,0,0,49
570,1164,9,423,100,0,0,0,0,0,0,0,0,0,47
571,1328,9,405,100,0,0,0,0,0,0,0,0,0,45
572,1584,9,432,100,0,0,0,0,0,0,0,0,0,48
573,1864,9,468,100,0,0,0,0,0,0,0,0,0,52
574,1212,9,423,100,0,0,0,0,0,0,0,0,0,47
575,1272,9,450,100,0,0,0,0,0,0,0,0,0,50
576,1100,9,405,100,0,0,0,0,0,0,0,0,0,45
577,1228,9,450,100,0,0,0,0,0,0,0,0,0,50
578,1156,9,441,100,0,0,0,0,0,0,0,0,0,49
579,1372,9,432,100,0,0,0,0,0,0,0,0,0,48
580,1288,9,459,100,0,0,0,0,0,0,0,0,0,51
581,1176,9,432,100,0,0,0,0,0,0,0,0,0,48
582,1272,9,477,100,0,0,0,0,0,0,0,0,0,53
583,1220,9,423,100,0,0,0,0,0,0,0,0,0,47
584,1220,9,414,100,0,0,0,0,0,0,0,0,0,46
585,1380,9,459,100,0,0,0,0,0,0,0,0,0,51
586,1328,9,432,100,0,0,0,0,0,0,0,0,0,48
587,1316,9,414,100,0,0,0,0,0,0,0,0,0,46
588,1608,9,441,100,0,0,0,0,0,0,0,0,0,49
589,1852,9,432,100,0,0,0,0,0,0,0,0,0,48
590,1684,9,450,100,0,0,0,0,0,0,0,0,0,50
591,1216,9,459,100,0,0,0,0,0,0,0,0,0,51
592,1260,9,495,100,0,0,0,0,0,0,0,0,0,55
593,1196,9,486,100,0,0,0,0,0,0,0,0,0,54
594,1200,9,477,100,0,0,0,0,0,0,0,0,0,53
595,1424,9,441,100,0,0,0,0,0,0,0,0,0,49
596,1628,9,459,100,0,0,0,0,0,0,0,0,0,51
597,1192,9,441,100,0,0,0,0,0,0,0,0,0,49
598,1376,9,459,100,0,0,0,0,0,0,0,0,0,51
599,1372,9,450,100,0,0,0,0,0,0,0,0,0,50
600,1420,9,468,100,0,0,0,0,0,0,0,0,0,52
601,1636,9,459,100,0,0,0,0,0,0,0,0,0,51
602,1516,9,414,100,0,0,0,0,0,0,0,0,0,46
603,1776,9,450,100,0,0,0,0,0,0,0,0,0,50
604,2196,9,432,100,0,0,0,0,0,0,0,0,0,48
605,1508,9,387,100,0,0,0,0,0,0,0,0,0,43
606,1628,9,369,100,0,0,0,0,0,0,0,0,0,41
607,1488,9,414,100,0,0,0,0,0,0,0,0,0,46
608,1528,9,432,100,0,0,0,0,0,0,0,0,0,48
609,1304,9,441,100,0,0,0,0,0,0,0,0,0,49
610,1584,9,450,100,0,0,0,0,0,0,0,0,0,50
611,1608,9,450,100,0,0,0,0,0,0,0,0,0,50
612,1696,9,441,100,0,0,0,0,0,0,0,0,0,49
613,1876,9,414,100,0,0,0,0,0,0,0,0,0,46
614,2204,9,414,100,0,0,0,0,0,0,0,0,0,46
615,2448,9,441,100,0,0,0,0,0,0,0,0,0,49
616,2292,9,441,100,0,0,0,0,0,0,0,0,0,49
617,2540,9,432,100,0,0,0,0,0,0,0,0,0,48
618,2700,9,459,100,0,0,0,0,0,0,0,0,0,51
619,2080,9,441,100,0,0,0,0,0,0,0,0,0,49
620,2156,9,405,100,0,0,0,0,0,0,0,0,0,45
621,2040,9,432,100,0,0,0,0,0,0,0,0,0,48
622,2456,9,459,100,0,0,0,0,0,0,0,0,0,51
623,1592,9,432,100,0,0,0,0,0,0,0,0,0,48
624,1732,9,441,100,0,0,0,0,0,0,0,0,0,49
625,1720,9,441,100,0,0,0,0,0,0,0,0,0,49
626,1060,9,414,100,0,0,0,0,0,0,0,0,0,46
627,1452,9,459,100,0,0,0,0,0,0,0,0,0,51
628,1172,9,432,100,0,0,0,0,0,0,0,0,0,48
629,1448,9,450,100,0,0,0,0,0,0,0,0,0,50
630,1284,9,423,100,0,0,0,0,0,0,0,0,0,47
631,1216,9,405,100,0,0,0,0,0,0,0,0,0,45
632,1460,9,468,100,0,0,0,0,0,0,0,0,0,52
633,1300,9,441,100,0,0,0,0,0,0,0,0,0,49
634,1668,9,459,100,0,0,0,0,0,0,0,0,0,51
635,1388,9,441,100,0,0,0,0,0,0,0,0,0,49
636,1644,9,423,100,0,0,0,0,0,0,0,0,0,47
637,1312,9,432,100,0,0,0,0,0,0,0,0,0,48
638,1496,9,432,100,0,0,0,0,0,0,0,0,0,48
639,1552,9,477,100,0,0,0,0,0,0,0,0,0,53
640,1232,9,396,100,0,0,0,0,0,0,0,0,0,44
641,1356,9,405,100,0,0,0,0,0,0,0,0,0,45
642,1444,9,495,100,0,0,0,0,0,0,0,0,0,55
643,1380,9,486,100,0,0,0,0,0,0,0,0,0,54
644,1428,9,468,100,0,0,0,0,0,0,0,0,0,52
645,1192,9,459,100,0,0,0,0,0,0,0,0,0,51
646,1344,9,486,100,0,0,0,0,0,0,0,0,0,54
647,1336,9,513,100,0,0,0,0,0,0,0,0,0,57
648,1440,9,486,100,0,0,0,0,0,0,0,0,0,54
649,1448,9,468,100,0,0,0,0,0,0,0,0,0,52
650,1584,9,459,100,0,0,0,0,0,0,0,0,0,51
651,1360,9,414,100,0,0,0,0,0,0,0,0,0,46
652,1328,9,432,100,0,0,0,0,0,0,0,0,0,48
653,1184,9,396,100,0,0,0,0,0,0,0,0,0,44
654,1424,9,468,100,0,0,0,0,0,0,0,0,0,52
655,1364,9,459,100,0,0,0,0,0,0,0,0,0,51
656,1504,9,432,100,0,0,0,0,0,0,0,0,0,48
657,1432,9,450,100,0,0,0,0,0,0,0,0,0,50
658,1356,9,432,100,0,0,0,0,0,0,0,0,0,48
659,1412,9,441,100,0,0,0,0,0,0,0,0,0,49
660,1416,9,450,100,0,0,0,0,0,0,0,0,0,50
661,1648,9,441,100,0,0,0,0,0,0,0,0,0,49
662,1660,9,414,100,0,0,0,0,0,0,0,0,0,46
663,1868,9,486,100,0,0,0,0,0,0,0,0,0,54
664,1456,9,441,100,0,0,0,0,0,0,0,0,0,49
665,1328,9,423,100,0,0,0,0,0,0,0,0,0,47
666,1412,9,441,100,0,0,0,0,0,0,0,0,0,49
667,1424,9,450,100,0,0,0,0,0,0,0,0,0,50
668,1528,9,495,100,0,0,0,0,0,0,0,0,0,55
669,1428,9,504,100,0,0,0,0,0,0,0,0,0,56
670,1456,9,486,100,0,0,0,0,0,0,0,0,0,54
671,1360,9,477,100,0,0,0,0,0,0,0,0,0,53
672,1368,9,468,100,0,0,0,0,0,0,0,0,0,52
673,1260,9,441,100,0,0,0,0,0,0,0,0,0,49
674,1268,9,414,100,0,0,0,0,0,0,0,0,0,46
675,1300,9,432,100,0,0,0,0,0,0,0,0,0,48
676,1124,9,414,100,0,0,0,0,0,0,0,0,0,46
677,1072,9,396,100,0,0,0,0,0,0,0,0,0,44
678,1120,9,414,100,0,0,0,0,0,0,0,0,0,46
679,1124,9,405,100,0,0,0,0,0,0,0,0,0,45
680,1420,9,414,100,0,0,0,0,0,0,0,0,0,46
681,1348,9,432,100,0,0,0,0,0,0,0,0,0,48
682,1312,9,414,100,0,0,0,0,0,0,0,0,0,46
683,1480,9,486,100,0,0,0,0,0,0,0,0,0,54
684,1480,9,468,100,0,0,0,0,0,0,0,0,0,52
685,1344,9,432,100,0,0,0,0,0,0,0,0,0,48
686,1176,9,423,100,0,0,0,0,0,0,0,0,0,47
687,1420,9,450,100,0,0,0,0,0,0,0,0,0,50
688,1204,9,450,100,0,0,0,0,0,0,0,0,0,50
689,1216,9,387,100,0,0,0,0,0,0,0,0,0,43
690,1252,9,423,100,0,0,0,0,0,0,0,0,0,47
691,1224,9,459,100,0,0,0,0,0,0,0,0,0,51
692,1208,9,477,100,0,0,0,0,0,0,0,0,0,53
693,1128,9,450,100,0,0,0,0,0,0,0,0,0,50
694,948,9,423,100,0,0,0,0,0,0,0,0,0,47
695,1168,9,441,100,0,0,0,0,0,0,0,0,0,49
696,1220,9,468,100,0,0,0,0,0,0,0,0,0,52
697,944,9,459,100,0,0,0,0,0,0,0,0,0,51
698,1344,9,513,100,0,0,0,0,0,0,0,0,0,57
699,1380,9,450,100,0,0,0,0,0,0,0,0,0,50
700,1664,9,486,100,0,0,0,0,0,0,0,0,0,54
701,1824,9,459,100,0,0,0,0,0,0,0,0,0,51
702,1964,9,504,100,0,0,0,0,0,0,0,0,0,56
703,1664,9,450,100,0,0,0,0,0,0,0,0,0,50
704,1188,9,432,100,0,0,0,0,0,0,0,0,0,48
705,1144,9,423,100,0,0,0,0,0,0,0,0,0,47
706,1340,9,441,100,0,0,0,0,0,0,0,0,0,49
707,1280,9,441,100,0,0,0,0,0,0,0,0,0,49
708,1304,9,459,100,0,0,0,0,0,0,0,0,0,51
709,1224,9,450,100,0,0,0,0,0,0,0,0,0,50
710,928,9,405,100,0,0,0,0,0,0,0,0,0,45
711,972,9,450,100,0,0,0,0,0,0,0,0,0,50
712,780,9,432,100,0,0,0,0,0,0,0,0,0,48
713,820,9,414,100,0,0,0,0,0,0,0,0,0,46
714,1056,9,423,100,0,0,0,0,0,0,0,0,0,47
715,1336,9,432,100,0,0,0,0,0,0,0,0,0,48
716,996,9,378,100,0,0,0,0,0,0,0,0,0,42
717,1476,9,405,100,0,0,0,0,0,0,0,0,0,45
718,1504,9,405,100,0,0,0,0,0,0,0,0,0,45
719,1948,9,414,100,0,0,0,0,0,0,0,0,0,46
720,2292,9,414,100,0,0,0,0,0,0,0,0,0,46
721,1128,9,378,100,0,0,0,0,0,0,0,0,0,42
722,1236,9,423,100,0,0,0,0,0,0,0,0,0,47
723,1344,9,405,100,0,0,0,0,0,0,0,0,0,45
724,1460,9,405,100,0,0,0,0,0,0,0,0,0,45
725,1592,9,423,100,0,0,0,0,0,0,0,0,0,47
726,1356,9,423,100,0,0,0,0,0,0,0,0,0,47
727,1456,9,459,100,0,0,0,0,0,0,0,0,0,51
728,1432,9,432,100,0,0,0,0,0,0,0,0,0,48
729,1656,9,468,100,0,0,0,0,0,0,0,0,0,52
730,1488,9,414,100,0,0,0,0,0,0,0,0,0,46
731,1572,9,450,100,0,0,0,0,0,0,0,0,0,50
732,1536,9,459,100,0,0,0,0,0,0,0,0,0,51
733,1340,9,423,100,0,0,0,0,0,0,0,0,0,47
734,1632,9,450,100,0,0,0,0,0,0,0,0,0,50
735,1524,9,459,100,0,0,0,0,0,0,0,0,0,51
736,1460,9,441,100,0,0,0,0,0,0,0,0,0,49
737,1472,9,441,100,0,0,0,0,0,0,0,0,0,49
738,1276,9,423,100,0,0,0,0,0,0,0,0,0,47
739,1356,9,432,100,0,0,0,0,0,0,0,0,0,48
740,1352,9,450,100,0,0,0,0,0,0,0,0,0,50
741,1360,9,450,100,0,0,0,0,0,0,0,0,0,50
742,1212,9,423,100,0,0,0,0,0,0,0,0,0,47
743,1152,9,423,100,0,0,0,0,0,0,0,0,0,47
744,1180,9,432,100,0,0,0,0,0,0,0,0,0,48
745,1252,9,450,100,0,0,0,0,0,0,0,0,0,50
746,1240,9,432,100,0,0,0,0,0,0,0,0,0,48
747,1044,9,378,100,0,0,0,0,0,0,0,0,0,42
748,1404,9,405,100,0,0,0,0,0,0,0,0,0,45
749,1220,9,414,100,0,0,0,0,0,0,0,0,0,46
750,1448,9,396,100,0,0,0,0,0,0,0,0,0,44
751,1512,9,450,100,0,0,0,0,0,0,0,0,0,50
752,1500,9,459,100,0,0,0,0,0,0,0,0,0,51
753,1348,9,423,100,0,0,0,0,0,0,0,0,0,47
754,1476,9,441,100,0,0,0,0,0,0,0,0,0,49
755,1580,9,423,100,0,0,0,0,0,0,0,0,0,47
756,1564,9,432,100,0,0,0,0,0,0,0,0,0,48
757,1628,9,414,100,0,0,0,0,0,0,0,0,0,46
758,1248,9,369,100,0,0,0,0,0,0,0,0,0,41
759,1344,9,396,100,0,0,0,0,0,0,0,0,0,44
760,1088,9,387,100,0,0,0,0,0,0,0,0,0,43
761,1140,9,387,100,0,0,0,0,0,0,0,0,0,43
762,1012,9,396,100,0,0,0,0,0,0,0,0,0,44
763,1288,9,405,100,0,0,0,0,0,0,0,0,0,45
764,1280,9,441,100,0,0,0,0,0,0,0,0,0,49
765,1392,9,450,100,0,0,0,0,0,0,0,0,0,50
766,1260,9,405,100,0,0,0,0,0,0,0,0,0,45
767,1384,9,387,100,0,0,0,0,0,0,0,0,0,43
768,1452,9,423,100,0,0,0,0,0,0,0,0,0,47
769,1276,9,387,100,0,0,0,0,0,0,0,0,0,43
770,1308,9,405,100,0,0,0,0,0,0,0,0,0,45
771,1400,9,450,100,0,0,0,0,0,0,0,0,0,50
772,1488,9,423,100,0,0,0,0,0,0,0,0,0,47
773,1196,9,396,100,0,0,0,0,0,0,0,0,0,44
774,1100,9,396,100,0,0,0,0,0,0,0,0,0,44
775,1204,9,450,100,0,0,0,0,0,0,0,0,0,50
776,1424,9,459,100,0,0,0,0,0,0,0,0,0,51
777,1428,9,468,100,0,0,0,0,0,0,0,0,0,52
778,1560,9,468,100,0,0,0,0,0,0,0,0,0,52
779,1548,9,432,100,0,0,0,0,0,0,0,0,0,48
780,1728,9,432,100,0,0,0,0,0,0,0,0,0,48
781,1520,9,414,100,0,0,0,0,0,0,0,0,0,46
782,1616,9,405,100,0,0,0,0,0,0,0,0,0,45
783,1844,9,477,100,0,0,0,0,0,0,0,0,0,53
784,1412,9,504,100,0,0,0,0,0,0,0,0,0,56
785,1268,9,450,100,0,0,0,0,0,0,0,0,0,50
786,1576,9,468,100,0,0,0,0,0,0,0,0,0,52
787,1412,9,441,100,0,0,0,0,0,0,0,0,0,49
788,1396,9,396,100,0,0,0,0,0,0,0,0,0,44
789,1384,9,387,100,0,0,0,0,0,0,0,0,0,43
790,1464,9,450,100,0,0,0,0,0,0,0,0,0,50
791,1552,9,441,100,0,0,0,0,0,0,0,0,0,49
792,1532,9,477,100,0,0,0,0,0,0,0,0,0,53
793,1864,9,468,100,0,0,0,0,0,0,0,0,0,52
794,1724,9,459,100,0,0,0,0,0,0,0,0,0,51
795,1484,9,459,100,0,0,0,0,0,0,0,0,0,51
796,1496,9,468,100,0,0,0,0,0,0,0,0,0,52
797,1188,9,414,100,0,0,0,0,0,0,0,0,0,46
798,1072,9,396,100,0,0,0,0,0,0,0,0,0,44
799,1100,9,441,100,0,0,0,0,0,0,0,0,0,49
800,1320,9,477,100,0,0,0,0,0,0,0,0,0,53
801,1436,9,504,100,0,0,0,0,0,0,0,0,0,56
802,1260,9,441,100,0,0,0,0,0,0,0,0,0,49
803,1476,9,432,100,0,0,0,0,0,0,0,0,0,48
804,1644,9,432,100,0,0,0,0,0,0,0,0,0,48
805,1432,9,432,100,0,0,0,0,0,0,0,0,0,48
806,1460,9,432,100,0,0,0,0,0,0,0,0,0,48
807,1544,9,468,100,0,0,0,0,0,0,0,0,0,52
808,1516,9,459,100,0,0,0,0,0,0,0,0,0,51
809,1276,9,504,100,0,0,0,0,0,0,0,0,0,56
810,1232,9,468,100,0,0,0,0,0,0,0,0,0,52
811,1036,9,504,100,0,0,0,0,0,0,0,0,0,56
812,1092,9,477,100,0,0,0,0,0,0,0,0,0,53
813,1216,9,450,100,0,0,0,0,0,0,0,0,0,50
814,1288,9,468,100,0,0,0,0,0,0,0,0,0,52
815,1328,9,423,100,0,0,0,0,0,0,0,0,0,47
816,1452,9,432,100,0,0,0,0,0,0,0,0,0,48
817,1696,9,423,100,0,0,0,0,0,0,0,0,0,47
818,1520,9,414,100,0,0,0,0,0,0,0,0,0,46
819,1664,9,477,100,0,0,0,0,0,0,0,0,0,53
820,1472,9,432,100,0,0,0,0,0,0,0,0,0,48
821,1788,9,450,100,0,0,0,0,0,0,0,0,0,50
822,1600,9,486,100,0,0,0,0,0,0,0,0,0,54
823,1220,9,432,100,0,0,0,0,0,0,0,0,0,48
824,1460,9,450,100,0,0,0,0,0,0,0,0,0,50
825,1492,9,441,100,0,0,0,0,0,0,0,0,0,49
826,1460,9,414,100,0,0,0,0,0,0,0,0,0,46
827,1592,9,450,100,0,0,0,0,0,0,0,0,0,50
828,1636,9,414,100,0,0,0,0,0,0,0,0,0,46
829,1600,9,432,100,0,0,0,0,0,0,0,0,0,48
830,1476,9,441,100,0,0,0,0,0,0,0,0,0,49
831,1496,9,414,100,0,0,0,0,0,0,0,0,0,46
832,1568,9,450,100,0,0,0,0,0,0,0,0,0,50
833,1460,9,405,100,0,0,0,0,0,0,0,0,0,45
834,1504,9,423,100,0,0,0,0,0,0,0,0,0,47
835,1372,9,423,100,0,0,0,0,0,0,0,0,0,47
836,1372,9,432,100,0,0,0,0,0,0,0,0,0,48
837,1412,9,414,100,0,0,0,0,0,0,0,0,0,46
838,1744,9,468,100,0,0,0,0,0,0,0,0,0,52
839,1380,9,378,100,0,0,0,0,0,0,0,0,0,42
840,1804,9,423,100,0,0,0,0,0,0,0,0,0,47
841,1672,9,405,100,0,0,0,0,0,0,0,0,0,45
842,1504,9,360,100,0,0,0,0,0,0,0,0,0,40
843,1632,9,360,100,0,0,0,0,0,0,0,0,0,40
844,1724,9,423,100,0,0,0,0,0,0,0,0,0,47
845,1620,9,432,100,0,0,0,0,0,0,0,0,0,48
846,1548,9,423,100,0,0,0,0,0,0,0,0,0,47
847,1496,9,396,100,0,0,0,0,0,0,0,0,0,44
848,1544,9,441,100,0,0,0,0,0,0,0,0,0,49
849,1604,9,441,100,0,0,0,0,0,0,0,0,0,49
850,1764,9,396,100,0,0,0,0,0,0,0,0,0,44
851,1668,9,450,100,0,0,0,0,0,0,0,0,0,50
852,1568,9,387,100,0,0,0,0,0,0,0,0,0,43
853,1504,9,414,100,0,0,0,0,0,0,0,0,0,46
854,1652,9,405,100,0,0,0,0,0,0,0,0,0,45
855,1644,9,432,100,0,0,0,0,0,0,0,0,0,48
856,1740,9,432,100,0,0,0,0,0,0,0,0,0,48
857,1396,9,432,100,0,0,0,0,0,0,0,0,0,48
858,1760,9,459,100,0,0,0,0,0,0,0,0,0,51
859,1424,9,441,100,0,0,0,0,0,0,0,0,0,49
860,1292,9,441,100,0,0,0,0,0,0,0,0,0,49
861,1020,9,423,100,0,0,0,0,0,0,0,0,0,47
862,1120,9,396,100,0,0,0,0,0,0,0,0,0,44
863,1176,9,387,100,0,0,0,0,0,0,0,0,0,43
864,1420,9,414,100,0,0,0,0,0,0,0,0,0,46
865,1184,9,432,100,0,0,0,0,0,0,0,0,0,48
866,1376,9,441,100,0,0,0,0,0,0,0,0,0,49
867,1388,9,423,100,0,0,0,0,0,0,0,0,0,47
868,1480,9,432,100,0,0,0,0,0,0,0,0,0,48
869,1688,9,468,100,0,0,0,0,0,0,0,0,0,52
870,1572,9,504,100,0,0,0,0,0,0,0,0,0,56
871,1808,9,459,100,0,0,0,0,0,0,0,0,0,51
872,1756,9,441,100,0,0,0,0,0,0,0,0,0,49
873,1896,9,423,100,0,0,0,0,0,0,0,0,0,47
874,1344,9,432,100,0,0,0,0,0,0,0,0,0,48
875,1244,9,432,100,0,0,0,0,0,0,0,0,0,48
876,1524,9,441,100,0,0,0,0,0,0,0,0,0,49
877,1388,9,432,100,0,0,0,0,0,0,0,0,0,48
878,1284,9,423,100,0,0,0,0,0,0,0,0,0,47
879,1256,9,441,100,0,0,0,0,0,0,0,0,0,49
880,1212,9,450,100,0,0,0,0,0,0,0,0,0,50
881,1120,9,441,100,0,0,0,0,0,0,0,0,0,49
882,1268,9,441,100,0,0,0,0,0,0,0,0,0,49
883,1164,9,423,100,0,0,0,0,0,0,0,0,0,47
884,1104,9,423,100,0,0,0,0,0,0,0,0,0,47
885,1244,9,432,100,0,0,0,0,0,0,0,0,0,48
886,948,9,423,100,0,0,0,0,0,0,0,0,0,47
887,1120,9,432,100,0,0,0,0,0,0,0,0,0,48
888,1368,9,441,100,0,0,0,0,0,0,0,0,0,49
889,1052,9,405,100,0,0,0,0,0,0,0,0,0,45
890,1312,9,405,100,0,0,0,0,0,0,0,0,0,45
891,1556,9,432,100,0,0,0,0,0,0,0,0,0,48
892,1408,9,396,100,0,0,0,0,0,0,0,0,0,44
893,1396,9,423,100,0,0,0,0,0,0,0,0,0,47
894,1444,9,441,100,0,0,0,0,0,0,0,0,0,49
895,1468,9,459,100,0,0,0,0,0,0,0,0,0,51
896,1388,9,468,100,0,0,0,0,0,0,0,0,0,52
897,1724,9,450,100,0,0,0,0,0,0,0,0,0,50
898,1548,9,387,100,0,0,0,0,0,0,0,0,0,43
899,1752,9,441,100,0,0,0,0,0,0,0,0,0,49
900,1996,9,423,100,0,0,0,0,0,0,0,0,0,47
901,2296,9,441,100,0,0,0,0,0,0,0,0,0,49
902,2044,9,423,100,0,0,0,0,0,0,0,0,0,47
903,1556,9,432,100,0,0,0,0,0,0,0,0,0,48
904,1560,9,432,100,0,0,0,0,0,0,0,0,0,48
905,1636,9,468,100,0,0,0,0,0,0,0,0,0,52
906,1712,9,468,100,0,0,0,0,0,0,0,0,0,52
907,1792,9,441,100,0,0,0,0,0,0,0,0,0,49
908,2084,9,441,100,0,0,0,0,0,0,0,0,0,49
909,1124,9,360,100,0,0,0,0,0,0,0,0,0,40
910,1032,9,396,100,0,0,0,0,0,0,0,0,0,44
911,1288,9,450,100,0,0,0,0,0,0,0,0,0,50
912,1728,9,441,100,0,0,0,0,0,0,0,0,0,49
913,1544,9,432,100,0,0,0,0,0,0,0,0,0,48
914,1488,9,423,100,0,0,0,0,0,0,0,0,0,47
915,1620,9,414,100,0,0,0,0,0,0,0,0,0,46
916,1640,9,414,100,0,0,0,0,0,0,0,0,0,46
917,1936,9,441,100,0,0,0,0,0,0,0,0,0,49
918,1432,9,459,100,0,0,0,0,0,0,0,0,0,51
919,1388,9,450,100,0,0,0,0,0,0,0,0,0,50
920,1504,9,477,100,0,0,0,0,0,0,0,0,0,53
921,1572,9,468,100,0,0,0,0,0,0,0,0,0,52
922,1196,9,441,100,0,0,0,0,0,0,0,0,0,49
923,1532,9,396,100,0,0,0,0,0,0,0,0,0,44
924,1268,9,450,100,0,0,0,0,0,0,0,0,0,50
925,1088,9,432,100,0,0,0,0,0,0,0,0,0,48
926,1220,9,441,100,0,0,0,0,0,0,0,0,0,49
927,1496,9,459,100,0,0,0,0,0,0,0,0,0,51
928,1284,9,405,100,0,0,0,0,0,0,0,0,0,45
929,1328,9,459,100,0,0,0,0,0,0,0,0,0,51
930,1244,9,414,100,0,0,0,0,0,0,0,0,0,46
931,1464,9,486,100,0,0,0,0,0,0,0,0,0,54
932,1320,9,459,100,0,0,0,0,0,0,0,0,0,51
933,1536,9,486,100,0,0,0,0,0,0,0,0,0,54
934,1216,9,468,100,0,0,0,0,0,0,0,0,0,52
935,1272,9,441,100,0,0,0,0,0,0,0,0,0,49
936,1160,9,441,100,0,0,0,0,0,0,0,0,0,49
937,1432,9,459,100,0,0,0,0,0,0,0,0,0,51
938,1332,9,414,100,0,0,0,0,0,0,0,0,0,46
939,1636,9,432,100,0,0,0,0,0,0,0,0,0,48
940,1828,9,459,100,0,0,0,0,0,0,0,0,0,51
941,1684,9,414,100,0,0,0,0,0,0,0,0,0,46
942,1764,9,423,100,0,0,0,0,0,0,0,0,0,47
943,1732,9,423,100,0,0,0,0,0,0,0,0,0,47
944,1756,9,414,100,0,0,0,0,0,0,0,0,0,46
945,1924,9,450,100,0,0,0,0,0,0,0,0,0,50
946,1696,9,459,100,0,0,0,0,0,0,0,0,0,51
947,1844,9,450,100,0,0,0,0,0,0,0,0,0,50
948,2092,9,477,100,0,0,0,0,0,0,0,0,0,53
949,1880,9,432,100,0,0,0,0,0,0,0,0,0,48
950,2012,9,441,100,0,0,0,0,0,0,0,0,0,49
951,1468,9,432,100,0,0,0,0,0,0,0,0,0,48
952,1352,9,441,100,0,0,0,0,0,0,0,0,0,49
953,1524,9,468,100,0,0,0,0,0,0,0,0,0,52
954,1468,9,468,100,0,0,0,0,0,0,0,0,0,52
955,1324,9,423,100,0,0,0,0,0,0,0,0,0,47
956,1384,9,423,100,0,0,0,0,0,0,0,0,0,47
957,1420,9,423,100,0,0,0,0,0,0,0,0,0,47
958,1260,9,396,100,0,0,0,0,0,0,0,0,0,44
959,1352,9,405,100,0,0,0,0,0,0,0,0,0,45
960,1300,9,441,100,0,0,0,0,0,0,0,0,0,49
961,1272,9,459,100,0,0,0,0,0,0,0,0,0,51
962,1176,9,450,100,0,0,0,0,0,0,0,0,0,50
963,1292,9,486,100,0,0,0,0,0,0,0,0,0,54
964,1312,9,468,100,0,0,0,0,0,0,0,0,0,52
965,1156,9,468,100,0,0,0,0,0,0,0,0,0,52
966,1540,9,477,100,0,0,0,0,0,0,0,0,0,53
967,1584,9,459,100,0,0,0,0,0,0,0,0,0,51
968,1488,9,495,100,0,0,0,0,0,0,0,0,0,55
969,1472,9,468,100,0,0,0,0,0,0,0,0,0,52
970,1660,9,486,100,0,0,0,0,0,0,0,0,0,54
971,1444,9,441,100,0,0,0,0,0,0,0,0,0,49
972,1748,9,477,100,0,0,0,0,0,0,0,0,0,53
973,1208,9,432,100,0,0,0,0,0,0,0,0,0,48
974,1204,9,414,100,0,0,0,0,0,0,0,0,0,46
975,1316,9,450,100,0,0,0,0,0,0,0,0,0,50
976,1576,9,522,100,0,0,0,0,0,0,0,0,0,58
977,1172,9,459,100,0,0,0,0,0,0,0,0,0,51
978,1492,9,495,100,0,0,0,0,0,0,0,0,0,55
979,1596,9,486,100,0,0,0,0,0,0,0,0,0,54
980,1520,9,468,100,0,0,0,0,0,0,0,0,0,52
981,1484,9,423,100,0,0,0,0,0,0,0,0,0,47
982,1508,9,414,100,0,0,0,0,0,0,0,0,0,46
983,1212,9,450,100,0,0,0,0,0,0,0,0,0,50
984,1216,9,477,100,0,0,0,0,0,0,0,0,0,53
985,1208,9,477,100,0,0,0,0,0,0,0,0,0,53
986,1344,9,513,100,0,0,0,0,0,0,0,0,0,57
987,1328,9,495,100,0,0,0,0,0,0,0,0,0,55
988,980,9,441,100,0,0,0,0,0,0,0,0,0,49
989,1364,9,450,100,0,0,0,0,0,0,0,0,0,50
990,1540,9,423,100,0,0,0,0,0,0,0,0,0,47
991,1428,9,405,100,0,0,0,0,0,0,0,0,0,45
992,1656,9,450,100,0,0,0,0,0,0,0,0,0,50
993,1288,9,468,100,0,0,0,0,0,0,0,0,0,52
994,1000,9,486,100,0,0,0,0,0,0,0,0,0,54
995,1224,9,468,100,0,0,0,0,0,0,0,0,0,52
996,1220,9,459,100,0,0,0,0,0,0,0,0,0,51
997,1148,9,441,100,0,0,0,0,0,0,0,0,0,49
998,1324,9,459,100,0,0,0,0,0,0,0,0,0,51
999,1244,9,459,100,0,0,0,0,0,0,0,0,0,51
